BEGIN_LIST
0.1
0.09991
0.09982
0.0997302
0.0996404
0.0995507
0.0994611
0.0993715
0.099282
0.0991925
0.0991031
0.0990135
0.0989233
0.0988318
0.0987367
0.0986324
0.0985047
0.098318
0.0979823
0.0972707
0.0956111
0.0902195
0.094383
0.0851038
0.0931689
0.080253
0.0919686
0.0756563
0.0907821
0.071303
0.0896092
0.0671824
0.0884497
0.0632842
0.0873037
0.0595981
0.0861709
0.0561143
0.0850514
0.0528233
0.0839448
0.0497158
0.0828513
0.0467832
0.0817705
0.0440175
0.0807025
0.0414118
0.079647
0.0389613
0.0786041
0.0366651
0.0775735
0.0345299
0.0765552
0.032578
0.0755469
0.030864
0.074461
0.0295089
0.0694897
0.0295086
0.0307146
0.0266428
0.0670993
0.065777
0.0295084
0.0316137
0.0256853
0.0647889
0.062241
0.0295082
0.0323223
0.0257567
0.0625559
0.0588758
0.0295079
0.032913
0.0263959
0.0603978
0.0556751
0.0295077
0.0334316
0.0273618
0.0583123
0.0526329
0.0295074
0.0339066
0.028529
0.056297
0.0497429
0.0295072
0.034356
0.029833
0.0543496
0.046999
0.029507
0.034791
0.0312413
0.0524678
0.0443953
0.0295067
0.0352188
0.0327379
0.0506492
0.0419258
0.0295065
0.0356439
0.0343162
0.0488912
0.0395844
0.0295062
0.036069
0.0359739
0.0471908
0.0373655
0.029506
0.0364959
0.0377114
0.0455438
0.0352632
0.0295058
0.0369258
0.0395305
0.0439442
0.0332713
0.0295055
0.0373595
0.0414336
0.0423817
0.0313831
0.0295053
0.0377973
0.0434237
0.0408371
0.0295908
0.029505
0.0382396
0.045504
0.0392744
0.0278834
0.0295048
0.0386867
0.047678
0.0376227
0.0262436
0.0295045
0.0391386
0.0499491
0.0357411
0.024641
0.0295106
0.0395955
0.052321
0.0333487
0.0230177
0.0289338
0.0400576
0.0547974
0.0298822
0.0212583
0.0277776
0.028728
0.0332038
0.0498255
0.0319913
0.0565212
0.0292927
0.0267834
0.0212582
0.0204997
0.0266649
0.0285238
0.0274742
0.0549792
0.0264102
0.0582931
0.0286918
0.0239893
0.0212581
0.0203822
0.0255943
0.0283209
0.0227
0.0582182
0.0226077
0.0601148
0.0280787
0.0214732
0.021258
0.0204518
0.0245644
0.0281195
0.0187326
0.0606808
0.0200798
0.0619879
0.0274529
0.0192103
0.0212579
0.0205765
0.0235739
0.0279195
0.015443
0.0628476
0.0184677
0.0639138
0.0268136
0.0171771
0.0212578
0.020718
0.0226213
0.0277209
0.0127206
0.0649219
0.0175164
0.0658938
0.0261603
0.0153522
0.0212577
0.020865
0.0217055
0.0275237
0.0104708
0.0669902
0.0170444
0.0679293
0.025492
0.0137156
0.0212576
0.0210145
0.020825
0.0273279
0.00861412
0.0690899
0.0169231
0.0700216
0.024808
0.0122491
0.0212575
0.0211654
0.0199788
0.0271334
0.00708333
0.0712373
0.0170612
0.0721718
0.0241076
0.0109358
0.0212574
0.0213175
0.0191655
0.0269404
0.00582234
0.0734402
0.0173944
0.0743813
0.0233899
0.0097605
0.0212573
0.0214708
0.0183839
0.0267486
0.00478432
0.0757026
0.0178772
0.0766513
0.022654
0.00870925
0.0212572
0.0216251
0.0176326
0.0265582
0.00393035
0.0780269
0.0184778
0.0789829
0.021899
0.00776943
0.0212571
0.0217805
0.0169101
0.0263692
0.00322811
0.080415
0.0191741
0.0813775
0.0211239
0.00692959
0.0212569
0.021937
0.0162136
0.0261815
0.00265089
0.0828682
0.0199508
0.0838361
0.0203277
0.00617939
0.0212568
0.0220946
0.0155376
0.0259951
0.0021766
0.0853882
0.0207975
0.0863601
0.0195094
0.00550951
0.0212567
0.0222534
0.0148685
0.02581
0.00178701
0.087976
0.0217077
0.0889505
0.0186679
0.00491158
0.0212566
0.0224133
0.0141694
0.0256262
0.00146718
0.0906332
0.0226769
0.0916086
0.0178021
0.00437838
0.0212565
0.0225743
0.0133381
0.0254437
0.0012049
0.0933609
0.0237028
0.0943354
0.0169107
0.00390572
0.0212564
0.0227365
0.0120873
0.0252625
0.000990507
0.0961605
0.0247844
0.0971322
0.0159925
0.00350749
0.0212563
0.0228998
0.00960525
0.0250827
0.000816969
0.0990332
0.0259215
0.1
0.0150462
0.00333068
0.0212563
0.0230642
0.00631609
0.00947701
0.0249778
0.000746188
0.0990332
0.0994641
0.0277588
0.0148327
0.0128896
0.0231613
0.00417756
0.00935192
0.0248733
0.000682227
0.0990332
0.099703
0.0297335
0.0146221
0.011391
0.0232588
0.00279013
0.0092305
0.0247692
0.000624805
0.0990333
0.0998355
0.0318512
0.0144144
0.0103593
0.0233566
0.00189295
0.00911352
0.0246656
0.00057384
0.0990333
0.0999089
0.0341191
0.0142097
0.0096594
0.0234548
0.00131588
0.00900205
0.0245624
0.000529516
0.0990333
0.0999496
0.0365457
0.0140079
0.00919516
0.0235534
0.000948054
0.00889763
0.0244596
0.000492406
0.0990333
0.0999722
0.0391403
0.0138089
0.00889851
0.0236524
0.000717305
0.00880242
0.0243572
0.000463652
0.0990333
0.0999847
0.0419134
0.0136126
0.00872119
0.0237519
0.000576682
0.0087195
0.0242553
0.000445246
0.0990333
0.0999916
0.0448757
0.0134192
0.00862895
0.0238517
0.000495685
0.00865321
0.0241538
0.000440464
0.0990333
0.0999955
0.0480389
0.0132284
0.00859751
0.023952
0.000454539
0.00860966
0.0240527
0.0990332
0.0999976
0.0514153
0.0130404
0.0990328
0.0999987
0.0550177
0.012855
0.0990318
0.0999994
0.0588596
0.0126721
0.0990289
0.0999997
0.0629548
0.0124919
0.0990204
0.0999999
0.067318
0.0123142
0.0989958
0.1
0.0719643
0.012139
0.098925
0.1
0.0769091
0.0119663
0.0987212
0.1
0.0821684
0.011796
0.0981345
0.1
0.0877589
0.0116282
0.0964451
0.1
0.093697
0.0114656
0.091581
0.1
0.1
0.0113862
0.091581
0.058355
0.091581
0.0372053
0.091581
0.0240115
0.091581
0.01597
0.091581
0.0112519
0.091581
0.00870124
0.091581
0.007611
0.0915809
0.0075685
0.0915809
0.00835561
0.0915809
0.00988624
0.0915809
0.0121692
0.0915809
0.0152875
0.0915809
0.0193878
0.0915809
0.0246772
0.0915809
0.0314218
0.0915809
0.0399469
0.0915809
0.0506333
0.0915809
0.0639069
0.0915809
0.0802176
0.0915809
0.1
0.0915809
0.0915809
0.0915809
0.0915809
0.0915808
0.0915808
0.0915808
0.0915808
0.0915808
0.0915808
0.0915808
0.0915808
0.0915808
0.0915808
0.0915808
0.0915808
0.0915808
0.0915808
0.0915808
0.0915808
END_LIST
