BEGIN_LIST
0.1
0.0999121
0.0998244
0.0997367
0.099649
0.0995614
0.0994739
0.0993865
0.0992992
0.0992118
0.0991245
0.0990371
0.0989493
0.0988605
0.0987691
0.0986708
0.0985552
0.0983958
0.0981259
0.097577
0.0963246
0.0921843
0.0954206
0.0881435
0.0945206
0.084207
0.0936246
0.0803787
0.0927327
0.0766622
0.091845
0.0730601
0.0909615
0.0695743
0.0900824
0.0662065
0.0892076
0.0629573
0.0883372
0.0598273
0.0874713
0.0568165
0.0866099
0.0539246
0.0857531
0.0511518
0.084901
0.0484987
0.0840536
0.0459685
0.0832109
0.0435686
0.082373
0.0413171
0.0815399
0.0392529
0.0807098
0.0374586
0.0798021
0.0361072
0.0754365
0.0361069
0.0371294
0.0337281
0.0730507
0.0725541
0.0361066
0.0379286
0.0331066
0.0707316
0.0697194
0.0361064
0.0385892
0.0334437
0.0684779
0.0669368
0.0361061
0.0391642
0.0343148
0.0662882
0.0642104
0.0361058
0.039687
0.035495
0.0641612
0.0615435
0.0361056
0.0401786
0.036865
0.0620955
0.0589394
0.0361053
0.0406521
0.038362
0.0600897
0.0564007
0.036105
0.0411158
0.0399529
0.0581424
0.0539298
0.0361048
0.041575
0.0416206
0.0562519
0.0515283
0.0361045
0.0420328
0.043356
0.0544164
0.0491976
0.0361042
0.0424916
0.0451547
0.0526334
0.0469383
0.036104
0.0429524
0.0470145
0.0508994
0.0447499
0.0361037
0.0434162
0.0489344
0.0492086
0.0426304
0.0361034
0.0438835
0.0509139
0.0475507
0.0405749
0.0361032
0.0443547
0.0529527
0.0459066
0.038573
0.0361029
0.0448299
0.0550506
0.0442391
0.0366031
0.0361026
0.0453094
0.0572072
0.0424753
0.0346215
0.0361023
0.0457932
0.0594223
0.0404702
0.0325388
0.0361086
0.0462815
0.0616952
0.037935
0.0301732
0.0355106
0.0467742
0.0640253
0.0342924
0.0271528
0.0343446
0.0352693
0.0399572
0.057377
0.0377455
0.0656208
0.0336538
0.0313313
0.0271527
0.0257089
0.0332059
0.0350296
0.0339255
0.0628453
0.0314711
0.06724
0.0330033
0.0285602
0.0271525
0.025413
0.0320946
0.0347914
0.0286509
0.0661406
0.0271827
0.068883
0.0323403
0.0259784
0.0271524
0.0254518
0.0310106
0.0345547
0.024085
0.0685241
0.0243266
0.0705495
0.0316639
0.0235833
0.0271523
0.0255888
0.0299541
0.0343195
0.0201669
0.0705337
0.022505
0.0722394
0.0309736
0.0213699
0.0271522
0.0257552
0.0289249
0.0340859
0.0168295
0.0723987
0.021433
0.0739522
0.0302686
0.0193317
0.0271521
0.0259309
0.027923
0.0338537
0.0140046
0.0742168
0.0209067
0.0756877
0.0295481
0.0174609
0.0271519
0.0261103
0.0269482
0.033623
0.0116259
0.0760294
0.0207807
0.0774451
0.0288113
0.015749
0.0271518
0.0262915
0.0260002
0.0333938
0.009632
0.0778539
0.0209512
0.0792241
0.0280574
0.0141866
0.0271517
0.0264741
0.0250788
0.0331661
0.0079667
0.0796976
0.0213446
0.0810239
0.0272854
0.0127643
0.0271516
0.026658
0.0241837
0.0329398
0.00658015
0.0815632
0.0219085
0.082844
0.0264945
0.0114724
0.0271514
0.0268432
0.0233141
0.032715
0.00542864
0.0834513
0.0226059
0.0846834
0.0256837
0.0103014
0.0271513
0.0270295
0.0224691
0.0324916
0.00447437
0.0853621
0.0234108
0.0865417
0.024852
0.00924185
0.0271512
0.0272171
0.0216458
0.0322697
0.00368493
0.087295
0.024305
0.0884178
0.0239984
0.00828478
0.0271511
0.027406
0.0208377
0.0320492
0.00303283
0.0892495
0.0252759
0.0903109
0.0231217
0.00742159
0.027151
0.0275961
0.0200262
0.0318301
0.00249487
0.0912247
0.0263148
0.0922202
0.0222208
0.00664417
0.0271508
0.0277874
0.019161
0.0316125
0.00205164
0.09322
0.0274162
0.0941448
0.0212946
0.00594535
0.0271507
0.02798
0.0181011
0.0313962
0.00168712
0.0952345
0.0285762
0.0960836
0.0203418
0.00532156
0.0271506
0.0281739
0.0164521
0.0311814
0.00138842
0.0972673
0.0297926
0.0980357
0.0193611
0.00479318
0.0271505
0.028369
0.0131076
0.0309681
0.00114615
0.0993174
0.0310644
0.1
0.0183511
0.00455801
0.0271504
0.0285655
0.00864249
0.012935
0.0308436
0.00104721
0.0993174
0.0996216
0.0331041
0.018101
0.016058
0.0286814
0.00572818
0.0127661
0.0307195
0.000957729
0.0993174
0.0997904
0.0352748
0.0178541
0.0144723
0.0287977
0.00383264
0.0126017
0.0305959
0.000877324
0.0993174
0.0998839
0.0375781
0.0176104
0.0133892
0.0289144
0.00260488
0.0124423
0.0304728
0.000805886
0.0993174
0.0999358
0.0400167
0.0173699
0.0126633
0.0290315
0.00181442
0.0122894
0.0303502
0.000743668
0.0993175
0.0999645
0.0425944
0.0171325
0.0121915
0.0291491
0.00131037
0.0121444
0.030228
0.000691459
0.0993175
0.0999805
0.0453151
0.0168981
0.0119006
0.0292672
0.000994231
0.0120097
0.0301063
0.000650826
0.0993175
0.0999893
0.0481829
0.0166668
0.0117386
0.0293857
0.000801774
0.0118887
0.029985
0.000624504
0.0993175
0.0999942
0.0512016
0.0164385
0.0116687
0.0295046
0.000691225
0.011786
0.0298642
0.000616993
0.0993175
0.0999969
0.0543751
0.0162132
0.0116648
0.029624
0.000635475
0.0117083
0.0297439
0.0993174
0.0999984
0.0577067
0.0159908
0.0993171
0.0999992
0.0611993
0.0157713
0.0993162
0.0999996
0.0648551
0.0155547
0.0993137
0.0999998
0.0686758
0.015341
0.0993064
0.1
0.0726624
0.01513
0.0992853
0.1
0.0768149
0.0149218
0.0992246
0.1
0.0811325
0.0147164
0.0990499
0.1
0.0856132
0.0145136
0.0985466
0.1
0.0902543
0.0143137
0.0970976
0.1
0.0950516
0.0141198
0.0929256
0.1
0.1
0.0140251
0.0929256
0.06294
0.0929257
0.0422073
0.0929257
0.0284866
0.0929257
0.0198122
0.0929257
0.0146544
0.0929257
0.0119292
0.0929257
0.0109246
0.0929257
0.0112074
0.0929257
0.0125429
0.0929257
0.0148337
0.0929257
0.0180763
0.0929257
0.0223296
0.0929257
0.0276894
0.0929257
0.0342637
0.0929257
0.0421472
0.0929257
0.0513916
0.0929257
0.0619758
0.0929257
0.0737792
0.0929257
0.086568
0.0929257
0.1
0.0929257
0.0929257
0.0929257
0.0929257
0.0929257
0.0929257
0.0929257
0.0929257
0.0929257
0.0929257
0.0929257
0.0929257
0.0929257
0.0929257
0.0929257
0.0929257
0.0929257
0.0929257
0.0929257
0.0929257
END_LIST
