BEGIN_LIST
0.1
0.0999127
0.0998255
0.0997383
0.0996512
0.0995642
0.0994773
0.0993904
0.0993036
0.0992168
0.09913
0.0990432
0.098956
0.0988679
0.0987773
0.0986805
0.0985676
0.0984144
0.0981591
0.0976463
0.0964843
0.0926293
0.0956506
0.0888427
0.0948193
0.0851305
0.0939904
0.0814985
0.0931641
0.0779514
0.0923405
0.0744938
0.0915195
0.0711292
0.0907014
0.067861
0.0898861
0.0646916
0.0890737
0.0616232
0.0882644
0.0586574
0.0874581
0.0557959
0.0866549
0.0530401
0.085855
0.0503925
0.0850583
0.047858
0.0842649
0.0454461
0.083475
0.0431774
0.0826885
0.0410947
0.0819035
0.0392872
0.0810419
0.0379394
0.0768375
0.0379392
0.0388849
0.0357476
0.0744631
0.0741669
0.0379389
0.0396391
0.0352421
0.0721516
0.071521
0.0379386
0.0402746
0.0356593
0.069902
0.068905
0.0379384
0.0408368
0.0365921
0.0677132
0.0663233
0.0379381
0.0413545
0.0378235
0.0655842
0.0637806
0.0379378
0.0418457
0.0392379
0.0635139
0.0612808
0.0379375
0.0423217
0.0407741
0.061501
0.0588276
0.0379373
0.0427897
0.0423993
0.0595443
0.0564244
0.037937
0.0432542
0.0440963
0.0576425
0.054074
0.0379367
0.043718
0.0458557
0.0557937
0.0517788
0.0379364
0.0441829
0.0476726
0.0539958
0.0495404
0.0379362
0.0446501
0.0495443
0.0522454
0.0473593
0.0379359
0.0451202
0.0514689
0.0505367
0.045234
0.0379356
0.0455938
0.0534455
0.0488597
0.0431594
0.0379353
0.0460712
0.055473
0.0471952
0.0411237
0.0379351
0.0465524
0.0575505
0.0455061
0.0391015
0.0379348
0.0470377
0.059677
0.0437192
0.0370399
0.0379345
0.0475272
0.0618515
0.0416895
0.0348303
0.0379408
0.0480209
0.0640726
0.0391278
0.0322511
0.0373422
0.0485188
0.066339
0.0354567
0.0288491
0.0361861
0.0370919
0.041777
0.0592839
0.0392782
0.0678845
0.0348082
0.0325539
0.0288489
0.0271948
0.0350527
0.0368431
0.0357198
0.0648033
0.0328494
0.069448
0.0341478
0.0298108
0.0288488
0.0268434
0.0339423
0.0365958
0.0303514
0.0680928
0.0284523
0.0710291
0.0334749
0.0272322
0.0288487
0.0268717
0.0328552
0.0363501
0.0256501
0.0704403
0.0255228
0.0726275
0.0327886
0.0248198
0.0288486
0.0270113
0.0317919
0.0361059
0.0215752
0.0723962
0.0236551
0.0742429
0.0320883
0.0225731
0.0288484
0.0271842
0.0307523
0.0358633
0.0180746
0.0741958
0.0225576
0.0758746
0.0313733
0.0204894
0.0288483
0.0273675
0.0297369
0.0356221
0.01509
0.0759395
0.0220214
0.077522
0.0306428
0.0185642
0.0288482
0.0275548
0.0287455
0.0353825
0.0125616
0.0776699
0.0218973
0.0791845
0.029896
0.0167918
0.0288481
0.0277442
0.0277783
0.0351443
0.0104313
0.0794048
0.0220786
0.0808612
0.029132
0.0151654
0.0288479
0.0279349
0.0268353
0.0349076
0.00864451
0.0811516
0.0224893
0.0825514
0.0283499
0.0136774
0.0288478
0.028127
0.0259163
0.0346724
0.00715148
0.0829129
0.0230756
0.0842543
0.0275488
0.0123196
0.0288477
0.0283204
0.0250209
0.0344387
0.00590788
0.0846893
0.0237991
0.0859691
0.0267279
0.0110837
0.0288475
0.028515
0.0241481
0.0342065
0.00487475
0.0864808
0.0246328
0.0876947
0.0258859
0.0099613
0.0288474
0.0287109
0.0232951
0.0339757
0.00401836
0.0882867
0.0255578
0.0894304
0.025022
0.00894402
0.0288473
0.028908
0.0224549
0.0337464
0.00330976
0.0901062
0.0265608
0.0911751
0.024135
0.0080237
0.0288472
0.0291064
0.0216077
0.0335185
0.00272437
0.0919386
0.0276328
0.092928
0.0232238
0.00719255
0.028847
0.0293061
0.0206984
0.033292
0.00224153
0.0937829
0.0287675
0.0946879
0.0222871
0.00644359
0.0288469
0.0295071
0.019574
0.033067
0.00184404
0.0956381
0.029961
0.0964539
0.0213238
0.0057736
0.0288468
0.0297094
0.0178066
0.0328434
0.00151809
0.0975033
0.0312107
0.098225
0.0203326
0.00520514
0.0288467
0.0299129
0.0141982
0.0326214
0.00125354
0.0993774
0.0325151
0.1
0.019312
0.00495195
0.0288466
0.0301178
0.00936952
0.0140121
0.0324917
0.00114545
0.0993774
0.0996549
0.0346028
0.0190519
0.0169977
0.0302387
0.0062142
0.0138299
0.0323625
0.00104767
0.0993774
0.0998088
0.0368185
0.0187951
0.0153999
0.03036
0.00416029
0.0136523
0.0322338
0.000959787
0.0993774
0.0998941
0.0391625
0.0185416
0.0143113
0.0304817
0.00282929
0.01348
0.0321056
0.000881673
0.0993775
0.0999415
0.0416365
0.0182912
0.0135847
0.0306038
0.0019721
0.0133143
0.0319779
0.000813609
0.0993775
0.0999677
0.0442428
0.018044
0.0131158
0.0307264
0.00142545
0.0131568
0.0318506
0.000756447
0.0993775
0.0999822
0.046984
0.0178
0.0128302
0.0308495
0.00108262
0.01301
0.0317238
0.00071189
0.0993775
0.0999903
0.0498626
0.017559
0.0126755
0.030973
0.000874006
0.012877
0.0315975
0.000682906
0.0993775
0.0999947
0.0528808
0.0173211
0.0126143
0.031097
0.000754299
0.0127628
0.0314717
0.000674377
0.0993775
0.0999972
0.0560405
0.0170862
0.0126201
0.0312214
0.000694097
0.012674
0.0313463
0.0993774
0.0999985
0.0593432
0.0168543
0.0993772
0.0999993
0.0627896
0.0166254
0.0993763
0.0999997
0.0663797
0.0163994
0.0993739
0.0999999
0.0701129
0.0161763
0.0993668
0.1
0.0739876
0.0159561
0.0993465
0.1
0.0780014
0.0157387
0.099288
0.1
0.0821508
0.0155241
0.0991194
0.1
0.0864314
0.0153123
0.098634
0.1
0.0908377
0.0151034
0.0972364
0.1
0.0953631
0.0149007
0.0932125
0.1
0.1
0.0148017
0.0932125
0.0640196
0.0932125
0.0434997
0.0932125
0.0297361
0.0932125
0.0209565
0.0932125
0.015721
0.0932125
0.0129774
0.0932126
0.0120204
0.0932126
0.0124153
0.0932126
0.0139233
0.0932126
0.0164417
0.0932126
0.0199585
0.0932126
0.0245179
0.0932126
0.0301907
0.0932126
0.0370462
0.0932126
0.045123
0.0932126
0.0544006
0.0932126
0.0647747
0.0932126
0.0760425
0.0932126
0.0879068
0.0932126
0.1
0.0932126
0.0932126
0.0932126
0.0932126
0.0932126
0.0932126
0.0932126
0.0932126
0.0932126
0.0932126
0.0932126
0.0932126
0.0932126
0.0932126
0.0932126
0.0932126
0.0932126
0.0932126
0.0932126
0.0932126
END_LIST
