BEGIN_LIST
0.1
0.0999174
0.0998348
0.0997523
0.0996698
0.0995875
0.0995051
0.0994229
0.0993406
0.0992585
0.0991763
0.0990942
0.0990119
0.0989292
0.0988453
0.0987585
0.098664
0.0985502
0.0983876
0.098102
0.0975058
0.0955041
0.0970976
0.0934535
0.0966869
0.091357
0.0962736
0.0892183
0.0958579
0.0870412
0.0954398
0.0848299
0.0950191
0.0825888
0.0945961
0.0803228
0.0941707
0.0780367
0.0937429
0.0757357
0.0933128
0.0734254
0.0928803
0.0711119
0.0924456
0.0688022
0.0920087
0.066505
0.0915695
0.0642324
0.0911281
0.0620035
0.0906846
0.0598512
0.0902389
0.0578355
0.0897896
0.0560713
0.0892777
0.0547825
0.0863368
0.0547822
0.0546677
0.0549768
0.0841935
0.0851543
0.0547819
0.054767
0.0557747
0.0820806
0.0839275
0.0547816
0.0550015
0.0569199
0.079999
0.0826568
0.0547814
0.0553215
0.0582652
0.0779493
0.0813428
0.0547811
0.055696
0.0597262
0.0759321
0.0799863
0.0547808
0.0561055
0.0612537
0.0739479
0.0785883
0.0547805
0.0565377
0.0628192
0.0719971
0.07715
0.0547802
0.056985
0.0644055
0.0700799
0.0756724
0.0547799
0.0574425
0.066002
0.0681965
0.0741568
0.0547797
0.0579072
0.0676018
0.0663465
0.0726038
0.0547794
0.0583772
0.0692001
0.0645292
0.0710129
0.0547791
0.0588513
0.0707931
0.0627425
0.069381
0.0547788
0.0593287
0.0723781
0.0609822
0.0677002
0.0547785
0.0598088
0.0739524
0.0592399
0.065952
0.0547783
0.0602915
0.0755137
0.0574989
0.0640974
0.054778
0.0607765
0.0770601
0.0557256
0.0620565
0.0547777
0.0612636
0.0785895
0.0538541
0.0596684
0.0547773
0.0617528
0.0801001
0.0517536
0.0566112
0.0547828
0.062244
0.0815901
0.0491649
0.0522438
0.054263
0.062737
0.083058
0.0455742
0.0452889
0.053394
0.0539487
0.0575987
0.073791
0.0526074
0.0840288
0.0449046
0.0434523
0.0452887
0.0416273
0.0525149
0.0536358
0.0523302
0.0791968
0.0454986
0.0849881
0.0442251
0.0412862
0.0452886
0.040737
0.0516265
0.0533242
0.0470502
0.0821397
0.0406124
0.0859357
0.0435352
0.0390911
0.0452885
0.0406547
0.0507294
0.053014
0.0418747
0.0840052
0.037358
0.0868712
0.0428342
0.0368829
0.0452883
0.0408088
0.0498246
0.0527052
0.0369079
0.0853961
0.0353013
0.0877944
0.0421216
0.0346778
0.0452882
0.0410325
0.0489128
0.0523978
0.032235
0.0865743
0.0341245
0.088705
0.0413966
0.0324918
0.045288
0.0412775
0.0479948
0.0520917
0.0279182
0.0876539
0.0335959
0.0896027
0.0406587
0.0303401
0.0452879
0.0415295
0.0470716
0.051787
0.023996
0.088684
0.0335469
0.0904871
0.0399071
0.0282368
0.0452877
0.0417846
0.046144
0.0514836
0.0204848
0.0896859
0.0338551
0.0913582
0.0391411
0.0261948
0.0452876
0.0420414
0.0452128
0.0511817
0.0173827
0.0906688
0.0344315
0.0922155
0.03836
0.0242251
0.0452875
0.0422997
0.0442786
0.0508811
0.0146731
0.0916362
0.0352118
0.093059
0.0375628
0.022337
0.0452873
0.0425592
0.0433417
0.0505818
0.0123299
0.0925898
0.0361492
0.0938883
0.0367489
0.0205378
0.0452872
0.0428202
0.0424009
0.0502839
0.0103207
0.0935298
0.0372097
0.0947034
0.0359174
0.018833
0.045287
0.0430824
0.0414518
0.0499874
0.00861046
0.0944563
0.0383685
0.0955041
0.0350672
0.0172263
0.0452869
0.0433459
0.0404805
0.0496923
0.00716365
0.0953694
0.0396077
0.0962903
0.0341976
0.0157194
0.0452867
0.0436107
0.0394474
0.0493985
0.00594614
0.0962686
0.0409139
0.0970618
0.0333075
0.014313
0.0452866
0.0438768
0.0382426
0.049106
0.00492637
0.0971539
0.0422774
0.0978186
0.0323959
0.013007
0.0452865
0.0441442
0.0365644
0.0488149
0.00407614
0.098025
0.0436909
0.0985606
0.0314617
0.0118074
0.0452863
0.044413
0.0335855
0.0485252
0.00337149
0.0988817
0.0451488
0.0992877
0.0305038
0.0107683
0.0452862
0.0446831
0.0270374
0.048237
0.00279431
0.099724
0.0466467
0.1
0.029521
0.0103011
0.0452861
0.0449545
0.0180353
0.0267062
0.0480685
0.00255714
0.0997241
0.0998472
0.0489963
0.0291733
0.0273316
0.0451144
0.0120712
0.0263803
0.0479005
0.00234172
0.0997241
0.0999154
0.0514242
0.0288287
0.0258546
0.0452746
0.00815239
0.0260602
0.0477329
0.00214724
0.0997241
0.0999533
0.0539216
0.0284874
0.0248856
0.0454353
0.00559769
0.0257468
0.0475658
0.00197343
0.0997241
0.0999742
0.0564811
0.0281492
0.0242791
0.0455965
0.00394729
0.0254413
0.0473992
0.0018208
0.0997241
0.0999858
0.0590956
0.0278142
0.0239315
0.0457581
0.00289445
0.0251454
0.047233
0.00169096
0.0997242
0.0999923
0.0617585
0.0274824
0.023769
0.0459201
0.00223625
0.0248615
0.0470673
0.00158719
0.0997242
0.0999958
0.064463
0.0271537
0.0237393
0.0460826
0.00183931
0.0245931
0.046902
0.00151524
0.0997242
0.0999978
0.067202
0.0268282
0.0238049
0.0462456
0.0016163
0.024345
0.0467372
0.00148458
0.0997242
0.0999989
0.0699684
0.0265058
0.0239394
0.046409
0.00151035
0.0241239
0.0465729
0.0997241
0.0999995
0.0727547
0.0261865
0.099724
0.0999998
0.0755531
0.0258703
0.0997234
0.1
0.0783558
0.0255572
0.0997216
0.1
0.0811549
0.0252472
0.0997165
0.1
0.0839425
0.0249403
0.0997017
0.1
0.0867107
0.0246364
0.099659
0.1
0.0894517
0.0243356
0.0995361
0.1
0.0921581
0.0240378
0.0991822
0.1
0.0948227
0.0237432
0.0981633
0.1
0.0974388
0.0234567
0.0952297
0.1
0.1
0.0233167
0.0952297
0.0730701
0.0952297
0.0561525
0.0952297
0.0438219
0.0952297
0.035457
0.0952297
0.030417
0.0952297
0.0280927
0.0952297
0.0279684
0.0952298
0.0296448
0.0952298
0.032822
0.0952298
0.0372624
0.0952298
0.0427516
0.0952298
0.0490673
0.0952298
0.0559635
0.0952298
0.063172
0.0952298
0.0704178
0.0952298
0.0774445
0.0952298
0.0840383
0.0952298
0.090045
0.0952298
0.0953754
0.0952298
0.1
0.0952298
0.0952298
0.0952298
0.0952298
0.0952298
0.0952298
0.0952299
0.0952299
0.0952299
0.0952299
0.0952299
0.0952299
0.0952299
0.0952299
0.0952299
0.0952299
0.0952299
0.0952299
0.0952299
0.0952299
END_LIST
