BEGIN_LIST
0.1
0.0999138
0.0998277
0.0997416
0.0996556
0.0995697
0.0994838
0.099398
0.0993123
0.0992266
0.0991409
0.0990552
0.0989692
0.0988824
0.0987935
0.0986993
0.0985916
0.0984495
0.0982207
0.0977733
0.0967745
0.093442
0.0960661
0.0901298
0.0953578
0.0868449
0.0946498
0.083594
0.093942
0.0803837
0.0932346
0.0772201
0.0925277
0.0741089
0.0918213
0.0710553
0.0911155
0.0680643
0.0904103
0.0651403
0.0897059
0.0622874
0.0890024
0.0595097
0.0882997
0.0568115
0.087598
0.0541979
0.0868973
0.0516767
0.0861978
0.0492612
0.0854994
0.0469766
0.0848022
0.0448726
0.0841046
0.0430498
0.0833326
0.041712
0.0794461
0.0417117
0.0424692
0.0399648
0.0771055
0.0771808
0.0417114
0.0431105
0.0397221
0.0748202
0.0749061
0.0417111
0.0436802
0.0403087
0.0725897
0.0726269
0.0417109
0.044206
0.0413611
0.0704134
0.0703477
0.0417106
0.0447055
0.0426838
0.0682908
0.0680734
0.0417103
0.0451899
0.0441712
0.0662211
0.0658086
0.04171
0.045666
0.0457664
0.0642037
0.0635577
0.0417097
0.0461383
0.0474384
0.0622377
0.0613249
0.0417095
0.0466096
0.0491702
0.060322
0.0591143
0.0417092
0.0470816
0.0509521
0.0584554
0.0569293
0.0417089
0.0475555
0.0527784
0.056636
0.0547726
0.0417086
0.0480319
0.0546454
0.0548606
0.0526454
0.0417083
0.0485113
0.0565503
0.0531239
0.0505466
0.041708
0.0489941
0.0584911
0.051416
0.0484699
0.0417078
0.0494803
0.0604657
0.049718
0.0463996
0.0417075
0.0499701
0.0624722
0.047993
0.0443005
0.0417072
0.0504635
0.0645086
0.0461682
0.0420991
0.0417068
0.0509607
0.0665728
0.0440993
0.0396437
0.0417131
0.0514616
0.0686626
0.041499
0.0366248
0.0411199
0.0519664
0.0707758
0.0377941
0.0324119
0.0399996
0.0408521
0.0454538
0.0629786
0.0423624
0.0722053
0.0371302
0.0350323
0.0324118
0.0303071
0.0388927
0.0405858
0.0394188
0.0685596
0.0356663
0.0736425
0.0364544
0.0323724
0.0324116
0.0298358
0.0378001
0.0403211
0.0339205
0.0718136
0.0310801
0.0750869
0.0357662
0.0298264
0.0324115
0.0298405
0.0367225
0.0400579
0.0289868
0.0740731
0.0280234
0.0765379
0.0350648
0.0274039
0.0324114
0.0299847
0.0356605
0.0397963
0.024619
0.0759102
0.0260767
0.0779948
0.0343495
0.0251116
0.0324112
0.0301703
0.034615
0.0395362
0.0207973
0.0775707
0.0249374
0.079457
0.0336196
0.0229539
0.0324111
0.0303689
0.0335865
0.0392776
0.0174875
0.0791597
0.0243877
0.0809235
0.0328744
0.020933
0.0324109
0.0305721
0.0325754
0.0390206
0.014646
0.0807222
0.0242717
0.0823937
0.0321129
0.0190486
0.0324108
0.0307776
0.0315825
0.038765
0.0122246
0.0822769
0.0244773
0.0838666
0.0313345
0.0172991
0.0324107
0.0309846
0.0306079
0.038511
0.0101743
0.0838315
0.0249247
0.0853414
0.0305381
0.0156812
0.0324105
0.0311931
0.029652
0.0382584
0.00844744
0.0853888
0.0255567
0.0868172
0.0297229
0.0141903
0.0324104
0.0314028
0.0287147
0.0380074
0.00699948
0.0869494
0.0263326
0.0882932
0.0288879
0.012821
0.0324103
0.0316138
0.0277953
0.0377578
0.00578991
0.0885132
0.0272236
0.0897685
0.0280321
0.0115673
0.0324101
0.0318262
0.0268908
0.0375097
0.00478265
0.0900795
0.0282091
0.0912421
0.0271545
0.0104225
0.03241
0.0320398
0.0259933
0.0372631
0.00394604
0.0916475
0.0292748
0.0927132
0.026254
0.00937984
0.0324099
0.0322548
0.0250793
0.037018
0.00325274
0.0932165
0.0304106
0.0941809
0.0253295
0.00843246
0.0324097
0.0324711
0.0240842
0.0367743
0.00267939
0.0947854
0.0316094
0.0956443
0.0243797
0.00757406
0.0324096
0.0326887
0.0228274
0.036532
0.00220639
0.0963533
0.0328665
0.0971025
0.0234034
0.00680248
0.0324095
0.0329076
0.0208062
0.0362913
0.00181783
0.0979194
0.0341785
0.0985547
0.0223994
0.00614539
0.0324093
0.0331279
0.0166195
0.0360521
0.00150197
0.0994828
0.0355435
0.1
0.0213662
0.00585223
0.0324093
0.0333496
0.0109883
0.016404
0.0359124
0.00137281
0.0994828
0.0997134
0.0377187
0.0210859
0.0190303
0.0334803
0.00729902
0.0161929
0.0357732
0.00125589
0.0994828
0.0998412
0.0400139
0.0208088
0.0174235
0.0336114
0.00489333
0.0159866
0.0356344
0.00115072
0.0994828
0.0999121
0.0424273
0.0205351
0.0163354
0.033743
0.00333261
0.0157861
0.0354962
0.00105717
0.0994828
0.0999514
0.044958
0.0202647
0.0156161
0.033875
0.00232685
0.0155925
0.0353585
0.000975551
0.0994829
0.0999732
0.0476058
0.0199975
0.0151596
0.0340075
0.00168533
0.0154076
0.0352212
0.000906877
0.0994829
0.0999853
0.0503706
0.0197335
0.0148902
0.0341404
0.00128313
0.0152338
0.0350844
0.000853141
0.0994829
0.099992
0.053252
0.0194727
0.0147545
0.0342739
0.00103865
0.0150745
0.0349481
0.000817832
0.0994829
0.0999956
0.0562492
0.019215
0.0147144
0.0344078
0.000898735
0.0149345
0.0348123
0.000806686
0.0994829
0.0999977
0.0593607
0.0189604
0.0147429
0.0345421
0.000828862
0.0148208
0.034677
0.0994828
0.0999988
0.0625847
0.018709
0.0994826
0.0999994
0.0659183
0.0184606
0.0994818
0.0999997
0.0693581
0.0182152
0.0994795
0.0999999
0.0728997
0.0179728
0.0994729
0.1
0.0765379
0.0177334
0.099454
0.1
0.0802667
0.0174969
0.0993994
0.1
0.0840792
0.0172633
0.0992421
0.1
0.0879676
0.0170327
0.0987893
0.1
0.0919235
0.016805
0.0974857
0.1
0.0959376
0.016584
0.0937321
0.1
0.1
0.0164761
0.0937321
0.0660919
0.0937322
0.0461176
0.0937322
0.0323895
0.0937322
0.0234838
0.0937322
0.018147
0.0937322
0.0154052
0.0937322
0.0145771
0.0937322
0.0152287
0.0937322
0.0171126
0.0937322
0.0201102
0.0937322
0.0241835
0.0937322
0.0293348
0.0937322
0.0355713
0.0937322
0.0428734
0.0937322
0.0511669
0.0937322
0.060305
0.0937322
0.0700628
0.0937322
0.0801491
0.0937322
0.0902364
0.0937322
0.1
0.0937322
0.0937322
0.0937322
0.0937322
0.0937322
0.0937322
0.0937323
0.0937323
0.0937323
0.0937323
0.0937323
0.0937323
0.0937323
0.0937323
0.0937323
0.0937323
0.0937323
0.0937323
0.0937323
0.0937323
END_LIST
