BEGIN_LIST
0.1
0.0999093
0.0998186
0.0997279
0.0996373
0.0995467
0.0994562
0.0993657
0.0992753
0.0991848
0.0990943
0.0990036
0.0989123
0.0988195
0.0987227
0.0986157
0.0984833
0.0982863
0.0979266
0.0971564
0.0953509
0.0895244
0.0940042
0.0840495
0.0926763
0.0789055
0.0913668
0.074073
0.0900755
0.0695334
0.0888022
0.0652693
0.0875467
0.0612644
0.0863086
0.0575031
0.0850878
0.053971
0.0838841
0.0506544
0.0826971
0.0475404
0.0815267
0.0446172
0.0803726
0.041874
0.0792347
0.0393014
0.0781126
0.036892
0.0770063
0.0346421
0.0759154
0.0325551
0.0748397
0.0306482
0.073777
0.0289668
0.0726376
0.0276153
0.0674839
0.0276138
0.0288403
0.0246813
0.0650939
0.0635248
0.0276123
0.0297464
0.0236616
0.0627866
0.0597951
0.0276107
0.0304544
0.0236706
0.0605592
0.0562816
0.0276091
0.0310399
0.0242457
0.058409
0.0529723
0.0276076
0.0315503
0.0251459
0.0563334
0.0498555
0.0276059
0.0320154
0.0262466
0.0543299
0.0469202
0.0276043
0.0324539
0.0274839
0.052396
0.0441562
0.0276027
0.0328774
0.0288259
0.0505292
0.0415535
0.027601
0.0332933
0.0302577
0.048727
0.0391029
0.0275993
0.0337062
0.0317731
0.0469867
0.0367956
0.0275976
0.0341192
0.0333706
0.0453051
0.0346233
0.0275958
0.0345339
0.0350515
0.0436782
0.032578
0.027594
0.0349516
0.0368183
0.0420997
0.0306519
0.0275923
0.035373
0.0386746
0.0405596
0.0288376
0.0275905
0.0357988
0.0406242
0.0390393
0.0271268
0.0275886
0.0362291
0.0426716
0.0375033
0.0255103
0.0275868
0.0366642
0.0448216
0.0358825
0.0239759
0.0275848
0.0371043
0.0470789
0.0340393
0.0225049
0.0275892
0.0375496
0.049449
0.0316987
0.0210646
0.0270236
0.038
0.0519374
0.028309
0.019593
0.0258859
0.026828
0.0312154
0.0474576
0.0302624
0.0536782
0.0277378
0.0252202
0.0195922
0.0189873
0.0247958
0.0266339
0.0256364
0.0524824
0.0249162
0.0554746
0.0271559
0.0224666
0.0195914
0.0189084
0.0237513
0.0264411
0.0210506
0.0556805
0.0212776
0.0573293
0.0265626
0.0200121
0.0195906
0.0189834
0.0227505
0.0262497
0.0172824
0.0581475
0.0188607
0.0592443
0.0259574
0.0178245
0.0195898
0.0191038
0.0217916
0.0260596
0.014187
0.0603447
0.0173203
0.061222
0.0253396
0.0158752
0.019589
0.0192381
0.020873
0.025871
0.0116449
0.0624668
0.0164113
0.0632646
0.0247085
0.0141382
0.0195882
0.0193773
0.0199928
0.0256837
0.00955738
0.064597
0.0159602
0.0653743
0.0240634
0.0125908
0.0195873
0.0195185
0.0191496
0.0254977
0.00784356
0.0667715
0.0158437
0.0675533
0.0234035
0.0112122
0.0195865
0.019661
0.0183417
0.0253131
0.00643668
0.0690067
0.0159747
0.0698039
0.0227281
0.00998415
0.0195857
0.0198047
0.0175677
0.0251297
0.0052819
0.0713109
0.0162919
0.0721285
0.0220364
0.00889033
0.0195849
0.0199495
0.0168262
0.0249477
0.00433412
0.0736891
0.016752
0.0745294
0.0213274
0.0079161
0.019584
0.0200953
0.0161155
0.0247671
0.00355628
0.0761447
0.0173248
0.077009
0.0206004
0.00704844
0.0195832
0.0202422
0.0154339
0.0245877
0.00291797
0.0786806
0.0179893
0.0795699
0.0198543
0.00627573
0.0195823
0.0203901
0.0147787
0.0244096
0.00239417
0.0812997
0.0187313
0.0822148
0.0190883
0.00558761
0.0195815
0.0205391
0.0141448
0.0242327
0.00196439
0.0840046
0.0195411
0.0849461
0.0183012
0.00497484
0.0195806
0.0206892
0.0135195
0.0240572
0.00161178
0.0867981
0.0204124
0.0877668
0.0174921
0.00442925
0.0195798
0.0208404
0.0128696
0.0238829
0.00132259
0.0896831
0.0213415
0.0906796
0.0166598
0.00394379
0.0195789
0.0209927
0.0121026
0.0237099
0.00108565
0.0926624
0.0223263
0.0936873
0.0158032
0.0035143
0.0195781
0.021146
0.0109582
0.0235381
0.000892102
0.0957391
0.023366
0.0967931
0.014921
0.00315299
0.0195772
0.0213005
0.00870024
0.0233677
0.000735537
0.0989161
0.0244609
0.1
0.0140121
0.00299268
0.0195768
0.0214561
0.00571664
0.00858283
0.0232682
0.000671703
0.0989153
0.0993949
0.0262335
0.0138101
0.0119398
0.021548
0.00377881
0.00846837
0.0231692
0.000614033
0.0989145
0.0996609
0.0281442
0.0136109
0.0104987
0.0216402
0.00252249
0.00835736
0.0230705
0.000562272
0.0989137
0.0998087
0.0301994
0.0134146
0.00950567
0.0217328
0.00171049
0.00825054
0.0229723
0.000516342
0.0989128
0.0998911
0.0324076
0.0132212
0.00883062
0.0218257
0.00118838
0.00814894
0.0228746
0.00047641
0.0989119
0.0999371
0.0347786
0.0130305
0.00838146
0.0219191
0.000855659
0.00805401
0.0227772
0.000442992
0.0989109
0.0999629
0.0373234
0.0128425
0.00809287
0.0220128
0.000646947
0.00796785
0.0226802
0.000417119
0.09891
0.0999776
0.0400541
0.0126573
0.00791853
0.022107
0.000519744
0.00789337
0.0225837
0.000400589
0.098909
0.099986
0.0429838
0.0124747
0.00782563
0.0222015
0.000446449
0.00783474
0.0224875
0.000396365
0.0989079
0.0999909
0.0461267
0.0122948
0.00779089
0.0222964
0.000409176
0.00779782
0.0223918
0.0989067
0.0999939
0.0494981
0.0121174
0.0989052
0.0999957
0.0531142
0.0119426
0.098903
0.0999969
0.0569926
0.0117703
0.0988988
0.0999978
0.0611519
0.0116005
0.0988886
0.0999984
0.0656122
0.0114332
0.0988615
0.0999989
0.0703949
0.0112682
0.0987857
0.0999993
0.0755227
0.0111056
0.0985696
0.0999995
0.0810202
0.0109454
0.09795
0.0999997
0.0869134
0.0107875
0.0961684
0.0999999
0.0932301
0.0106346
0.0910413
0.1
0.1
0.01056
0.0910407
0.0567571
0.09104
0.0356258
0.0910394
0.0227074
0.0910387
0.0149256
0.091038
0.0103807
0.0910374
0.00791227
0.0910367
0.0068242
0.091036
0.00671448
0.0910353
0.00737123
0.0910346
0.00871052
0.0910339
0.0107408
0.0910332
0.0135448
0.0910325
0.0172728
0.0910318
0.0221453
0.091031
0.028461
0.0910303
0.036612
0.0910295
0.0471047
0.0910288
0.0605855
0.091028
0.0778739
0.0910272
0.1
0.0910262
0.0910251
0.091024
0.0910229
0.0910217
0.0910206
0.0910194
0.0910183
0.0910171
0.0910159
0.0910147
0.0910135
0.0910122
0.091011
0.0910097
0.0910085
0.0910072
0.0910059
0.0910045
0.0910037
END_LIST
