BEGIN_LIST
0.1
0.0999122
0.0998245
0.0997369
0.0996494
0.0995619
0.0994745
0.0993872
0.0992999
0.0992127
0.0991254
0.0990381
0.0989504
0.0988618
0.0987705
0.0986724
0.0985573
0.098399
0.0981315
0.0975889
0.096352
0.0922603
0.09546
0.0882627
0.0945718
0.084364
0.0936873
0.0805687
0.0928067
0.0768804
0.09193
0.0733021
0.0910572
0.0698363
0.0901884
0.0664846
0.0893237
0.0632483
0.0884632
0.060128
0.0876069
0.0571241
0.0867549
0.0542368
0.0859072
0.0514662
0.0850639
0.0488136
0.0842251
0.0462821
0.0833907
0.0438798
0.0825609
0.041625
0.0817357
0.0395574
0.0809131
0.0377606
0.0800131
0.0364097
0.0756745
0.0364095
0.03742
0.0340601
0.0732903
0.0728276
0.0364092
0.0382123
0.0334572
0.0709722
0.0700245
0.0364089
0.038869
0.0338074
0.0687189
0.0672694
0.0364087
0.0394421
0.0346889
0.0665291
0.0645667
0.0364084
0.0399643
0.0358778
0.0644015
0.0619199
0.0364081
0.0404559
0.0372555
0.0623348
0.0593324
0.0364079
0.04093
0.0387594
0.0603276
0.0568072
0.0364076
0.0413945
0.0403565
0.0583785
0.0543467
0.0364073
0.0418546
0.0420295
0.0564859
0.0519528
0.0364071
0.0423136
0.0437695
0.054648
0.0496271
0.0364068
0.0427734
0.0455719
0.0528623
0.0473703
0.0364065
0.0432354
0.0474343
0.0511254
0.0451822
0.0364062
0.0437003
0.0493557
0.0494314
0.0430608
0.036406
0.0441688
0.0513354
0.0477702
0.0410014
0.0364057
0.044641
0.053373
0.0461225
0.0389932
0.0364054
0.0451174
0.0554682
0.0444512
0.037014
0.0364052
0.0455979
0.0576205
0.0426834
0.0350186
0.0364048
0.0460827
0.0598295
0.040674
0.0329147
0.0364111
0.046572
0.0620945
0.0381341
0.030514
0.0358129
0.0470657
0.0644146
0.0344862
0.0274312
0.0346482
0.0355701
0.0402593
0.0576972
0.0380003
0.0660023
0.0338459
0.0315342
0.0274311
0.0259531
0.03351
0.0353289
0.0342217
0.063175
0.0316993
0.0676126
0.0331936
0.0287671
0.027431
0.0256482
0.0323984
0.0350891
0.0289302
0.0664698
0.0273922
0.0692456
0.0325288
0.0261853
0.0274309
0.0256853
0.0313137
0.0348509
0.024341
0.0688478
0.0245234
0.0709011
0.0318507
0.0237867
0.0274308
0.0258228
0.0302557
0.0346142
0.0203965
0.0708487
0.0226939
0.0725788
0.0311586
0.0215673
0.0274306
0.0259902
0.0292244
0.0343791
0.0170318
0.0727031
0.0216174
0.0742784
0.0304518
0.0195212
0.0274305
0.0261672
0.02822
0.0341454
0.0141805
0.0745089
0.0210893
0.0759993
0.0297296
0.0176411
0.0274304
0.0263479
0.0272421
0.0339132
0.0117772
0.076308
0.0209635
0.0777411
0.028991
0.0159189
0.0274303
0.0265305
0.0262907
0.0336825
0.00976099
0.0781177
0.0211358
0.0795031
0.0282352
0.0143458
0.0274301
0.0267145
0.0253654
0.0334533
0.00807591
0.0799452
0.021532
0.0812846
0.0274614
0.0129125
0.02743
0.0268997
0.0244661
0.0332255
0.00667209
0.0817933
0.0220996
0.083085
0.0266687
0.0116097
0.0274299
0.0270862
0.0235921
0.0329992
0.00550568
0.0836627
0.0228014
0.0849035
0.0258561
0.010428
0.0274298
0.027274
0.0227422
0.0327743
0.00453867
0.0855534
0.0236111
0.0867393
0.0250225
0.00935811
0.0274296
0.0274629
0.0219139
0.0325509
0.00373844
0.0874648
0.0245104
0.0885916
0.024167
0.00839119
0.0274295
0.0276532
0.0211002
0.032329
0.00307725
0.0893964
0.0254867
0.0904595
0.0232885
0.00751866
0.0274294
0.0278446
0.0202827
0.0321084
0.00253166
0.0913473
0.0265312
0.0923421
0.0223857
0.00673249
0.0274293
0.0280374
0.0194102
0.0318893
0.00208207
0.0933168
0.0276381
0.0942385
0.0214576
0.00602552
0.0274291
0.0282314
0.0183396
0.0316716
0.00171225
0.095304
0.0288038
0.0961476
0.0205028
0.00539424
0.027429
0.0284266
0.0166713
0.0314553
0.00140919
0.097308
0.0300258
0.0980684
0.0195202
0.00485937
0.0274289
0.0286232
0.013284
0.0312405
0.00116334
0.0993277
0.0313031
0.1
0.0185082
0.00462128
0.0274288
0.0288211
0.00875998
0.0131092
0.0311151
0.00106294
0.0993278
0.0996274
0.033351
0.0182565
0.0162112
0.0289378
0.00580667
0.0129382
0.0309902
0.000972127
0.0993278
0.0997936
0.0355294
0.018008
0.0146231
0.0290549
0.00388553
0.0127715
0.0308658
0.000890524
0.0993278
0.0998857
0.0378397
0.0177627
0.0135388
0.0291725
0.00264108
0.0126101
0.0307418
0.000818017
0.0993278
0.0999368
0.0402846
0.0175205
0.0128127
0.0292904
0.00183983
0.0124551
0.0306183
0.000754863
0.0993278
0.0999651
0.0428674
0.0172815
0.0123412
0.0294089
0.00132891
0.0123081
0.0304953
0.000701862
0.0993279
0.0999808
0.0455919
0.0170455
0.012051
0.0295278
0.00100845
0.0121714
0.0303727
0.000660603
0.0993279
0.0999895
0.0484619
0.0168126
0.0118902
0.0296471
0.00081338
0.0120485
0.0302506
0.000633857
0.0993279
0.0999943
0.051481
0.0165827
0.0118217
0.0297669
0.000701348
0.011944
0.030129
0.000626188
0.0993279
0.0999969
0.0546527
0.0163558
0.0118193
0.0298871
0.000644875
0.0118644
0.0300078
0.0993278
0.0999984
0.0579799
0.0161319
0.0993275
0.0999992
0.0614653
0.0159109
0.0993266
0.0999996
0.0651106
0.0156927
0.0993241
0.0999999
0.0689172
0.0154774
0.0993169
0.1
0.0728855
0.0152649
0.0992959
0.1
0.0770151
0.0150552
0.0992356
0.1
0.0813046
0.0148482
0.0990619
0.1
0.0857519
0.014644
0.0985617
0.1
0.0903534
0.0144426
0.0971215
0.1
0.0951047
0.0142472
0.0929749
0.1
0.1
0.0141519
0.0929749
0.0631225
0.0929749
0.0424225
0.092975
0.0286919
0.092975
0.0199981
0.092975
0.0148261
0.092975
0.012097
0.092975
0.0110996
0.092975
0.0114003
0.092975
0.0127638
0.092975
0.0150918
0.092975
0.0183796
0.092975
0.0226841
0.092975
0.028097
0.092975
0.0347204
0.092975
0.0426397
0.092975
0.0518944
0.092975
0.0624485
0.092975
0.074166
0.092975
0.0867997
0.092975
0.1
0.092975
0.092975
0.092975
0.092975
0.092975
0.092975
0.092975
0.092975
0.092975
0.092975
0.092975
0.092975
0.092975
0.092975
0.092975
0.092975
0.092975
0.092975
0.092975
0.092975
END_LIST
