BEGIN_LIST
0
1.21658e-162
4.29873e-162
1.21226e-161
3.19946e-161
8.24699e-161
2.10648e-160
5.36053e-160
1.36191e-159
3.45716e-159
8.7713e-159
2.22454e-158
5.63984e-158
1.42942e-157
3.62178e-157
9.17414e-157
2.3232e-156
5.88155e-156
1.48864e-155
3.76681e-155
4.35602e-155
8.04699e-155
4.34044e-155
1.50994e-154
4.32437e-155
2.82715e-154
4.30783e-155
5.25731e-154
4.2908e-155
9.71129e-154
4.27328e-155
1.78476e-153
4.25528e-155
3.26901e-153
4.2368e-155
5.97594e-153
4.21817e-155
1.0915e-152
4.2131e-155
1.99341e-152
4.81137e-155
3.64221e-152
3.13536e-154
6.6601e-152
1.17278e-152
1.21913e-151
5.02246e-151
2.23428e-151
2.15798e-149
4.10001e-151
9.27423e-148
7.53389e-151
3.98574e-146
1.38628e-150
1.71306e-144
2.55435e-150
7.36237e-143
4.71298e-150
3.16445e-141
8.70676e-150
1.3603e-139
8.99696e-150
1.16605e-149
4.92906e-150
3.24528e-139
1.41233e-139
9.29683e-150
1.34481e-149
2.79102e-150
6.35304e-139
1.4653e-139
9.6067e-150
1.44828e-149
1.58113e-150
1.13089e-138
1.51912e-139
9.9269e-150
1.50324e-149
8.96262e-151
1.90163e-138
1.5737e-139
1.02578e-149
1.527e-149
5.08391e-151
3.07673e-138
1.62891e-139
1.05997e-149
1.5308e-149
2.88584e-151
4.83935e-138
1.68461e-139
1.0953e-149
1.52188e-149
1.63933e-151
7.44689e-138
1.74065e-139
1.1318e-149
1.50495e-149
9.31923e-152
1.12582e-137
1.79679e-139
1.16953e-149
1.48305e-149
5.3017e-152
1.67694e-137
1.85274e-139
1.20851e-149
1.45813e-149
3.01835e-152
2.46616e-137
1.90805e-139
1.24879e-149
1.43147e-149
1.71965e-152
3.58617e-137
1.96197e-139
1.29041e-149
1.40389e-149
9.80436e-153
5.16218e-137
2.01322e-139
1.33342e-149
1.3759e-149
5.59383e-153
7.3619e-137
2.05955e-139
1.37787e-149
1.34786e-149
3.19374e-153
1.0408e-136
2.09678e-139
1.42379e-149
1.31997e-149
1.82468e-153
1.45934e-136
2.11714e-139
1.47125e-149
1.29237e-149
1.04318e-153
2.02996e-136
2.10602e-139
1.52012e-149
1.26514e-149
5.96768e-154
2.80178e-136
2.03576e-139
1.58566e-149
1.23834e-149
3.41596e-154
3.83728e-136
1.85382e-139
3.30138e-150
1.212e-149
1.9564e-154
5.21493e-136
1.4601e-139
1.15375e-147
1.18613e-149
1.12101e-154
7.03199e-136
6.63139e-140
6.62323e-147
1.17358e-147
8.62314e-149
5.30879e-150
9.211e-150
7.77255e-155
7.37512e-136
7.17987e-136
6.73963e-140
1.97384e-140
2.13763e-146
1.19374e-147
2.40041e-148
2.3784e-150
7.14138e-150
5.38949e-155
7.68829e-136
7.30474e-136
6.84963e-140
5.87503e-141
6.11314e-146
1.21423e-147
5.58612e-148
1.06614e-150
5.53101e-150
3.737e-155
7.96861e-136
7.40461e-136
6.96143e-140
1.74867e-141
1.68252e-145
1.23506e-147
1.22466e-147
4.78087e-151
4.28124e-150
2.59084e-155
8.21327e-136
7.47788e-136
7.07505e-140
5.20482e-142
4.56973e-145
1.25624e-147
2.63491e-147
2.14455e-151
3.31308e-150
1.79568e-155
8.41954e-136
7.5234e-136
7.19053e-140
1.54922e-142
1.23545e-144
1.27777e-147
5.6616e-147
9.6224e-152
2.56395e-150
1.24391e-155
8.58485e-136
7.54052e-136
7.3079e-140
4.61141e-143
3.33537e-144
1.29965e-147
1.22446e-146
4.31861e-152
1.98469e-150
8.60954e-156
8.70674e-136
7.52913e-136
7.42717e-140
1.37277e-143
9.00248e-144
1.3219e-147
2.67427e-146
1.93868e-152
1.53691e-150
5.95126e-156
8.78292e-136
7.48963e-136
7.5484e-140
4.08777e-144
2.43036e-143
1.34451e-147
5.90408e-146
8.70479e-153
1.19077e-150
4.10582e-156
8.81129e-136
7.42292e-136
7.6716e-140
1.2184e-144
6.56367e-143
1.3675e-147
1.31738e-145
3.90906e-153
9.23144e-151
2.8246e-156
8.78993e-136
7.33036e-136
7.79682e-140
3.64292e-145
1.77342e-142
1.39087e-147
2.96871e-145
1.75548e-153
7.16148e-151
1.93516e-156
8.71716e-136
7.21373e-136
7.92408e-140
1.10034e-145
4.79384e-142
1.41462e-147
6.7499e-145
7.88162e-154
5.55968e-151
1.31778e-156
8.59151e-136
7.0751e-136
8.05342e-140
3.43251e-146
1.29648e-141
1.43877e-147
1.54684e-144
3.53585e-154
4.31947e-151
8.89391e-157
8.41177e-136
6.9168e-136
8.18486e-140
1.17634e-146
3.508e-141
1.46332e-147
3.5692e-144
1.58312e-154
3.35857e-151
5.92311e-157
8.17701e-136
6.74131e-136
8.31846e-140
5.02203e-147
9.49667e-141
1.48827e-147
8.28426e-144
7.05595e-155
2.61356e-151
3.86476e-157
7.88657e-136
6.5512e-136
8.45423e-140
2.99014e-147
2.5722e-140
1.51363e-147
1.9325e-143
3.11284e-155
2.03549e-151
2.44054e-157
7.54008e-136
6.3491e-136
8.59222e-140
2.36052e-147
6.97063e-140
1.53942e-147
4.52727e-143
1.34176e-155
1.58661e-151
1.45713e-157
7.1375e-136
6.13787e-136
8.73246e-140
2.1487e-147
1.89017e-139
1.56563e-147
1.06441e-142
5.47201e-156
1.23775e-151
7.80104e-158
6.67909e-136
5.92222e-136
8.87494e-140
2.06165e-147
5.12957e-139
1.59228e-147
2.51007e-142
1.91746e-156
9.66404e-152
3.16045e-158
6.16545e-136
5.71912e-136
9.01782e-140
2.01212e-147
1.39399e-138
1.61941e-147
5.93399e-142
3.37493e-157
7.55156e-152
0
5.59752e-136
5.62418e-136
9.08891e-140
1.97414e-147
9.57158e-139
1.94258e-138
1.6355e-147
8.75148e-142
3.44152e-157
1.91995e-157
5.16893e-152
5.64855e-136
4.18225e-136
1.95395e-147
6.53931e-139
2.67966e-138
1.65174e-147
1.29091e-141
3.50943e-157
1.09223e-157
3.54476e-152
5.69984e-136
3.12428e-136
1.93437e-147
4.45215e-139
3.66909e-138
1.66814e-147
1.90465e-141
3.57867e-157
6.21336e-158
2.43521e-152
5.75139e-136
2.33355e-136
1.91521e-147
3.02406e-139
4.99632e-138
1.68469e-147
2.81088e-141
3.64928e-157
3.53446e-158
1.67557e-152
5.8032e-136
1.74265e-136
1.89634e-147
2.0509e-139
6.77572e-138
1.70141e-147
4.14933e-141
3.72129e-157
2.01048e-158
1.15435e-152
5.85527e-136
1.30112e-136
1.8777e-147
1.38955e-139
9.16041e-138
1.71828e-147
6.12655e-141
3.79472e-157
1.1435e-158
7.95958e-153
5.9076e-136
9.71236e-137
1.85928e-147
9.40912e-140
1.23553e-137
1.73532e-147
9.04792e-141
3.86959e-157
6.50286e-159
5.49018e-153
5.9602e-136
7.2478e-137
1.84105e-147
6.3691e-140
1.66345e-137
1.75252e-147
1.33649e-140
3.94594e-157
3.69704e-159
3.78543e-153
6.01306e-136
5.40662e-137
1.823e-147
4.31061e-140
2.23652e-137
1.76989e-147
1.97447e-140
4.0238e-157
2.10088e-159
2.60648e-153
6.06618e-136
4.03123e-137
1.80512e-147
2.91732e-140
3.00387e-137
1.78742e-147
4.10319e-157
1.19289e-159
1.78998e-153
6.11956e-136
4.18414e-157
6.76401e-160
1.22386e-153
6.17321e-136
4.26666e-157
3.82627e-160
8.31127e-154
6.22713e-136
4.35074e-157
2.15555e-160
5.587e-154
6.28131e-136
4.43629e-157
1.20563e-160
3.69919e-154
6.33575e-136
4.52296e-157
6.65739e-161
2.39392e-154
6.39047e-136
4.60977e-157
3.59109e-161
1.49493e-154
6.44545e-136
4.69387e-157
1.85163e-161
8.79529e-155
6.5007e-136
4.7671e-157
8.66913e-162
4.62144e-155
6.55618e-136
4.80643e-157
3.11423e-162
1.82939e-155
6.61095e-136
4.74673e-157
0
0
6.63793e-136
4.79315e-157
3.88315e-157
4.84002e-157
3.08946e-157
4.88735e-157
2.39877e-157
4.93514e-157
1.82981e-157
4.9834e-157
1.38317e-157
5.03214e-157
1.04514e-157
5.08135e-157
7.95181e-158
5.13103e-157
6.12163e-158
5.18121e-157
4.77799e-158
5.23188e-157
3.77715e-158
5.28304e-157
3.01291e-158
5.3347e-157
2.4104e-158
5.38687e-157
1.91899e-158
5.43955e-157
1.50602e-158
5.49274e-157
1.15162e-158
5.54645e-157
8.4443e-159
5.60069e-157
5.78357e-159
5.65546e-157
3.502e-159
5.71077e-157
1.57987e-159
5.76648e-157
0
5.84483e-157
5.92424e-157
6.00473e-157
6.08631e-157
6.169e-157
6.25281e-157
6.33777e-157
6.42387e-157
6.51115e-157
6.59961e-157
6.68928e-157
6.78016e-157
6.87228e-157
6.96565e-157
7.0603e-157
7.15614e-157
7.25376e-157
7.35048e-157
7.45893e-157
7.5201e-157
END_LIST
