BEGIN_LIST
0
8.95346e-112
3.10683e-111
8.52431e-111
2.17497e-110
5.39884e-110
1.3252e-109
3.23761e-109
7.89397e-109
1.92298e-108
4.68246e-108
1.13994e-107
2.77475e-107
6.7534e-107
1.64353e-106
3.99943e-106
9.73132e-106
2.36757e-105
5.7596e-105
1.40098e-104
3.50539e-104
1.5919e-103
3.58636e-104
3.83037e-103
3.66897e-104
7.75548e-103
3.75323e-104
1.45216e-102
3.83919e-104
2.60628e-102
3.92688e-104
4.56225e-102
4.01631e-104
7.86495e-102
4.10753e-104
1.34311e-101
4.20058e-104
2.28063e-101
4.29589e-104
3.8601e-101
4.41128e-104
6.52344e-101
5.31041e-104
1.10202e-100
3.98082e-103
1.86249e-100
1.51807e-101
3.15084e-100
6.50347e-100
5.33775e-100
2.79476e-98
9.05752e-100
1.20109e-96
1.53976e-99
5.16223e-95
2.62263e-99
2.21862e-93
4.47585e-99
9.53592e-92
7.6533e-99
4.09919e-90
8.07159e-99
9.91556e-99
4.49848e-99
9.77948e-90
4.256e-90
8.51285e-99
1.12157e-98
2.64505e-99
1.91444e-89
4.41563e-90
8.97837e-99
1.1888e-98
1.55622e-99
3.40785e-89
4.57784e-90
9.46948e-99
1.2153e-98
9.16315e-100
5.73035e-89
4.7423e-90
9.98759e-99
1.21559e-98
5.3999e-100
9.27129e-89
4.90868e-90
1.05342e-98
1.19926e-98
3.18501e-100
1.45825e-88
5.07656e-90
1.11109e-98
1.17259e-98
1.88031e-100
2.24396e-88
5.24543e-90
1.17192e-98
1.13972e-98
1.11107e-100
3.39236e-88
5.41464e-90
1.23611e-98
1.10336e-98
6.57122e-101
5.05296e-88
5.58326e-90
1.30382e-98
1.06527e-98
3.88992e-101
7.43091e-88
5.74994e-90
1.37527e-98
1.02659e-98
2.30474e-101
1.08055e-87
5.91243e-90
1.45064e-98
9.88064e-99
1.36672e-101
1.55539e-87
6.0669e-90
1.53016e-98
9.50147e-99
8.11173e-102
2.21813e-87
6.20652e-90
1.61407e-98
9.13129e-99
4.81848e-102
3.13587e-87
6.31873e-90
1.70259e-98
8.77179e-99
2.86458e-102
4.39683e-87
6.38011e-90
1.79598e-98
8.42391e-99
1.70432e-102
6.11593e-87
6.34661e-90
1.89452e-98
8.08811e-99
1.01475e-102
8.44113e-87
6.13489e-90
1.99893e-98
7.76449e-99
6.04594e-103
1.15607e-86
5.58661e-90
2.06917e-98
7.45297e-99
3.60434e-103
1.57109e-86
4.4001e-90
5.6535e-98
7.15335e-99
2.14978e-103
2.11848e-86
1.99841e-90
2.21816e-97
5.78346e-98
1.02101e-98
3.29343e-99
1.03909e-98
1.53065e-103
2.22185e-86
2.16303e-86
2.03103e-90
5.94831e-91
6.66764e-97
5.91666e-98
1.56175e-98
1.51793e-99
1.25785e-98
1.08975e-103
2.31619e-86
2.20064e-86
2.06418e-90
1.77048e-91
1.86489e-96
6.05318e-98
2.59168e-98
7.00052e-100
1.39454e-98
7.75683e-104
2.40063e-86
2.23073e-86
2.09788e-90
5.26976e-92
5.09238e-96
6.1931e-98
4.65869e-98
3.22999e-100
1.46796e-98
5.51912e-104
2.47433e-86
2.2528e-86
2.13212e-90
1.56852e-92
1.37905e-95
6.33653e-98
8.95596e-98
1.49085e-100
1.49329e-98
3.92445e-104
2.53647e-86
2.26651e-86
2.16692e-90
4.66879e-93
3.72422e-95
6.48356e-98
1.81098e-97
6.88345e-101
1.48265e-98
2.78785e-104
2.58627e-86
2.27167e-86
2.20229e-90
1.38978e-93
1.00502e-94
6.63428e-98
3.79634e-97
3.17917e-101
1.44564e-98
1.97769e-104
2.62299e-86
2.26823e-86
2.23824e-90
4.13784e-94
2.71222e-94
6.78879e-98
8.16473e-97
1.46873e-101
1.38982e-98
1.4002e-104
2.64593e-86
2.25633e-86
2.27477e-90
1.23275e-94
7.32165e-94
6.9472e-98
1.78939e-96
6.7868e-102
1.32109e-98
9.88619e-105
2.65448e-86
2.23623e-86
2.31191e-90
3.68015e-95
1.97731e-93
7.10961e-98
3.97916e-96
3.13651e-102
1.24405e-98
6.95353e-105
2.64804e-86
2.20834e-86
2.34964e-90
1.10595e-95
5.34241e-93
7.27613e-98
8.95331e-96
1.44947e-102
1.16226e-98
4.86488e-105
2.62611e-86
2.1732e-86
2.38799e-90
3.39469e-96
1.44413e-92
7.44688e-98
2.03433e-95
6.69575e-103
1.07842e-98
3.37839e-105
2.58826e-86
2.13144e-86
2.42697e-90
1.1107e-96
3.9056e-92
7.62197e-98
4.66063e-95
3.08961e-103
9.9461e-99
2.32156e-105
2.53411e-86
2.08374e-86
2.46659e-90
4.28422e-97
1.05678e-91
7.80151e-98
1.07527e-94
1.42197e-103
9.1236e-99
1.57134e-105
2.46338e-86
2.03087e-86
2.50685e-90
2.22978e-97
2.86085e-91
7.98563e-98
2.49561e-94
6.50814e-104
8.32798e-99
1.0399e-105
2.37589e-86
1.9736e-86
2.54777e-90
1.5953e-97
7.74871e-91
8.17446e-98
5.82152e-94
2.94356e-104
7.56722e-99
6.64563e-106
2.2715e-86
1.91271e-86
2.58935e-90
1.38408e-97
2.09989e-90
8.36814e-98
1.3638e-93
1.29766e-104
6.84671e-99
4.00563e-106
2.15022e-86
1.84908e-86
2.63162e-90
1.29944e-97
5.69411e-90
8.56683e-98
3.20643e-93
5.39608e-105
6.16984e-99
2.15936e-106
2.01212e-86
1.78411e-86
2.67456e-90
1.25303e-97
1.54527e-89
8.77076e-98
7.56134e-93
1.9237e-105
5.53841e-99
8.78501e-107
1.85738e-86
1.72292e-86
2.71762e-90
1.21855e-97
4.19938e-89
8.98041e-98
1.78756e-92
3.51547e-106
4.953e-99
0
1.68629e-86
1.69432e-86
2.73905e-90
1.18815e-97
2.88342e-89
5.85201e-89
9.10548e-98
2.63631e-92
3.62932e-106
2.03404e-106
4.14145e-99
1.70166e-86
1.25993e-86
1.17127e-97
1.96995e-89
8.07245e-89
9.23243e-98
3.88877e-92
3.74689e-106
1.17688e-106
3.43457e-99
1.71711e-86
9.41205e-87
1.15475e-97
1.3412e-89
1.10531e-88
9.3613e-98
5.73763e-92
3.86827e-106
6.80918e-107
2.82499e-99
1.73264e-86
7.02993e-87
1.13853e-97
9.1099e-90
1.50514e-88
9.49211e-98
8.46758e-92
3.99361e-106
3.93946e-107
2.30416e-99
1.74825e-86
5.2498e-87
1.12259e-97
6.17828e-90
2.04119e-88
9.6249e-98
1.24996e-91
4.12303e-106
2.27903e-107
1.86307e-99
1.76393e-86
3.91968e-87
1.10689e-97
4.18599e-90
2.75958e-88
9.75969e-98
1.84558e-91
4.25668e-106
1.31828e-107
1.4927e-99
1.7797e-86
2.92588e-87
1.09145e-97
2.83446e-90
3.72204e-88
9.89653e-98
2.72563e-91
4.39469e-106
7.62381e-108
1.18434e-99
1.79554e-86
2.18342e-87
1.07623e-97
1.91866e-90
5.01117e-88
1.00354e-97
4.0261e-91
4.53727e-106
4.40736e-108
9.29804e-100
1.81146e-86
1.62876e-87
1.06125e-97
1.29855e-90
6.73756e-88
1.01765e-97
5.94799e-91
4.68468e-106
2.54637e-108
7.21546e-100
1.82747e-86
1.21442e-87
1.0465e-97
8.78827e-91
9.04921e-88
1.03196e-97
4.83742e-106
1.46968e-108
5.52714e-100
1.84355e-86
4.99658e-106
8.46821e-109
4.17171e-100
1.85971e-86
5.16495e-106
4.86551e-109
3.09486e-100
1.87595e-86
5.34996e-106
2.78224e-109
2.24904e-100
1.89227e-86
5.57188e-106
1.57813e-109
1.593e-100
1.90867e-86
5.88659e-106
8.8268e-110
1.09135e-100
1.92515e-86
6.4485e-106
4.81524e-110
7.13975e-101
1.94172e-86
7.68497e-106
2.50607e-110
4.35513e-101
1.95836e-86
1.07792e-105
1.18155e-110
2.34809e-101
1.97507e-86
1.90081e-105
4.26298e-111
9.43948e-102
1.99157e-86
4.14462e-105
0
0
1.9997e-86
4.22198e-105
2.06182e-104
4.3008e-105
3.25035e-104
4.38109e-105
4.02963e-104
4.46289e-105
4.48767e-104
4.54622e-105
4.72266e-104
4.63112e-105
4.81685e-104
4.7176e-105
4.82422e-104
4.80571e-105
4.77092e-104
4.89548e-105
4.66249e-104
4.98692e-105
4.49249e-104
5.08008e-105
4.25053e-104
5.17499e-105
3.92876e-104
5.27169e-105
3.52639e-104
5.37019e-105
3.0521e-104
5.47054e-105
2.5239e-104
5.57278e-105
1.96691e-104
5.67694e-105
1.40981e-104
5.78305e-105
8.80937e-105
5.89118e-105
4.0483e-105
6.00079e-105
0
6.15693e-105
6.31714e-105
6.48154e-105
6.65024e-105
6.82335e-105
7.00098e-105
7.18325e-105
7.37029e-105
7.56222e-105
7.75917e-105
7.96127e-105
8.16865e-105
8.38146e-105
8.59982e-105
8.82395e-105
9.05368e-105
9.29067e-105
9.52807e-105
9.79843e-105
9.95221e-105
END_LIST
