BEGIN_LIST
0.1
0.0999137
0.0998275
0.0997413
0.0996553
0.0995692
0.0994833
0.0993974
0.0993116
0.0992258
0.09914
0.0990542
0.0989681
0.0988812
0.0987922
0.0986978
0.0985896
0.0984466
0.0982158
0.0977633
0.0967517
0.0933781
0.0960336
0.0900281
0.0953157
0.0867087
0.0945983
0.0834268
0.0938813
0.0801886
0.0931648
0.0770004
0.0924489
0.0738676
0.0917337
0.0707955
0.0910192
0.0677887
0.0903056
0.0648517
0.0895929
0.0619883
0.0888811
0.0592025
0.0881704
0.0564983
0.0874609
0.0538807
0.0867525
0.0513573
0.0860454
0.048941
0.0853396
0.0466568
0.0846352
0.0445538
0.0839305
0.0427316
0.0831512
0.0413929
0.0792386
0.0413926
0.0421674
0.0396053
0.0768947
0.0769406
0.0413923
0.0428193
0.0393392
0.0746067
0.0746356
0.041392
0.0433952
0.0399114
0.072374
0.0723284
0.0413917
0.0439246
0.0409542
0.0701962
0.0700237
0.0413915
0.044426
0.0422698
0.0680725
0.0677263
0.0413912
0.0449112
0.0437521
0.0660023
0.0654408
0.0413909
0.0453876
0.0453435
0.0639847
0.0631716
0.0413906
0.0458598
0.0470128
0.062019
0.0609231
0.0413903
0.0463307
0.048743
0.0601041
0.058699
0.04139
0.0468022
0.0505244
0.0582386
0.056503
0.0413898
0.0472755
0.0523513
0.0564205
0.0543375
0.0413895
0.0477514
0.0542201
0.0546468
0.0522039
0.0413892
0.0482302
0.0561282
0.052912
0.0501009
0.0413889
0.0487123
0.0580735
0.0512063
0.0480225
0.0413886
0.049198
0.060054
0.0495108
0.0459533
0.0413884
0.0496872
0.0620679
0.0477883
0.043859
0.0413881
0.0501802
0.0641132
0.0459663
0.0416681
0.0413877
0.0506769
0.066188
0.0439001
0.0392325
0.041394
0.0511775
0.06829
0.0413023
0.0362505
0.0408
0.0516818
0.0704171
0.037599
0.0321071
0.0396759
0.0405336
0.0451463
0.0626775
0.0421048
0.071857
0.0369362
0.0348243
0.032107
0.0300411
0.038566
0.0402688
0.0391056
0.0682554
0.0354288
0.0733053
0.0362614
0.0321561
0.0321068
0.0295801
0.0374711
0.0400055
0.033615
0.0715136
0.0308567
0.0747617
0.0355742
0.0296061
0.0321067
0.0295869
0.0363919
0.0397437
0.0286984
0.0737812
0.0278096
0.0762254
0.0348738
0.0271831
0.0321066
0.0297308
0.035329
0.0394835
0.0243537
0.0756286
0.0258687
0.0776958
0.0341596
0.0248935
0.0321064
0.0299153
0.0342832
0.0392248
0.0205583
0.077301
0.0247324
0.0791723
0.0334307
0.022741
0.0321063
0.0301126
0.033255
0.0389676
0.0172757
0.0789031
0.0241835
0.080654
0.0326863
0.0207273
0.0321062
0.0303146
0.0322448
0.038712
0.0144609
0.0804796
0.0240666
0.0821402
0.0319258
0.0188517
0.032106
0.0305187
0.0312533
0.0384579
0.0120646
0.0820493
0.0242701
0.0836299
0.0311483
0.0171121
0.0321059
0.0307244
0.0302807
0.0382052
0.0100373
0.0836198
0.0247143
0.0851224
0.0303528
0.0155048
0.0321058
0.0309315
0.0293272
0.0379541
0.00833103
0.0851937
0.0253424
0.0866166
0.0295384
0.014025
0.0321056
0.0311399
0.0283929
0.0377045
0.00690117
0.0867719
0.026114
0.0881119
0.0287042
0.012667
0.0321055
0.0313495
0.0274767
0.0374563
0.00570732
0.088354
0.0270003
0.0896072
0.0278493
0.0114245
0.0321054
0.0315605
0.0265761
0.0372096
0.00471354
0.0899395
0.0279808
0.0911016
0.0269724
0.0102906
0.0321052
0.0317728
0.0256829
0.0369644
0.00388843
0.0915275
0.0290414
0.0925943
0.0260727
0.00925856
0.0321051
0.0319864
0.0247742
0.0367207
0.00320484
0.0931172
0.030172
0.0940844
0.0251488
0.0083213
0.032105
0.0322013
0.0237861
0.0364784
0.00263965
0.0947077
0.0313656
0.0955708
0.0241997
0.00747249
0.0321048
0.0324175
0.0225404
0.0362376
0.00217348
0.0962981
0.0326176
0.0970529
0.0232241
0.00670986
0.0321047
0.0326351
0.0205412
0.0359982
0.00179058
0.0978874
0.0339247
0.0985295
0.0222207
0.0060606
0.0321046
0.032854
0.0164052
0.0357605
0.00147938
0.0994747
0.0352849
0.1
0.0211881
0.00577098
0.0321045
0.0330743
0.0108448
0.0161923
0.0356216
0.00135213
0.0994747
0.0997089
0.0374533
0.0209095
0.0188529
0.0332042
0.00720268
0.0159837
0.0354832
0.00123694
0.0994747
0.0998387
0.0397425
0.0206342
0.0172461
0.0333345
0.00482813
0.0157799
0.0353453
0.00113335
0.0994747
0.0999107
0.0421507
0.0203621
0.0161573
0.0334653
0.00328776
0.0155819
0.0352079
0.0010412
0.0994747
0.0999507
0.0446775
0.0200934
0.015437
0.0335965
0.00229518
0.0153907
0.035071
0.000960816
0.0994748
0.0999728
0.0473227
0.0198279
0.014979
0.0337281
0.00166207
0.0152082
0.0349345
0.000893192
0.0994748
0.099985
0.0500865
0.0195656
0.014708
0.0338603
0.00126513
0.0150368
0.0347986
0.000840297
0.0994748
0.0999918
0.0529686
0.0193064
0.0145705
0.0339929
0.00102382
0.0148798
0.0346631
0.000805572
0.0994748
0.0999956
0.0559685
0.0190504
0.0145284
0.034126
0.000885687
0.0147421
0.0345281
0.00079468
0.0994748
0.0999976
0.0590851
0.0187975
0.0145548
0.0342595
0.000816657
0.0146306
0.0343936
0.0994747
0.0999988
0.0623167
0.0185477
0.0994745
0.0999994
0.0656607
0.018301
0.0994737
0.0999997
0.0691139
0.0180572
0.0994714
0.0999999
0.0726723
0.0178165
0.0994648
0.1
0.0763307
0.0175787
0.0994457
0.1
0.0800836
0.0173439
0.0993908
0.1
0.083924
0.0171119
0.0992327
0.1
0.0878447
0.0168828
0.0987773
0.1
0.0918371
0.0166567
0.0974661
0.1
0.0958921
0.0164373
0.0936911
0.1
0.1
0.0163302
0.0936911
0.0659223
0.0936911
0.0458964
0.0936911
0.0321591
0.0936911
0.0232594
0.0936911
0.0179281
0.0936911
0.0151841
0.0936911
0.0143435
0.0936912
0.0149722
0.0936912
0.0168235
0.0936912
0.0197803
0.0936912
0.0238075
0.0936912
0.0289113
0.0936912
0.0351051
0.0936912
0.0423767
0.0936912
0.0506614
0.0936912
0.0598216
0.0936912
0.0696396
0.0936912
0.0798283
0.0936912
0.0900589
0.0936912
0.1
0.0936912
0.0936912
0.0936912
0.0936912
0.0936912
0.0936912
0.0936912
0.0936912
0.0936912
0.0936912
0.0936912
0.0936912
0.0936913
0.0936913
0.0936913
0.0936913
0.0936913
0.0936913
0.0936913
0.0936913
END_LIST
