BEGIN_LIST
0
1.17479e-48
4.07586e-48
1.11806e-47
2.852e-47
7.07774e-47
1.73698e-46
4.24309e-46
1.0345e-45
2.52017e-45
6.13742e-45
1.49449e-44
3.63898e-44
8.8607e-44
2.15755e-43
5.25373e-43
1.27932e-42
3.11532e-42
7.58646e-42
1.84749e-41
4.4992e-41
2.0131e-40
4.60287e-41
4.8271e-40
4.70879e-41
9.74967e-40
4.81701e-41
1.82123e-39
4.92758e-41
3.26065e-39
5.04054e-41
5.69349e-39
5.15593e-41
9.79105e-39
5.27382e-41
1.66815e-38
5.39424e-41
2.82651e-38
5.51725e-41
4.77502e-38
5.6429e-41
8.05657e-38
5.77124e-41
1.35918e-37
5.90233e-41
2.29452e-37
6.0363e-41
3.87812e-37
6.17633e-41
6.56463e-37
6.45716e-41
1.11314e-36
1.26653e-40
1.89098e-36
2.73411e-39
3.21839e-36
1.14696e-37
5.48781e-36
4.92524e-36
9.37392e-36
2.11643e-34
9.88982e-36
1.21382e-35
5.51284e-36
5.04196e-34
2.19999e-34
1.0434e-35
1.37251e-35
3.243e-36
9.84328e-34
2.28523e-34
1.10082e-35
1.45433e-35
1.90879e-36
1.7455e-33
2.37203e-34
1.16138e-35
1.48628e-35
1.12427e-36
2.92095e-33
2.46024e-34
1.22526e-35
1.48614e-35
6.6271e-37
4.6986e-33
2.5497e-34
1.29265e-35
1.46563e-35
3.90957e-37
7.34096e-33
2.64021e-34
1.36374e-35
1.43247e-35
2.30833e-37
1.12113e-32
2.73154e-34
1.43873e-35
1.39172e-35
1.36405e-37
1.6808e-32
2.82343e-34
1.51783e-35
1.34671e-35
8.0673e-38
2.48095e-32
2.91548e-34
1.60127e-35
1.29958e-35
4.77519e-38
3.61318e-32
3.0072e-34
1.68929e-35
1.25175e-35
2.82888e-38
5.20024e-32
3.09776e-34
1.78213e-35
1.20412e-35
1.67724e-38
7.40535e-32
3.18582e-34
1.88005e-35
1.15725e-35
9.95247e-39
1.04439e-31
3.26902e-34
1.98334e-35
1.1115e-35
5.91036e-39
1.45981e-31
3.34304e-34
2.0923e-35
1.06708e-35
3.5127e-39
2.02341e-31
3.39978e-34
2.20721e-35
1.0241e-35
2.08929e-39
2.78237e-31
3.42393e-34
2.32843e-35
9.82613e-36
1.24358e-39
3.7969e-31
3.38622e-34
2.45628e-35
9.42639e-36
7.40706e-40
5.14302e-31
3.23057e-34
2.59106e-35
9.04167e-36
4.41455e-40
6.91587e-31
2.84904e-34
2.73869e-35
8.67168e-36
2.63238e-40
9.2334e-31
2.03345e-34
2.80261e-35
2.82602e-35
9.70102e-36
3.99682e-36
1.29136e-35
1.87401e-40
9.66923e-31
9.42039e-31
2.07697e-34
1.52019e-34
2.86671e-35
2.91609e-35
1.06735e-35
1.84404e-36
1.57927e-35
1.33406e-40
1.0066e-30
9.57688e-31
2.12146e-34
1.34068e-34
2.93092e-35
3.00899e-35
1.15527e-35
8.51286e-37
1.76064e-35
9.49497e-41
1.042e-30
9.70031e-31
2.16696e-34
1.26068e-34
2.99516e-35
3.1048e-35
1.23071e-35
3.93146e-37
1.85984e-35
6.75547e-41
1.07277e-30
9.78865e-31
2.21347e-34
1.21089e-34
3.05938e-35
3.20362e-35
1.29137e-35
1.81624e-37
1.89656e-35
4.80347e-41
1.09857e-30
9.84049e-31
2.26104e-34
1.17082e-34
3.12351e-35
3.30554e-35
1.33588e-35
8.3929e-38
1.88651e-35
3.41233e-41
1.11907e-30
9.85506e-31
2.30967e-34
1.13437e-34
3.1876e-35
3.41065e-35
1.3639e-35
3.8794e-38
1.84211e-35
2.4208e-41
1.13396e-30
9.8323e-31
2.3594e-34
1.09972e-34
3.25183e-35
3.51906e-35
1.37593e-35
1.79356e-38
1.77314e-35
1.71405e-41
1.14295e-30
9.77282e-31
2.41025e-34
1.06632e-34
3.31688e-35
3.63086e-35
1.37324e-35
8.29364e-39
1.68723e-35
1.21035e-41
1.14579e-30
9.6779e-31
2.46225e-34
1.03398e-34
3.38476e-35
3.74616e-35
1.35753e-35
3.83541e-39
1.59035e-35
8.51419e-42
1.14222e-30
9.5494e-31
2.51543e-34
1.00262e-34
3.461e-35
3.86506e-35
1.33083e-35
1.77353e-39
1.48708e-35
5.95767e-42
1.13204e-30
9.38969e-31
2.5698e-34
9.72202e-35
3.56072e-35
3.98768e-35
1.29521e-35
8.19733e-40
1.38095e-35
4.13796e-42
1.11506e-30
9.20156e-31
2.62541e-34
9.42697e-35
3.72508e-35
4.11414e-35
1.25271e-35
3.78443e-40
1.27463e-35
2.84401e-42
1.09113e-30
8.98811e-31
2.68228e-34
9.14074e-35
4.06567e-35
4.24454e-35
1.20526e-35
1.74257e-40
1.17011e-35
1.9253e-42
1.06014e-30
8.75263e-31
2.74043e-34
8.86307e-35
4.88522e-35
4.37902e-35
1.15469e-35
7.97878e-41
1.06886e-35
1.27436e-42
1.022e-30
8.49852e-31
2.79991e-34
8.59371e-35
7.00492e-35
4.51769e-35
1.10283e-35
3.61002e-41
9.71919e-36
8.14516e-43
9.76671e-31
8.22922e-31
2.86073e-34
8.33241e-35
1.26537e-34
4.6607e-35
1.05195e-35
1.59195e-41
8.80006e-36
4.91007e-43
9.24145e-31
7.94851e-31
2.92294e-34
8.07895e-35
2.78854e-34
4.80821e-35
1.00562e-35
6.62144e-42
7.93566e-36
2.64717e-43
8.64458e-31
7.66255e-31
2.98653e-34
7.83308e-35
6.9165e-34
4.96044e-35
9.70818e-36
2.36101e-42
7.12846e-36
1.07702e-43
7.97688e-31
7.39366e-31
3.0507e-34
7.59458e-35
1.81398e-33
5.11783e-35
9.63018e-36
4.3162e-43
6.37935e-36
0
7.23953e-31
7.26805e-31
3.08272e-34
7.36323e-35
1.2471e-33
2.51572e-33
5.21205e-35
9.75679e-36
4.45657e-43
2.49771e-43
5.33968e-36
7.30328e-31
5.40433e-31
7.23137e-35
8.53715e-34
3.45848e-33
5.30799e-35
1.00609e-35
4.60161e-43
1.44536e-43
4.43282e-36
7.36731e-31
4.03369e-31
7.10157e-35
5.83024e-34
4.7242e-33
5.40566e-35
1.06258e-35
4.75163e-43
8.36359e-44
3.64969e-36
7.43163e-31
3.0102e-31
6.97392e-35
3.97884e-34
6.42263e-33
5.50511e-35
1.15743e-35
4.90734e-43
4.83933e-44
2.97969e-36
7.49623e-31
2.24607e-31
6.84847e-35
2.7179e-34
8.70078e-33
5.60635e-35
1.30877e-35
5.07033e-43
2.79991e-44
2.41151e-36
7.56112e-31
1.67563e-31
6.7252e-35
1.86164e-34
1.17557e-32
5.70943e-35
1.54341e-35
5.24483e-43
1.61974e-44
1.93382e-36
7.6263e-31
1.24982e-31
6.6041e-35
1.28143e-34
1.58512e-32
5.81438e-35
1.90098e-35
5.44222e-43
9.36805e-45
1.53562e-36
7.69176e-31
9.31987e-32
6.48514e-35
8.88918e-35
2.1341e-32
5.92122e-35
2.44003e-35
5.69371e-43
5.41617e-45
1.20654e-36
7.75751e-31
6.94766e-32
6.36828e-35
6.23795e-35
2.86987e-32
6.03e-35
3.24712e-35
6.08547e-43
3.12946e-45
9.36989e-37
7.82355e-31
5.17718e-32
6.25349e-35
4.45014e-35
3.85589e-32
6.14075e-35
6.8559e-43
1.80636e-45
7.18234e-37
7.88987e-31
8.66486e-43
1.04089e-45
5.42438e-37
7.95648e-31
1.33397e-42
5.98094e-46
4.02644e-37
8.02337e-31
2.59414e-42
3.42029e-46
2.92747e-37
8.09056e-31
6.04865e-42
1.94015e-46
2.07444e-37
8.15802e-31
1.55796e-41
1.08523e-46
1.4217e-37
8.22578e-31
4.19392e-41
5.92051e-47
9.30378e-38
8.29382e-31
1.14908e-40
3.08144e-47
5.67649e-38
8.36215e-31
3.16965e-40
1.45286e-47
3.06103e-38
8.43072e-31
8.7656e-40
5.24198e-48
1.23068e-38
8.49838e-31
2.4264e-39
0
0
8.53169e-31
2.47294e-39
1.38657e-38
2.52037e-39
2.21411e-38
2.56871e-39
2.75879e-38
2.61797e-39
3.08089e-38
2.66818e-39
3.24798e-38
2.71935e-39
3.31686e-38
2.77151e-39
3.32488e-38
2.82466e-39
3.2903e-38
2.87884e-39
3.21708e-38
2.93405e-39
3.1009e-38
2.99032e-39
2.93468e-38
3.04767e-39
2.71307e-38
3.10612e-39
2.43558e-38
3.1657e-39
2.10824e-38
3.22641e-39
1.74354e-38
3.28829e-39
1.35885e-38
3.35136e-39
9.74024e-39
3.41563e-39
6.08648e-39
3.48116e-39
2.79706e-39
3.5476e-39
0
3.6423e-39
3.73952e-39
3.83934e-39
3.94183e-39
4.04705e-39
4.15508e-39
4.26599e-39
4.37987e-39
4.49678e-39
4.61682e-39
4.74006e-39
4.86659e-39
4.99649e-39
5.12986e-39
5.26683e-39
5.40728e-39
5.55225e-39
5.69755e-39
5.86312e-39
5.95733e-39
END_LIST
