BEGIN_LIST
0.1
0.099916
0.099832
0.0997481
0.0996642
0.0995804
0.0994967
0.099413
0.0993294
0.0992459
0.0991623
0.0990788
0.098995
0.0989107
0.098825
0.0987354
0.0986362
0.0985126
0.0983272
0.097986
0.0972518
0.0947875
0.0967423
0.0922894
0.0962306
0.0897626
0.095717
0.0872127
0.0952014
0.0846452
0.0946838
0.0820657
0.0941644
0.0794803
0.0936431
0.0768945
0.0931201
0.0743145
0.0925953
0.0717459
0.0920688
0.0691949
0.0915406
0.0666677
0.0910109
0.0641711
0.0904796
0.0617135
0.0899469
0.0593063
0.0894126
0.0569676
0.088877
0.0547288
0.0883401
0.0526486
0.0878002
0.050841
0.0871926
0.0495313
0.0839
0.049531
0.0497962
0.0488972
0.081665
0.08234
0.0495307
0.0501341
0.0492672
0.07947
0.0807392
0.0495304
0.0505185
0.0502014
0.0773154
0.0790996
0.0495301
0.050933
0.0514566
0.0752015
0.0774234
0.0495298
0.0513673
0.0528978
0.0731285
0.0757133
0.0495295
0.051815
0.05445
0.0710965
0.073972
0.0495293
0.0522721
0.056071
0.0691054
0.0722022
0.049529
0.0527361
0.0577367
0.0671553
0.0704069
0.0495287
0.0532055
0.0594328
0.0652457
0.068589
0.0495284
0.0536792
0.0611506
0.0633761
0.0667509
0.0495281
0.0541568
0.0628841
0.0615452
0.0648943
0.0495278
0.0546377
0.0646292
0.0597505
0.0630188
0.0495275
0.0551218
0.0663825
0.0579873
0.0611201
0.0495272
0.0556089
0.068141
0.0562466
0.0591857
0.049527
0.0560988
0.0699021
0.0545105
0.0571875
0.0495267
0.0565916
0.0716633
0.0527437
0.055065
0.0495264
0.0570872
0.073422
0.0508765
0.0526941
0.049526
0.0575855
0.075176
0.0487707
0.049823
0.0495319
0.0580865
0.0769227
0.046152
0.0459446
0.0489739
0.0585903
0.07866
0.0424751
0.0400391
0.0479842
0.0486754
0.0528121
0.0697717
0.0485364
0.0798183
0.041799
0.0400743
0.0400389
0.0369796
0.0469918
0.0483784
0.0471174
0.0753145
0.0414982
0.0809702
0.0411121
0.037677
0.0400388
0.0362518
0.0459978
0.0480829
0.0416243
0.0784124
0.0366663
0.082115
0.0404135
0.0353003
0.0400387
0.0362038
0.0450031
0.0477889
0.0364318
0.0804482
0.0334462
0.0832523
0.0397028
0.032961
0.0400385
0.0363546
0.0440087
0.0474963
0.0316143
0.0820205
0.0314033
0.0843815
0.0389792
0.0306745
0.0400384
0.0365642
0.0430156
0.0472052
0.0272203
0.0833887
0.0302218
0.085502
0.038242
0.0284547
0.0400382
0.0367918
0.0420247
0.0469156
0.0232734
0.0846649
0.0296726
0.0866134
0.0374905
0.0263137
0.0400381
0.0370256
0.0410371
0.0466275
0.0197758
0.0858972
0.0295899
0.0877151
0.0367239
0.0242615
0.0400379
0.0372621
0.0400536
0.0463408
0.0167129
0.0871063
0.0298542
0.0888065
0.0359415
0.0223062
0.0400378
0.0375003
0.0390751
0.0460556
0.0140582
0.0883007
0.0303792
0.0898871
0.0351424
0.0204536
0.0400377
0.03774
0.0381023
0.0457718
0.0117775
0.0894837
0.0311027
0.0909564
0.0343258
0.0187076
0.0400375
0.037981
0.0371355
0.0454895
0.00983302
0.0906565
0.03198
0.092014
0.0334907
0.0170704
0.0400374
0.0382234
0.0361741
0.0452086
0.00818571
0.0918192
0.0329789
0.0930593
0.0326363
0.0155421
0.0400372
0.0384671
0.0352144
0.0449292
0.0067977
0.0929716
0.0340761
0.0940919
0.0317614
0.0141218
0.0400371
0.0387121
0.0342454
0.0446512
0.00563352
0.0941133
0.0352549
0.0951115
0.0308652
0.012807
0.0400369
0.0389585
0.0332349
0.0443747
0.00466087
0.0952439
0.0365033
0.0961175
0.0299465
0.0115945
0.0400368
0.0392062
0.0320934
0.0440996
0.00385106
0.0963627
0.0378126
0.0971097
0.0290042
0.010481
0.0400367
0.0394553
0.0305729
0.0438259
0.00317924
0.0974694
0.0391763
0.0980878
0.0280372
0.00946827
0.0400365
0.0397057
0.0279893
0.0435537
0.00262477
0.0985635
0.0405899
0.0990513
0.0270442
0.0085978
0.0400364
0.0399575
0.0224541
0.043283
0.00217224
0.0996446
0.0420499
0.1
0.026024
0.0082078
0.0400363
0.0402106
0.0149174
0.0221716
0.0431248
0.00198672
0.0996446
0.0998031
0.0443551
0.0257026
0.0237352
0.0403599
0.00994878
0.021894
0.0429671
0.00181849
0.0996447
0.099891
0.0467577
0.0253845
0.0221767
0.0405095
0.00669514
0.021622
0.0428099
0.00166688
0.0996447
0.0999397
0.0492515
0.0250697
0.0211384
0.0406595
0.00457861
0.0213563
0.0426532
0.00153169
0.0996447
0.0999667
0.0518312
0.0247582
0.0204707
0.04081
0.00321272
0.0210983
0.042497
0.00141334
0.0996447
0.0999817
0.0544922
0.0244499
0.0200674
0.040961
0.0023413
0.0208496
0.0423412
0.0013132
0.0996447
0.09999
0.0572296
0.0241449
0.0198529
0.0411125
0.00179565
0.0206128
0.0421859
0.00123398
0.0996448
0.0999946
0.0600387
0.0238432
0.0197733
0.0412644
0.0014652
0.0203912
0.0420312
0.00118043
0.0996448
0.0999971
0.062914
0.0235446
0.0197907
0.0414168
0.00127773
0.0201897
0.0418768
0.00116036
0.0996448
0.0999985
0.0658497
0.0232493
0.0198778
0.0415697
0.00118626
0.0200154
0.041723
0.0996447
0.0999993
0.0688394
0.0229571
0.0996445
0.0999997
0.0718763
0.022668
0.0996438
0.0999999
0.074953
0.0223821
0.0996418
0.1
0.0780617
0.0220993
0.0996361
0.1
0.0811942
0.0218195
0.0996197
0.1
0.0843419
0.0215429
0.0995722
0.1
0.0874962
0.0212693
0.0994354
0.1
0.090648
0.0209987
0.0990417
0.1
0.0937885
0.0207312
0.097908
0.1
0.0969088
0.0204714
0.0946439
0.1
0.1
0.0203445
0.094644
0.0701576
0.094644
0.0517683
0.094644
0.0386252
0.094644
0.0298476
0.094644
0.0245589
0.094644
0.0219902
0.094644
0.0215456
0.094644
0.0228074
0.094644
0.0255022
0.094644
0.0294521
0.094644
0.0345264
0.094644
0.0405995
0.094644
0.047519
0.094644
0.0550887
0.094644
0.0630661
0.094644
0.0711785
0.0946441
0.0791496
0.0946441
0.0867299
0.0946441
0.0937231
0.094644
0.1
0.0946441
0.0946441
0.0946441
0.0946441
0.0946441
0.0946441
0.0946441
0.0946441
0.0946441
0.0946441
0.0946441
0.0946441
0.0946441
0.0946441
0.0946442
0.0946442
0.0946442
0.0946442
0.0946442
0.0946442
END_LIST
