BEGIN_LIST
0.1
0.0999147
0.0998295
0.0997443
0.0996592
0.0995742
0.0994892
0.0994043
0.0993195
0.0992347
0.0991499
0.0990651
0.09898
0.0988943
0.0988068
0.0987146
0.0986107
0.0984768
0.0982676
0.0978681
0.0969889
0.0940455
0.096371
0.0910941
0.0957521
0.0881412
0.0951321
0.0851936
0.0945112
0.0822578
0.0938894
0.0793401
0.0932669
0.0764468
0.0926435
0.073584
0.0920195
0.0707572
0.0913949
0.0679722
0.0907697
0.0652342
0.0901441
0.0625487
0.089518
0.0599213
0.0888916
0.057359
0.0882649
0.0548714
0.087638
0.0524744
0.0870109
0.0501962
0.0863838
0.0480912
0.0857548
0.0462672
0.0850541
0.0449401
0.0814235
0.0449398
0.0455083
0.0436267
0.0791214
0.0794712
0.0449395
0.0460342
0.0436289
0.0768682
0.0774914
0.0449392
0.0465344
0.0443613
0.0746637
0.0754878
0.044939
0.0470195
0.045506
0.0725078
0.0734644
0.0449387
0.0474962
0.0468899
0.0704002
0.0714251
0.0449384
0.0479687
0.0484186
0.0683407
0.0693742
0.0449381
0.0484399
0.0500404
0.0663288
0.0673157
0.0449378
0.0489114
0.0517266
0.0643641
0.0652537
0.0449375
0.0493844
0.053461
0.0624458
0.0631921
0.0449372
0.0498595
0.0552339
0.0605728
0.0611344
0.044937
0.0503372
0.0570393
0.0587436
0.0590833
0.0449367
0.0508178
0.0588731
0.0569554
0.0570398
0.0449364
0.0513014
0.0607321
0.0552029
0.055002
0.0449361
0.0517881
0.0626135
0.0534768
0.0529616
0.0449358
0.0522782
0.064515
0.0517582
0.0508983
0.0449355
0.0527715
0.066434
0.050011
0.0487674
0.0449352
0.0532681
0.0683682
0.0481631
0.0464755
0.0449349
0.053768
0.070315
0.0460721
0.043831
0.044941
0.0542713
0.0722721
0.0434545
0.0404443
0.0443587
0.0547779
0.0742368
0.0397459
0.0355261
0.043284
0.0440773
0.0485309
0.065914
0.0449392
0.0755576
0.0390738
0.0371235
0.035526
0.0330258
0.0422154
0.0437974
0.0425905
0.0715047
0.0380676
0.0768791
0.0383901
0.0345586
0.0355258
0.0324485
0.0411539
0.043519
0.0370492
0.0747065
0.0333561
0.0782007
0.0376942
0.0320667
0.0355257
0.0324318
0.0401006
0.0432422
0.0319703
0.0768791
0.0302157
0.0795218
0.0369854
0.0296619
0.0355256
0.0325791
0.0390563
0.0429669
0.0273883
0.0786088
0.0282184
0.0808418
0.036263
0.0273555
0.0355254
0.032775
0.038022
0.0426932
0.0233125
0.0801482
0.0270544
0.0821599
0.0355263
0.0251567
0.0355253
0.032986
0.0369984
0.0424209
0.0197314
0.0816059
0.0265004
0.0834754
0.0347746
0.0230725
0.0355251
0.0332022
0.0359864
0.0421501
0.0166186
0.0830284
0.0263955
0.0847876
0.034007
0.0211073
0.035525
0.033421
0.0349867
0.0418809
0.013938
0.0844353
0.0266242
0.0860956
0.0332227
0.0192636
0.0355249
0.0336414
0.0340001
0.0416132
0.0116477
0.0858347
0.0271035
0.0873987
0.0324208
0.0175421
0.0355247
0.0338631
0.0330269
0.0413469
0.00970405
0.0872295
0.027774
0.0886962
0.0316005
0.0159415
0.0355246
0.0340863
0.0320674
0.0410821
0.00806391
0.0886205
0.0285931
0.0899873
0.0307608
0.0144594
0.0355245
0.0343107
0.031121
0.0408188
0.00668649
0.0900078
0.0295306
0.0912712
0.0299008
0.0130921
0.0355243
0.0345365
0.0301845
0.040557
0.00553435
0.0913906
0.0305647
0.0925473
0.0290193
0.0118349
0.0355242
0.0347636
0.0292487
0.0402967
0.00457388
0.0927686
0.03168
0.0938148
0.0281153
0.0106827
0.035524
0.034992
0.0282872
0.0400378
0.00377549
0.0941407
0.0328657
0.095073
0.0271878
0.00962976
0.0355239
0.0352218
0.0272255
0.0397804
0.00311356
0.0955065
0.034114
0.0963213
0.0262355
0.00867077
0.0355238
0.035453
0.0258571
0.0395245
0.00256634
0.096865
0.0354194
0.097559
0.0252572
0.00780485
0.0355236
0.0356854
0.023609
0.03927
0.00211602
0.0982155
0.0367782
0.0987854
0.0242517
0.00706482
0.0355235
0.0359193
0.0188899
0.0390171
0.00174942
0.0995573
0.0381875
0.1
0.0232175
0.00673412
0.0355234
0.0361545
0.0125123
0.0186477
0.0388694
0.00159936
0.0995574
0.0997547
0.0404251
0.02292
0.0208862
0.0362932
0.00832382
0.0184101
0.0387221
0.00146344
0.0995574
0.0998642
0.0427743
0.0226259
0.0192886
0.0364323
0.00558815
0.0181777
0.0385754
0.0013411
0.0995574
0.0999248
0.0452313
0.0223351
0.0182131
0.0365718
0.00381149
0.0179513
0.0384291
0.00123217
0.0995574
0.0999585
0.0477935
0.0220476
0.0175093
0.0367118
0.00266593
0.0177322
0.0382833
0.00113703
0.0995574
0.0999771
0.0504586
0.0217633
0.0170703
0.0368523
0.00193514
0.017522
0.0381381
0.0010568
0.0995575
0.0999874
0.0532244
0.0214823
0.0168201
0.0369932
0.00147715
0.0173233
0.0379933
0.000993782
0.0995575
0.0999932
0.0560883
0.0212046
0.0167049
0.0371347
0.00119911
0.0171394
0.037849
0.000951937
0.0995575
0.0999963
0.0590474
0.02093
0.0166863
0.0372766
0.00104046
0.0169754
0.0377051
0.000937813
0.0995575
0.0999981
0.0620981
0.0206586
0.0167371
0.0374189
0.000961856
0.016838
0.0375618
0.0995574
0.099999
0.0652362
0.0203903
0.0995572
0.0999995
0.0684568
0.0201251
0.0995564
0.0999998
0.0717541
0.0198631
0.0995543
0.1
0.0751219
0.0196041
0.0995481
0.1
0.0785532
0.0193481
0.0995302
0.1
0.0820401
0.0190951
0.0994786
0.1
0.0855743
0.0188451
0.0993301
0.1
0.089147
0.0185981
0.0989024
0.1
0.0927487
0.0183542
0.097671
0.1
0.0963698
0.0181173
0.0941256
0.1
0.1
0.0180016
0.0941256
0.067775
0.0941256
0.0483782
0.0941256
0.0348074
0.0941256
0.0258895
0.0941256
0.0205292
0.0941256
0.0178313
0.0941256
0.017144
0.0941256
0.0180384
0.0941256
0.0202578
0.0941256
0.023664
0.0941256
0.0281869
0.0941257
0.0337812
0.0941257
0.0403904
0.0941257
0.0479164
0.0941257
0.0562011
0.0941257
0.0650219
0.0941257
0.0741038
0.0941257
0.0831465
0.0941257
0.0918604
0.0941257
0.1
0.0941257
0.0941257
0.0941257
0.0941257
0.0941257
0.0941257
0.0941257
0.0941257
0.0941257
0.0941257
0.0941257
0.0941258
0.0941258
0.0941258
0.0941258
0.0941258
0.0941258
0.0941258
0.0941258
0.0941258
END_LIST
