BEGIN_LIST
0.1
0.0999152
0.0998306
0.0997459
0.0996614
0.0995769
0.0994925
0.0994081
0.0993238
0.0992395
0.0991553
0.099071
0.0989865
0.0989014
0.0988146
0.0987236
0.0986218
0.0984925
0.098294
0.0979207
0.0971066
0.0943776
0.0965376
0.0916277
0.0959671
0.0888631
0.095395
0.08609
0.0948214
0.0833146
0.0942464
0.0805433
0.0936701
0.077782
0.0930925
0.0750369
0.0925136
0.072314
0.0919335
0.0696191
0.0913524
0.0669579
0.0907701
0.0643363
0.0901869
0.0617607
0.0896027
0.0592388
0.0890177
0.0567811
0.0884318
0.0544045
0.0878452
0.0521388
0.0872578
0.0500408
0.0866681
0.0482212
0.0860083
0.0469013
0.0825258
0.046901
0.0473443
0.0458706
0.0802507
0.0807485
0.0469007
0.0477929
0.0460279
0.0780206
0.0789365
0.0469005
0.0482458
0.0468479
0.0758358
0.0770928
0.0469002
0.0487024
0.048043
0.0736961
0.0752207
0.0468999
0.0491622
0.0494558
0.0716015
0.0733235
0.0468996
0.0496253
0.0509996
0.069552
0.0714049
0.0468993
0.0500914
0.0526267
0.0675473
0.0694684
0.046899
0.0505606
0.0543099
0.065587
0.0675179
0.0468987
0.0510328
0.0560338
0.0636707
0.0655568
0.0468984
0.0515082
0.057789
0.0617975
0.0635883
0.0468982
0.0519866
0.0595696
0.0599659
0.0616147
0.0468979
0.052468
0.0613711
0.0581733
0.0596366
0.0468976
0.0529526
0.0631903
0.0564147
0.0576513
0.0468973
0.0534403
0.0650243
0.0546807
0.0556488
0.046897
0.053931
0.0668705
0.0529531
0.0536058
0.0468967
0.0544249
0.0687263
0.0511958
0.0514709
0.0468964
0.0549218
0.0705892
0.0493378
0.049138
0.0468961
0.0554218
0.0724568
0.0472382
0.04639
0.0469021
0.0559249
0.0743265
0.0446169
0.0427877
0.046329
0.0564311
0.0761957
0.0409166
0.0374432
0.0452879
0.0460399
0.0503724
0.0676048
0.0464834
0.0774478
0.0402417
0.0383859
0.0374431
0.0347023
0.044249
0.0457524
0.0445215
0.0731837
0.0395288
0.0786972
0.0395555
0.0358882
0.0374429
0.0340603
0.0432132
0.0454664
0.0389851
0.0763451
0.0347576
0.0799432
0.0388573
0.0334403
0.0374428
0.0340302
0.0421816
0.0451819
0.0338438
0.0784608
0.0315775
0.0811853
0.0381464
0.0310577
0.0374427
0.0341791
0.0411551
0.0448989
0.0291505
0.0801237
0.0295569
0.0824229
0.0374223
0.028754
0.0374425
0.034381
0.0401348
0.0446174
0.0249317
0.0815896
0.028383
0.0836553
0.0366841
0.0265407
0.0374424
0.0345992
0.0391216
0.0443374
0.0211908
0.0829688
0.0278295
0.0848819
0.0359311
0.0244272
0.0374422
0.0348232
0.0381163
0.044059
0.0179131
0.0843087
0.0277332
0.0861019
0.0351625
0.0224206
0.0374421
0.0350497
0.0371198
0.043782
0.0150709
0.0856293
0.0279767
0.0873147
0.0343776
0.0205257
0.037442
0.0352778
0.0361329
0.0435064
0.0126282
0.0869387
0.0284755
0.0885196
0.0335754
0.0187455
0.0374418
0.0355074
0.0351562
0.0432324
0.0105448
0.0882403
0.0291689
0.089716
0.0327551
0.017081
0.0374417
0.0357384
0.0341899
0.0429598
0.00877935
0.0895349
0.0300135
0.0909032
0.0319158
0.0155316
0.0374415
0.0359707
0.0332335
0.0426888
0.00729143
0.0908226
0.0309779
0.0920807
0.0310564
0.0140952
0.0374414
0.0362043
0.0322837
0.0424191
0.00604315
0.0921029
0.0320399
0.0932477
0.0301761
0.0127687
0.0374412
0.0364392
0.0313305
0.042151
0.00499997
0.0933754
0.0331834
0.0944037
0.0292736
0.0115479
0.0374411
0.0366755
0.030345
0.0418843
0.00413104
0.0946393
0.0343972
0.0955482
0.028348
0.0104281
0.037441
0.0369132
0.0292469
0.041619
0.0034094
0.095894
0.0356729
0.0966805
0.027398
0.00940478
0.0374408
0.0371521
0.0278123
0.0413553
0.00281198
0.097139
0.0370048
0.0978003
0.0264225
0.008478
0.0374407
0.0373925
0.0254226
0.041093
0.00231977
0.0983735
0.0383887
0.0989069
0.0254203
0.00768411
0.0374405
0.0376342
0.0203631
0.0408322
0.00191866
0.099597
0.0398216
0.1
0.0243899
0.00732896
0.0374405
0.0378773
0.0135045
0.020104
0.0406799
0.00175437
0.099597
0.0997767
0.0420911
0.0240821
0.0220716
0.0380206
0.00899299
0.0198497
0.040528
0.00160549
0.0995971
0.0998764
0.0444665
0.0237777
0.020487
0.0381643
0.00604319
0.0196007
0.0403766
0.00147142
0.0995971
0.0999316
0.046943
0.0234766
0.0194247
0.0383085
0.00412617
0.0193578
0.0402258
0.00135198
0.0995971
0.0999622
0.0495166
0.0231788
0.0187343
0.0384531
0.00288965
0.0191224
0.0400754
0.00124756
0.0995971
0.0999792
0.0521841
0.0228842
0.018309
0.0385982
0.0021008
0.0188962
0.0399255
0.0011594
0.0995971
0.0999886
0.054942
0.0225929
0.0180728
0.0387437
0.00160658
0.0186815
0.0397761
0.00108994
0.0995972
0.0999938
0.0577868
0.0223049
0.0179719
0.0388898
0.00130682
0.018482
0.0396271
0.00104349
0.0995972
0.0999967
0.0607142
0.02202
0.017968
0.0390363
0.00113616
0.0183024
0.0394787
0.00102711
0.0995972
0.0999983
0.0637197
0.0217384
0.0180336
0.0391833
0.0010521
0.0181497
0.0393307
0.0995971
0.0999991
0.066798
0.0214599
0.0995969
0.0999996
0.0699432
0.0211845
0.0995962
0.0999998
0.0731487
0.0209123
0.0995941
0.1
0.0764073
0.0206431
0.0995881
0.1
0.0797114
0.020377
0.0995708
0.1
0.0830527
0.020114
0.099521
0.1
0.0864224
0.0198539
0.0993775
0.1
0.0898114
0.0195969
0.0989645
0.1
0.0932104
0.0193429
0.0977751
0.1
0.0966099
0.0190963
0.0943507
0.1
0.1
0.0189759
0.0943507
0.0687863
0.0943507
0.0497917
0.0943507
0.0363736
0.0943507
0.0274923
0.0943507
0.022147
0.0943507
0.0194947
0.0943507
0.0189056
0.0943508
0.0199549
0.0943508
0.0223795
0.0943508
0.026026
0.0943508
0.0308003
0.0943508
0.0366243
0.0943508
0.0434003
0.0943508
0.0509855
0.0943508
0.0591799
0.0943508
0.0677312
0.0943508
0.0763552
0.0943508
0.0847665
0.0943508
0.0927128
0.0943508
0.1
0.0943508
0.0943508
0.0943508
0.0943508
0.0943508
0.0943508
0.0943509
0.0943509
0.0943509
0.0943509
0.0943509
0.0943509
0.0943509
0.0943509
0.0943509
0.0943509
0.0943509
0.0943509
0.0943509
0.0943509
END_LIST
