BEGIN_LIST
0
1.36773e-29
4.38909e-29
1.06711e-28
2.33984e-28
4.9077e-28
1.01455e-27
2.10531e-27
4.43558e-27
9.54396e-27
2.10024e-26
4.71849e-26
1.07844e-25
2.49763e-25
5.84002e-25
1.37464e-24
3.25009e-24
7.70682e-24
1.83098e-23
4.35536e-23
1.03684e-22
4.47647e-22
1.07757e-22
1.03043e-21
1.11997e-22
1.96471e-21
1.1641e-22
3.40438e-21
1.21005e-22
5.55766e-21
1.2579e-22
8.70539e-21
1.30774e-22
1.32277e-20
1.35966e-22
1.96451e-20
1.41375e-22
2.86843e-20
1.47014e-22
4.13881e-20
1.52891e-22
5.93037e-20
1.5902e-22
8.48096e-20
1.65413e-22
1.21692e-19
1.72082e-22
1.76164e-19
1.79042e-22
2.58672e-19
1.86315e-22
3.87116e-19
1.94193e-22
5.92561e-19
2.14556e-22
9.29401e-19
7.56236e-22
1.49339e-18
2.36458e-20
2.45354e-18
1.0053e-18
2.57901e-18
3.16541e-18
1.44085e-18
2.37866e-18
1.05093e-18
2.7108e-18
3.57734e-18
8.48993e-19
4.58539e-18
1.098e-18
2.84924e-18
3.79403e-18
5.02715e-19
7.98944e-18
1.14655e-18
2.99466e-18
3.88421e-18
2.99683e-19
1.30764e-17
1.19665e-18
3.14741e-18
3.89302e-18
1.80249e-19
2.0484e-17
1.24841e-18
3.30785e-18
3.85006e-18
1.09666e-19
3.10373e-17
1.30213e-18
3.47637e-18
3.77473e-18
6.76884e-20
4.57906e-17
1.35833e-18
3.65337e-18
3.67974e-18
4.25118e-20
6.60741e-17
1.41803e-18
3.83928e-18
3.57337e-18
2.72436e-20
9.3548e-17
1.48319e-18
4.03453e-18
3.46102e-18
1.78523e-20
1.30264e-16
1.55746e-18
4.23961e-18
3.34621e-18
1.19738e-20
1.78735e-16
1.64765e-18
4.455e-18
3.23118e-18
8.21704e-21
2.42013e-16
1.76649e-18
4.68121e-18
3.11738e-18
5.75932e-21
3.23781e-16
1.93766e-18
4.91878e-18
3.0057e-18
4.11077e-21
4.28462e-16
2.20525e-18
5.16829e-18
2.89669e-18
2.97702e-21
5.61344e-16
2.6514e-18
5.43032e-18
2.79068e-18
2.17885e-21
7.28746e-16
3.42918e-18
5.7055e-18
2.68783e-18
1.60538e-21
9.38235e-16
4.82424e-18
5.99448e-18
2.58822e-18
1.18653e-21
1.19893e-15
7.37047e-18
6.29788e-18
2.49187e-18
8.76897e-22
1.52198e-15
1.20682e-17
6.62374e-18
2.39873e-18
6.46198e-22
1.92132e-15
2.07994e-17
6.75925e-18
6.81549e-18
2.63847e-18
1.10041e-18
3.60598e-18
5.26865e-22
1.99451e-15
1.95038e-15
2.12977e-17
2.52179e-17
6.89435e-18
7.01265e-18
2.85454e-18
5.05539e-19
4.43339e-18
4.28069e-22
2.05999e-15
1.9727e-15
2.18077e-17
2.60336e-17
7.02887e-18
7.21536e-18
3.03838e-18
2.32573e-19
4.96466e-18
3.46355e-22
2.11716e-15
1.98786e-15
2.23297e-17
2.57787e-17
7.16261e-18
7.42378e-18
3.18332e-18
1.07193e-19
5.26782e-18
2.78893e-22
2.16545e-15
1.99555e-15
2.2864e-17
2.52149e-17
7.29539e-18
7.63807e-18
3.28524e-18
4.9543e-20
5.39733e-18
2.23338e-22
2.2043e-15
1.9956e-15
2.34109e-17
2.4571e-17
7.42702e-18
7.85839e-18
3.34267e-18
2.29976e-20
5.39631e-18
1.77735e-22
2.23319e-15
1.98797e-15
2.39706e-17
2.39153e-17
7.55731e-18
8.0849e-18
3.35674e-18
1.07478e-20
5.29872e-18
1.40445e-22
2.25161e-15
1.97277e-15
2.45436e-17
2.32683e-17
7.68606e-18
8.31777e-18
3.33071e-18
5.07503e-21
5.1311e-18
1.10089e-22
2.25911e-15
1.95025e-15
2.51299e-17
2.26358e-17
7.81309e-18
8.55718e-18
3.26938e-18
2.43321e-21
4.91415e-18
8.5503e-23
2.25526e-15
1.92077e-15
2.57301e-17
2.20191e-17
7.93825e-18
8.8033e-18
3.17843e-18
1.19197e-21
4.66393e-18
6.5704e-23
2.23969e-15
1.88482e-15
2.63443e-17
2.14185e-17
8.06142e-18
9.05633e-18
3.0639e-18
6.00803e-22
4.39288e-18
4.98628e-23
2.21204e-15
1.84298e-15
2.69729e-17
2.08337e-17
8.18266e-18
9.31644e-18
2.93165e-18
3.13562e-22
4.11058e-18
3.72794e-23
2.17205e-15
1.7959e-15
2.76163e-17
2.02644e-17
8.3024e-18
9.58384e-18
2.7871e-18
1.70056e-22
3.82435e-18
2.73647e-23
2.11946e-15
1.74427e-15
2.82747e-17
1.97101e-17
8.42223e-18
9.85872e-18
2.63499e-18
9.5737e-23
3.53977e-18
1.96247e-23
2.05409e-15
1.68882e-15
2.89485e-17
1.91706e-17
8.54683e-18
1.01413e-17
2.47933e-18
5.55965e-23
3.261e-18
1.36458e-23
1.97582e-15
1.63028e-15
2.9638e-17
1.86453e-17
8.68942e-18
1.04317e-17
2.32342e-18
3.29469e-23
2.99112e-18
9.08368e-24
1.88458e-15
1.56937e-15
3.03437e-17
1.81341e-17
8.88683e-18
1.07303e-17
2.16992e-18
1.96508e-23
2.73234e-18
5.65293e-24
1.78036e-15
1.50687e-15
3.10658e-17
1.76364e-17
9.24119e-18
1.10373e-17
2.02102e-18
1.16073e-23
2.4862e-18
3.11811e-24
1.66323e-15
1.44404e-15
3.18045e-17
1.71521e-17
1.00357e-17
1.13531e-17
1.87877e-18
6.65682e-24
2.25368e-18
1.2862e-24
1.53332e-15
1.38554e-15
3.25502e-17
1.66806e-17
1.20579e-17
1.16784e-17
1.74557e-18
3.60091e-24
2.03537e-18
0
1.3908e-15
1.35833e-15
3.29224e-17
1.62218e-17
8.69286e-18
1.38935e-17
1.18728e-17
1.68683e-18
4.16572e-24
2.9738e-24
1.72806e-18
1.40041e-15
1.03842e-15
1.59594e-17
6.32695e-18
1.6189e-17
1.20703e-17
1.63101e-18
4.81926e-24
2.41278e-24
1.45498e-18
1.41003e-15
7.76432e-16
1.57007e-17
4.68206e-18
1.90924e-17
1.22709e-17
1.57875e-18
5.57511e-24
1.92657e-24
1.21473e-18
1.41964e-15
5.81626e-16
1.54459e-17
3.54973e-18
2.28027e-17
1.24749e-17
1.53096e-18
6.4488e-24
1.51573e-24
1.00531e-18
1.42926e-15
4.36725e-16
1.51949e-17
2.77793e-18
2.75871e-17
1.26821e-17
1.48895e-18
7.45829e-24
1.17589e-24
8.24415e-19
1.43887e-15
3.28891e-16
1.49478e-17
2.25797e-18
3.38058e-17
1.28927e-17
1.45461e-18
8.62452e-24
8.99893e-25
6.69547e-19
1.44849e-15
2.48583e-16
1.47047e-17
1.9132e-18
4.19431e-17
1.31068e-17
1.43068e-18
9.97262e-24
6.79395e-25
5.3815e-19
1.45811e-15
1.88717e-16
1.44653e-17
1.69004e-18
5.26517e-17
1.33242e-17
1.42115e-18
1.15348e-23
5.05891e-25
4.27694e-19
1.46772e-15
1.44033e-16
1.42297e-17
1.55126e-18
6.68106e-17
1.35452e-17
1.43182e-18
1.33575e-23
3.71314e-25
3.35725e-19
1.47734e-15
1.10628e-16
1.39979e-17
1.47111e-18
8.56041e-17
1.37697e-17
1.55212e-23
2.68381e-25
2.59919e-19
1.48695e-15
1.81933e-23
1.90742e-25
1.98101e-19
1.49657e-15
2.17752e-23
1.33012e-25
1.48268e-19
1.50618e-15
2.73079e-23
9.07213e-26
1.08596e-19
1.51578e-15
3.75942e-23
6.02342e-26
7.74491e-20
1.52539e-15
6.03053e-23
3.86414e-26
5.33707e-20
1.53499e-15
1.16584e-22
2.36524e-26
3.5084e-20
1.54459e-15
2.64863e-22
1.34906e-26
2.14811e-20
1.55418e-15
6.6683e-22
6.79851e-27
1.16128e-20
1.56376e-15
1.77009e-21
2.55416e-27
4.67595e-21
1.57317e-15
4.81399e-21
0
0
1.5778e-15
4.90942e-21
2.72465e-20
5.00684e-21
4.34513e-20
5.10631e-21
5.40873e-20
5.20787e-21
6.03424e-20
5.31157e-21
6.35484e-20
5.41748e-21
6.48252e-20
5.52562e-21
6.49111e-20
5.63607e-21
6.41681e-20
5.74888e-21
6.26782e-20
5.86411e-21
6.03606e-20
5.98181e-21
5.70798e-20
6.10204e-21
5.27332e-20
6.22488e-21
4.73121e-20
6.35038e-21
4.09334e-20
6.4786e-21
3.38388e-20
6.60963e-21
2.63643e-20
6.74353e-21
1.88934e-20
6.88037e-21
1.18041e-20
7.02027e-21
5.42407e-21
7.16243e-21
0
7.36589e-21
7.57569e-21
7.79204e-21
8.01518e-21
8.24537e-21
8.48286e-21
8.72794e-21
8.98088e-21
9.24199e-21
9.51156e-21
9.78994e-21
1.00775e-20
1.03745e-20
1.06813e-20
1.09985e-20
1.13259e-20
1.16663e-20
1.20096e-20
1.24044e-20
1.26302e-20
END_LIST
