BEGIN_LIST
0.1
0.0999151
0.0998302
0.0997454
0.0996607
0.099576
0.0994914
0.0994068
0.0993223
0.0992379
0.0991535
0.099069
0.0989844
0.098899
0.098812
0.0987206
0.0986181
0.0984873
0.0982853
0.0979035
0.0970682
0.0942693
0.0964834
0.0914535
0.0958971
0.0886271
0.0953095
0.0857964
0.0947205
0.082968
0.0941303
0.080148
0.0935389
0.0773427
0.0929464
0.0745582
0.0923528
0.0718003
0.0917582
0.0690748
0.0911626
0.0663874
0.0905662
0.0637439
0.0899689
0.0611503
0.0893709
0.0586141
0.0887722
0.0561457
0.0881729
0.0537615
0.087573
0.0514909
0.0869726
0.0493899
0.0863699
0.0475684
0.0856967
0.0462461
0.0821653
0.0462458
0.0467317
0.0451196
0.0798809
0.0803308
0.0462455
0.0472066
0.0452246
0.0776428
0.0784637
0.0462452
0.0476757
0.0460155
0.075451
0.0765673
0.046245
0.0481421
0.0471943
0.0733056
0.074645
0.0462447
0.0486079
0.0485981
0.0712064
0.0727006
0.0462444
0.0490743
0.0501378
0.0691533
0.0707377
0.0462441
0.0495423
0.051764
0.0671459
0.0687602
0.0462438
0.0500124
0.0534492
0.0651838
0.0667719
0.0462435
0.050485
0.0551776
0.0632665
0.0647765
0.0462432
0.0509604
0.0569397
0.0613931
0.0627773
0.0462429
0.0514387
0.0587295
0.0595621
0.0607768
0.0462427
0.05192
0.0605428
0.0577706
0.0587758
0.0462424
0.0524044
0.0623762
0.0560138
0.0567717
0.0462421
0.0528919
0.064227
0.0542822
0.0547553
0.0462418
0.0533825
0.0660925
0.0525573
0.0527042
0.0462415
0.0538763
0.0679701
0.0508031
0.0505694
0.0462412
0.0543732
0.0698576
0.0489482
0.0482489
0.0462409
0.0548734
0.0717522
0.046851
0.0455345
0.0462469
0.0553766
0.0736515
0.0442304
0.0420034
0.0456705
0.0558831
0.0755531
0.0405265
0.0368008
0.0446177
0.045384
0.0497594
0.0670473
0.045969
0.0768282
0.0398523
0.0379647
0.0368007
0.0341401
0.0435684
0.0450989
0.043876
0.0726316
0.0390401
0.0781018
0.0391667
0.0354437
0.0368005
0.0335198
0.0425235
0.0448154
0.0383353
0.0758072
0.0342876
0.0793731
0.0384691
0.0329802
0.0368004
0.0334941
0.0414841
0.0445335
0.0332126
0.0779422
0.0311198
0.0806416
0.0377587
0.0305892
0.0368003
0.0336425
0.0404511
0.044253
0.0285549
0.0796275
0.0291063
0.0819066
0.037035
0.0282837
0.0368001
0.0338424
0.0394255
0.043974
0.0243827
0.0811179
0.0279353
0.0831674
0.0362971
0.0260744
0.0368
0.0340583
0.0384082
0.0436966
0.0206947
0.0825232
0.0273813
0.0844234
0.0355443
0.0239698
0.0367998
0.0342796
0.0374
0.0434206
0.0174721
0.0838905
0.0272821
0.0856739
0.0347758
0.0219763
0.0367997
0.0345036
0.0364018
0.0431462
0.0146841
0.0852396
0.0275205
0.086918
0.0339908
0.020098
0.0367996
0.0347292
0.0354144
0.0428732
0.0122929
0.0865787
0.0280128
0.0881553
0.0331885
0.018337
0.0367994
0.0349562
0.0344383
0.0426017
0.0102569
0.087911
0.0286986
0.0893848
0.032368
0.0166936
0.0367993
0.0351845
0.0334737
0.0423317
0.00853406
0.0892373
0.0295347
0.090606
0.0315283
0.0151665
0.0367991
0.0354142
0.03252
0.0420632
0.00708381
0.0905576
0.0304903
0.0918183
0.0306684
0.0137532
0.036799
0.0356453
0.0315741
0.0417961
0.00586839
0.0918715
0.0315431
0.0930208
0.0297874
0.0124499
0.0367989
0.0358776
0.0306262
0.0415305
0.00485351
0.0931784
0.0326774
0.0942131
0.0288841
0.0112522
0.0367987
0.0361113
0.0296483
0.0412664
0.00400876
0.0944776
0.033882
0.0953945
0.0279575
0.010155
0.0367986
0.0363464
0.0285619
0.0410037
0.0033076
0.0957684
0.0351488
0.0965645
0.0270065
0.00915341
0.0367984
0.0365828
0.0271494
0.0407425
0.00272742
0.0970502
0.0364721
0.0977224
0.0260297
0.00824727
0.0367983
0.0368205
0.0248072
0.0404828
0.00224961
0.0983224
0.0378479
0.0988677
0.025026
0.00747167
0.0367982
0.0370596
0.0198628
0.0402246
0.00186037
0.0995842
0.0392732
0.1
0.023994
0.00712484
0.0367981
0.0373001
0.0131673
0.0196095
0.0400738
0.00170098
0.0995842
0.0997696
0.0415325
0.0236897
0.0216705
0.0374419
0.00876539
0.0193608
0.0399235
0.00155656
0.0995842
0.0998724
0.0438997
0.0233886
0.0200809
0.0375841
0.00588829
0.0191174
0.0397736
0.00142653
0.0995842
0.0999294
0.0463703
0.023091
0.0190137
0.0377267
0.00401895
0.0188801
0.0396243
0.0013107
0.0995843
0.099961
0.0489408
0.0227966
0.0183185
0.0378698
0.00281334
0.0186502
0.0394754
0.00120948
0.0995843
0.0999785
0.0516081
0.0225055
0.0178884
0.0380134
0.00204421
0.0184294
0.039327
0.00112406
0.0995843
0.0999882
0.0543694
0.0222176
0.0176474
0.0381574
0.0015623
0.0182201
0.0391791
0.00105682
0.0995843
0.0999936
0.0572213
0.021933
0.0175415
0.0383019
0.00126991
0.0180259
0.0390317
0.00101197
0.0995843
0.0999966
0.06016
0.0216516
0.0175325
0.0384469
0.00110331
0.0178515
0.0388848
0.000996391
0.0995843
0.0999982
0.0631813
0.0213733
0.0175931
0.0385924
0.00102108
0.0177041
0.0387384
0.0995843
0.0999991
0.0662801
0.0210983
0.099584
0.0999996
0.069451
0.0208263
0.0995833
0.0999998
0.0726876
0.0205575
0.0995812
0.1
0.075983
0.0202917
0.0995752
0.1
0.0793297
0.020029
0.0995577
0.1
0.0827195
0.0197693
0.0995073
0.1
0.0861438
0.0195126
0.0993621
0.1
0.0895935
0.0192589
0.0989442
0.1
0.0930593
0.0190083
0.0977409
0.1
0.0965314
0.018765
0.0942763
0.1
0.1
0.0186462
0.0942763
0.0684482
0.0942763
0.0493147
0.0942763
0.0358408
0.0942764
0.0269434
0.0942764
0.0215906
0.0942764
0.0189215
0.0942764
0.0182986
0.0942764
0.0192956
0.0942764
0.0216519
0.0942764
0.0252191
0.0942764
0.0299117
0.0942764
0.0356628
0.0942764
0.0423884
0.0942764
0.0499605
0.0942764
0.058192
0.0942764
0.0668393
0.0942764
0.0756195
0.0942764
0.084241
0.0942764
0.0924381
0.0942764
0.1
0.0942764
0.0942764
0.0942764
0.0942765
0.0942765
0.0942765
0.0942765
0.0942765
0.0942765
0.0942765
0.0942765
0.0942765
0.0942765
0.0942765
0.0942765
0.0942765
0.0942765
0.0942765
0.0942766
0.0942766
END_LIST
