BEGIN_LIST
0.1
0.0999182
0.0998364
0.0997546
0.099673
0.0995914
0.0995098
0.0994283
0.0993468
0.0992654
0.0991841
0.0991027
0.0990212
0.0989394
0.0988565
0.0987711
0.098679
0.09857
0.0984185
0.0981595
0.0976296
0.0958526
0.0972695
0.0940227
0.0969068
0.092142
0.0965416
0.0902131
0.0961738
0.0882389
0.0958034
0.0862225
0.0954304
0.0841676
0.0950549
0.0820779
0.0946769
0.0799578
0.0942964
0.0778116
0.0939134
0.0756445
0.093528
0.073462
0.0931401
0.0712706
0.0927497
0.069079
0.092357
0.066899
0.0919618
0.0647496
0.0915643
0.0626633
0.0911644
0.0606993
0.0907607
0.0589699
0.0902974
0.0576926
0.0875371
0.0576923
0.0573605
0.0583513
0.0854506
0.0865338
0.057692
0.057322
0.0593799
0.0833896
0.0854877
0.0576917
0.0574685
0.0606277
0.0813551
0.0843985
0.0576915
0.0577319
0.0620041
0.0793477
0.0832661
0.0576912
0.0580694
0.063454
0.0773682
0.0820905
0.0576909
0.0584542
0.0649446
0.0754174
0.0808719
0.0576906
0.0588692
0.0664556
0.0734957
0.0796107
0.0576904
0.0593039
0.0679744
0.0716037
0.0783071
0.0576901
0.0597516
0.0694929
0.0697416
0.0769613
0.0576898
0.0602081
0.0710055
0.0679093
0.0755729
0.0576895
0.0606708
0.0725084
0.0661062
0.07414
0.0576892
0.0611379
0.0739985
0.0643305
0.0726582
0.057689
0.0616084
0.0754733
0.0625784
0.071117
0.0576887
0.0620816
0.0769308
0.0608417
0.0694945
0.0576884
0.0625571
0.078369
0.0591045
0.0677454
0.0576881
0.0630346
0.0797863
0.0573346
0.0657791
0.0576879
0.0635139
0.0811811
0.0554685
0.0634144
0.0576875
0.0639949
0.0825521
0.0533806
0.0602917
0.0576927
0.0644775
0.0838979
0.0508221
0.0556989
0.057198
0.0649616
0.0852174
0.0473007
0.0482252
0.0564038
0.0568768
0.0602143
0.0758644
0.0548697
0.0860864
0.0466395
0.0453419
0.0482251
0.0442621
0.0555968
0.0565568
0.0552418
0.0811582
0.0477783
0.0869426
0.0459691
0.0433192
0.0482249
0.0432903
0.0547775
0.0562382
0.0501521
0.0840003
0.0429011
0.0877857
0.0452891
0.0412454
0.0482248
0.0431909
0.0539464
0.0559208
0.0450595
0.0857668
0.0396546
0.0886156
0.0445988
0.0391347
0.0482246
0.0433467
0.0531042
0.0556048
0.0400756
0.0870578
0.037608
0.0894322
0.0438978
0.0370022
0.0482245
0.0435776
0.0522515
0.05529
0.0352995
0.0881347
0.0364453
0.0902351
0.0431853
0.0348633
0.0482244
0.0438313
0.0513889
0.0549766
0.0308119
0.0891111
0.0359348
0.0910244
0.0424609
0.0327337
0.0482242
0.0440925
0.0505173
0.0546644
0.0266712
0.0900367
0.0359078
0.0917998
0.0417237
0.0306285
0.0482241
0.0443568
0.0496373
0.0543535
0.0229131
0.0909328
0.036241
0.0925613
0.0409731
0.0285622
0.0482239
0.0446229
0.0487495
0.0540439
0.019552
0.0918087
0.0368449
0.0933087
0.0402085
0.0265479
0.0482238
0.0448905
0.0478546
0.0537356
0.0165849
0.0926681
0.037654
0.0940419
0.039429
0.0245974
0.0482237
0.0451593
0.0469524
0.0534287
0.0139951
0.0935127
0.0386207
0.094761
0.0386339
0.0227208
0.0482235
0.0454294
0.0460416
0.053123
0.0117569
0.0943431
0.0397103
0.0954657
0.0378224
0.0209261
0.0482234
0.0457008
0.0451171
0.0528185
0.00983882
0.0951595
0.0408974
0.0961562
0.0369936
0.0192199
0.0482232
0.0459734
0.044163
0.0525154
0.00820687
0.0959619
0.0421632
0.0968325
0.0361467
0.0176068
0.0482231
0.0462474
0.043135
0.0522136
0.00682696
0.0967501
0.0434939
0.0974944
0.0352807
0.0160896
0.048223
0.0465226
0.041911
0.0519131
0.00566648
0.0975242
0.0448791
0.0981421
0.0343946
0.0146708
0.0482228
0.046799
0.0401562
0.0516139
0.00469567
0.0982841
0.0463111
0.0987755
0.0334875
0.0133593
0.0482227
0.0470768
0.0369567
0.051316
0.00388881
0.0990296
0.0477838
0.0993948
0.0325583
0.0122177
0.0482225
0.0473558
0.0298159
0.0510195
0.00322627
0.0997608
0.0492925
0.1
0.0316059
0.0117033
0.0482225
0.0476361
0.0199408
0.0294571
0.0508461
0.0029536
0.0997608
0.0998675
0.05165
0.0312443
0.0294942
0.0478012
0.0133786
0.0291036
0.0506732
0.00270567
0.0997609
0.0999267
0.054074
0.0308859
0.0280786
0.0479666
0.00905763
0.0287561
0.0505007
0.00248156
0.0997609
0.0999595
0.0565547
0.0305306
0.0271598
0.0481325
0.00623704
0.0284154
0.0503287
0.00228097
0.0997609
0.0999777
0.0590835
0.0301783
0.0265958
0.0482988
0.00441377
0.0280827
0.0501571
0.00210442
0.0997609
0.0999878
0.0616526
0.0298291
0.0262855
0.0484656
0.00325086
0.0277596
0.049986
0.00195372
0.099761
0.0999934
0.0642547
0.0294829
0.0261567
0.0486327
0.00252479
0.0274487
0.0498153
0.00183246
0.099761
0.0999964
0.0668823
0.0291399
0.0261582
0.0488003
0.00208832
0.0271531
0.049645
0.001747
0.099761
0.0999981
0.0695279
0.0287998
0.0262536
0.0489684
0.00184493
0.0268777
0.0494752
0.00170784
0.099761
0.0999991
0.0721841
0.0284629
0.0264167
0.0491369
0.00173171
0.0266291
0.0493058
0.0997609
0.0999996
0.0748433
0.028129
0.0997608
0.0999998
0.077498
0.0277981
0.0997602
0.1
0.0801404
0.0274702
0.0997586
0.1
0.0827632
0.0271454
0.0997538
0.1
0.0853591
0.0268236
0.09974
0.1
0.087921
0.0265048
0.0997002
0.1
0.0904422
0.026189
0.0995857
0.1
0.0929164
0.0258762
0.0992558
0.1
0.0953376
0.0255666
0.0983062
0.1
0.0977004
0.0252653
0.095572
0.1
0.1
0.0251181
0.095572
0.0748635
0.095572
0.0589445
0.095572
0.0472364
0.095572
0.0392343
0.095572
0.034419
0.095572
0.0322737
0.095572
0.0323336
0.095572
0.0342118
0.095572
0.0375917
0.095572
0.0421991
0.095572
0.0477728
0.095572
0.0540443
0.095572
0.0607326
0.095572
0.0675548
0.095572
0.0742463
0.095572
0.0805836
0.0955721
0.0864007
0.0955721
0.0915955
0.0955721
0.0961263
0.095572
0.1
0.0955721
0.0955721
0.0955721
0.0955721
0.0955721
0.0955721
0.0955721
0.0955721
0.0955721
0.0955721
0.0955721
0.0955721
0.0955721
0.0955721
0.0955721
0.0955721
0.0955722
0.0955722
0.0955722
0.0955722
END_LIST
