BEGIN_LIST
0.1
0.0999141
0.0998282
0.0997424
0.0996567
0.099571
0.0994855
0.0993999
0.0993145
0.099229
0.0991436
0.0990582
0.0989725
0.098886
0.0987975
0.098704
0.0985974
0.0984578
0.0982352
0.0978027
0.0968413
0.0936299
0.0961613
0.0904292
0.095481
0.0872462
0.0948005
0.0840879
0.0941199
0.0809607
0.0934393
0.077871
0.0927586
0.0748247
0.0920781
0.0718274
0.0913977
0.0688843
0.0907175
0.0660004
0.0900377
0.0631802
0.0893582
0.0604281
0.0886792
0.057749
0.0880007
0.0551486
0.0873229
0.0526354
0.0866456
0.0502234
0.0859692
0.0479388
0.0852935
0.0458329
0.0846169
0.0440085
0.0838666
0.0426738
0.080058
0.0426735
0.0433771
0.0410513
0.077728
0.0778892
0.0426732
0.0439857
0.0408799
0.0754514
0.0757047
0.0426729
0.0445359
0.04151
0.0732278
0.073509
0.0426726
0.0450504
0.042591
0.0710567
0.0713067
0.0426724
0.0455438
0.0439336
0.0689377
0.0691023
0.0426721
0.0460252
0.0454354
0.0668702
0.0669004
0.0426718
0.0465003
0.0470409
0.0648536
0.0647054
0.0426715
0.0469728
0.0487197
0.0628871
0.0625215
0.0426712
0.0474449
0.0504548
0.0609698
0.0603528
0.0426709
0.0479182
0.0522367
0.0591005
0.0582029
0.0426707
0.0483936
0.0540595
0.0572774
0.0560745
0.0426704
0.0488716
0.0559193
0.0554974
0.0539689
0.0426701
0.0493527
0.0578132
0.0537552
0.0518847
0.0426698
0.0498369
0.0597389
0.0520411
0.0498153
0.0426695
0.0503246
0.0616942
0.0503363
0.0477436
0.0426692
0.0508158
0.063677
0.0486038
0.0456318
0.042669
0.0513106
0.0656851
0.0467713
0.0434005
0.0426686
0.0518089
0.0677163
0.0446948
0.0408864
0.0426748
0.0523109
0.0697682
0.0420878
0.0377567
0.0420843
0.0528166
0.0718385
0.0383795
0.0333339
0.0409762
0.0418123
0.0463769
0.0638739
0.0431354
0.0732364
0.0377127
0.0356576
0.0333338
0.0311118
0.0398793
0.0415418
0.040363
0.0694618
0.0363819
0.0746396
0.037034
0.0330238
0.0333337
0.0306091
0.0387945
0.0412729
0.0348453
0.0727022
0.0317549
0.0760478
0.036343
0.0304916
0.0333335
0.0306075
0.0377226
0.0410056
0.029863
0.0749368
0.0286709
0.0774603
0.0356389
0.0280718
0.0333334
0.0307527
0.0366644
0.0407397
0.0254276
0.0767423
0.0267075
0.0788764
0.0349209
0.0257729
0.0333332
0.0309414
0.0356206
0.0404754
0.021528
0.0783668
0.0255597
0.0802953
0.0341885
0.0236008
0.0333331
0.0311438
0.0345919
0.0402127
0.0181365
0.0799164
0.0250081
0.0817164
0.0334407
0.0215591
0.033333
0.0313509
0.0335791
0.0399514
0.0152143
0.0814368
0.024895
0.0831387
0.0326768
0.0196491
0.0333328
0.0315604
0.0325826
0.0396917
0.0127166
0.0829468
0.0251073
0.0845614
0.031896
0.0178704
0.0333327
0.0317715
0.0316029
0.0394334
0.0105962
0.0844542
0.0255641
0.0859838
0.0310973
0.0162208
0.0333326
0.031984
0.0306404
0.0391767
0.00880646
0.0859619
0.0262076
0.087405
0.0302799
0.0146967
0.0333324
0.0321978
0.0296952
0.0389214
0.00730299
0.0874706
0.0269966
0.088824
0.0294429
0.0132936
0.0333323
0.0324129
0.0287663
0.0386677
0.00604514
0.08898
0.0279017
0.0902401
0.0285851
0.0120061
0.0333322
0.0326293
0.0278511
0.0384154
0.00499634
0.0904897
0.028902
0.0916524
0.0277056
0.0108281
0.033332
0.032847
0.0269411
0.0381646
0.00412432
0.0919988
0.0299829
0.0930601
0.0268033
0.00975327
0.0333319
0.0330661
0.0260119
0.0379152
0.00340104
0.0935065
0.031134
0.0944623
0.025877
0.00877502
0.0333317
0.0332864
0.0249962
0.0376673
0.00280246
0.095012
0.0323481
0.0958582
0.0249256
0.00788734
0.0333316
0.0335081
0.0237059
0.0374209
0.00230836
0.0965144
0.0336202
0.097247
0.0239479
0.00708839
0.0333315
0.0337312
0.021618
0.037176
0.00190226
0.0980128
0.0349468
0.0986279
0.0229425
0.00640731
0.0333313
0.0339556
0.0172762
0.0369326
0.001572
0.0995063
0.0363257
0.1
0.0219081
0.0061033
0.0333313
0.0341814
0.0114286
0.017053
0.0367905
0.00143692
0.0995063
0.0997264
0.0385207
0.0216227
0.0195714
0.0343145
0.0075947
0.0168341
0.0366488
0.00131461
0.0995063
0.0998485
0.0408334
0.0213405
0.0179657
0.0344481
0.00509355
0.0166202
0.0365076
0.00120458
0.0995064
0.0999161
0.0432613
0.0210617
0.0168802
0.034582
0.00347042
0.0164122
0.0363669
0.00110667
0.0995064
0.0999536
0.045803
0.0207862
0.0161647
0.0347165
0.00242426
0.0162111
0.0362268
0.00102123
0.0995064
0.0999744
0.0484578
0.0205139
0.0157127
0.0348514
0.00175695
0.0160189
0.0360871
0.000949299
0.0995064
0.099986
0.0512247
0.0202448
0.0154485
0.0349868
0.00133862
0.0158378
0.0359478
0.00089295
0.0995064
0.0999923
0.0541028
0.0199789
0.0153185
0.0351226
0.00108442
0.0156714
0.0358091
0.000855815
0.0995065
0.0999959
0.0570905
0.0197162
0.0152845
0.035259
0.000939064
0.0155244
0.0356708
0.000843864
0.0995064
0.0999978
0.0601857
0.0194566
0.0153193
0.0353958
0.000866628
0.0154039
0.0355331
0.0995064
0.0999989
0.0633858
0.0192002
0.0995061
0.0999995
0.0666872
0.0189468
0.0995054
0.0999998
0.0700858
0.0186964
0.0995031
0.0999999
0.0735764
0.0184491
0.0994967
0.1
0.0771533
0.0182048
0.099478
0.1
0.0808098
0.0179634
0.0994244
0.1
0.0845384
0.017725
0.0992698
0.1
0.088331
0.0174894
0.0988247
0.1
0.0921785
0.0172569
0.0975431
0.1
0.0960716
0.0170313
0.0938532
0.1
0.1
0.0169211
0.0938532
0.0665986
0.0938532
0.0467857
0.0938532
0.0330923
0.0938532
0.0241737
0.0938532
0.0188237
0.0938532
0.016091
0.0938532
0.015302
0.0938532
0.016024
0.0938532
0.018007
0.0938532
0.0211273
0.0938532
0.0253381
0.0938533
0.0306288
0.0938533
0.036988
0.0938533
0.0443728
0.0938533
0.0526823
0.0938533
0.0617436
0.0938533
0.071312
0.0938533
0.0810883
0.0938533
0.0907519
0.0938533
0.1
0.0938533
0.0938533
0.0938533
0.0938533
0.0938533
0.0938533
0.0938533
0.0938533
0.0938533
0.0938533
0.0938533
0.0938533
0.0938533
0.0938533
0.0938534
0.0938534
0.0938534
0.0938534
0.0938534
0.0938534
END_LIST
