BEGIN_LIST
0.1
0.0999115
0.0998231
0.0997347
0.0996464
0.0995582
0.0994701
0.099382
0.099294
0.099206
0.099118
0.09903
0.0989415
0.0988519
0.0987594
0.0986594
0.0985404
0.0983733
0.098085
0.0974908
0.0961251
0.0916309
0.0951321
0.0872795
0.0941453
0.083073
0.0931649
0.0790126
0.0921908
0.075099
0.0912231
0.0713321
0.0902618
0.0677111
0.089307
0.0642349
0.0883586
0.0609018
0.0874168
0.0577097
0.0864816
0.0546564
0.085553
0.0517395
0.0846309
0.0489567
0.0837156
0.0463069
0.0828069
0.0437906
0.0819049
0.0414131
0.0810096
0.0391889
0.080121
0.0371522
0.0792371
0.0353776
0.0782751
0.0340233
0.0737216
0.034023
0.0351199
0.0314571
0.0713277
0.0705873
0.0340228
0.0359616
0.0307147
0.0690048
0.067533
0.0340225
0.0366448
0.0309633
0.066751
0.0645614
0.0340223
0.0372301
0.0317624
0.0645649
0.0616748
0.034022
0.0377556
0.0328796
0.0624448
0.058875
0.0340217
0.038245
0.0341924
0.0603889
0.0561633
0.0340215
0.0387136
0.0356369
0.0583956
0.0535406
0.0340212
0.0391705
0.0371799
0.0564633
0.0510073
0.034021
0.0396219
0.0388044
0.0545899
0.0485635
0.0340207
0.0400714
0.040502
0.0527735
0.0462086
0.0340204
0.0405215
0.0422689
0.0510114
0.0439417
0.0340202
0.0409736
0.0441038
0.0492998
0.0417611
0.0340199
0.0414286
0.0460062
0.047633
0.0396638
0.0340197
0.0418872
0.0479767
0.0460004
0.0376446
0.0340194
0.0423498
0.0500158
0.0443831
0.0356944
0.0340191
0.0428166
0.0521242
0.042744
0.0337954
0.0340189
0.0432879
0.0543027
0.0410104
0.0319133
0.0340185
0.0437637
0.0565518
0.0390381
0.0299793
0.0340248
0.0442441
0.058872
0.0365397
0.0278541
0.0334302
0.0447292
0.0612638
0.0329398
0.0252535
0.0322593
0.0331996
0.0378588
0.0551119
0.0359703
0.0629097
0.0323144
0.029922
0.0252534
0.0240395
0.031121
0.0329706
0.0318862
0.060504
0.0298913
0.0645864
0.0316772
0.0271296
0.0252533
0.0238041
0.030015
0.0327431
0.0267424
0.0637954
0.0257403
0.0662944
0.0310274
0.0245552
0.0252531
0.0238539
0.0289408
0.0325171
0.0223475
0.0662134
0.0229769
0.0680339
0.0303645
0.0221898
0.025253
0.0239875
0.0278982
0.0322926
0.0186178
0.0682796
0.0212141
0.0698049
0.0296877
0.0200231
0.0252529
0.0241463
0.0268866
0.0320696
0.0154707
0.0702161
0.0201753
0.0716076
0.0289963
0.0180441
0.0252528
0.0243132
0.0259057
0.031848
0.0128277
0.0721171
0.019663
0.0734418
0.0282895
0.016241
0.0252527
0.0244833
0.0249549
0.0316279
0.010617
0.0740227
0.0195365
0.0753074
0.0275665
0.0146021
0.0252526
0.0246551
0.0240338
0.0314093
0.00877414
0.07595
0.0196957
0.0772041
0.0268265
0.0131155
0.0252524
0.0248283
0.0231417
0.0311921
0.00724205
0.0779061
0.0200696
0.0791316
0.0260686
0.0117697
0.0252523
0.0250027
0.0222779
0.0309763
0.00597129
0.0798938
0.020608
0.0810897
0.0252919
0.0105534
0.0252522
0.0251783
0.0214418
0.030762
0.00491928
0.0819143
0.0212753
0.0830778
0.0244955
0.00945588
0.0252521
0.0253551
0.0206319
0.0305491
0.00404975
0.0839678
0.0220467
0.0850955
0.0236782
0.00846692
0.025252
0.0255331
0.0198456
0.0303376
0.00333197
0.0860543
0.0229049
0.0871424
0.0228392
0.00757691
0.0252518
0.0257123
0.0190766
0.0301275
0.00274012
0.0881733
0.023838
0.0892178
0.0219773
0.00677684
0.0252517
0.0258927
0.0183082
0.0299188
0.00225259
0.0903245
0.0248379
0.0913212
0.0210915
0.00605843
0.0252516
0.0260743
0.0174944
0.0297115
0.00185139
0.0925074
0.0258995
0.0934519
0.0201804
0.00541436
0.0252515
0.0262572
0.0165075
0.0295055
0.00152176
0.0947214
0.0270194
0.0956091
0.0192429
0.00484079
0.0252514
0.0264413
0.0149891
0.029301
0.00125188
0.096966
0.0281959
0.0977921
0.0182778
0.00435581
0.0252513
0.0266266
0.0119317
0.029098
0.00103313
0.0992405
0.029428
0.1
0.0172835
0.00414013
0.0252512
0.0268132
0.00785998
0.0117738
0.0289794
0.000943838
0.0992405
0.099579
0.0314087
0.0170448
0.0150233
0.0269233
0.00520585
0.0116195
0.0288613
0.000863104
0.0992405
0.0997667
0.0335233
0.0168093
0.0134576
0.0270338
0.003481
0.0114693
0.0287437
0.000790581
0.0992405
0.0998708
0.0357746
0.0165769
0.0123853
0.0271447
0.00236441
0.0113241
0.0286266
0.000726169
0.0992405
0.0999285
0.0381668
0.0163476
0.0116636
0.0272561
0.00164575
0.0111849
0.0285099
0.0006701
0.0992405
0.0999605
0.040705
0.0161213
0.0111911
0.0273678
0.00118755
0.0110535
0.0283937
0.000623088
0.0992406
0.0999782
0.0433949
0.015898
0.0108961
0.02748
0.000900131
0.0109321
0.0282779
0.000586558
0.0992406
0.099988
0.0462425
0.0156778
0.0107274
0.0275927
0.000725091
0.0108239
0.0281625
0.000562994
0.0992406
0.0999935
0.0492536
0.0154604
0.010649
0.0277057
0.000624445
0.0107336
0.0280477
0.000556484
0.0992406
0.0999965
0.0524345
0.015246
0.0106351
0.0278193
0.000573554
0.0106676
0.0279333
0.0992405
0.0999981
0.0557908
0.0150344
0.0992402
0.0999991
0.0593282
0.0148257
0.0992393
0.0999995
0.063052
0.0146197
0.0992366
0.0999998
0.0669671
0.0144165
0.099229
0.0999999
0.0710777
0.0142161
0.099207
0.1
0.0753876
0.0140183
0.0991436
0.1
0.0798998
0.0138232
0.0989609
0.1
0.0846164
0.0136308
0.0984351
0.1
0.0895388
0.013441
0.096921
0.1
0.0946669
0.013257
0.0925619
0.1
0.1
0.0131672
0.0925619
0.0616283
0.0925619
0.0406997
0.0925619
0.0270791
0.0925619
0.0185603
0.0925619
0.0135138
0.0925619
0.0108252
0.0925619
0.00977875
0.0925619
0.00994516
0.0925619
0.0110943
0.0925619
0.0131336
0.0925619
0.0160661
0.0925619
0.0199631
0.0925619
0.024943
0.0925619
0.0311531
0.0925619
0.0387489
0.0925619
0.0478694
0.0925619
0.0586058
0.0925619
0.070967
0.0925619
0.0848464
0.0925619
0.1
0.0925619
0.0925619
0.0925619
0.0925619
0.0925619
0.0925619
0.0925619
0.0925619
0.0925619
0.0925619
0.0925619
0.0925619
0.0925619
0.0925619
0.0925619
0.0925619
0.0925619
0.0925619
0.0925619
0.0925619
END_LIST
