BEGIN_LIST
0.1
0.0999163
0.0998327
0.0997491
0.0996656
0.0995822
0.0994988
0.0994155
0.0993323
0.099249
0.0991659
0.0990827
0.0989993
0.0989154
0.0988301
0.0987413
0.0986433
0.0985223
0.098343
0.0980167
0.0973197
0.0949791
0.0968375
0.0925997
0.0963532
0.0901862
0.0958666
0.0877435
0.0953779
0.085277
0.094887
0.0827918
0.0943941
0.0802936
0.0938991
0.077788
0.0934022
0.0752808
0.0929033
0.0727776
0.0924024
0.0702846
0.0918998
0.067808
0.0913953
0.0653547
0.090889
0.0629335
0.090381
0.0605559
0.0898713
0.0582406
0.0893599
0.0560194
0.088847
0.0539518
0.0883309
0.0521527
0.0877483
0.0508482
0.0845473
0.0508479
0.0510203
0.0504185
0.0823338
0.0830888
0.0508476
0.0513003
0.0508961
0.080158
0.0815877
0.0508473
0.0516485
0.0518857
0.0780202
0.0800456
0.050847
0.0520405
0.0531673
0.0759209
0.0784642
0.0508467
0.0524608
0.0546182
0.0738603
0.0768456
0.0508465
0.0528998
0.0561694
0.0718387
0.0751921
0.0508462
0.0533515
0.0577819
0.0698562
0.0735061
0.0508459
0.0538121
0.0594331
0.0679128
0.0717901
0.0508456
0.0542792
0.0611096
0.0660083
0.0700466
0.0508453
0.0547514
0.0628029
0.064142
0.0682776
0.050845
0.0552278
0.0645075
0.062313
0.0664842
0.0508447
0.0557077
0.0662191
0.0605188
0.0646655
0.0508445
0.0561908
0.0679344
0.0587549
0.0628163
0.0508442
0.0566769
0.0696505
0.0570124
0.0609228
0.0508439
0.0571657
0.0713649
0.0552736
0.0589542
0.0508436
0.0576572
0.073075
0.0535036
0.0568453
0.0508433
0.0581514
0.0747785
0.0516336
0.0544627
0.050843
0.0586481
0.0764731
0.0495269
0.0515372
0.0508487
0.0591474
0.0781565
0.0469127
0.0475276
0.0502993
0.0596491
0.0798265
0.0432525
0.0413482
0.0493378
0.0499965
0.0540222
0.0708163
0.0495591
0.0809377
0.042577
0.0409195
0.0413481
0.0381325
0.0483715
0.0496951
0.0484205
0.0763327
0.0424911
0.0820408
0.0418909
0.0385765
0.041348
0.0373626
0.0474014
0.0493952
0.042965
0.0793952
0.0376372
0.0831353
0.0411933
0.0362406
0.0413478
0.0373057
0.0464283
0.0490968
0.0377614
0.0813894
0.0344027
0.0842209
0.0404839
0.0339286
0.0413477
0.0374574
0.0454533
0.0487998
0.0328935
0.0829162
0.0323525
0.085297
0.0397618
0.0316566
0.0413475
0.0376706
0.0444773
0.0485042
0.0284199
0.0842361
0.0311697
0.0863631
0.0390264
0.0294393
0.0413474
0.0379028
0.0435012
0.0482102
0.0243743
0.0854617
0.0306242
0.0874188
0.038277
0.0272899
0.0413472
0.0381413
0.0425261
0.0479175
0.0207678
0.0866418
0.0305492
0.0884635
0.0375128
0.0252196
0.0413471
0.0383827
0.0415529
0.0476263
0.0175931
0.0877969
0.0308242
0.0894969
0.0367331
0.023238
0.041347
0.0386258
0.0405825
0.0473365
0.014829
0.088936
0.0313623
0.0905184
0.035937
0.0213523
0.0413468
0.0388703
0.0396155
0.0470482
0.0124453
0.0900623
0.0321005
0.0915277
0.0351238
0.0195678
0.0413467
0.0391162
0.0386523
0.0467613
0.0104061
0.0911772
0.0329936
0.0925243
0.0342924
0.0178879
0.0413465
0.0393634
0.0376921
0.0464759
0.00867376
0.0922809
0.0340088
0.0935078
0.0334421
0.0163142
0.0413464
0.039612
0.0367311
0.0461918
0.00721068
0.0933731
0.0351227
0.094478
0.0325717
0.0148468
0.0413462
0.0398619
0.0357577
0.0459092
0.00598112
0.0944537
0.0363179
0.0954343
0.0316804
0.0134842
0.0413461
0.0401131
0.0347379
0.045628
0.00495215
0.095522
0.0375824
0.0963767
0.0307671
0.0122241
0.041346
0.0403657
0.0335774
0.0453482
0.00409426
0.0965779
0.0389069
0.0973046
0.0298306
0.0110639
0.0413458
0.0406196
0.0320154
0.0450699
0.00338175
0.0976208
0.0402849
0.098218
0.0288698
0.0100062
0.0413457
0.0408748
0.0293335
0.044793
0.00279315
0.0986504
0.0417116
0.0991165
0.0278836
0.00909542
0.0413455
0.0411314
0.0235519
0.0445176
0.00231236
0.0996663
0.0431832
0.1
0.0268706
0.00868703
0.0413455
0.0413894
0.0156615
0.0232574
0.0443567
0.00211515
0.0996664
0.0998152
0.045503
0.0265425
0.0246017
0.0415414
0.0104536
0.0229679
0.0441962
0.00193626
0.0996664
0.0998977
0.0479157
0.0262176
0.0230601
0.0416939
0.00704048
0.022684
0.0440363
0.00177497
0.0996664
0.0999434
0.0504143
0.025896
0.0220365
0.0418468
0.00481909
0.0224067
0.0438768
0.00163107
0.0996664
0.0999688
0.052993
0.0255777
0.0213822
0.0420001
0.00338517
0.022137
0.0437178
0.00150502
0.0996664
0.0999828
0.0556465
0.0252627
0.0209914
0.0421539
0.00247033
0.0218768
0.0435592
0.00139823
0.0996665
0.0999906
0.0583696
0.0249509
0.0207888
0.0423081
0.00189769
0.0216284
0.0434012
0.00131355
0.0996665
0.0999949
0.0611566
0.0246423
0.0207209
0.0424629
0.00155119
0.0213954
0.0432436
0.00125597
0.0996665
0.0999973
0.0640017
0.0243369
0.0207496
0.0426181
0.00135503
0.0211826
0.0430865
0.0012337
0.0996665
0.0999986
0.0668986
0.0240347
0.0208481
0.0427737
0.00125986
0.0209969
0.0429299
0.0996664
0.0999993
0.0698405
0.0237357
0.0996662
0.0999997
0.0728203
0.0234398
0.0996656
0.0999999
0.0758303
0.023147
0.0996636
0.1
0.0788625
0.0228574
0.0996581
0.1
0.0819087
0.0225708
0.099642
0.1
0.0849603
0.0222873
0.0995957
0.1
0.0880089
0.0220069
0.0994623
0.1
0.0910456
0.0217294
0.0990783
0.1
0.094062
0.0214552
0.0979727
0.1
0.0970495
0.0211887
0.0947894
0.1
0.1
0.0210585
0.0947894
0.07086
0.0947894
0.0528046
0.0947894
0.0398309
0.0947894
0.03113
0.0947894
0.025886
0.0947894
0.023369
0.0947894
0.0230014
0.0947894
0.0243699
0.0947894
0.027195
0.0947894
0.0312852
0.0947894
0.0364896
0.0947895
0.0426581
0.0947895
0.0496122
0.0947895
0.0571326
0.0947895
0.0649622
0.0947895
0.0728259
0.0947895
0.0804581
0.0947895
0.0876318
0.0947895
0.0941791
0.0947895
0.1
0.0947895
0.0947895
0.0947895
0.0947895
0.0947895
0.0947895
0.0947895
0.0947895
0.0947895
0.0947896
0.0947896
0.0947896
0.0947896
0.0947896
0.0947896
0.0947896
0.0947896
0.0947896
0.0947896
0.0947896
END_LIST
