BEGIN_LIST
0
1.94727e-64
6.75889e-64
1.85529e-63
4.73648e-63
1.17652e-62
2.89011e-62
7.06679e-62
1.7246e-61
4.20526e-61
1.02505e-60
2.49826e-60
6.08835e-60
1.48371e-59
3.61572e-59
8.81129e-59
2.14724e-58
5.23263e-58
1.27515e-57
3.10743e-57
7.57253e-57
3.39167e-56
7.74341e-57
8.14181e-56
7.91781e-57
1.64691e-55
8.09582e-57
3.08189e-55
8.27749e-57
5.52847e-55
8.46288e-57
9.67266e-55
8.65206e-57
1.66657e-54
8.84509e-57
2.84425e-54
9.04205e-57
4.8261e-54
9.243e-57
8.16168e-54
9.44801e-57
1.37798e-53
9.65715e-57
2.32534e-53
9.87068e-57
3.92515e-53
1.00968e-56
6.6312e-53
1.06827e-56
1.12165e-52
2.65493e-56
1.90008e-52
6.98896e-55
3.22405e-52
2.95843e-53
5.48014e-52
1.27091e-51
9.33157e-52
5.46211e-50
1.59171e-51
2.34781e-48
1.67986e-51
2.05988e-51
9.36743e-52
5.59951e-48
2.43823e-48
1.77288e-51
2.32838e-51
5.51449e-52
1.09554e-47
2.53032e-48
1.87106e-51
2.46653e-51
3.24819e-52
1.94857e-47
2.62393e-48
1.97467e-51
2.5201e-51
1.91466e-52
3.27323e-47
2.71889e-48
2.08402e-51
2.51925e-51
1.12952e-52
5.28944e-47
2.81501e-48
2.19943e-51
2.48388e-51
6.66897e-53
8.30798e-47
2.91203e-48
2.32122e-51
2.42707e-51
3.94094e-53
1.27643e-46
3.00969e-48
2.44976e-51
2.35743e-51
2.33086e-53
1.92634e-46
3.10759e-48
2.58541e-51
2.28058e-51
1.37978e-53
2.86395e-46
3.20521e-48
2.72857e-51
2.20019e-51
8.17476e-54
4.20335e-46
3.30178e-48
2.87965e-51
2.11866e-51
4.84741e-54
6.0994e-46
3.39601e-48
3.03911e-51
2.0375e-51
2.87678e-54
8.76062e-46
3.4857e-48
3.20738e-51
1.95767e-51
1.70869e-54
1.24655e-45
3.56693e-48
3.38498e-51
1.87979e-51
1.0157e-54
1.7583e-45
3.63251e-48
3.5724e-51
1.80419e-51
6.0424e-55
2.4597e-45
3.66902e-48
3.7702e-51
1.73107e-51
3.59729e-55
3.41365e-45
3.65123e-48
3.97895e-51
1.66053e-51
2.14312e-55
4.70101e-45
3.5314e-48
4.19925e-51
1.59258e-51
1.27761e-55
6.4245e-45
3.21884e-48
4.43164e-51
1.52721e-51
7.62069e-56
8.71303e-45
2.54083e-48
4.68675e-51
1.46436e-51
4.5476e-56
1.17264e-44
1.16706e-48
4.79775e-51
4.83774e-51
1.64013e-51
6.75162e-52
2.17928e-51
3.23895e-56
1.2295e-44
1.19712e-44
1.1864e-48
3.63419e-49
4.9093e-51
4.99355e-51
1.80676e-51
3.11615e-52
2.66421e-51
2.30667e-56
1.28137e-44
1.21776e-44
1.20606e-48
1.23707e-49
5.02153e-51
5.15433e-51
1.95801e-51
1.43907e-52
2.9693e-51
1.64236e-56
1.32777e-44
1.23423e-44
1.22604e-48
5.18768e-50
5.13501e-51
5.32023e-51
2.08854e-51
6.64853e-53
3.13571e-51
1.16889e-56
1.36823e-44
1.24626e-44
1.24636e-48
3.00327e-50
5.2515e-51
5.49141e-51
2.19435e-51
3.07264e-53
3.19667e-51
8.3137e-57
1.40231e-44
1.25366e-44
1.26702e-48
2.30815e-50
5.37595e-51
5.66804e-51
2.27307e-51
1.42044e-53
3.17869e-51
5.90732e-57
1.42958e-44
1.25632e-44
1.28802e-48
2.05769e-50
5.52199e-51
5.85029e-51
2.32403e-51
6.56832e-54
3.1028e-51
4.19159e-57
1.44964e-44
1.25423e-44
1.30938e-48
1.94093e-50
5.72668e-51
6.03834e-51
2.34809e-51
3.038e-54
2.9855e-51
2.96828e-57
1.46209e-44
1.24746e-44
1.33109e-48
1.86524e-50
6.09033e-51
6.23237e-51
2.34743e-51
1.40541e-54
2.83972e-51
2.09619e-57
1.4666e-44
1.23616e-44
1.35316e-48
1.80304e-50
6.88438e-51
6.43258e-51
2.32529e-51
6.50222e-55
2.67552e-51
1.47464e-57
1.46285e-44
1.22055e-44
1.3756e-48
1.74605e-50
8.84316e-51
6.63915e-51
2.28583e-51
3.00805e-55
2.50066e-51
1.03187e-57
1.45056e-44
1.20094e-44
1.39842e-48
1.6918e-50
1.39537e-50
6.85228e-51
2.23453e-51
1.39097e-55
2.32108e-51
7.16685e-58
1.42949e-44
1.17768e-44
1.42162e-48
1.6395e-50
2.75953e-50
7.07219e-51
2.17939e-51
6.4246e-56
2.14132e-51
4.92556e-58
1.39944e-44
1.15114e-44
1.44521e-48
1.58889e-50
6.43374e-50
7.29908e-51
2.13436e-51
2.95962e-56
1.96473e-51
3.33424e-58
1.36025e-44
1.12176e-44
1.46919e-48
1.53985e-50
1.6366e-49
7.53317e-51
2.12764e-51
1.35574e-56
1.79377e-51
2.20681e-58
1.31181e-44
1.08994e-44
1.49357e-48
1.49231e-50
4.32601e-49
7.77471e-51
2.2216e-51
6.13673e-57
1.63021e-51
1.4104e-58
1.25407e-44
1.05615e-44
1.51836e-48
1.44624e-50
1.16154e-48
8.02393e-51
2.55999e-51
2.70725e-57
1.47524e-51
8.50169e-59
1.18702e-44
1.02084e-44
1.54356e-48
1.40157e-50
3.13883e-48
8.28113e-51
3.48022e-51
1.12642e-57
1.32959e-51
4.58331e-59
1.1107e-44
9.84813e-45
1.56918e-48
1.35827e-50
8.5076e-48
8.54671e-51
5.78024e-51
4.01772e-58
1.19367e-51
1.8647e-59
1.02521e-44
9.50891e-45
1.59488e-48
1.3163e-50
2.31103e-47
8.82145e-51
1.1354e-50
7.35006e-59
1.06763e-51
0
9.30704e-45
9.35036e-45
1.60766e-48
1.27561e-50
1.58664e-47
3.22051e-47
8.98599e-51
1.59736e-50
7.59075e-59
4.25472e-59
8.92842e-52
9.39134e-45
6.95262e-45
1.25243e-50
1.08387e-47
4.44266e-47
9.15358e-51
2.28112e-50
7.83934e-59
2.46288e-59
7.40557e-52
9.47605e-45
5.1929e-45
1.22963e-50
7.37865e-48
6.08351e-47
9.32426e-51
3.29257e-50
8.09618e-59
1.42562e-59
6.09199e-52
9.56118e-45
3.87791e-45
1.2072e-50
5.01149e-48
8.28495e-47
9.49809e-51
4.78816e-50
8.3617e-59
8.25157e-60
4.96944e-52
9.64674e-45
2.89542e-45
1.18518e-50
3.39865e-48
1.1237e-46
9.67513e-51
6.99928e-50
8.63669e-59
4.77571e-60
4.01857e-52
9.73272e-45
2.16143e-45
1.16354e-50
2.30274e-48
1.51938e-46
9.85544e-51
1.0268e-49
8.92284e-59
2.76363e-60
3.22001e-52
9.81911e-45
1.61313e-45
1.14229e-50
1.55941e-48
2.0496e-46
1.00391e-50
1.51001e-49
9.22433e-59
1.59891e-60
2.55505e-52
9.90594e-45
1.20357e-45
1.12142e-50
1.05581e-48
2.75992e-46
1.02261e-50
2.22434e-49
9.55221e-59
9.2471e-61
2.00609e-52
9.99318e-45
8.9766e-46
1.10093e-50
7.14861e-49
3.71135e-46
1.04166e-50
3.28034e-49
9.93661e-59
5.34464e-61
1.55689e-52
1.00809e-44
6.69185e-46
1.08081e-50
4.84134e-49
4.98555e-46
1.06105e-50
1.04604e-58
3.08593e-61
1.19268e-52
1.01689e-44
1.13526e-58
1.77874e-61
9.00249e-53
1.02575e-44
1.32467e-58
1.02235e-61
6.67904e-53
1.03464e-44
1.7897e-58
5.84804e-62
4.85389e-53
1.04358e-44
3.01618e-58
3.31809e-62
3.43817e-53
1.05256e-44
6.34957e-58
1.85639e-62
2.35554e-53
1.06158e-44
1.55164e-57
1.01295e-62
1.54107e-53
1.07065e-44
4.08379e-57
5.27286e-63
9.40046e-54
1.07976e-44
1.109e-56
2.48638e-63
5.06839e-54
1.0889e-44
3.04877e-56
8.97154e-64
2.03754e-54
1.09793e-44
8.42056e-56
0
0
1.10238e-44
8.58202e-56
4.80679e-55
8.74657e-56
7.67489e-55
8.91429e-56
9.56262e-55
9.08521e-56
1.06789e-54
9.25942e-56
1.12579e-54
9.43697e-56
1.14966e-54
9.61792e-56
1.15243e-54
9.80234e-56
1.14045e-54
9.99029e-56
1.11506e-54
1.01819e-55
1.0748e-54
1.03771e-55
1.01718e-54
1.05761e-55
9.40369e-55
1.07789e-55
8.4419e-55
1.09855e-55
7.30733e-55
1.11962e-55
6.04323e-55
1.14109e-55
4.70987e-55
1.16297e-55
3.37604e-55
1.18527e-55
2.10962e-55
1.208e-55
9.69482e-56
1.23105e-55
0
1.26391e-55
1.29764e-55
1.33227e-55
1.36782e-55
1.40433e-55
1.4418e-55
1.48028e-55
1.51979e-55
1.56035e-55
1.60199e-55
1.64474e-55
1.68864e-55
1.7337e-55
1.77997e-55
1.82749e-55
1.87621e-55
1.9265e-55
1.9769e-55
2.03434e-55
2.06702e-55
END_LIST
