BEGIN_LIST
0.1
0.0999157
0.0998315
0.0997473
0.0996632
0.0995791
0.0994951
0.0994112
0.0993273
0.0992435
0.0991597
0.0990759
0.0989918
0.0989073
0.0988211
0.098731
0.0986309
0.0985052
0.098315
0.0979621
0.0971989
0.094638
0.0966678
0.0920478
0.0961348
0.0894336
0.0955999
0.0868013
0.0950632
0.0841567
0.0945248
0.0815058
0.0939846
0.0788545
0.0934428
0.0762088
0.0928994
0.0735747
0.0923544
0.070958
0.0918079
0.0683648
0.09126
0.065801
0.0907107
0.0632736
0.0901601
0.0607905
0.0896081
0.0583629
0.0890549
0.0560086
0.0885006
0.0537584
0.0879451
0.0516704
0.0873869
0.0498575
0.08676
0.0485439
0.0833973
0.0485436
0.0488768
0.0477589
0.0811467
0.081758
0.0485433
0.0492571
0.0480486
0.078938
0.0800798
0.048543
0.0496679
0.0489404
0.0767716
0.078365
0.0485427
0.0500987
0.0501741
0.0746475
0.0766163
0.0485424
0.050543
0.051606
0.0725658
0.0748365
0.0485422
0.0509968
0.0531568
0.0705267
0.0730288
0.0485419
0.0514575
0.0547818
0.06853
0.0711962
0.0485416
0.0519238
0.0564558
0.0665755
0.0693421
0.0485413
0.0523945
0.0581642
0.0646629
0.0674694
0.048541
0.052869
0.0598978
0.0627914
0.0655811
0.0485407
0.0533471
0.0616507
0.0609597
0.063679
0.0485404
0.0538285
0.0634187
0.0591653
0.0617632
0.0485401
0.054313
0.0651983
0.0574034
0.0598299
0.0485399
0.0548006
0.0669867
0.0556648
0.0578678
0.0485396
0.0552911
0.0687811
0.0539313
0.0558504
0.0485393
0.0557845
0.070579
0.0521676
0.053721
0.048539
0.0562808
0.0723779
0.0503033
0.051362
0.0485386
0.05678
0.0741754
0.0481991
0.048535
0.0485446
0.057282
0.0759689
0.0455784
0.0447582
0.0479805
0.0577869
0.0777561
0.0418911
0.0390614
0.0469707
0.0476855
0.0518999
0.0689711
0.0477676
0.0789498
0.0412152
0.0394407
0.0390613
0.0361207
0.04596
0.0473919
0.0461418
0.0745301
0.040757
0.0801383
0.0405281
0.0370044
0.0390611
0.0354249
0.0449494
0.0470999
0.0406275
0.077653
0.0359453
0.081321
0.0398293
0.0345993
0.039061
0.0353836
0.0439398
0.0468093
0.0354497
0.0797193
0.0327384
0.0824974
0.0391182
0.032242
0.0390608
0.0355337
0.0429323
0.0465203
0.0306754
0.0813257
0.0307027
0.083667
0.038394
0.0299472
0.0390607
0.0357405
0.0419279
0.0462327
0.0263448
0.0827305
0.0295233
0.0848291
0.037656
0.0277281
0.0390606
0.0359646
0.0409275
0.0459466
0.0224739
0.084045
0.028972
0.0859832
0.0369035
0.0255958
0.0390604
0.0361947
0.039932
0.045662
0.0190585
0.0853172
0.0288839
0.0871285
0.0361358
0.0235593
0.0390603
0.0364275
0.0389425
0.0453788
0.0160789
0.0865676
0.0291403
0.0882646
0.035352
0.0216254
0.0390601
0.036662
0.0379596
0.0450971
0.0135049
0.0878044
0.0296555
0.0893909
0.0345512
0.0197991
0.03906
0.036898
0.0369842
0.0448169
0.0112996
0.0890311
0.0303678
0.0905068
0.0337328
0.0180831
0.0390598
0.0371353
0.0360165
0.0445382
0.00942388
0.0902486
0.031233
0.0916118
0.0328956
0.0164784
0.0390597
0.0373739
0.0350558
0.0442609
0.00783798
0.0914572
0.0322191
0.0927053
0.0320387
0.0149845
0.0390596
0.0376139
0.0340987
0.0439851
0.00650397
0.0926564
0.0333034
0.0937869
0.0311613
0.0135994
0.0390594
0.0378552
0.0331345
0.0437107
0.00538666
0.0938458
0.0344694
0.094856
0.0302622
0.0123202
0.0390593
0.0380979
0.0321324
0.0434377
0.00445426
0.0950249
0.0357052
0.0959122
0.0293403
0.0111429
0.0390591
0.0383419
0.0310064
0.0431662
0.00367872
0.0961931
0.0370023
0.0969551
0.0283945
0.0100638
0.039059
0.0385872
0.0295177
0.0428962
0.00303585
0.09735
0.0383546
0.0979843
0.0274237
0.00908393
0.0390589
0.0388339
0.0270074
0.0426276
0.00250563
0.0984949
0.0397577
0.0989994
0.0264266
0.00824281
0.0390587
0.039082
0.0216533
0.0423606
0.00207316
0.0996274
0.0412081
0.1
0.0254019
0.00786618
0.0390586
0.0393314
0.0143757
0.0213797
0.0422045
0.00189592
0.0996275
0.0997936
0.0435008
0.0250855
0.0231004
0.0394785
0.00958189
0.021111
0.042049
0.00173524
0.0996275
0.0998857
0.0458944
0.0247725
0.0215309
0.0396259
0.00644459
0.0208477
0.0418939
0.00159048
0.0996275
0.0999368
0.0483828
0.0244628
0.0204827
0.0397738
0.0044045
0.0205907
0.0417394
0.00146144
0.0996275
0.0999651
0.0509615
0.0241565
0.0198059
0.0399221
0.0030882
0.0203413
0.0415853
0.00134854
0.0996275
0.0999808
0.0536262
0.0238533
0.0193938
0.0400709
0.00224841
0.0201011
0.0414317
0.00125309
0.0996276
0.0999895
0.0563727
0.0235535
0.0191708
0.0402202
0.00172245
0.0198727
0.0412786
0.00117771
0.0996276
0.0999943
0.0591965
0.0232569
0.019083
0.04037
0.00140374
0.0196595
0.0411259
0.00112695
0.0996276
0.0999969
0.0620926
0.0229634
0.0190921
0.0405202
0.00122267
0.0194664
0.0409738
0.00110837
0.0996276
0.0999984
0.0650557
0.0226732
0.019171
0.0406709
0.00113399
0.0193003
0.0408221
0.0996275
0.0999992
0.0680798
0.0223862
0.0996273
0.0999996
0.0711583
0.0221022
0.0996266
0.0999999
0.0742841
0.0218215
0.0996246
0.1
0.0774495
0.0215438
0.0996188
0.1
0.0806465
0.0212692
0.099602
0.1
0.0838667
0.0209976
0.0995537
0.1
0.0871011
0.0207291
0.0994144
0.1
0.0903408
0.0204636
0.0990134
0.1
0.0935767
0.0202013
0.0978588
0.1
0.0967995
0.0199464
0.0945346
0.1
0.1
0.0198219
0.0945346
0.069639
0.0945346
0.0510131
0.0945346
0.0377571
0.0945346
0.028933
0.0945346
0.0236181
0.0945346
0.0210149
0.0945346
0.0205145
0.0945346
0.0216962
0.0945346
0.0242907
0.0945346
0.0281299
0.0945346
0.0330973
0.0945346
0.0390856
0.0945346
0.0459625
0.0945346
0.0535509
0.0945347
0.0616222
0.0945347
0.0699091
0.0945347
0.0781295
0.0945347
0.0860192
0.0945347
0.0933602
0.0945347
0.1
0.0945347
0.0945347
0.0945347
0.0945347
0.0945347
0.0945347
0.0945347
0.0945347
0.0945347
0.0945347
0.0945347
0.0945348
0.0945348
0.0945348
0.0945348
0.0945348
0.0945348
0.0945348
0.0945348
0.0945348
END_LIST
