BEGIN_LIST
0
5.64538e-34
1.92851e-33
5.17018e-33
1.28337e-32
3.09446e-32
7.3813e-32
1.75506e-31
4.17254e-31
9.92963e-31
2.36592e-30
5.64372e-30
1.34752e-29
3.21978e-29
7.69769e-29
1.84113e-28
4.40507e-28
1.05424e-27
2.52362e-27
6.04215e-27
1.44689e-26
6.30219e-26
1.49816e-26
1.46485e-25
1.5513e-26
2.83197e-25
1.60639e-26
4.99892e-25
1.66348e-26
8.35606e-25
1.72266e-26
1.34771e-24
1.78401e-26
2.12158e-24
1.8476e-26
3.28624e-24
1.91353e-26
5.04063e-24
1.98188e-26
7.6978e-24
2.05274e-26
1.17607e-23
2.12621e-26
1.8053e-23
2.20239e-26
2.79454e-23
2.28138e-26
4.37505e-23
2.3633e-26
6.94114e-23
2.4487e-26
1.11706e-22
2.55648e-26
1.82352e-22
3.49242e-26
3.0169e-22
3.98358e-25
5.05129e-22
1.59585e-23
8.54379e-22
6.83899e-22
8.9925e-22
1.10711e-21
5.00707e-22
1.62255e-21
7.13342e-22
9.46445e-22
1.25305e-21
2.93701e-22
3.14314e-21
7.43576e-22
9.96084e-22
1.32937e-21
1.7253e-22
5.51345e-21
7.74591e-22
1.04829e-21
1.36053e-21
1.01555e-22
9.10019e-21
8.06385e-22
1.10319e-21
1.36263e-21
5.99341e-23
1.43984e-20
8.3898e-22
1.16093e-21
1.34626e-21
3.54891e-23
2.20678e-20
8.72446e-22
1.22165e-21
1.31834e-21
2.11033e-23
3.29775e-20
9.06943e-22
1.2855e-21
1.28345e-21
1.26155e-23
4.82598e-20
9.42805e-22
1.35265e-21
1.24456e-21
7.59127e-24
6.93752e-20
9.80692e-22
1.42325e-21
1.20362e-21
4.60495e-24
9.81904e-20
1.02187e-21
1.49748e-21
1.16187e-21
2.82057e-24
1.37072e-19
1.06871e-21
1.57554e-21
1.12014e-21
1.7473e-24
1.88995e-19
1.12568e-21
1.6576e-21
1.07894e-21
1.09645e-24
2.57678e-19
1.20111e-21
1.74389e-21
1.03859e-21
6.97797e-25
3.4774e-19
1.31044e-21
1.8346e-21
9.99289e-22
4.50718e-25
4.64888e-19
1.48244e-21
1.92996e-21
9.61143e-22
2.95478e-25
6.16152e-19
1.77052e-21
2.03022e-21
9.24212e-22
1.96459e-25
8.10169e-19
2.27411e-21
2.13562e-21
8.88519e-22
1.3228e-25
1.05755e-18
3.17844e-21
2.24637e-21
8.54062e-22
9.00029e-26
1.3714e-18
4.82951e-21
2.36598e-21
8.20827e-22
6.17178e-26
1.76798e-18
7.87635e-21
2.41632e-21
2.43645e-21
9.09267e-22
3.77215e-22
1.22904e-21
4.82738e-26
1.8414e-18
1.79842e-18
8.06803e-21
9.39749e-21
2.46658e-21
2.50896e-21
9.90568e-22
1.73524e-22
1.50763e-21
3.7787e-26
1.90755e-18
1.82281e-18
8.26434e-21
9.66032e-21
2.5167e-21
2.58356e-21
1.06154e-21
7.98708e-23
1.68502e-21
2.95723e-26
1.96583e-18
1.8407e-18
8.4654e-21
9.54933e-21
2.56661e-21
2.66031e-21
1.11961e-21
3.67807e-23
1.78442e-21
2.31161e-26
2.01565e-18
1.85177e-18
8.67131e-21
9.33087e-21
2.61623e-21
2.73928e-21
1.16302e-21
1.69458e-23
1.82444e-21
1.80297e-26
2.05645e-18
1.85581e-18
8.88219e-21
9.08506e-21
2.6655e-21
2.82051e-21
1.19097e-21
7.81187e-24
1.81993e-21
1.40169e-26
2.08768e-18
1.85275e-18
9.09817e-21
8.8359e-21
2.71435e-21
2.90409e-21
1.20356e-21
3.60401e-24
1.78256e-21
1.08497e-26
2.10885e-18
1.84263e-18
9.31935e-21
8.59049e-21
2.76271e-21
2.99006e-21
1.20169e-21
1.66448e-24
1.7215e-21
8.35125e-27
2.11947e-18
1.82564e-18
9.54588e-21
8.35084e-21
2.81052e-21
3.07851e-21
1.18684e-21
7.6986e-25
1.64392e-21
6.38328e-27
2.11913e-18
1.80208e-18
9.77787e-21
8.11745e-21
2.85776e-21
3.16949e-21
1.16087e-21
3.56809e-25
1.55538e-21
4.83703e-27
2.10743e-18
1.77237e-18
1.00154e-20
7.89033e-21
2.90442e-21
3.26308e-21
1.12582e-21
1.65833e-25
1.46018e-21
3.62642e-27
2.08402e-18
1.737e-18
1.02588e-20
7.66937e-21
2.95071e-21
3.35936e-21
1.08372e-21
7.7354e-26
1.36164e-21
2.6829e-27
2.04862e-18
1.69655e-18
1.05079e-20
7.45444e-21
2.99723e-21
3.45839e-21
1.03646e-21
3.6243e-26
1.26228e-21
1.95175e-27
2.00097e-18
1.65163e-18
1.07631e-20
7.24537e-21
3.04579e-21
3.56025e-21
9.85753e-22
1.70629e-26
1.164e-21
1.38913e-27
1.94089e-18
1.60291e-18
1.10244e-20
7.04202e-21
3.10141e-21
3.66503e-21
9.33063e-22
8.06459e-27
1.06822e-21
9.59888e-28
1.86825e-18
1.55104e-18
1.12921e-20
6.84422e-21
3.17793e-21
3.7728e-21
8.79618e-22
3.81248e-27
9.75961e-22
6.35771e-28
1.78299e-18
1.49669e-18
1.15661e-20
6.65184e-21
3.31328e-21
3.88366e-21
8.26441e-22
1.7854e-27
8.87952e-22
3.94132e-28
1.6851e-18
1.44058e-18
1.18468e-20
6.46472e-21
3.61124e-21
3.99771e-21
7.74409e-22
8.09712e-28
8.04672e-22
2.16811e-28
1.57464e-18
1.38388e-18
1.21341e-20
6.28273e-21
4.35616e-21
4.1151e-21
7.24381e-22
3.36046e-28
7.26416e-22
8.92884e-29
1.45175e-18
1.33089e-18
1.24244e-20
6.10573e-21
6.32935e-21
4.23613e-21
6.77436e-22
1.05198e-28
6.53331e-22
0
1.31662e-18
1.30619e-18
1.25693e-20
5.93358e-21
4.50931e-21
7.76255e-21
4.30846e-21
6.56818e-22
1.17218e-28
7.70105e-29
5.51115e-22
1.32668e-18
9.81703e-19
5.83522e-21
3.23506e-21
9.62653e-21
4.38199e-21
6.37363e-22
1.31025e-28
5.69972e-29
4.61054e-22
1.33677e-18
7.32317e-19
5.73827e-21
2.35205e-21
1.20653e-20
4.45674e-21
6.19397e-22
1.46908e-28
4.2432e-29
3.82492e-22
1.34688e-18
5.4663e-19
5.64279e-21
1.74542e-21
1.52721e-20
4.53273e-21
6.03389e-22
1.65211e-28
3.16381e-29
3.14596e-22
1.357e-18
4.08368e-19
5.5488e-21
1.33202e-21
1.95066e-20
4.60998e-21
5.9001e-22
1.8637e-28
2.35459e-29
2.56441e-22
1.36715e-18
3.05408e-19
5.45632e-21
1.05279e-21
2.5118e-20
4.6885e-21
5.80239e-22
2.10986e-28
1.74428e-29
2.07065e-22
1.37731e-18
2.28717e-19
5.36532e-21
8.66312e-22
3.25753e-20
4.76833e-21
5.75496e-22
2.40036e-28
1.28334e-29
1.65511e-22
1.38749e-18
1.71574e-19
5.27579e-21
7.43811e-22
4.2509e-20
4.84948e-21
5.77855e-22
2.75419e-28
9.35952e-30
1.30852e-22
1.39769e-18
1.28978e-19
5.18772e-21
6.65394e-22
5.57667e-20
4.93197e-21
5.90341e-22
3.21481e-28
6.75427e-30
1.0221e-22
1.40791e-18
9.7205e-20
5.10107e-21
6.17371e-22
7.34881e-20
5.01583e-21
3.89191e-28
4.81408e-30
7.87703e-23
1.41815e-18
5.07715e-28
3.38181e-30
5.97843e-23
1.4284e-18
7.56426e-28
2.33539e-30
4.45752e-23
1.43867e-18
1.35353e-27
1.57992e-30
3.25377e-23
1.44896e-18
2.90152e-27
1.04189e-30
2.31365e-23
1.45927e-18
7.06683e-27
6.64683e-31
1.59031e-23
1.46959e-18
1.84622e-26
4.05046e-31
1.04324e-23
1.47992e-18
4.98598e-26
2.30241e-31
6.37709e-24
1.49027e-18
1.36628e-25
1.1575e-31
3.44347e-24
1.50063e-18
3.76716e-25
4.34246e-32
1.38556e-24
1.51083e-18
1.04138e-24
0
0
1.51584e-18
1.06145e-24
5.94629e-24
1.08192e-24
9.49356e-24
1.10277e-24
1.18269e-23
1.12404e-24
1.32048e-23
1.14572e-24
1.39174e-23
1.16782e-24
1.42086e-23
1.19035e-24
1.42388e-23
1.21331e-24
1.40866e-23
1.23673e-24
1.37692e-23
1.26061e-24
1.32685e-23
1.28495e-24
1.25543e-23
1.30976e-24
1.16039e-23
1.33506e-24
1.04152e-23
1.36086e-24
9.01401e-24
1.38716e-24
7.45372e-24
1.41397e-24
5.80857e-24
1.44131e-24
4.16326e-24
1.46919e-24
2.6014e-24
1.49762e-24
1.19544e-24
1.52646e-24
0
1.56758e-24
1.60984e-24
1.65325e-24
1.69785e-24
1.74368e-24
1.79077e-24
1.83916e-24
1.88889e-24
1.93998e-24
1.99249e-24
2.04646e-24
2.10193e-24
2.15893e-24
2.21753e-24
2.27777e-24
2.33962e-24
2.40355e-24
2.4677e-24
2.54092e-24
2.58263e-24
END_LIST
