BEGIN_LIST
0.1
0.0999161
0.0998323
0.0997486
0.0996649
0.0995813
0.0994978
0.0994143
0.0993308
0.0992475
0.0991641
0.0990807
0.0989972
0.0989131
0.0988276
0.0987384
0.0986398
0.0985175
0.0983352
0.0980015
0.0972861
0.0948844
0.0967905
0.0924462
0.0962926
0.0899766
0.0957927
0.0874806
0.0952907
0.0849638
0.0947867
0.0824317
0.0942806
0.0798899
0.0937727
0.0773443
0.0932628
0.0748005
0.0927511
0.0722645
0.0922376
0.0697423
0.0917223
0.0672401
0.0912053
0.0647649
0.0906867
0.0623251
0.0901664
0.0599324
0.0896445
0.057605
0.0891212
0.0553746
0.0885963
0.0533005
0.0880684
0.0514969
0.0874734
0.0501898
0.0842269
0.0501895
0.0504086
0.0496575
0.0820025
0.0827183
0.0501892
0.0507176
0.0500812
0.079817
0.0811678
0.0501889
0.0510841
0.0510433
0.0776707
0.0795773
0.0501886
0.0514875
0.0523121
0.075564
0.0779489
0.0501883
0.0519149
0.0537585
0.073497
0.0762847
0.050188
0.0523583
0.0553107
0.0714701
0.0745874
0.0501878
0.0528128
0.0569279
0.0694832
0.0728595
0.0501875
0.0532751
0.0585868
0.0675363
0.0711038
0.0501872
0.0537435
0.0602735
0.0656291
0.0693229
0.0501869
0.0542165
0.0619795
0.063761
0.0675192
0.0501866
0.0546935
0.063699
0.0619309
0.0656938
0.0501863
0.055174
0.0654278
0.0601363
0.0638463
0.050186
0.0556577
0.0671624
0.0583727
0.0619719
0.0501858
0.0561443
0.0689001
0.056631
0.0600574
0.0501855
0.0566338
0.0706382
0.0548934
0.0580734
0.0501852
0.057126
0.0723741
0.0531248
0.0559571
0.0501849
0.0576209
0.0741054
0.0512561
0.0535797
0.0501845
0.0581185
0.0758299
0.0491496
0.0506808
0.0501903
0.0586187
0.0775451
0.0465329
0.0467362
0.0496366
0.0591215
0.0792488
0.042864
0.040693
0.0486608
0.0493359
0.0534181
0.0702973
0.0490481
0.0803836
0.0421881
0.0404969
0.0406929
0.037555
0.0476813
0.0490367
0.0477687
0.0758276
0.041994
0.081511
0.0415015
0.0381264
0.0406927
0.0368061
0.0466989
0.0487389
0.0422931
0.0789081
0.0371504
0.0826306
0.0408033
0.0357697
0.0406926
0.0367536
0.0457148
0.0484427
0.0370938
0.0809232
0.0339226
0.083742
0.0400931
0.0334436
0.0406924
0.0369049
0.0447298
0.0481479
0.0322501
0.0824727
0.0318758
0.0848445
0.0393702
0.0311638
0.0406923
0.0371163
0.0437449
0.0478545
0.0278156
0.0838167
0.0306934
0.0859377
0.0386338
0.0289448
0.0406921
0.0373462
0.0427612
0.0475626
0.0238189
0.0850675
0.0301459
0.0870211
0.0378832
0.0267991
0.040692
0.0375824
0.0417795
0.0472722
0.0202666
0.0862736
0.030067
0.0880941
0.0371177
0.0247375
0.0406919
0.0378213
0.0408009
0.0469833
0.0171479
0.0874555
0.0303367
0.0891562
0.0363366
0.0227686
0.0406917
0.038062
0.0398261
0.0466957
0.0144388
0.088622
0.0308682
0.090207
0.0355389
0.0208992
0.0406916
0.0383041
0.0388559
0.0464097
0.0121069
0.0897765
0.0315991
0.091246
0.0347238
0.0191338
0.0406914
0.0385476
0.0378905
0.046125
0.0101155
0.0909201
0.0324843
0.0922728
0.0338904
0.0174751
0.0406913
0.0387924
0.0369294
0.0458418
0.00842616
0.092053
0.0334915
0.0932868
0.0330379
0.015924
0.0406911
0.0390386
0.0359688
0.0455601
0.00700107
0.093175
0.034597
0.0942878
0.0321652
0.0144801
0.040691
0.0392861
0.0349972
0.0452797
0.00580462
0.0942858
0.0357842
0.0952754
0.0312712
0.0131415
0.0406909
0.0395349
0.0339818
0.0450009
0.00480419
0.0953849
0.0370407
0.0962491
0.030355
0.0119053
0.0406907
0.039785
0.0328305
0.0447234
0.00397069
0.0964718
0.0383578
0.0972088
0.0294155
0.0107686
0.0406906
0.0400365
0.0312892
0.0444473
0.00327883
0.0975462
0.0397288
0.098154
0.0284514
0.00973352
0.0406904
0.0402894
0.0286566
0.0441728
0.00270756
0.0986076
0.0411491
0.0990845
0.0274617
0.00884307
0.0406903
0.0405436
0.0229987
0.0438997
0.00224112
0.0996556
0.0426151
0.1
0.0264449
0.00844395
0.0406902
0.0407992
0.0152864
0.0227103
0.0437402
0.00204985
0.0996557
0.0998092
0.0449278
0.0261201
0.0241656
0.0409498
0.010199
0.0224268
0.0435811
0.00187638
0.0996557
0.0998944
0.0473358
0.0257986
0.0226153
0.0411009
0.0068662
0.0221488
0.0434225
0.00172001
0.0996557
0.0999416
0.0498323
0.0254804
0.0215841
0.0412523
0.00469766
0.0218774
0.0432643
0.00158054
0.0996557
0.0999678
0.0524119
0.0251655
0.0209229
0.0414043
0.00329802
0.0216135
0.0431067
0.0014584
0.0996557
0.0999823
0.0550695
0.0248539
0.0205257
0.0415567
0.00240506
0.0213591
0.0429496
0.001355
0.0996558
0.0999903
0.0578001
0.0245455
0.0203171
0.0417095
0.00184602
0.0211165
0.0427929
0.0012731
0.0996558
0.0999947
0.0605985
0.0242403
0.0202433
0.0418629
0.0015076
0.0208892
0.0426367
0.00121757
0.0996558
0.0999972
0.063459
0.0239383
0.0202663
0.0420167
0.00131581
0.0206822
0.042481
0.00119644
0.0996558
0.0999985
0.0663756
0.0236395
0.020359
0.042171
0.00122249
0.0205022
0.0423257
0.0996557
0.0999993
0.0693417
0.0233439
0.0996555
0.0999997
0.0723503
0.0230514
0.0996549
0.0999999
0.0753938
0.0227621
0.0996529
0.1
0.0784644
0.0224758
0.0996473
0.1
0.0815537
0.0221927
0.099631
0.1
0.0846533
0.0219126
0.0995841
0.1
0.0877545
0.0216356
0.099449
0.1
0.0908485
0.0213616
0.0990602
0.1
0.0939265
0.0210908
0.0979405
0.1
0.0969798
0.0208276
0.0947167
0.1
0.1
0.020699
0.0947167
0.0705071
0.0947167
0.052282
0.0947167
0.0392209
0.0947167
0.0304795
0.0947167
0.0252118
0.0947167
0.0226681
0.0947167
0.0222617
0.0947167
0.0235769
0.0947167
0.0263374
0.0947167
0.0303586
0.0947168
0.0354999
0.0947168
0.0416233
0.0947168
0.0485634
0.0947168
0.0561118
0.0947168
0.0640185
0.0947168
0.0720088
0.0947168
0.0798112
0.0947168
0.0871873
0.0947168
0.093955
0.0947168
0.1
0.0947168
0.0947168
0.0947168
0.0947168
0.0947168
0.0947168
0.0947168
0.0947168
0.0947169
0.0947169
0.0947169
0.0947169
0.0947169
0.0947169
0.0947169
0.0947169
0.0947169
0.0947169
0.0947169
0.0947169
END_LIST
