BEGIN_LIST
0
8.83503e-146
3.15243e-145
9.01858e-145
2.42128e-144
6.35653e-144
1.65403e-143
4.28668e-143
1.10851e-142
2.86213e-142
7.38074e-142
1.90121e-141
4.89218e-141
1.25761e-140
3.22977e-140
8.28707e-140
2.12441e-139
5.44122e-139
1.39248e-138
3.56059e-138
4.111e-138
7.73785e-138
4.06828e-138
1.48092e-137
4.02452e-138
2.81531e-137
3.97975e-138
5.28991e-137
3.93401e-138
9.83678e-137
3.88734e-138
1.81521e-136
3.83978e-138
3.33272e-136
3.79137e-138
6.10047e-136
3.74249e-138
1.11499e-135
3.70715e-138
2.0369e-135
4.2867e-138
3.72194e-135
3.13168e-137
6.80555e-135
1.19501e-135
1.24562e-134
5.12051e-134
2.28252e-134
2.20014e-132
4.18794e-134
9.4554e-131
7.6944e-134
4.0636e-129
1.41563e-133
1.74652e-127
2.60811e-133
7.50619e-126
4.8116e-133
3.22627e-124
8.88801e-133
1.38687e-122
9.18451e-133
1.19028e-132
5.03193e-133
3.30868e-122
1.43992e-122
9.49089e-133
1.37271e-132
2.84942e-133
6.47714e-122
1.49393e-122
9.80751e-133
1.4783e-132
1.6143e-133
1.15298e-121
1.5488e-122
1.01347e-132
1.53437e-132
9.15116e-134
1.93878e-121
1.60444e-122
1.04728e-132
1.5586e-132
5.19117e-134
3.13683e-121
1.66073e-122
1.08222e-132
1.56245e-132
2.94691e-134
4.93388e-121
1.71752e-122
1.11832e-132
1.55332e-132
1.67413e-134
7.59236e-121
1.77465e-122
1.15563e-132
1.53601e-132
9.51768e-135
1.14781e-120
1.83189e-122
1.19419e-132
1.51362e-132
5.41498e-135
1.7097e-120
1.88894e-122
1.23403e-132
1.48816e-132
3.08307e-135
2.51433e-120
1.94532e-122
1.27521e-132
1.46092e-132
1.75665e-135
3.65622e-120
2.00029e-122
1.31776e-132
1.43274e-132
1.00162e-135
5.26301e-120
2.05255e-122
1.36173e-132
1.40415e-132
5.71514e-136
7.50569e-120
2.09978e-122
1.40716e-132
1.37551e-132
3.26328e-136
1.06113e-119
2.13774e-122
1.45412e-132
1.34702e-132
1.86458e-136
1.48785e-119
2.1585e-122
1.50264e-132
1.31883e-132
1.06609e-136
2.06961e-119
2.14717e-122
1.55261e-132
1.29102e-132
6.09938e-137
2.8565e-119
2.07553e-122
1.6196e-132
1.26365e-132
3.4917e-137
3.91222e-119
1.89004e-122
3.39716e-133
1.23675e-132
2e-137
5.31678e-119
1.48862e-122
1.17632e-130
1.21033e-132
1.14612e-137
7.16933e-119
6.76094e-123
6.75261e-130
1.19653e-130
8.79268e-132
5.41723e-133
9.40625e-133
7.94725e-138
7.51915e-119
7.32008e-119
6.87129e-123
2.0124e-123
2.17938e-129
1.21709e-130
2.44741e-131
2.42704e-133
7.29964e-133
5.51106e-138
7.83844e-119
7.4474e-119
6.98344e-123
5.98981e-124
6.23253e-129
1.23798e-130
5.69534e-131
1.08797e-133
5.65998e-133
3.8216e-138
8.12424e-119
7.54922e-119
7.09743e-123
1.78283e-124
1.71538e-128
1.25922e-130
1.24859e-130
4.87892e-134
4.38698e-133
2.64971e-138
8.37367e-119
7.62392e-119
7.21327e-123
5.3065e-125
4.65897e-128
1.28081e-130
2.68638e-130
2.1886e-134
3.40035e-133
1.83663e-138
8.58397e-119
7.67033e-119
7.33101e-123
1.57948e-125
1.25957e-127
1.30276e-130
5.77217e-130
9.82032e-135
2.63646e-133
1.27238e-138
8.75251e-119
7.68779e-119
7.45066e-123
4.7015e-126
3.4005e-127
1.32507e-130
1.24837e-129
4.40758e-135
2.04535e-133
8.80734e-139
8.87677e-119
7.67617e-119
7.57227e-123
1.39958e-126
9.17828e-127
1.34775e-130
2.72649e-129
1.97868e-135
1.588e-133
6.08849e-139
8.95444e-119
7.63589e-119
7.69587e-123
4.16763e-127
2.47782e-126
1.37081e-130
6.01937e-129
8.88469e-136
1.23407e-133
4.20085e-139
8.98337e-119
7.56788e-119
7.82148e-123
1.24221e-127
6.69185e-126
1.39425e-130
1.34311e-128
3.98998e-136
9.60061e-134
2.89021e-139
8.96159e-119
7.47352e-119
7.94914e-123
3.71409e-128
1.80806e-125
1.41808e-130
3.02668e-128
1.79188e-136
7.47788e-134
1.98026e-139
8.8874e-119
7.35461e-119
8.07889e-123
1.12183e-128
4.88745e-125
1.4423e-130
6.88171e-128
8.04535e-137
5.83213e-134
1.34859e-139
8.75929e-119
7.21327e-119
8.21075e-123
3.49957e-129
1.32179e-124
1.46692e-130
1.57705e-127
3.60943e-137
4.55499e-134
9.10249e-140
8.57605e-119
7.05188e-119
8.34476e-123
1.19934e-129
3.57651e-124
1.49195e-130
3.6389e-127
1.61612e-137
3.56286e-134
6.0624e-140
8.3367e-119
6.87296e-119
8.48097e-123
5.12023e-130
9.68212e-124
1.51739e-130
8.44603e-127
7.2033e-138
2.79123e-134
3.95587e-140
8.04059e-119
6.67914e-119
8.61939e-123
3.04864e-130
2.62244e-123
1.54325e-130
1.97024e-126
3.17796e-138
2.19032e-134
2.4982e-140
7.68733e-119
6.47309e-119
8.76008e-123
2.40672e-130
7.10675e-123
1.56953e-130
4.61568e-126
1.36987e-138
1.72173e-134
1.49161e-140
7.27689e-119
6.25774e-119
8.90306e-123
2.19076e-130
1.92709e-122
1.59626e-130
1.0852e-125
5.58682e-139
1.35577e-134
7.98586e-141
6.80953e-119
6.03787e-119
9.04832e-123
2.102e-130
5.22974e-122
1.62344e-130
2.55908e-125
1.95774e-139
1.06953e-134
3.23538e-141
6.28586e-119
5.83081e-119
9.194e-123
2.0515e-130
1.42121e-121
1.6511e-130
6.04987e-125
3.44602e-140
8.45254e-135
0
5.70683e-119
5.73402e-119
9.26647e-123
2.01278e-130
9.7585e-122
1.98052e-121
1.6675e-130
8.92238e-125
3.51408e-140
1.96045e-140
5.89997e-135
5.75886e-119
4.26393e-119
1.99219e-130
6.66702e-122
2.73199e-121
1.68406e-130
1.31612e-124
3.58349e-140
1.11529e-140
4.13657e-135
5.81115e-119
3.18529e-119
1.97223e-130
4.5391e-122
3.74074e-121
1.70078e-130
1.94185e-124
3.65427e-140
6.34476e-141
2.91263e-135
5.86371e-119
2.37912e-119
1.95269e-130
3.08312e-122
5.09389e-121
1.71766e-130
2.86577e-124
3.72645e-140
3.60931e-141
2.05891e-135
5.91653e-119
1.77668e-119
1.93345e-130
2.09095e-122
6.90804e-121
1.7347e-130
4.23035e-124
3.80005e-140
2.05311e-141
1.46041e-135
5.96962e-119
1.32653e-119
1.91445e-130
1.41669e-122
9.33931e-121
1.75191e-130
6.24619e-124
3.87512e-140
1.16778e-141
1.03866e-135
6.02297e-119
9.90204e-120
1.89567e-130
9.59286e-123
1.25966e-120
1.76928e-130
9.22461e-124
3.95166e-140
6.64113e-142
7.39976e-136
6.07659e-119
7.38934e-120
1.87708e-130
6.49348e-123
1.69594e-120
1.78682e-130
1.36259e-123
4.02972e-140
3.77576e-142
5.27439e-136
6.13048e-119
5.5122e-120
1.85867e-130
4.39479e-123
2.2802e-120
1.80452e-130
2.01303e-123
4.10931e-140
2.14568e-142
3.7555e-136
6.18464e-119
4.10995e-120
1.84045e-130
2.97429e-123
3.06253e-120
1.8224e-130
4.19048e-140
1.21837e-142
2.66611e-136
6.23907e-119
4.27325e-140
6.90865e-143
1.88266e-136
6.29377e-119
4.35762e-140
3.90821e-143
1.31838e-136
6.34874e-119
4.44359e-140
2.20177e-143
9.11902e-137
6.40397e-119
4.53107e-140
1.23151e-143
6.1959e-137
6.45948e-119
4.6197e-140
6.80051e-144
4.10166e-137
6.51527e-119
4.7085e-140
3.66837e-144
2.61077e-137
6.57132e-119
4.79455e-140
1.89151e-144
1.55954e-137
6.62765e-119
4.8696e-140
8.85598e-145
8.28542e-138
6.68421e-119
4.91024e-140
3.18138e-145
3.30178e-138
6.74005e-119
4.85037e-140
0
0
6.76756e-119
4.89787e-140
3.9759e-140
4.94584e-140
3.17055e-140
4.99428e-140
2.46845e-140
5.0432e-140
1.8892e-140
5.09259e-140
1.43387e-140
5.14247e-140
1.08885e-140
5.19284e-140
8.33416e-141
5.2437e-140
6.46119e-141
5.29506e-140
5.08301e-141
5.34692e-140
4.05254e-141
5.3993e-140
3.26085e-141
5.45218e-140
2.63109e-141
5.50559e-140
2.11151e-141
5.55952e-140
1.66911e-141
5.61398e-140
1.28433e-141
5.66897e-140
9.46628e-142
5.7245e-140
6.50988e-142
5.78057e-140
3.95325e-142
5.83721e-140
1.78655e-142
5.89425e-140
0
5.97447e-140
6.05578e-140
6.13821e-140
6.22175e-140
6.30644e-140
6.39228e-140
6.47929e-140
6.56748e-140
6.65688e-140
6.74749e-140
6.83934e-140
6.93245e-140
7.02682e-140
7.12248e-140
7.21946e-140
7.31765e-140
7.41768e-140
7.51679e-140
7.62792e-140
7.69061e-140
END_LIST
