BEGIN_LIST
0
6.21889e-61
2.15857e-60
5.92528e-60
1.51273e-59
3.75762e-59
9.23077e-59
2.25712e-58
5.50848e-58
1.34322e-57
3.27424e-57
7.98019e-57
1.94485e-56
4.73966e-56
1.15505e-55
2.81487e-55
6.85978e-55
1.67171e-54
4.07395e-54
9.9281e-54
2.41945e-53
1.0837e-52
2.474e-53
2.60158e-52
2.52967e-53
5.2628e-52
2.58649e-53
9.84926e-52
2.64448e-53
1.76702e-51
2.70366e-53
3.09198e-51
2.76404e-53
5.32818e-51
2.82566e-53
9.09476e-51
2.88852e-53
1.54345e-50
2.95266e-53
2.61067e-50
3.01809e-53
4.40853e-50
3.08484e-53
7.44073e-50
3.15296e-53
1.25621e-49
3.22347e-53
2.12263e-49
3.33979e-53
3.591e-49
5.36666e-53
6.08415e-49
8.94344e-52
1.03252e-48
3.69917e-50
1.7553e-48
1.58818e-48
2.98933e-48
6.82534e-47
5.09963e-48
2.93369e-45
5.38192e-48
6.59988e-48
3.00106e-48
6.99592e-45
3.04699e-45
5.67983e-48
7.46035e-48
1.7666e-48
1.36841e-44
3.1624e-45
5.99423e-48
7.90317e-48
1.04052e-48
2.43308e-44
3.27975e-45
6.32602e-48
8.07494e-48
6.13307e-49
4.08537e-44
3.39882e-45
6.67617e-48
8.07237e-48
3.61787e-49
6.59844e-44
3.51935e-45
7.04569e-48
7.95916e-48
2.13596e-49
1.03578e-43
3.64105e-45
7.43566e-48
7.77726e-48
1.26214e-49
1.5903e-43
3.76357e-45
7.84721e-48
7.55423e-48
7.46442e-50
2.39826e-43
3.88643e-45
8.28152e-48
7.30809e-48
4.41834e-50
3.56272e-43
4.00899e-45
8.73986e-48
7.05063e-48
2.61755e-50
5.22445e-43
4.13026e-45
9.22356e-48
6.78947e-48
1.55202e-50
7.57427e-43
4.24866e-45
9.73402e-48
6.52949e-48
9.21002e-51
1.08688e-42
4.36146e-45
1.02727e-47
6.27381e-48
5.46993e-51
1.54503e-42
4.46379e-45
1.08412e-47
6.02431e-48
3.25124e-51
2.17716e-42
4.54671e-45
1.14412e-47
5.78214e-48
1.93399e-51
3.04263e-42
4.59357e-45
1.20743e-47
5.54791e-48
1.15128e-51
4.2185e-42
4.57303e-45
1.27424e-47
5.32191e-48
6.85823e-52
5.80375e-42
4.42581e-45
1.34475e-47
5.10422e-48
4.0881e-52
7.92408e-42
4.03929e-45
1.41913e-47
4.89478e-48
2.43822e-52
1.07371e-41
3.19894e-45
1.50076e-47
4.69342e-48
1.45485e-52
1.44384e-41
1.49448e-45
1.53625e-47
1.54908e-47
5.25638e-48
2.16392e-48
6.98513e-48
1.03612e-52
1.51366e-41
1.47389e-41
1.51964e-45
4.9606e-46
1.57189e-47
1.59893e-47
5.7899e-48
9.98711e-49
8.53965e-48
7.37836e-53
1.57733e-41
1.49921e-41
1.54522e-45
1.97309e-46
1.60766e-47
1.65037e-47
6.27406e-48
4.61205e-49
9.51776e-48
5.25304e-53
1.63428e-41
1.51939e-41
1.57125e-45
1.06864e-46
1.64361e-47
1.70345e-47
6.69172e-48
2.13072e-49
1.00514e-47
3.73839e-53
1.68392e-41
1.53409e-41
1.59771e-45
7.84643e-47
1.67992e-47
1.75822e-47
7.03007e-48
9.84693e-50
1.0247e-47
2.65873e-53
1.72572e-41
1.5431e-41
1.62464e-45
6.85773e-47
1.71718e-47
1.81473e-47
7.28151e-48
4.55199e-50
1.01896e-47
1.88904e-53
1.75913e-41
1.54627e-41
1.65202e-45
6.42437e-47
1.75704e-47
1.87304e-47
7.44383e-48
2.10484e-50
9.9465e-48
1.34029e-53
1.78368e-41
1.5436e-41
1.67987e-45
6.16055e-47
1.804e-47
1.9332e-47
7.5197e-48
9.73511e-51
9.57073e-48
9.49061e-54
1.79888e-41
1.53516e-41
1.70819e-45
5.95129e-47
1.87036e-47
1.99527e-47
7.51579e-48
4.50343e-51
9.10365e-48
6.70178e-54
1.80432e-41
1.52115e-41
1.737e-45
5.76226e-47
1.98942e-47
2.05931e-47
7.44173e-48
2.08348e-51
8.5775e-48
4.7143e-54
1.7996e-41
1.50185e-41
1.76631e-45
5.58312e-47
2.25128e-47
2.12539e-47
7.30922e-48
9.63826e-52
8.01714e-48
3.29861e-54
1.78438e-41
1.47762e-41
1.79612e-45
5.41066e-47
2.89988e-47
2.19356e-47
7.13185e-48
4.45674e-52
7.44167e-48
2.29091e-54
1.75837e-41
1.44889e-41
1.82643e-45
5.24383e-47
4.59562e-47
2.2639e-47
6.92611e-48
2.05842e-52
6.86555e-48
1.57439e-54
1.72132e-41
1.41615e-41
1.85727e-45
5.0822e-47
9.12733e-47
2.33647e-47
6.71525e-48
9.48221e-53
6.29957e-48
1.0657e-54
1.67305e-41
1.3799e-41
1.88864e-45
4.92554e-47
2.13424e-46
2.41134e-47
6.5393e-48
4.34348e-53
5.75165e-48
7.05314e-55
1.61341e-41
1.34067e-41
1.92055e-45
4.77367e-47
5.43842e-46
2.48859e-47
6.47942e-48
1.966e-53
5.22739e-48
4.5076e-55
1.54234e-41
1.299e-41
1.953e-45
4.62644e-47
1.43909e-45
2.56829e-47
6.71584e-48
8.67289e-54
4.73062e-48
2.71704e-55
1.45982e-41
1.25549e-41
1.98601e-45
4.48371e-47
3.86725e-45
2.65054e-47
7.6658e-48
3.60849e-54
4.26373e-48
1.46474e-55
1.36591e-41
1.21109e-41
2.01958e-45
4.34534e-47
1.04601e-44
2.73547e-47
1.03113e-47
1.28705e-54
3.82802e-48
5.95916e-56
1.26074e-41
1.16929e-41
2.05327e-45
4.2112e-47
2.83927e-44
2.82333e-47
1.69793e-47
2.35443e-55
3.42393e-48
0
1.14449e-41
1.14976e-41
2.07003e-45
4.08117e-47
1.94926e-44
3.95631e-44
2.87594e-47
2.25705e-47
2.4315e-55
1.36288e-55
2.86356e-48
1.15483e-41
8.54901e-42
4.00708e-47
1.33159e-44
5.45745e-44
2.92953e-47
3.08858e-47
2.5111e-55
7.88895e-56
2.37529e-48
1.16521e-41
6.38474e-42
3.93419e-47
9.06521e-45
7.473e-44
2.9841e-47
4.32254e-47
2.59334e-55
4.56634e-56
1.95408e-48
1.17565e-41
4.76758e-42
3.86252e-47
6.15734e-45
1.01773e-43
3.03968e-47
6.15107e-47
2.67841e-55
2.64297e-56
1.5941e-48
1.18614e-41
3.5594e-42
3.79211e-47
4.17621e-45
1.3804e-43
3.09629e-47
8.8583e-47
2.76662e-55
1.52962e-56
1.28915e-48
1.19668e-41
2.65689e-42
3.72295e-47
2.83014e-45
1.86655e-43
3.15393e-47
1.28643e-46
2.85869e-55
8.85146e-57
1.03303e-48
1.20727e-41
1.98275e-42
3.65502e-47
1.91719e-45
2.51803e-43
3.21264e-47
1.87902e-46
2.95648e-55
5.12092e-57
8.19741e-49
1.21792e-41
1.47923e-42
3.58832e-47
1.29873e-45
3.39088e-43
3.27244e-47
2.75546e-46
3.065e-55
2.96155e-57
6.43649e-49
1.22861e-41
1.10318e-42
3.52282e-47
8.80064e-46
4.5601e-43
3.33333e-47
4.0515e-46
3.19788e-55
1.71168e-57
4.99544e-49
1.23935e-41
8.22333e-43
3.4585e-47
5.96778e-46
6.12611e-43
3.39534e-47
3.39279e-55
9.88279e-58
3.82699e-49
1.25015e-41
3.7538e-55
5.69634e-58
2.88878e-49
1.261e-41
4.56905e-55
3.27396e-58
2.14329e-49
1.2719e-41
6.63632e-55
1.87272e-58
1.55765e-49
1.28285e-41
1.21651e-54
1.06253e-58
1.10336e-49
1.29386e-41
2.72745e-54
5.94448e-59
7.55947e-50
1.30491e-41
6.8913e-54
3.24357e-59
4.94574e-50
1.31602e-41
1.84021e-53
1.68841e-59
3.01693e-50
1.32718e-41
5.0261e-53
7.96146e-60
1.62664e-50
1.33839e-41
1.38477e-52
2.8727e-60
6.53928e-51
1.34945e-41
3.82781e-52
0
0
1.35489e-41
3.90121e-52
2.18593e-51
3.97602e-52
3.49035e-51
4.05227e-52
4.3489e-51
4.12997e-52
4.8566e-51
4.20917e-52
5.11996e-51
4.28989e-52
5.22851e-51
4.37215e-52
5.24115e-51
4.45599e-52
5.18664e-51
4.54144e-52
5.07121e-51
4.62853e-52
4.88807e-51
4.71728e-52
4.62606e-51
4.80774e-52
4.27672e-51
4.89994e-52
3.83931e-51
4.9939e-52
3.32331e-51
5.08966e-52
2.74841e-51
5.18726e-52
2.14201e-51
5.28674e-52
1.5354e-51
5.38812e-52
9.59438e-52
5.49147e-52
4.40913e-52
5.59627e-52
0
5.74563e-52
5.89898e-52
6.05642e-52
6.21806e-52
6.38402e-52
6.5544e-52
6.72934e-52
6.90894e-52
7.09334e-52
7.28266e-52
7.47703e-52
7.67659e-52
7.88148e-52
8.09182e-52
8.30784e-52
8.52936e-52
8.758e-52
8.98715e-52
9.24828e-52
9.39686e-52
END_LIST
