BEGIN_LIST
0
5.79399e-08
1.507e-07
2.78151e-07
4.40168e-07
6.36628e-07
8.674e-07
1.13236e-06
1.4314e-06
1.76438e-06
2.13121e-06
2.53181e-06
2.96618e-06
3.43451e-06
3.9374e-06
4.47657e-06
5.05644e-06
5.68803e-06
6.39868e-06
7.25569e-06
8.42455e-06
1.21858e-05
8.95761e-06
1.63175e-05
9.50632e-06
2.07764e-05
1.00704e-05
2.55187e-05
1.06495e-05
3.05e-05
1.12435e-05
3.56759e-05
1.18519e-05
4.10019e-05
1.24746e-05
4.64339e-05
1.31112e-05
5.19281e-05
1.37614e-05
5.74413e-05
1.44249e-05
6.29304e-05
1.51014e-05
6.83511e-05
1.57907e-05
7.36562e-05
1.64924e-05
7.87903e-05
1.72061e-05
8.36798e-05
1.79317e-05
8.82137e-05
1.86688e-05
9.22032e-05
1.94172e-05
9.53034e-05
2.01847e-05
9.68582e-05
2.13207e-05
9.55931e-05
3.79611e-05
9.85006e-05
9.97196e-05
8.11343e-05
5.44288e-05
4.0848e-05
0.000101455
0.000101705
7.21701e-05
7.24021e-05
4.37732e-05
0.000104455
0.000102329
6.62197e-05
9.16978e-05
4.67257e-05
0.000107501
0.000102087
6.19058e-05
0.000112141
4.96943e-05
0.000110593
0.000101296
5.84673e-05
0.000133565
5.26676e-05
0.000113732
0.000100153
5.54854e-05
0.000155811
5.56345e-05
0.000116916
9.87874e-05
5.27321e-05
0.000178728
5.85848e-05
0.000120146
9.72789e-05
5.00849e-05
0.000202175
6.15095e-05
0.000123421
9.56791e-05
4.74803e-05
0.000226014
6.44034e-05
0.000126743
9.4021e-05
4.48873e-05
0.000250115
6.72679e-05
0.00013011
9.23257e-05
4.22933e-05
0.00027435
7.01176e-05
0.000133522
9.06068e-05
3.9696e-05
0.000298589
7.29942e-05
0.00013698
8.8873e-05
3.70988e-05
0.000322694
7.59916e-05
0.000140483
8.71304e-05
3.45084e-05
0.000346506
7.93084e-05
0.000144031
8.53828e-05
3.19335e-05
0.000369815
8.33506e-05
0.000147624
8.3633e-05
2.93837e-05
0.000392323
8.89369e-05
0.000151262
8.18831e-05
2.68694e-05
0.000413567
9.77081e-05
0.000154945
8.01345e-05
2.44014e-05
0.000432782
0.000112946
0.000158681
7.83884e-05
2.19904e-05
0.000448681
0.000141215
0.000161761
7.6646e-05
1.96474e-05
0.000459063
0.000195685
0.000162143
0.000163451
7.8872e-05
6.49375e-05
8.51814e-05
1.81269e-05
0.000460392
0.000450435
0.000197495
0.000225399
0.000162435
0.000165137
7.97642e-05
5.83513e-05
9.07711e-05
1.66438e-05
0.000460904
0.000440374
0.000199314
0.000233172
0.000162637
0.000166817
7.93237e-05
5.39022e-05
9.43266e-05
1.52018e-05
0.000460576
0.000428947
0.000201142
0.00023453
0.000162748
0.000168492
7.76288e-05
5.03569e-05
9.64869e-05
1.38043e-05
0.000459384
0.000416248
0.000202979
0.000234008
0.000162766
0.000170162
7.48238e-05
4.72071e-05
9.76919e-05
1.24547e-05
0.000457307
0.000402394
0.000204825
0.000232929
0.000162691
0.000171827
7.11016e-05
4.42453e-05
9.824e-05
1.11564e-05
0.00045432
0.000387521
0.00020668
0.00023168
0.000162522
0.000173485
6.6682e-05
4.1389e-05
9.833e-05
9.91234e-06
0.000450403
0.000371784
0.000208544
0.000230374
0.00016226
0.000175138
6.17902e-05
3.8607e-05
9.80922e-05
8.72576e-06
0.00044553
0.000355349
0.000210416
0.000229044
0.000161904
0.000176785
5.66388e-05
3.58897e-05
9.76098e-05
7.59966e-06
0.00043968
0.000338389
0.000212298
0.000227699
0.000161453
0.000178425
5.14145e-05
3.32361e-05
9.69348e-05
6.53697e-06
0.000432829
0.000321078
0.000214189
0.000226342
0.000160908
0.000180059
4.62709e-05
3.06488e-05
9.60984e-05
5.54059e-06
0.000424955
0.000303588
0.000216089
0.000224975
0.000160266
0.000181686
4.13262e-05
2.81319e-05
9.51183e-05
4.61335e-06
0.000416035
0.000286084
0.000217998
0.000223597
0.000159521
0.000183307
3.66646e-05
2.56898e-05
9.40038e-05
3.75797e-06
0.000406045
0.000268717
0.000219915
0.000222209
0.000158654
0.000184921
3.23401e-05
2.33273e-05
9.2759e-05
2.97718e-06
0.000394964
0.000251627
0.000221842
0.00022081
0.000157616
0.000186527
2.83818e-05
2.10492e-05
9.1385e-05
2.27357e-06
0.000382768
0.000234935
0.000223778
0.000219402
0.00015627
0.000188126
2.47992e-05
1.88601e-05
8.98817e-05
1.6497e-06
0.000369435
0.000218747
0.000225722
0.000217984
0.000154251
0.000189718
2.15884e-05
1.67647e-05
8.82481e-05
1.10804e-06
0.000354944
0.000203165
0.000227675
0.000216556
0.00015058
0.000191302
1.87363e-05
1.47675e-05
8.64834e-05
6.5099e-07
0.000339272
0.000188371
0.000229637
0.000215118
0.000142653
0.000192879
1.62277e-05
1.2873e-05
8.45875e-05
2.80889e-07
0.000322397
0.000175208
0.000231582
0.00021367
0.000123531
0.000194447
1.40527e-05
1.10856e-05
8.25606e-05
0
0.000304299
0.000169213
0.000232544
0.000212213
8.48415e-05
0.000125406
0.000195363
1.3131e-05
1.18957e-05
1.03491e-05
7.92258e-05
0.000303109
0.000260901
0.000211354
5.85121e-05
0.000127287
0.000196276
1.22762e-05
1.27362e-05
9.52211e-06
7.55936e-05
0.000301906
0.000229276
0.000210491
4.07797e-05
0.000129187
0.000197187
1.14899e-05
1.3607e-05
8.66358e-06
7.16791e-05
0.000300688
0.000206124
0.000209626
2.89512e-05
0.000131121
0.000198095
1.07764e-05
1.45081e-05
7.80781e-06
6.75025e-05
0.000299456
0.000189065
0.000208757
2.11417e-05
0.000133112
0.000199
1.01436e-05
1.54394e-05
6.97472e-06
6.30891e-05
0.00029821
0.000176382
0.000207885
1.60531e-05
0.000135195
0.000199902
9.60461e-06
1.6401e-05
6.17585e-06
5.84695e-05
0.000296952
0.000166842
0.000207011
1.28022e-05
0.000137414
0.000200801
9.18058e-06
1.73927e-05
5.41792e-06
5.36793e-05
0.000295681
0.000159555
0.000206133
1.07926e-05
0.000139832
0.000201697
8.90464e-06
1.84146e-05
4.70481e-06
4.87594e-05
0.000294397
0.000153881
0.000205251
9.62373e-06
0.000142539
0.00020259
8.82787e-06
1.94666e-05
4.03881e-06
4.37553e-05
0.000293101
0.000149359
0.000204367
9.0282e-06
0.000145658
0.00020348
2.05486e-05
3.42125e-06
3.87173e-05
0.000291794
2.16607e-05
2.85293e-06
3.36999e-05
0.000290475
2.28026e-05
2.33435e-06
2.87615e-05
0.000289145
2.39743e-05
1.86582e-06
2.39639e-05
0.000287805
2.51752e-05
1.44754e-06
1.9372e-05
0.000286454
2.64041e-05
1.07967e-06
1.50528e-05
0.000285093
2.76574e-05
7.62321e-07
1.10756e-05
0.000283722
2.89262e-05
4.95594e-07
7.51069e-06
0.000282342
3.0186e-05
2.7958e-07
4.42906e-06
0.000280954
3.13716e-05
1.14356e-07
1.90191e-06
0.000279583
3.23098e-05
0
0
0.000278909
3.29819e-05
3.35266e-05
3.36613e-05
3.26433e-05
3.4348e-05
3.06253e-05
3.5042e-05
2.82581e-05
3.57432e-05
2.60723e-05
3.64518e-05
2.43342e-05
3.71676e-05
2.3099e-05
3.78907e-05
2.22848e-05
3.86211e-05
2.17343e-05
3.93587e-05
2.1258e-05
4.01036e-05
2.06644e-05
4.08558e-05
1.97836e-05
4.16152e-05
1.84876e-05
4.23818e-05
1.67069e-05
4.31557e-05
1.44397e-05
4.39369e-05
1.17532e-05
4.47253e-05
8.77561e-06
4.55209e-05
5.68277e-06
4.63239e-05
2.68257e-06
4.71321e-05
0
4.82675e-05
4.94167e-05
5.05798e-05
5.17567e-05
5.29475e-05
5.41521e-05
5.53705e-05
5.66027e-05
5.78488e-05
5.91086e-05
6.03822e-05
6.16695e-05
6.29707e-05
6.42855e-05
6.56143e-05
6.69555e-05
6.83169e-05
6.96615e-05
7.11626e-05
7.20071e-05
END_LIST
