BEGIN_LIST
0
5.26362e-103
1.82683e-102
5.01391e-102
1.27982e-101
3.17842e-101
7.80621e-101
1.90835e-100
4.65619e-100
1.13512e-99
2.7663e-99
6.74055e-99
1.64233e-98
4.00141e-98
9.74898e-98
2.37523e-97
5.7869e-97
1.40989e-96
3.43501e-96
8.36883e-96
2.05239e-95
9.22406e-95
2.09891e-95
2.21539e-94
2.14639e-95
4.48165e-94
2.19485e-95
8.38604e-94
2.24431e-95
1.50412e-93
2.2948e-95
2.6311e-93
2.34632e-95
4.53231e-93
2.39889e-95
7.73323e-93
2.45254e-95
1.31186e-92
2.50731e-95
2.21803e-92
2.56417e-95
3.74401e-92
2.66426e-95
6.31674e-92
4.57479e-95
1.06607e-91
8.42378e-94
1.80078e-91
3.50486e-92
3.04563e-91
1.50509e-90
5.15887e-91
6.46823e-89
8.75317e-91
2.78002e-87
1.48782e-90
1.19479e-85
2.53352e-90
5.13537e-84
4.32177e-90
2.20753e-82
4.56094e-90
5.5932e-90
2.54327e-90
5.26651e-82
2.29198e-82
4.81334e-90
6.32247e-90
1.49712e-90
1.03097e-81
2.37796e-82
5.07972e-90
6.69782e-90
8.81806e-91
1.83519e-81
2.46532e-82
5.36084e-90
6.8435e-90
5.19767e-91
3.08586e-81
2.5539e-82
5.65754e-90
6.84143e-90
3.06617e-91
4.99263e-81
2.64351e-82
5.97066e-90
6.74563e-90
1.81031e-91
7.85262e-81
2.73392e-82
6.30112e-90
6.59162e-90
1.06976e-91
1.20834e-80
2.82488e-82
6.64988e-90
6.40275e-90
6.32706e-92
1.8267e-80
2.91601e-82
7.01795e-90
6.19431e-90
3.74537e-92
2.72083e-80
3.00683e-82
7.4064e-90
5.97628e-90
2.21904e-92
4.00117e-80
3.0966e-82
7.81636e-90
5.75511e-90
1.31585e-92
5.81807e-80
3.18412e-82
8.24903e-90
5.53496e-90
7.80932e-93
8.37457e-80
3.26732e-82
8.70565e-90
5.31843e-90
4.63856e-93
1.19426e-79
3.34252e-82
9.18757e-90
5.10714e-90
2.75742e-93
1.68834e-79
3.40296e-82
9.69617e-90
4.90206e-90
1.64046e-93
2.36717e-79
3.43603e-82
1.02329e-89
4.70371e-90
9.76689e-94
3.29261e-79
3.418e-82
1.07994e-89
4.51233e-90
5.81909e-94
4.54431e-79
3.30398e-82
1.13975e-89
4.32799e-90
3.46926e-94
6.22357e-79
3.00871e-82
1.2007e-89
4.15063e-90
2.06951e-94
8.4576e-79
2.36971e-82
1.4564e-89
3.98012e-90
1.23507e-94
1.14041e-78
1.07626e-82
2.37335e-89
1.50054e-89
4.57663e-90
1.83489e-90
5.90925e-90
8.79711e-95
1.19605e-78
1.16439e-78
1.09383e-82
3.20352e-83
4.79577e-89
1.54605e-89
5.27728e-90
8.46788e-91
7.21725e-90
6.26542e-95
1.24683e-78
1.18463e-78
1.11169e-82
9.53518e-84
1.12724e-88
1.59297e-89
6.20356e-90
3.91017e-91
8.03959e-90
4.46129e-95
1.29229e-78
1.20083e-78
1.12983e-82
2.83814e-84
2.86725e-88
1.64132e-89
7.63721e-90
1.80633e-91
8.4874e-90
3.17537e-95
1.33196e-78
1.21271e-78
1.14828e-82
8.44799e-85
7.55192e-88
1.69117e-89
1.02106e-89
8.34727e-92
8.65044e-90
2.25863e-95
1.3654e-78
1.22009e-78
1.16702e-82
2.51494e-85
2.01781e-87
1.74256e-89
1.53313e-89
3.8585e-92
8.60036e-90
1.60499e-95
1.39221e-78
1.22286e-78
1.18607e-82
7.48972e-86
5.42318e-87
1.79553e-89
2.61427e-89
1.78408e-92
8.3939e-90
1.13891e-95
1.41197e-78
1.22101e-78
1.20543e-82
2.23321e-86
1.46128e-86
1.85013e-89
4.97139e-89
8.25115e-93
8.0757e-90
8.06581e-96
1.42432e-78
1.2146e-78
1.22511e-82
6.68493e-87
3.94244e-86
1.90642e-89
1.02077e-88
3.81679e-93
7.68065e-90
5.69644e-96
1.42891e-78
1.20378e-78
1.24511e-82
2.02635e-87
1.06447e-85
1.96444e-89
2.19882e-88
1.76574e-93
7.23592e-90
4.00764e-96
1.42545e-78
1.18876e-78
1.26543e-82
6.38602e-88
2.87582e-85
2.02426e-89
4.87507e-88
8.16812e-94
6.76249e-90
2.80451e-96
1.41364e-78
1.16985e-78
1.28609e-82
2.24473e-88
7.77353e-85
2.08592e-89
1.10042e-87
3.77684e-94
6.27643e-90
1.94799e-96
1.39326e-78
1.14736e-78
1.30708e-82
1.00178e-88
2.1023e-84
2.14948e-89
2.51384e-87
1.74435e-94
5.78993e-90
1.33887e-96
1.36411e-78
1.12169e-78
1.32842e-82
6.21859e-89
5.68838e-84
2.21501e-89
5.79266e-87
8.03531e-95
5.31209e-90
9.06367e-97
1.32604e-78
1.09322e-78
1.35011e-82
4.99125e-89
1.53992e-83
2.28256e-89
1.34375e-86
3.68065e-95
4.84957e-90
5.99918e-97
1.27894e-78
1.06239e-78
1.37215e-82
4.53236e-89
4.17094e-83
2.3522e-89
3.13389e-86
1.66597e-95
4.4071e-90
3.83431e-97
1.22275e-78
1.02961e-78
1.39454e-82
4.30503e-89
1.13032e-82
2.42399e-89
7.3411e-86
7.34927e-96
3.98789e-90
2.31134e-97
1.15746e-78
9.95355e-79
1.41731e-82
4.14934e-89
3.06501e-82
2.49803e-89
1.72592e-85
3.05776e-96
3.59395e-90
1.24608e-97
1.08312e-78
9.60381e-79
1.44044e-82
4.01762e-89
8.31786e-82
2.57441e-89
4.06998e-85
1.09062e-96
3.22637e-90
5.06971e-98
9.99824e-79
9.27443e-79
1.46363e-82
3.8956e-89
2.26043e-81
2.65336e-89
9.62175e-85
1.99511e-97
2.88552e-90
0
9.07723e-79
9.12045e-79
1.47517e-82
3.77895e-89
1.55208e-81
3.15001e-81
2.70062e-89
1.41902e-84
2.06041e-97
1.15489e-97
2.41291e-90
9.15998e-79
6.78214e-79
3.71274e-89
1.06038e-81
4.34523e-81
2.74873e-89
2.09318e-84
2.12785e-97
6.68506e-98
2.00118e-90
9.24314e-79
5.06646e-79
3.64764e-89
7.21934e-82
5.94965e-81
2.79771e-89
3.08835e-84
2.19749e-97
3.86953e-98
1.64608e-90
9.32672e-79
3.78417e-79
3.58365e-89
4.90362e-82
8.10185e-81
2.84757e-89
4.55778e-84
2.26942e-97
2.23968e-98
1.34265e-90
9.41073e-79
2.82593e-79
3.52078e-89
3.3256e-82
1.09873e-80
2.89832e-89
6.72806e-84
2.3437e-97
1.29623e-98
1.08566e-90
9.49516e-79
2.10993e-79
3.45901e-89
2.2532e-82
1.48543e-80
2.95e-89
9.93413e-84
2.42044e-97
7.50101e-99
8.69854e-91
9.58002e-79
1.57498e-79
3.39834e-89
1.52571e-82
2.00351e-80
3.0026e-89
1.46711e-83
2.49971e-97
4.3397e-99
6.90173e-91
9.6653e-79
1.17531e-79
3.33873e-89
1.03276e-82
2.69743e-80
3.05615e-89
2.16712e-83
2.58168e-97
2.50979e-99
5.41852e-91
9.751e-79
8.76741e-80
3.28018e-89
6.9897e-83
3.62673e-80
3.11067e-89
3.20161e-83
2.6666e-97
1.4506e-99
4.20493e-91
9.83713e-79
6.53705e-80
3.22266e-89
4.73045e-83
4.87106e-80
3.16616e-89
2.75504e-97
8.37556e-100
3.22106e-91
9.92369e-79
2.84841e-97
4.82767e-100
2.43118e-91
1.00107e-78
2.95047e-97
2.77476e-100
1.80363e-91
1.00981e-78
3.07148e-97
1.5872e-100
1.3107e-91
1.01859e-78
3.23969e-97
9.00555e-101
9.28381e-92
1.02742e-78
3.53317e-97
5.03837e-101
6.36026e-92
1.03629e-78
4.16793e-97
2.74921e-101
4.16098e-92
1.04521e-78
5.74208e-97
1.43109e-101
2.53813e-92
1.05417e-78
9.91199e-97
6.74819e-102
1.36845e-92
1.06316e-78
2.1265e-96
2.43493e-102
5.50127e-93
1.07204e-78
5.2506e-96
0
0
1.07642e-78
5.35013e-96
2.8259e-95
5.45156e-96
4.48853e-95
5.55491e-96
5.58115e-95
5.66023e-96
6.22569e-95
5.76754e-96
6.55854e-95
5.87689e-96
6.69422e-95
5.98833e-96
6.70797e-95
6.10187e-96
6.63643e-95
6.21758e-96
6.48746e-95
6.33548e-96
6.25225e-95
6.45562e-96
5.91646e-95
6.57805e-96
5.46922e-95
6.7028e-96
4.90953e-95
6.82992e-96
4.2495e-95
6.95945e-96
3.51425e-95
7.09145e-96
2.73881e-95
7.22596e-96
1.96314e-95
7.36302e-96
1.22671e-95
7.50272e-96
5.63736e-96
7.64436e-96
0
7.84618e-96
8.05333e-96
8.26597e-96
8.48423e-96
8.70826e-96
8.93822e-96
9.17426e-96
9.41655e-96
9.66524e-96
9.92052e-96
1.01825e-95
1.04515e-95
1.07276e-95
1.1011e-95
1.13019e-95
1.16002e-95
1.1908e-95
1.22164e-95
1.25678e-95
1.27677e-95
END_LIST
