BEGIN_LIST
0.1
0.0999119
0.0998238
0.0997358
0.0996479
0.0995601
0.0994723
0.0993846
0.0992969
0.0992093
0.0991217
0.0990341
0.098946
0.0988569
0.098765
0.0986659
0.0985489
0.0983863
0.0981087
0.0975408
0.0962409
0.0919517
0.0952997
0.0877797
0.0943634
0.0837284
0.0934321
0.0798011
0.0925057
0.0759999
0.0915844
0.0723266
0.0906682
0.068782
0.0897572
0.0653666
0.0888514
0.0620802
0.0879509
0.0589223
0.0870558
0.0558919
0.086166
0.0529879
0.0852816
0.0502095
0.0844026
0.0475566
0.0835292
0.0450311
0.0826613
0.0426398
0.081799
0.0403991
0.0809423
0.0383459
0.0800892
0.0365595
0.0791583
0.0352066
0.0747121
0.0352064
0.0362628
0.0327432
0.0723221
0.0717221
0.0352061
0.0370815
0.032068
0.0700007
0.0687931
0.0352059
0.0377527
0.0323664
0.0677463
0.0659287
0.0352056
0.0383327
0.0332066
0.0655575
0.0631322
0.0352053
0.0388571
0.0343601
0.0634328
0.0604067
0.0352051
0.0393481
0.0357063
0.0613708
0.0577545
0.0352048
0.0398197
0.0371816
0.0593698
0.0551776
0.0352045
0.0402807
0.038753
0.0574284
0.0526777
0.0352043
0.0407368
0.0404032
0.0555447
0.0502558
0.035204
0.0411913
0.0421236
0.0537169
0.0479124
0.0352037
0.0416465
0.0439101
0.0519424
0.0456476
0.0352035
0.0421037
0.0457607
0.0502176
0.0434604
0.0352032
0.0425639
0.0476746
0.0485366
0.0413485
0.0352029
0.0430277
0.0496519
0.0468892
0.0393068
0.0352027
0.0434954
0.0516925
0.0452561
0.0373255
0.0352024
0.0439672
0.0537966
0.0436004
0.0353848
0.0352022
0.0444433
0.0559644
0.0418491
0.0334451
0.0352018
0.0449239
0.0581958
0.0398576
0.0314262
0.0352081
0.045409
0.0604908
0.0373374
0.029165
0.0346112
0.0458986
0.062849
0.0337119
0.026328
0.0334423
0.0343745
0.0390542
0.056411
0.0369827
0.0644673
0.0330787
0.030725
0.0263279
0.0249848
0.0323029
0.0341394
0.033044
0.0618489
0.0307901
0.0661122
0.0324337
0.0279432
0.0263278
0.0247154
0.031193
0.0339057
0.0278228
0.0651439
0.0265593
0.067784
0.0317761
0.0253632
0.0263276
0.0247591
0.0301124
0.0336736
0.0233287
0.0675432
0.0237421
0.0694827
0.0311053
0.0229796
0.0263275
0.0248947
0.0290611
0.033443
0.0194908
0.0695779
0.0219451
0.0712082
0.0304205
0.0207852
0.0263274
0.0250578
0.0280388
0.0332138
0.016235
0.0714743
0.0208868
0.0729603
0.0297211
0.0187716
0.0263273
0.0252298
0.0270452
0.0329862
0.0134887
0.0733284
0.0203662
0.0747387
0.0290062
0.0169293
0.0263271
0.0254051
0.0260801
0.03276
0.011183
0.0751814
0.0202398
0.076543
0.0282751
0.0152484
0.026327
0.0255823
0.0251431
0.0325354
0.00925484
0.0770503
0.0204053
0.0783727
0.0275268
0.0137184
0.0263269
0.0257609
0.0242338
0.0323121
0.00764775
0.0789423
0.0207902
0.0802273
0.0267606
0.0123289
0.0263268
0.0259407
0.0233517
0.0320904
0.00631191
0.0808602
0.0213431
0.0821064
0.0259755
0.0110697
0.0263267
0.0261217
0.0224961
0.03187
0.00520407
0.0828049
0.0220275
0.0840093
0.0251705
0.00993043
0.0263265
0.026304
0.0216658
0.0316511
0.00428703
0.0847764
0.0228181
0.0859353
0.0243447
0.00890152
0.0263264
0.0264875
0.0208581
0.0314337
0.00352913
0.0867744
0.0236968
0.0878837
0.023497
0.00797362
0.0263263
0.0266722
0.0200665
0.0312176
0.00290357
0.0887985
0.0246515
0.0898538
0.0226263
0.00713794
0.0263262
0.0268581
0.0192734
0.031003
0.00238784
0.090848
0.0256739
0.0918448
0.0217315
0.0063863
0.0263261
0.0270453
0.0184302
0.0307898
0.00196315
0.0929222
0.0267582
0.0938558
0.0208114
0.00571143
0.0263259
0.0272337
0.0174019
0.0305779
0.00161403
0.0950204
0.0279012
0.095886
0.0198648
0.00510964
0.0263258
0.0274234
0.0158099
0.0303675
0.00132806
0.0971417
0.0291006
0.0979344
0.0188903
0.00460029
0.0263257
0.0276143
0.0125912
0.0301586
0.00109618
0.0992854
0.0303556
0.1
0.0178866
0.00437367
0.0263256
0.0278065
0.00829867
0.012425
0.0300367
0.0010015
0.0992854
0.0996039
0.0323704
0.0176415
0.0156066
0.02792
0.00549858
0.0122625
0.0299152
0.000915885
0.0992854
0.0997805
0.0345175
0.0173995
0.0140287
0.0280338
0.00367801
0.0121043
0.0297941
0.000838965
0.0992854
0.0998785
0.036799
0.0171607
0.0129497
0.028148
0.00249909
0.0119512
0.0296736
0.000770633
0.0992854
0.0999328
0.0392184
0.016925
0.0122251
0.0282626
0.00174018
0.0118042
0.0295535
0.000711134
0.0992854
0.0999629
0.04178
0.0166923
0.0117527
0.0283777
0.00125628
0.0116652
0.0294338
0.000661225
0.0992855
0.0999795
0.0444883
0.0164628
0.0114598
0.0284933
0.000952757
0.0115364
0.0293147
0.000622409
0.0992855
0.0999888
0.0473484
0.0162362
0.0112947
0.0286093
0.00076795
0.011421
0.029196
0.000597313
0.0992855
0.0999939
0.050365
0.0160127
0.011221
0.0287257
0.000661747
0.0113238
0.0290777
0.000590253
0.0992855
0.0999967
0.0535428
0.0157921
0.0112126
0.0288426
0.000608124
0.0112512
0.0289599
0.0992854
0.0999983
0.0568862
0.0155743
0.0992851
0.0999991
0.0603991
0.0153595
0.0992842
0.0999996
0.0640853
0.0151475
0.0992816
0.0999998
0.0679475
0.0149383
0.0992742
0.1
0.0719882
0.0147319
0.0992527
0.1
0.0762088
0.0145282
0.0991909
0.1
0.08061
0.0143272
0.0990128
0.1
0.0851916
0.0141289
0.0985001
0.1
0.0899523
0.0139334
0.097024
0.1
0.0948896
0.0137438
0.0927739
0.1
0.1
0.0136513
0.0927739
0.0623854
0.0927739
0.0415618
0.0927739
0.0278774
0.0927739
0.0192654
0.0927739
0.0141527
0.0927739
0.0114413
0.0927739
0.010417
0.0927739
0.010648
0.0927739
0.0119016
0.0927739
0.0140826
0.0927739
0.0171908
0.0927739
0.0212909
0.0927739
0.0264892
0.0927739
0.0329117
0.0927739
0.0406795
0.0927739
0.0498818
0.0927739
0.0605439
0.0927739
0.0725962
0.0927739
0.0858517
0.0927739
0.1
0.0927739
0.0927739
0.0927739
0.0927739
0.0927739
0.0927739
0.0927739
0.0927739
0.0927739
0.0927739
0.0927739
0.0927739
0.0927739
0.0927739
0.0927739
0.0927739
0.0927739
0.0927739
0.0927739
0.0927739
END_LIST
