BEGIN_LIST
0
6.08911e-68
2.11349e-67
5.80135e-67
1.48103e-66
3.67874e-66
9.0366e-66
2.20954e-65
5.39211e-65
1.31478e-64
3.20476e-64
7.81049e-64
1.9034e-63
4.63842e-63
1.13033e-62
2.75447e-62
6.71227e-62
1.63568e-61
3.98595e-61
9.71317e-61
2.36696e-60
1.0601e-59
2.42041e-60
2.54469e-59
2.47497e-60
5.14705e-59
2.53065e-60
9.63103e-59
2.58748e-60
1.72751e-58
2.64548e-60
3.02215e-58
2.70466e-60
5.2065e-58
2.76505e-60
8.88458e-58
2.82667e-60
1.50734e-57
2.88954e-60
2.54881e-57
2.95368e-60
4.30276e-57
3.01911e-60
7.25998e-57
3.08602e-60
1.22533e-56
3.1609e-60
2.06984e-56
3.52244e-60
3.5007e-56
1.61456e-59
5.92955e-56
5.55645e-58
1.00603e-55
2.37389e-56
1.70986e-55
1.02005e-54
2.91129e-55
4.38407e-53
4.96549e-55
1.88448e-51
5.24054e-55
6.4258e-55
2.92234e-55
4.49486e-51
1.9569e-51
5.53082e-55
7.26328e-55
1.72039e-55
8.79566e-51
2.03066e-51
5.83718e-55
7.69416e-55
1.01339e-55
1.56481e-50
2.10563e-51
6.1605e-55
7.86118e-55
5.97368e-56
2.62939e-50
2.18167e-51
6.50174e-55
7.85846e-55
3.52417e-56
4.25055e-50
2.25861e-51
6.86187e-55
7.74805e-55
2.08084e-56
6.67903e-50
2.33628e-51
7.24195e-55
7.57077e-55
1.22969e-56
1.02664e-49
2.41444e-51
7.64308e-55
7.35345e-55
7.27324e-57
1.55018e-49
2.49278e-51
8.06643e-55
7.11366e-55
4.30564e-57
2.30599e-49
2.57089e-51
8.51322e-55
6.86285e-55
2.55107e-57
3.38648e-49
2.64813e-51
8.98475e-55
6.60846e-55
1.51278e-57
4.91717e-49
2.72347e-51
9.4824e-55
6.35524e-55
8.97825e-58
7.06724e-49
2.79515e-51
1.00076e-54
6.1062e-55
5.33296e-58
1.00628e-48
2.86002e-51
1.05619e-54
5.86321e-55
3.17024e-58
1.42037e-48
2.9123e-51
1.11469e-54
5.62735e-55
1.88607e-58
1.98835e-48
2.94118e-51
1.17643e-54
5.39925e-55
1.12292e-58
2.76139e-48
2.9264e-51
1.24159e-54
5.17917e-55
6.69025e-59
3.80535e-48
2.82956e-51
1.31035e-54
4.96718e-55
3.98859e-59
5.20388e-48
2.57776e-51
1.38289e-54
4.76323e-55
2.37925e-59
7.06201e-48
2.03212e-51
1.46254e-54
4.56717e-55
1.41989e-59
9.5099e-48
9.27059e-52
1.49724e-54
1.50968e-54
5.11565e-55
2.10579e-55
6.79677e-55
1.01133e-59
9.9719e-48
9.70889e-48
9.42308e-52
2.80962e-52
1.5322e-54
1.55832e-54
5.63563e-55
9.7192e-56
8.30906e-55
7.20271e-60
1.03934e-47
9.87674e-48
9.57807e-52
8.8483e-53
1.56757e-54
1.60852e-54
6.10774e-55
4.4885e-56
9.26046e-55
5.12857e-60
1.07706e-47
1.00108e-47
9.73563e-52
3.10398e-53
1.60389e-54
1.66031e-54
6.5153e-55
2.07372e-56
9.77935e-55
3.65022e-60
1.10996e-47
1.01088e-47
9.89578e-52
1.37964e-53
1.64266e-54
1.71375e-54
6.84584e-55
9.58393e-57
9.96933e-55
2.59633e-60
1.13767e-47
1.01692e-47
1.00586e-51
8.52333e-54
1.68797e-54
1.7689e-54
7.09205e-55
4.43059e-57
9.91315e-55
1.84491e-60
1.15986e-47
1.01913e-47
1.02241e-51
6.81764e-54
1.75098e-54
1.8258e-54
7.25196e-55
2.0488e-57
9.67632e-55
1.30912e-60
1.17619e-47
1.01748e-47
1.03923e-51
6.17798e-54
1.86186e-54
1.88452e-54
7.32864e-55
9.47633e-58
9.31038e-55
9.27096e-61
1.18635e-47
1.01204e-47
1.05633e-51
5.85967e-54
2.10223e-54
1.9451e-54
7.32968e-55
4.38393e-58
8.85563e-55
6.54738e-61
1.19007e-47
1.00291e-47
1.07371e-51
5.64093e-54
2.69273e-54
2.00762e-54
7.26702e-55
2.02828e-58
8.34343e-55
4.60617e-61
1.18707e-47
9.90301e-48
1.09138e-51
5.45561e-54
4.23019e-54
2.07212e-54
7.158e-55
9.38338e-59
7.798e-55
3.22327e-61
1.17714e-47
9.74438e-48
1.10934e-51
5.28392e-54
8.3294e-54
2.13867e-54
7.02963e-55
4.3391e-59
7.23789e-55
2.2388e-61
1.16008e-47
9.55606e-48
1.12759e-51
5.11985e-54
1.93616e-53
2.20734e-54
6.9301e-55
2.00418e-59
6.6772e-55
1.53871e-61
1.13573e-47
9.34121e-48
1.14615e-51
4.96151e-54
4.91658e-53
2.27819e-54
6.95728e-55
9.23282e-60
6.12641e-55
1.04162e-61
1.10396e-47
9.10318e-48
1.16502e-51
4.80822e-54
1.29821e-52
2.35129e-54
7.32684e-55
4.22945e-60
5.59323e-55
6.89427e-62
1.06468e-47
8.84547e-48
1.18419e-51
4.65969e-54
3.48302e-52
2.42672e-54
8.53414e-55
1.91448e-60
5.08312e-55
4.40632e-62
1.01784e-47
8.57161e-48
1.20369e-51
4.51572e-54
9.40544e-52
2.50455e-54
1.17383e-54
8.44594e-61
4.59979e-55
2.65611e-62
9.63442e-48
8.28549e-48
1.2235e-51
4.37617e-54
2.54709e-51
2.58487e-54
1.96744e-54
3.51419e-61
4.14557e-55
1.43194e-62
9.01517e-48
7.99346e-48
1.24364e-51
4.24089e-54
6.90917e-51
2.66781e-54
3.88229e-54
1.25346e-61
3.72171e-55
5.82583e-63
8.32146e-48
7.7185e-48
1.26383e-51
4.10976e-54
1.87736e-50
2.75361e-54
8.45739e-54
2.29316e-62
3.32864e-55
0
7.55455e-48
7.58997e-48
1.27388e-51
3.98265e-54
1.28893e-50
2.61623e-50
2.805e-54
1.22328e-53
2.36827e-62
1.32746e-62
2.78361e-55
7.62311e-48
5.64377e-48
3.91024e-54
8.80524e-51
3.60907e-50
2.85734e-54
1.78107e-53
2.44585e-62
7.68419e-63
2.30875e-55
7.69201e-48
4.21555e-48
3.83898e-54
5.99437e-51
4.94199e-50
2.91065e-54
2.60516e-53
2.52599e-62
4.44798e-63
1.89917e-55
7.76126e-48
3.14823e-48
3.76894e-54
4.0713e-51
6.73021e-50
2.96494e-54
3.8227e-53
2.60881e-62
2.57456e-63
1.54916e-55
7.83085e-48
2.35073e-48
3.70013e-54
2.76097e-51
9.12797e-50
3.02024e-54
5.62172e-53
2.69452e-62
1.49008e-63
1.2527e-55
7.90078e-48
1.75492e-48
3.63253e-54
1.87057e-51
1.23418e-49
3.07655e-54
8.2802e-53
2.78351e-62
8.62298e-64
1.00374e-55
7.97107e-48
1.30981e-48
3.56616e-54
1.26661e-51
1.6648e-49
3.13391e-54
1.22091e-52
2.87673e-62
4.98893e-64
7.96432e-56
8.0417e-48
9.77313e-49
3.50097e-54
8.57412e-52
2.24166e-49
3.19232e-54
1.80161e-52
2.97664e-62
2.88533e-64
6.253e-56
8.11267e-48
7.28951e-49
3.43697e-54
5.8036e-52
3.01429e-49
3.25182e-54
2.65993e-52
3.08988e-62
1.66769e-64
4.85269e-56
8.18399e-48
5.43444e-49
3.37412e-54
3.92859e-52
4.04897e-49
3.31241e-54
3.23471e-62
9.62917e-65
3.71739e-56
8.25567e-48
3.46151e-62
5.55036e-65
2.80588e-56
8.32769e-48
3.90961e-62
3.19018e-65
2.08167e-56
8.40006e-48
4.96478e-62
1.82486e-65
1.51279e-56
8.47278e-48
7.69523e-62
1.03541e-65
1.07154e-56
8.54585e-48
1.50594e-61
5.79295e-66
7.3412e-57
8.61927e-48
3.52508e-61
3.16098e-66
4.8028e-57
8.69305e-48
9.09634e-61
1.64545e-66
2.92967e-57
8.76718e-48
2.4505e-60
7.75904e-67
1.57956e-57
8.84162e-48
6.71596e-60
2.79969e-67
6.34998e-58
8.91509e-48
1.85275e-59
0
0
8.95128e-48
1.88827e-59
1.05703e-58
1.92448e-59
1.68766e-58
1.96137e-59
2.10271e-58
1.99898e-59
2.34815e-58
2.0373e-59
2.47545e-58
2.07636e-59
2.52791e-58
2.11617e-59
2.53401e-58
2.15675e-59
2.50765e-58
2.1981e-59
2.45183e-58
2.24024e-59
2.36328e-58
2.28319e-59
2.2366e-58
2.32697e-59
2.0677e-58
2.37158e-59
1.85622e-58
2.41705e-59
1.60675e-58
2.46339e-59
1.32879e-58
2.51062e-59
1.03561e-58
2.55876e-59
7.42328e-59
2.60781e-59
4.63866e-59
2.65783e-59
2.13171e-59
2.70854e-59
0
2.78082e-59
2.85502e-59
2.93121e-59
3.00943e-59
3.08973e-59
3.17218e-59
3.25683e-59
3.34374e-59
3.43297e-59
3.52458e-59
3.61863e-59
3.7152e-59
3.81434e-59
3.91612e-59
4.02064e-59
4.12783e-59
4.23847e-59
4.34935e-59
4.4757e-59
4.54759e-59
END_LIST
