BEGIN_LIST
0
-3.44368e-158
-1.20793e-157
-3.36972e-157
-8.77956e-157
-2.23211e-156
-5.62337e-156
-1.41218e-155
-3.54346e-155
-8.89245e-155
-2.23282e-154
-5.61059e-154
-1.41098e-153
-3.55155e-153
-8.94781e-153
-2.2565e-152
-5.69612e-152
-1.43933e-151
-3.64079e-151
-9.21899e-151
-6.39947e-151
1.03851e-150
-6.30835e-151
4.17662e-150
-6.22271e-151
9.97644e-150
-6.14236e-151
2.06195e-149
-6.06712e-151
4.00709e-149
-5.99682e-151
7.55491e-149
-5.93128e-151
1.40215e-148
-5.8703e-151
2.58092e-148
-5.81232e-151
4.73111e-148
-5.69746e-151
8.65693e-148
-2.95906e-151
1.58331e-147
1.12677e-149
2.89673e-147
5.07991e-148
5.3039e-147
2.18537e-146
9.72172e-147
9.39078e-145
1.78411e-146
4.03583e-143
3.27847e-146
1.73446e-141
6.0327e-146
7.45465e-140
1.11159e-145
3.20385e-138
2.05098e-145
1.37706e-136
3.78896e-145
5.91955e-135
3.91525e-145
5.07436e-145
2.14501e-145
1.41224e-134
6.14598e-135
4.04575e-145
5.85225e-145
1.21459e-145
2.76463e-134
6.37649e-135
4.1806e-145
6.30254e-145
6.88069e-146
4.92126e-134
6.61071e-135
4.31994e-145
6.5417e-145
3.90032e-146
8.27525e-134
6.8482e-135
4.46393e-145
6.64513e-145
2.2124e-146
1.33889e-133
7.08844e-135
4.61272e-145
6.66164e-145
1.25585e-146
2.10592e-133
7.33086e-135
4.76647e-145
6.62284e-145
7.134e-147
3.24063e-133
7.5747e-135
4.92534e-145
6.54916e-145
4.05553e-147
4.89917e-133
7.81903e-135
5.08951e-145
6.45383e-145
2.30719e-147
7.29748e-133
8.06252e-135
5.25915e-145
6.34539e-145
1.31352e-147
1.07319e-132
8.30318e-135
5.43444e-145
6.22937e-145
7.48356e-148
1.56058e-132
8.53781e-135
5.61558e-145
6.10933e-145
4.26667e-148
2.2464e-132
8.76086e-135
5.80275e-145
5.98755e-145
2.43433e-148
3.20365e-132
8.96246e-135
5.99617e-145
5.86551e-145
1.38986e-148
4.52921e-132
9.12447e-135
6.19603e-145
5.74414e-145
7.94068e-149
6.35057e-132
9.21308e-135
6.40256e-145
5.62403e-145
4.53973e-149
8.83371e-132
9.1647e-135
6.61523e-145
5.50556e-145
2.59704e-149
1.21924e-131
8.85895e-135
6.90048e-145
5.38893e-145
1.48657e-149
1.66985e-131
8.06721e-135
1.43687e-145
5.27429e-145
8.51398e-150
2.26936e-131
6.35385e-135
5.02075e-143
5.16171e-145
4.87847e-150
3.06008e-131
2.88575e-135
2.8822e-142
5.10703e-143
3.7525e-144
2.31024e-145
4.00842e-145
3.38251e-150
3.2094e-131
3.12443e-131
2.93286e-135
8.58949e-136
9.30224e-142
5.19475e-143
1.04458e-143
1.03501e-145
3.10782e-145
2.34544e-150
3.34568e-131
3.17877e-131
2.98073e-135
2.55661e-136
2.66023e-141
5.28392e-143
2.43089e-143
4.63953e-146
2.40706e-145
1.6263e-150
3.46767e-131
3.22223e-131
3.02938e-135
7.60961e-137
7.32177e-141
5.37457e-143
5.32931e-143
2.0805e-146
1.86321e-145
1.12751e-150
3.57413e-131
3.25412e-131
3.07882e-135
2.26496e-137
1.98859e-140
5.46672e-143
1.14662e-142
9.33251e-147
1.4419e-145
7.81462e-151
3.6639e-131
3.27393e-131
3.12907e-135
6.74167e-138
5.37624e-140
5.5604e-143
2.46373e-142
4.18741e-147
1.11591e-145
5.41335e-151
3.73583e-131
3.28138e-131
3.18015e-135
2.00673e-138
1.45144e-139
5.65563e-143
5.32842e-142
1.87934e-147
8.63826e-146
3.74679e-151
3.78887e-131
3.27642e-131
3.23205e-135
5.97381e-139
3.91757e-139
5.75244e-143
1.16375e-141
8.43664e-148
6.68962e-146
2.58993e-151
3.82203e-131
3.25923e-131
3.28481e-135
1.77886e-139
1.05761e-138
5.85086e-143
2.56925e-141
3.7881e-148
5.18326e-146
1.78682e-151
3.83437e-131
3.2302e-131
3.33842e-135
5.30207e-140
2.85628e-138
5.9509e-143
5.73279e-141
1.70112e-148
4.01857e-146
1.22925e-151
3.82508e-131
3.18992e-131
3.39291e-135
1.58527e-140
7.71733e-138
6.05259e-143
1.29188e-140
7.63939e-149
3.1177e-146
8.42167e-152
3.79341e-131
3.13917e-131
3.44829e-135
4.78829e-141
2.08611e-137
6.15596e-143
2.93732e-140
3.42988e-149
2.42057e-146
5.7349e-152
3.73873e-131
3.07884e-131
3.50457e-135
1.49371e-141
5.64181e-137
6.26104e-143
6.73133e-140
1.53871e-149
1.88077e-146
3.87057e-152
3.66051e-131
3.00995e-131
3.56177e-135
5.11905e-142
1.52656e-136
6.36786e-143
1.55319e-139
6.88934e-150
1.46253e-146
2.5777e-152
3.55836e-131
2.93358e-131
3.61991e-135
2.18542e-142
4.13262e-136
6.47644e-143
3.60502e-139
3.07057e-150
1.13825e-146
1.68192e-152
3.43196e-131
2.85086e-131
3.67899e-135
1.30121e-142
1.11934e-135
6.58681e-143
8.40959e-139
1.35463e-150
8.86608e-147
1.06211e-152
3.28119e-131
2.76291e-131
3.73904e-135
1.02722e-142
3.03338e-135
6.69901e-143
1.97011e-138
5.83901e-151
6.91191e-147
6.34135e-153
3.106e-131
2.67099e-131
3.80007e-135
9.35041e-143
8.22538e-135
6.81307e-143
4.63195e-138
2.38129e-151
5.39305e-147
3.39498e-153
2.90651e-131
2.57715e-131
3.86207e-135
8.97158e-143
2.23221e-134
6.92907e-143
1.09229e-137
8.34435e-152
4.21154e-147
1.37541e-153
2.68299e-131
2.48877e-131
3.92425e-135
8.75604e-143
6.06617e-134
7.04714e-143
2.58227e-137
1.46869e-152
3.29162e-147
0
2.43585e-131
2.44745e-131
3.95518e-135
8.59077e-143
4.16522e-134
8.45346e-134
7.11714e-143
3.80834e-137
1.49767e-152
8.3552e-153
2.25389e-147
2.45805e-131
1.81997e-131
8.50291e-143
2.84568e-134
1.1661e-133
7.18781e-143
5.61761e-137
1.52722e-152
4.75312e-153
1.54633e-147
2.48037e-131
1.35958e-131
8.41773e-143
1.93742e-134
1.59666e-133
7.25917e-143
8.2884e-137
1.55736e-152
2.70391e-153
1.06282e-147
2.50281e-131
1.01548e-131
8.33432e-143
1.31597e-134
2.17422e-133
7.33121e-143
1.2232e-136
1.58809e-152
1.53812e-153
7.3168e-148
2.52535e-131
7.5834e-132
8.25221e-143
8.92483e-135
2.94856e-133
7.40395e-143
1.80564e-136
1.61942e-152
8.74917e-154
5.04379e-148
2.54801e-131
5.66204e-132
8.17113e-143
6.04686e-135
3.9863e-133
7.47738e-143
2.66606e-136
1.65138e-152
4.97626e-154
3.48013e-148
2.57079e-131
4.22649e-132
8.09096e-143
4.09452e-135
5.37659e-133
7.55152e-143
3.93734e-136
1.68396e-152
2.8299e-154
2.40215e-148
2.59367e-131
3.15399e-132
8.01161e-143
2.77161e-135
7.23878e-133
7.62637e-143
5.81595e-136
1.71719e-152
1.60887e-154
1.6575e-148
2.61668e-131
2.35277e-132
7.93306e-143
1.87583e-135
9.73259e-133
7.70194e-143
8.59222e-136
1.75107e-152
9.14258e-155
1.14218e-148
2.63979e-131
1.75425e-132
7.85528e-143
1.26952e-135
1.30718e-132
7.77824e-143
1.78562e-152
5.19122e-155
7.85008e-149
2.66302e-131
1.82085e-152
2.94355e-155
5.37166e-149
2.68637e-131
1.85676e-152
1.66511e-155
3.65078e-149
2.70983e-131
1.89335e-152
9.38051e-156
2.45598e-149
2.73341e-131
1.93058e-152
5.24663e-156
1.62726e-149
2.7571e-131
1.9683e-152
2.89716e-156
1.05374e-149
2.78091e-131
2.00608e-152
1.56277e-156
6.58387e-150
2.80484e-131
2.04267e-152
8.05793e-157
3.87526e-150
2.82888e-131
2.07454e-152
3.77263e-157
2.03689e-150
2.85302e-131
2.09166e-152
1.35525e-157
8.06461e-151
2.87686e-131
2.06568e-152
0
0
2.8886e-131
2.08589e-152
1.68989e-152
2.10628e-152
1.34451e-152
2.12688e-152
1.04394e-152
2.14768e-152
7.96351e-153
2.16868e-152
6.01985e-153
2.18989e-152
4.54881e-153
2.21131e-152
3.46101e-153
2.23293e-152
2.66454e-153
2.25477e-152
2.0798e-153
2.27682e-152
1.64423e-153
2.29908e-152
1.31162e-153
2.32157e-152
1.04938e-153
2.34427e-152
8.35478e-154
2.36719e-152
6.55714e-154
2.39034e-152
5.0143e-154
2.41372e-152
3.67685e-154
2.43732e-152
2.51837e-154
2.46116e-152
1.52492e-154
2.48523e-152
6.87949e-155
2.50947e-152
0
2.54357e-152
2.57813e-152
2.61315e-152
2.64866e-152
2.68465e-152
2.72112e-152
2.75809e-152
2.79557e-152
2.83355e-152
2.87205e-152
2.91107e-152
2.95062e-152
2.99071e-152
3.03134e-152
3.07254e-152
3.11425e-152
3.15673e-152
3.19882e-152
3.24602e-152
3.27264e-152
END_LIST
