BEGIN_LIST
0.1
0.099918
0.099836
0.0997541
0.0996723
0.0995905
0.0995088
0.0994271
0.0993455
0.0992639
0.0991824
0.0991008
0.0990192
0.0989371
0.0988541
0.0987683
0.0986757
0.0985657
0.0984118
0.0981472
0.0976031
0.0957783
0.0972329
0.0939012
0.09686
0.0919742
0.0964846
0.09
0.0961066
0.0879818
0.0957261
0.085923
0.095343
0.0838273
0.0949574
0.0816988
0.0945693
0.0795419
0.0941787
0.0773612
0.0937856
0.075162
0.0933902
0.0729499
0.0929922
0.0707315
0.0925919
0.0685156
0.0921892
0.0663142
0.0917841
0.0641462
0.0913767
0.0620442
0.090967
0.0600678
0.0905535
0.0583301
0.0900797
0.0570502
0.0872804
0.0570499
0.0567663
0.0576068
0.085181
0.0862393
0.0570497
0.0567583
0.0585852
0.0831082
0.0851549
0.0570494
0.0569244
0.0598115
0.0810629
0.084027
0.0570491
0.0572005
0.0611822
0.0790457
0.0828558
0.0570488
0.0575463
0.062636
0.0770575
0.0816413
0.0570486
0.0579367
0.0641361
0.0750989
0.0803839
0.0570483
0.0583557
0.0656605
0.0731704
0.0790842
0.057048
0.0587934
0.0671955
0.0712725
0.0777426
0.0570477
0.0592435
0.0687325
0.0694052
0.0763595
0.0570475
0.059702
0.0702656
0.0675687
0.0749346
0.0570472
0.0601665
0.0717906
0.065762
0.0734665
0.0570469
0.0606353
0.0733044
0.0639835
0.0719509
0.0570466
0.0611075
0.0748044
0.0622291
0.070378
0.0570463
0.0615824
0.0762884
0.0604909
0.0687266
0.0570461
0.0620597
0.0777543
0.0587524
0.066953
0.0570458
0.0625391
0.0792005
0.0569813
0.0649686
0.0570455
0.0630203
0.0806254
0.0551136
0.0625967
0.0570452
0.0635033
0.0820273
0.0530223
0.0594861
0.0570504
0.0639879
0.0834049
0.0504563
0.0549398
0.0565499
0.0644742
0.0847569
0.0469184
0.0475759
0.0557389
0.0562301
0.0596387
0.0754153
0.0543689
0.0856482
0.046255
0.0449231
0.0475757
0.0436768
0.0549155
0.0559116
0.0545975
0.080736
0.0472702
0.0865268
0.0455824
0.0428679
0.0475756
0.0427223
0.0540804
0.0555944
0.0494613
0.0836012
0.0423885
0.0873926
0.0448998
0.0407662
0.0475754
0.0426266
0.0532341
0.0552785
0.0443458
0.0853898
0.0391386
0.0882454
0.0442069
0.0386325
0.0475753
0.0427819
0.0523773
0.054964
0.0393612
0.0867028
0.0370887
0.089085
0.043503
0.0364823
0.0475751
0.0430113
0.0515108
0.0546507
0.0346042
0.0878018
0.0359221
0.0899111
0.0427874
0.0343312
0.047575
0.0432631
0.0506352
0.0543388
0.0301517
0.0888006
0.0354073
0.0907237
0.0420596
0.0321948
0.0475749
0.0435224
0.0497513
0.0540281
0.0260577
0.0897488
0.0353752
0.0915225
0.0413189
0.0300883
0.0475747
0.0437847
0.0488597
0.0537188
0.0223537
0.0906677
0.0357029
0.0923074
0.0405645
0.0280257
0.0475746
0.0440489
0.0479614
0.0534108
0.0190502
0.0915666
0.0363008
0.0930782
0.0397959
0.0260198
0.0475744
0.0443144
0.0470567
0.0531041
0.0161411
0.0924492
0.0371037
0.0938349
0.0390121
0.0240818
0.0475743
0.0445813
0.0461457
0.0527987
0.0136074
0.0933171
0.0380642
0.0945774
0.0382124
0.0222213
0.0475742
0.0448494
0.0452272
0.0524946
0.0114216
0.0941709
0.0391478
0.0953056
0.037396
0.0204458
0.047574
0.0451189
0.044296
0.0521919
0.00955143
0.0950108
0.0403291
0.0960193
0.0365621
0.0187611
0.0475739
0.0453896
0.0433369
0.0518904
0.00796233
0.0958367
0.0415895
0.0967188
0.0357097
0.0171712
0.0475737
0.0456616
0.0423067
0.0515902
0.00662016
0.0966485
0.0429153
0.0974038
0.0348378
0.0156785
0.0475736
0.0459348
0.0410858
0.0512914
0.00549249
0.0974461
0.0442963
0.0980743
0.0339456
0.014285
0.0475735
0.0462094
0.0393472
0.0509939
0.00454987
0.0982295
0.0457248
0.0987306
0.033032
0.0129986
0.0475733
0.0464852
0.0361963
0.0506977
0.00376695
0.0989985
0.0471948
0.0993724
0.0320959
0.0118802
0.0475732
0.0467623
0.029188
0.0504029
0.00312444
0.0997531
0.0487018
0.1
0.0311362
0.0113765
0.0475731
0.0470407
0.0195091
0.0288353
0.0502306
0.00286011
0.0997531
0.0998633
0.0510587
0.0307776
0.029006
0.0472047
0.0130816
0.0284879
0.0500587
0.00261983
0.0997531
0.0999243
0.0534847
0.0304222
0.0275759
0.0473691
0.00885144
0.0281465
0.0498873
0.0024027
0.0997532
0.0999582
0.0559703
0.0300699
0.0266453
0.0475339
0.00609094
0.0278118
0.0497163
0.00220841
0.0997532
0.099977
0.0585071
0.0297207
0.0260714
0.0476991
0.00430675
0.0274851
0.0495457
0.00203751
0.0997532
0.0999874
0.0610875
0.0293746
0.0257525
0.0478648
0.00316871
0.0271681
0.0493756
0.00189174
0.0997532
0.0999931
0.0637042
0.0290315
0.025616
0.0480308
0.00245795
0.0268632
0.0492059
0.00177463
0.0997532
0.0999963
0.0663499
0.0286916
0.0256104
0.0481974
0.00203034
0.0265737
0.0490367
0.00169241
0.0997533
0.0999981
0.0690173
0.0283547
0.0256991
0.0483644
0.00179147
0.0263044
0.048868
0.00165533
0.0997532
0.099999
0.0716988
0.0280209
0.0258557
0.0485318
0.00167977
0.0260619
0.0486997
0.0997532
0.0999996
0.0743868
0.0276902
0.099753
0.0999998
0.0770739
0.0273625
0.0997525
0.1
0.0797522
0.0270379
0.0997508
0.1
0.0824142
0.0267163
0.0997459
0.1
0.0850524
0.0263978
0.0997319
0.1
0.0876596
0.0260823
0.0996915
0.1
0.0902288
0.0257697
0.099575
0.1
0.0927534
0.0254602
0.0992397
0.1
0.0952272
0.0251539
0.0982743
0.1
0.0976444
0.0248559
0.0954946
0.1
0.1
0.0247103
0.0954946
0.0744532
0.0954946
0.0583009
0.0954946
0.0464437
0.0954946
0.0383525
0.0954946
0.0334818
0.0954946
0.0312944
0.0954946
0.0313139
0.0954947
0.0331505
0.0954947
0.0364912
0.0954947
0.04107
0.0954947
0.0466358
0.0954947
0.0529293
0.0954947
0.059676
0.0954947
0.0665945
0.0954947
0.0734165
0.0954947
0.07991
0.0954947
0.0858984
0.0954947
0.0912685
0.0954947
0.095969
0.0954947
0.1
0.0954947
0.0954947
0.0954947
0.0954947
0.0954947
0.0954947
0.0954947
0.0954948
0.0954948
0.0954948
0.0954948
0.0954948
0.0954948
0.0954948
0.0954948
0.0954948
0.0954948
0.0954948
0.0954948
0.0954948
END_LIST
