BEGIN_LIST
0
3.10347e-175
1.09273e-174
3.06619e-174
8.04759e-174
2.06327e-173
5.2457e-173
1.33011e-172
3.37115e-172
8.5477e-172
2.16899e-171
5.50885e-171
1.40047e-170
3.56376e-170
9.0773e-170
2.3143e-169
5.90584e-169
1.50848e-168
3.85642e-168
9.86736e-168
1.23558e-167
2.83115e-167
1.22505e-167
5.88413e-167
1.21521e-167
1.15706e-166
1.20606e-167
2.20274e-166
1.19758e-167
4.11412e-166
1.18975e-167
7.59896e-166
1.18257e-167
1.39478e-165
1.17603e-167
2.55169e-165
1.17025e-167
4.66145e-165
1.17108e-167
8.51283e-165
1.43024e-167
1.55522e-164
1.27638e-166
2.84353e-164
4.99963e-165
5.20458e-164
2.14367e-163
9.53769e-164
9.21089e-162
1.75013e-163
3.95851e-160
3.21582e-163
1.70123e-158
5.91718e-163
7.31183e-157
1.09028e-162
3.14247e-155
2.01164e-162
1.35068e-153
3.71628e-162
5.80615e-152
3.84015e-162
4.97703e-162
2.10386e-162
1.38518e-151
6.02823e-152
3.96814e-162
5.74e-162
1.19128e-162
2.71166e-151
6.25433e-152
4.1004e-162
6.18165e-162
6.74868e-163
4.82698e-151
6.48406e-152
4.23707e-162
6.41622e-162
3.82549e-163
8.11671e-151
6.717e-152
4.37829e-162
6.51767e-162
2.16995e-163
1.31324e-150
6.95264e-152
4.52422e-162
6.53387e-162
1.23175e-163
2.06557e-150
7.19041e-152
4.67502e-162
6.49581e-162
6.99709e-164
3.17855e-150
7.42958e-152
4.83084e-162
6.42355e-162
3.9777e-164
4.80532e-150
7.66923e-152
4.99185e-162
6.33005e-162
2.2629e-164
7.15768e-150
7.90805e-152
5.15823e-162
6.2237e-162
1.28831e-164
1.05263e-149
8.14411e-152
5.33016e-162
6.1099e-162
7.3399e-165
1.53068e-149
8.37424e-152
5.50782e-162
5.99217e-162
4.18476e-165
2.20337e-149
8.59302e-152
5.6914e-162
5.87273e-162
2.38759e-165
3.14227e-149
8.79075e-152
5.88109e-162
5.75303e-162
1.36317e-165
4.44244e-149
8.94966e-152
6.07712e-162
5.63399e-162
7.78819e-166
6.22891e-149
9.03658e-152
6.27968e-162
5.51619e-162
4.45254e-166
8.66448e-149
8.98912e-152
6.48826e-162
5.39998e-162
2.54715e-166
1.19588e-148
8.68923e-152
6.76803e-162
5.2856e-162
1.45802e-166
1.63786e-148
7.91266e-152
1.40907e-162
5.17316e-162
8.3504e-167
2.22589e-148
6.23212e-152
4.92456e-160
5.06274e-162
4.78473e-167
3.00146e-148
2.83047e-152
2.82699e-159
5.00919e-160
3.68061e-161
2.26594e-162
3.93149e-162
3.31751e-167
3.14792e-148
3.06458e-148
2.87667e-152
8.42493e-153
9.12404e-159
5.09523e-160
1.02457e-160
1.01517e-162
3.04811e-162
2.30036e-167
3.28159e-148
3.11788e-148
2.92362e-152
2.50763e-153
2.60927e-158
5.18269e-160
2.38432e-160
4.55056e-163
2.36075e-162
1.59504e-167
3.40124e-148
3.16051e-148
2.97134e-152
7.46383e-154
7.18151e-158
5.27161e-160
5.22722e-160
2.04061e-163
1.82731e-162
1.10583e-167
3.50566e-148
3.19178e-148
3.01984e-152
2.22157e-154
1.95049e-157
5.362e-160
1.12466e-159
9.15353e-164
1.41407e-162
7.66439e-168
3.59371e-148
3.21121e-148
3.06913e-152
6.61251e-155
5.27325e-157
5.45388e-160
2.41654e-159
4.1071e-164
1.09432e-162
5.30928e-168
3.66427e-148
3.21852e-148
3.11922e-152
1.96829e-155
1.42363e-156
5.54729e-160
5.22635e-159
1.8433e-164
8.47076e-163
3.67475e-168
3.71629e-148
3.21365e-148
3.17013e-152
5.85936e-156
3.84252e-156
5.64224e-160
1.14146e-158
8.27483e-165
6.55952e-163
2.54013e-168
3.74881e-148
3.19679e-148
3.22188e-152
1.74478e-156
1.03735e-155
5.73877e-160
2.52004e-158
3.71544e-165
5.08211e-163
1.75246e-168
3.76092e-148
3.16832e-148
3.27446e-152
5.2005e-157
2.80157e-155
5.83689e-160
5.62297e-158
1.66849e-165
3.93984e-163
1.2056e-168
3.7518e-148
3.12881e-148
3.32791e-152
1.5549e-157
7.5695e-155
5.93664e-160
1.26713e-157
7.49285e-166
3.05635e-163
8.25968e-169
3.72074e-148
3.07903e-148
3.38223e-152
4.69656e-158
2.04615e-154
6.03803e-160
2.88105e-157
3.36409e-166
2.37268e-163
5.62458e-169
3.66711e-148
3.01986e-148
3.43743e-152
1.46509e-158
5.53374e-154
6.1411e-160
6.60239e-157
1.50919e-166
1.84335e-163
3.79611e-169
3.59039e-148
2.95229e-148
3.49354e-152
5.02098e-159
1.49732e-153
6.24587e-160
1.52344e-156
6.75717e-167
1.43323e-163
2.52811e-169
3.49019e-148
2.87739e-148
3.55056e-152
2.14355e-159
4.05346e-153
6.35237e-160
3.53596e-156
3.01167e-167
1.11527e-163
1.64956e-169
3.36622e-148
2.79624e-148
3.60851e-152
1.27628e-159
1.09789e-152
6.46063e-160
8.24849e-156
1.32864e-167
8.68558e-164
1.04168e-169
3.21833e-148
2.70998e-148
3.66741e-152
1.00754e-159
2.97527e-152
6.57068e-160
1.93237e-155
5.72698e-168
6.76986e-164
6.21933e-170
3.0465e-148
2.61982e-148
3.72727e-152
9.17128e-160
8.06781e-152
6.68256e-160
4.54322e-155
2.3356e-168
5.28105e-164
3.32965e-170
2.85083e-148
2.52778e-148
3.78808e-152
8.79971e-160
2.18945e-151
6.79632e-160
1.07137e-154
8.18424e-169
4.12306e-164
1.34895e-170
2.6316e-148
2.44109e-148
3.84907e-152
8.5883e-160
5.94996e-151
6.91213e-160
2.5328e-154
1.44051e-169
3.22159e-164
0
2.38919e-148
2.40057e-148
3.87941e-152
8.4262e-160
4.08543e-151
8.29152e-151
6.98079e-160
3.73539e-154
1.46893e-169
8.19487e-170
2.20488e-164
2.41097e-148
1.78511e-148
8.34002e-160
2.79117e-151
1.14376e-150
7.05012e-160
5.51e-154
1.49791e-169
4.66191e-170
1.51187e-164
2.43286e-148
1.33353e-148
8.25647e-160
1.90031e-151
1.56607e-150
7.1201e-160
8.12963e-154
1.52747e-169
2.65202e-170
1.03848e-164
2.45486e-148
9.96027e-149
8.17466e-160
1.29076e-151
2.13257e-150
7.19077e-160
1.19977e-153
1.55761e-169
1.5086e-170
7.14417e-165
2.47697e-148
7.43812e-149
8.09412e-160
8.75386e-152
2.89208e-150
7.26211e-160
1.77105e-153
1.58834e-169
8.58126e-171
4.92092e-165
2.4992e-148
5.55357e-149
8.01459e-160
5.93103e-152
3.90993e-150
7.33413e-160
2.61499e-153
1.61968e-169
4.88076e-171
3.39243e-165
2.52154e-148
4.14552e-149
7.93596e-160
4.01609e-152
5.2736e-150
7.40685e-160
3.86192e-153
1.65164e-169
2.77559e-171
2.33944e-165
2.54399e-148
3.09357e-149
7.85813e-160
2.71852e-152
7.10011e-150
7.48027e-160
5.70453e-153
1.68423e-169
1.57799e-171
1.61265e-165
2.56655e-148
2.3077e-149
7.78109e-160
1.83989e-152
9.54614e-150
7.55439e-160
8.42762e-153
1.71746e-169
8.9671e-172
1.11013e-165
2.58922e-148
1.72065e-149
7.70479e-160
1.2452e-152
1.28214e-149
7.62923e-160
1.75135e-169
5.09157e-172
7.6218e-166
2.61201e-148
1.7859e-169
2.88705e-172
5.20996e-166
2.63491e-148
1.82112e-169
1.63315e-172
3.53723e-166
2.65792e-148
1.85701e-169
9.20044e-173
2.37723e-166
2.68105e-148
1.89352e-169
5.14591e-173
1.57364e-166
2.70429e-148
1.93051e-169
2.84154e-173
1.01817e-166
2.72764e-148
1.96757e-169
1.53277e-173
6.3571e-167
2.75111e-148
2.00346e-169
7.90323e-174
3.73964e-167
2.77469e-148
2.03472e-169
3.7002e-174
1.96477e-167
2.79837e-148
2.0515e-169
1.32923e-174
7.77707e-168
2.82175e-148
2.02602e-169
0
0
2.83326e-148
2.04584e-169
1.65742e-169
2.06584e-169
1.31865e-169
2.08604e-169
1.02384e-169
2.10644e-169
7.80999e-170
2.12704e-169
5.90362e-170
2.14784e-169
4.46083e-170
2.16884e-169
3.39392e-170
2.19005e-169
2.61276e-170
2.21147e-169
2.03926e-170
2.2331e-169
1.61208e-170
2.25493e-169
1.2859e-170
2.27698e-169
1.02874e-170
2.29925e-169
8.18997e-171
2.32173e-169
6.42745e-171
2.34444e-169
4.9149e-171
2.36736e-169
3.60383e-171
2.39051e-169
2.46828e-171
2.41389e-169
1.49456e-171
2.4375e-169
6.74243e-172
2.46128e-169
0
2.49471e-169
2.52861e-169
2.56296e-169
2.59778e-169
2.63308e-169
2.66885e-169
2.70511e-169
2.74186e-169
2.77912e-169
2.81687e-169
2.85514e-169
2.89394e-169
2.93325e-169
2.9731e-169
3.0135e-169
3.05441e-169
3.09608e-169
3.13736e-169
3.18365e-169
3.20976e-169
END_LIST
