BEGIN_LIST
8.45852e-05
8.45142e-05
8.44433e-05
8.43724e-05
8.43015e-05
8.42306e-05
8.41598e-05
8.40891e-05
8.40183e-05
8.39475e-05
8.38767e-05
8.38056e-05
8.37339e-05
8.36606e-05
8.35832e-05
8.34955e-05
8.33819e-05
8.32029e-05
8.28592e-05
8.20996e-05
0.000773009
0.000769287
0.000750925
0.000764521
0.000728696
0.000759746
0.000706371
0.000754961
0.000684001
0.000750168
0.000661634
0.000745366
0.000639322
0.000740557
0.000617113
0.00073574
0.000595056
0.000730916
0.000573197
0.000726087
0.000551582
0.000721251
0.000530258
0.00071641
0.00050927
0.000711565
0.000488669
0.000706715
0.00046852
0.000701861
0.000448915
0.000697004
0.000430012
0.000692144
0.000412105
0.000687276
0.000395777
0.000682159
0.000382207
0.000666434
0
0.000261701
0.000445676
0.000307423
0.000886601
0
0.000267264
0.000430752
0.00029885
0.000866943
0
0.000271735
0.000429543
0.000290453
0.00084693
0
0.000275531
0.000435922
0.00028223
0.000826598
0
0.000278912
0.000446482
0.000274182
0.000805983
0
0.000282041
0.000459378
0.000266308
0.000785123
0
0.000285018
0.000473623
0.000258608
0.000764059
0
0.000287908
0.000488687
0.00025108
0.000742832
0
0.00029075
0.000504284
0.000243722
0.000721484
0
0.000293569
0.000520258
0.000236532
0.000700055
0
0.000296381
0.000536515
0.000229505
0.000678586
0
0.000299195
0.000553
0.000222632
0.000657107
0
0.000302018
0.000569672
0.0002159
0.000635642
0
0.000304853
0.000586503
0.000209279
0.000614184
0
0.000307703
0.000603465
0.000202712
0.000592675
0
0.000310569
0.000620535
0.00019609
0.000570949
0
0.000313452
0.00063769
0.000189191
0.00054861
0
0.000316353
0.000654907
0.000181571
0.000524787
0
0.000319272
0.000672162
0.000172334
0.000497602
0
0.000322209
0.000689433
0.000159664
0.000463002
0.0006341
0.000171116
0.000689501
0.000539548
0.000402004
0.000703828
5.18922e-05
0.000623841
0
0.000130367
0.000619317
0.000170037
0.000616999
0.000600423
0.000339845
0.0007154
5.09337e-05
0.000583968
0
0.00012618
0.000604591
0.000168964
0.000546527
0.000631654
0.000294569
0.000726944
4.99565e-05
0.000544795
0
0.000125541
0.000589936
0.000167896
0.000479474
0.0006512
0.000262801
0.000738457
4.89596e-05
0.000506575
0
0.000125941
0.000575367
0.000166834
0.000416918
0.000665972
0.000241494
0.000749934
4.79418e-05
0.000469535
0
0.000126647
0.000560896
0.000165778
0.000359597
0.000678763
0.000228119
0.000761369
4.69021e-05
0.000433868
0
0.000127444
0.000546536
0.000164728
0.000307909
0.000690721
0.000220681
0.000772756
4.58392e-05
0.000399735
0
0.000128272
0.0005323
0.000163684
0.000261959
0.000702322
0.000217658
0.000784089
4.4752e-05
0.000367261
0
0.000129112
0.0005182
0.000162645
0.000221616
0.000713763
0.000217913
0.000795362
4.36392e-05
0.000336536
0
0.00012996
0.000504247
0.000161612
0.000186574
0.000725121
0.000220613
0.00080657
4.24993e-05
0.000307617
0
0.000130812
0.000490451
0.000160584
0.000156418
0.000736426
0.000225149
0.000817704
4.13311e-05
0.000280531
0
0.000131671
0.000476818
0.000159562
0.000130669
0.000747685
0.000231083
0.000828761
4.0133e-05
0.000255278
0
0.000132534
0.00046335
0.000158546
0.000108831
0.0007589
0.000238101
0.000839733
3.89035e-05
0.000231832
0
0.000133402
0.000450028
0.000157536
9.04121e-05
0.000770066
0.000245978
0.000850616
3.76409e-05
0.00021015
0
0.000134275
0.000436787
0.000156531
7.49516e-05
0.000781178
0.000254554
0.000861403
3.63436e-05
0.00019017
0
0.000135153
0.000423418
0.000155531
6.20257e-05
0.000792231
0.000263716
0.00087209
3.50099e-05
0.000171821
0
0.000136037
0.000409322
0.000154537
5.12565e-05
0.000803218
0.000273384
0.000882671
3.36378e-05
0.000155028
0
0.000136925
0.000392773
0.000153549
4.23139e-05
0.000814135
0.000283499
0.00089314
3.22255e-05
0.00013975
0
0.000137819
0.000368798
0.000152566
3.4919e-05
0.000824975
0.000294021
0.000903495
3.07708e-05
0.00012626
0
0.000138718
0.000322696
0.000151589
2.88518e-05
0.000835734
0.000304922
0.000913729
2.92717e-05
0.000117228
0
0.000139622
0.00022618
8.42293e-05
0.000150819
2.50088e-05
0
0
0.000319246
0.000155927
0.00010885
0.00014034
0.000154146
8.31638e-05
0.000150251
2.28809e-05
0
0
0.000337165
0.00015394
9.7286e-05
0.000140876
0.000104682
8.21223e-05
0.000149685
2.09587e-05
0
0
0.000355854
0.000151975
8.92741e-05
0.000141413
7.14528e-05
8.11092e-05
0.00014912
1.92377e-05
0
0
0.000375273
0.000150032
8.38223e-05
0.000141952
4.95029e-05
8.01305e-05
0.000148558
1.77203e-05
0
0
0.000395393
0.00014811
8.02085e-05
0.000142492
3.52241e-05
7.91951e-05
0.000147997
1.64187e-05
0
0
0.000416185
0.000146211
7.79111e-05
0.000143035
2.60968e-05
7.8315e-05
0.000147439
1.53603e-05
0
0
0.000437619
0.000144333
7.65557e-05
0.000143579
2.04072e-05
7.75078e-05
0.000146882
1.45939e-05
0
0
0.000459661
0.000142476
7.58741e-05
0.000144125
1.70089e-05
7.67979e-05
0.000146327
1.42018e-05
0
0
0.000482274
0.00014064
7.56752e-05
0.000144673
1.5144e-05
7.622e-05
0.000145773
1.43159e-05
0
0
0.000505416
0.000138825
7.58228e-05
0.000145222
0
0
0.000529042
0.000137031
0
0
0.0005531
0.000135258
0
0
0.000577535
0.000133505
0
0
0.000602287
0.000131772
0
0
0.000627293
0.000130059
0
0
0.000652485
0.000128366
0
0
0.000677795
0.000126693
0
0
0.000703151
0.00012504
0
0
0.000728481
0.000123421
0
0
0.000753713
0.000122234
0
0.00115726
0
0.000991448
0
0.000799783
0
0.000622206
0
0.000484694
0
0.000395115
0
0.000349994
0
0.000341871
0
0.000363406
0
0.000408685
0
0.000473089
0
0.00055264
0
0.000643355
0
0.000740821
0
0.000840141
0
0.000936256
0
0.00102455
0
0.0011015
0
0.00116516
0
0.0012152
0
0
0
0
0
0
0
0
0
0
0
0
0
0
0
0
0
0
0
0
END_LIST
