BEGIN_LIST
3.20281e-05
3.19996e-05
3.19711e-05
3.19426e-05
3.19141e-05
3.18856e-05
3.18572e-05
3.18288e-05
3.18003e-05
3.17719e-05
3.17434e-05
3.17149e-05
3.1686e-05
3.16563e-05
3.16247e-05
3.1588e-05
3.15387e-05
3.14576e-05
3.12961e-05
3.09319e-05
0.000363391
0.000362295
0.000346207
0.000358444
0.000329588
0.000354621
0.00031354
0.000350824
0.000298065
0.000347054
0.000283163
0.00034331
0.000268833
0.000339594
0.000255071
0.000335905
0.000241871
0.000332244
0.000229224
0.000328609
0.000217123
0.000325003
0.000205556
0.000321423
0.000194515
0.000317871
0.000183991
0.000314347
0.00017398
0.00031085
0.000164491
0.000307381
0.000155553
0.00030394
0.000147246
0.000300522
0.000139754
0.000296974
0.000133473
0.000286572
0
8.81348e-05
0.000156282
0.000115844
0.0004193
0
9.09836e-05
0.000146809
0.000112041
0.000401224
0
9.31682e-05
0.000144749
0.000108352
0.000383632
0
9.49418e-05
0.000146748
0.000104776
0.000366537
0
9.64622e-05
0.000151012
0.000101308
0.000349951
0
9.78283e-05
0.000156596
9.79472e-05
0.000333883
0
9.91022e-05
0.000163004
9.46895e-05
0.000318337
0
0.000100322
0.00016998
9.15325e-05
0.000303317
0
0.000101514
0.000177391
8.84732e-05
0.000288824
0
0.000102691
0.000185171
8.55083e-05
0.000274856
0
0.000103864
0.000193291
8.26339e-05
0.000261411
0
0.000105038
0.000201736
7.98449e-05
0.00024848
0
0.000106219
0.000210501
7.71335e-05
0.000236053
0
0.000107407
0.000219588
7.44865e-05
0.000224115
0
0.000108605
0.000228998
7.188e-05
0.000212637
0
0.000109813
0.000238735
6.92685e-05
0.00020157
0
0.000111033
0.000248803
6.65626e-05
0.000190824
0
0.000112265
0.000259206
6.35847e-05
0.000180219
0
0.000113508
0.000269945
5.99795e-05
0.000169396
0
0.000114764
0.000281025
5.50319e-05
0.000157616
0.000241082
5.55904e-05
0.000278157
0.000208559
0.00014633
0.000290514
1.72902e-05
0.000248074
0
4.06475e-05
0.000232523
5.52045e-05
0.000235578
0.000239716
0.000119994
0.000298334
1.69463e-05
0.000225045
0
3.97205e-05
0.000224211
5.48212e-05
0.000198513
0.000256806
0.000101552
0.000306302
1.65957e-05
0.000203791
0
3.96484e-05
0.000216142
5.44405e-05
0.000166556
0.000268201
8.89553e-05
0.000314419
1.62379e-05
0.000184243
0
3.98263e-05
0.000208313
5.40622e-05
0.000139228
0.000277313
8.06493e-05
0.000322688
1.58726e-05
0.000166321
0
4.00782e-05
0.000200721
5.36865e-05
0.00011602
0.000285557
7.54804e-05
0.000331107
1.54994e-05
0.000149938
0
4.0353e-05
0.000193361
5.33133e-05
9.64261e-05
0.000293525
7.26035e-05
0.000339678
1.51178e-05
0.000135001
0
4.06358e-05
0.00018623
5.29426e-05
7.99643e-05
0.000301463
7.14056e-05
0.000348401
1.47275e-05
0.000121414
0
4.09223e-05
0.000179324
5.25744e-05
6.61904e-05
0.000309477
7.14456e-05
0.000357273
1.43279e-05
0.000109082
0
4.12113e-05
0.000172638
5.22086e-05
5.47048e-05
0.000317609
7.24078e-05
0.000366295
1.39186e-05
9.79122e-05
0
4.15024e-05
0.000166167
5.18452e-05
4.51546e-05
0.000325877
7.40677e-05
0.000375465
1.3499e-05
8.78123e-05
0
4.17956e-05
0.000159907
5.14843e-05
3.72321e-05
0.000334288
7.62661e-05
0.000384781
1.30687e-05
7.86946e-05
0
4.20908e-05
0.000153848
5.11258e-05
3.06727e-05
0.000342845
7.8891e-05
0.000394242
1.26271e-05
7.04754e-05
0
4.2388e-05
0.000147977
5.07697e-05
2.52508e-05
0.000351549
8.18643e-05
0.000403846
1.21736e-05
6.3076e-05
0
4.26872e-05
0.000142264
5.04159e-05
2.07749e-05
0.000360398
8.51319e-05
0.000413589
1.17076e-05
5.64223e-05
0
4.29884e-05
0.000136628
5.00645e-05
1.70844e-05
0.000369391
8.8657e-05
0.00042347
1.12285e-05
5.04457e-05
0
4.32918e-05
0.000130856
4.97155e-05
1.40448e-05
0.000378527
9.2415e-05
0.000433486
1.07356e-05
4.50844e-05
0
4.35971e-05
0.000124343
4.93688e-05
1.15445e-05
0.000387804
9.63903e-05
0.000443633
1.02283e-05
4.02937e-05
0
4.39046e-05
0.000115385
4.90245e-05
9.49314e-06
0.000397221
0.000100573
0.000453909
9.70575e-06
3.61285e-05
0
4.42142e-05
9.90969e-05
4.86825e-05
7.82096e-06
0.000406774
0.00010496
0.000464309
9.16732e-06
3.33698e-05
0
4.45258e-05
6.71353e-05
2.39942e-05
4.84134e-05
6.76663e-06
0
0
0.00011081
5.03522e-05
3.43714e-05
4.47739e-05
4.46355e-05
2.36779e-05
4.8215e-05
6.18472e-06
0
0
0.000118262
4.96535e-05
3.00209e-05
4.49588e-05
2.98072e-05
2.33698e-05
4.80173e-05
5.66024e-06
0
0
0.000126204
4.89642e-05
2.70042e-05
4.51444e-05
2.01094e-05
2.30715e-05
4.78205e-05
5.19168e-06
0
0
0.000134647
4.82841e-05
2.49391e-05
4.53308e-05
1.38136e-05
2.27853e-05
4.76244e-05
4.77955e-06
0
0
0.000143608
4.76131e-05
2.35523e-05
4.55178e-05
9.76298e-06
2.25142e-05
4.7429e-05
4.42715e-06
0
0
0.000153107
4.69511e-05
2.26488e-05
4.57055e-05
7.19084e-06
2.22628e-05
4.72345e-05
4.14191e-06
0
0
0.000163164
4.6298e-05
2.20897e-05
4.5894e-05
5.59279e-06
2.20374e-05
4.70407e-05
3.93739e-06
0
0
0.0001738
4.56537e-05
2.17762e-05
4.60833e-05
4.63856e-06
2.18468e-05
4.68477e-05
3.83634e-06
0
0
0.000185036
4.5018e-05
2.16381e-05
4.62732e-05
4.11274e-06
2.17037e-05
4.66555e-05
3.87547e-06
0
0
0.000196892
4.43909e-05
2.16258e-05
4.6464e-05
0
0
0.000209388
4.37722e-05
0
0
0.000222543
4.31619e-05
0
0
0.000236374
4.25598e-05
0
0
0.000250896
4.19658e-05
0
0
0.000266123
4.13799e-05
0
0
0.000282064
4.08019e-05
0
0
0.000298727
4.02317e-05
0
0
0.000316117
3.96694e-05
0
0
0.000334233
3.91197e-05
0
0
0.000353073
3.8717e-05
0
0.000691116
0
0.000497329
0
0.000345629
0
0.000238197
0
0.00016807
0
0.000126212
0
0.00010487
0
9.84827e-05
0
0.000103535
0
0.000118103
0
0.000141408
0
0.000173458
0
0.000214746
0
0.000265998
0
0.000327901
0
0.000400808
0
0.000484419
0
0.000577469
0
0.00067752
0
0.000780953
0
0
0
0
0
0
0
0
0
0
0
0
0
0
0
0
0
0
0
0
END_LIST
