BEGIN_LIST
3.3403e-05
3.33733e-05
3.33437e-05
3.3314e-05
3.32844e-05
3.32548e-05
3.32252e-05
3.31956e-05
3.3166e-05
3.31364e-05
3.31068e-05
3.30771e-05
3.3047e-05
3.30161e-05
3.29832e-05
3.29451e-05
3.28939e-05
3.28097e-05
3.26422e-05
3.22648e-05
0.000376822
0.000375657
0.000359226
0.000371719
0.000342187
0.000367807
0.000325712
0.000363921
0.000309809
0.000360062
0.000294477
0.000356229
0.000279719
0.000352423
0.00026553
0.000348644
0.000251907
0.000344891
0.000238844
0.000341166
0.000226332
0.000337468
0.000214364
0.000333797
0.000202929
0.000330153
0.000192022
0.000326536
0.00018164
0.000322947
0.000171792
0.000319385
0.00016251
0.00031585
0.000153881
0.00031234
0.000146095
0.000308694
0.000139571
0.000297991
0
9.22375e-05
0.000163422
0.000120872
0.00043493
0
9.51935e-05
0.000153635
0.000116921
0.000416471
0
9.74621e-05
0.000151529
0.000113087
0.00039848
0
9.93052e-05
0.00015363
0.000109368
0.000380974
0
0.000100886
0.000158079
0.000105762
0.000363967
0
0.000102308
0.000163895
0.000102266
0.000347469
0
0.000103634
0.000170564
9.88766e-05
0.000331488
0
0.000104904
0.000177817
9.55911e-05
0.000316029
0
0.000106145
0.000185519
9.24066e-05
0.000301095
0
0.00010737
0.0001936
8.93197e-05
0.000286687
0
0.000108592
0.000202028
8.63265e-05
0.000272802
0
0.000109815
0.000210787
8.34215e-05
0.000259436
0
0.000111044
0.000219874
8.05968e-05
0.000246577
0
0.000112281
0.000229287
7.78388e-05
0.000234212
0
0.000113529
0.000239029
7.51224e-05
0.000222311
0
0.000114787
0.000249102
7.24003e-05
0.000210824
0
0.000116056
0.000259509
6.95793e-05
0.000199655
0
0.000117338
0.000270254
6.64744e-05
0.000188614
0
0.000118633
0.000281338
6.27151e-05
0.000177315
0
0.00011994
0.000292763
5.75558e-05
0.000164967
0.00025162
5.82278e-05
0.000289846
0.000217533
0.00015285
0.000302541
1.80976e-05
0.000258574
0
4.26194e-05
0.000242768
5.78245e-05
0.000245836
0.000249824
0.000125431
0.000310593
1.77383e-05
0.000234769
0
4.16368e-05
0.000234165
5.74239e-05
0.000207418
0.000267506
0.000106213
0.000318793
1.73719e-05
0.000212764
0
4.15577e-05
0.000225808
5.70259e-05
0.000174216
0.000279276
9.30772e-05
0.000327141
1.6998e-05
0.000192494
0
4.17428e-05
0.000217695
5.66306e-05
0.000145765
0.000288674
8.44121e-05
0.000335639
1.66163e-05
0.000173884
0
4.2006e-05
0.000209822
5.62379e-05
0.000121562
0.000297168
7.90184e-05
0.000344288
1.62263e-05
0.00015685
0
4.22935e-05
0.000202186
5.58478e-05
0.000101099
0.00030537
7.60162e-05
0.000353086
1.58276e-05
0.000141301
0
4.25893e-05
0.000194783
5.54602e-05
8.38854e-05
0.000313535
7.47665e-05
0.000362033
1.54197e-05
0.000127144
0
4.28891e-05
0.00018761
5.50753e-05
6.94681e-05
0.000321773
7.48091e-05
0.000371129
1.50021e-05
0.000114282
0
4.31915e-05
0.000180661
5.46929e-05
5.74358e-05
0.000330126
7.58145e-05
0.000380371
1.45743e-05
0.000102621
0
4.34961e-05
0.000173933
5.43131e-05
4.74239e-05
0.000338614
7.7548e-05
0.000389758
1.41359e-05
9.20698e-05
0
4.38028e-05
0.000167421
5.39357e-05
3.91136e-05
0.000347244
7.98435e-05
0.000399288
1.36862e-05
8.25376e-05
0
4.41116e-05
0.000161115
5.35609e-05
3.22299e-05
0.000356017
8.25839e-05
0.000408959
1.32247e-05
7.39393e-05
0
4.44226e-05
0.000155002
5.31886e-05
2.65375e-05
0.000364934
8.56874e-05
0.000418769
1.27507e-05
6.61941e-05
0
4.47356e-05
0.00014905
5.28187e-05
2.18369e-05
0.000373994
8.90973e-05
0.000428714
1.22637e-05
5.9226e-05
0
4.50508e-05
0.000143176
5.24514e-05
1.796e-05
0.000383196
9.27751e-05
0.000438792
1.1763e-05
5.29641e-05
0
4.53681e-05
0.000137155
5.20864e-05
1.47661e-05
0.000392538
9.66951e-05
0.000448999
1.12479e-05
4.73444e-05
0
4.56875e-05
0.000130357
5.17239e-05
1.21384e-05
0.000402017
0.000100841
0.000459332
1.07177e-05
4.23211e-05
0
4.60092e-05
0.000120996
5.13638e-05
9.98223e-06
0.000411631
0.000105202
0.000469788
1.01716e-05
3.79522e-05
0
4.6333e-05
0.000103957
5.10063e-05
8.22438e-06
0.000421378
0.000109773
0.000480362
9.60893e-06
3.5058e-05
0
4.6659e-05
7.04769e-05
2.52092e-05
5.07249e-05
7.11593e-06
0
0
0.000115869
5.27426e-05
3.60213e-05
4.69185e-05
4.68805e-05
2.48771e-05
5.05174e-05
6.50412e-06
0
0
0.000123629
5.20121e-05
3.1479e-05
4.71119e-05
3.13169e-05
2.45536e-05
5.03107e-05
5.95266e-06
0
0
0.000131896
5.12914e-05
2.83292e-05
4.73061e-05
2.11327e-05
2.42405e-05
5.01048e-05
5.45998e-06
0
0
0.000140679
5.05803e-05
2.61733e-05
4.75009e-05
1.4519e-05
2.39399e-05
4.98997e-05
5.02661e-06
0
0
0.000149996
4.98787e-05
2.47258e-05
4.76965e-05
1.02628e-05
2.36553e-05
4.96955e-05
4.65603e-06
0
0
0.000159866
4.91864e-05
2.37832e-05
4.78929e-05
7.55982e-06
2.33911e-05
4.9492e-05
4.35606e-06
0
0
0.000170309
4.85034e-05
2.32003e-05
4.80901e-05
5.88035e-06
2.31541e-05
4.92894e-05
4.14093e-06
0
0
0.000181345
4.78296e-05
2.28742e-05
4.8288e-05
4.87747e-06
2.29535e-05
4.90875e-05
4.03458e-06
0
0
0.000192994
4.71648e-05
2.27313e-05
4.84867e-05
4.32489e-06
2.28026e-05
4.88865e-05
4.07559e-06
0
0
0.000205277
4.65089e-05
2.27198e-05
4.86862e-05
0
0
0.000218213
4.58618e-05
0
0
0.000231818
4.52234e-05
0
0
0.000246109
4.45936e-05
0
0
0.000261099
4.39722e-05
0
0
0.0002768
4.33592e-05
0
0
0.00029322
4.27545e-05
0
0
0.000310365
4.2158e-05
0
0
0.000328235
4.15697e-05
0
0
0.000346829
4.09945e-05
0
0
0.00036614
4.05731e-05
0
0.000711612
0
0.000515015
0
0.000359448
0
0.000248497
0
0.000175757
0
0.000132242
0
0.000110053
0
0.000103462
0
0.00010882
0
0.000124115
0
0.000148517
0
0.000181999
0
0.000225021
0
0.000278258
0
0.00034231
0
0.000417392
0
0.000503008
0
0.000597649
0
0.000698616
0
0.000802075
0
0
0
0
0
0
0
0
0
0
0
0
0
0
0
0
0
0
0
0
END_LIST
