BEGIN_LIST
5.62597e-06
5.62017e-06
5.61437e-06
5.60858e-06
5.60279e-06
5.59701e-06
5.59124e-06
5.58546e-06
5.57969e-06
5.57392e-06
5.56814e-06
5.56234e-06
5.55649e-06
5.55047e-06
5.54407e-06
5.53667e-06
5.52675e-06
5.51048e-06
5.4782e-06
5.40554e-06
7.11535e-05
7.10817e-05
6.68784e-05
7.00974e-05
6.28513e-05
6.91262e-05
5.90588e-05
6.81679e-05
5.54881e-05
6.72224e-05
5.21272e-05
6.62894e-05
4.89645e-05
6.53689e-05
4.59889e-05
6.44607e-05
4.31899e-05
6.35646e-05
4.05576e-05
6.26805e-05
3.80826e-05
6.18082e-05
3.57562e-05
6.09477e-05
3.35701e-05
6.00987e-05
3.1517e-05
5.92611e-05
2.95911e-05
5.84347e-05
2.77886e-05
5.76195e-05
2.61097e-05
5.68153e-05
2.45633e-05
5.6021e-05
2.31748e-05
5.52023e-05
2.20043e-05
5.28419e-05
0
1.43145e-05
2.57492e-05
2.00034e-05
8.09543e-05
0
1.48477e-05
2.38503e-05
1.92779e-05
7.63196e-05
0
1.52528e-05
2.33775e-05
1.85785e-05
7.19395e-05
0
1.55785e-05
2.36785e-05
1.79041e-05
6.78014e-05
0
1.58554e-05
2.44123e-05
1.72539e-05
6.38929e-05
0
1.61025e-05
2.54013e-05
1.66271e-05
6.02022e-05
0
1.63319e-05
2.6554e-05
1.60228e-05
5.67181e-05
0
1.6551e-05
2.78238e-05
1.54402e-05
5.34297e-05
0
1.67647e-05
2.91878e-05
1.48785e-05
5.03266e-05
0
1.69758e-05
3.06357e-05
1.43368e-05
4.7399e-05
0
1.71862e-05
3.21636e-05
1.38141e-05
4.46374e-05
0
1.73972e-05
3.37713e-05
1.33094e-05
4.20326e-05
0
1.76094e-05
3.54604e-05
1.2821e-05
3.95756e-05
0
1.78234e-05
3.72337e-05
1.23465e-05
3.72573e-05
0
1.80395e-05
3.90944e-05
1.18815e-05
3.50684e-05
0
1.82578e-05
4.10465e-05
1.14181e-05
3.29974e-05
0
1.84786e-05
4.30939e-05
1.09406e-05
3.10294e-05
0
1.87019e-05
4.52411e-05
1.04184e-05
2.91408e-05
0
1.89277e-05
4.74925e-05
9.79001e-06
2.72906e-05
0
1.91562e-05
4.98529e-05
8.93258e-06
2.53998e-05
4.09372e-05
8.86335e-06
4.89511e-05
3.61074e-05
2.46446e-05
5.19047e-05
2.76426e-06
4.27752e-05
0
6.3391e-06
3.92351e-05
8.79843e-06
4.03157e-05
4.21689e-05
1.99335e-05
5.36189e-05
2.707e-06
3.81668e-05
0
6.21583e-06
3.76023e-05
8.73398e-06
3.31786e-05
4.56019e-05
1.66915e-05
5.53864e-05
2.64871e-06
3.40458e-05
0
6.21235e-06
3.60361e-05
8.66999e-06
2.7288e-05
4.79638e-05
1.45034e-05
5.72092e-05
2.58932e-06
3.03623e-05
0
6.24392e-06
3.45339e-05
8.60648e-06
2.24317e-05
4.99063e-05
1.30723e-05
5.90893e-05
2.52876e-06
2.70715e-05
0
6.28591e-06
3.30932e-05
8.54342e-06
1.8432e-05
5.17033e-05
1.21861e-05
6.10286e-05
2.46698e-06
2.41328e-05
0
6.33118e-06
3.17115e-05
8.48083e-06
1.51401e-05
5.34707e-05
1.1694e-05
6.30291e-05
2.4039e-06
2.15094e-05
0
6.37764e-06
3.03865e-05
8.41869e-06
1.24327e-05
5.52579e-05
1.14887e-05
6.50926e-05
2.33945e-06
1.91682e-05
0
6.42468e-06
2.91159e-05
8.357e-06
1.0207e-05
5.70868e-05
1.14942e-05
6.7221e-05
2.27355e-06
1.70795e-05
0
6.47215e-06
2.78976e-05
8.29576e-06
8.37811e-06
5.89674e-05
1.16567e-05
6.94162e-05
2.20613e-06
1.52166e-05
0
6.51998e-06
2.67295e-05
8.23497e-06
6.87586e-06
6.09049e-05
1.19384e-05
7.16802e-05
2.1371e-06
1.35553e-05
0
6.56818e-06
2.56092e-05
8.17461e-06
5.64224e-06
6.29026e-05
1.23126e-05
7.4015e-05
2.06638e-06
1.20743e-05
0
6.61672e-06
2.45345e-05
8.1147e-06
4.62945e-06
6.49628e-05
1.27608e-05
7.64225e-05
1.99387e-06
1.07542e-05
0
6.66563e-06
2.35018e-05
8.05522e-06
3.79814e-06
6.70878e-05
1.32701e-05
7.89049e-05
1.91949e-06
9.57763e-06
0
6.7149e-06
2.25053e-05
7.99618e-06
3.11591e-06
6.92794e-05
1.3832e-05
8.14643e-05
1.84314e-06
8.52922e-06
0
6.76452e-06
2.15312e-05
7.93756e-06
2.55613e-06
7.15397e-05
1.44406e-05
8.41027e-05
1.76471e-06
7.59516e-06
0
6.81451e-06
2.05441e-05
7.87937e-06
2.09695e-06
7.38705e-05
1.50922e-05
8.68224e-05
1.6841e-06
6.76336e-06
0
6.86487e-06
1.94464e-05
7.82161e-06
1.72056e-06
7.62739e-05
1.57848e-05
8.96256e-05
1.60119e-06
6.02492e-06
0
6.9156e-06
1.79637e-05
7.76426e-06
1.41263e-06
7.8752e-05
1.65172e-05
9.25146e-05
1.51587e-06
5.38645e-06
0
6.9667e-06
1.53206e-05
7.70736e-06
1.16224e-06
8.13068e-05
1.72893e-05
9.54918e-05
1.42802e-06
4.96521e-06
0
7.01818e-06
1.02545e-05
3.61493e-06
7.66258e-06
1.00465e-06
0
0
1.83262e-05
7.9359e-06
5.37151e-06
7.05918e-06
6.75975e-06
3.56572e-06
7.62959e-06
9.17771e-07
0
0
1.96576e-05
7.82125e-06
4.65083e-06
7.08975e-06
4.48806e-06
3.51786e-06
7.59673e-06
8.39533e-07
0
0
2.10904e-05
7.70825e-06
4.15176e-06
7.12044e-06
3.01568e-06
3.47161e-06
7.56402e-06
7.69691e-07
0
0
2.263e-05
7.59688e-06
3.81006e-06
7.15125e-06
2.06545e-06
3.42732e-06
7.53145e-06
7.08305e-07
0
0
2.42826e-05
7.4871e-06
3.58015e-06
7.1822e-06
1.45642e-06
3.38551e-06
7.49901e-06
6.55858e-07
0
0
2.60554e-05
7.37891e-06
3.42969e-06
7.21328e-06
1.07064e-06
3.34689e-06
7.46672e-06
6.13449e-07
0
0
2.79566e-05
7.27227e-06
3.33573e-06
7.24448e-06
8.31304e-07
3.31251e-06
7.43456e-06
5.83092e-07
0
0
2.99947e-05
7.16717e-06
3.28202e-06
7.27583e-06
6.88489e-07
3.28382e-06
7.40254e-06
5.68177e-07
0
0
3.21791e-05
7.06357e-06
3.25702e-06
7.3073e-06
6.09778e-07
3.26287e-06
7.37066e-06
5.74185e-07
0
0
3.452e-05
6.96147e-06
3.25257e-06
7.33891e-06
0
0
3.7028e-05
6.86084e-06
0
0
3.97145e-05
6.76165e-06
0
0
4.25916e-05
6.6639e-06
0
0
4.56722e-05
6.56754e-06
0
0
4.89699e-05
6.47258e-06
0
0
5.24992e-05
6.37898e-06
0
0
5.62753e-05
6.28673e-06
0
0
6.03144e-05
6.19584e-06
0
0
6.46336e-05
6.10704e-06
0
0
6.92508e-05
6.04204e-06
0
0.000155703
0
9.9133e-05
0
6.33127e-05
0
4.11372e-05
0
2.77912e-05
0
2.01558e-05
0
1.62796e-05
0
1.49865e-05
0
1.56113e-05
0
1.78297e-05
0
2.15551e-05
0
2.68791e-05
0
3.40414e-05
0
4.34204e-05
0
5.55352e-05
0
7.1057e-05
0
9.08235e-05
0
0.000115852
0
0.000147342
0
0.000186661
0
0
0
0
0
0
0
0
0
0
0
0
0
0
0
0
0
0
0
0
END_LIST
