BEGIN_LIST
2.23628e-05
2.23425e-05
2.23222e-05
2.23019e-05
2.22816e-05
2.22613e-05
2.22411e-05
2.22208e-05
2.22006e-05
2.21803e-05
2.21601e-05
2.21397e-05
2.21191e-05
2.2098e-05
2.20754e-05
2.20491e-05
2.20137e-05
2.19549e-05
2.18373e-05
2.15715e-05
0.000264177
0.00026354
0.000250543
0.000260456
0.000237477
0.000257401
0.000224967
0.000254373
0.000213005
0.000251374
0.000201577
0.000248402
0.000190672
0.000245457
0.000180274
0.00024254
0.00017037
0.000239651
0.000160943
0.000236789
0.00015198
0.000233955
0.000143464
0.000231147
0.000135381
0.000228367
0.000127718
0.000225614
0.000120466
0.000222888
0.000113622
0.000220188
0.000107203
0.000217515
0.000101256
0.000214866
9.58991e-05
0.000212123
9.13978e-05
0.000204145
0
6.00102e-05
0.000107001
8.057e-05
0.000303898
0
6.2064e-05
9.9972e-05
7.78467e-05
0.000289316
0
6.36314e-05
9.83412e-05
7.52106e-05
0.000275269
0
6.48976e-05
9.96568e-05
7.2659e-05
0.000261754
0
6.59784e-05
0.000102619
7.01897e-05
0.000248765
0
6.69461e-05
0.000106543
6.78001e-05
0.000236296
0
6.78462e-05
0.000111076
6.5488e-05
0.000224339
0
6.87071e-05
0.000116032
6.3251e-05
0.000212883
0
6.95467e-05
0.000121321
6.10866e-05
0.000201919
0
7.03763e-05
0.000126897
5.89922e-05
0.000191434
0
7.12028e-05
0.000132739
5.69648e-05
0.000181416
0
7.20307e-05
0.000138843
5.50004e-05
0.000171851
0
7.28629e-05
0.000145206
5.30934e-05
0.000162722
0
7.37012e-05
0.000151834
5.12342e-05
0.000154012
0
7.45466e-05
0.000158731
4.9406e-05
0.000145696
0
7.54e-05
0.000165904
4.75766e-05
0.000137737
0
7.62619e-05
0.00017336
4.56834e-05
0.000130077
0
7.71326e-05
0.000181106
4.36021e-05
0.000122608
0
7.80124e-05
0.000189147
4.10842e-05
0.000115122
0
7.89015e-05
0.000197492
3.76305e-05
0.000107202
0.000167188
3.76267e-05
0.000195136
0.000145359
0.000100956
0.000204678
1.17581e-05
0.00017362
0
2.73167e-05
0.00016088
3.73615e-05
0.000163584
0.000168043
8.23757e-05
0.000210629
1.15215e-05
0.000156562
0
2.67402e-05
0.000154782
3.70981e-05
0.000136644
0.000180632
6.94498e-05
0.000216718
1.12802e-05
0.000141
0
2.67072e-05
0.000148888
3.68364e-05
0.000113796
0.000189122
6.066e-05
0.000222949
1.10341e-05
0.000126838
0
2.68332e-05
0.000143194
3.65766e-05
9.45274e-05
0.00019598
5.48814e-05
0.000229324
1.07829e-05
0.000113979
0
2.70063e-05
0.000137695
3.63186e-05
7.83541e-05
0.000202235
5.12916e-05
0.000235845
1.05262e-05
0.000102326
0
2.7194e-05
0.000132386
3.60623e-05
6.48325e-05
0.000208318
4.92947e-05
0.000242515
1.02638e-05
9.1785e-05
0
2.7387e-05
0.000127261
3.58078e-05
5.3565e-05
0.000214411
4.84619e-05
0.000249335
9.99542e-06
8.22661e-05
0
2.75824e-05
0.000122317
3.5555e-05
4.42013e-05
0.000220592
4.84864e-05
0.000256306
9.72069e-06
7.36829e-05
0
2.77796e-05
0.000117548
3.5304e-05
3.64373e-05
0.000226892
4.91495e-05
0.00026343
9.4393e-06
6.59536e-05
0
2.79782e-05
0.000112949
3.50546e-05
3.00118e-05
0.000233328
5.02962e-05
0.000270708
9.15089e-06
5.90017e-05
0
2.81782e-05
0.000108513
3.4807e-05
2.47022e-05
0.000239906
5.1817e-05
0.00027814
8.85512e-06
5.27557e-05
0
2.83797e-05
0.000104235
3.45611e-05
2.03203e-05
0.00024663
5.36351e-05
0.000285728
8.5516e-06
4.71494e-05
0
2.85825e-05
0.000100103
3.43169e-05
1.67079e-05
0.000253502
5.56972e-05
0.000293472
8.23993e-06
4.21217e-05
0
2.87868e-05
9.60952e-05
3.40744e-05
1.37324e-05
0.000260523
5.79665e-05
0.000301372
7.91972e-06
3.76163e-05
0
2.89925e-05
9.21554e-05
3.38335e-05
1.12834e-05
0.000267694
6.04184e-05
0.000309428
7.59051e-06
3.35819e-05
0
2.91996e-05
8.81364e-05
3.35943e-05
9.26938e-06
0.000275017
6.30365e-05
0.000317641
7.25188e-06
2.9973e-05
0
2.94082e-05
8.36275e-05
3.33567e-05
7.61481e-06
0.000282491
6.58108e-05
0.00032601
6.90334e-06
2.67561e-05
0
2.96182e-05
7.74695e-05
3.31208e-05
6.25867e-06
0.000290118
6.87355e-05
0.000334535
6.54441e-06
2.39652e-05
0
2.98298e-05
6.63593e-05
3.28866e-05
5.15416e-06
0.000297897
7.18082e-05
0.000343216
6.17457e-06
2.21193e-05
0
3.00427e-05
4.47479e-05
1.59059e-05
3.27023e-05
4.45817e-06
0
0
7.59167e-05
3.40676e-05
2.31756e-05
3.02123e-05
2.96522e-05
1.56947e-05
3.25664e-05
4.0742e-06
0
0
8.11654e-05
3.35887e-05
2.01681e-05
3.03387e-05
1.97573e-05
1.54893e-05
3.24311e-05
3.72823e-06
0
0
8.6779e-05
3.31163e-05
1.8083e-05
3.04656e-05
1.33088e-05
1.52905e-05
3.22963e-05
3.41923e-06
0
0
9.27703e-05
3.26504e-05
1.66548e-05
3.05929e-05
9.1321e-06
1.51e-05
3.2162e-05
3.14751e-06
0
0
9.91556e-05
3.2191e-05
1.56943e-05
3.07208e-05
6.44873e-06
1.49198e-05
3.20283e-05
2.91526e-06
0
0
0.000105953
3.17378e-05
1.50667e-05
3.08492e-05
4.74634e-06
1.47532e-05
3.18952e-05
2.72737e-06
0
0
0.000113184
3.12909e-05
1.46762e-05
3.09781e-05
3.68918e-06
1.46043e-05
3.17626e-05
2.59279e-06
0
0
0.000120869
3.08501e-05
1.44546e-05
3.11075e-05
3.058e-06
1.44793e-05
3.16305e-05
2.52653e-06
0
0
0.000129029
3.04154e-05
1.43538e-05
3.12375e-05
2.71009e-06
1.43869e-05
3.1499e-05
2.55286e-06
0
0
0.000137689
2.99867e-05
1.43393e-05
3.13679e-05
0
0
0.00014687
2.95639e-05
0
0
0.000156596
2.91469e-05
0
0
0.000166889
2.87357e-05
0
0
0.000177772
2.83301e-05
0
0
0.000189268
2.79302e-05
0
0
0.000201396
2.75358e-05
0
0
0.000214179
2.71468e-05
0
0
0.000227634
2.67634e-05
0
0
0.00024178
2.63886e-05
0
0
0.000256631
2.61141e-05
0
0.00052854
0
0.000364691
0
0.000245868
0
0.000165786
0
0.000115069
0
8.52673e-05
0
7.00841e-05
0
6.53205e-05
0
6.84403e-05
0
7.81207e-05
0
9.39016e-05
0
0.000115936
0
0.000144815
0
0.000181425
0
0.000226814
0
0.000282027
0
0.000347895
0
0.000424764
0
0.000512188
0
0.00060864
0
0
0
0
0
0
0
0
0
0
0
0
0
0
0
0
0
0
0
0
END_LIST
