BEGIN_LIST
9.90206e-05
9.89386e-05
9.88566e-05
9.87747e-05
9.86929e-05
9.8611e-05
9.85292e-05
9.84475e-05
9.83657e-05
9.8284e-05
9.82021e-05
9.812e-05
9.80372e-05
9.79527e-05
9.78637e-05
9.77635e-05
9.76349e-05
9.7435e-05
9.7055e-05
9.62207e-05
0.000854037
0.000849794
0.000832974
0.00084528
0.000811592
0.000840748
0.000789933
0.0008362
0.000768043
0.000831635
0.000745969
0.000827054
0.000723759
0.000822457
0.000701462
0.000817844
0.00067913
0.000813217
0.000656812
0.000808576
0.00063456
0.00080392
0.000612426
0.000799251
0.000590466
0.000794568
0.000568742
0.000789873
0.000547332
0.000785165
0.00052635
0.000780446
0.000505983
0.000775715
0.000486579
0.000770967
0.000468816
0.000765961
0.000454057
0.00075037
0
0.000314555
0.000527895
0.000358896
0.000973279
0
0.000320284
0.000513746
0.000349363
0.000955723
0
0.00032499
0.000513549
0.000339999
0.000937687
0
0.000329065
0.000521068
0.000330805
0.000919193
0
0.000332753
0.000532809
0.000321784
0.000900263
0
0.000336204
0.000546868
0.000312935
0.000880927
0
0.000339515
0.000562222
0.000304259
0.000861211
0
0.000342744
0.00057832
0.000295757
0.000841149
0
0.000345929
0.000594863
0.000287428
0.000820774
0
0.000349093
0.000611682
0.000279269
0.000800119
0
0.000352251
0.00062868
0.000271276
0.000779217
0
0.000355411
0.000645793
0.000263443
0.000758093
0
0.00035858
0.000662979
0.000255752
0.000736761
0
0.00036176
0.000680204
0.000248172
0.000715203
0
0.000364955
0.000697438
0.000240641
0.000693334
0
0.000368165
0.000714656
0.000233032
0.000670932
0
0.000371391
0.000731833
0.000225094
0.000647487
0
0.000374634
0.000748946
0.00021632
0.000621874
0
0.000377894
0.000765972
0.000205686
0.000591669
0
0.00038117
0.000782888
0.00019111
0.000551579
0.000732854
0.000207995
0.000785359
0.00062299
0.000472394
0.000796894
6.27725e-05
0.000714722
0
0.000160362
0.000718087
0.000206724
0.000712795
0.000687165
0.00040307
0.000808089
6.16419e-05
0.000674367
0
0.000154866
0.000703279
0.00020546
0.000640085
0.000719479
0.000351978
0.000819202
6.04893e-05
0.000634068
0
0.000153959
0.000688446
0.000204203
0.000568885
0.000739354
0.000315844
0.000830231
5.93137e-05
0.000594116
0
0.000154396
0.0006736
0.000202951
0.000500667
0.000754145
0.00029149
0.000841171
5.81136e-05
0.000554789
0
0.000155228
0.000658758
0.000201706
0.000436617
0.000766799
0.00027617
0.000852018
5.68879e-05
0.000516345
0
0.000156178
0.000643934
0.000200467
0.000377584
0.000778527
0.000267664
0.000862768
5.5635e-05
0.000479018
0
0.000157167
0.000629142
0.000199235
0.000324075
0.000789832
0.000264247
0.000873415
5.43537e-05
0.000443012
0
0.000158172
0.000614397
0.000198009
0.000276288
0.000800919
0.000264618
0.000883954
5.30422e-05
0.000408495
0
0.000159184
0.000599712
0.000196789
0.000234164
0.000811871
0.000267812
0.000894382
5.16992e-05
0.000375602
0
0.000160203
0.0005851
0.000195575
0.000197448
0.000822721
0.000273123
0.000904693
5.03228e-05
0.000344433
0
0.000161228
0.00057057
0.000194367
0.000165757
0.000833478
0.000280039
0.000914884
4.89114e-05
0.000315054
0
0.000162259
0.000556125
0.000193166
0.00013863
0.000844144
0.000288189
0.000924949
4.74632e-05
0.0002875
0
0.000163295
0.000541747
0.000191971
0.000115573
0.000854716
0.000297309
0.000934886
4.59762e-05
0.000261777
0
0.000164337
0.000527358
0.000190782
9.60922e-05
0.00086519
0.000307207
0.00094469
4.44486e-05
0.000237868
0
0.000165385
0.000512719
0.000189599
7.97165e-05
0.000875563
0.000317749
0.000954359
4.28781e-05
0.000215734
0
0.000166439
0.000497129
0.000188422
6.6011e-05
0.00088583
0.000328834
0.000963888
4.12626e-05
0.000195327
0
0.000167498
0.000478563
0.000187251
5.45872e-05
0.000895986
0.000340394
0.000973275
3.95998e-05
0.000176637
0
0.000168563
0.000451157
0.000186087
4.51109e-05
0.000906028
0.000352375
0.000982518
3.78873e-05
0.00016004
0
0.000169634
0.000397375
0.000184929
3.73159e-05
0.000915952
0.000364742
0.000991614
3.61227e-05
0.000148883
0
0.00017071
0.000282014
0.000106665
0.000184016
3.23692e-05
0
0
0.000380916
0.000190393
0.000133877
0.000171566
0.000193985
0.000105337
0.000183342
2.96266e-05
0
0
0.000401041
0.000188036
0.00012049
0.000172204
0.000132584
0.000104038
0.000182671
2.71469e-05
0
0
0.000421893
0.000185704
0.000111222
0.000172843
9.09083e-05
0.000102772
0.000182001
2.49247e-05
0
0
0.000443414
0.000183397
0.000104933
0.000173484
6.31956e-05
0.000101547
0.000181334
2.29633e-05
0
0
0.000465554
0.000181113
0.000100785
0.000174127
4.5092e-05
0.000100372
0.000180668
2.12786e-05
0
0
0.000488266
0.000178854
9.81744e-05
0.000174772
3.3491e-05
9.92634e-05
0.000180005
1.99057e-05
0
0
0.000511502
0.000176619
9.66645e-05
0.000175419
2.62511e-05
9.82401e-05
0.000179344
1.89073e-05
0
0
0.00053521
0.000174407
9.59429e-05
0.000176068
2.19276e-05
9.73313e-05
0.000178685
1.83883e-05
0
0
0.000559336
0.000172219
9.57864e-05
0.000176719
1.95602e-05
9.65774e-05
0.000178027
1.85176e-05
0
0
0.000583823
0.000170055
9.60356e-05
0.000177372
0
0
0.000608609
0.000167913
0
0
0.000633631
0.000165795
0
0
0.000658819
0.0001637
0
0
0.000684104
0.000161628
0
0
0.000709415
0.000159579
0
0
0.00073468
0.000157552
0
0
0.000759826
0.000155547
0
0
0.000784781
0.000153566
0
0
0.000809476
0.000151623
0
0
0.000833843
0.000150198
0
0.00121204
0
0.00107341
0
0.000896663
0
0.000720823
0
0.000578121
0
0.00048297
0
0.000435527
0
0.000429258
0
0.000456183
0
0.000509016
0
0.000581435
0
0.000667662
0
0.000762009
0
0.00085875
0
0.000952366
0
0.00103807
0
0.00111239
0
0.00117351
0
0.0012213
0
0.00125691
0
0
0
0
0
0
0
0
0
0
0
0
0
0
0
0
0
0
0
0
END_LIST
