BEGIN_LIST
1.5415e-05
1.54006e-05
1.53863e-05
1.5372e-05
1.53577e-05
1.53434e-05
1.53291e-05
1.53148e-05
1.53005e-05
1.52862e-05
1.52719e-05
1.52576e-05
1.52431e-05
1.52281e-05
1.52122e-05
1.51936e-05
1.51685e-05
1.51267e-05
1.50431e-05
1.48538e-05
0.000187443
0.000187086
0.000177149
0.000184741
0.00016735
0.000182421
0.000158031
0.000180127
0.000149174
0.000177857
0.000140764
0.000175611
0.000132782
0.00017339
0.000125213
0.000171194
0.00011804
0.000169022
0.000111246
0.000166873
0.000104815
0.000164748
9.87318e-05
0.000162647
9.29812e-05
0.00016057
8.75503e-05
0.000158516
8.24288e-05
0.000156484
7.76121e-05
0.000154476
7.31068e-05
0.00015249
6.89424e-05
0.000150525
6.51955e-05
0.000148494
6.2041e-05
0.000142618
0
4.05761e-05
7.26169e-05
5.53302e-05
0.000214914
0
4.20181e-05
6.7588e-05
5.34175e-05
0.000203808
0
4.31156e-05
6.63765e-05
5.15686e-05
0.000193191
0
4.39996e-05
6.72437e-05
4.97815e-05
0.000183051
0
4.47522e-05
6.92727e-05
4.80543e-05
0.000173375
0
4.54246e-05
7.19836e-05
4.6385e-05
0.000164148
0
4.60492e-05
7.51274e-05
4.47719e-05
0.000155356
0
4.66461e-05
7.85765e-05
4.32131e-05
0.000146985
0
4.7228e-05
8.22672e-05
4.17067e-05
0.00013902
0
4.78027e-05
8.61695e-05
4.02507e-05
0.000131445
0
4.83755e-05
9.02708e-05
3.88429e-05
0.000124246
0
4.89493e-05
9.4568e-05
3.74803e-05
0.000117408
0
4.95262e-05
9.90627e-05
3.6159e-05
0.000110913
0
5.01075e-05
0.000103759
3.48722e-05
0.000104746
0
5.06941e-05
0.000108664
3.36082e-05
9.8885e-05
0
5.12864e-05
0.000113783
3.23448e-05
9.33049e-05
0
5.18849e-05
0.000119124
3.10387e-05
8.79659e-05
0
5.24898e-05
0.000124693
2.96043e-05
8.28013e-05
0
5.31012e-05
0.0001305
2.78708e-05
7.76866e-05
0
5.37194e-05
0.000136551
2.54948e-05
7.23772e-05
0.000114433
2.53305e-05
0.000134722
9.99154e-05
6.88998e-05
0.000141781
7.93535e-06
0.00011953
0
1.8293e-05
0.000109934
2.51498e-05
0.000112116
0.000115985
5.60233e-05
0.000146128
7.77424e-06
0.000107321
0
1.79271e-05
0.000105599
2.49704e-05
9.30755e-05
0.000124978
4.7106e-05
0.00015059
7.61001e-06
9.62753e-05
0
1.79118e-05
0.000101422
2.47922e-05
7.71107e-05
0.000131092
4.1061e-05
0.00015517
7.44249e-06
8.62978e-05
0
1.79991e-05
9.73984e-05
2.46153e-05
6.37754e-05
0.000136067
3.70953e-05
0.000159872
7.2715e-06
7.72991e-05
0
1.81169e-05
9.35241e-05
2.44396e-05
5.26716e-05
0.000140631
3.46348e-05
0.000164698
7.09686e-06
6.91943e-05
0
1.82442e-05
8.97941e-05
2.42652e-05
4.34499e-05
0.00014509
3.32669e-05
0.000169651
6.91836e-06
6.19036e-05
0
1.8375e-05
8.62038e-05
2.4092e-05
3.58079e-05
0.000149573
3.26961e-05
0.000174734
6.7358e-06
5.53523e-05
0
1.85074e-05
8.27486e-05
2.39199e-05
2.94862e-05
0.000154136
3.27118e-05
0.000179948
6.54896e-06
4.94714e-05
0
1.86409e-05
7.94241e-05
2.37491e-05
2.42645e-05
0.000158805
3.31644e-05
0.000185297
6.35762e-06
4.41969e-05
0
1.87755e-05
7.62257e-05
2.35795e-05
1.99566e-05
0.00016359
3.39481e-05
0.000190781
6.16154e-06
3.947e-05
0
1.8911e-05
7.31487e-05
2.34111e-05
1.64061e-05
0.000168498
3.49883e-05
0.000196404
5.96049e-06
3.52368e-05
0
1.90475e-05
7.01875e-05
2.32439e-05
1.34822e-05
0.000173532
3.62329e-05
0.000202168
5.7542e-06
3.14482e-05
0
1.9185e-05
6.73337e-05
2.30778e-05
1.10761e-05
0.000178696
3.76458e-05
0.000208074
5.5424e-06
2.80595e-05
0
1.93234e-05
6.45714e-05
2.29129e-05
9.0972e-06
0.000183992
3.92021e-05
0.000214125
5.32482e-06
2.503e-05
0
1.94628e-05
6.18627e-05
2.27491e-05
7.47047e-06
0.000189422
4.08853e-05
0.000220322
5.10116e-06
2.23229e-05
0
1.96032e-05
5.91072e-05
2.25865e-05
6.13399e-06
0.000194989
4.26847e-05
0.000226668
4.87112e-06
1.99058e-05
0
1.97447e-05
5.60274e-05
2.24251e-05
5.03699e-06
0.000200694
4.45938e-05
0.000233163
4.63439e-06
1.77548e-05
0
1.98871e-05
5.18413e-05
2.22647e-05
4.13848e-06
0.000206538
4.6609e-05
0.00023981
4.39062e-06
1.58914e-05
0
2.00305e-05
4.43275e-05
2.21056e-05
3.40713e-06
0.000212525
4.87289e-05
0.00024661
4.13947e-06
1.46601e-05
0
2.0175e-05
2.97981e-05
1.05538e-05
2.19804e-05
2.94647e-06
0
0
5.15685e-05
2.29093e-05
1.55489e-05
2.029e-05
1.9702e-05
1.04129e-05
2.1888e-05
2.69241e-06
0
0
5.52037e-05
2.25842e-05
1.3498e-05
2.03757e-05
1.3108e-05
1.02758e-05
2.17961e-05
2.46352e-06
0
0
5.91015e-05
2.22636e-05
1.20764e-05
2.04618e-05
8.82067e-06
1.01433e-05
2.17046e-05
2.25914e-06
0
0
6.32728e-05
2.19474e-05
1.11025e-05
2.05482e-05
6.04797e-06
1.00163e-05
2.16134e-05
2.07946e-06
0
0
6.77313e-05
2.16357e-05
1.04469e-05
2.0635e-05
4.26838e-06
9.89639e-06
2.15226e-05
1.9259e-06
0
0
7.24927e-05
2.13284e-05
1.00179e-05
2.07221e-05
3.14006e-06
9.7856e-06
2.14322e-05
1.80171e-06
0
0
7.75739e-05
2.10254e-05
9.75011e-06
2.08096e-05
2.43964e-06
9.68688e-06
2.13421e-05
1.71281e-06
0
0
8.29933e-05
2.07266e-05
9.59721e-06
2.08975e-05
2.0215e-06
9.6044e-06
2.12525e-05
1.66913e-06
0
0
8.87701e-05
2.04319e-05
9.52631e-06
2.09857e-05
1.79099e-06
9.54404e-06
2.11632e-05
1.68673e-06
0
0
9.49245e-05
2.01414e-05
9.5141e-06
2.10742e-05
0
0
0.000101477
1.9855e-05
0
0
0.00010845
1.95726e-05
0
0
0.000115866
1.92942e-05
0
0
0.000123746
1.90196e-05
0
0
0.000132115
1.8749e-05
0
0
0.000140995
1.84821e-05
0
0
0.000150412
1.82189e-05
0
0
0.000160388
1.79596e-05
0
0
0.000170947
1.77061e-05
0
0
0.000182112
1.75205e-05
0
0.000389266
0
0.000260087
0
0.000171492
0
0.000113857
0
7.81274e-05
0
5.73646e-05
0
4.6797e-05
0
4.33842e-05
0
4.53417e-05
0
5.17668e-05
0
6.23773e-05
0
7.73437e-05
0
9.71834e-05
0
0.00012269
0
0.000154877
0
0.000194908
0
0.000244
0
0.000303273
0
0.000373534
0
0.000454994
0
0
0
0
0
0
0
0
0
0
0
0
0
0
0
0
0
0
0
0
END_LIST
