BEGIN_LIST
7.79678e-05
7.7902e-05
7.78362e-05
7.77704e-05
7.77047e-05
7.7639e-05
7.75733e-05
7.75077e-05
7.7442e-05
7.73764e-05
7.73107e-05
7.72447e-05
7.71782e-05
7.71101e-05
7.70382e-05
7.69564e-05
7.68501e-05
7.66815e-05
7.63561e-05
7.5635e-05
0.000731882
0.000728441
0.000709543
0.000723602
0.000687152
0.000718759
0.000664759
0.00071391
0.000642415
0.000709057
0.000620168
0.0007042
0.000598067
0.000699339
0.000576158
0.000694476
0.000554486
0.00068961
0.000533096
0.000684742
0.000512028
0.000679873
0.000491322
0.000675003
0.000471019
0.000670133
0.000451164
0.000665263
0.000431812
0.000660393
0.000413045
0.000655525
0.000395005
0.000650658
0.000377959
0.000645787
0.000362442
0.000640675
0.000349541
0.00062506
0
0.000238115
0.00040802
0.000283575
0.000841452
0
0.000243513
0.000393041
0.000275494
0.000821012
0
0.000247816
0.000391456
0.000267588
0.000800299
0
0.000251441
0.000397277
0.000259856
0.000779354
0
0.000254649
0.000407191
0.000252297
0.000758217
0
0.000257603
0.000419407
0.000244911
0.00073693
0
0.000260406
0.00043297
0.000237696
0.000715538
0
0.00026312
0.000447368
0.000230649
0.000694082
0
0.000265787
0.000462328
0.00022377
0.000672607
0
0.00026843
0.000477698
0.000217055
0.000651154
0
0.000271066
0.000493393
0.000210498
0.000629762
0
0.000273704
0.00050936
0.000204093
0.000608465
0
0.000276351
0.000525562
0.000197824
0.000587284
0
0.00027901
0.000541972
0.000191664
0.000566217
0
0.000281683
0.000558568
0.000185562
0.000545217
0
0.000284374
0.000575326
0.000179412
0.000524136
0
0.000287081
0.000592226
0.000173009
0.000502632
0
0.000289806
0.000609246
0.00016594
0.000479944
0
0.00029255
0.000626364
0.000157371
0.000454435
0
0.000295311
0.000643559
0.000145613
0.000422594
0.000586943
0.000154925
0.000642718
0.00049993
0.00036954
0.000657936
4.71056e-05
0.000580122
0
0.000117396
0.000572381
0.000153935
0.000571296
0.000558617
0.000311112
0.000669526
4.62261e-05
0.000541003
0
0.000113752
0.000557922
0.000152949
0.000502843
0.000588985
0.000268777
0.000681117
4.53294e-05
0.000502864
0
0.00011322
0.000543577
0.00015197
0.000438554
0.000608144
0.000239178
0.000692704
4.44145e-05
0.00046593
0
0.000113599
0.000529358
0.000150996
0.000379287
0.000622727
0.00021937
0.000704283
4.34805e-05
0.00043039
0
0.000114246
0.000515279
0.000150027
0.000325557
0.000635424
0.000206948
0.000715847
4.25262e-05
0.000396401
0
0.000114974
0.000501351
0.000149064
0.000277566
0.000647342
0.000200037
0.00072739
4.15507e-05
0.000364085
0
0.000115729
0.000487583
0.000148106
0.000235256
0.000658942
0.000197215
0.000738907
4.05529e-05
0.000333528
0
0.000116496
0.000473987
0.000147154
0.000198376
0.000670411
0.000197427
0.00075039
3.95314e-05
0.000304784
0
0.000117268
0.000460572
0.000146207
0.00016654
0.000681825
0.000199901
0.000761833
3.84851e-05
0.000277876
0
0.000118046
0.000447345
0.000145265
0.000139287
0.000693211
0.000204075
0.00077323
3.74126e-05
0.000252801
0
0.000118829
0.000434313
0.000144328
0.000116122
0.000704578
0.000209546
0.000784573
3.63128e-05
0.000229532
0
0.000119616
0.000421474
0.000143397
9.65493e-05
0.000715926
0.000216027
0.000795857
3.5184e-05
0.000208022
0
0.000120408
0.00040881
0.000142472
8.00941e-05
0.000727249
0.000223311
0.000807076
3.40249e-05
0.000188209
0
0.000121205
0.00039626
0.000141551
6.63181e-05
0.000738543
0.000231252
0.000818222
3.28339e-05
0.000170019
0
0.000122007
0.000383632
0.000140636
5.48262e-05
0.000749801
0.000239747
0.00082929
3.16093e-05
0.00015337
0
0.000122813
0.000370374
0.000139726
4.52692e-05
0.000761018
0.000248723
0.000840274
3.03495e-05
0.000138179
0
0.000123624
0.000354902
0.000138821
3.73454e-05
0.000772188
0.00025813
0.000851168
2.90527e-05
0.000124397
0
0.00012444
0.000332662
0.000137921
3.08013e-05
0.000783303
0.000267931
0.000861966
2.7717e-05
0.000112256
0
0.000125261
0.000290263
0.000137027
2.54377e-05
0.000794358
0.000278101
0.000872664
2.63405e-05
0.000104142
0
0.000126086
0.000202388
7.48861e-05
0.000136322
2.20429e-05
0
0
0.000291492
0.000140946
9.80816e-05
0.000126743
0.000137402
7.39326e-05
0.000135803
2.01642e-05
0
0
0.000308286
0.000139128
8.73884e-05
0.000127232
9.30647e-05
7.3001e-05
0.000135285
1.84677e-05
0
0
0.000325851
0.00013733
7.99779e-05
0.000127723
6.34053e-05
7.20955e-05
0.000134768
1.69493e-05
0
0
0.000344159
0.000135553
7.493e-05
0.000128215
4.38673e-05
7.12215e-05
0.000134254
1.56111e-05
0
0
0.000363188
0.000133796
7.15768e-05
0.000128709
3.11794e-05
7.03871e-05
0.000133741
1.44639e-05
0
0
0.000382918
0.00013206
6.94366e-05
0.000129204
2.30774e-05
6.96035e-05
0.00013323
1.35317e-05
0
0
0.000403328
0.000130343
6.81638e-05
0.000129702
1.80294e-05
6.88867e-05
0.000132721
1.28579e-05
0
0
0.000424393
0.000128647
6.75113e-05
0.000130201
1.50142e-05
6.82594e-05
0.000132213
1.25153e-05
0
0
0.000446083
0.000126971
6.7303e-05
0.000130701
1.33582e-05
6.77533e-05
0.000131708
1.26207e-05
0
0
0.000468368
0.000125314
6.74134e-05
0.000131204
0
0
0.000491208
0.000123676
0
0
0.000514561
0.000122058
0
0
0.000538379
0.000120459
0
0
0.000562609
0.000118879
0
0
0.000587195
0.000117317
0
0
0.000612075
0.000115774
0
0
0.000637184
0.00011425
0
0
0.000662455
0.000112744
0
0
0.000687817
0.00011127
0
0
0.000713198
0.000110188
0
0.00112492
0
0.000947321
0
0.000751333
0
0.000575686
0
0.000442588
0
0.000356825
0
0.000313474
0
0.000304826
0
0.000323882
0
0.000365326
0
0.000425242
0
0.000500433
0
0.000587728
0
0.000683477
0
0.000783352
0
0.000882517
0
0.000976141
0
0.00106008
0
0.00113151
0
0.00118922
0
0
0
0
0
0
0
0
0
0
0
0
0
0
0
0
0
0
0
0
END_LIST
