BEGIN_LIST
8.98539e-05
8.97789e-05
8.97039e-05
8.96289e-05
8.9554e-05
8.94791e-05
8.94043e-05
8.93295e-05
8.92547e-05
8.91798e-05
8.91049e-05
8.90298e-05
8.8954e-05
8.88766e-05
8.87949e-05
8.87025e-05
8.85834e-05
8.83965e-05
8.80389e-05
8.72507e-05
0.000803918
0.000799991
0.000782142
0.000795304
0.000760152
0.000790605
0.000737996
0.000785893
0.000715723
0.000781169
0.000693382
0.000776434
0.000671024
0.000771688
0.000648699
0.000766932
0.000626455
0.000762165
0.000604343
0.000757389
0.000582412
0.000752604
0.000560709
0.00074781
0.000539285
0.000743009
0.000518196
0.0007382
0.000497511
0.000733383
0.000477332
0.00072856
0.000457829
0.000723731
0.000439314
0.00071889
0.000422408
0.000713796
0.000408362
0.000698065
0
0.00028078
0.000475708
0.000326304
0.000920056
0
0.000286435
0.000460967
0.000317363
0.000901115
0
0.000291013
0.000460101
0.000308596
0.000881765
0
0.000294926
0.000466911
0.000300003
0.000862036
0
0.00029843
0.00047794
0.000291585
0.000841961
0
0.000301686
0.000491313
0.000283341
0.000821575
0
0.000304793
0.000506024
0.000275272
0.000800914
0
0.000307813
0.000521533
0.000267376
0.000780017
0
0.000310787
0.000537546
0.000259651
0.000758922
0
0.000313739
0.000553903
0.000252097
0.00073767
0
0.000316683
0.000570507
0.000244707
0.000716298
0
0.000319629
0.000587299
0.000237475
0.000694837
0
0.000322585
0.000604239
0.000230384
0.000673306
0
0.000325552
0.000621294
0.000223405
0.000651695
0
0.000328534
0.000638437
0.000216478
0.000629939
0
0.000331532
0.000655642
0.000209489
0.000607852
0
0.000334547
0.000672886
0.000202203
0.000584995
0
0.00033758
0.000690145
0.000194154
0.000560407
0
0.00034063
0.000707395
0.000184397
0.000532012
0
0.000343698
0.000724613
0.000171018
0.000495313
0.000670844
0.000184333
0.000725497
0.000570499
0.000427782
0.000738928
5.57935e-05
0.000657745
0
0.000141045
0.000655991
0.000183183
0.000652624
0.000632808
0.00036285
0.000750411
5.47721e-05
0.000617519
0
0.0001364
0.000641159
0.00018204
0.000580997
0.000664557
0.000315352
0.000761846
5.37308e-05
0.00057776
0
0.000135669
0.000626362
0.000180903
0.000512128
0.000684301
0.000281929
0.000773229
5.26685e-05
0.00053874
0
0.000136084
0.000611616
0.000179771
0.000447258
0.000699139
0.000259472
0.000784555
5.15841e-05
0.000500708
0
0.000136835
0.000596933
0.000178646
0.000387293
0.00071193
0.000245364
0.000795819
5.04763e-05
0.000463885
0
0.000137688
0.000582329
0.000177527
0.000332799
0.00072385
0.000237522
0.000807015
4.9344e-05
0.00042846
0
0.000138575
0.000567817
0.000176413
0.00028402
0.000735387
0.000234348
0.000818138
4.81857e-05
0.000394588
0
0.000139475
0.000553409
0.000175306
0.000240934
0.000746741
0.000234642
0.000829181
4.70002e-05
0.00036239
0
0.000140382
0.000539118
0.000174204
0.000203315
0.000757992
0.000237522
0.00084014
4.5786e-05
0.000331949
0
0.000141295
0.000524955
0.000173109
0.000170797
0.000769169
0.000242344
0.000851009
4.45416e-05
0.00030332
0
0.000142214
0.000510928
0.000172019
0.000142926
0.000780284
0.000248641
0.000861782
4.32654e-05
0.000276523
0
0.000143138
0.000497038
0.000170935
0.000119211
0.000791334
0.00025608
0.000872453
4.19558e-05
0.000251555
0
0.000144067
0.000483269
0.000169857
9.91568e-05
0.000802318
0.000264419
0.000883019
4.0611e-05
0.000228388
0
0.000145002
0.000469548
0.000168784
8.22848e-05
0.000813231
0.000273489
0.000893473
3.92294e-05
0.000206974
0
0.000145942
0.000455659
0.000167718
6.81524e-05
0.000824068
0.000283168
0.000903812
3.78089e-05
0.000187254
0
0.000146887
0.000440961
0.000166657
5.63594e-05
0.000834822
0.000293368
0.00091403
3.63477e-05
0.000169158
0
0.000147837
0.000423619
0.000165602
4.65539e-05
0.00084549
0.000304027
0.000924124
3.48435e-05
0.000152657
0
0.000148793
0.000398329
0.000164553
3.84367e-05
0.000856065
0.000315102
0.00093409
3.32944e-05
0.000138058
0
0.000149755
0.000349349
0.000163509
3.1771e-05
0.000866543
0.000326559
0.000943924
3.1698e-05
0.00012827
0
0.000150722
0.000245934
9.20839e-05
0.000162687
2.75461e-05
0
0
0.000341588
0.00016822
0.000117737
0.00015149
0.000168153
9.09254e-05
0.000162081
2.52057e-05
0
0
0.000360355
0.000166099
0.000105494
0.000152063
0.000114449
8.97926e-05
0.000161476
2.3091e-05
0
0
0.000379879
0.000164
9.70139e-05
0.000152637
7.82426e-05
8.86901e-05
0.000160874
2.11969e-05
0
0
0.000400118
0.000161924
9.12488e-05
0.000153213
5.42706e-05
8.76244e-05
0.000160273
1.95263e-05
0
0
0.000421034
0.000159871
8.74342e-05
0.000153791
3.86534e-05
8.66047e-05
0.000159674
1.80927e-05
0
0
0.00044259
0.000157841
8.50175e-05
0.000154371
2.86619e-05
8.5644e-05
0.000159077
1.6926e-05
0
0
0.00046475
0.000155833
8.36013e-05
0.000154953
2.2431e-05
8.47609e-05
0.000158482
1.608e-05
0
0
0.000487474
0.000153847
8.29013e-05
0.000155536
1.87096e-05
8.39814e-05
0.000157889
1.56448e-05
0
0
0.000510717
0.000151883
8.27143e-05
0.000156121
1.66689e-05
8.33424e-05
0.000157298
1.57652e-05
0
0
0.000534433
0.000149942
8.28956e-05
0.000156709
0
0
0.000558568
0.000148022
0
0
0.000583066
0.000146123
0
0
0.000607866
0.000144246
0
0
0.000632904
0.00014239
0
0
0.000658113
0.000140556
0
0
0.000683422
0.000138742
0
0
0.00070876
0.000136949
0
0
0.000734055
0.000135177
0
0
0.000759235
0.000133441
0
0
0.000784227
0.000132168
0
0.00117954
0
0.00102353
0
0.000836536
0
0.000658682
0
0.000518568
0
0.000426505
0
0.000380286
0
0.000372732
0
0.000396254
0
0.000444447
0
0.000512091
0
0.00059456
0
0.000687223
0
0.000785122
0
0.000883027
0
0.000975861
0
0.00105933
0
0.00113052
0
0.00118815
0
0.00123255
0
0
0
0
0
0
0
0
0
0
0
0
0
0
0
0
0
0
0
0
END_LIST
