BEGIN_LIST
8.59045e-05
8.58325e-05
8.57605e-05
8.56886e-05
8.56167e-05
8.55448e-05
8.5473e-05
8.54012e-05
8.53295e-05
8.52577e-05
8.51858e-05
8.51137e-05
8.5041e-05
8.49666e-05
8.48881e-05
8.47993e-05
8.46843e-05
8.45033e-05
8.4156e-05
8.33891e-05
0.000780897
0.000777123
0.000758883
0.000772375
0.000736705
0.000767617
0.000714414
0.000762849
0.000692058
0.000758072
0.000669689
0.000753285
0.000647356
0.00074849
0.000625108
0.000743686
0.000602994
0.000738875
0.000581062
0.000734057
0.000559358
0.000729232
0.00053793
0.000724402
0.000516823
0.000719565
0.000496092
0.000714723
0.000475801
0.000709877
0.000456045
0.000705027
0.000436984
0.000700172
0.000418918
0.000695309
0.000402439
0.000690196
0.000388746
0.000674462
0
0.000266454
0.000453194
0.00031216
0.000895181
0
0.000272043
0.000438304
0.000303494
0.000875696
0
0.000276543
0.000437178
0.000295002
0.000855841
0
0.00028037
0.000443666
0.000286684
0.000835652
0
0.000283784
0.000454348
0.000278542
0.000815162
0
0.000286945
0.000467369
0.000270574
0.000794411
0
0.000289956
0.000481737
0.00026278
0.000773437
0
0.000292879
0.000496919
0.000255158
0.000752281
0
0.000295755
0.000512629
0.000247708
0.000730984
0
0.000298608
0.000528706
0.000240425
0.000709587
0
0.000301453
0.000545058
0.000233306
0.000688129
0
0.000304301
0.000561629
0.000226343
0.000666642
0
0.000307158
0.000578377
0.000219519
0.000645147
0
0.000310027
0.000595273
0.000212808
0.000623638
0
0.00031291
0.00061229
0.00020615
0.000602055
0
0.00031581
0.000629403
0.000199436
0.000580225
0
0.000318727
0.000646589
0.000192439
0.000557744
0
0.000321661
0.000663826
0.00018471
0.000533718
0
0.000324614
0.000681089
0.000175342
0.000506219
0
0.000327585
0.000698355
0.000162493
0.000471085
0.000643371
0.000174399
0.00069862
0.000547349
0.000408466
0.000712738
5.28616e-05
0.000632407
0
0.000133011
0.000628561
0.000173302
0.000625986
0.000608608
0.000345596
0.000724293
5.18873e-05
0.000592425
0
0.000128712
0.0006138
0.000172211
0.000555188
0.000639983
0.000299753
0.000735816
5.08941e-05
0.000553086
0
0.000128051
0.000599102
0.000171126
0.000487647
0.000659587
0.000267565
0.000747302
4.98808e-05
0.000514648
0
0.000128455
0.000584479
0.000170047
0.000424486
0.000674383
0.000245966
0.000758746
4.88463e-05
0.000477342
0
0.000129171
0.000569947
0.000168974
0.000366484
0.000687179
0.000232405
0.000770144
4.77895e-05
0.000441371
0
0.000129983
0.000555518
0.000167906
0.000314081
0.000699133
0.000224864
0.000781488
4.67092e-05
0.000406901
0
0.000130826
0.000541205
0.000166844
0.000267417
0.000710724
0.000221802
0.000792774
4.56042e-05
0.000374066
0
0.000131681
0.00052702
0.000165788
0.000226385
0.000722148
0.000222068
0.000803994
4.44732e-05
0.000342963
0
0.000132543
0.000512975
0.000164738
0.0001907
0.000733484
0.000224812
0.000815144
4.33147e-05
0.000313656
0
0.000133411
0.000499079
0.000163693
0.000159956
0.000744762
0.00022942
0.000826216
4.21274e-05
0.000286179
0
0.000134284
0.000485341
0.000162655
0.000133681
0.000755989
0.000235446
0.000837206
4.09097e-05
0.000260536
0
0.000135162
0.00047176
0.000161621
0.000111379
0.000767167
0.000242569
0.000848107
3.96601e-05
0.000236707
0
0.000136046
0.00045832
0.000160594
9.25565e-05
0.000778292
0.000250563
0.000858914
3.8377e-05
0.000214652
0
0.000136934
0.000444952
0.000159572
7.67485e-05
0.000789359
0.000259264
0.000869621
3.70586e-05
0.000194314
0
0.000137828
0.000431447
0.000158556
6.3526e-05
0.000800361
0.000268557
0.000880224
3.57031e-05
0.000175623
0
0.000138727
0.000417195
0.000157545
5.25054e-05
0.000811294
0.000278359
0.000890717
3.43086e-05
0.000158506
0
0.000139631
0.000400442
0.00015654
4.33511e-05
0.000822152
0.000288612
0.000901095
3.28733e-05
0.000142924
0
0.00014054
0.000376131
0.00015554
3.57792e-05
0.00083293
0.000299275
0.000911355
3.13949e-05
0.000129159
0
0.000141455
0.000329302
0.000154547
2.95655e-05
0.000843621
0.000310317
0.000921491
2.98714e-05
0.00011994
0
0.000142374
0.000231059
8.61609e-05
0.000153764
2.5629e-05
0
0
0.000324821
0.000158974
0.000111049
0.000143106
0.000157596
8.50724e-05
0.000153186
2.34491e-05
0
0
0.000342957
0.000156954
9.93136e-05
0.00014365
0.000107084
8.40084e-05
0.00015261
2.14798e-05
0
0
0.000361859
0.000154955
9.11836e-05
0.000144197
7.31204e-05
8.29732e-05
0.000152036
1.97165e-05
0
0
0.00038149
0.000152979
8.56526e-05
0.000144745
5.06728e-05
8.19731e-05
0.000151464
1.81616e-05
0
0
0.000401815
0.000151025
8.19879e-05
0.000145295
3.6065e-05
8.10168e-05
0.000150894
1.68277e-05
0
0
0.000422805
0.000149093
7.96601e-05
0.000145846
2.67254e-05
8.01169e-05
0.000150326
1.57429e-05
0
0
0.000444428
0.000147182
7.82891e-05
0.0001464
2.09028e-05
7.9291e-05
0.000149759
1.49571e-05
0
0
0.000466649
0.000145293
7.76025e-05
0.000146955
1.74251e-05
7.8564e-05
0.000149195
1.45545e-05
0
0
0.000489428
0.000143425
7.74062e-05
0.000147512
1.55169e-05
7.79711e-05
0.000148632
1.46702e-05
0
0
0.000512723
0.000141579
7.75619e-05
0.000148071
0
0
0.000536486
0.000139753
0
0
0.000560664
0.000137949
0
0
0.000585201
0.000136165
0
0
0.000610035
0.000134401
0
0
0.000635102
0.000132658
0
0
0.000660334
0.000130935
0
0
0.000685661
0.000129232
0
0
0.000711012
0.000127549
0
0
0.000736314
0.000125901
0
0
0.000761495
0.000124692
0
0.00116311
0
0.000999728
0
0.000809138
0
0.000631388
0
0.000493149
0
0.000402901
0
0.000357478
0
0.000349486
0
0.000371517
0
0.00041754
0
0.000482785
0
0.000563116
0
0.000654384
0
0.000752036
0
0.000851079
0
0.000946438
0
0.00103357
0
0.00110908
0
0.00117121
0
0.0012198
0
0
0
0
0
0
0
0
0
0
0
0
0
0
0
0
0
0
0
0
END_LIST
