BEGIN_LIST
9.11676e-05
9.10916e-05
9.10156e-05
9.09396e-05
9.08637e-05
9.07878e-05
9.07119e-05
9.06361e-05
9.05603e-05
9.04845e-05
9.04086e-05
9.03325e-05
9.02557e-05
9.01772e-05
9.00944e-05
9.0001e-05
8.98804e-05
8.96916e-05
8.93307e-05
8.85355e-05
0.00081138
0.000807405
0.000789694
0.000802741
0.000767777
0.000798062
0.000745677
0.000793371
0.000723443
0.000788668
0.000701124
0.000783952
0.00067877
0.000779224
0.000656432
0.000774486
0.000634158
0.000769736
0.000611999
0.000764977
0.000590003
0.000760207
0.000568221
0.000755428
0.000546703
0.00075064
0.000525507
0.000745844
0.000504702
0.00074104
0.000484393
0.000736229
0.000464751
0.00073141
0.000446096
0.00072658
0.000429056
0.000721494
0.000414898
0.000705772
0
0.000285577
0.000483196
0.000330996
0.000928065
0
0.000291248
0.00046852
0.000321967
0.000909313
0
0.000295849
0.000467744
0.00031311
0.00089014
0
0.000299789
0.000474659
0.000304428
0.000870575
0
0.000303322
0.000485798
0.00029592
0.00085065
0
0.000306608
0.000499281
0.000287586
0.000830398
0
0.000309745
0.000514097
0.000279427
0.000809855
0
0.000312798
0.000529705
0.000271441
0.000789058
0
0.000315803
0.00054581
0.000263628
0.000768046
0
0.000318786
0.000562248
0.000255984
0.000746858
0
0.000321762
0.000578925
0.000248506
0.000725531
0
0.000324741
0.00059578
0.000241186
0.000704095
0
0.000327728
0.000612772
0.000234007
0.000682568
0
0.000330728
0.000629868
0.00022694
0.000660941
0
0.000333741
0.000647041
0.000219925
0.000639145
0
0.000336771
0.000664265
0.000212846
0.000616988
0
0.000339818
0.000681516
0.000205465
0.000594022
0
0.000342882
0.00069877
0.00019731
0.000569264
0
0.000345964
0.000716004
0.000187425
0.000540585
0
0.000349063
0.000733195
0.000173871
0.000503379
0.000679886
0.000187672
0.000734294
0.00057813
0.000434197
0.000747479
5.67787e-05
0.00066607
0
0.000143756
0.000665029
0.000186505
0.000661393
0.000640755
0.000368601
0.00075893
5.57417e-05
0.000625788
0
0.000138993
0.000650185
0.000185345
0.000589539
0.000672611
0.000320566
0.000770329
5.46844e-05
0.000585915
0
0.000138238
0.000635367
0.00018419
0.000520272
0.00069239
0.000286741
0.00078167
5.36058e-05
0.000546726
0
0.000138656
0.00062059
0.000183042
0.000454868
0.000707233
0.000264003
0.00079295
5.25048e-05
0.000508474
0
0.000139419
0.000605869
0.000181899
0.000394277
0.000720014
0.000249717
0.000804163
5.13801e-05
0.000471388
0
0.000140286
0.000591217
0.000180762
0.000339104
0.000731917
0.000241776
0.000815303
5.02304e-05
0.000435664
0
0.000141188
0.000576649
0.000179632
0.00028963
0.000743429
0.000238566
0.000826366
4.90545e-05
0.000401462
0
0.000142102
0.000562177
0.000178507
0.000245864
0.000754753
0.000238871
0.000837345
4.78509e-05
0.000368912
0
0.000143025
0.000547814
0.000177389
0.000207601
0.000765969
0.000241796
0.000848234
4.66181e-05
0.000338104
0
0.000143953
0.000533572
0.000176276
0.000174487
0.000777108
0.000246688
0.00085903
4.53547e-05
0.000309098
0
0.000144887
0.000519459
0.000175169
0.000146078
0.000788179
0.000253075
0.000869725
4.40591e-05
0.000281923
0
0.000145826
0.000505476
0.000174068
0.000121886
0.000799181
0.000260617
0.000880316
4.27296e-05
0.000256579
0
0.000146771
0.000491605
0.000172974
0.000101414
0.000810113
0.000269071
0.000890797
4.13644e-05
0.000233043
0
0.00014772
0.000477776
0.000171884
8.41799e-05
0.00082097
0.000278262
0.000901163
3.99618e-05
0.000211272
0
0.000148676
0.000463767
0.000170801
6.97373e-05
0.000831746
0.000288067
0.00091141
3.85197e-05
0.000191207
0
0.000149636
0.000448929
0.000169724
5.76806e-05
0.000842437
0.000298397
0.000921534
3.70363e-05
0.000172783
0
0.000150603
0.000431399
0.000168652
4.76526e-05
0.000853036
0.00030919
0.00093153
3.55093e-05
0.000155973
0
0.000151574
0.000405791
0.000167586
3.93488e-05
0.00086354
0.000320398
0.000941395
3.39367e-05
0.000141093
0
0.000152551
0.000356105
0.000166526
3.25282e-05
0.000873944
0.000331991
0.000951126
3.23161e-05
0.000131113
0
0.000153534
0.000250972
9.41013e-05
0.000165691
2.82045e-05
0
0
0.000347191
0.000171336
0.000119997
0.000154315
0.00017174
9.29191e-05
0.000165075
2.58091e-05
0
0
0.000366161
0.000169181
0.000107587
0.000154897
0.000116958
9.1763e-05
0.000164461
2.36444e-05
0
0
0.000385886
0.000167049
9.89916e-05
0.00015548
7.99903e-05
9.06377e-05
0.000163849
2.17055e-05
0
0
0.00040632
0.00016494
9.31496e-05
0.000156066
5.54996e-05
8.95497e-05
0.000163238
1.99951e-05
0
0
0.000427423
0.000162854
8.9286e-05
0.000156653
3.95385e-05
8.85085e-05
0.00016263
1.85273e-05
0
0
0.000449159
0.000160791
8.68404e-05
0.000157242
2.93248e-05
8.75272e-05
0.000162024
1.73325e-05
0
0
0.000471488
0.000158751
8.54098e-05
0.000157833
2.29546e-05
8.66247e-05
0.000161419
1.64658e-05
0
0
0.000494368
0.000156733
8.47059e-05
0.000158426
1.91501e-05
8.58273e-05
0.000160817
1.60193e-05
0
0
0.000517755
0.000154737
8.45225e-05
0.000159021
1.70642e-05
8.51725e-05
0.000160216
1.61411e-05
0
0
0.000541598
0.000152763
8.47128e-05
0.000159617
0
0
0.000565845
0.000150812
0
0
0.000590436
0.000148882
0
0
0.000615311
0.000146974
0
0
0.000640403
0.000145088
0
0
0.000665645
0.000143222
0
0
0.000690966
0.000141378
0
0
0.000716295
0.000139555
0
0
0.000741559
0.000137753
0
0
0.000766686
0.000135988
0
0
0.000791604
0.000134693
0
0.00118466
0
0.00103113
0
0.00084545
0
0.000667694
0
0.000527057
0
0.000434455
0
0.000388005
0
0.000380614
0
0.00040463
0
0.000453524
0
0.000521924
0
0.000605037
0
0.000698076
0
0.000795956
0
0.000893383
0
0.000985297
0
0.00106751
0
0.00113724
0
0.00119341
0
0.00123646
0
0
0
0
0
0
0
0
0
0
0
0
0
0
0
0
0
0
0
0
END_LIST
