BEGIN_LIST
7.39806e-05
7.39178e-05
7.38552e-05
7.37925e-05
7.37299e-05
7.36673e-05
7.36048e-05
7.35422e-05
7.34797e-05
7.34172e-05
7.33546e-05
7.32918e-05
7.32284e-05
7.31635e-05
7.30949e-05
7.30168e-05
7.29149e-05
7.27528e-05
7.24391e-05
7.17426e-05
0.000705808
0.000702546
0.000683396
0.000697681
0.000660992
0.000692813
0.000638646
0.000687943
0.000616406
0.000683071
0.000594321
0.000678198
0.000572437
0.000673324
0.000550798
0.000668451
0.000529448
0.000663578
0.000508425
0.000658705
0.000487769
0.000653834
0.000467515
0.000648965
0.000447702
0.000644099
0.000428368
0.000639235
0.000409564
0.000634375
0.000391365
0.000629519
0.000373902
0.000624667
0.000357428
0.000619815
0.000342445
0.000614725
0.000329983
0.000599237
0
0.000224118
0.000385406
0.000269142
0.000812499
0
0.000229391
0.000370492
0.000261373
0.000791667
0
0.000233574
0.000368712
0.000253778
0.000770619
0
0.000237083
0.000374191
0.000246355
0.000749398
0
0.000240177
0.000383688
0.000239104
0.000728047
0
0.000243019
0.000395453
0.000232024
0.000706608
0
0.00024571
0.000408555
0.000225112
0.000685126
0
0.000248313
0.000422496
0.000218366
0.000663644
0
0.000250869
0.00043701
0.000211785
0.000642207
0
0.000253401
0.000451953
0.000205364
0.000620855
0
0.000255926
0.000467241
0.0001991
0.000599626
0
0.000258453
0.000482824
0.000192983
0.000578553
0
0.000260988
0.000498668
0.000187001
0.000557657
0
0.000263536
0.000514749
0.000181126
0.000536938
0
0.000266099
0.000531045
0.000175308
0.000516351
0
0.000268678
0.000547535
0.000169449
0.000495763
0
0.000271274
0.000564199
0.00016335
0.00047486
0
0.000273888
0.000581018
0.000156619
0.000452945
0
0.00027652
0.000597971
0.000148459
0.000428523
0
0.00027917
0.000615038
0.000137262
0.000398395
0.000558045
0.000145393
0.000613717
0.000475687
0.000349957
0.000629335
4.42821e-05
0.000553196
0
0.000109817
0.000543692
0.000144456
0.000543292
0.000532843
0.000293902
0.000640881
4.34501e-05
0.000514706
0
0.000106482
0.000529466
0.000143524
0.000476365
0.000562572
0.000253415
0.000652445
4.26018e-05
0.000477355
0
0.00010601
0.000515379
0.000142597
0.000413997
0.000581418
0.000225168
0.000664022
4.17364e-05
0.000441346
0
0.000106375
0.000501443
0.000141676
0.000356906
0.000595826
0.00020629
0.000675608
4.08527e-05
0.000406846
0
0.000106987
0.000487669
0.00014076
0.000305473
0.000608412
0.000194459
0.000687198
3.995e-05
0.000373986
0
0.000107674
0.000474067
0.000139849
0.000259789
0.000620255
0.000187874
0.000698784
3.90271e-05
0.000342864
0
0.000108386
0.000460646
0.000138943
0.000219706
0.000631803
0.000185179
0.00071036
3.80829e-05
0.000313543
0
0.000109108
0.000447416
0.000138043
0.000184913
0.000643241
0.000185367
0.00072192
3.71165e-05
0.000286057
0
0.000109836
0.000434384
0.000137148
0.000154987
0.00065464
0.000187705
0.000733458
3.61265e-05
0.000260408
0
0.000110569
0.000421557
0.000136258
0.000129447
0.000666029
0.00019166
0.000744966
3.51118e-05
0.000236576
0
0.000111306
0.000408941
0.000135373
0.000107793
0.000677415
0.000196851
0.000756437
3.40711e-05
0.000214522
0
0.000112049
0.000396532
0.000134493
8.95362e-05
0.000688796
0.000203003
0.000767866
3.30031e-05
0.000194186
0
0.000112795
0.000384313
0.000133618
7.42153e-05
0.00070017
0.000209924
0.000779245
3.19063e-05
0.000175497
0
0.000113546
0.000372225
0.000132748
6.14085e-05
0.00071153
0.000217475
0.000790568
3.07793e-05
0.000158377
0
0.000114302
0.000360086
0.000131884
5.07384e-05
0.000722871
0.000225559
0.000801828
2.96205e-05
0.000142737
0
0.000115062
0.000347373
0.000131024
4.18743e-05
0.000734185
0.000234109
0.000813019
2.84284e-05
0.000128491
0
0.000115827
0.000332588
0.000130169
3.45312e-05
0.000745467
0.000243076
0.000824135
2.72013e-05
0.000115588
0
0.000116597
0.000311433
0.000129319
2.8471e-05
0.00075671
0.000252429
0.00083517
2.59374e-05
0.000104237
0
0.000117371
0.000271299
0.000128475
2.3507e-05
0.000767908
0.000262143
0.000846117
2.46348e-05
9.66574e-05
0
0.000118149
0.000188598
6.95273e-05
0.00012781
2.03665e-05
0
0
0.000274949
0.000132165
9.17996e-05
0.000118769
0.000127758
6.86388e-05
0.000127319
1.86289e-05
0
0
0.000291032
0.000130447
8.16398e-05
0.00011923
8.64021e-05
6.7771e-05
0.00012683
1.70603e-05
0
0
0.000307883
0.000128749
7.45979e-05
0.000119693
5.8804e-05
6.69277e-05
0.000126343
1.56566e-05
0
0
0.000325479
0.000127071
6.97983e-05
0.000120157
4.06521e-05
6.61143e-05
0.000125857
1.44198e-05
0
0
0.000343803
0.000125413
6.66062e-05
0.000120623
2.88761e-05
6.53382e-05
0.000125373
1.33598e-05
0
0
0.00036284
0.000123774
6.45642e-05
0.000121091
2.13608e-05
6.46102e-05
0.00012489
1.24989e-05
0
0
0.000382573
0.000122155
6.33443e-05
0.00012156
1.66797e-05
6.39454e-05
0.00012441
1.18772e-05
0
0
0.000402983
0.000120554
6.27123e-05
0.000122031
1.38837e-05
6.33652e-05
0.000123931
1.15621e-05
0
0
0.000424047
0.000118973
6.25011e-05
0.000122504
1.23474e-05
6.28998e-05
0.000123453
1.1662e-05
0
0
0.000445739
0.00011741
6.25917e-05
0.000122978
0
0
0.000468024
0.000115866
0
0
0.000490867
0.000114341
0
0
0.000514223
0.000112833
0
0
0.000538047
0.000111344
0
0
0.000562284
0.000109872
0
0
0.000586879
0.000108419
0
0
0.00061177
0.000106983
0
0
0.000636893
0.000105564
0
0
0.000662178
0.000104176
0
0
0.000687557
0.000103158
0
0.0011028
0
0.000918549
0
0.000720904
0
0.00054731
0
0.000417478
0
0.000334371
0
0.000292289
0
0.000283428
0
0.000301019
0
0.000340087
0
0.000397113
0
0.000469341
0
0.000554079
0
0.000648161
0
0.000747669
0
0.000848009
0
0.000944339
0
0.00103223
0
0.00110836
0
0.00117095
0
0
0
0
0
0
0
0
0
0
0
0
0
0
0
0
0
0
0
0
END_LIST
