BEGIN_LIST
0.000127392
0.000127289
0.000127186
0.000127083
0.000126981
0.000126878
0.000126775
0.000126673
0.00012657
0.000126468
0.000126365
0.000126262
0.000126158
0.000126053
0.000125942
0.000125819
0.000125664
0.000125428
0.00012499
0.000124042
0.000983054
0.000978169
0.000965081
0.000974354
0.000946577
0.000970513
0.000927565
0.000966647
0.000908069
0.000962756
0.00088812
0.000958839
0.000867748
0.000954898
0.000846991
0.000950932
0.000825886
0.000946941
0.000804476
0.000942926
0.000782807
0.000938886
0.000760928
0.000934823
0.000738895
0.000930736
0.000716778
0.000926625
0.000694666
0.000922491
0.000672692
0.000918334
0.000651084
0.000914154
0.000630258
0.000909946
0.000611024
0.000905486
0.000594998
0.000891213
0
0.00042271
0.000685968
0.000457176
0.00110261
0
0.00042802
0.000675371
0.000446194
0.00108971
0
0.000432672
0.000677563
0.00043535
0.00107627
0
0.000436919
0.000686783
0.000424649
0.00106229
0
0.000440919
0.000699771
0.000414095
0.00104776
0
0.000444768
0.000714738
0.000403691
0.00103269
0
0.000448529
0.00073072
0.000393441
0.00101708
0
0.00045224
0.000747193
0.000383348
0.00100094
0
0.000455924
0.000763871
0.000373412
0.000984269
0
0.000459598
0.000780593
0.000363636
0.000967086
0
0.000463269
0.000797266
0.000354015
0.000949394
0
0.000466944
0.000813829
0.000344544
0.000931192
0
0.000470627
0.000830244
0.000335205
0.000912462
0
0.000474319
0.000846479
0.000325963
0.000893145
0
0.000478022
0.000862512
0.000316744
0.000873095
0
0.000481737
0.00087832
0.000307398
0.000851976
0
0.000485463
0.000893887
0.000297623
0.000829059
0
0.000489201
0.000909195
0.000286807
0.00080276
0
0.000492952
0.00092423
0.00027371
0.00076964
0
0.000496714
0.000938979
0.000255799
0.000722009
0.000906111
0.00028616
0.000947144
0.000773057
0.000607051
0.000951055
8.59218e-05
0.000873594
0
0.000225891
0.000892981
0.000284533
0.00088174
0.00083844
0.000527876
0.000960611
8.44596e-05
0.000836079
0
0.000217407
0.000879656
0.000282913
0.000812338
0.000870186
0.000468123
0.000970019
8.29697e-05
0.000797479
0
0.000215851
0.000866146
0.000281299
0.000740443
0.000889074
0.000425186
0.000979279
8.14504e-05
0.000758048
0
0.000216328
0.000852462
0.000279692
0.00066773
0.000902718
0.000395968
0.000988391
7.99003e-05
0.000718058
0
0.000217402
0.000838613
0.000278092
0.000595885
0.000914129
0.000377523
0.000997352
7.83176e-05
0.000677798
0
0.000218654
0.000824611
0.000276499
0.000526461
0.000924536
0.00036733
0.00100616
7.67006e-05
0.00063756
0
0.000219962
0.000810468
0.000274912
0.000460761
0.000934449
0.000363357
0.00101482
7.50474e-05
0.000597636
0
0.000221292
0.000796195
0.000273332
0.000399771
0.000944079
0.000364035
0.00102332
7.33561e-05
0.000558304
0
0.000222632
0.000781806
0.000271759
0.00034413
0.000953512
0.000368176
0.00103167
7.16247e-05
0.000519825
0
0.00022398
0.000767311
0.000270193
0.000294153
0.000962783
0.000374902
0.00103986
6.9851e-05
0.000482435
0
0.000225334
0.00075272
0.000268633
0.000249875
0.000971906
0.000383567
0.0010479
6.80328e-05
0.000446339
0
0.000226695
0.000738031
0.00026708
0.000211114
0.000980885
0.000393702
0.00105578
6.61679e-05
0.000411711
0
0.000228063
0.000723222
0.000265534
0.000177532
0.000989721
0.000404964
0.0010635
6.42537e-05
0.000378689
0
0.000229438
0.000708196
0.000263995
0.000148695
0.000998413
0.000417106
0.00107106
6.22878e-05
0.000347378
0
0.000230819
0.000692656
0.000262462
0.00012412
0.00100696
0.00042995
0.00107846
6.02674e-05
0.000317847
0
0.000232206
0.000675732
0.000260936
0.000103315
0.00101536
0.000443362
0.00108571
5.81898e-05
0.000290148
0
0.0002336
0.000654908
0.000259416
8.58069e-05
0.00102361
0.000457246
0.0010928
5.60519e-05
0.000264376
0
0.000235001
0.000622817
0.000257904
7.11667e-05
0.00103172
0.00047153
0.00109974
5.38508e-05
0.000241171
0
0.000236408
0.000556811
0.000256399
5.90432e-05
0.00103967
0.000486157
0.00110652
5.15832e-05
0.000225421
0
0.000237822
0.000406778
0.000159677
0.000255212
5.1313e-05
0
0
0.000505106
0.000265376
0.000189535
0.000238945
0.000286015
0.000157765
0.000254335
4.70123e-05
0
0
0.000528421
0.000262303
0.00017299
0.000239781
0.000198529
0.000155891
0.000253461
4.31148e-05
0
0
0.000552259
0.000259258
0.000161566
0.00024062
0.00013765
0.000154059
0.000252588
3.96134e-05
0
0
0.000576526
0.000256239
0.000153865
0.00024146
9.65073e-05
0.000152281
0.000251719
3.65142e-05
0
0
0.00060114
0.000253248
0.000148853
0.000242302
6.93552e-05
0.000150567
0.000250851
3.38426e-05
0
0
0.000626023
0.000250283
0.000145775
0.000243147
5.18529e-05
0.000148937
0.000249986
3.16526e-05
0
0
0.000651102
0.000247345
0.000144087
0.000243994
4.09029e-05
0.000147416
0.000249123
3.00409e-05
0
0
0.000676303
0.000244434
0.000143395
0.000244843
3.43708e-05
0.000146041
0.000248263
2.91684e-05
0
0
0.000701552
0.00024155
0.000143418
0.000245694
3.08187e-05
0.000144863
0.000247404
2.92929e-05
0
0
0.000726776
0.000238692
0.000143955
0.000246548
0
0
0.000751902
0.000235861
0
0
0.000776858
0.000233057
0
0
0.000801573
0.000230279
0
0
0.000825979
0.000227527
0
0
0.000850011
0.000224801
0
0
0.000873607
0.000222102
0
0
0.000896709
0.000219428
0
0
0.000919264
0.000216782
0
0
0.000941225
0.000214184
0
0
0.00096255
0.000212276
0
0.00127591
0
0.00118757
0
0.00105301
0
0.000900228
0
0.000764788
0
0.000670575
0
0.000625042
0
0.000624365
0
0.000659752
0
0.000721247
0
0.000799275
0
0.000885136
0
0.000971275
0
0.00105163
0
0.00112199
0
0.00118013
0
0.00122568
0
0.00125968
0
0.00128396
0
0.00130064
0
0
0
0
0
0
0
0
0
0
0
0
0
0
0
0
0
0
0
0
END_LIST
