BEGIN_LIST
0.000122282
0.000122183
0.000122084
0.000121985
0.000121886
0.000121787
0.000121688
0.000121589
0.00012149
0.000121391
0.000121292
0.000121193
0.000121093
0.000120991
0.000120884
0.000120765
0.000120614
0.000120385
0.000119956
0.000119026
0.000962468
0.000957662
0.000943878
0.00095371
0.000924783
0.000949734
0.000905209
0.000945733
0.000885186
0.000941709
0.000864745
0.000937659
0.000843924
0.000933587
0.000822761
0.00092949
0.000801298
0.00092537
0.000779581
0.000921227
0.000757656
0.000917061
0.000735577
0.000912872
0.0007134
0.00090866
0.000691193
0.000904427
0.000669048
0.000900172
0.000647095
0.000895895
0.000625558
0.000891596
0.000604843
0.000887271
0.000585745
0.000882691
0.000569846
0.000868106
0
0.000402924
0.000658132
0.000439805
0.00108288
0
0.000408376
0.00064675
0.000429042
0.00106914
0
0.000413086
0.000648501
0.000418425
0.00105487
0
0.000417338
0.000657483
0.000407956
0.00104005
0
0.000421309
0.000670357
0.000397641
0.00102469
0
0.00042511
0.000685297
0.000387482
0.00100879
0
0.00042881
0.000701313
0.000377481
0.000992373
0
0.000432453
0.000717872
0.000367642
0.000975435
0
0.000436065
0.000734682
0.000357965
0.000957994
0
0.000439664
0.000751578
0.000348451
0.000940063
0
0.00044326
0.000768464
0.000339096
0.000921653
0
0.00044686
0.000785278
0.000329894
0.00090277
0
0.000450467
0.000801979
0.000320827
0.0008834
0
0.000454084
0.000818536
0.000311861
0.000863493
0
0.000457712
0.000834921
0.000302924
0.000842913
0
0.000461353
0.000851114
0.000293869
0.000821346
0
0.000465007
0.000867095
0.000284403
0.000798095
0
0.000468674
0.000882844
0.00027393
0.000771651
0
0.000472354
0.000898346
0.000261245
0.000738741
0
0.000476047
0.000913585
0.000243891
0.00069208
0.000877222
0.000271577
0.000920689
0.000747515
0.000583301
0.000926086
8.15796e-05
0.000847017
0
0.000213473
0.000863674
0.000270012
0.000853437
0.000813143
0.000505469
0.000935993
8.0176e-05
0.00080869
0
0.000205559
0.000849953
0.000268453
0.000782782
0.000845215
0.000446983
0.000945761
7.87457e-05
0.000769455
0
0.00020413
0.00083607
0.000266901
0.000710319
0.000864408
0.000405076
0.000955388
7.72871e-05
0.000729583
0
0.000204603
0.000822036
0.000265355
0.000637747
0.000878346
0.000376608
0.000964874
7.57988e-05
0.000689359
0
0.000205634
0.000807863
0.000263817
0.000566714
0.00089005
0.000358648
0.000974215
7.4279e-05
0.000649074
0
0.000206832
0.000793564
0.000262285
0.000498682
0.000900755
0.000348712
0.00098341
7.27261e-05
0.00060902
0
0.000208084
0.000779151
0.00026076
0.000434828
0.000910971
0.000344816
0.000992457
7.11384e-05
0.000569482
0
0.000209355
0.000764638
0.000259241
0.000375993
0.000920911
0.00034543
0.00100135
6.95139e-05
0.000530726
0
0.000210636
0.000750037
0.00025773
0.000322677
0.000930662
0.000349406
0.0010101
6.78507e-05
0.000492995
0
0.000211925
0.00073536
0.000256225
0.000275073
0.000940259
0.000355893
0.00101869
6.61469e-05
0.000456504
0
0.000213221
0.000720618
0.000254726
0.000233117
0.000949713
0.000364266
0.00102713
6.44001e-05
0.000421437
0
0.000214523
0.000705811
0.000253235
0.000196553
0.000959029
0.000374073
0.00103541
6.26083e-05
0.00038794
0
0.000215832
0.000690917
0.00025175
0.000164998
0.000968207
0.000384986
0.00104354
6.0769e-05
0.000356128
0
0.000217147
0.000675842
0.000250272
0.00013799
0.000977247
0.000396766
0.00105151
5.88799e-05
0.00032608
0
0.000218469
0.0006603
0.0002488
0.000115039
0.000986145
0.000409243
0.00105932
5.69383e-05
0.000297844
0
0.000219797
0.000643446
0.000247335
9.56542e-05
0.000994901
0.000422289
0.00106698
5.49415e-05
0.000271449
0
0.000221131
0.000622839
0.000245877
7.93731e-05
0.00100351
0.000435812
0.00107448
5.28868e-05
0.000246967
0
0.000222472
0.000591347
0.000244425
6.57816e-05
0.00101198
0.000449744
0.00108181
5.07711e-05
0.000224984
0
0.00022382
0.000527165
0.000242981
5.45421e-05
0.0010203
0.000464032
0.001089
4.85913e-05
0.000210092
0
0.000225174
0.000382946
0.000149216
0.000241842
4.73827e-05
0
0
0.000482574
0.000251166
0.00017886
0.00022625
0.000268092
0.000147416
0.000241001
4.34024e-05
0
0
0.000505435
0.00024822
0.000162834
0.00022705
0.000185514
0.000145651
0.000240162
3.97971e-05
0
0
0.000528866
0.000245301
0.000151762
0.000227853
0.000128337
0.000143927
0.000239326
3.65598e-05
0
0
0.000552778
0.000242408
0.000144287
0.000228658
8.98216e-05
0.000142254
0.000238492
3.3696e-05
0
0
0.000577094
0.000239542
0.000139409
0.000229465
6.4455e-05
0.000140644
0.00023766
3.12293e-05
0
0
0.000601741
0.000236703
0.000136399
0.000230275
4.81226e-05
0.000139114
0.00023683
2.92097e-05
0
0
0.000626649
0.00023389
0.000134729
0.000231086
3.79094e-05
0.00013769
0.000236003
2.77272e-05
0
0
0.000651746
0.000231104
0.00013402
0.0002319
3.1815e-05
0.000136406
0.000235178
2.69313e-05
0
0
0.00067696
0.000228344
0.000134001
0.000232716
2.84958e-05
0.000135312
0.000234355
2.7062e-05
0
0
0.00070222
0.000225611
0.000134478
0.000233535
0
0
0.000727453
0.000222904
0
0
0.000752585
0.000220222
0
0
0.000777545
0.000217567
0
0
0.000802263
0.000214938
0
0
0.00082667
0.000212334
0
0
0.000850701
0.000209756
0
0
0.000874295
0.000207204
0
0
0.000897393
0.000204678
0
0
0.000919944
0.000202199
0
0
0.000941899
0.000200379
0
0.00126756
0
0.0011709
0
0.00102807
0
0.00086956
0
0.000731185
0
0.000635619
0
0.000589117
0
0.000587336
0
0.000621581
0
0.00068233
0
0.000760515
0
0.000847817
0
0.000936804
0
0.00102124
0
0.00109647
0
0.00115973
0
0.00121014
0
0.00124836
0
0.00127605
0
0.00129532
0
0
0
0
0
0
0
0
0
0
0
0
0
0
0
0
0
0
0
0
END_LIST
