BEGIN_LIST
0.000117151
0.000117056
0.00011696
0.000116865
0.00011677
0.000116675
0.000116579
0.000116484
0.000116389
0.000116294
0.000116199
0.000116103
0.000116007
0.000115909
0.000115806
0.00011569
0.000115544
0.000115321
0.000114902
0.000113991
0.000940686
0.000935975
0.000921496
0.000931889
0.000901831
0.00092778
0.000881722
0.000923648
0.000861202
0.000919493
0.000840308
0.000915314
0.00081908
0.000911114
0.000797558
0.000906891
0.000775789
0.000902645
0.00075382
0.000898379
0.000731699
0.00089409
0.000709481
0.000889781
0.000687223
0.000885451
0.000664993
0.0008811
0.000642882
0.000876729
0.000621017
0.000872338
0.000599616
0.000867927
0.000579076
0.000863491
0.000560169
0.000858798
0.000544441
0.000843928
0
0.000383165
0.000629839
0.000422206
0.00106158
0
0.000388733
0.00061772
0.000411682
0.001047
0
0.000393481
0.000619027
0.000401309
0.00103188
0
0.000397722
0.000627737
0.000391091
0.00101622
0
0.000401652
0.000640448
0.000381032
0.00100003
0
0.000405394
0.0006553
0.000371134
0.00098332
0
0.000409025
0.000671288
0.000361399
0.000966103
0
0.000412591
0.000687869
0.000351829
0.000948393
0
0.000416123
0.000704746
0.000342426
0.000930208
0
0.000419639
0.000721752
0.000333188
0.000911566
0
0.000423151
0.000738788
0.000324112
0.000892483
0
0.000426667
0.000755793
0.000315192
0.00087297
0
0.000430191
0.000772723
0.00030641
0.000853021
0
0.000433725
0.000789545
0.000297732
0.000832591
0
0.000437271
0.000806233
0.000289088
0.000811558
0
0.00044083
0.000822762
0.000280335
0.000789627
0
0.000444403
0.000839112
0.000271189
0.000766138
0
0.000447991
0.000855262
0.000261072
0.000739664
0
0.000451592
0.000871193
0.000248817
0.000707105
0
0.000455207
0.000886889
0.000232041
0.000661601
0.000847139
0.000257144
0.00089293
0.000721188
0.000559202
0.000899789
7.72956e-05
0.000819412
0
0.000201268
0.000833218
0.000255642
0.000824035
0.00078687
0.000482911
0.000910031
7.59514e-05
0.000780386
0
0.000193914
0.000819149
0.000254146
0.000752388
0.000819179
0.000425829
0.000920143
7.45816e-05
0.000740647
0
0.000192608
0.000804943
0.000252657
0.000679649
0.00083863
0.000385047
0.000930123
7.31846e-05
0.000700476
0
0.000193076
0.000790614
0.000251175
0.000607514
0.00085283
0.000357392
0.00093997
7.17589e-05
0.000660166
0
0.000194064
0.000776174
0.000249699
0.000537568
0.000864802
0.000339954
0.00094968
7.0303e-05
0.000620008
0
0.000195208
0.000761637
0.00024823
0.000471162
0.000875784
0.000330298
0.000959252
6.88153e-05
0.000580291
0
0.000196401
0.000747016
0.000246768
0.000409335
0.000886287
0.000326489
0.000968682
6.72941e-05
0.000541285
0
0.000197614
0.000732325
0.000245312
0.000352782
0.000896523
0.000327045
0.000977969
6.57376e-05
0.000503242
0
0.000198836
0.000717578
0.000243864
0.000301866
0.000906579
0.000330852
0.000987109
6.41438e-05
0.000466384
0
0.000200066
0.000702787
0.000242421
0.000256664
0.000916488
0.000337089
0.000996101
6.25109e-05
0.000430903
0
0.000201302
0.000687963
0.000240986
0.000217024
0.000926263
0.000345158
0.00100494
6.08369e-05
0.000396958
0
0.000202545
0.000673107
0.000239557
0.000182628
0.000935908
0.000354622
0.00101363
5.91194e-05
0.00036467
0
0.000203794
0.000658197
0.000238134
0.000153052
0.000945422
0.000365166
0.00102217
5.73565e-05
0.000334129
0
0.000205049
0.000643146
0.000236719
0.000127818
0.000954803
0.000376563
0.00103055
5.55455e-05
0.00030539
0
0.00020631
0.000627675
0.00023531
0.000106431
0.000964048
0.000388648
0.00103878
5.36842e-05
0.000278479
0
0.000207578
0.000610968
0.000233907
8.84076e-05
0.000973157
0.000401302
0.00104685
5.17698e-05
0.000253405
0
0.000208852
0.000590666
0.000232511
7.3298e-05
0.000982125
0.000414436
0.00105476
4.97997e-05
0.000230218
0
0.000210133
0.000559892
0.000231122
6.07042e-05
0.000990953
0.000427985
0.00106251
4.77711e-05
0.000209453
0
0.00021142
0.000497728
0.000229739
5.03033e-05
0.000999637
0.000441901
0.00107011
4.5681e-05
0.000195412
0
0.000212713
0.000359583
0.000139122
0.000228649
4.36842e-05
0
0
0.000459991
0.000237205
0.000168431
0.000213741
0.000250685
0.00013743
0.000227845
4.00068e-05
0
0
0.000482342
0.000234388
0.000152949
0.000214506
0.000172956
0.000135773
0.000227042
3.66773e-05
0
0
0.000505305
0.000231597
0.000142247
0.000215273
0.000119393
0.000134155
0.000226242
3.36892e-05
0
0
0.000528799
0.000228832
0.000135013
0.000216043
8.34236e-05
0.000132586
0.000225444
3.10473e-05
0
0
0.000552751
0.000226094
0.000130281
0.000216814
5.97803e-05
0.000131077
0.000224649
2.87733e-05
0
0
0.000577094
0.000223381
0.000127346
0.000217588
4.45747e-05
0.000129645
0.000223855
2.69137e-05
0
0
0.00060176
0.000220695
0.000125701
0.000218363
3.50704e-05
0.000128315
0.000223064
2.55518e-05
0
0
0.000626682
0.000218035
0.00012498
0.000219141
2.93977e-05
0.000127119
0.000222275
2.48264e-05
0
0
0.000651791
0.000215401
0.000124923
0.000219921
2.63038e-05
0.000126106
0.000221488
2.49605e-05
0
0
0.000677017
0.000212793
0.000125343
0.000220704
0
0
0.000702287
0.000210211
0
0
0.000727529
0.000207654
0
0
0.000752672
0.000205122
0
0
0.000777642
0.000202616
0
0
0.00080237
0.000200135
0
0
0.000826787
0.000197679
0
0
0.000850828
0.000195249
0
0
0.000874431
0.000192843
0
0
0.00089754
0.000190484
0
0
0.0009201
0.000188752
0
0.00125798
0
0.00115258
0
0.00100163
0
0.000837985
0
0.000697353
0
0.000600948
0
0.000553742
0
0.000550871
0
0.000583763
0
0.000643363
0
0.000721166
0
0.000809314
0
0.000900605
0
0.000988721
0
0.00106865
0
0.00113709
0
0.00119259
0
0.00123538
0
0.00126685
0
0.00128904
0
0
0
0
0
0
0
0
0
0
0
0
0
0
0
0
0
0
0
0
END_LIST
