BEGIN_LIST
2.92739e-05
2.92477e-05
2.92215e-05
2.91953e-05
2.91692e-05
2.9143e-05
2.91169e-05
2.90908e-05
2.90647e-05
2.90386e-05
2.90125e-05
2.89862e-05
2.89597e-05
2.89324e-05
2.89033e-05
2.88696e-05
2.88242e-05
2.87492e-05
2.85999e-05
2.82628e-05
0.000335983
0.000335024
0.000319692
0.000331364
0.000303976
0.000327732
0.000288837
0.000324127
0.000274272
0.00032055
0.000260278
0.000317001
0.000246851
0.000313479
0.000233982
0.000309985
0.000221662
0.000306519
0.000209881
0.000303081
0.000198628
0.00029967
0.00018789
0.000296288
0.000177657
0.000292933
0.000167919
0.000289606
0.000158669
0.000286307
0.000149912
0.000283036
0.000141673
0.000279793
0.000134024
0.000276574
0.000127127
0.000273235
0.000121341
0.000263466
0
7.99922e-05
0.000142074
0.000105777
0.000387404
0
8.26217e-05
0.000133256
0.000102276
0.000370177
0
8.46353e-05
0.000131299
9.88822e-05
0.000353459
0
8.62674e-05
0.000133097
9.5593e-05
0.00033726
0
8.76648e-05
0.00013699
9.24057e-05
0.000321584
0
8.8919e-05
0.000142106
8.93176e-05
0.000306436
0
9.00877e-05
0.000147988
8.6326e-05
0.000291818
0
9.12067e-05
0.000154399
8.34281e-05
0.000277728
0
9.22986e-05
0.000161219
8.06212e-05
0.000264164
0
9.33777e-05
0.000168387
7.79021e-05
0.00025112
0
9.44528e-05
0.000175877
7.52671e-05
0.000238591
0
9.55296e-05
0.000183677
7.27114e-05
0.000226566
0
9.66117e-05
0.000191783
7.02278e-05
0.000215033
0
9.77012e-05
0.000200197
6.78041e-05
0.000203975
0
9.87997e-05
0.000208924
6.54185e-05
0.000193365
0
9.99081e-05
0.000217967
6.30291e-05
0.000183157
0
0.000101027
0.000227331
6.05541e-05
0.000173271
0
0.000102157
0.000237021
5.78311e-05
0.000163549
0
0.000103298
0.000247041
5.45351e-05
0.000153679
0
0.000104451
0.000257396
5.00122e-05
0.000143023
0.000219985
5.03689e-05
0.000254645
0.000190566
0.000133315
0.000266277
1.56882e-05
0.000226968
0
3.67546e-05
0.000212036
5.00177e-05
0.000215036
0.000219398
0.000109165
0.000273607
1.53751e-05
0.000205547
0
3.59347e-05
0.000204325
4.96689e-05
0.000180747
0.000235266
9.22855e-05
0.000281084
1.50559e-05
0.000185843
0
3.58755e-05
0.000196849
4.93224e-05
0.000151324
0.00024588
8.07707e-05
0.000288711
1.47302e-05
0.000167776
0
3.60388e-05
0.000189605
4.89783e-05
0.000126265
0.000254392
7.31846e-05
0.00029649
1.43977e-05
0.000151258
0
3.62681e-05
0.000182587
4.86364e-05
0.000105056
0.000262112
6.84661e-05
0.000304421
1.4058e-05
0.000136195
0
3.65177e-05
0.000175793
4.82969e-05
8.72004e-05
0.000269586
6.58402e-05
0.000312506
1.37106e-05
0.000122493
0
3.67745e-05
0.000169217
4.79596e-05
7.22352e-05
0.000277044
6.47463e-05
0.000320744
1.33553e-05
0.000110056
0
3.70347e-05
0.000162855
4.76247e-05
5.97385e-05
0.000284582
6.47814e-05
0.000329136
1.29916e-05
9.87897e-05
0
3.72971e-05
0.000156703
4.72919e-05
4.93352e-05
0.000292242
6.56576e-05
0.00033768
1.2619e-05
8.86019e-05
0
3.75615e-05
0.000150755
4.69614e-05
4.06968e-05
0.00030004
6.71703e-05
0.000346378
1.22372e-05
7.94042e-05
0
3.78277e-05
0.000145006
4.66332e-05
3.3539e-05
0.000307984
6.91747e-05
0.000355227
1.18455e-05
7.11125e-05
0
3.80958e-05
0.000139447
4.63071e-05
2.76183e-05
0.000316075
7.15688e-05
0.000364226
1.14435e-05
6.36473e-05
0
3.83657e-05
0.000134066
4.59832e-05
2.27281e-05
0.000324317
7.42817e-05
0.000373375
1.10308e-05
5.69343e-05
0
3.86375e-05
0.000128834
4.56615e-05
1.86939e-05
0.000332707
7.72643e-05
0.000382671
1.06067e-05
5.09039e-05
0
3.89111e-05
0.000123678
4.5342e-05
1.53693e-05
0.000341246
8.04834e-05
0.000392113
1.01706e-05
4.54922e-05
0
3.91866e-05
0.000118404
4.50246e-05
1.26322e-05
0.000349934
8.39168e-05
0.000401699
9.72202e-06
4.06415e-05
0
3.9464e-05
0.000112463
4.47094e-05
1.03817e-05
0.000358768
8.75505e-05
0.000411427
9.2603e-06
3.63103e-05
0
3.97434e-05
0.000104308
4.43963e-05
8.53572e-06
0.000367747
9.13762e-05
0.000421293
8.78478e-06
3.25469e-05
0
4.00246e-05
8.9515e-05
4.40855e-05
7.03138e-06
0.000376871
9.53899e-05
0.000431296
8.29477e-06
3.00553e-05
0
4.03077e-05
6.0561e-05
2.16097e-05
4.38408e-05
6.08303e-06
0
0
0.000100747
4.56196e-05
3.11097e-05
4.05331e-05
4.02251e-05
2.13243e-05
4.36604e-05
5.55968e-06
0
0
0.000107577
4.49842e-05
2.7143e-05
4.07012e-05
2.68443e-05
2.10463e-05
4.34807e-05
5.08802e-06
0
0
0.000114863
4.43574e-05
2.43926e-05
4.08698e-05
1.81023e-05
2.07773e-05
4.33018e-05
4.66669e-06
0
0
0.000122618
4.3739e-05
2.25094e-05
4.10391e-05
1.24309e-05
2.05193e-05
4.31235e-05
4.29612e-06
0
0
0.000130859
4.3129e-05
2.12442e-05
4.1209e-05
8.7835e-06
2.0275e-05
4.2946e-05
3.9793e-06
0
0
0.000139604
4.25272e-05
2.04191e-05
4.13796e-05
6.46803e-06
2.00486e-05
4.27692e-05
3.7229e-06
0
0
0.000148876
4.19336e-05
1.99077e-05
4.15509e-05
5.02966e-06
1.98458e-05
4.25931e-05
3.53911e-06
0
0
0.000158696
4.13479e-05
1.962e-05
4.17229e-05
4.17081e-06
1.96747e-05
4.24176e-05
3.44841e-06
0
0
0.000169084
4.07702e-05
1.94919e-05
4.18955e-05
3.6975e-06
1.95468e-05
4.22429e-05
3.48381e-06
0
0
0.000180064
4.02004e-05
1.94783e-05
4.20689e-05
0
0
0.000191657
3.96382e-05
0
0
0.000203882
3.90837e-05
0
0
0.000216759
3.85368e-05
0
0
0.000230307
3.79972e-05
0
0
0.000244541
3.7465e-05
0
0
0.000259476
3.694e-05
0
0
0.000275124
3.64222e-05
0
0
0.000291494
3.59117e-05
0
0
0.000308591
3.54125e-05
0
0
0.000326418
3.50469e-05
0
0.000648174
0
0.000461027
0
0.000317662
0
0.000217559
0
0.00015278
0
0.000114288
0
9.46648e-05
0
8.87075e-05
0
9.3171e-05
0
0.000106305
0
0.000127432
0
0.000156615
0
0.000194402
0
0.000241598
0
0.000299039
0
0.000367329
0
0.000446539
0
0.000535892
0
0.000633499
0
0.000736243
0
0
0
0
0
0
0
0
0
0
0
0
0
0
0
0
0
0
0
0
END_LIST
