BEGIN_LIST
0.000132479
0.000132373
0.000132266
0.00013216
0.000132054
0.000131948
0.000131841
0.000131735
0.000131629
0.000131523
0.000131417
0.00013131
0.000131203
0.000131093
0.000130979
0.000130852
0.000130692
0.000130451
0.000130005
0.00012904
0.00100251
0.000997559
0.000985161
0.000993882
0.000967264
0.000990178
0.000948833
0.000986449
0.000929892
0.000982693
0.000910463
0.000978911
0.000890577
0.000975103
0.000870266
0.00097127
0.000849564
0.000967411
0.00082851
0.000963527
0.000807149
0.000959618
0.000785527
0.000955684
0.000763698
0.000951724
0.000741731
0.000947741
0.000719714
0.000943732
0.000697783
0.0009397
0.000676167
0.000935643
0.00065529
0.000931557
0.000635975
0.000927222
0.000619866
0.000913283
0
0.000442502
0.000713303
0.000474314
0.00112089
0
0.000447643
0.00070353
0.000463132
0.0011088
0
0.000452219
0.000706153
0.000452081
0.00109618
0
0.000456447
0.000715577
0.000441165
0.00108302
0
0.000460463
0.000728628
0.000430389
0.00106931
0
0.00046435
0.000743568
0.000419757
0.00105506
0
0.000468163
0.000759455
0.000409273
0.00104027
0
0.000471933
0.00077578
0.00039894
0.00102493
0
0.000475682
0.000792266
0.000388761
0.00100906
0
0.000479422
0.000808756
0.000378736
0.000992653
0
0.000483161
0.000825159
0.000368864
0.000975712
0
0.000486904
0.000841418
0.000359136
0.000958234
0
0.000490655
0.000857495
0.000349538
0.000940192
0
0.000494414
0.000873362
0.000340031
0.000921522
0
0.000498184
0.000888996
0.000330542
0.000902066
0
0.000501964
0.000904378
0.000320916
0.000881472
0
0.000505754
0.000919494
0.000310844
0.000858976
0
0.000509556
0.000934327
0.000299698
0.000832928
0
0.000513369
0.000948866
0.000286204
0.000799736
0
0.000517192
0.000963099
0.000267761
0.000751328
0.00093379
0.000300879
0.000972312
0.000797808
0.00063043
0.000974732
9.03212e-05
0.000899144
0
0.00023851
0.000921115
0.000299192
0.000908932
0.000862771
0.000550109
0.000983923
8.88013e-05
0.000862543
0
0.000229449
0.000908227
0.000297512
0.000841016
0.000894111
0.000489231
0.00099296
8.72527e-05
0.000824695
0
0.000227763
0.000895135
0.000295838
0.000769964
0.00091265
0.000445358
0.00100184
8.56738e-05
0.000785834
0
0.000228244
0.000881847
0.000294172
0.000697398
0.000925973
0.000415453
0.00101057
8.40629e-05
0.00074622
0
0.000229359
0.000868372
0.000292512
0.000625016
0.000937072
0.000396565
0.00101915
8.24183e-05
0.000706131
0
0.000230664
0.00085472
0.000290858
0.000554442
0.000947167
0.000386137
0.00102757
8.07382e-05
0.000665857
0
0.000232029
0.000840902
0.000289212
0.000487093
0.000956763
0.0003821
0.00103583
7.90207e-05
0.000625692
0
0.000233416
0.000826929
0.000287572
0.000424089
0.000966071
0.000382842
0.00104394
7.72638e-05
0.000585923
0
0.000234814
0.000812812
0.000285939
0.000366211
0.000975176
0.000387145
0.00105189
7.54653e-05
0.000546825
0
0.00023622
0.000798561
0.000284313
0.000313903
0.000984114
0.000394101
0.00105969
7.36231e-05
0.000508651
0
0.000237633
0.000784184
0.000282693
0.000267309
0.000992899
0.000403045
0.00106732
7.17348e-05
0.000471629
0
0.000239053
0.00076968
0.000281081
0.000226327
0.00100154
0.000413489
0.0010748
6.97982e-05
0.000435955
0
0.000240479
0.000755023
0.000279475
0.000190676
0.00101003
0.000425081
0.00108212
6.78106e-05
0.000401793
0
0.000241912
0.000740114
0.000277875
0.000159955
0.00101837
0.000437563
0.00108928
6.57694e-05
0.000369271
0
0.000243351
0.000724647
0.000276283
0.000133698
0.00102656
0.000450748
0.00109629
6.36718e-05
0.000338483
0
0.000244797
0.00070773
0.000274697
0.000111413
0.00103461
0.000464499
0.00110314
6.1515e-05
0.000309503
0
0.00024625
0.000686778
0.000273118
9.26202e-05
0.0010425
0.000478714
0.00110984
5.92958e-05
0.000282452
0
0.00024771
0.00065421
0.000271546
7.68781e-05
0.00105025
0.000493318
0.00111638
5.70111e-05
0.000258025
0
0.000249176
0.00058659
0.00026998
6.3823e-05
0.00105785
0.000508252
0.00112277
5.46575e-05
0.000241411
0
0.000250649
0.000431038
0.000170501
0.000268746
5.549e-05
0
0
0.000527563
0.000279828
0.000200452
0.000251818
0.000304438
0.000168477
0.000267835
5.08505e-05
0
0
0.000551275
0.000276631
0.000183416
0.000252689
0.000211998
0.000166492
0.000266925
4.66437e-05
0
0
0.000575461
0.000273462
0.000171661
0.000253562
0.000147335
0.000164551
0.000266018
4.28624e-05
0
0
0.000600019
0.000270319
0.000163747
0.000254437
0.000103487
0.000162664
0.000265114
3.95132e-05
0
0
0.000624865
0.000267204
0.000158611
0.000255314
7.44881e-05
0.000160845
0.000264211
3.66238e-05
0
0
0.000649918
0.000264116
0.000155475
0.000256193
5.57726e-05
0.000159112
0.000263311
3.42523e-05
0
0
0.000675101
0.000261054
0.000153774
0.000257075
4.40581e-05
0.000157493
0.000262413
3.25022e-05
0
0
0.000700338
0.00025802
0.000153104
0.000257959
3.70725e-05
0.000156025
0.000261518
3.15464e-05
0
0
0.000725554
0.000255013
0.000153173
0.000258845
3.32802e-05
0.00015476
0.000260625
3.16612e-05
0
0
0.000750677
0.000252032
0.000153775
0.000259734
0
0
0.000775634
0.000249079
0
0
0.000800353
0.000246152
0
0
0.000824767
0.000243252
0
0
0.000848809
0.000240379
0
0
0.000872417
0.000237532
0
0
0.000895535
0.000234712
0
0
0.000918108
0.000231918
0
0
0.00094009
0.000229152
0
0
0.000961438
0.000226436
0
0
0.000982114
0.000224441
0
0.00128318
0
0.00120272
0
0.00107649
0
0.000929953
0
0.000798087
0
0.000705722
0
0.000661404
0
0.000661822
0
0.000698114
0
0.000759933
0
0.000837264
0
0.000921122
0
0.00100393
0
0.0010799
0
0.00114529
0
0.00119843
0
0.00123939
0
0.00126951
0
0.00129074
0
0.00130515
0
0
0
0
0
0
0
0
0
0
0
0
0
0
0
0
0
0
0
0
END_LIST
