BEGIN_LIST
0.1
0.0999913
0.099982
0.0999721
0.0999614
0.0999499
0.0999376
0.0999244
0.0999102
0.0998951
0.0998788
0.0998613
0.0998425
0.0998223
0.0998001
0.0997755
0.0997466
0.0997095
0.0996546
0.099558
0.0993605
0.0984658
0.0993605
0.0973175
0.0993605
0.0958592
0.0993605
0.0940297
0.0993605
0.0917668
0.0993605
0.0890127
0.0993605
0.085722
0.0993605
0.0818697
0.0993605
0.0774599
0.0993605
0.0725333
0.0993605
0.0671689
0.0993604
0.0614833
0.0993604
0.0556231
0.0993603
0.0497562
0.0993602
0.0440651
0.0993601
0.0387522
0.0993599
0.0340703
0.0993596
0.0304093
0.0993563
0.0284988
0.099224
0.0298573
0.0934944
0.0277729
0.0297402
0.0354977
0.0878965
0.0927129
0.0257288
0.030213
0.0405339
0.0822677
0.0917211
0.023741
0.0310554
0.045354
0.0766614
0.0904738
0.0218233
0.0321328
0.0501036
0.0711295
0.0889219
0.0199874
0.0333625
0.0548098
0.0657202
0.0870148
0.0182427
0.0346931
0.0594432
0.0604767
0.0847041
0.016596
0.0360917
0.0639496
0.0554361
0.0819487
0.0150518
0.037537
0.0682683
0.0506285
0.078721
0.0136125
0.0390146
0.0723419
0.0460773
0.0750127
0.0122784
0.0405141
0.0761232
0.0417983
0.0708403
0.0110481
0.0420275
0.0795782
0.0378011
0.0662479
0.00991901
0.0435483
0.0826877
0.0340885
0.0613051
0.00888718
0.0450711
0.0854466
0.0306575
0.0561002
0.00794796
0.0465908
0.0878619
0.0274991
0.0507259
0.00709608
0.0481028
0.0899507
0.024597
0.045255
0.00632591
0.0496027
0.0917371
0.0219244
0.0397006
0.00563162
0.0510864
0.0932497
0.0194357
0.0339438
0.00500737
0.0525501
0.0945191
0.0170478
0.027589
0.00444934
0.0539901
0.0955758
0.0145981
0.0196497
0.00369758
0.0554029
0.0964496
0.0117535
0.0078104
0.00307115
0.0033248
0.0444268
0.0751969
0.0385288
0.0969456
0.0113707
0.00868399
0.00700149
0.00206257
0.00254495
0.00298774
0.0333632
0.0846241
0.0269524
0.0973795
0.0109867
0.00624571
0.00626276
0.000551473
0.00210484
0.00268333
0.0235993
0.0892971
0.0191824
0.0977583
0.0106012
0.00440103
0.00559095
0.000156863
0.00173805
0.00240871
0.0158997
0.0917782
0.0140901
0.0980883
0.0102136
0.003055
0.00498231
5.50704e-05
0.00143325
0.00216121
0.0103323
0.0932247
0.0108547
0.0983753
0.00982353
0.00209808
0.00443278
3.01041e-05
0.0011806
0.00193834
0.00654854
0.0941601
0.00889911
0.0986243
0.00943036
0.00143015
0.00393816
2.54386e-05
0.000971595
0.00173781
0.00408245
0.0948237
0.00782756
0.0988403
0.00903355
0.000969829
0.00349419
2.63066e-05
0.000798986
0.0015575
0.00251832
0.0953279
0.00737451
0.0990272
0.00863253
0.000655352
0.00309667
2.88707e-05
0.000656632
0.00139549
0.00154321
0.0957281
0.00736486
0.0991888
0.00822671
0.000441784
0.00274153
3.21563e-05
0.000539364
0.00124999
0.000941799
0.0960538
0.00768539
0.0993284
0.00781544
0.00029733
0.00242487
3.59415e-05
0.000442851
0.00111939
0.000573323
0.0963225
0.00826467
0.0994489
0.00739806
0.00019989
0.00214303
4.0205e-05
0.000363481
0.00100222
0.000348476
0.0965456
0.00905927
0.0995527
0.00697388
0.000134284
0.00189256
4.49826e-05
0.000298249
0.000897143
0.000211612
0.0967313
0.0100445
0.0996422
0.00654217
9.01651e-05
0.00167028
5.03297e-05
0.000244659
0.000802941
0.000128428
0.0968862
0.011208
0.0997192
0.00610218
6.05215e-05
0.00147326
5.63125e-05
0.000200635
0.000718519
7.79171e-05
0.0970153
0.0125456
0.0997854
0.00565308
4.06146e-05
0.00129882
6.3006e-05
0.000164428
0.000642885
4.72628e-05
0.097123
0.0140582
0.0998424
0.00519404
2.72516e-05
0.00114451
7.04942e-05
0.000134474
0.000575148
2.86673e-05
0.0972127
0.0157499
0.0998912
0.00472419
1.82845e-05
0.00100814
7.88713e-05
0.000109095
0.000514519
1.73954e-05
0.0972873
0.0176258
0.0999332
0.00424257
1.22785e-05
0.000887732
8.82425e-05
8.56092e-05
0.000460343
1.05848e-05
0.0973495
0.0196916
0.0999692
0.00374822
8.35873e-06
0.000782481
9.87254e-05
5.75043e-05
0.000412246
6.5443e-06
0.0974011
0.0219519
0.1
0.0032401
6.84479e-06
0.000733676
0.000110452
3.24519e-05
5.48913e-05
0.000386074
5.1662e-06
0.0973771
0.0974538
0.0257431
0.00268482
0.00220347
0.000118085
1.83417e-05
5.277e-05
0.000361554
4.07888e-06
0.0973516
0.0975577
0.0300016
0.00221383
0.00150056
0.00012618
1.04026e-05
5.12741e-05
0.000338583
3.22142e-06
0.0973246
0.0976882
0.0346997
0.00181797
0.00102432
0.000134797
5.94534e-06
5.06069e-05
0.000317064
2.54605e-06
0.097296
0.0978318
0.0397868
0.00148777
0.00070193
0.000143986
3.45525e-06
5.10736e-05
0.000296906
2.01552e-06
0.0972657
0.0979812
0.0451865
0.00121409
0.000483909
0.000153792
2.07973e-06
5.31301e-05
0.000278025
1.6013e-06
0.0972336
0.0981322
0.050798
0.000988431
0.000336676
0.000164261
1.33982e-06
5.74543e-05
0.000260339
1.2824e-06
0.0971997
0.0982826
0.0565003
0.000803166
0.000237455
0.000175439
9.67577e-07
6.50513e-05
0.000243774
1.04498e-06
0.0971637
0.0984313
0.0621612
0.000651598
0.000170805
0.000187375
8.14493e-07
7.7409e-05
0.000228259
8.82951e-07
0.0971257
0.0985776
0.0676483
0.000527954
0.000126259
0.00020012
8.00062e-07
9.67278e-05
0.000213729
0.0970854
0.0987212
0.0728409
0.000427324
0.0970425
0.0988619
0.0776395
0.000345581
0.0969968
0.0989998
0.0819732
0.000279282
0.0969471
0.0991347
0.0858023
0.000225577
0.0968909
0.0992667
0.0891163
0.000182116
0.0968211
0.0993958
0.0919302
0.000146976
0.0967173
0.0995221
0.0942781
0.00011858
0.0965219
0.0996456
0.0962062
9.56484e-05
0.0960692
0.0997664
0.0977671
7.71408e-05
0.094885
0.0998845
0.0990145
6.23621e-05
0.0916096
0.1
0.1
5.58468e-05
0.0916095
0.0674997
0.0916095
0.0498652
0.0916094
0.0376838
0.0916093
0.029907
0.0916092
0.0255654
0.0916091
0.0238683
0.091609
0.0242326
0.0916088
0.026257
0.0916087
0.0296698
0.0916085
0.0342727
0.0916084
0.0398928
0.0916082
0.0463464
0.091608
0.0534187
0.0916077
0.060862
0.0916075
0.0684084
0.0916072
0.0757953
0.0916068
0.0827922
0.0916065
0.0892226
0.0916061
0.0949747
0.0916056
0.1
0.0916049
0.091604
0.091603
0.0916018
0.0916004
0.0915987
0.0915967
0.0915944
0.0915916
0.0915883
0.0915844
0.0915797
0.0915742
0.0915676
0.0915597
0.0915504
0.0915392
0.0915262
0.0915089
0.0914984
END_LIST
