BEGIN_LIST
0
3.00283e-169
1.02908e-168
2.76843e-168
6.88345e-168
1.65644e-167
3.92353e-167
9.20928e-167
2.14751e-166
4.97866e-166
1.14732e-165
2.62632e-165
5.96494e-165
1.34208e-164
2.98481e-164
6.54197e-164
1.4068e-163
2.94823e-163
5.9553e-163
1.13641e-162
5.27257e-162
2.82419e-161
5.66478e-162
6.78151e-161
6.0644e-162
1.34076e-160
6.47166e-162
2.42862e-160
6.88681e-162
4.19065e-160
7.31011e-162
7.01981e-160
7.74182e-162
1.15409e-159
8.18221e-162
1.87576e-159
8.63222e-162
3.03046e-159
9.12019e-162
4.88892e-159
1.0841e-161
7.90816e-159
6.46467e-161
1.2876e-158
2.33535e-159
2.11807e-158
9.89803e-158
3.53221e-158
4.21268e-156
5.98971e-158
1.79333e-154
1.03523e-157
7.63389e-153
1.82617e-157
3.2497e-151
3.2883e-157
1.38326e-149
6.03386e-157
5.88816e-148
1.12319e-156
2.50651e-146
1.14088e-156
1.51216e-156
6.43678e-157
5.83868e-146
2.67879e-146
1.15408e-156
1.74958e-156
3.72722e-157
1.10544e-145
2.86035e-146
1.16246e-156
1.88897e-156
2.17855e-157
1.88584e-145
3.0507e-146
1.16579e-156
1.9646e-156
1.28416e-157
3.01385e-145
3.24898e-146
1.16395e-156
1.99845e-156
7.62676e-158
4.60003e-145
3.45374e-146
1.15692e-156
2.00462e-156
4.55978e-158
6.78113e-145
3.66291e-146
1.14482e-156
1.99225e-156
2.74193e-158
9.7259e-145
3.87352e-146
1.12784e-156
1.96726e-156
1.65699e-158
1.36431e-144
4.08161e-146
1.10632e-156
1.93353e-156
1.00557e-158
1.87927e-144
4.28201e-146
1.08064e-156
1.89365e-156
6.12401e-159
2.55028e-144
4.46823e-146
1.05128e-156
1.84937e-156
3.74053e-159
3.41938e-144
4.63226e-146
1.01873e-156
1.8019e-156
2.29022e-159
4.54153e-144
4.76444e-146
9.83549e-157
1.75211e-156
1.405e-159
5.99023e-144
4.853e-146
9.46267e-157
1.70065e-156
8.63295e-160
7.86618e-144
4.88322e-146
9.07419e-157
1.64799e-156
5.31113e-160
1.03107e-143
4.83528e-146
8.67511e-157
1.59455e-156
3.27062e-160
1.35273e-143
4.67977e-146
8.2701e-157
1.54065e-156
2.01547e-160
1.78152e-143
4.36832e-146
7.86444e-157
1.48656e-156
1.24257e-160
2.36257e-143
3.81514e-146
7.36404e-157
1.43252e-156
7.66218e-161
3.16546e-143
2.86008e-146
1.60932e-156
1.37876e-156
4.72454e-161
4.30033e-143
1.18911e-146
6.68534e-156
1.50317e-156
1.40696e-156
6.47394e-157
2.06048e-156
3.43722e-161
4.57069e-143
3.54779e-143
1.11309e-146
3.22365e-147
2.23748e-155
1.40204e-156
1.32647e-156
3.04786e-157
2.53815e-156
2.49939e-161
4.81895e-143
2.81589e-143
1.0379e-146
8.6738e-148
7.16623e-155
1.30603e-156
1.15394e-156
1.43636e-157
2.87335e-156
1.81617e-161
5.04259e-143
2.16562e-143
9.64237e-147
2.32892e-148
2.27705e-154
1.21516e-156
9.34457e-157
6.77296e-158
3.11575e-156
1.31846e-161
5.23914e-143
1.62544e-143
8.92711e-147
6.24965e-149
7.24129e-154
1.12941e-156
7.19648e-157
3.1949e-158
3.30182e-156
9.55946e-162
5.40624e-143
1.19818e-143
8.23822e-147
1.67687e-149
2.30909e-153
1.04869e-156
5.53563e-157
1.50749e-158
3.45633e-156
6.91964e-162
5.54165e-143
8.71829e-144
7.57969e-147
4.49916e-150
7.38407e-153
9.72888e-157
4.86946e-157
7.11445e-159
3.59489e-156
4.99804e-162
5.64327e-143
6.28595e-144
6.95447e-147
1.20716e-150
2.36727e-152
9.01847e-157
6.42754e-157
3.35805e-159
3.72661e-156
3.59994e-162
5.70916e-143
4.50358e-144
6.36456e-147
3.23895e-151
7.60556e-152
8.35394e-157
1.41644e-156
1.58507e-159
3.85616e-156
2.58341e-162
5.73757e-143
3.2126e-144
5.81111e-147
8.69063e-152
2.44793e-151
7.73338e-157
4.11131e-156
7.48115e-160
3.98531e-156
1.84496e-162
5.72693e-143
2.28491e-144
5.29453e-147
2.33187e-152
7.89068e-151
7.15475e-157
1.30089e-155
3.5297e-160
4.11403e-156
1.30915e-162
5.67589e-143
1.62185e-144
4.81457e-147
6.25708e-153
2.54665e-150
6.61597e-157
4.21636e-155
1.66404e-160
4.24109e-156
9.20962e-163
5.58334e-143
1.14964e-144
4.3705e-147
1.67904e-153
8.22751e-150
6.1149e-157
1.37737e-154
7.832e-161
4.36454e-156
6.40271e-163
5.44842e-143
8.14175e-145
3.96116e-147
4.50611e-154
2.66034e-149
5.64941e-157
4.51455e-154
3.674e-161
4.48193e-156
4.37834e-163
5.27052e-143
5.76245e-145
3.5851e-147
1.20982e-154
8.60811e-149
5.21741e-157
1.48229e-153
1.71209e-161
4.5905e-156
2.92319e-163
5.04932e-143
4.07677e-145
3.24064e-147
3.25334e-155
2.78696e-148
4.81683e-157
4.87176e-153
7.8726e-162
4.68729e-156
1.88174e-163
4.78479e-143
2.88342e-145
2.92596e-147
8.80344e-156
9.02729e-148
4.44572e-157
1.60212e-152
3.52136e-162
4.76922e-156
1.1407e-163
4.4772e-143
2.03915e-145
2.63918e-147
2.44142e-156
2.9252e-147
4.10225e-157
5.27057e-152
1.48193e-162
4.83319e-156
6.17444e-164
4.12712e-143
1.44332e-145
2.37843e-147
7.40755e-157
9.48199e-147
3.78493e-157
1.73426e-151
5.33281e-163
4.87619e-156
2.51812e-164
3.73544e-143
1.03508e-145
2.14427e-147
2.91638e-157
3.07452e-146
3.49327e-157
5.70722e-151
9.87261e-164
4.8954e-156
0
3.30339e-143
8.72961e-146
2.03421e-147
1.79036e-157
1.78525e-146
4.63185e-146
3.33104e-157
9.93184e-151
1.02367e-163
5.74148e-164
4.8729e-156
2.84347e-143
2.35987e-143
1.62584e-157
1.03654e-146
6.81258e-146
3.17615e-157
1.71895e-150
1.06142e-163
3.33901e-164
4.7825e-156
2.4299e-143
1.6849e-143
1.58247e-157
6.01797e-147
9.86733e-146
3.0283e-157
2.96754e-150
1.10056e-163
1.94182e-164
4.62089e-156
2.06356e-143
1.2025e-143
1.60013e-157
3.49385e-147
1.41474e-145
2.88718e-157
5.11693e-150
1.14116e-163
1.12923e-164
4.38899e-156
1.74317e-143
8.57948e-144
1.6495e-157
2.0284e-147
2.01454e-145
2.75251e-157
8.81824e-150
1.18327e-163
6.56647e-165
4.09241e-156
1.46595e-143
6.11962e-144
1.71637e-157
1.1776e-147
2.85518e-145
2.62401e-157
1.51929e-149
1.22704e-163
3.8179e-165
3.74134e-156
1.2282e-143
4.36394e-144
1.79387e-157
6.83658e-148
4.03347e-145
2.50142e-157
2.61725e-149
1.27268e-163
2.21932e-165
3.3498e-156
1.02582e-143
3.11112e-144
1.87875e-157
3.969e-148
5.6851e-145
2.38448e-157
4.50843e-149
1.32078e-163
1.28958e-165
2.93422e-156
8.54591e-144
2.21724e-144
1.96953e-157
2.3042e-148
8.00033e-145
2.27299e-157
7.76596e-149
1.37276e-163
7.48854e-166
2.51182e-156
7.10441e-144
1.57952e-144
2.06559e-157
1.3377e-148
1.12458e-144
2.16673e-157
1.43256e-163
4.34387e-166
2.09895e-156
5.89585e-144
1.5109e-163
2.51524e-166
1.70964e-156
4.88599e-144
1.63733e-163
1.45207e-166
1.3547e-156
4.04444e-144
1.89354e-163
8.34134e-167
1.04131e-156
3.34471e-144
2.50541e-163
4.75162e-167
7.73048e-157
2.76395e-144
4.09788e-163
2.66808e-167
5.5036e-157
2.28262e-144
8.40001e-163
1.46049e-167
3.71186e-157
1.88418e-144
2.01962e-162
7.62255e-168
2.31684e-157
1.55466e-144
5.27253e-162
3.60145e-168
1.26927e-157
1.28243e-144
1.42622e-161
1.30109e-168
5.1506e-158
1.06011e-144
3.91266e-161
0
0
9.609e-145
3.98982e-161
2.22569e-160
4.06849e-161
3.56559e-160
4.14871e-161
4.48099e-160
4.23051e-161
5.07579e-160
4.31393e-161
5.45198e-160
4.39899e-161
5.68616e-160
4.48573e-161
5.82282e-160
4.57418e-161
5.87843e-160
4.66438e-161
5.84991e-160
4.75635e-161
5.72372e-160
4.85014e-161
5.48425e-160
4.94578e-161
5.12102e-160
5.0433e-161
4.63402e-160
5.14274e-161
4.03646e-160
5.24415e-161
3.35448e-160
5.34755e-161
2.62404e-160
5.453e-161
1.88602e-160
5.56052e-161
1.18071e-160
5.67019e-161
5.43185e-161
5.78145e-161
0
5.94013e-161
6.10316e-161
6.27067e-161
6.44278e-161
6.61961e-161
6.80129e-161
6.98796e-161
7.17976e-161
7.37681e-161
7.57928e-161
7.7873e-161
8.00102e-161
8.22062e-161
8.44622e-161
8.67807e-161
8.916e-161
9.16177e-161
9.40823e-161
9.68934e-161
9.84936e-161
END_LIST
