BEGIN_LIST
0.1
0.0999808
0.0999602
0.0999382
0.0999145
0.0998891
0.0998619
0.0998328
0.0998015
0.099768
0.0997321
0.0996937
0.0996523
0.0996078
0.0995595
0.0995061
0.0994447
0.0993687
0.0992616
0.0990833
0.0987345
0.0971939
0.0987345
0.095264
0.0987344
0.0928818
0.0987343
0.0899899
0.0987342
0.0865447
0.098734
0.0825251
0.0987339
0.0779412
0.0987336
0.0728402
0.0987333
0.067308
0.098733
0.0614659
0.0987325
0.0554603
0.098732
0.0494499
0.0987312
0.0435913
0.0987304
0.0380277
0.0987292
0.0328855
0.0987278
0.0282836
0.098726
0.0243653
0.0987237
0.0213751
0.098717
0.0198324
0.0985478
0.0209183
0.0914063
0.019134
0.0215426
0.0240585
0.0849424
0.089681
0.0174425
0.0224025
0.0274236
0.0786005
0.087571
0.01585
0.0234209
0.0310651
0.0724333
0.0850296
0.0143599
0.0245516
0.0349855
0.0664868
0.0820198
0.012974
0.0257661
0.0391597
0.0607993
0.0785221
0.0116918
0.027047
0.043544
0.0554008
0.0745394
0.0105115
0.0283831
0.0480808
0.0503132
0.0701032
0.00943002
0.0297668
0.0527017
0.0455505
0.0652746
0.00844318
0.0311928
0.0573318
0.0411194
0.0601427
0.00754612
0.0326564
0.0618937
0.0370201
0.0548185
0.00673346
0.0341541
0.0663124
0.0332473
0.0494251
0.00599956
0.0356821
0.0705203
0.0297908
0.0440857
0.00533862
0.037237
0.0744605
0.0266363
0.0389111
0.00474489
0.038815
0.0780903
0.0237656
0.0339878
0.00421273
0.0404124
0.0813822
0.0211555
0.0293651
0.00373672
0.0420253
0.0843236
0.0187748
0.0250359
0.0033117
0.0436495
0.0869156
0.016577
0.0209015
0.0029328
0.0452809
0.0891705
0.0144834
0.0166891
0.0025968
0.0469151
0.0911092
0.0123456
0.0117593
0.0021471
0.0485479
0.0927585
0.00986261
0.0046391
0.00177343
0.00192572
0.036635
0.0678445
0.0332905
0.0937156
0.00954044
0.00710047
0.00412113
0.00122232
0.00146277
0.00172653
0.0260208
0.0775547
0.0229536
0.0945656
0.0092174
0.00500699
0.00365626
0.000326336
0.00120514
0.00154742
0.0175868
0.082818
0.0160781
0.0953178
0.00889309
0.00347745
0.00324009
9.24919e-05
0.000991948
0.00138647
0.0114545
0.0859735
0.011594
0.0959811
0.00856709
0.00238908
0.00286834
3.21453e-05
0.000815829
0.00124193
0.00727078
0.0880819
0.00874381
0.0965644
0.00823898
0.00162892
0.0025369
1.73018e-05
0.000670546
0.00111219
0.00453715
0.0896278
0.00700535
0.0970758
0.00790831
0.00110481
0.00224193
1.44761e-05
0.000550842
0.000995784
0.00280053
0.0908374
0.00602598
0.0975232
0.00757462
0.000746654
0.00197982
1.49203e-05
0.000452309
0.000891389
0.0017168
0.0918211
0.00557151
0.0979137
0.00723741
0.000503373
0.00174722
1.63608e-05
0.000371268
0.000797798
0.00104799
0.0926377
0.00548876
0.0982539
0.00689616
0.000338799
0.00154107
1.82193e-05
0.000304656
0.000713922
0.000638057
0.0933221
0.00567922
0.0985496
0.00655036
0.000227778
0.00135856
2.03635e-05
0.000249935
0.000638774
0.000387856
0.0938978
0.0060811
0.0988063
0.00619943
0.000153022
0.00119713
2.27794e-05
0.000205001
0.000571465
0.000235537
0.0943824
0.00665718
0.0990287
0.00584279
0.000102749
0.00105447
2.5487e-05
0.000168117
0.000511191
0.000142953
0.09479
0.00738662
0.0992212
0.00547982
6.89688e-05
0.000928479
2.85177e-05
0.000137846
0.000457228
8.67303e-05
0.0951324
0.00825965
0.0993876
0.00510989
4.62838e-05
0.000817293
3.19088e-05
0.000113001
0.000408925
5.26084e-05
0.0954197
0.00927388
0.0995312
0.0047323
3.10556e-05
0.000719227
3.57031e-05
9.2582e-05
0.000365696
3.19072e-05
0.0956603
0.0104319
0.099655
0.00434635
2.08357e-05
0.000632776
3.99483e-05
7.57048e-05
0.000327018
1.93519e-05
0.0958615
0.0117394
0.0997617
0.00395129
1.39788e-05
0.0005566
4.46979e-05
6.14283e-05
0.000292428
1.17422e-05
0.0960296
0.0132043
0.0998534
0.00354634
9.38668e-06
0.000489516
5.00118e-05
4.82738e-05
0.000261543
7.1447e-06
0.0961699
0.0148353
0.0999323
0.00313066
6.38992e-06
0.000431005
5.59569e-05
3.26876e-05
0.000234143
4.41726e-06
0.0962868
0.0166418
0.1
0.00270339
5.2325e-06
0.0004039
6.2608e-05
1.84507e-05
3.13927e-05
0.00021924
3.48699e-06
0.0962369
0.096372
0.019722
0.00222285
0.0018362
6.69384e-05
1.04336e-05
3.04571e-05
0.000205282
2.75296e-06
0.0961841
0.0965242
0.0232635
0.00182106
0.00124834
7.15308e-05
5.9243e-06
2.99954e-05
0.00019221
2.17403e-06
0.0961282
0.0967113
0.0272747
0.00148739
0.000850052
7.642e-05
3.39458e-06
3.01799e-05
0.000179969
1.71788e-06
0.0960691
0.0969154
0.0317478
0.00121181
0.000580361
8.16343e-05
1.98369e-06
3.12684e-05
0.000168505
1.35929e-06
0.0960065
0.097127
0.0366532
0.000985265
0.000397874
8.71998e-05
1.20734e-06
3.36441e-05
0.000157769
1.07883e-06
0.0959404
0.0973406
0.041935
0.000799723
0.000274511
9.31422e-05
7.93639e-07
3.78752e-05
0.000147716
8.62033e-07
0.0958703
0.0975534
0.0475101
0.000648228
0.000191233
9.94879e-05
5.90695e-07
4.48034e-05
0.000138302
6.99035e-07
0.0957963
0.0977639
0.0532703
0.000524844
0.000135136
0.000106265
5.14593e-07
5.56734e-05
0.000129486
5.84793e-07
0.095718
0.0979712
0.0590887
0.000424558
9.74744e-05
0.000113502
5.20197e-07
7.23246e-05
0.000121232
0.0956351
0.0981749
0.0648293
0.00034318
0.0955473
0.0983747
0.070359
0.000277235
0.0954541
0.0985707
0.0755592
0.000223853
0.0953542
0.0987627
0.0803353
0.000180679
0.0952449
0.0989508
0.084623
0.000145786
0.0951185
0.099135
0.0883895
0.000117601
0.0949539
0.0993154
0.0916315
9.48456e-05
0.0946906
0.0994921
0.09437
7.64807e-05
0.094157
0.099665
0.0966438
6.16671e-05
0.0928615
0.0998343
0.0985023
4.98428e-05
0.0893993
0.1
0.1
4.46311e-05
0.0893989
0.0643094
0.0893984
0.0462859
0.0893979
0.0340466
0.0893974
0.0263232
0.0893968
0.0220096
0.0893961
0.0202515
0.0893953
0.02045
0.0893945
0.0222164
0.0893935
0.0253098
0.0893924
0.0295776
0.0893912
0.0349037
0.0893898
0.041168
0.0893883
0.0482176
0.0893866
0.0558525
0.0893846
0.0638285
0.0893824
0.0718746
0.0893799
0.0797221
0.0893771
0.0871346
0.0893739
0.0939316
0.0893702
0.1
0.0893644
0.0893575
0.0893494
0.0893396
0.0893281
0.0893144
0.0892981
0.0892787
0.0892557
0.0892283
0.0891957
0.0891569
0.0891107
0.0890558
0.0889905
0.0889128
0.08882
0.0887125
0.0885692
0.0884828
END_LIST
