BEGIN_LIST
0.1
0.0996946
0.0993692
0.0990227
0.0986541
0.0982621
0.0978456
0.0974033
0.0969341
0.0964366
0.0959096
0.0953516
0.0947612
0.0941364
0.0934743
0.0927697
0.0920114
0.091174
0.0901967
0.0889331
0.087029
0.0801417
0.0869139
0.0729177
0.0867693
0.0655435
0.0865879
0.0582134
0.0863606
0.0511105
0.0860763
0.04439
0.0857215
0.0381697
0.0852797
0.0325259
0.0847312
0.0274947
0.0840525
0.023079
0.0832163
0.0192552
0.0821916
0.015982
0.0809438
0.013208
0.079436
0.0108777
0.077631
0.00893683
0.0754933
0.00733736
0.0729939
0.00604444
0.0701134
0.00504917
0.0668369
0.00439775
0.0628789
0.00426065
0.0509062
0.00377649
0.00464941
0.00428601
0.0451673
0.0437313
0.00334479
0.0050243
0.00469933
0.0400319
0.0373006
0.00296041
0.00540023
0.00536281
0.0354462
0.0316163
0.00261863
0.00578662
0.00622164
0.0313588
0.0266524
0.00231505
0.00618959
0.00726109
0.0277215
0.0223623
0.00204569
0.0066134
0.00848615
0.0244895
0.0186876
0.00180691
0.00706117
0.00991185
0.0216213
0.0155635
0.0015954
0.00753536
0.0115584
0.0190788
0.0129245
0.00140819
0.00803809
0.0134485
0.0168274
0.0107071
0.00124257
0.00857127
0.0156054
0.0148353
0.00885222
0.00109615
0.00913672
0.0180511
0.013074
0.00730627
0.000966767
0.00973618
0.0208051
0.0115176
0.00602158
0.000852479
0.0103714
0.0238816
0.0101426
0.00495628
0.000751568
0.0110441
0.027288
0.00892724
0.00407369
0.000662498
0.011756
0.0310222
0.00785082
0.00334122
0.000583903
0.0125089
0.035071
0.00689198
0.00272818
0.000514568
0.0133044
0.0394077
0.00602529
0.00220148
0.000453415
0.0141443
0.0439917
0.005214
0.001716
0.00039972
0.0150302
0.0487684
0.0043943
0.00119263
0.000328445
0.0159638
0.0536708
0.00344082
0.000466472
0.000269442
0.000293667
0.0101675
0.0243342
0.0106847
0.0570074
0.00332751
0.0023271
0.000409932
0.000122889
0.000220995
0.000262557
0.00635872
0.029711
0.0072367
0.060333
0.00321395
0.00156962
0.000360218
3.30921e-05
0.000181231
0.000234733
0.00393029
0.0339925
0.00500615
0.0636251
0.0031
0.00105677
0.000316512
9.71185e-06
0.000148602
0.000209848
0.00241142
0.0379213
0.0035827
0.0668605
0.00298551
0.00071061
0.000278094
3.72088e-06
0.000121834
0.000187594
0.00147276
0.0417774
0.00269476
0.0700169
0.00287033
0.000477441
0.000244326
2.29404e-06
9.98797e-05
0.000167695
0.000896955
0.0456497
0.00216388
0.0730732
0.00275429
0.000320602
0.000214648
2.0779e-06
8.18755e-05
0.000149902
0.000545331
0.0495469
0.00187362
0.0760105
0.00263724
0.000215203
0.000188569
2.19717e-06
6.71127e-05
0.000133994
0.000331203
0.053443
0.00174863
0.0788123
0.00251899
0.000144418
0.000165652
2.4251e-06
5.50092e-05
0.000119771
0.000201025
0.0572976
0.00174067
0.0814653
0.00239937
9.68997e-05
0.000145516
2.70487e-06
4.50866e-05
0.000107055
0.000121966
0.0610657
0.00181941
0.0839594
0.00227817
6.50089e-05
0.000127824
3.02439e-06
3.69527e-05
9.56874e-05
7.39821e-05
0.0647029
0.00196643
0.0862876
0.00215522
4.36104e-05
0.00011228
3.3836e-06
3.02853e-05
8.55255e-05
4.48695e-05
0.0681695
0.00217125
0.0884464
0.00203029
2.9254e-05
9.86249e-05
3.786e-06
2.48203e-05
7.64417e-05
2.72106e-05
0.0714319
0.00242879
0.0904349
0.00190316
1.9623e-05
8.66287e-05
4.23638e-06
2.03405e-05
6.83217e-05
1.65007e-05
0.0744649
0.00273768
0.0922553
0.00177362
1.31624e-05
7.60904e-05
4.74037e-06
1.66675e-05
6.10636e-05
1.00059e-05
0.0772515
0.00309923
0.0939118
0.00164141
8.82872e-06
6.68332e-05
5.30433e-06
1.36521e-05
5.45761e-05
6.06746e-06
0.0797832
0.00351676
0.0954108
0.00150628
5.92186e-06
5.87015e-05
5.93537e-06
1.11643e-05
4.8778e-05
3.6795e-06
0.0820593
0.00399513
0.0967599
0.00136798
3.9723e-06
5.15586e-05
6.64148e-06
9.07061e-06
4.3598e-05
2.23244e-06
0.0840855
0.00454057
0.097968
0.00122621
2.66698e-06
4.52856e-05
7.43158e-06
7.17286e-06
3.89769e-05
1.35828e-06
0.085873
0.00516044
0.0990447
0.0010807
1.81532e-06
3.98266e-05
8.31567e-06
5.0148e-06
3.48806e-05
8.3972e-07
0.0874368
0.00586317
0.1
0.000931127
1.48641e-06
3.73004e-05
9.30492e-06
2.83153e-06
4.92997e-06
3.26537e-05
6.62852e-07
0.0869089
0.0879839
0.0071016
0.000752028
0.00063131
9.9491e-06
1.60242e-06
4.94791e-06
3.05691e-05
5.23289e-07
0.0863571
0.088599
0.00859583
0.000607108
0.00042823
1.06323e-05
9.11464e-07
5.10928e-06
2.86174e-05
4.132e-07
0.0857806
0.0892478
0.0103864
0.000489938
0.000290691
1.13598e-05
5.24273e-07
5.4746e-06
2.67903e-05
3.26431e-07
0.085179
0.0899117
0.0125191
0.000395267
0.000197558
1.21358e-05
3.08881e-07
6.13362e-06
2.50798e-05
2.58167e-07
0.0845515
0.0905808
0.0150426
0.000318814
0.000134508
1.29642e-05
1.91064e-07
7.21933e-06
2.34785e-05
2.04681e-07
0.0838976
0.0912498
0.018007
0.0002571
9.18409e-05
1.38488e-05
1.29197e-07
8.92841e-06
2.19794e-05
1.63166e-07
0.0832168
0.0919157
0.0214598
0.0002073
6.29832e-05
1.47935e-05
1.00073e-07
1.15516e-05
2.05759e-05
1.31643e-07
0.0825087
0.0925769
0.0254419
0.000167126
4.34827e-05
1.58027e-05
9.09342e-08
1.55184e-05
1.92621e-05
1.08973e-07
0.0817727
0.0932325
0.0299822
0.000134724
3.03237e-05
1.68807e-05
9.5002e-08
2.14635e-05
1.80321e-05
0.0810085
0.093882
0.0350911
0.000108595
0.0802157
0.0945251
0.040754
8.75285e-05
0.0793938
0.0951615
0.046926
7.05448e-05
0.078542
0.0957911
0.053528
5.68541e-05
0.0776581
0.0964138
0.0604467
4.58189e-05
0.0767364
0.0970295
0.0675396
3.69245e-05
0.0757604
0.097638
0.0746441
2.97561e-05
0.0746832
0.0982394
0.0815911
2.39789e-05
0.0733711
0.0988336
0.0882195
1.93242e-05
0.0714426
0.0994205
0.0943909
1.56121e-05
0.0678126
0.1
0.1
1.39765e-05
0.0676165
0.0451141
0.067396
0.0301638
0.0671481
0.0207127
0.0668699
0.0150469
0.066558
0.0119664
0.0662088
0.0106855
0.0658184
0.0107229
0.0653827
0.0118091
0.0648972
0.0138193
0.0643573
0.0167247
0.0637583
0.0205589
0.0630951
0.0253896
0.0623629
0.0312942
0.0615568
0.0383344
0.0606721
0.0465286
0.0597044
0.0558275
0.0586499
0.0660939
0.0575055
0.077096
0.0562687
0.0885199
0.0549289
0.1
0.0529262
0.0507486
0.0484068
0.0459178
0.0433049
0.0405965
0.0378255
0.0350275
0.0322387
0.0294946
0.0268279
0.024267
0.0218354
0.0195508
0.0174253
0.0154663
0.0136715
0.0120622
0.0105042
0.00969854
END_LIST
