BEGIN_LIST
0.1
0.0995118
0.0989939
0.0984449
0.0978635
0.0972485
0.0965985
0.0959122
0.0951884
0.0944259
0.0936235
0.09278
0.0918942
0.0909644
0.089988
0.08896
0.0878691
0.0866881
0.0853516
0.0837003
0.081348
0.0734128
0.0810066
0.0654549
0.0805809
0.0576791
0.0800522
0.0502655
0.0793979
0.0433559
0.0785921
0.0370476
0.0776055
0.0313934
0.0764052
0.0264073
0.0749569
0.0220718
0.0732255
0.0183475
0.0711785
0.015181
0.0687893
0.0125122
0.0660412
0.0102796
0.0629319
0.00842394
0.0594774
0.00689144
0.0557139
0.00563603
0.051698
0.00462314
0.0475041
0.00383728
0.0432139
0.00330016
0.0387704
0.00311456
0.0302683
0.00275498
0.00339071
0.0030949
0.0267268
0.0254121
0.0024356
0.00366081
0.00337732
0.0235864
0.0212475
0.00215222
0.00393438
0.00385183
0.0208046
0.0177033
0.00190101
0.00421752
0.00447492
0.0183428
0.014707
0.00167848
0.00451429
0.00523533
0.016166
0.0121875
0.00148152
0.00482761
0.00613793
0.0142427
0.0100788
0.00130728
0.00515971
0.0071962
0.0125443
0.00832063
0.00115324
0.00551242
0.00842871
0.0110455
0.00685931
0.00101711
0.00588742
0.00985723
0.00972351
0.00564793
0.000896876
0.00628625
0.0115056
0.00855788
0.0046459
0.00079071
0.00671045
0.0133988
0.00753047
0.00381849
0.000697001
0.00716152
0.015562
0.00662508
0.00313618
0.000614312
0.00764102
0.0180192
0.00582714
0.00257398
0.000541367
0.00815053
0.0207918
0.00512337
0.00211066
0.000477032
0.00869168
0.0238965
0.00450129
0.00172785
0.000420302
0.00926611
0.0273434
0.00394814
0.00140869
0.000370287
0.00987552
0.0311336
0.00344894
0.00113541
0.000326198
0.0105217
0.0352566
0.00298227
0.000884332
0.000287505
0.0112063
0.0396889
0.00251119
0.000614383
0.000236166
0.0119311
0.0443923
0.00196326
0.000240351
0.000193674
0.000211126
0.00748896
0.0183261
0.00798627
0.0476933
0.00189851
0.00132214
0.000211147
6.34847e-05
0.000158806
0.000188735
0.00463964
0.0225528
0.0054201
0.0510638
0.00183363
0.000889195
0.000185485
1.72847e-05
0.000130202
0.000168712
0.00285077
0.0260637
0.00376644
0.0544845
0.00176854
0.000597488
0.000162937
5.27901e-06
0.00010674
0.00015081
0.00174265
0.0294246
0.00271613
0.0579333
0.00170315
0.000401236
0.000143126
2.22838e-06
8.74998e-05
0.000134804
0.0010619
0.0328506
0.00206567
0.0613861
0.00163736
0.000269336
0.000125721
1.53117e-06
7.17232e-05
0.000120494
0.000645832
0.0364137
0.00168191
0.0648178
0.0015711
0.000180747
0.00011043
1.46159e-06
5.87884e-05
0.0001077
0.000392321
0.0401239
0.00147828
0.0682029
0.00150427
0.000121274
9.69972e-05
1.56962e-06
4.81843e-05
9.62637e-05
0.00023815
0.043962
0.00139891
0.0715167
0.00143676
8.13602e-05
8.5197e-05
1.73914e-06
3.94917e-05
8.604e-05
0.000144501
0.0478932
0.00140822
0.0747357
0.00136848
5.45783e-05
7.48312e-05
1.94155e-06
3.23663e-05
7.69011e-05
8.76553e-05
0.0518738
0.00148396
0.0778386
0.0012993
3.66104e-05
6.57259e-05
2.17136e-06
2.6526e-05
6.8732e-05
5.31636e-05
0.055855
0.00161281
0.0808069
0.00122913
2.45568e-05
5.77278e-05
2.42939e-06
2.17391e-05
6.143e-05
3.2241e-05
0.0597862
0.00178736
0.0836249
0.00115784
1.64714e-05
5.07025e-05
2.71834e-06
1.78156e-05
5.49031e-05
1.95513e-05
0.0636176
0.00200429
0.0862806
0.0010853
1.10479e-05
4.45318e-05
3.04173e-06
1.45997e-05
4.90693e-05
1.18558e-05
0.0673035
0.00226311
0.0887653
0.00101138
7.41011e-06
3.91118e-05
3.40361e-06
1.1963e-05
4.3855e-05
7.18911e-06
0.0708035
0.00256537
0.0910737
0.000935949
4.97012e-06
3.43513e-05
3.80854e-06
9.79824e-06
3.91947e-05
4.35934e-06
0.074085
0.00291422
0.0932039
0.00085886
3.33356e-06
3.017e-05
4.26164e-06
8.01156e-06
3.50298e-05
2.64362e-06
0.0771242
0.00331408
0.095157
0.000779962
2.23602e-06
2.64976e-05
4.76865e-06
6.50549e-06
3.1309e-05
1.60394e-06
0.0799058
0.00377049
0.0969365
0.000699095
1.50119e-06
2.32726e-05
5.33597e-06
5.13256e-06
2.79899e-05
9.75877e-07
0.0824232
0.00428999
0.0985483
0.000616092
1.02177e-06
2.04664e-05
5.97078e-06
3.54777e-06
2.50478e-05
6.0331e-07
0.0846776
0.00488011
0.1
0.000530776
8.36624e-07
1.91678e-05
6.68111e-06
2.00324e-06
3.45939e-06
2.34485e-05
4.76235e-07
0.0839279
0.0854249
0.00592315
0.000428171
0.000359926
7.14367e-06
1.13375e-06
3.43186e-06
2.19513e-05
3.75963e-07
0.083149
0.0862046
0.00718732
0.000345326
0.000244217
7.63428e-06
6.4497e-07
3.48821e-06
2.05496e-05
2.96866e-07
0.0823408
0.0869989
0.00871049
0.00027846
0.000165862
8.15666e-06
3.711e-07
3.66276e-06
1.92375e-05
2.34523e-07
0.0815029
0.0877984
0.0105365
0.00022451
0.000112813
8.71386e-06
2.18779e-07
4.00654e-06
1.80091e-05
1.85473e-07
0.0806351
0.0885982
0.0127143
0.000180992
7.69076e-05
9.30868e-06
1.35503e-07
4.59517e-06
1.68591e-05
1.47037e-07
0.0797374
0.0893957
0.0152965
0.000145895
5.26168e-05
9.94388e-06
9.18259e-08
5.54059e-06
1.57825e-05
1.17196e-07
0.0788099
0.0901896
0.0183375
0.000117595
3.61954e-05
1.06223e-05
7.13361e-08
7.00831e-06
1.47747e-05
9.4524e-08
0.0778525
0.090979
0.0218905
9.47795e-05
2.51061e-05
1.1347e-05
6.50158e-08
9.24296e-06
1.38312e-05
7.81923e-08
0.0768655
0.0917635
0.0260031
7.63866e-05
1.76309e-05
1.21211e-05
6.80766e-08
1.26059e-05
1.29479e-05
0.0758492
0.0925426
0.030712
6.15606e-05
0.0748039
0.0933162
0.0360362
4.96106e-05
0.07373
0.0940841
0.0419702
3.99793e-05
0.0726274
0.094846
0.0484771
3.22172e-05
0.0714953
0.0956018
0.0554837
2.59616e-05
0.0703293
0.0963514
0.0628795
2.09204e-05
0.0691164
0.0970945
0.0705191
1.6858e-05
0.0678165
0.0978311
0.0782315
1.35843e-05
0.0663143
0.0985609
0.0858329
1.09469e-05
0.0642778
0.099284
0.0931427
8.84366e-06
0.0607574
0.1
0.1
7.91702e-06
0.0603366
0.0399695
0.0598679
0.026503
0.0593469
0.0180988
0.058769
0.0131154
0.0581299
0.0104407
0.0574249
0.00936343
0.0566496
0.00945607
0.0557999
0.0104857
0.0548719
0.0123514
0.0538623
0.0150424
0.0527687
0.0186086
0.0515892
0.0231384
0.0503232
0.028739
0.0489714
0.0355143
0.0475356
0.0435405
0.0460192
0.0528385
0.0444274
0.0633477
0.0427665
0.0749053
0.041045
0.0872426
0.0392502
0.1
0.0367222
0.0341472
0.0315586
0.0289897
0.0264723
0.0240357
0.0217044
0.0194985
0.0174327
0.0155165
0.0137547
0.0121476
0.0106923
0.00938292
0.0082117
0.00716977
0.00624516
0.00543857
0.00467908
0.00429148
END_LIST
