BEGIN_LIST
0
2.68479e-70
9.28873e-70
2.53716e-69
6.43749e-69
1.58798e-68
3.8721e-68
9.39589e-68
2.27531e-67
5.50513e-67
1.33151e-66
3.22009e-66
7.78709e-66
1.88317e-65
4.5542e-65
1.10142e-64
2.66385e-64
6.4429e-64
1.55838e-63
3.76947e-63
9.11812e-63
4.02692e-62
9.40288e-63
9.48531e-62
9.6967e-63
1.86714e-61
9.99988e-63
3.37265e-61
1.03127e-62
5.79679e-61
1.06356e-62
9.65627e-61
1.09687e-62
1.57633e-60
1.13125e-62
2.54107e-60
1.16672e-62
4.06899e-60
1.20334e-62
6.50488e-60
1.24112e-62
1.04294e-59
1.28012e-62
1.68423e-59
1.32038e-62
2.75052e-59
1.36248e-62
4.55909e-59
1.42947e-62
7.69364e-59
2.50033e-62
1.32487e-58
4.62427e-61
2.33103e-58
1.90625e-59
4.19003e-58
8.10692e-58
7.6799e-58
3.4505e-56
1.42864e-57
1.46868e-54
1.45115e-57
1.92319e-57
8.18737e-58
3.41976e-54
1.57019e-54
1.46794e-57
2.22505e-57
4.74098e-58
6.46961e-54
1.67721e-54
1.47861e-57
2.40227e-57
2.77115e-58
1.10245e-53
1.78946e-54
1.48286e-57
2.49842e-57
1.63351e-58
1.75928e-53
1.90644e-54
1.48053e-57
2.54144e-57
9.70187e-59
2.68021e-53
2.02731e-54
1.4716e-57
2.54928e-57
5.80062e-59
3.94208e-53
2.15085e-54
1.45621e-57
2.53354e-57
3.48823e-59
5.63858e-53
2.27532e-54
1.43463e-57
2.50175e-57
2.1081e-59
7.88407e-53
2.39839e-54
1.40726e-57
2.45885e-57
1.27941e-59
1.08189e-52
2.51701e-54
1.37461e-57
2.40813e-57
7.79227e-60
1.46174e-52
2.62735e-54
1.33726e-57
2.35182e-57
4.75991e-60
1.94993e-52
2.72471e-54
1.29587e-57
2.29145e-57
2.91466e-60
2.57481e-52
2.80335e-54
1.25113e-57
2.22814e-57
1.78829e-60
3.37377e-52
2.85634e-54
1.20371e-57
2.16269e-57
1.09897e-60
4.39757e-52
2.87497e-54
1.1543e-57
2.09573e-57
6.76215e-61
5.71697e-52
2.84753e-54
1.10354e-57
2.02777e-57
4.16497e-61
7.43353e-52
2.75664e-54
1.05203e-57
1.95922e-57
2.56718e-61
9.69689e-52
2.57376e-54
1.00031e-57
1.89043e-57
1.58311e-61
1.27333e-51
2.24824e-54
9.49117e-58
1.82172e-57
9.76496e-62
1.68938e-51
1.68567e-54
8.48092e-58
1.75334e-57
6.02308e-62
2.27384e-51
7.00942e-55
7.39165e-58
7.96684e-58
1.7888e-57
8.23281e-58
2.62032e-57
4.38295e-62
2.41341e-51
1.87497e-51
6.56201e-55
1.90065e-55
6.40859e-58
7.47311e-58
1.68556e-57
3.87592e-58
3.2278e-57
3.18787e-62
2.54135e-51
1.48743e-51
6.11937e-55
5.11627e-56
5.53132e-58
7.0007e-58
1.46423e-57
1.8266e-58
3.65411e-57
2.31704e-62
2.65637e-51
1.14339e-51
5.68566e-55
1.37558e-56
4.75591e-58
6.55023e-58
1.18042e-57
8.61307e-59
3.96238e-57
1.68252e-62
2.75719e-51
8.57787e-52
5.26444e-55
3.71001e-57
4.07613e-58
6.12199e-58
8.94669e-58
4.06291e-59
4.19902e-57
1.22025e-62
2.84262e-51
6.32015e-52
4.8587e-55
1.01518e-57
3.4846e-58
5.71603e-58
6.47261e-58
1.91705e-59
4.39551e-57
8.83531e-63
2.91149e-51
4.5966e-52
4.47077e-55
2.93593e-58
2.97413e-58
5.33213e-58
4.53218e-58
9.04736e-60
4.57174e-57
6.38358e-63
2.96273e-51
3.31265e-52
4.10242e-55
1.01669e-58
2.54018e-58
4.96992e-58
3.10507e-58
4.27039e-60
4.73925e-57
4.59925e-63
2.99535e-51
2.37227e-52
3.75482e-55
5.20146e-59
2.18728e-58
4.62886e-58
2.09767e-58
2.01572e-60
4.904e-57
3.3015e-63
3.00844e-51
1.69146e-52
3.42866e-55
4.06852e-59
1.94907e-58
4.3083e-58
1.40464e-58
9.51369e-61
5.06825e-57
2.35846e-63
3.00122e-51
1.20247e-52
3.12419e-55
3.98007e-59
1.95213e-58
4.0075e-58
9.35435e-59
4.48868e-61
5.23194e-57
1.67398e-63
2.97298e-51
8.53125e-53
2.84127e-55
4.18925e-59
2.62235e-58
3.72565e-58
6.20876e-59
2.11614e-61
5.39354e-57
1.17792e-63
2.92317e-51
6.04452e-53
2.57947e-55
4.497e-59
5.35278e-58
3.46192e-58
4.11289e-59
9.95987e-62
5.55053e-57
8.19117e-64
2.85133e-51
4.27872e-53
2.33812e-55
4.85139e-59
1.4667e-57
3.21542e-58
2.72256e-59
4.67219e-62
5.69982e-57
5.60259e-64
2.75718e-51
3.02689e-53
2.11636e-55
5.24011e-59
4.523e-57
2.98528e-58
1.80569e-59
2.17724e-62
5.8379e-57
3.74129e-64
2.64054e-51
2.14043e-53
1.91322e-55
5.66156e-59
1.44576e-56
2.77061e-58
1.21296e-59
1.00115e-62
5.96098e-57
2.40878e-64
2.5014e-51
1.51315e-53
1.72762e-55
6.11718e-59
4.66804e-56
2.57057e-58
8.66842e-60
4.47809e-63
6.06517e-57
1.46038e-64
2.33991e-51
1.06959e-53
1.55845e-55
6.60934e-59
1.51163e-55
2.38435e-58
7.88679e-60
1.88457e-63
6.14653e-57
7.90561e-65
2.15637e-51
7.56687e-54
1.40462e-55
7.14085e-59
4.89991e-55
2.21131e-58
1.23282e-59
6.78176e-64
6.20122e-57
3.22434e-65
1.95124e-51
5.42402e-54
1.26646e-55
7.71476e-59
1.58906e-54
2.0513e-58
3.15901e-59
1.25556e-64
6.22564e-57
0
1.72514e-51
4.57322e-54
1.20153e-55
8.33437e-59
9.22393e-55
2.39443e-54
1.96195e-58
5.28843e-59
1.30204e-64
7.30182e-65
6.19704e-57
1.48463e-51
1.23169e-51
8.72457e-59
5.35371e-55
3.52281e-54
1.87637e-58
8.98448e-59
1.35052e-64
4.24645e-65
6.08207e-57
1.26842e-51
8.78898e-52
9.13066e-59
3.10723e-55
5.10435e-54
1.7944e-58
1.53755e-58
1.40161e-64
2.46954e-65
5.87655e-57
1.07695e-51
6.26897e-52
9.55435e-59
1.80335e-55
7.32161e-54
1.71591e-58
2.6406e-58
1.45686e-64
1.43612e-65
5.58163e-57
9.09544e-52
4.47011e-52
9.99692e-59
1.0466e-55
1.04307e-53
1.64077e-58
4.5428e-58
1.52047e-64
8.35102e-66
5.20446e-57
7.64727e-52
3.18659e-52
1.04595e-58
6.07403e-56
1.47908e-53
1.56883e-58
7.82175e-58
1.60394e-64
4.85549e-66
4.758e-57
6.40566e-52
2.27104e-52
1.0943e-58
3.52509e-56
2.09059e-53
1.49997e-58
1.34727e-57
1.73895e-64
2.82246e-66
4.26006e-57
5.34898e-52
1.61811e-52
1.14485e-58
2.04581e-56
2.94828e-53
1.43407e-58
2.32108e-57
2.01305e-64
1.64005e-66
3.73155e-57
4.45515e-52
1.15252e-52
1.19769e-58
1.1873e-56
4.1513e-53
1.37101e-58
3.99912e-57
2.66835e-64
9.52368e-67
3.19437e-57
3.70286e-52
8.20552e-53
1.25292e-58
6.8906e-57
5.83872e-53
1.31066e-58
4.37461e-64
5.52439e-67
2.66931e-57
3.07228e-52
8.98486e-64
3.1988e-67
2.17421e-57
2.54549e-52
2.16263e-63
1.8467e-67
1.72282e-57
2.1066e-52
5.64855e-63
1.06082e-67
1.32427e-57
1.74176e-52
1.52817e-62
6.04295e-68
9.83112e-58
1.43901e-52
4.19237e-62
3.39317e-68
6.99912e-58
1.18815e-52
1.1563e-61
1.8574e-68
4.72051e-58
9.80534e-53
3.19566e-61
9.6941e-69
2.9464e-58
8.08873e-53
8.83859e-61
4.58019e-69
1.61418e-58
6.67085e-53
2.44533e-60
1.65469e-69
6.5502e-59
5.51318e-53
6.76626e-60
0
0
4.99664e-53
6.89974e-60
3.86499e-59
7.03585e-60
6.19399e-59
7.17464e-60
7.78528e-59
7.31618e-60
8.81936e-59
7.4605e-60
9.47346e-59
7.60767e-60
9.88071e-59
7.75775e-60
1.01184e-58
7.91078e-60
1.02152e-58
8.06684e-60
1.01658e-58
8.22597e-60
9.94658e-59
8.38824e-60
9.53049e-59
8.55372e-60
8.89931e-59
8.72245e-60
8.05303e-59
8.89452e-60
7.01461e-59
9.06998e-60
5.82946e-59
9.2489e-60
4.56011e-59
9.43135e-60
3.27756e-59
9.6174e-60
2.05187e-59
9.80717e-60
9.43959e-60
9.99968e-60
0
1.02743e-59
1.05564e-59
1.08462e-59
1.1144e-59
1.145e-59
1.17644e-59
1.20875e-59
1.24194e-59
1.27604e-59
1.31107e-59
1.34707e-59
1.38406e-59
1.42206e-59
1.4611e-59
1.50123e-59
1.5424e-59
1.58494e-59
1.62759e-59
1.67624e-59
1.70394e-59
END_LIST
