BEGIN_LIST
0.1
0.099986
0.0999711
0.099955
0.0999378
0.0999193
0.0998995
0.0998782
0.0998555
0.099831
0.0998049
0.0997768
0.0997467
0.0997141
0.0996788
0.0996395
0.0995941
0.0995371
0.0994551
0.0993153
0.0990368
0.0977926
0.0990368
0.0962172
0.0990368
0.0942478
0.0990367
0.0918224
0.0990367
0.0888854
0.0990366
0.0853958
0.0990366
0.0813363
0.0990365
0.0767213
0.0990364
0.0716025
0.0990362
0.0660703
0.0990361
0.0602492
0.0990358
0.0542884
0.0990356
0.0483486
0.0990352
0.0425908
0.0990348
0.0371695
0.0990342
0.0322396
0.0990335
0.0279885
0.0990325
0.0247181
0.0990279
0.0230333
0.0988758
0.0242616
0.0923478
0.0223335
0.0246524
0.0283325
0.086231
0.0910788
0.0204824
0.0254018
0.0323542
0.0801687
0.0894997
0.0187184
0.0263828
0.0364966
0.0742155
0.0875593
0.0170493
0.0275185
0.0408091
0.0684213
0.0852092
0.0154804
0.0287615
0.0452794
0.0628297
0.0824085
0.0140148
0.0300827
0.0498624
0.0574774
0.0791304
0.0126535
0.0314633
0.0544942
0.0523932
0.0753686
0.0113958
0.032891
0.0591016
0.0475984
0.0711429
0.0102395
0.034357
0.0636092
0.0431066
0.066502
0.00918117
0.0358547
0.0679452
0.0389247
0.0615232
0.00821644
0.0373786
0.0720463
0.0350533
0.0563075
0.00734028
0.0389241
0.0758612
0.0314875
0.0509703
0.00654722
0.0404865
0.0793532
0.0282174
0.0456293
0.00583155
0.0420616
0.0825012
0.0252282
0.0403884
0.00518747
0.043645
0.0852981
0.0224993
0.0353189
0.00460924
0.0452324
0.0877498
0.0200009
0.0304317
0.00409125
0.0468195
0.0898725
0.0176869
0.0256277
0.00362813
0.0484021
0.0916898
0.0154764
0.0205937
0.00321631
0.0499757
0.0932297
0.0132153
0.0145657
0.00266392
0.0515363
0.0945229
0.0105895
0.00576117
0.00220446
0.00239132
0.0398604
0.0711699
0.0355274
0.0952659
0.0102439
0.00770022
0.00513396
0.00151908
0.00182115
0.00214562
0.0289362
0.0808142
0.0246262
0.0959212
0.00989741
0.00547081
0.00456768
0.000405694
0.00150236
0.00192438
0.0198984
0.0858401
0.0173489
0.0964974
0.00954953
0.00382035
0.00405798
0.000115047
0.00123792
0.00172531
0.0131238
0.0887006
0.012593
0.0970027
0.00919983
0.00263482
0.00360048
4.0042e-05
0.00101903
0.00154631
0.00840212
0.0905088
0.00956969
0.0974446
0.00884785
0.00180131
0.00319085
2.16003e-05
0.000838179
0.00138547
0.00527259
0.0917718
0.00773083
0.0978304
0.00849311
0.001224
0.0028249
1.80985e-05
0.000688966
0.00124103
0.00326609
0.0927246
0.00670422
0.0981664
0.00813511
0.000828252
0.0024986
1.86629e-05
0.000566007
0.00111137
0.00200665
0.0934804
0.00624164
0.0984585
0.00777333
0.000558863
0.00220818
2.04671e-05
0.000464784
0.000995048
0.0012266
0.0940974
0.00618024
0.0987121
0.00740723
0.000376366
0.00195008
2.27926e-05
0.000381522
0.000890725
0.000747435
0.0946086
0.0064151
0.0989319
0.00703622
0.000253133
0.00172104
2.54749e-05
0.000313081
0.0007972
0.000454577
0.0950352
0.00688026
0.0991222
0.0066597
0.0001701
0.00151803
2.84971e-05
0.000256853
0.000713384
0.000276143
0.0953923
0.00753587
0.0992866
0.00627706
0.000114237
0.00133828
3.1884e-05
0.000210678
0.000638291
0.000167629
0.0956913
0.00835949
0.0994286
0.00588763
7.6689e-05
0.00117929
3.56749e-05
0.000172771
0.000571031
0.000101713
0.0959416
0.00934038
0.0995511
0.00549072
5.14688e-05
0.00103877
3.99166e-05
0.000141648
0.000510801
6.17012e-05
0.096151
0.0104755
0.0996567
0.0050856
3.45365e-05
0.000914674
4.46625e-05
0.000116063
0.00045688
3.74236e-05
0.096326
0.011767
0.0997475
0.00467151
2.31719e-05
0.000805155
4.99722e-05
9.49095e-05
0.000408619
2.26983e-05
0.096472
0.0132201
0.0998257
0.00424766
1.55466e-05
0.000708556
5.59126e-05
7.70039e-05
0.000365447
1.37729e-05
0.0965939
0.0148419
0.0998929
0.00381318
1.04396e-05
0.000623412
6.25585e-05
6.0475e-05
0.000326889
8.3804e-06
0.0966954
0.0166404
0.0999505
0.00336721
7.10676e-06
0.000549095
6.99934e-05
4.08066e-05
0.000292674
5.1813e-06
0.0967799
0.0186233
0.1
0.00290881
5.81952e-06
0.000514658
7.83109e-05
2.30316e-05
3.9087e-05
0.000274061
4.09016e-06
0.0967425
0.0968499
0.0219838
0.00239882
0.00197658
8.3726e-05
1.30215e-05
3.77729e-05
0.000256627
3.22921e-06
0.096703
0.0969804
0.025814
0.00197008
0.00134457
8.94685e-05
7.39046e-06
3.69863e-05
0.000240298
2.55021e-06
0.0966612
0.0971424
0.0301093
0.00161239
0.000916356
9.5582e-05
4.23053e-06
3.69117e-05
0.000225005
2.01528e-06
0.0966169
0.0973199
0.034846
0.00131587
0.000626426
0.000102102
2.46703e-06
3.78254e-05
0.000210681
1.59487e-06
0.09657
0.097504
0.039976
0.00107136
0.000430283
0.00010906
1.4952e-06
4.01385e-05
0.000197267
1.26624e-06
0.0965203
0.0976901
0.0454246
0.000870589
0.000297734
0.00011649
9.75456e-07
4.44617e-05
0.000184704
1.01257e-06
0.0964678
0.0978755
0.0510911
0.000706324
0.000208308
0.000124423
7.17971e-07
5.16992e-05
0.000172939
8.22484e-07
0.0964123
0.0980588
0.0568544
0.000572313
0.000148126
0.000132895
6.17752e-07
6.31894e-05
0.000161921
6.90442e-07
0.0963535
0.0982392
0.0625813
0.00046324
0.000107784
0.000141942
6.18152e-07
8.09102e-05
0.000151604
0.0962912
0.0984164
0.0681377
0.000374634
0.0962252
0.0985902
0.0734007
0.000302767
0.0961549
0.0987605
0.0782688
0.000244548
0.0960793
0.0989273
0.082669
0.000197435
0.0959956
0.0990906
0.0865594
0.00015934
0.0958964
0.0992505
0.0899287
0.000128557
0.0957609
0.099407
0.0927909
0.000103696
0.0955295
0.0995601
0.0951799
8.36265e-05
0.0950325
0.09971
0.0971422
6.74349e-05
0.093784
0.0998566
0.0987307
5.45088e-05
0.0903929
0.1
0.1
4.8811e-05
0.0903927
0.0656463
0.0903925
0.0477336
0.0903923
0.0354833
0.090392
0.0277157
0.0903918
0.023377
0.0903914
0.0216353
0.0903911
0.0218964
0.0903907
0.0237659
0.0903903
0.0269905
0.0903898
0.0314
0.0903892
0.036856
0.0903886
0.0432126
0.0903879
0.0502909
0.0903872
0.0578692
0.0903863
0.0656905
0.0903853
0.073484
0.0903842
0.0809938
0.090383
0.0880066
0.0903816
0.0943704
0.09038
0.1
0.0903774
0.0903745
0.0903709
0.0903667
0.0903617
0.0903558
0.0903487
0.0903403
0.0903304
0.0903186
0.0903045
0.0902877
0.0902678
0.090244
0.0902157
0.0901821
0.0901418
0.0900952
0.0900329
0.0899952
END_LIST
