BEGIN_LIST
0.1
0.0979237
0.0957994
0.0936308
0.0914218
0.0891768
0.0869003
0.0845969
0.0822716
0.0799294
0.0775754
0.0752147
0.072852
0.0704918
0.0681371
0.0657879
0.0634366
0.0610558
0.0585695
0.0557775
0.0521655
0.0439432
0.0487507
0.0367725
0.0451198
0.0305976
0.0413452
0.0253371
0.0375084
0.0208961
0.0336934
0.017175
0.0299797
0.0140769
0.0264359
0.0115107
0.0231165
0.00939426
0.0200596
0.0076549
0.017287
0.00622956
0.0148063
0.00506434
0.012613
0.00411369
0.0106941
0.00333955
0.00903018
0.00271048
0.00759853
0.00220116
0.0063748
0.00179233
0.00533463
0.00147212
0.0044545
0.0012404
0.00370614
0.00112014
0.00276343
0.000987322
0.00121254
0.00109323
0.00242932
0.00226764
0.000870141
0.00130594
0.00118493
0.00213551
0.0018601
0.000766778
0.00140263
0.00135075
0.00187715
0.00152533
0.000675625
0.00150416
0.00157332
0.00164999
0.00125049
0.000595255
0.00161164
0.0018485
0.00145027
0.00102496
0.000524403
0.00172594
0.00217895
0.00127469
0.000839963
0.000461952
0.0018478
0.00257127
0.00112034
0.000688259
0.000406913
0.00197791
0.0030348
0.000984661
0.000563889
0.000358413
0.00211691
0.00358108
0.000865392
0.000461948
0.000315678
0.00226547
0.00422387
0.000760551
0.000378405
0.000278027
0.00242428
0.00497915
0.000668392
0.000309945
0.000244857
0.00259404
0.00586533
0.000587369
0.000253845
0.000215638
0.0027755
0.0069034
0.000516111
0.000207859
0.0001899
0.00296945
0.00811716
0.000453381
0.000170123
0.000167229
0.00317674
0.00953322
0.000398022
0.000139056
0.000147262
0.00339824
0.0111811
0.00034887
0.000113235
0.000129676
0.0036349
0.0130931
0.000304571
9.11908e-05
0.000114188
0.00388772
0.0153039
0.000263206
7.0996e-05
0.000100607
0.00415775
0.0178499
0.000221481
4.93461e-05
8.2599e-05
0.00444612
0.0207683
0.000172952
1.94115e-05
6.76992e-05
7.38223e-05
0.00271905
0.00690853
0.00299612
0.0229739
0.00016725
0.000116037
1.70483e-05
5.2891e-06
5.54855e-05
6.59777e-05
0.00165732
0.0086288
0.00206267
0.0253669
0.000161537
7.78435e-05
1.49729e-05
1.61977e-06
4.54741e-05
5.89662e-05
0.00100812
0.0101766
0.00146878
0.0279594
0.000155806
5.22176e-05
1.31501e-05
6.87958e-07
3.72683e-05
5.26995e-05
0.000612458
0.0117802
0.00109882
0.0307614
0.000150048
3.5026e-05
1.15491e-05
4.75634e-07
3.05427e-05
4.70985e-05
0.000371803
0.0135395
0.000877488
0.0337803
0.000144257
2.34936e-05
1.01431e-05
4.55268e-07
2.50305e-05
4.20926e-05
0.000225606
0.0155061
0.000755973
0.0370214
0.000138425
1.5758e-05
8.90818e-06
4.89303e-07
2.05129e-05
3.76186e-05
0.000136857
0.0177127
0.000702803
0.0404868
0.000132542
1.05693e-05
7.82363e-06
5.42252e-07
1.68105e-05
3.36199e-05
8.30058e-05
0.0201848
0.000697901
0.0441756
0.000126601
7.089e-06
6.87111e-06
6.0539e-07
1.37762e-05
3.00462e-05
5.03391e-05
0.0229435
0.000728695
0.0480834
0.000120592
4.75469e-06
6.03455e-06
6.77057e-07
1.12896e-05
2.68523e-05
3.05265e-05
0.0260067
0.000787577
0.0522014
0.000114505
3.18902e-06
5.29984e-06
7.57517e-07
9.2517e-06
2.39978e-05
1.85111e-05
0.0293877
0.000870263
0.0565167
0.00010833
2.1389e-06
4.65458e-06
8.4762e-07
7.58164e-06
2.14467e-05
1.12247e-05
0.0330949
0.00097473
0.061012
0.000102058
1.43458e-06
4.08787e-06
9.48461e-07
6.21299e-06
1.91667e-05
6.80636e-06
0.0371296
0.00110053
0.0656653
9.56759e-05
9.62181e-07
3.59016e-06
1.0613e-06
5.09124e-06
1.71291e-05
4.12715e-06
0.0414848
0.00124838
0.0704499
8.91735e-05
6.45341e-07
3.15305e-06
1.18757e-06
4.1715e-06
1.53081e-05
2.50257e-06
0.0461439
0.00141986
0.0753354
8.25383e-05
4.32833e-07
2.76915e-06
1.32887e-06
3.41624e-06
1.36807e-05
1.51749e-06
0.0510793
0.0016173
0.0802876
7.57577e-05
2.90305e-07
2.432e-06
1.48697e-06
2.79217e-06
1.22264e-05
9.20239e-07
0.0562522
0.00184368
0.0852693
6.88184e-05
1.94721e-07
2.13589e-06
1.66388e-06
2.2637e-06
1.09274e-05
5.58326e-07
0.0616129
0.00210259
0.0902417
6.17063e-05
1.30728e-07
1.87588e-06
1.86185e-06
1.7741e-06
9.7686e-06
3.39698e-07
0.0671013
0.00239827
0.0951651
5.44067e-05
8.89777e-08
1.64964e-06
2.08336e-06
1.18553e-06
8.74153e-06
2.10009e-07
0.0726494
0.00273557
0.1
4.69041e-05
7.28543e-08
1.54495e-06
2.33123e-06
6.69459e-07
1.12718e-06
8.18325e-06
1.65774e-07
0.0707565
0.074398
0.00333565
3.77975e-05
3.19065e-05
2.49264e-06
3.7895e-07
1.0771e-06
7.66062e-06
1.30869e-07
0.0688629
0.0759193
0.00407023
3.04585e-05
2.17562e-05
2.66384e-06
2.15662e-07
1.03714e-06
7.17137e-06
1.03335e-07
0.0669713
0.0773198
0.00496618
2.45441e-05
1.48898e-05
2.84613e-06
1.24191e-07
1.01018e-06
6.71336e-06
8.16314e-08
0.065085
0.0786584
0.00605632
1.9778e-05
1.02481e-05
3.04057e-06
7.33454e-08
1.00052e-06
6.28459e-06
6.45533e-08
0.0632066
0.0799674
0.00737999
1.59372e-05
7.11412e-06
3.24815e-06
4.55839e-08
1.01469e-06
5.88322e-06
5.1167e-08
0.061339
0.0812644
0.00898379
1.28422e-05
5.00189e-06
3.46982e-06
3.10715e-08
1.06237e-06
5.50747e-06
4.0767e-08
0.059485
0.0825592
0.0109223
1.03481e-05
3.58242e-06
3.70658e-06
2.43287e-08
1.15799e-06
5.15573e-06
3.28527e-08
0.0576471
0.083857
0.0132584
8.33843e-06
2.63288e-06
3.95947e-06
2.23482e-08
1.32292e-06
4.82644e-06
2.71284e-08
0.0558278
0.0851606
0.0160642
6.719e-06
2.00239e-06
4.22962e-06
2.35374e-08
1.58879e-06
4.51819e-06
0.0540296
0.0864715
0.01942
5.41406e-06
0.0522547
0.0877901
0.0234134
4.36256e-06
0.050505
0.0891168
0.0281373
3.51527e-06
0.0487822
0.0904516
0.0336855
2.83253e-06
0.0470872
0.0917942
0.040147
2.28239e-06
0.0454187
0.0931445
0.0475977
1.8391e-06
0.0437701
0.0945022
0.0560895
1.4819e-06
0.0421185
0.0958669
0.0656388
1.19408e-06
0.0403941
0.0972383
0.076213
9.6222e-07
0.038389
0.0986162
0.0877199
7.7733e-07
0.0354906
0.1
0.1
6.95872e-07
0.0337566
0.0227716
0.0320034
0.0149122
0.030243
0.0101976
0.0284879
0.00752309
0.0267498
0.00619968
0.0250402
0.00581389
0.0233693
0.00613355
0.0217465
0.00704755
0.0201798
0.00852877
0.018676
0.0106121
0.0172403
0.0133825
0.0158766
0.0169681
0.0145877
0.0215372
0.013375
0.0272941
0.0122387
0.0344742
0.0111782
0.0433326
0.0101921
0.0541256
0.00927817
0.0670812
0.00843458
0.0823588
0.00764052
0.1
0.00666839
0.00580787
0.00504913
0.00438248
0.0037985
0.0032883
0.0028436
0.00245675
0.00212082
0.00182954
0.00157732
0.00135915
0.00117064
0.00100788
0.000867449
0.000746401
0.000641915
0.000552873
0.000470926
0.000429555
END_LIST
