BEGIN_LIST
0.1
0.0999881
0.0999753
0.0999616
0.0999469
0.0999311
0.0999142
0.0998961
0.0998767
0.0998558
0.0998335
0.0998095
0.0997838
0.099756
0.0997257
0.0996921
0.0996531
0.0996037
0.0995319
0.0994083
0.0991597
0.0980438
0.0991597
0.0966239
0.0991597
0.0948389
0.0991597
0.092626
0.0991597
0.0899261
0.0991596
0.0866912
0.0991596
0.0828926
0.0991596
0.0785301
0.0991595
0.0736388
0.0991594
0.0682923
0.0991593
0.0626012
0.0991592
0.056706
0.099159
0.0507655
0.0991588
0.0449456
0.0991585
0.0394124
0.0991582
0.0343379
0.0991577
0.0299319
0.0991571
0.0265259
0.0991531
0.0247674
0.0990082
0.0260525
0.0927614
0.024063
0.0262945
0.0306288
0.0868184
0.0916785
0.02214
0.0269664
0.0349893
0.0808993
0.0903211
0.0202955
0.0279123
0.0393716
0.0750589
0.0886388
0.0185395
0.0290374
0.0438536
0.0693481
0.0865811
0.0168794
0.0302837
0.0484334
0.0638127
0.0841013
0.0153202
0.0316149
0.053068
0.0584917
0.0811626
0.0138648
0.0330082
0.0576939
0.0534171
0.0777439
0.0125139
0.0344483
0.0622396
0.0486135
0.0738464
0.0112666
0.0359246
0.0666331
0.0440977
0.0694984
0.0101206
0.0374294
0.0708089
0.0398799
0.0647569
0.00907226
0.0389564
0.0747123
0.0359637
0.0597059
0.00811709
0.0405002
0.0783024
0.0323467
0.0544497
0.00725
0.0420559
0.0815533
0.0290212
0.0491009
0.00646546
0.0436188
0.0844539
0.0259745
0.0437654
0.00575774
0.0451846
0.0870067
0.0231871
0.0385201
0.00512103
0.0467488
0.0892249
0.0206304
0.033381
0.00454957
0.0483071
0.0911301
0.0182581
0.0282462
0.00403778
0.0498553
0.0927495
0.0159888
0.0227789
0.00358196
0.0513892
0.094113
0.0136653
0.0161459
0.00296976
0.0529049
0.0952515
0.0109672
0.00639575
0.00246026
0.0026672
0.0414211
0.0726337
0.0365735
0.0959027
0.0106095
0.00801635
0.00570975
0.00168715
0.00203434
0.00239425
0.0304074
0.0822185
0.0254248
0.0964754
0.0102508
0.00571793
0.00508823
0.000450709
0.00167951
0.00214825
0.0211017
0.0871247
0.0179687
0.0969776
0.00989074
0.00400448
0.00452707
0.000127899
0.00138476
0.00192672
0.0140121
0.0898497
0.0130912
0.0974169
0.00952874
0.00276751
0.00402197
4.46007e-05
0.00114051
0.0017274
0.00901298
0.0915257
0.00999083
0.0978004
0.00916437
0.00189476
0.00356858
2.41308e-05
0.000938503
0.00154818
0.00567348
0.0926671
0.0081085
0.0981343
0.00879715
0.00128879
0.00316262
2.02574e-05
0.000771705
0.00138714
0.00352139
0.0935115
0.00706341
0.0984247
0.00842654
0.000872684
0.00279993
2.09025e-05
0.000634166
0.00124252
0.0021662
0.0941723
0.00660106
0.0986768
0.00805202
0.000589116
0.00247654
2.2927e-05
0.000520879
0.00111271
0.00132515
0.094707
0.00655422
0.0988953
0.00767301
0.000396864
0.0021887
2.55329e-05
0.000427653
0.00099624
0.000807864
0.0951476
0.00681503
0.0990844
0.00728892
0.000266976
0.0019329
2.85379e-05
0.000350993
0.000891791
0.000491471
0.0955138
0.00731561
0.0992479
0.00689913
0.000179428
0.00170589
3.19233e-05
0.000287995
0.000798153
0.000298607
0.0958194
0.00801486
0.0993891
0.00650299
0.000120513
0.00150467
3.57172e-05
0.000236248
0.000714235
0.000181285
0.0960749
0.00888959
0.099511
0.00609983
8.09073e-05
0.00132652
3.99636e-05
0.000193757
0.000639051
0.000110007
0.0962885
0.00992855
0.099616
0.00568892
5.43022e-05
0.00116893
4.4715e-05
0.000158865
0.000571711
6.67348e-05
0.0964669
0.0111284
0.0997064
0.00526952
3.64388e-05
0.00102965
5.00309e-05
0.000130178
0.00051141
4.04776e-05
0.0966158
0.0124908
0.0997841
0.00484083
2.44487e-05
0.000906646
5.59783e-05
0.000106455
0.00045743
2.4551e-05
0.0967401
0.0140208
0.099851
0.00440203
1.64034e-05
0.000798091
6.2632e-05
8.6368e-05
0.000409133
1.48973e-05
0.0968437
0.015725
0.0999084
0.00395224
1.10151e-05
0.00070236
7.00757e-05
6.78096e-05
0.000365992
9.06458e-06
0.0969299
0.0176107
0.0999577
0.00349055
7.49856e-06
0.000618766
7.8403e-05
4.56823e-05
0.000327704
5.60433e-06
0.0970017
0.0196846
0.1
0.00301599
6.14037e-06
0.000580022
8.77185e-05
2.57825e-05
4.37042e-05
0.000306874
4.42412e-06
0.0969694
0.0970653
0.0231878
0.00249106
0.00204992
9.37832e-05
1.45752e-05
4.21576e-05
0.000287362
3.49291e-06
0.0969352
0.0971862
0.0271622
0.00204848
0.00139492
0.000100214
8.27038e-06
4.11686e-05
0.000269086
2.75852e-06
0.0968991
0.097337
0.0315958
0.00167837
0.000951136
0.000107061
4.73179e-06
4.09279e-05
0.000251967
2.17999e-06
0.0968608
0.0975023
0.0364562
0.00137094
0.000650677
0.000114362
2.75629e-06
4.1721e-05
0.000235933
1.72537e-06
0.0968202
0.0976741
0.0416861
0.00111701
0.000447435
0.000122155
1.66678e-06
4.39739e-05
0.000220916
1.37013e-06
0.0967773
0.0978477
0.0472013
0.000908233
0.000310116
0.000130475
1.083e-06
4.83189e-05
0.000206852
1.09614e-06
0.0967318
0.0980207
0.0528937
0.000737228
0.000217503
0.000139358
7.92317e-07
5.56932e-05
0.00019368
8.91226e-07
0.0966838
0.0981916
0.0586372
0.000597593
0.000155211
0.000148845
6.77054e-07
6.74834e-05
0.000181345
7.49631e-07
0.0966329
0.0983599
0.0642973
0.00048386
0.000113491
0.000158975
6.73619e-07
8.57398e-05
0.000169793
0.0965789
0.0985252
0.0697433
0.000391414
0.0965218
0.0986872
0.0748591
0.000316395
0.0964608
0.0988459
0.0795528
0.000255601
0.0963951
0.0990013
0.0837625
0.000206387
0.0963218
0.0991535
0.0874574
0.000166583
0.0962338
0.0993024
0.0906356
0.000134413
0.0961102
0.0994481
0.0933189
0.000108428
0.0958922
0.0995907
0.0955459
8.74481e-05
0.0954113
0.0997301
0.0973659
7.052e-05
0.0941848
0.0998666
0.0988326
5.70048e-05
0.0908313
0.1
0.1
5.10471e-05
0.0908311
0.0662818
0.090831
0.0484478
0.0908308
0.0362095
0.0908306
0.0284314
0.0908304
0.0240872
0.0908302
0.0223579
0.09083
0.0226523
0.0908297
0.0245735
0.0908294
0.0278623
0.0908291
0.0323391
0.0908287
0.0378542
0.0908283
0.0442488
0.0908279
0.0513318
0.0908273
0.0588717
0.0908268
0.0666069
0.0908261
0.0742682
0.0908254
0.0816076
0.0908246
0.0884239
0.0908236
0.0945788
0.0908226
0.1
0.0908209
0.0908189
0.0908166
0.0908138
0.0908106
0.0908067
0.090802
0.0907966
0.09079
0.0907823
0.0907731
0.0907621
0.0907491
0.0907335
0.090715
0.090693
0.0906667
0.0906361
0.0905953
0.0905706
END_LIST
