BEGIN_LIST
0
5.82577e-08
1.51609e-07
2.80006e-07
4.43405e-07
6.41762e-07
8.75024e-07
1.14315e-06
1.4461e-06
1.78382e-06
2.15629e-06
2.56354e-06
3.00564e-06
3.48293e-06
3.99626e-06
4.54784e-06
5.14313e-06
5.79561e-06
6.53843e-06
7.45276e-06
8.73718e-06
1.30001e-05
9.31944e-06
1.7781e-05
9.92235e-06
2.30261e-05
1.05459e-05
2.86648e-05
1.119e-05
3.46054e-05
1.18548e-05
4.07319e-05
1.25401e-05
4.69013e-05
1.32459e-05
5.29426e-05
1.39723e-05
5.86605e-05
1.47192e-05
6.38424e-05
1.54867e-05
6.82721e-05
1.62745e-05
7.17494e-05
1.70829e-05
7.41141e-05
1.79117e-05
7.52725e-05
1.87608e-05
7.5223e-05
1.96304e-05
7.40765e-05
2.05204e-05
7.20686e-05
2.1431e-05
6.9552e-05
2.23698e-05
6.69392e-05
2.36709e-05
6.45017e-05
3.96919e-05
6.38193e-05
6.27438e-05
6.78432e-05
5.42746e-05
4.33019e-05
6.28594e-05
6.17631e-05
7.00733e-05
6.89973e-05
4.70161e-05
6.16278e-05
6.12549e-05
7.13177e-05
8.34281e-05
5.08119e-05
6.01359e-05
6.10185e-05
7.16784e-05
9.71783e-05
5.46594e-05
5.84007e-05
6.09216e-05
7.12446e-05
0.000109913
5.85198e-05
5.6445e-05
6.08777e-05
7.01013e-05
0.000121359
6.23439e-05
5.42957e-05
6.08302e-05
6.83348e-05
0.000131309
6.60695e-05
5.19835e-05
6.07426e-05
6.60341e-05
0.000139624
6.96198e-05
4.95412e-05
6.05911e-05
6.3289e-05
0.000146228
7.29019e-05
4.70029e-05
6.03612e-05
6.0188e-05
0.000151106
7.58057e-05
4.44026e-05
6.00442e-05
5.68158e-05
0.000154293
7.82028e-05
4.17729e-05
5.96352e-05
5.32506e-05
0.000155863
7.99459e-05
3.91446e-05
5.91327e-05
4.95632e-05
0.000155917
8.08636e-05
3.65452e-05
5.85368e-05
4.58155e-05
0.000154568
8.07481e-05
3.3999e-05
5.78493e-05
4.20611e-05
0.000151911
7.93224e-05
3.15267e-05
5.70729e-05
3.8345e-05
0.000147996
7.61689e-05
2.91451e-05
5.62114e-05
3.47045e-05
0.000142758
7.058e-05
2.68673e-05
5.5269e-05
3.11704e-05
0.000135912
6.12588e-05
2.47094e-05
5.42506e-05
2.77675e-05
0.000126746
4.57204e-05
2.13699e-05
5.31613e-05
2.45156e-05
0.000113727
1.89913e-05
1.83011e-05
1.96638e-05
5.12787e-05
5.95389e-05
4.30137e-05
2.24395e-05
0.000112239
8.9865e-05
1.77045e-05
5.23933e-06
1.55921e-05
1.80666e-05
4.58807e-05
6.05326e-05
3.52957e-05
2.04395e-05
0.000110538
6.84288e-05
1.64392e-05
1.53163e-06
1.32249e-05
1.65761e-05
3.79903e-05
5.89482e-05
2.96986e-05
1.85196e-05
0.00010862
5.0553e-05
1.52069e-05
5.52038e-07
1.11744e-05
1.5189e-05
2.92796e-05
5.61824e-05
2.58648e-05
1.66833e-05
0.000106484
3.64819e-05
1.40169e-05
3.05612e-07
9.41124e-06
1.39017e-05
2.12581e-05
5.29113e-05
2.3445e-05
1.49334e-05
0.000104126
2.58727e-05
1.2877e-05
2.56761e-07
7.90465e-06
1.27099e-05
1.47491e-05
4.94595e-05
2.2133e-05
1.3272e-05
0.000101544
1.81194e-05
1.17932e-05
2.62456e-07
6.62394e-06
1.16088e-05
9.90848e-06
4.59832e-05
2.16794e-05
1.17013e-05
9.87364e-05
1.25772e-05
1.07697e-05
2.84696e-07
5.54e-06
1.05935e-05
6.51277e-06
4.25584e-05
2.18897e-05
1.02226e-05
9.56994e-05
8.67628e-06
9.80898e-06
3.13546e-07
4.62593e-06
9.65912e-06
4.21958e-06
3.92231e-05
2.26166e-05
8.83738e-06
9.24305e-05
5.95961e-06
8.91231e-06
3.46586e-07
3.85743e-06
8.80052e-06
2.70826e-06
3.59966e-05
2.37498e-05
7.54673e-06
8.89271e-05
4.08148e-06
8.07967e-06
3.83422e-07
3.21295e-06
8.01276e-06
1.72755e-06
3.28898e-05
2.52069e-05
6.35163e-06
8.51864e-05
2.78954e-06
7.31003e-06
4.24232e-07
2.6736e-06
7.29093e-06
1.09745e-06
2.9909e-05
2.6925e-05
5.25288e-06
8.12057e-05
1.90385e-06
6.60159e-06
4.69369e-07
2.22302e-06
6.63033e-06
6.95203e-07
2.70581e-05
2.88544e-05
4.25118e-06
7.69821e-05
1.29808e-06
5.95191e-06
5.1927e-07
1.84709e-06
6.02644e-06
4.39496e-07
2.434e-05
3.09534e-05
3.34714e-06
7.25129e-05
8.8444e-07
5.35813e-06
5.74424e-07
1.53371e-06
5.47492e-06
2.77419e-07
2.17568e-05
3.31846e-05
2.54131e-06
6.77953e-05
6.02304e-07
4.81705e-06
6.35377e-07
1.27238e-06
4.97171e-06
1.74903e-07
1.931e-05
3.55122e-05
1.83413e-06
6.28265e-05
4.10018e-07
4.32535e-06
7.02728e-07
1.05345e-06
4.51299e-06
1.10168e-07
1.70009e-05
3.78994e-05
1.22606e-06
5.76038e-05
2.79057e-07
3.87958e-06
7.77136e-07
8.66329e-07
4.09526e-06
6.93664e-08
1.48306e-05
4.03075e-05
7.17451e-07
5.21244e-05
1.90061e-07
3.47642e-06
8.5933e-07
6.9402e-07
3.71563e-06
4.3756e-08
1.28e-05
4.26947e-05
3.08657e-07
4.63857e-05
1.31197e-07
3.11626e-06
9.50107e-07
4.95872e-07
3.37273e-06
2.79669e-08
1.091e-05
4.5016e-05
0
4.0385e-05
1.08287e-07
2.94743e-06
1.05035e-06
2.83764e-07
4.88881e-07
3.18409e-06
2.24611e-08
1.17076e-05
1.0171e-05
4.83152e-05
3.41872e-05
2.78295e-05
1.11481e-06
1.62508e-07
4.86837e-07
3.00572e-06
1.80425e-08
1.2535e-05
9.3534e-06
5.11795e-05
2.87345e-05
1.91944e-05
1.1827e-06
9.32453e-08
4.91797e-07
2.83708e-06
1.45016e-08
1.33921e-05
8.51024e-06
5.34294e-05
2.40033e-05
1.32619e-05
1.25442e-06
5.37364e-08
5.0676e-07
2.67767e-06
1.16726e-08
1.42788e-05
7.67228e-06
5.48992e-05
1.99463e-05
9.18975e-06
1.33032e-06
3.12628e-08
5.36102e-07
2.52701e-06
9.42683e-09
1.51952e-05
6.85743e-06
5.54545e-05
1.65019e-05
6.39716e-06
1.41068e-06
1.85557e-08
5.86207e-07
2.38464e-06
7.66922e-09
1.6141e-05
6.07609e-06
5.50081e-05
1.36019e-05
4.4839e-06
1.49579e-06
1.14652e-08
6.66385e-07
2.25012e-06
6.33791e-09
1.71163e-05
5.33437e-06
5.35308e-05
1.11771e-05
3.17472e-06
1.58593e-06
7.62729e-09
7.90208e-07
2.12304e-06
5.40879e-09
1.81211e-05
4.63589e-06
5.10562e-05
9.16124e-06
2.28038e-06
1.68141e-06
5.70087e-09
9.77468e-07
2.00299e-06
4.90731e-09
1.91551e-05
3.98283e-06
4.76768e-05
7.49325e-06
1.67089e-06
1.78253e-06
4.9324e-09
1.25701e-06
1.88961e-06
2.02183e-05
3.37654e-06
4.35349e-05
6.11842e-06
2.13107e-05
2.81788e-06
3.88077e-05
4.98882e-06
2.2432e-05
2.30747e-06
3.36921e-05
4.06311e-06
2.3582e-05
1.84572e-06
2.83897e-05
3.30606e-06
2.47598e-05
1.43299e-06
2.30951e-05
2.68802e-06
2.59636e-05
1.06956e-06
1.79868e-05
2.18416e-06
2.71883e-05
7.55677e-07
1.3223e-05
1.77384e-06
2.84206e-05
4.91569e-07
8.93922e-06
1.44002e-06
2.9624e-05
2.77454e-07
5.24867e-06
1.16869e-06
3.06996e-05
1.13533e-07
2.24404e-06
9.50595e-07
3.13809e-05
0
0
8.54109e-07
3.20374e-05
3.08813e-05
3.2701e-05
2.89747e-05
3.33718e-05
2.65654e-05
3.40498e-05
2.42799e-05
3.47348e-05
2.24546e-05
3.5427e-05
2.11927e-05
3.61264e-05
2.04449e-05
3.68328e-05
2.00772e-05
3.75464e-05
1.99139e-05
3.82672e-05
1.97654e-05
3.8995e-05
1.94476e-05
3.97299e-05
1.87996e-05
4.0472e-05
1.77019e-05
4.12212e-05
1.60914e-05
4.19774e-05
1.39712e-05
4.27408e-05
1.14115e-05
4.35112e-05
8.54274e-06
4.42887e-05
5.54232e-06
4.50735e-05
2.61937e-06
4.58634e-05
0
4.6973e-05
4.80962e-05
4.92329e-05
5.03833e-05
5.15472e-05
5.27246e-05
5.39156e-05
5.51201e-05
5.63382e-05
5.75697e-05
5.88147e-05
6.00732e-05
6.13451e-05
6.26304e-05
6.39295e-05
6.52406e-05
6.65714e-05
6.78859e-05
6.93531e-05
7.01787e-05
END_LIST
