BEGIN_LIST
0.1
0.0998813
0.0997543
0.0996184
0.0994731
0.0993178
0.0991518
0.0989745
0.0987852
0.0985831
0.0983675
0.0981373
0.0978917
0.0976292
0.0973478
0.0970435
0.0967083
0.0963232
0.0958438
0.0951622
0.0940167
0.0894522
0.0940067
0.0842714
0.0939942
0.0785374
0.0939784
0.0723556
0.0939585
0.065868
0.0939335
0.0592404
0.0939021
0.0526463
0.0938625
0.0462499
0.0938128
0.0401917
0.0937503
0.0345788
0.0936716
0.0294814
0.0935728
0.0249342
0.0934486
0.0209421
0.0932925
0.0174876
0.0930967
0.0145403
0.0928512
0.0120684
0.0925437
0.0100547
0.092159
0.00852776
0.0916691
0.00762741
0.0907232
0.00775671
0.0786529
0.00691932
0.00843135
0.00808477
0.070852
0.0718611
0.00616351
0.00908136
0.00897851
0.0636647
0.0649421
0.0054832
0.00973109
0.010255
0.0570753
0.0580612
0.00487234
0.0103957
0.0118394
0.051061
0.0513741
0.00432505
0.011085
0.0137083
0.045594
0.0450148
0.00383569
0.0118054
0.0158619
0.0406426
0.0390871
0.00339888
0.0125614
0.0183099
0.036173
0.0336612
0.00300961
0.0133562
0.0210642
0.0321503
0.0287752
0.00266318
0.0141925
0.0241336
0.0285394
0.0244381
0.00235525
0.0150723
0.0275208
0.0253058
0.0206364
0.00208186
0.0159973
0.0312193
0.0224158
0.0173399
0.00183935
0.0169693
0.0352112
0.0198376
0.0145075
0.00162444
0.0179894
0.0394657
0.0175403
0.012092
0.00143412
0.0190589
0.0439389
0.0154943
0.010043
0.0012657
0.0201788
0.0485737
0.0136698
0.00830812
0.00111674
0.02135
0.0533021
0.0120347
0.00683061
0.000985066
0.022573
0.0580486
0.0105487
0.005541
0.000868725
0.0238483
0.0627344
0.00915137
0.0043348
0.000766402
0.025176
0.0672822
0.00773563
0.00301874
0.000630393
0.0265561
0.0716212
0.00608925
0.0011819
0.000517729
0.000563931
0.0176491
0.039574
0.0178361
0.0743897
0.00588935
0.00418291
0.00104026
0.000310963
0.000425032
0.000504423
0.0113588
0.0473289
0.0120832
0.0770182
0.00568896
0.00285171
0.00091535
8.31787e-05
0.000348819
0.000451152
0.00715268
0.052834
0.00833043
0.0794964
0.00548783
0.00193403
0.000805257
2.37953e-05
0.000286196
0.000403472
0.00444046
0.0573282
0.00591574
0.081817
0.00528571
0.00130698
0.000708264
8.50132e-06
0.000234764
0.000360804
0.00273193
0.0613118
0.00439375
0.0839759
0.00508231
0.000881096
0.000622843
4.77107e-06
0.00019254
0.000322626
0.00167135
0.0649761
0.00346845
0.0859715
0.00487737
0.000593011
0.000547639
4.09821e-06
0.000157888
0.00028847
0.00101896
0.0683843
0.00294506
0.0878048
0.00467058
0.000398677
0.00048145
4.26125e-06
0.000129456
0.000257917
0.000619908
0.0715497
0.00269657
0.0894792
0.00446165
0.000267828
0.000423209
4.68331e-06
0.000106133
0.000230588
0.000376644
0.0744692
0.00264108
0.0909999
0.00425024
0.000179834
0.000371975
5.21827e-06
8.70056e-05
0.000206146
0.000228662
0.0771374
0.0027266
0.0923738
0.00403603
0.00012071
0.000326912
5.83326e-06
7.13204e-05
0.000184288
0.000138754
0.0795522
0.002921
0.093609
0.00381867
8.10053e-05
0.000287285
6.5257e-06
5.84595e-05
0.000164741
8.4173e-05
0.0817168
0.00320539
0.0947142
0.00359778
5.43525e-05
0.000252443
7.30162e-06
4.79154e-05
0.000147264
5.10532e-05
0.0836398
0.00356979
0.0956989
0.00337299
3.64654e-05
0.000221813
8.17014e-06
3.92706e-05
0.000131637
3.09619e-05
0.0853336
0.0040103
0.0965727
0.00314389
2.44631e-05
0.000194888
9.14204e-06
3.21814e-05
0.000117665
1.8776e-05
0.0868142
0.00452726
0.0973451
0.00291005
1.64106e-05
0.000171224
1.02296e-05
2.63605e-05
0.000105174
1.1386e-05
0.0880993
0.0051241
0.0980255
0.00267104
1.10084e-05
0.000150426
1.14464e-05
2.15568e-05
9.40087e-05
6.90499e-06
0.0892078
0.00580649
0.098623
0.00242638
7.38483e-06
0.000132149
1.2808e-05
1.75111e-05
8.40318e-05
4.18949e-06
0.0901585
0.00658191
0.099146
0.00217559
4.95848e-06
0.000116093
1.43316e-05
1.38356e-05
7.51302e-05
2.54903e-06
0.0909698
0.00745924
0.0996025
0.00191815
3.37527e-06
0.000102115
1.60363e-05
9.63104e-06
6.72383e-05
1.57589e-06
0.091659
0.00844855
0.1
0.00165351
2.76381e-06
9.56458e-05
1.79437e-05
5.43783e-06
9.4388e-06
6.29478e-05
1.24397e-06
0.0914124
0.091945
0.0101784
0.00134133
0.00112138
1.91858e-05
3.07711e-06
9.43165e-06
5.89309e-05
9.82062e-07
0.0911525
0.0923238
0.0122414
0.00108671
0.000760853
2.05031e-05
1.74992e-06
9.68171e-06
5.51701e-05
7.75466e-07
0.090879
0.0927502
0.0146791
0.000879515
0.000516634
2.19058e-05
1.0061e-06
1.02964e-05
5.16492e-05
6.12639e-07
0.0905911
0.0931993
0.0175345
0.000711229
0.000351243
2.34019e-05
5.92187e-07
1.1435e-05
4.83527e-05
4.84546e-07
0.0902882
0.0936578
0.0208471
0.000574753
0.00023927
2.49989e-05
3.65624e-07
1.33339e-05
4.52665e-05
3.842e-07
0.0899698
0.0941183
0.0246492
0.000464209
0.000163493
2.67043e-05
2.46441e-07
1.63423e-05
4.23772e-05
3.06345e-07
0.0896351
0.0945769
0.0289596
0.00037476
0.000112246
2.85257e-05
1.90049e-07
2.09767e-05
3.96722e-05
2.47285e-07
0.0892835
0.0950314
0.0337783
0.000302439
7.76199e-05
3.04712e-05
1.71922e-07
2.80003e-05
3.71397e-05
2.04915e-07
0.0889143
0.0954806
0.0390805
0.000244003
5.42609e-05
3.25492e-05
1.79005e-07
3.85403e-05
3.47688e-05
0.0885267
0.0959238
0.0448125
0.000196811
0.0881201
0.0963608
0.0508897
0.000158717
0.0876934
0.0967913
0.0571984
0.000127976
0.0872451
0.0972153
0.0636023
0.000103177
0.086772
0.0976327
0.0699519
8.3175e-05
0.0862665
0.0980436
0.0760977
6.70453e-05
0.085708
0.0984479
0.0819037
5.404e-05
0.0850393
0.0988456
0.0872584
4.35552e-05
0.0840986
0.0992369
0.0920829
3.51053e-05
0.0824265
0.0996217
0.0963334
2.8365e-05
0.0787192
0.1
0.1
2.53949e-05
0.0786895
0.0537074
0.078656
0.0366816
0.0786181
0.0256366
0.0785752
0.0188842
0.0785267
0.0151528
0.0784719
0.0135658
0.07841
0.013564
0.0783401
0.0148191
0.078261
0.0171624
0.0781718
0.0205273
0.078071
0.0249065
0.0779573
0.0303151
0.0778289
0.0367588
0.0776842
0.0442056
0.077521
0.0525619
0.0773372
0.0616595
0.0771302
0.0712564
0.0768973
0.0810555
0.0766353
0.0907373
0.0763407
0.1
0.0758717
0.0753226
0.0746813
0.0739346
0.0730684
0.0720675
0.0709166
0.0696006
0.068105
0.0664176
0.0645286
0.0624328
0.0601297
0.0576256
0.0549332
0.052075
0.049067
0.0460048
0.0425912
0.0407025
END_LIST
