BEGIN_LIST
0
6.60902e-178
2.26502e-177
6.09575e-177
1.5174e-176
3.66023e-176
8.70588e-176
2.05671e-175
4.84156e-175
1.13734e-174
2.66824e-174
6.25454e-174
1.46541e-173
3.43312e-173
8.0457e-173
1.88717e-172
4.43285e-172
1.0435e-171
2.46379e-171
5.83995e-171
1.01312e-170
3.40863e-170
1.05453e-170
7.49707e-170
1.0992e-170
1.4261e-169
1.14716e-170
2.52446e-169
1.19841e-170
4.2877e-169
1.25297e-170
7.09946e-169
1.31084e-170
1.157e-168
1.37207e-170
1.868e-168
1.43695e-170
3.00276e-168
1.51831e-170
4.82596e-168
2.1609e-170
7.7846e-168
2.65529e-169
1.26493e-167
1.06184e-167
2.07783e-167
4.51314e-166
3.46172e-167
1.92096e-164
5.86639e-167
8.17753e-163
1.0135e-166
3.48103e-161
1.78739e-166
1.48185e-159
3.21801e-166
6.30762e-158
5.9044e-166
2.68498e-156
1.09903e-165
1.14296e-154
1.11635e-165
1.47963e-165
6.29834e-166
2.66242e-154
1.22152e-154
1.12926e-165
1.71195e-165
3.64704e-166
5.04078e-154
1.30431e-154
1.13746e-165
1.84834e-165
2.13169e-166
8.5994e-154
1.39111e-154
1.14071e-165
1.92235e-165
1.25653e-166
1.37431e-153
1.48152e-154
1.13891e-165
1.95546e-165
7.46263e-167
2.09761e-153
1.57489e-154
1.13203e-165
1.96151e-165
4.46164e-167
3.0922e-153
1.67027e-154
1.12019e-165
1.94941e-165
2.68291e-167
4.43502e-153
1.76631e-154
1.10358e-165
1.92495e-165
1.62132e-167
6.22128e-153
1.86119e-154
1.08251e-165
1.89195e-165
9.83915e-168
8.56957e-153
1.95258e-154
1.05739e-165
1.85293e-165
5.99212e-168
1.16295e-152
2.03749e-154
1.02865e-165
1.8096e-165
3.65996e-168
1.55927e-152
2.11229e-154
9.96807e-166
1.76316e-165
2.24088e-168
2.07099e-152
2.17256e-154
9.62379e-166
1.71445e-165
1.37473e-168
2.73163e-152
2.21294e-154
9.25898e-166
1.66409e-165
8.44694e-169
3.58712e-152
2.22672e-154
8.87885e-166
1.61257e-165
5.19668e-169
4.70192e-152
2.20486e-154
8.48835e-166
1.56028e-165
3.20013e-169
6.16878e-152
2.13395e-154
8.09201e-166
1.50754e-165
1.97203e-169
8.12426e-152
1.99193e-154
7.69869e-166
1.45461e-165
1.21578e-169
1.07741e-151
1.73968e-154
6.85827e-166
1.40174e-165
7.497e-170
1.44357e-151
1.30418e-154
4.95129e-165
1.34914e-165
4.62268e-170
1.96113e-151
5.42225e-155
2.84074e-164
4.61195e-165
1.37791e-165
6.33484e-166
2.01607e-165
3.3631e-170
2.08443e-151
1.61795e-151
5.07561e-155
1.46996e-155
1.00236e-163
4.28978e-165
1.30159e-165
2.98236e-166
2.48338e-165
2.4455e-170
2.19765e-151
1.28417e-151
4.73275e-155
3.9552e-156
3.25261e-163
3.98495e-165
1.13819e-165
1.40549e-166
2.81131e-165
1.777e-170
2.29964e-151
9.87615e-152
4.39686e-155
1.06197e-156
1.03712e-162
3.69741e-165
9.36659e-166
6.62736e-167
3.04845e-165
1.29003e-170
2.38928e-151
7.41273e-152
4.0707e-155
2.8498e-157
3.30127e-162
3.42693e-165
7.61913e-166
3.12621e-167
3.23048e-165
9.3533e-171
2.46549e-151
5.46422e-152
3.75658e-155
7.64642e-158
1.05297e-161
3.17313e-165
7.01366e-166
1.47507e-167
3.38164e-165
6.7704e-171
2.52724e-151
3.97593e-152
3.45629e-155
2.05159e-158
3.36745e-161
2.93552e-165
9.44133e-166
6.96146e-168
3.5172e-165
4.89024e-171
2.57359e-151
2.86667e-152
3.17119e-155
5.50457e-159
1.07959e-160
2.71353e-165
2.0567e-165
3.28582e-168
3.64607e-165
3.52229e-171
2.60364e-151
2.05383e-152
2.9022e-155
1.47694e-159
3.46854e-160
2.50651e-165
5.86893e-165
1.55098e-168
3.77281e-165
2.52769e-171
2.6166e-151
1.46509e-152
2.64983e-155
3.96286e-160
1.11639e-159
2.31377e-165
1.83543e-164
7.32021e-169
3.89917e-165
1.80516e-171
2.61175e-151
1.04202e-152
2.41427e-155
1.06332e-160
3.59857e-159
2.13459e-165
5.90648e-164
3.45376e-169
4.0251e-165
1.28091e-171
2.58847e-151
7.39635e-153
2.19541e-155
2.85317e-161
1.16141e-158
1.96824e-165
1.92116e-163
1.62823e-169
4.14942e-165
9.01094e-172
2.54627e-151
5.24288e-153
1.99292e-155
7.65615e-162
3.75218e-158
1.81399e-165
6.28043e-163
7.66346e-170
4.2702e-165
6.26459e-172
2.48474e-151
3.71301e-153
1.80626e-155
2.05462e-162
1.21326e-157
1.67111e-165
2.05882e-162
3.59493e-170
4.38505e-165
4.28389e-172
2.40361e-151
2.62794e-153
1.63478e-155
5.51523e-163
3.92575e-157
1.5389e-165
6.76004e-162
1.67523e-170
4.49128e-165
2.86012e-172
2.30273e-151
1.85919e-153
1.47771e-155
1.4819e-163
1.271e-156
1.41666e-165
2.22179e-161
7.70313e-171
4.58597e-165
1.84115e-172
2.18209e-151
1.31497e-153
1.33422e-155
3.99709e-164
4.11692e-156
1.30374e-165
7.30656e-161
3.44556e-171
4.66613e-165
1.11609e-172
2.04182e-151
9.29947e-154
1.20345e-155
1.09467e-164
1.33404e-155
1.19953e-165
2.40368e-160
1.45003e-171
4.72872e-165
6.04123e-173
1.88216e-151
6.58219e-154
1.08455e-155
3.17683e-165
4.32428e-155
1.10354e-165
7.90917e-160
5.21799e-172
4.77079e-165
2.46379e-173
1.70354e-151
4.72047e-154
9.77772e-156
1.11274e-165
1.40214e-154
1.01559e-165
2.60281e-159
9.66001e-173
4.78958e-165
0
1.5065e-151
3.98111e-154
9.27587e-156
5.81843e-166
8.14168e-155
2.11237e-154
9.66756e-166
4.52946e-159
1.00163e-172
5.61783e-173
4.76757e-165
1.29676e-151
1.07621e-151
4.95842e-166
4.72716e-155
3.10689e-154
9.20216e-166
7.83935e-159
1.03856e-172
3.2671e-173
4.67912e-165
1.10815e-151
7.68397e-152
4.64637e-166
2.74451e-155
4.50002e-154
8.75866e-166
1.35336e-158
1.07686e-172
1.9e-173
4.52101e-165
9.41085e-152
5.48399e-152
4.60761e-166
1.59338e-155
6.45196e-154
8.33608e-166
2.3336e-158
1.11657e-172
1.10491e-173
4.29412e-165
7.94971e-152
3.91266e-152
4.70819e-166
9.25057e-156
9.18734e-154
7.93349e-166
4.0216e-158
1.15776e-172
6.42504e-174
4.00395e-165
6.68542e-152
2.79085e-152
4.88291e-166
5.37047e-156
1.30211e-153
7.55001e-166
6.92878e-158
1.20052e-172
3.73567e-174
3.66047e-165
5.6012e-152
1.99017e-152
5.10023e-166
3.11785e-156
1.83947e-153
7.18481e-166
1.19361e-157
1.24503e-172
2.17152e-174
3.27739e-165
4.67824e-152
1.41883e-152
5.34503e-166
1.81007e-156
2.5927e-153
6.83709e-166
2.05609e-157
1.29164e-172
1.2618e-174
2.87079e-165
3.89735e-152
1.01117e-152
5.61026e-166
1.05084e-156
3.64856e-153
6.50618e-166
3.5417e-157
1.34131e-172
7.32721e-175
2.45753e-165
3.23996e-152
7.20342e-153
5.89281e-166
6.10062e-157
5.12865e-153
6.19151e-166
1.39649e-172
4.25029e-175
2.05358e-165
2.6888e-152
1.46391e-172
2.46105e-175
1.67268e-165
2.22825e-152
1.5621e-172
1.42078e-175
1.32542e-165
1.84446e-152
1.74218e-172
8.16161e-176
1.0188e-165
1.52535e-152
2.1455e-172
4.64923e-176
7.56338e-166
1.2605e-152
3.16306e-172
2.61059e-176
5.38463e-166
1.04099e-152
5.87667e-172
1.42902e-176
3.63163e-166
8.59278e-153
1.32797e-171
7.45829e-177
2.26676e-166
7.09002e-153
3.36547e-171
3.52383e-177
1.24183e-166
5.84851e-153
8.99221e-171
1.27305e-177
5.03927e-167
4.83462e-153
2.45509e-170
0
0
4.38218e-153
2.50349e-170
1.39328e-169
2.55284e-170
2.23159e-169
2.60316e-170
2.8043e-169
2.65448e-170
3.1764e-169
2.70681e-170
3.41172e-169
2.76017e-170
3.5582e-169
2.81458e-170
3.64367e-169
2.87006e-170
3.67843e-169
2.92664e-170
3.66056e-169
2.98434e-170
3.58158e-169
3.04317e-170
3.43172e-169
3.10316e-170
3.20442e-169
3.16433e-170
2.89968e-169
3.22671e-170
2.52576e-169
3.29032e-170
2.09902e-169
3.35519e-170
1.64196e-169
3.42133e-170
1.18015e-169
3.48877e-170
7.38813e-170
3.55757e-170
3.3989e-170
3.62735e-170
0
3.72689e-170
3.82915e-170
3.93422e-170
4.04218e-170
4.15309e-170
4.26705e-170
4.38414e-170
4.50444e-170
4.62804e-170
4.75503e-170
4.88551e-170
5.01956e-170
5.15729e-170
5.29879e-170
5.44421e-170
5.59345e-170
5.74759e-170
5.90217e-170
6.07848e-170
6.17884e-170
END_LIST
