BEGIN_LIST
0.1
0.0982094
0.0963655
0.0944708
0.092528
0.09054
0.0885103
0.0864425
0.0843405
0.0822083
0.0800502
0.0778706
0.0756739
0.0734639
0.0712436
0.0690127
0.0667636
0.0644699
0.0620574
0.0593328
0.055802
0.0473263
0.0528303
0.0398376
0.0495736
0.0333161
0.0460801
0.0277072
0.0424144
0.0229336
0.0386527
0.018907
0.0348767
0.0155355
0.0311666
0.0127299
0.0275951
0.0104072
0.0242221
0.00849229
0.0210922
0.00691903
0.0182339
0.00563017
0.0156609
0.00457684
0.0133739
0.00371787
0.0113635
0.00301909
0.00961314
0.0024528
0.00810188
0.0019979
0.00680626
0.00164139
0.00570201
0.0013832
0.00475681
0.00124894
0.00355213
0.0011011
0.00135141
0.00121947
0.00312301
0.00291676
0.00097061
0.00145513
0.00132185
0.00274556
0.00239386
0.000855465
0.00156257
0.00150664
0.0024136
0.0019639
0.000753886
0.00167543
0.00175449
0.00212167
0.00161062
0.000664297
0.0017949
0.00206073
0.00186498
0.00132054
0.000585299
0.00192195
0.00242826
0.00163928
0.00108246
0.000515651
0.00205738
0.00286426
0.00144084
0.000887132
0.000454257
0.00220195
0.00337892
0.00126639
0.000726944
0.000400147
0.00235636
0.00398482
0.00111303
0.000595605
0.000352461
0.00252135
0.00469683
0.000978218
0.000487943
0.000310443
0.00269766
0.0055322
0.000859701
0.000399702
0.000273421
0.00288606
0.00651063
0.000755501
0.000327379
0.000240805
0.00308739
0.0076544
0.000663854
0.000268088
0.000212073
0.00330249
0.00898848
0.000583172
0.000219428
0.000186763
0.00353228
0.0105405
0.00051197
0.000179364
0.000164469
0.00377773
0.0123407
0.000448749
0.000146062
0.000144833
0.00403986
0.0144213
0.000391768
0.000117628
0.000127538
0.00431974
0.0168163
0.000338561
9.15761e-05
0.000112371
0.00461852
0.0195602
0.00028489
6.36421e-05
9.22605e-05
0.00493741
0.0226867
0.000222466
2.50103e-05
7.56206e-05
8.24585e-05
0.00302468
0.00766783
0.00332358
0.0250356
0.00021513
0.000149272
2.19657e-05
6.77848e-06
6.19796e-05
7.36973e-05
0.00184556
0.00956783
0.0022836
0.0275715
0.000207779
0.000100146
1.92917e-05
2.03705e-06
5.07976e-05
6.58663e-05
0.00112334
0.0112679
0.00162098
0.0303038
0.000200405
6.7181e-05
1.69432e-05
8.28069e-07
4.1632e-05
5.88669e-05
0.000682725
0.0130199
0.0012072
0.0332391
0.000192997
4.50642e-05
1.48805e-05
5.46919e-07
3.41195e-05
5.2611e-05
0.000414559
0.0149322
0.000958523
0.0363813
0.000185547
3.02273e-05
1.30689e-05
5.12669e-07
2.79621e-05
4.70196e-05
0.000251586
0.0170586
0.000820598
0.0397309
0.000178042
2.02747e-05
1.14778e-05
5.47683e-07
2.29157e-05
4.20222e-05
0.00015263
0.0194313
0.000758366
0.0432853
0.000170474
1.35988e-05
1.00804e-05
6.06048e-07
1.87797e-05
3.75558e-05
9.25773e-05
0.0220729
0.000749434
0.0470383
0.00016283
9.121e-06
8.85317e-06
6.76376e-07
1.53901e-05
3.35639e-05
5.61457e-05
0.0250005
0.000779744
0.0509795
0.000155098
6.11759e-06
7.77531e-06
7.56384e-07
1.26122e-05
2.99962e-05
3.40483e-05
0.0282262
0.000840756
0.0550947
0.000147266
4.10313e-06
6.82866e-06
8.46254e-07
1.03357e-05
2.68076e-05
2.06469e-05
0.0317563
0.000927618
0.0593649
0.000139322
2.752e-06
5.99726e-06
9.46907e-07
8.46997e-06
2.39579e-05
1.25199e-05
0.0355904
0.00103798
0.0637676
0.000131251
1.84578e-06
5.26708e-06
1.05956e-06
6.94097e-06
2.14111e-05
7.59177e-06
0.03972
0.00117124
0.068276
0.00012304
1.23797e-06
4.6258e-06
1.18562e-06
5.6878e-06
1.9135e-05
4.60341e-06
0.0441272
0.00132805
0.0728598
0.000114674
8.30314e-07
4.0626e-06
1.32668e-06
4.66031e-06
1.71008e-05
2.79135e-06
0.0487841
0.00151004
0.0774858
0.000106137
5.56895e-07
3.56796e-06
1.48452e-06
3.81657e-06
1.52828e-05
1.6926e-06
0.0536522
0.00171964
0.0821189
9.74132e-05
3.73513e-07
3.13354e-06
1.66114e-06
3.11943e-06
1.36583e-05
1.02643e-06
0.0586831
0.00195995
0.0867227
8.84848e-05
2.50532e-07
2.75202e-06
1.85878e-06
2.52923e-06
1.22071e-05
6.22755e-07
0.0638194
0.00223476
0.0912608
7.93341e-05
1.68197e-07
2.41701e-06
2.07993e-06
1.98288e-06
1.09127e-05
3.78899e-07
0.0689971
0.00254851
0.0956977
6.99422e-05
1.1448e-07
2.12551e-06
2.32739e-06
1.32739e-06
9.76533e-06
2.34243e-07
0.0741477
0.0029063
0.1
6.0289e-05
9.37348e-08
1.99062e-06
2.60429e-06
7.49561e-07
1.26377e-06
9.14168e-06
1.84904e-07
0.0724036
0.0757675
0.0035425
4.8585e-05
4.09886e-05
2.78461e-06
4.24285e-07
1.21013e-06
8.55784e-06
1.45971e-07
0.0706492
0.077198
0.00432068
3.91523e-05
2.79248e-05
2.97586e-06
2.41453e-07
1.1689e-06
8.0113e-06
1.1526e-07
0.0688872
0.0785272
0.00526886
3.15503e-05
1.90859e-05
3.1795e-06
1.39032e-07
1.14378e-06
7.49965e-06
9.10519e-08
0.0671204
0.0798038
0.00642114
2.5424e-05
1.31094e-05
3.39672e-06
8.20966e-08
1.14039e-06
7.02067e-06
7.20035e-08
0.0653516
0.0810547
0.00781819
2.0487e-05
9.07233e-06
3.6286e-06
5.10061e-08
1.16712e-06
6.57229e-06
5.70731e-08
0.0635834
0.0822946
0.00950787
1.65085e-05
6.34967e-06
3.87624e-06
3.47483e-08
1.23648e-06
6.15254e-06
4.54743e-08
0.0618186
0.0835316
0.0115457
1.33026e-05
4.51806e-06
4.14072e-06
2.71876e-08
1.36705e-06
5.7596e-06
3.66489e-08
0.0600599
0.0847701
0.0139952
1.07191e-05
3.29075e-06
4.42324e-06
2.49561e-08
1.58636e-06
5.39175e-06
3.02681e-08
0.0583099
0.0860122
0.0169277
8.63736e-06
2.4736e-06
4.72503e-06
2.62699e-08
1.93513e-06
5.04739e-06
0.0565712
0.0872592
0.0204216
6.95987e-06
0.0548462
0.0885115
0.0245606
5.60815e-06
0.0531372
0.0897692
0.0294302
4.51895e-06
0.0514461
0.0910322
0.035113
3.64128e-06
0.049774
0.0923003
0.0416815
2.93406e-06
0.04812
0.0935733
0.0491893
2.3642e-06
0.0464772
0.0948509
0.0576599
1.90502e-06
0.0448219
0.0961327
0.0670757
1.53502e-06
0.043081
0.0974184
0.0773672
1.23695e-06
0.0410376
0.0987076
0.0884052
9.99272e-07
0.0380539
0.1
0.1
8.94557e-07
0.0364488
0.0244584
0.0348012
0.0160202
0.0331218
0.0109374
0.0314219
0.00803761
0.0297132
0.00658424
0.0280075
0.00613257
0.0263163
0.0064308
0.0246507
0.00735607
0.0230208
0.0088745
0.0214359
0.0110173
0.019904
0.013867
0.0184317
0.0175494
0.0170245
0.0222287
0.0156865
0.0281016
0.0144205
0.0353892
0.0132281
0.0443231
0.0121098
0.055123
0.0110652
0.0679641
0.0100938
0.0829367
0.00917373
0.1
0.00803825
0.00702551
0.00612659
0.00533213
0.0046326
0.00401871
0.00348152
0.00301263
0.00260425
0.00224924
0.00194115
0.00167415
0.00144305
0.00124324
0.00107063
0.00092168
0.000792994
0.000683243
0.000582163
0.000531114
END_LIST
