BEGIN_LIST
0
3.2004e-117
1.10849e-116
3.03288e-116
7.71142e-116
1.9067e-115
4.66087e-115
1.13388e-114
2.75286e-114
6.67761e-114
1.61919e-113
3.92562e-113
9.51672e-113
2.30705e-112
5.59269e-112
1.35578e-111
3.28664e-111
7.96744e-111
1.93148e-110
4.68232e-110
1.1346e-109
5.02694e-109
1.16821e-109
1.18871e-108
1.20282e-109
2.35276e-108
1.23845e-109
4.2796e-108
1.27514e-109
7.41709e-108
1.31291e-109
1.24723e-107
1.3518e-109
2.05695e-107
1.39185e-109
3.3515e-107
1.43308e-109
5.42505e-107
1.47554e-109
8.76473e-107
1.51928e-109
1.41929e-106
1.56556e-109
2.3127e-106
1.66622e-109
3.80647e-106
4.02625e-109
6.35035e-106
1.025e-107
1.07713e-105
4.29245e-106
1.86196e-105
1.82648e-104
3.28489e-105
7.77509e-103
5.91532e-105
3.30951e-101
1.08547e-104
1.40876e-99
2.02061e-104
5.99685e-98
2.05244e-104
2.72037e-104
1.15798e-104
1.39688e-97
6.40918e-98
2.07619e-104
3.1475e-104
6.70527e-105
2.64461e-97
6.84371e-98
2.09127e-104
3.39827e-104
3.91923e-105
4.51132e-97
7.2993e-98
2.09726e-104
3.53433e-104
2.31021e-105
7.20914e-97
7.77385e-98
2.09395e-104
3.59522e-104
1.37206e-105
1.10021e-96
8.26397e-98
2.08131e-104
3.60633e-104
8.2031e-106
1.62167e-96
8.76463e-98
2.05953e-104
3.58407e-104
4.93276e-106
2.32554e-96
9.26877e-98
2.029e-104
3.5391e-104
2.98095e-106
3.26157e-96
9.76688e-98
1.99028e-104
3.47842e-104
1.80903e-106
4.49172e-96
1.02466e-97
1.94408e-104
3.40667e-104
1.10172e-106
6.09403e-96
1.06924e-97
1.89126e-104
3.32701e-104
6.72928e-107
8.16847e-96
1.10852e-97
1.83271e-104
3.24162e-104
4.12015e-107
1.08456e-95
1.14017e-97
1.76941e-104
3.15205e-104
2.52762e-107
1.43001e-95
1.16138e-97
1.70234e-104
3.05946e-104
1.55309e-107
1.87708e-95
1.16863e-97
1.63246e-104
2.96474e-104
9.55485e-108
2.45931e-95
1.15718e-97
1.56066e-104
2.8686e-104
5.88392e-108
3.22496e-95
1.11998e-97
1.4878e-104
2.77162e-104
3.62588e-108
4.24505e-95
1.04546e-97
1.41464e-104
2.67431e-104
2.23541e-108
5.62666e-95
9.13075e-98
1.34224e-104
2.5771e-104
1.37845e-108
7.53491e-95
6.84507e-98
1.19958e-104
2.48038e-104
8.49959e-109
1.02314e-94
2.84592e-98
1.04676e-104
1.12686e-104
2.53053e-104
1.16466e-104
3.70685e-104
6.18366e-109
1.08738e-94
8.4407e-95
2.664e-98
7.71531e-99
9.1148e-105
1.05702e-104
2.38449e-104
5.4831e-105
4.56623e-104
4.49649e-109
1.14637e-94
6.69922e-95
2.48406e-98
2.07596e-99
7.99139e-105
9.90193e-105
2.07139e-104
2.58402e-105
5.1693e-104
3.26734e-109
1.1995e-94
5.15205e-95
2.30778e-98
5.574e-100
7.26558e-105
9.2647e-105
1.66989e-104
1.21845e-105
5.6054e-104
2.37195e-109
1.24619e-94
3.86687e-95
2.1366e-98
1.49579e-100
7.48351e-105
8.65894e-105
1.26565e-104
5.74762e-106
5.94015e-104
1.71978e-109
1.28588e-94
2.85036e-95
1.97173e-98
4.01349e-101
1.04118e-104
8.08469e-105
9.15664e-105
2.71197e-106
6.21812e-104
1.24487e-109
1.31803e-94
2.07395e-95
1.81413e-98
1.07689e-101
2.17448e-104
7.54165e-105
6.41181e-105
1.27989e-106
6.46742e-104
8.99165e-110
1.34215e-94
1.4953e-95
1.6645e-98
2.88972e-102
5.98226e-104
7.0293e-105
4.39356e-105
6.04114e-107
6.70439e-104
6.47642e-110
1.35778e-94
1.07128e-95
1.52332e-98
7.757e-103
1.83754e-103
6.54687e-105
2.97047e-105
2.85156e-107
6.93745e-104
4.64765e-110
1.36449e-94
7.64174e-96
1.39086e-98
2.08512e-103
5.8424e-103
6.09343e-105
1.99659e-105
1.34587e-107
7.16981e-104
3.31915e-110
1.36192e-94
5.43493e-96
1.26723e-98
5.63568e-104
1.87714e-102
5.66795e-105
1.35403e-105
6.34997e-108
7.40138e-104
2.35521e-110
1.34975e-94
3.85767e-96
1.15236e-98
1.55635e-104
6.05318e-102
5.26929e-105
9.78316e-106
2.99363e-108
7.62998e-104
1.65684e-110
1.32771e-94
2.73443e-96
1.04608e-98
4.65315e-105
1.9552e-101
4.89624e-105
9.08774e-106
1.40899e-108
7.85207e-104
1.15187e-110
1.2956e-94
1.93648e-96
9.48108e-99
1.764e-105
6.32177e-101
4.54758e-105
1.45699e-105
6.60958e-109
8.06326e-104
7.8768e-111
1.25327e-94
1.37054e-96
8.58102e-99
1.03024e-105
2.04554e-100
4.22205e-105
3.77495e-105
3.08007e-109
8.25859e-104
5.25892e-111
1.20065e-94
9.69592e-97
7.75659e-99
8.78189e-106
6.62268e-100
3.91843e-105
1.17395e-104
1.41629e-109
8.43271e-104
3.38533e-111
1.13773e-94
6.85756e-97
7.00344e-99
8.85825e-106
2.14519e-99
3.63548e-105
3.81661e-104
6.33499e-110
8.5801e-104
2.05216e-111
1.06458e-94
4.84954e-97
6.31704e-99
9.40185e-106
6.95134e-99
3.37209e-105
1.2527e-103
2.66602e-110
8.6952e-104
1.11081e-111
9.81321e-95
3.43243e-97
5.69296e-99
1.01126e-105
2.25329e-98
3.12734e-105
4.12018e-103
9.59383e-111
8.77256e-104
4.5302e-112
8.8818e-95
2.46153e-97
5.13251e-99
1.09133e-105
7.30635e-98
2.90102e-105
1.35583e-102
1.77611e-111
8.80711e-104
0
7.8544e-95
2.07596e-97
4.8691e-99
1.17866e-105
4.24244e-98
1.10073e-97
2.77465e-105
2.35946e-102
1.84164e-111
1.03291e-111
8.76664e-104
6.76079e-95
5.61084e-95
1.23379e-105
2.46316e-98
1.619e-97
2.6536e-105
4.08367e-102
1.90961e-111
6.00698e-112
8.604e-104
5.7774e-95
4.00592e-95
1.2912e-105
1.43005e-98
2.345e-97
2.53767e-105
7.05003e-102
1.9802e-111
3.49339e-112
8.31326e-104
4.90633e-95
2.85891e-95
1.35111e-105
8.30229e-99
3.36225e-97
2.42666e-105
1.21566e-101
2.05369e-111
2.03153e-112
7.89605e-104
4.14452e-95
2.03969e-95
1.41369e-105
4.81991e-99
4.78783e-97
2.32038e-105
2.09504e-101
2.13076e-111
1.18133e-112
7.36248e-104
3.48536e-95
1.45483e-95
1.47911e-105
2.79818e-99
6.7859e-97
2.21863e-105
3.60959e-101
2.21308e-111
6.86853e-113
6.7309e-104
2.92008e-95
1.03742e-95
1.54749e-105
1.62446e-99
9.58661e-97
2.12124e-105
6.21827e-101
2.30513e-111
3.99263e-113
6.02649e-104
2.43888e-95
7.39571e-96
1.61898e-105
9.4307e-100
1.35125e-96
2.02804e-105
1.07117e-100
2.41911e-111
2.32e-113
5.27883e-104
2.03176e-95
5.27064e-96
1.69371e-105
5.47489e-100
1.9016e-96
1.93884e-105
1.84517e-100
2.58862e-111
1.34721e-113
4.51892e-104
1.68903e-95
3.75459e-96
1.77183e-105
3.17838e-100
2.67309e-96
1.85349e-105
2.90645e-111
7.81478e-114
3.77613e-104
1.40169e-95
3.62911e-111
4.525e-114
3.07574e-104
1.16159e-95
5.46618e-111
2.61233e-114
2.43719e-104
9.6151e-96
1.03808e-110
1.50064e-114
1.87338e-104
7.9515e-96
2.38051e-110
8.54833e-115
1.39076e-104
6.57076e-96
6.07687e-110
4.79997e-115
9.9013e-105
5.42643e-96
1.62861e-109
2.62748e-115
6.67786e-105
4.47917e-96
4.45162e-109
1.37132e-115
4.16813e-105
3.69578e-96
1.22611e-108
6.47913e-116
2.28349e-105
3.04859e-96
3.38691e-108
2.34072e-116
9.26624e-106
2.52006e-96
9.36611e-108
0
0
2.28421e-96
9.55087e-108
5.34854e-107
9.73927e-108
8.57131e-107
9.93139e-108
1.07733e-106
1.01273e-107
1.22041e-106
1.03271e-107
1.31092e-106
1.05308e-107
1.36727e-106
1.07385e-107
1.40016e-106
1.09503e-107
1.41356e-106
1.11664e-107
1.40672e-106
1.13866e-107
1.37638e-106
1.16112e-107
1.31881e-106
1.18403e-107
1.23146e-106
1.20739e-107
1.11436e-106
1.2312e-107
9.70664e-107
1.25549e-107
8.06667e-107
1.28026e-107
6.31017e-107
1.30551e-107
4.5354e-107
1.33126e-107
2.83933e-107
1.35753e-107
1.30623e-107
1.38418e-107
0
1.42218e-107
1.46123e-107
1.50135e-107
1.54258e-107
1.58493e-107
1.62845e-107
1.67316e-107
1.7191e-107
1.7663e-107
1.8148e-107
1.86463e-107
1.91582e-107
1.96842e-107
2.02247e-107
2.07801e-107
2.135e-107
2.19387e-107
2.25291e-107
2.32026e-107
2.35859e-107
END_LIST
