BEGIN_LIST
0.1
0.0998903
0.0997729
0.0996473
0.099513
0.0993693
0.0992158
0.0990517
0.0988764
0.0986893
0.0984895
0.0982762
0.0980485
0.097805
0.0975437
0.097261
0.0969488
0.0965891
0.0961388
0.0954937
0.0944005
0.0900166
0.0943924
0.0850122
0.0943823
0.0794396
0.0943695
0.0733935
0.0943535
0.0670071
0.0943333
0.0604408
0.094308
0.0538667
0.0942761
0.0474514
0.094236
0.0413412
0.0941855
0.0356511
0.094122
0.0304596
0.0940422
0.0258097
0.0939418
0.0217128
0.0938157
0.0181568
0.0936572
0.0151155
0.0934583
0.0125597
0.0932087
0.0104757
0.092896
0.00889689
0.0924955
0.0079741
0.0916716
0.00813619
0.0798266
0.00726296
0.00883444
0.0085114
0.0720108
0.073287
0.00647372
0.00950882
0.009464
0.0647898
0.0665524
0.00576246
0.0101838
0.0108096
0.0581527
0.0597839
0.00512311
0.0108746
0.0124724
0.052081
0.0531397
0.00454974
0.011591
0.0144282
0.0465502
0.0467613
0.00403661
0.0123395
0.0166763
0.0415317
0.0407639
0.00357823
0.0131245
0.019225
0.0369938
0.035231
0.00316945
0.0139493
0.0220844
0.0329034
0.0302134
0.00280543
0.0148164
0.0252607
0.0292266
0.0257318
0.0024817
0.0157279
0.0287532
0.02593
0.0217822
0.00219412
0.0166855
0.0325514
0.0229806
0.0183414
0.00193894
0.0176906
0.0366332
0.0203467
0.0153732
0.00171269
0.0187445
0.0409628
0.0179978
0.0128332
0.00151227
0.0198482
0.0454917
0.0159042
0.0106723
0.00133486
0.0210026
0.0501585
0.014036
0.00883812
0.00117791
0.0222085
0.0548926
0.0123606
0.00727261
0.00103914
0.0234662
0.0596166
0.0108372
0.00590346
0.000916499
0.0247759
0.064252
0.00940403
0.00462048
0.000808618
0.0261377
0.0687235
0.00795157
0.00321852
0.000665196
0.0275511
0.0729639
0.00626258
0.00126031
0.000546383
0.000595101
0.0183913
0.0409612
0.0185141
0.0756555
0.00605703
0.00430903
0.00110949
0.00033159
0.000448604
0.000532332
0.0118731
0.0488922
0.0125462
0.0782011
0.00585098
0.00294104
0.000976439
8.8678e-05
0.000368197
0.000476136
0.00749188
0.0544596
0.00865026
0.0805922
0.00564417
0.00199618
0.00085913
2.53476e-05
0.000302117
0.000425834
0.00465717
0.0589517
0.00614185
0.0828233
0.00543632
0.0013497
0.00075575
9.03447e-06
0.000247839
0.000380815
0.00286763
0.0628937
0.00455976
0.0848916
0.00522717
0.000910226
0.000664681
5.05268e-06
0.000203273
0.000340532
0.00175527
0.0664898
0.00359708
0.0867971
0.00501643
0.000612767
0.000584487
4.33092e-06
0.000166696
0.00030449
0.00107046
0.0698114
0.00305169
0.0885421
0.00480378
0.000412027
0.000513891
4.50009e-06
0.000136682
0.000272247
0.000651364
0.0728777
0.00279172
0.0901311
0.00458893
0.000276828
0.000451763
4.94493e-06
0.000112061
0.000243406
0.000395804
0.0756901
0.00273207
0.0915702
0.00437153
0.000185891
0.0003971
5.50953e-06
9.1867e-05
0.00021761
0.00024031
0.0782476
0.00281868
0.092867
0.00415125
0.000124782
0.000349015
6.15878e-06
7.53067e-05
0.00019454
0.000145829
0.0805515
0.00301813
0.0940299
0.00392772
8.3741e-05
0.000306726
6.88984e-06
6.1728e-05
0.000173909
8.84674e-05
0.0826081
0.00331071
0.0950681
0.00370058
5.61894e-05
0.00026954
7.70905e-06
5.05949e-05
0.000155461
5.36587e-05
0.084428
0.00368597
0.0959912
0.00346941
3.76984e-05
0.000236845
8.62602e-06
4.14671e-05
0.000138966
3.25423e-05
0.0860255
0.00413976
0.0968087
0.00323381
2.52906e-05
0.000208104
9.65215e-06
3.39816e-05
0.000124218
1.97346e-05
0.0874175
0.00467233
0.0975302
0.00299333
1.69658e-05
0.00018284
1.08003e-05
2.78352e-05
0.000111033
1.19673e-05
0.0886224
0.00528708
0.0981646
0.00274754
1.13809e-05
0.000160636
1.20851e-05
2.27626e-05
9.92466e-05
7.25756e-06
0.0896592
0.00598976
0.0987209
0.00249594
7.63478e-06
0.000141123
1.35227e-05
1.84895e-05
8.87145e-05
4.40341e-06
0.0905465
0.00678792
0.0992072
0.00223803
5.12633e-06
0.000123979
1.51312e-05
1.46048e-05
7.93175e-05
2.67919e-06
0.0913023
0.00769056
0.0996312
0.00197328
3.48953e-06
0.000109054
1.6931e-05
1.01533e-05
7.09863e-05
1.65636e-06
0.0919433
0.00870786
0.1
0.00170114
2.85738e-06
0.000102146
1.89448e-05
5.73267e-06
9.94135e-06
6.64569e-05
1.3075e-06
0.0917124
0.0922141
0.0104853
0.0013806
0.00115373
2.02561e-05
3.24391e-06
9.92066e-06
6.22163e-05
1.03221e-06
0.0914691
0.0925779
0.0126024
0.00111895
0.000782839
2.1647e-05
1.84473e-06
1.01654e-05
5.82461e-05
8.15068e-07
0.0912129
0.0929893
0.0151008
0.000905887
0.0005316
2.31278e-05
1.06055e-06
1.07859e-05
5.4529e-05
6.43928e-07
0.0909431
0.0934237
0.0180223
0.000732738
0.000361454
2.47073e-05
6.24159e-07
1.19463e-05
5.10489e-05
5.09296e-07
0.0906592
0.0938676
0.0214053
0.000592254
0.000246263
2.63934e-05
3.8527e-07
1.38893e-05
4.77907e-05
4.0383e-07
0.0903605
0.0943135
0.0252794
0.000478423
0.00016831
2.81939e-05
2.59576e-07
1.69746e-05
4.47404e-05
3.22007e-07
0.0900464
0.0947576
0.0296602
0.000386287
0.000115593
3.01169e-05
2.00064e-07
2.17332e-05
4.18846e-05
2.59945e-07
0.0897162
0.0951976
0.0345432
0.000311774
7.99764e-05
3.21708e-05
1.80876e-07
2.89505e-05
3.9211e-05
2.15435e-07
0.0893693
0.0956324
0.0398987
0.000251556
5.59517e-05
3.43646e-05
1.88245e-07
3.97859e-05
3.6708e-05
0.089005
0.0960614
0.0456673
0.000202918
0.0886225
0.0964842
0.0517592
0.000163651
0.0882207
0.0969006
0.0580565
0.000131961
0.0877983
0.0973106
0.0644202
0.000106394
0.0873519
0.0977141
0.0707011
8.57706e-05
0.0868739
0.0981111
0.0767522
6.91391e-05
0.0863436
0.0985017
0.0824424
5.57288e-05
0.0857031
0.0988858
0.0876667
4.49171e-05
0.084789
0.0992635
0.0923534
3.62034e-05
0.0831377
0.0996349
0.0964658
2.92526e-05
0.079432
0.1
0.1
2.61897e-05
0.0794071
0.0543138
0.0793789
0.0371701
0.0793471
0.026025
0.0793111
0.0192009
0.0792704
0.0154264
0.0792243
0.013821
0.0791723
0.0138207
0.0791135
0.0150934
0.0790471
0.017467
0.078972
0.0208716
0.0788872
0.0252959
0.0787914
0.0307501
0.0786833
0.0372333
0.0785613
0.0447054
0.0784237
0.0530642
0.0782685
0.0621331
0.0780936
0.0716647
0.0778965
0.0813602
0.0776746
0.0909033
0.0774247
0.1
0.0770263
0.0765585
0.0760106
0.0753705
0.0746249
0.0737595
0.0727593
0.0716086
0.0702921
0.0687952
0.0671052
0.0652122
0.0631105
0.0607994
0.0582844
0.0555804
0.052696
0.049721
0.0463508
0.0444715
END_LIST
