BEGIN_LIST
0
1.46615e-77
5.07657e-77
1.38832e-76
3.52787e-76
8.7172e-76
2.12941e-75
5.17666e-75
1.25591e-74
3.04429e-74
7.3766e-74
1.78717e-73
4.32961e-73
1.04888e-72
2.54099e-72
6.15583e-72
1.49133e-71
3.61298e-71
8.75321e-71
2.12067e-70
5.13791e-70
2.27482e-69
5.29235e-70
5.37378e-69
5.45146e-70
1.06207e-68
5.61539e-70
1.9283e-68
5.78427e-70
3.33467e-68
5.95827e-70
5.59361e-68
6.13753e-70
9.20057e-68
6.32222e-70
1.49496e-67
6.51251e-70
2.41318e-67
6.70856e-70
3.8883e-67
6.91055e-70
6.28064e-67
7.11867e-70
1.02111e-66
7.33338e-70
1.67738e-66
7.56618e-70
2.7939e-66
8.29914e-70
4.73298e-66
3.0044e-69
8.17388e-66
9.45882e-68
1.44109e-65
3.99201e-66
2.59391e-65
1.69877e-64
4.7585e-65
7.23071e-63
8.85652e-65
3.07781e-61
8.99605e-65
1.19233e-64
5.07553e-65
7.16758e-61
3.29013e-61
9.10014e-65
1.37953e-64
2.939e-65
1.35635e-60
3.51393e-61
9.16624e-65
1.48943e-64
1.71785e-65
2.31221e-60
3.74864e-61
9.19253e-65
1.54906e-64
1.0126e-65
3.6917e-60
3.9932e-61
9.17802e-65
1.57574e-64
6.01399e-66
5.62785e-60
4.24585e-61
9.12264e-65
1.58061e-64
3.59559e-66
8.2841e-60
4.50402e-61
9.0272e-65
1.57085e-64
2.16215e-66
1.18606e-59
4.76408e-61
8.89339e-65
1.55114e-64
1.30664e-66
1.66027e-59
5.02115e-61
8.72368e-65
1.52455e-64
7.92958e-67
2.28136e-59
5.26885e-61
8.52122e-65
1.4931e-64
4.82926e-67
3.08713e-59
5.49919e-61
8.28967e-65
1.45819e-64
2.94974e-67
4.12561e-59
5.7023e-61
8.03307e-65
1.42076e-64
1.80607e-67
5.459e-59
5.86622e-61
7.75565e-65
1.3815e-64
1.10801e-67
7.16981e-59
5.97646e-61
7.46169e-65
1.34092e-64
6.80824e-68
9.3704e-59
6.01482e-61
7.15537e-65
1.29941e-64
4.18864e-68
1.22179e-58
5.95685e-61
6.84069e-65
1.25727e-64
2.57945e-68
1.5938e-58
5.76621e-61
6.52135e-65
1.21476e-64
1.5896e-68
2.0863e-58
5.38323e-61
6.20069e-65
1.17211e-64
9.80045e-69
2.74949e-58
4.70209e-61
5.88333e-65
1.12951e-64
6.04361e-69
3.66107e-58
3.52532e-61
5.25706e-65
1.08712e-64
3.72668e-69
4.9446e-58
1.46582e-61
4.58185e-65
4.93839e-65
1.1091e-64
5.10455e-65
1.62466e-64
2.71133e-69
5.25084e-58
4.07801e-58
1.37221e-61
3.97427e-62
3.97248e-65
4.63232e-65
1.04509e-64
2.40317e-65
2.00132e-64
1.97162e-69
5.53175e-58
3.23572e-58
1.2796e-61
1.06954e-62
3.42872e-65
4.33947e-65
9.07863e-65
1.13254e-65
2.26564e-64
1.43271e-69
5.78447e-58
2.48774e-58
1.18887e-61
2.873e-63
2.94819e-65
4.06022e-65
7.31892e-65
5.34032e-66
2.45677e-64
1.04013e-69
6.00622e-58
1.86667e-58
1.10075e-61
7.72161e-64
2.52721e-65
3.79476e-65
5.54718e-65
2.51911e-66
2.60349e-64
7.54167e-70
6.19435e-58
1.37559e-58
1.01588e-61
2.08414e-64
2.16183e-65
3.54311e-65
4.01319e-65
1.18862e-66
2.72532e-64
5.45925e-70
6.34631e-58
1.00063e-58
9.34734e-62
5.72364e-65
1.84953e-65
3.30514e-65
2.81007e-65
5.6096e-67
2.83459e-64
3.94335e-70
6.45975e-58
7.21254e-59
8.57688e-62
1.67766e-65
1.59376e-65
3.08061e-65
1.92522e-65
2.64775e-67
2.93845e-64
2.84038e-70
6.53247e-58
5.16594e-59
7.84988e-62
6.03447e-66
1.41756e-65
2.86919e-65
1.30062e-65
1.2498e-67
3.04059e-64
2.0384e-70
6.5625e-58
3.68402e-59
7.16775e-62
3.27567e-66
1.40696e-65
2.67048e-65
8.70921e-66
5.89875e-68
3.14243e-64
1.45579e-70
6.54808e-58
2.61944e-59
6.531e-62
2.66899e-66
1.85101e-65
2.48402e-65
5.80006e-66
2.78311e-68
3.24393e-64
1.03304e-70
6.48769e-58
1.85876e-59
5.93936e-62
2.65055e-66
3.69442e-65
2.30931e-65
3.84994e-66
1.31207e-68
3.34412e-64
7.26746e-71
6.38007e-58
1.31719e-59
5.3919e-62
2.80156e-66
1.00029e-64
2.14582e-65
2.55122e-66
6.1754e-69
3.44146e-64
5.05264e-71
6.22426e-58
9.32559e-60
4.88723e-62
3.01055e-66
3.07095e-64
1.99302e-65
1.69172e-66
2.89689e-69
3.53402e-64
3.45522e-71
6.01959e-58
6.59836e-60
4.42354e-62
3.24861e-66
9.79939e-64
1.85036e-65
1.13157e-66
1.34995e-69
3.61963e-64
2.30692e-71
5.76569e-58
4.66677e-60
3.99879e-62
3.50906e-66
3.16136e-63
1.7173e-65
7.91493e-67
6.20742e-70
3.69595e-64
1.48507e-71
5.46253e-58
3.29972e-60
3.61073e-62
3.79125e-66
1.02316e-62
1.5933e-65
6.67154e-67
2.77654e-70
3.76055e-64
9.00251e-72
5.11043e-58
2.33285e-60
3.25705e-62
4.09625e-66
3.31508e-62
1.47787e-65
9.15794e-67
1.16848e-70
3.81099e-64
4.87299e-72
4.71004e-58
1.6507e-60
2.93546e-62
4.42567e-66
1.07466e-61
1.37061e-65
2.16922e-66
4.20487e-71
3.8449e-64
1.98737e-72
4.26238e-58
1.18345e-60
2.64664e-62
4.78138e-66
3.48502e-61
1.27143e-65
6.58349e-66
7.78473e-72
3.86004e-64
0
3.76882e-58
9.97918e-61
2.51088e-62
5.16543e-66
2.02319e-61
5.25093e-61
1.21604e-65
1.13287e-65
8.07257e-72
4.52726e-72
3.84231e-64
3.24366e-58
2.69139e-58
5.40729e-66
1.17444e-61
7.72459e-61
1.16299e-65
1.95051e-65
8.37227e-72
2.63288e-72
3.77102e-64
2.7715e-58
1.92091e-58
5.65899e-66
6.81717e-62
1.11909e-60
1.11219e-65
3.35934e-65
8.68658e-72
1.53116e-72
3.64359e-64
2.35334e-58
1.37044e-58
5.92161e-66
3.957e-62
1.60495e-60
1.06354e-65
5.78666e-65
9.02234e-72
8.90424e-73
3.46074e-64
1.98768e-58
9.77408e-59
6.19593e-66
2.2968e-62
2.28607e-60
1.01696e-65
9.96875e-65
9.39788e-72
5.1778e-73
3.22688e-64
1.67134e-58
6.96914e-59
6.48263e-66
1.33313e-62
3.24104e-60
9.72367e-66
1.71741e-64
9.86318e-72
3.0105e-73
2.95007e-64
1.4001e-58
4.96791e-59
6.78233e-66
7.7379e-63
4.58011e-60
9.29686e-66
2.95879e-64
1.05557e-71
1.74998e-73
2.64133e-64
1.16923e-58
3.5404e-59
7.09564e-66
4.4913e-63
6.45781e-60
8.88838e-66
5.09757e-64
1.18553e-71
1.01686e-73
2.31364e-64
9.7393e-59
2.52225e-59
7.42317e-66
2.60687e-63
9.09094e-60
8.49747e-66
8.78242e-64
1.48118e-71
5.90488e-74
1.98058e-64
8.0954e-59
1.79615e-59
7.76555e-66
1.51309e-63
1.27834e-59
8.12343e-66
2.23295e-71
3.42524e-74
1.65503e-64
6.71734e-59
4.24432e-71
1.98332e-74
1.34806e-64
5.566e-59
9.73843e-71
1.14499e-74
1.06819e-64
4.6067e-59
2.48666e-70
6.57734e-75
8.21077e-65
3.80917e-59
6.66494e-70
3.74676e-75
6.09552e-65
3.14733e-59
1.82183e-69
2.10384e-75
4.33961e-65
2.59888e-59
5.01785e-69
1.15163e-75
2.92682e-65
2.14493e-59
1.38606e-68
6.01056e-76
1.82684e-65
1.76957e-59
3.83284e-68
2.83983e-76
1.00083e-65
1.4595e-59
1.06033e-67
1.02594e-76
4.06127e-66
1.20632e-59
2.93388e-67
0
0
1.09334e-59
2.99176e-67
1.67585e-66
3.05077e-67
2.6857e-66
3.11095e-67
3.37568e-66
3.17232e-67
3.82405e-66
3.2349e-67
4.10767e-66
3.29872e-67
4.28425e-66
3.36379e-67
4.38731e-66
3.43015e-67
4.42928e-66
3.49781e-67
4.40785e-66
3.56681e-67
4.31281e-66
3.63718e-67
4.13239e-66
3.70893e-67
3.85872e-66
3.78209e-67
3.49177e-66
3.8567e-67
3.04151e-66
3.93278e-67
2.52764e-66
4.01036e-67
1.97725e-66
4.08947e-67
1.42114e-66
4.17014e-67
8.89685e-67
4.25243e-67
4.09298e-67
4.3359e-67
0
4.45495e-67
4.57728e-67
4.70296e-67
4.8321e-67
4.96478e-67
5.1011e-67
5.24117e-67
5.38508e-67
5.53294e-67
5.68486e-67
5.84095e-67
6.00132e-67
6.1661e-67
6.33539e-67
6.50937e-67
6.68792e-67
6.87234e-67
7.05729e-67
7.26824e-67
7.38833e-67
END_LIST
