BEGIN_LIST
0
1.03369e-43
3.556e-43
9.62823e-43
2.41617e-42
5.88589e-42
1.416e-41
3.38817e-41
8.08801e-41
1.9287e-40
4.59722e-40
1.09559e-39
2.61074e-39
6.2212e-39
1.48246e-38
3.53267e-38
8.41836e-38
2.00613e-37
4.78086e-37
1.13935e-36
2.71533e-36
1.17061e-35
2.8302e-36
2.67995e-35
2.94996e-36
5.06257e-35
3.07482e-36
8.65181e-35
3.20499e-36
1.38545e-34
3.3407e-36
2.1148e-34
3.48219e-36
3.10706e-34
3.6297e-36
4.42075e-34
3.7835e-36
6.11818e-34
3.94384e-36
8.26706e-34
4.11102e-36
1.09488e-33
4.28532e-36
1.42804e-33
4.46705e-36
1.84643e-33
4.65654e-36
2.38883e-33
4.85416e-36
3.13246e-33
5.06281e-36
4.23144e-33
5.39111e-36
5.99175e-33
1.0446e-35
9.01716e-33
2.16217e-34
1.44888e-32
8.96158e-33
2.46718e-32
3.81057e-31
2.50768e-32
3.27129e-32
1.42344e-32
8.85882e-31
4.07947e-31
2.53839e-32
3.76099e-32
8.3249e-33
1.67098e-30
4.36346e-31
2.55857e-32
4.04744e-32
4.93646e-33
2.8354e-30
4.66191e-31
2.5677e-32
4.2018e-32
2.9695e-33
4.49967e-30
4.97353e-31
2.56549e-32
4.26958e-32
1.8135e-33
6.80769e-30
5.29619e-31
2.55188e-32
4.28006e-32
1.12541e-33
9.92856e-30
5.6267e-31
2.52707e-32
4.25209e-32
7.10325e-34
1.40586e-29
5.96054e-31
2.49153e-32
4.19793e-32
4.56319e-34
1.94241e-29
6.29155e-31
2.4459e-32
4.12561e-32
2.98472e-34
2.6285e-29
6.6117e-31
2.39106e-32
4.04048e-32
1.98739e-34
3.49413e-29
6.91082e-31
2.32801e-32
3.94616e-32
1.34602e-34
4.57435e-29
7.17633e-31
2.25785e-32
3.84515e-32
9.25911e-35
5.91094e-29
7.39294e-31
2.18176e-32
3.73925e-32
6.45601e-35
7.55532e-29
7.54205e-31
2.10092e-32
3.6298e-32
4.55189e-35
9.57344e-29
7.60028e-31
2.0165e-32
3.51782e-32
3.2369e-35
1.2054e-28
7.53618e-31
1.92962e-32
3.40415e-32
2.31546e-35
1.51225e-28
7.30318e-31
1.84129e-32
3.28946e-32
1.662e-35
1.89655e-28
6.82497e-31
1.75246e-32
3.17436e-32
1.19424e-35
2.38723e-28
5.96658e-31
1.66444e-32
3.05935e-32
8.5723e-36
3.03091e-28
4.47689e-31
1.48887e-32
2.94488e-32
6.13473e-36
3.9054e-28
1.86463e-31
1.2984e-32
1.39959e-32
3.00326e-32
1.38251e-32
4.40236e-32
4.90859e-36
4.11717e-28
3.2122e-28
1.74637e-31
5.08544e-32
1.12637e-32
1.31376e-32
2.82893e-32
6.50751e-33
5.42388e-32
3.91531e-36
4.30948e-28
2.54206e-28
1.62928e-31
1.39809e-32
9.72753e-33
1.23159e-32
2.45667e-32
3.06624e-33
6.14105e-32
3.11163e-36
4.4804e-28
1.94944e-28
1.51446e-31
4.06669e-33
8.36869e-33
1.15317e-32
1.97988e-32
1.44559e-33
6.65998e-32
2.46252e-36
4.62805e-28
1.4591e-28
1.40287e-31
1.42655e-33
7.17634e-33
1.07857e-32
1.50016e-32
6.81807e-34
7.05863e-32
1.93945e-36
4.75064e-28
1.07258e-28
1.29531e-31
7.43919e-34
6.13711e-33
1.0078e-32
1.08499e-32
3.21672e-34
7.3899e-32
1.5191e-36
4.8465e-28
7.78292e-29
1.19241e-31
5.89157e-34
5.23641e-33
9.40822e-33
7.59503e-33
1.51804e-34
7.68717e-32
1.18243e-36
4.91405e-28
5.59612e-29
1.09464e-31
5.78412e-34
4.45948e-33
8.77587e-33
5.20193e-33
7.16551e-35
7.96987e-32
9.13786e-37
4.95183e-28
3.99832e-29
1.00233e-31
6.08783e-34
3.79213e-33
8.18002e-33
3.51318e-33
3.38287e-35
8.24796e-32
7.00347e-37
4.95854e-28
2.8443e-29
9.15664e-32
6.5283e-34
3.22144e-33
7.61959e-33
2.35177e-33
1.59719e-35
8.52526e-32
5.31588e-37
4.93304e-28
2.01735e-29
8.34716e-32
7.03393e-34
2.73701e-33
7.09334e-33
1.56567e-33
7.54013e-36
8.80164e-32
3.98886e-37
4.87433e-28
1.42793e-29
7.59459e-32
7.58776e-34
2.33418e-33
6.5999e-33
1.03881e-33
3.55783e-36
9.07451e-32
2.95178e-37
4.78162e-28
1.00934e-29
6.89785e-32
8.18762e-34
2.02421e-33
6.13783e-33
6.87815e-34
1.67661e-36
9.33965e-32
2.14694e-37
4.65427e-28
7.12791e-30
6.2552e-32
8.83555e-34
1.86719e-33
5.70566e-33
4.5484e-34
7.87812e-37
9.59183e-32
1.52732e-37
4.49189e-28
5.03049e-30
5.66443e-32
9.5349e-34
2.07891e-33
5.30187e-33
3.00553e-34
3.67908e-37
9.82513e-32
1.05469e-37
4.29426e-28
3.5487e-30
5.12298e-32
1.02896e-33
3.37785e-33
4.92496e-33
1.98534e-34
1.69625e-37
1.00332e-31
6.98077e-38
4.06141e-28
2.50264e-30
4.62805e-32
1.11039e-33
8.1118e-33
4.57348e-33
1.31195e-34
7.61208e-38
1.02094e-31
4.32472e-38
3.79357e-28
1.76469e-30
4.17673e-32
1.19824e-33
2.3917e-32
4.24603e-33
8.69749e-35
3.217e-38
1.03472e-31
2.37772e-38
3.49123e-28
1.24537e-30
3.76614e-32
1.29302e-33
7.56045e-32
3.94153e-33
5.86215e-35
1.16567e-38
1.04401e-31
9.78855e-39
3.15511e-28
8.90501e-31
3.39723e-32
1.39527e-33
2.43781e-31
3.65972e-33
4.26856e-35
2.2244e-39
1.0482e-31
0
2.78617e-28
7.49783e-31
3.22378e-32
1.50555e-33
1.41262e-31
3.6746e-31
3.50229e-33
3.90986e-35
2.32171e-39
1.31676e-39
1.04349e-31
2.39502e-28
1.98341e-28
1.57495e-33
8.18491e-32
5.41242e-31
3.35141e-33
3.90497e-35
2.42662e-39
7.83112e-40
1.02423e-31
2.04393e-28
1.41113e-28
1.64713e-33
4.74221e-32
7.85547e-31
3.20686e-33
4.40178e-35
2.54288e-39
4.68271e-40
9.89707e-32
1.73345e-28
1.00355e-28
1.7224e-33
2.74751e-32
1.12911e-30
3.06837e-33
5.67491e-35
2.67992e-39
2.81738e-40
9.40114e-32
1.46235e-28
7.13449e-29
1.80099e-33
1.59186e-32
1.61235e-30
2.93571e-33
8.21442e-35
2.86282e-39
1.70663e-40
8.76653e-32
1.22814e-28
5.07071e-29
1.88308e-33
9.22344e-33
2.29219e-30
2.80866e-33
1.28793e-34
3.15973e-39
1.04124e-40
8.01506e-32
1.02759e-28
3.60296e-29
1.96886e-33
5.34493e-33
3.24867e-30
2.687e-33
2.11631e-34
3.75791e-39
6.39883e-41
7.17672e-32
8.5712e-29
2.55936e-29
2.05848e-33
3.09833e-33
4.59442e-30
2.57049e-33
3.5653e-34
5.17382e-39
3.95938e-41
6.28675e-32
7.13094e-29
1.81745e-29
2.15212e-33
1.79722e-33
6.48795e-30
2.45895e-33
6.08221e-34
8.8348e-39
2.46447e-41
5.38203e-32
5.92017e-29
1.29007e-29
2.24996e-33
1.04397e-33
9.15218e-30
2.35217e-33
1.86881e-38
1.54067e-41
4.4976e-32
4.90648e-29
4.56525e-38
9.65097e-42
3.66356e-32
4.06061e-29
1.19938e-37
6.03832e-42
2.9031e-32
3.3567e-29
3.25133e-37
3.75711e-42
2.23159e-32
2.77221e-29
8.92517e-37
2.3109e-42
1.65674e-32
2.28775e-29
2.46204e-36
1.39292e-42
1.17952e-32
1.88678e-29
6.80449e-36
8.11593e-43
7.95539e-33
1.55532e-29
1.88198e-35
4.45971e-43
4.96561e-33
1.28156e-29
5.20663e-35
2.1897e-43
2.72043e-33
1.0557e-29
1.44064e-34
8.101e-44
1.10394e-33
8.71495e-30
3.98639e-34
0
0
7.89355e-30
4.06504e-34
2.27712e-33
4.14524e-34
3.64927e-33
4.22702e-34
4.58678e-33
4.31042e-34
5.19598e-33
4.39546e-34
5.58129e-33
4.48218e-34
5.82115e-33
4.57061e-34
5.96112e-33
4.66078e-34
6.01808e-33
4.75274e-34
5.98889e-33
4.84651e-34
5.8597e-33
4.94213e-34
5.61452e-33
5.03963e-34
5.24264e-33
5.13906e-34
4.74406e-33
5.24045e-34
4.13229e-33
5.34385e-34
3.43411e-33
5.44928e-34
2.68633e-33
5.55679e-34
1.93078e-33
5.66643e-34
1.20874e-33
5.77825e-34
5.56076e-34
5.89169e-34
0
6.0535e-34
6.21975e-34
6.39056e-34
6.56607e-34
6.74639e-34
6.93167e-34
7.12204e-34
7.31764e-34
7.51861e-34
7.7251e-34
7.93726e-34
8.15525e-34
8.37923e-34
8.60934e-34
8.84583e-34
9.08853e-34
9.33923e-34
9.59064e-34
9.87742e-34
1.00407e-33
END_LIST
