BEGIN_LIST
0.1
0.0998239
0.0996357
0.0994346
0.09922
0.0989909
0.0987465
0.098486
0.0982083
0.0979125
0.0975977
0.0972625
0.0969058
0.0965258
0.09612
0.0956839
0.0952079
0.0946699
0.0940182
0.0931273
0.091694
0.0861795
0.0916654
0.08011
0.0916295
0.0736048
0.0915842
0.0668187
0.0915273
0.0599279
0.0914558
0.0531122
0.0913659
0.0465379
0.091253
0.0403438
0.0911113
0.0346324
0.0909336
0.0294678
0.0907108
0.0248776
0.0904321
0.0208597
0.0900837
0.0173893
0.0896493
0.0144274
0.0891089
0.0119289
0.0884388
0.00985083
0.0876111
0.00816495
0.0865936
0.00687935
0.0853379
0.00608663
0.0834331
0.00607592
0.0705344
0.00540324
0.00662737
0.00622818
0.0631038
0.0628024
0.00479967
0.00715574
0.00687645
0.0563485
0.0553516
0.00425926
0.00768263
0.00785226
0.0502298
0.0483221
0.00377632
0.00822156
0.00908778
0.044706
0.0418174
0.00334548
0.00878119
0.0105634
0.0397343
0.0359028
0.00296169
0.00936737
0.0122826
0.0352713
0.0306081
0.00262027
0.00998421
0.0142594
0.0312747
0.0259328
0.00231692
0.0106348
0.0165118
0.0277033
0.0218533
0.00204766
0.0113218
0.019058
0.0245179
0.0183302
0.0018089
0.0120473
0.0219132
0.0216814
0.0153141
0.00159736
0.0128132
0.0250872
0.0191594
0.012751
0.00141006
0.0136214
0.0285819
0.0169195
0.0105861
0.00124435
0.0144735
0.0323891
0.0149317
0.00876644
0.00109782
0.0153711
0.0364884
0.0131677
0.00724165
0.000968304
0.0163158
0.0408462
0.0115997
0.00596401
0.000853892
0.017309
0.0454153
0.0101986
0.00488579
0.000752858
0.018352
0.0501354
0.00892844
0.00395245
0.000663666
0.0194459
0.0549358
0.00773665
0.00308616
0.000585286
0.0205918
0.0597389
0.00653068
0.00214692
0.000481172
0.0217906
0.0644645
0.00512799
0.000840049
0.000394956
0.000430333
0.0141946
0.0328205
0.0146052
0.0675614
0.00495945
0.00349628
0.000738772
0.000221063
0.000324093
0.000384835
0.00901076
0.0396197
0.00988622
0.0705605
0.00479051
0.00237129
0.000649599
5.92205e-05
0.000265879
0.000344123
0.00562315
0.0447069
0.00681897
0.0734442
0.00462096
0.00160252
0.000571108
1.70418e-05
0.000218078
0.000307698
0.00347091
0.0490907
0.00485185
0.0761971
0.00445059
0.00108034
0.000502039
6.19153e-06
0.000178842
0.000275114
0.00212777
0.0531624
0.00361658
0.0788063
0.00427916
0.000727116
0.000441273
3.55921e-06
0.000146646
0.000245967
0.00129885
0.0570577
0.00286972
0.081262
0.00410643
0.000488834
0.000387825
3.10132e-06
0.000120232
0.000219899
0.000790783
0.0608064
0.0024517
0.0835573
0.00393216
0.000328393
0.000340822
3.23972e-06
9.85677e-05
0.000196585
0.000480688
0.0643973
0.0022588
0.0856886
0.00375609
0.000220499
0.000299493
3.56484e-06
8.08007e-05
0.000175736
0.000291909
0.0678053
0.00222434
0.0876548
0.00357795
0.000148003
0.000263158
3.97317e-06
6.62322e-05
0.000157094
0.000177163
0.0710043
0.00230615
0.0894575
0.00339746
9.93205e-05
0.000231218
4.44173e-06
5.42877e-05
0.000140425
0.000107484
0.0739732
0.00247832
0.0911007
0.00321431
6.66406e-05
0.000203144
4.96908e-06
4.44955e-05
0.000125522
6.5196e-05
0.0766973
0.00272578
0.0925902
0.00302821
4.4709e-05
0.000178471
5.55996e-06
3.64681e-05
0.000112197
3.95403e-05
0.0791701
0.00304078
0.0939332
0.00283882
2.99931e-05
0.000156788
6.22133e-06
2.98874e-05
0.000100285
2.39787e-05
0.0813917
0.00342061
0.0951383
0.00264581
2.012e-05
0.000137735
6.96143e-06
2.44912e-05
8.96364e-05
1.45409e-05
0.0833688
0.00386608
0.0962145
0.00244882
1.34964e-05
0.000120994
7.78959e-06
2.00611e-05
8.01172e-05
8.81756e-06
0.0851129
0.0043806
0.0971714
0.00224747
9.05326e-06
0.000106284
8.71625e-06
1.6406e-05
7.16088e-05
5.34732e-06
0.0866392
0.00496955
0.098019
0.00204137
6.0731e-06
9.33611e-05
9.75314e-06
1.33301e-05
6.40066e-05
3.24437e-06
0.0879651
0.00563989
0.0987667
0.0018301
4.07763e-06
8.20095e-05
1.09134e-05
1.05433e-05
5.72244e-05
1.97397e-06
0.0891093
0.00639992
0.099424
0.00161323
2.77561e-06
7.21295e-05
1.22116e-05
7.37803e-06
5.12118e-05
1.22037e-06
0.090091
0.00725911
0.1
0.00139031
2.27277e-06
6.7557e-05
1.36642e-05
4.16581e-06
7.25798e-06
4.79432e-05
9.63327e-07
0.0897495
0.0904664
0.00876688
0.00112544
0.000942725
1.46101e-05
2.35741e-06
7.29111e-06
4.48831e-05
7.60502e-07
0.0893907
0.0909303
0.0105746
0.000910233
0.000639508
1.56133e-05
1.34076e-06
7.53818e-06
4.20182e-05
6.00512e-07
0.0890139
0.091439
0.0127245
0.000735658
0.000434125
1.66815e-05
7.71018e-07
8.08963e-06
3.9336e-05
4.74416e-07
0.0886185
0.0919689
0.0152618
0.000594223
0.000295038
1.78209e-05
4.54022e-07
9.07958e-06
3.6825e-05
3.75214e-07
0.0882037
0.0925072
0.018232
0.000479758
0.000200872
1.90372e-05
2.80564e-07
1.07067e-05
3.44742e-05
2.97495e-07
0.0877688
0.0930469
0.0216768
0.000387197
0.000137141
2.03361e-05
1.89392e-07
1.32648e-05
3.22733e-05
2.37184e-07
0.0873132
0.0935842
0.0256297
0.000312399
9.4035e-05
2.17233e-05
1.46355e-07
1.71882e-05
3.0213e-05
1.91413e-07
0.0868361
0.0941171
0.0301103
0.000251989
6.49034e-05
2.3205e-05
1.32674e-07
2.31186e-05
2.82841e-05
1.58537e-07
0.086337
0.0946443
0.0351185
0.00020322
4.52432e-05
2.47877e-05
1.3836e-07
3.20038e-05
2.64782e-05
0.085815
0.0951654
0.0406282
0.000163864
0.0852693
0.0956799
0.0465833
0.000132113
0.0846992
0.0961877
0.0528953
0.000106502
0.0841031
0.0966886
0.0594459
8.58497e-05
0.0834782
0.0971826
0.0660928
6.91972e-05
0.0828174
0.0976696
0.0726804
5.57717e-05
0.0821014
0.0981497
0.0790532
4.49491e-05
0.0812763
0.0986227
0.0850699
3.62254e-05
0.0801903
0.0990888
0.0906149
2.91957e-05
0.0784113
0.0995479
0.0956066
2.35888e-05
0.0747134
0.1
0.1
2.11183e-05
0.0746449
0.0504244
0.0745675
0.0341129
0.07448
0.0236442
0.0743813
0.0172942
0.0742698
0.0138044
0.074144
0.0123265
0.0740023
0.0123282
0.0738425
0.0135034
0.0736625
0.0157008
0.0734599
0.0188701
0.0732321
0.0230221
0.0729761
0.0281957
0.0726887
0.0344284
0.0723663
0.0417279
0.0720052
0.0500461
0.0716012
0.0592599
0.0711499
0.0691627
0.0706465
0.079474
0.0700859
0.0898653
0.0694614
0.1
0.0684834
0.0673607
0.066079
0.064625
0.0629875
0.061158
0.059132
0.0569103
0.0544996
0.0519133
0.0491716
0.0463016
0.0433359
0.0403112
0.0372668
0.0342439
0.0312718
0.0284331
0.0254945
0.0239256
END_LIST
