BEGIN_LIST
0.1
0.0999961
0.0999919
0.0999874
0.0999826
0.0999774
0.0999719
0.0999659
0.0999595
0.0999526
0.0999453
0.0999374
0.0999289
0.0999197
0.0999096
0.0998982
0.0998846
0.0998665
0.0998385
0.0997866
0.0996767
0.0991701
0.0996768
0.0985092
0.0996768
0.0976532
0.0996768
0.0965539
0.0996768
0.0951565
0.0996768
0.0934011
0.0996769
0.0912262
0.0996769
0.0885742
0.0996769
0.0853981
0.0996769
0.0816711
0.0996769
0.0773948
0.099677
0.0726083
0.099677
0.0673933
0.099677
0.061878
0.099677
0.0562397
0.099677
0.0507156
0.099677
0.0456343
0.099677
0.041501
0.0996745
0.0391936
0.0995675
0.0403869
0.0949153
0.0382774
0.0390905
0.0486446
0.0901461
0.0945838
0.0361264
0.0388488
0.0551166
0.0852426
0.0941543
0.0339523
0.0392583
0.0606148
0.0802498
0.0936007
0.0317744
0.0400699
0.0655095
0.0752149
0.0928913
0.0296117
0.0411289
0.069958
0.0701858
0.0919888
0.0274826
0.0423387
0.0740181
0.0652095
0.0908502
0.0254044
0.0436385
0.0777058
0.06033
0.0894277
0.0233922
0.0449892
0.0810239
0.0555873
0.0876704
0.0214593
0.0463654
0.0839756
0.0510163
0.0855271
0.0196163
0.0477499
0.0865701
0.0466457
0.0829501
0.0178715
0.0491308
0.0888242
0.0424977
0.0798992
0.0162307
0.0504995
0.090761
0.0385881
0.0763454
0.0146971
0.0518495
0.0924081
0.0349254
0.0722706
0.0132722
0.0531758
0.093796
0.0315108
0.0676601
0.0119551
0.0544741
0.094956
0.0283363
0.0624809
0.0107439
0.0557413
0.0959183
0.0253811
0.0566308
0.00963486
0.0569744
0.0967116
0.0226021
0.049836
0.00862362
0.0581711
0.0973619
0.0199131
0.0414386
0.00770757
0.0593295
0.0978925
0.0171393
0.0299516
0.00646034
0.0604481
0.0983236
0.0139177
0.0120392
0.00541649
0.00583409
0.0512241
0.079869
0.0427477
0.0985651
0.0134659
0.0105862
0.0109384
0.00319229
0.00452419
0.00526314
0.0407206
0.0887756
0.0304618
0.0987746
0.0130127
0.00779217
0.00990625
0.000857414
0.00376681
0.00474363
0.0303267
0.092936
0.0221445
0.098956
0.0125577
0.00558805
0.00894467
0.000247328
0.00312776
0.00427178
0.0213009
0.0949587
0.0166722
0.0991129
0.0121002
0.00392916
0.00805408
9.03061e-05
0.00259126
0.00384392
0.014274
0.0960087
0.0132067
0.0992485
0.0116396
0.00272324
0.00723368
5.22556e-05
0.00214272
0.00345651
0.00924054
0.0966051
0.0111454
0.0993655
0.0111753
0.0018682
0.00648169
4.57026e-05
0.00176903
0.00310619
0.00584164
0.0969806
0.0100688
0.0994665
0.0107068
0.00127249
0.00579552
4.77959e-05
0.00145861
0.0027898
0.00363576
0.0972406
0.00969131
0.0995535
0.0102332
0.000862473
0.00517199
5.26042e-05
0.00120135
0.00250435
0.00224043
0.0974344
0.00982313
0.0996284
0.0097539
0.000582601
0.00460747
5.86289e-05
0.000988576
0.00224707
0.00137204
0.097586
0.0103403
0.0996929
0.00926817
0.000392647
0.00409811
6.55379e-05
0.000812886
0.00201539
0.000837003
0.0977081
0.0111639
0.0997484
0.0087752
0.000264217
0.00363989
7.33115e-05
0.000668011
0.00180692
0.000509404
0.0978081
0.0122451
0.0997961
0.0082742
0.000177609
0.0032288
8.20194e-05
0.000548676
0.00161947
0.00030958
0.0978905
0.0135551
0.0998371
0.0077643
0.000119307
0.00286088
9.17636e-05
0.000450459
0.00145103
0.000187975
0.0979589
0.0150783
0.0998723
0.00724461
8.01049e-05
0.00253231
0.000102665
0.000369652
0.00129976
0.000114077
0.0980156
0.016807
0.0999025
0.00671418
5.37669e-05
0.00223945
0.000114859
0.000303105
0.00116398
6.92091e-05
0.0980628
0.0187386
0.0999284
0.00617203
3.60811e-05
0.00197887
0.000128498
0.000247983
0.00104217
4.19835e-05
0.0981021
0.0208722
0.0999507
0.00561711
2.42107e-05
0.00174736
0.000143754
0.000201196
0.000932977
2.54773e-05
0.0981347
0.0232079
0.0999697
0.00504833
1.62589e-05
0.001542
0.000160817
0.000157736
0.000835273
1.55031e-05
0.0981618
0.0257441
0.099986
0.00446453
1.10689e-05
0.00136181
0.0001799
0.000105329
0.000748423
9.58563e-06
0.0981843
0.0284771
0.1
0.00386449
9.0643e-06
0.00127811
0.00020124
5.94292e-05
0.000100085
0.000701126
7.56737e-06
0.0981728
0.0982178
0.0329689
0.00323097
0.00263322
0.000215129
3.35713e-05
9.55504e-05
0.000656787
5.97511e-06
0.0981606
0.0982891
0.0378731
0.00268451
0.00179815
0.000229854
1.90165e-05
9.18766e-05
0.000615226
4.71974e-06
0.0981477
0.0983801
0.0431168
0.00221865
0.00123245
0.000245525
1.08386e-05
8.9299e-05
0.000576272
3.73148e-06
0.0981341
0.0984809
0.0486041
0.00182542
0.000849684
0.000262234
6.26164e-06
8.81746e-05
0.000539764
2.95609e-06
0.0981196
0.0985859
0.0542186
0.00149626
0.000591106
0.000280062
3.72291e-06
8.90404e-05
0.000505551
2.35238e-06
0.0981043
0.0986921
0.0598312
0.00122264
0.000416799
0.000299089
2.34385e-06
9.26978e-05
0.000473491
1.89061e-06
0.0980881
0.0987979
0.0653096
0.000996476
0.000299681
0.0003194
1.63218e-06
0.000100338
0.000443451
1.55232e-06
0.0980709
0.0989024
0.0705298
0.000810428
0.000221384
0.000341082
1.31416e-06
0.000113727
0.000415304
1.33178e-06
0.0980527
0.0990052
0.0753869
0.00065797
0.000169462
0.000364227
1.24016e-06
0.00013548
0.000388933
0.0980333
0.0991061
0.0798024
0.000533435
0.0980127
0.0992048
0.0837283
0.00043197
0.0979904
0.0993014
0.0871464
0.000349476
0.0979657
0.0993959
0.0900651
0.00028252
0.0979361
0.0994883
0.092513
0.000228251
0.097895
0.0995785
0.0945331
0.000184314
0.0978235
0.0996668
0.0961758
0.000148774
0.097667
0.099753
0.0974943
0.000120048
0.0972695
0.0998373
0.0985402
9.68486e-05
0.0961828
0.0999196
0.0993613
7.83137e-05
0.0931197
0.1
0.1
7.01407e-05
0.0931197
0.0703325
0.0931197
0.0534161
0.0931196
0.0415529
0.0931196
0.0339004
0.0931196
0.0296393
0.0931195
0.0280608
0.0931195
0.028611
0.0931195
0.030881
0.0931195
0.0345672
0.0931194
0.0394228
0.0931194
0.0452171
0.0931193
0.0517086
0.0931193
0.0586359
0.0931193
0.065726
0.0931192
0.0727141
0.0931192
0.0793684
0.0931191
0.0855101
0.0931191
0.0910232
0.093119
0.0958537
0.0931189
0.1
0.0931188
0.0931187
0.0931185
0.0931184
0.0931182
0.093118
0.0931178
0.0931175
0.0931171
0.0931167
0.0931163
0.0931157
0.0931151
0.0931143
0.0931134
0.0931124
0.0931111
0.0931096
0.0931076
0.0931064
END_LIST
