BEGIN_LIST
0
1.50077e-158
5.19772e-158
1.42193e-157
3.61461e-157
8.93441e-157
2.18298e-156
5.3075e-156
1.28761e-155
3.12055e-155
7.55874e-155
1.83035e-154
4.43118e-154
1.07257e-153
2.5957e-153
6.28085e-153
1.51954e-152
3.67569e-152
8.89009e-152
2.14985e-151
4.58982e-151
1.87353e-150
4.72976e-151
4.35801e-150
4.87379e-151
8.56486e-150
5.02202e-151
1.55192e-149
5.17454e-151
2.68334e-149
5.33148e-151
4.50526e-149
5.49296e-151
7.42246e-149
5.65909e-151
1.20852e-148
5.83007e-151
1.95525e-148
6.00889e-151
3.15783e-148
6.31772e-151
5.11231e-148
1.19515e-150
8.32904e-148
2.44059e-149
1.37072e-147
1.01171e-147
2.28661e-147
4.30356e-146
3.87831e-147
1.832e-144
6.70397e-147
7.79847e-143
1.1827e-146
3.31976e-141
2.12975e-146
1.41308e-139
3.90808e-146
6.0151e-138
7.27492e-146
2.56054e-136
7.38953e-146
9.79431e-146
4.16913e-146
5.96455e-136
2.73654e-136
7.47502e-146
1.13321e-145
2.41414e-146
1.12927e-135
2.92202e-136
7.5293e-146
1.2235e-145
1.41106e-146
1.92649e-135
3.11648e-136
7.55088e-146
1.27249e-145
8.31757e-147
3.0788e-135
3.31903e-136
7.53895e-146
1.29441e-145
4.9399e-147
4.69914e-135
3.52822e-136
7.49345e-146
1.29841e-145
2.9534e-147
6.9272e-135
3.74189e-136
7.41504e-146
1.29039e-145
1.77597e-147
9.93533e-135
3.95705e-136
7.30512e-146
1.2742e-145
1.07325e-147
1.39368e-134
4.16963e-136
7.1657e-146
1.25235e-145
6.51315e-148
1.91971e-134
4.37436e-136
6.99939e-146
1.22652e-145
3.96658e-148
2.60513e-134
4.56459e-136
6.80919e-146
1.19784e-145
2.42278e-148
3.49288e-134
4.73217e-136
6.5984e-146
1.1671e-145
1.4834e-148
4.63909e-134
4.8672e-136
6.37052e-146
1.13485e-145
9.10032e-149
6.11883e-134
4.95767e-136
6.12904e-146
1.10151e-145
5.59166e-149
8.03492e-134
4.98855e-136
5.87742e-146
1.06741e-145
3.44008e-149
1.05317e-133
4.93958e-136
5.61894e-146
1.0328e-145
2.11842e-149
1.38169e-133
4.78071e-136
5.35662e-146
9.97882e-146
1.30544e-149
1.81963e-133
4.46255e-136
5.09332e-146
9.62847e-146
8.04825e-150
2.41306e-133
3.89744e-136
4.82263e-146
9.27849e-146
4.96289e-150
3.23304e-133
2.92178e-136
5.28081e-146
8.93025e-146
3.06015e-150
4.39205e-133
1.21476e-136
9.99764e-146
4.95191e-146
9.11115e-146
4.19319e-146
1.3346e-145
2.22633e-150
4.66817e-133
3.62346e-133
1.1371e-136
3.29319e-137
2.55992e-145
4.63686e-146
8.58605e-146
1.97411e-146
1.644e-145
1.61889e-150
4.92171e-133
2.87595e-133
1.06029e-136
8.86092e-138
7.5559e-145
4.33619e-146
7.46033e-146
9.30338e-147
1.86112e-145
1.17636e-150
5.15011e-133
2.2118e-133
9.85039e-137
2.37916e-138
2.34589e-144
4.05018e-146
6.01856e-146
4.38687e-147
2.01813e-145
8.53985e-151
5.35084e-133
1.66011e-133
9.1197e-137
6.38447e-139
7.41283e-144
3.77894e-146
4.57325e-146
2.06935e-147
2.13866e-145
6.1918e-151
5.52149e-133
1.22373e-133
8.41595e-137
1.71305e-139
2.35971e-143
3.52238e-146
3.34221e-146
9.76406e-148
2.23874e-145
4.48195e-151
5.65978e-133
8.9042e-134
7.74321e-137
4.59623e-140
7.54244e-143
3.28032e-146
2.44169e-146
4.60807e-148
2.32849e-145
3.23731e-151
5.76355e-133
6.41998e-134
7.1045e-137
1.2332e-140
2.41774e-142
3.05241e-146
1.98855e-146
2.17503e-148
2.41381e-145
2.33173e-151
5.83085e-133
4.5996e-134
6.50187e-137
3.30883e-141
7.76748e-142
2.83827e-146
2.34649e-146
1.02666e-148
2.49772e-145
1.67331e-151
5.85985e-133
3.28109e-134
5.93649e-137
8.87814e-142
2.50003e-141
2.63741e-146
4.8013e-146
4.84559e-149
2.58137e-145
1.19501e-151
5.84898e-133
2.33362e-134
5.40876e-137
2.3822e-142
8.05859e-141
2.44931e-146
1.36867e-145
2.28621e-149
2.66475e-145
8.47957e-152
5.79685e-133
1.65642e-134
4.91845e-137
6.39226e-143
2.60083e-140
2.2734e-146
4.33261e-145
1.07781e-149
2.74705e-145
5.96521e-152
5.70232e-133
1.17415e-134
4.4648e-137
1.71545e-143
8.40258e-140
2.10912e-146
1.40841e-144
5.07285e-150
2.82701e-145
4.14714e-152
5.56452e-133
8.31531e-135
4.04663e-137
4.60541e-144
2.71695e-139
1.95586e-146
4.61169e-144
2.37968e-150
2.90305e-145
2.83592e-152
5.38282e-133
5.88528e-135
3.66245e-137
1.23817e-144
8.79129e-139
1.81304e-146
1.51388e-143
1.10893e-150
2.97337e-145
1.89339e-152
5.15691e-133
4.16367e-135
3.31056e-137
3.34781e-145
2.84626e-138
1.68006e-146
4.97539e-143
5.09915e-151
3.03606e-145
1.21883e-152
4.88674e-133
2.94488e-135
2.98909e-137
9.25565e-146
9.21939e-138
1.55637e-146
1.63619e-142
2.28082e-151
3.08913e-145
7.38848e-153
4.57259e-133
2.08261e-135
2.69612e-137
2.77746e-146
2.98745e-137
1.44143e-146
5.38265e-142
9.59861e-152
3.13056e-145
3.99928e-153
4.21504e-133
1.47408e-135
2.42975e-137
1.06289e-146
9.68378e-137
1.33481e-146
1.77114e-141
3.45411e-152
3.15842e-145
1.63103e-153
3.81502e-133
1.05714e-135
2.19054e-137
6.28688e-147
3.13995e-136
1.2364e-146
5.8286e-141
6.39458e-153
3.17086e-145
0
3.37376e-133
8.91564e-136
2.07811e-137
5.40224e-147
1.82324e-136
4.73043e-136
1.18152e-146
1.01431e-140
6.63043e-153
3.71881e-153
3.15629e-145
2.90405e-133
2.41014e-133
5.40149e-147
1.0586e-136
6.95758e-136
1.129e-146
1.75551e-140
6.87495e-153
2.16271e-153
3.09773e-145
2.48167e-133
1.72079e-133
5.5313e-147
6.14604e-137
1.00773e-135
1.07874e-146
3.03066e-140
7.12851e-153
1.25774e-153
2.99305e-145
2.10752e-133
1.22811e-133
5.73101e-147
3.5682e-137
1.44486e-135
1.03067e-146
5.22577e-140
7.39153e-153
7.31416e-154
2.84285e-145
1.7803e-133
8.76222e-134
5.97121e-147
2.07156e-137
2.05742e-135
9.84692e-147
9.00581e-140
7.6646e-153
4.25317e-154
2.65074e-145
1.49717e-133
6.24995e-134
6.23786e-147
1.20265e-137
2.91596e-135
9.40718e-147
1.55161e-139
7.9488e-153
2.4729e-154
2.42335e-145
1.25436e-133
4.45688e-134
6.52436e-147
6.98204e-138
4.11933e-135
8.98668e-147
2.67292e-139
8.24652e-153
1.43748e-154
2.16974e-145
1.04767e-133
3.17737e-134
6.82781e-147
4.05344e-138
5.80613e-135
8.58464e-147
4.60434e-139
8.56369e-153
8.35277e-155
1.90056e-145
8.72794e-134
2.26446e-134
7.14713e-147
2.35322e-138
8.17066e-135
8.20032e-147
7.93117e-139
8.91613e-153
4.85041e-155
1.62696e-145
7.25573e-134
1.61316e-134
7.48212e-147
1.36616e-138
1.14852e-134
7.83301e-147
9.34692e-153
2.81358e-155
1.35953e-145
6.02143e-134
9.97452e-153
1.62915e-155
1.10737e-145
4.99005e-134
1.11261e-152
9.40523e-156
8.77471e-146
4.13058e-134
1.3706e-152
5.40278e-156
6.74479e-146
3.41595e-134
2.0216e-152
3.07768e-156
5.0072e-146
2.82281e-134
3.75775e-152
1.72815e-156
3.5648e-146
2.33123e-134
8.49422e-152
9.45977e-157
2.40426e-146
1.9243e-134
2.15303e-151
4.93722e-157
1.50067e-146
1.58777e-134
5.75297e-151
2.3327e-157
8.22135e-147
1.30974e-134
1.5707e-150
8.42734e-158
3.33616e-147
1.08268e-134
4.32444e-150
0
0
9.81362e-135
4.40973e-150
2.4642e-149
4.4967e-150
3.94828e-149
4.58538e-150
4.96223e-149
4.67581e-150
5.62109e-149
4.76802e-150
6.03781e-149
4.86206e-150
6.29725e-149
4.95795e-150
6.44865e-149
5.05573e-150
6.51028e-149
5.15543e-150
6.47873e-149
5.25711e-150
6.339e-149
5.36079e-150
6.0738e-149
5.46651e-150
5.67154e-149
5.57432e-150
5.13219e-149
5.68426e-150
4.4704e-149
5.79636e-150
3.7151e-149
5.91068e-150
2.90615e-149
6.02724e-150
2.08878e-149
6.14611e-150
1.30765e-149
6.26735e-150
6.01581e-150
6.39035e-150
0
6.56577e-150
6.74601e-150
6.9312e-150
7.12147e-150
7.31696e-150
7.51782e-150
7.72419e-150
7.93623e-150
8.15409e-150
8.37792e-150
8.6079e-150
8.84419e-150
9.08697e-150
9.33639e-150
9.59273e-150
9.85578e-150
1.01275e-149
1.04e-149
1.07108e-149
1.08877e-149
END_LIST
