BEGIN_LIST
0
6.89863e-36
2.36841e-35
6.39391e-35
1.59909e-34
3.88202e-34
9.3089e-34
2.22093e-33
5.28818e-33
1.25827e-32
2.99347e-32
7.12191e-32
1.69457e-31
4.03248e-31
9.59676e-31
2.2841e-30
5.43663e-30
1.2941e-29
3.08055e-29
7.33334e-29
1.74579e-28
7.51312e-28
1.82104e-28
1.71651e-27
1.89954e-28
3.23293e-27
1.98146e-28
5.50252e-27
2.06693e-28
8.76429e-27
2.15611e-28
1.32861e-26
2.24917e-28
1.93486e-26
2.34628e-28
2.72198e-26
2.44761e-28
3.71234e-26
2.55335e-28
4.92036e-26
2.66369e-28
6.34983e-26
2.77884e-28
7.99346e-26
2.89901e-28
9.83722e-26
3.02442e-28
1.18729e-25
3.15531e-28
1.41241e-25
3.29205e-28
1.66962e-25
3.44056e-28
1.98682e-25
3.84186e-28
2.4263e-25
1.47354e-27
3.11631e-25
4.71612e-26
4.30668e-25
1.98972e-24
4.38769e-25
5.44015e-25
2.59385e-25
4.61763e-24
2.13322e-24
4.45217e-25
6.12351e-25
1.61394e-25
8.68318e-24
2.28512e-24
4.49872e-25
6.51671e-25
1.04134e-25
1.46709e-23
2.44511e-24
4.52629e-25
6.72172e-25
6.98235e-26
2.31543e-23
2.61257e-24
4.5342e-25
6.80361e-25
4.8631e-26
3.47957e-23
2.78642e-24
4.52223e-25
6.80401e-25
3.5066e-26
5.03431e-23
2.96501e-24
4.49057e-25
6.74968e-25
2.60305e-26
7.06243e-23
3.14597e-24
4.43985e-25
6.65797e-25
1.97591e-26
9.65416e-23
3.32606e-24
4.3711e-25
6.54023e-25
1.52332e-26
1.29066e-22
3.501e-24
4.28568e-25
6.40398e-25
1.1856e-26
1.69237e-22
3.66534e-24
4.18524e-25
6.25434e-25
9.26968e-27
2.18172e-22
3.81232e-24
4.07162e-25
6.09488e-25
7.2529e-27
2.77091e-22
3.93369e-24
3.94681e-25
5.92814e-25
5.66298e-27
3.47375e-22
4.01932e-24
3.81282e-25
5.75607e-25
4.40311e-27
4.30681e-22
4.05652e-24
3.67167e-25
5.58015e-25
3.40406e-27
5.29155e-22
4.02816e-24
3.52528e-25
5.4016e-25
2.61377e-27
6.45822e-22
3.90895e-24
3.37547e-25
5.22145e-25
1.99155e-27
7.85307e-22
3.65758e-24
3.2239e-25
5.0406e-25
1.50472e-27
9.55141e-22
3.20129e-24
3.07293e-25
4.85981e-25
1.12663e-27
1.16818e-21
2.4051e-24
2.75936e-25
4.67979e-25
8.35363e-28
1.4472e-21
1.00574e-24
2.41131e-25
2.60021e-25
4.76686e-25
2.1974e-25
7.00095e-25
6.81948e-28
1.51602e-21
1.18731e-21
9.42526e-25
2.78869e-25
2.09616e-25
2.44679e-25
4.48562e-25
1.0352e-25
8.62956e-25
5.53769e-28
1.57785e-21
9.37309e-22
8.79871e-25
8.13456e-26
1.81404e-25
2.29947e-25
3.892e-25
4.88697e-26
9.7751e-25
4.47177e-28
1.63204e-21
7.17084e-22
8.18371e-25
2.85258e-26
1.56389e-25
2.15849e-25
3.1343e-25
2.31214e-26
1.06063e-24
3.58968e-28
1.67803e-21
5.35455e-22
7.58543e-25
1.48156e-26
1.34389e-25
2.02401e-25
2.37329e-25
1.09708e-26
1.12472e-24
2.86335e-28
1.71523e-21
3.92697e-22
7.00822e-25
1.16686e-26
1.1517e-25
1.89608e-25
1.71548e-25
5.22636e-27
1.17817e-24
2.26836e-28
1.74312e-21
2.84292e-22
6.45553e-25
1.14028e-26
9.84761e-26
1.7747e-25
1.2002e-25
2.50376e-27
1.2263e-24
1.78359e-28
1.76121e-21
2.0394e-22
5.92997e-25
1.19554e-26
8.40429e-26
1.65979e-25
8.21638e-26
1.20877e-27
1.27217e-24
1.39084e-28
1.76904e-21
1.45373e-22
5.43335e-25
1.27753e-26
7.16137e-26
1.55123e-25
5.5466e-26
5.89662e-28
1.31736e-24
1.07453e-28
1.76621e-21
1.03174e-22
4.96673e-25
1.37179e-26
6.09469e-26
1.44885e-25
3.71153e-26
2.91522e-28
1.36248e-24
8.21396e-29
1.75236e-21
7.30052e-23
4.53058e-25
1.47481e-26
5.18245e-26
1.35246e-25
2.4701e-26
1.465e-28
1.40748e-24
6.20194e-29
1.7272e-21
5.15528e-23
4.12478e-25
1.58607e-26
4.40642e-26
1.26184e-25
1.63845e-26
7.50038e-29
1.45195e-24
4.61445e-29
1.69048e-21
3.63534e-23
3.74881e-25
1.70588e-26
3.7554e-26
1.17677e-25
1.08462e-26
3.9148e-29
1.49521e-24
3.37202e-29
1.64201e-21
2.56108e-23
3.40179e-25
1.83478e-26
3.23594e-26
1.09699e-25
7.17133e-27
2.07943e-29
1.5364e-24
2.40842e-29
1.58168e-21
1.80308e-23
3.08255e-25
1.97344e-26
2.90751e-26
1.02225e-25
4.73831e-27
1.11845e-29
1.57457e-24
1.66867e-29
1.50943e-21
1.26884e-23
2.78976e-25
2.12259e-26
2.99677e-26
9.52301e-26
3.12965e-27
6.03794e-30
1.60869e-24
1.10741e-29
1.42528e-21
8.92613e-24
2.52195e-25
2.28302e-26
4.26954e-26
8.86896e-26
2.06716e-27
3.2271e-30
1.63771e-24
6.87481e-30
1.32932e-21
6.27837e-24
2.27756e-25
2.45557e-26
9.24066e-26
8.25802e-26
1.36671e-27
1.67138e-30
1.66055e-24
3.78529e-30
1.22171e-21
4.41955e-24
2.05508e-25
2.64115e-26
2.61091e-25
7.68831e-26
9.08369e-28
8.07262e-31
1.67616e-24
1.55968e-30
1.1027e-21
3.15225e-24
1.85504e-25
2.84072e-26
8.15603e-25
7.15955e-26
6.19338e-28
3.32003e-31
1.68355e-24
0
9.72592e-22
2.65037e-24
1.76096e-25
3.05533e-26
4.71894e-25
1.22642e-24
6.86359e-26
5.22436e-28
3.80781e-31
2.58931e-31
1.67697e-24
8.351e-22
6.90358e-22
3.18999e-26
2.73008e-25
1.80524e-24
6.57952e-26
4.52207e-28
4.37244e-31
2.00844e-31
1.6469e-24
7.11871e-22
4.89735e-22
3.32984e-26
1.57942e-25
2.62131e-24
6.30689e-26
4.10819e-28
5.02679e-31
1.5469e-31
1.59219e-24
6.03054e-22
3.47261e-22
3.47543e-26
9.13777e-26
3.77237e-24
6.04529e-26
4.05091e-28
5.78694e-31
1.18166e-31
1.51311e-24
5.08166e-22
2.4615e-22
3.62718e-26
5.28743e-26
5.39637e-24
5.79429e-26
4.49333e-28
6.67473e-31
8.94457e-32
1.41159e-24
4.26297e-22
1.74429e-22
3.78541e-26
3.0605e-26
7.6881e-24
5.5535e-26
5.70358e-28
7.7245e-31
6.70395e-32
1.29111e-24
3.56281e-22
1.23572e-22
3.95046e-26
1.77278e-26
1.09224e-23
5.32253e-26
8.16231e-28
9.00096e-31
4.9714e-32
1.1565e-24
2.96841e-22
8.75195e-23
4.12261e-26
1.02846e-26
1.54872e-23
5.101e-26
1.27146e-27
1.06482e-30
3.64455e-32
1.01344e-24
2.46682e-22
6.19656e-23
4.30218e-26
5.98576e-27
2.19299e-23
4.88855e-26
2.08328e-27
1.30245e-30
2.63872e-32
8.67877e-25
2.04566e-22
4.38558e-23
4.48948e-26
3.5072e-27
3.10229e-23
4.68483e-26
1.70745e-30
1.88443e-32
7.25475e-25
1.69347e-22
2.53584e-30
1.32517e-32
5.91103e-25
1.39992e-22
4.48973e-30
9.15533e-33
4.6852e-25
1.15592e-22
9.50463e-30
6.19404e-33
3.60226e-25
9.53556e-23
2.29277e-29
4.084e-33
2.67485e-25
7.86015e-23
5.95439e-29
2.60467e-33
1.90468e-25
6.47508e-23
1.60253e-28
1.58673e-33
1.2848e-25
5.33138e-23
4.38207e-28
9.01674e-34
8.02037e-26
4.3879e-23
1.20648e-27
4.53198e-34
4.39432e-26
3.6104e-23
3.33139e-27
1.69995e-34
1.78328e-26
2.97698e-23
9.21015e-27
0
0
2.69471e-23
9.39231e-27
5.2584e-26
9.57808e-27
8.4262e-26
9.76755e-27
1.05898e-25
9.96078e-27
1.19949e-25
1.01579e-26
1.28826e-25
1.03588e-26
1.34343e-25
1.05638e-26
1.37553e-25
1.07729e-26
1.38847e-25
1.09861e-26
1.38154e-25
1.12036e-26
1.35156e-25
1.14254e-26
1.29486e-25
1.16516e-26
1.20897e-25
1.18823e-26
1.0939e-25
1.21176e-26
9.5277e-26
1.23576e-26
7.91743e-26
1.26024e-26
6.1931e-26
1.28521e-26
4.45107e-26
1.31068e-26
2.78645e-26
1.33666e-26
1.28188e-26
1.36302e-26
0
1.40063e-26
1.43929e-26
1.47903e-26
1.51987e-26
1.56185e-26
1.60501e-26
1.64936e-26
1.69496e-26
1.74183e-26
1.79002e-26
1.83955e-26
1.89048e-26
1.94283e-26
1.99665e-26
2.052e-26
2.10884e-26
2.1676e-26
2.22656e-26
2.29388e-26
2.33222e-26
END_LIST
