BEGIN_LIST
0.1
0.0999064
0.0998061
0.0996988
0.099584
0.0994611
0.0993297
0.0991893
0.0990391
0.0988787
0.0987074
0.0985244
0.0983287
0.0981194
0.0978944
0.0976504
0.0973801
0.0970666
0.0966698
0.0960926
0.0950985
0.0910642
0.0950933
0.0864076
0.0950867
0.0811604
0.0950784
0.0753962
0.095068
0.0692296
0.095055
0.0628076
0.0950385
0.0562967
0.0950178
0.0498659
0.0949918
0.0436709
0.0949591
0.037841
0.0949179
0.0324713
0.0948661
0.0276208
0.0948009
0.0233155
0.0947189
0.019555
0.0946157
0.0163217
0.094486
0.0135937
0.0943229
0.0113643
0.0941179
0.00967804
0.0938525
0.00870931
0.0932196
0.00894139
0.081849
0.00799374
0.00968439
0.00942537
0.0740445
0.0758403
0.00713477
0.0104066
0.0105068
0.0667936
0.0695208
0.00635864
0.0111319
0.0120002
0.0600948
0.0630362
0.00565936
0.0118755
0.0138285
0.0539381
0.0565414
0.00503093
0.0126467
0.015966
0.0483061
0.0501865
0.00446746
0.0134521
0.0184098
0.043176
0.0441041
0.00396327
0.0142958
0.0211649
0.0385211
0.0384008
0.00351297
0.0151811
0.0242369
0.0343121
0.0331521
0.00311143
0.0161104
0.0276261
0.0305181
0.0284026
0.00275392
0.0170855
0.0313246
0.0271078
0.0241685
0.002436
0.018108
0.0353134
0.0240498
0.020443
0.00215362
0.019179
0.0395608
0.0213135
0.0172013
0.00190306
0.0202997
0.0440219
0.0188688
0.0144069
0.00168094
0.0214707
0.048639
0.0166863
0.0120144
0.00148419
0.0226927
0.053344
0.014736
0.00997261
0.00131004
0.023966
0.0580614
0.0129848
0.00822156
0.00115597
0.0252905
0.0627127
0.0113906
0.00668343
0.00101976
0.0266662
0.0672216
0.00988937
0.00523621
0.000899888
0.0280924
0.0715186
0.0083671
0.00364947
0.00074047
0.0295685
0.075545
0.00659712
0.00142956
0.000608385
0.000662528
0.0199207
0.0437478
0.0198926
0.0780747
0.00638068
0.00455469
0.00125903
0.000376121
0.000499627
0.000592716
0.0129445
0.0520109
0.0134901
0.0804495
0.00616371
0.0031161
0.00110847
0.000100552
0.000410153
0.0005302
0.00820363
0.0576796
0.00930397
0.0826642
0.00594593
0.00211846
0.000975626
2.87001e-05
0.000336596
0.00047423
0.00511399
0.0621441
0.00660534
0.0847162
0.00572705
0.00143399
0.000858482
1.01868e-05
0.000276159
0.000424131
0.00315451
0.0659811
0.00490119
0.0866057
0.0055068
0.000967799
0.000755231
5.66211e-06
0.000226525
0.000379293
0.001933
0.0694226
0.00386266
0.0883355
0.00528486
0.000651861
0.000664265
4.83496e-06
0.00018578
0.000339171
0.00117966
0.0725572
0.00327275
0.08991
0.00506093
0.000438467
0.000584152
5.01755e-06
0.000152341
0.000303274
0.000718104
0.075416
0.00298972
0.0913356
0.00483465
0.000294661
0.000513621
5.51176e-06
0.000124907
0.00027116
0.000436469
0.0780103
0.00292199
0.0926199
0.0046057
0.000197898
0.000451544
6.1406e-06
0.000102403
0.000242435
0.000265041
0.0803465
0.00301131
0.0937715
0.00437371
0.000132856
0.000396922
6.86409e-06
8.39464e-05
0.000216742
0.000160852
0.0824326
0.00322157
0.0947994
0.00413829
8.91659e-05
0.000348871
7.67883e-06
6.8812e-05
0.000193764
9.75867e-05
0.08428
0.00353145
0.0957132
0.00389906
5.98324e-05
0.000306607
8.59183e-06
5.64028e-05
0.000173216
5.9192e-05
0.085903
0.00392952
0.0965226
0.00365559
4.01439e-05
0.000269442
9.61379e-06
4.62282e-05
0.000154842
3.58989e-05
0.0873184
0.00441113
0.0972367
0.00340746
2.69319e-05
0.000236765
1.07574e-05
3.78838e-05
0.000138413
2.17704e-05
0.0885446
0.0049763
0.0978649
0.00315419
1.80671e-05
0.000208037
1.2037e-05
3.10319e-05
0.000123724
1.3202e-05
0.0896006
0.00562843
0.0984157
0.00289531
1.21199e-05
0.000182785
1.34689e-05
2.53762e-05
0.000110593
8.00636e-06
0.0905052
0.00637336
0.0988974
0.00263032
8.13057e-06
0.00016059
1.5071e-05
2.061e-05
9.88585e-05
4.85776e-06
0.0912763
0.00721882
0.0993174
0.00235869
5.45925e-06
0.000141088
1.68636e-05
1.6271e-05
8.83885e-05
2.95564e-06
0.0919309
0.00817401
0.0996828
0.00207985
3.71618e-06
0.000124109
1.88694e-05
1.12812e-05
7.91057e-05
1.82728e-06
0.0924844
0.00924929
0.1
0.00179322
3.04298e-06
0.00011625
2.11138e-05
6.36943e-06
1.10243e-05
7.40589e-05
1.44241e-06
0.0922824
0.0927273
0.0111249
0.00145674
0.00121629
2.25752e-05
3.60414e-06
1.0971e-05
6.93338e-05
1.13873e-06
0.0920694
0.0930629
0.0133536
0.00118158
0.000825379
2.41252e-05
2.04945e-06
1.11993e-05
6.49098e-05
8.99178e-07
0.0918449
0.0934461
0.0159761
0.000957209
0.000560572
2.57755e-05
1.17808e-06
1.18255e-05
6.07678e-05
7.10382e-07
0.0916083
0.0938523
0.0190323
0.000774653
0.000381238
2.75357e-05
6.9313e-07
1.30223e-05
5.68899e-05
5.61865e-07
0.0913591
0.094268
0.0225572
0.000626398
0.000259829
2.94147e-05
4.27599e-07
1.50458e-05
5.32593e-05
4.45528e-07
0.0910967
0.094686
0.0265753
0.000506178
0.000177673
3.14212e-05
2.87812e-07
1.82748e-05
4.98602e-05
3.55281e-07
0.0908205
0.0951023
0.031095
0.000408809
0.000122117
3.35642e-05
2.21526e-07
2.32691e-05
4.66779e-05
2.86852e-07
0.0905299
0.0955146
0.0361028
0.000330026
8.45896e-05
3.58531e-05
2.00002e-07
3.08564e-05
4.36986e-05
2.37812e-07
0.0902242
0.0959219
0.0415583
0.000266332
5.92816e-05
3.82979e-05
2.0793e-07
4.2259e-05
4.09093e-05
0.0899028
0.0963236
0.0473915
0.000214868
0.089565
0.0967192
0.0535024
0.000173309
0.0892097
0.0971086
0.0597657
0.000139762
0.0888354
0.0974918
0.066039
0.000112692
0.0884389
0.0978687
0.0721741
9.08539e-05
0.0880124
0.0982394
0.0780306
7.32406e-05
0.0875349
0.0986038
0.0834878
5.90371e-05
0.0869476
0.0989621
0.0884542
4.75852e-05
0.0860842
0.0993142
0.0928723
3.8355e-05
0.0844732
0.0996601
0.0967186
3.09917e-05
0.0807741
0.1
0.1
2.77471e-05
0.0807566
0.0554784
0.0807369
0.0381229
0.0807146
0.0267923
0.0806894
0.0198338
0.0806609
0.0159784
0.0806286
0.0143393
0.0805921
0.0143442
0.0805509
0.0156537
0.0805043
0.0180888
0.0804516
0.0215731
0.080392
0.0260873
0.0803247
0.031631
0.0802486
0.0381902
0.0801627
0.0457087
0.0800656
0.054067
0.0799561
0.0630736
0.0798324
0.0724708
0.0796928
0.0819581
0.0795354
0.0912272
0.0793577
0.1
0.0790736
0.0787387
0.0783446
0.0778817
0.0773391
0.0767046
0.0759651
0.0751059
0.0741119
0.072967
0.0716557
0.0701628
0.0684751
0.0665819
0.0644763
0.062159
0.0596233
0.0569422
0.0538072
0.0520319
END_LIST
