BEGIN_LIST
0.1
0.0999792
0.099957
0.0999331
0.0999074
0.09988
0.0998505
0.099819
0.0997852
0.0997489
0.0997101
0.0996685
0.0996238
0.0995756
0.0995234
0.0994657
0.0993995
0.0993179
0.0992034
0.0990139
0.0986452
0.0970214
0.0986451
0.0949934
0.0986451
0.0924985
0.0986449
0.0894817
0.0986448
0.0859033
0.0986446
0.0817483
0.0986444
0.0770347
0.0986441
0.0718182
0.0986437
0.0661934
0.0986433
0.0602882
0.0986427
0.0542532
0.098642
0.0482475
0.0986411
0.0424249
0.0986399
0.036923
0.0986385
0.0318605
0.0986367
0.0273471
0.0986345
0.0235152
0.0986315
0.020596
0.098624
0.0190874
0.0984498
0.0201333
0.0911434
0.0183883
0.0208026
0.0230603
0.0845935
0.0892847
0.0167391
0.0216811
0.0262684
0.0781837
0.0870228
0.0151906
0.0227023
0.0297832
0.0719659
0.0843134
0.0137456
0.0238266
0.0335975
0.0659848
0.0811248
0.0124048
0.0250297
0.0376842
0.060277
0.0774445
0.0111671
0.0262966
0.0420012
0.0548707
0.0732851
0.0100302
0.0276177
0.0464933
0.0497858
0.0686885
0.00899029
0.0289866
0.0510949
0.0450343
0.0637263
0.00804304
0.0303986
0.0557326
0.0406211
0.0584966
0.00718328
0.0318496
0.0603291
0.0365448
0.0531167
0.00640551
0.0333365
0.0648081
0.0327984
0.047712
0.00570398
0.0348558
0.0690988
0.0293706
0.0424042
0.00507292
0.0364042
0.0731401
0.0262461
0.0372996
0.0045066
0.0379783
0.0768842
0.0234058
0.032478
0.00399947
0.0395744
0.0802981
0.0208257
0.0279816
0.00354621
0.0411889
0.0833641
0.0184746
0.0237984
0.0031418
0.0428177
0.0860787
0.0163059
0.019829
0.0027815
0.0444566
0.0884506
0.0142414
0.01581
0.00246218
0.0461015
0.090498
0.0121341
0.0111305
0.00203503
0.0477479
0.092246
0.00968649
0.00438851
0.00168017
0.00182486
0.0358097
0.0669267
0.032701
0.0932633
0.00937
0.00695687
0.00389583
0.00115612
0.00138536
0.00163582
0.0252999
0.0766401
0.0225195
0.0941685
0.00905265
0.00489692
0.00345424
0.00030865
0.00114105
0.0014659
0.0170294
0.0819609
0.0157535
0.0949709
0.00873406
0.0033966
0.00305938
8.74802e-05
0.000938972
0.00131325
0.0110589
0.0851941
0.0113432
0.0956796
0.00841381
0.0023314
0.00270702
3.04055e-05
0.000772109
0.0011762
0.00700583
0.0873847
0.0085402
0.0963038
0.0080915
0.00158858
0.00239318
1.63673e-05
0.000634511
0.00105321
0.00436621
0.0890097
0.00682956
0.0968518
0.00776667
0.00107699
0.0021141
1.36952e-05
0.000521171
0.000942882
0.00269284
0.0902922
0.00586407
0.0973318
0.00743887
0.000727633
0.00186629
1.41158e-05
0.000427899
0.000843958
0.00164995
0.0913414
0.00541337
0.0977512
0.00710761
0.000490451
0.00164653
1.54787e-05
0.0003512
0.000755287
0.00100686
0.092216
0.00532683
0.0981169
0.00677241
0.000330057
0.00145187
1.72372e-05
0.000288168
0.000675832
0.000612903
0.092951
0.00550769
0.0984351
0.00643271
0.00022188
0.00127961
1.92658e-05
0.000236394
0.000604656
0.000372522
0.0935705
0.00589527
0.0987115
0.00608799
0.000149051
0.00112732
2.15515e-05
0.000193885
0.000540911
0.00022621
0.0940929
0.00645303
0.0989513
0.00573766
0.000100078
0.000992792
2.41132e-05
0.000158994
0.000483835
0.000137286
0.0945328
0.00716056
0.0991588
0.00538111
6.71742e-05
0.000874029
2.69805e-05
0.000130362
0.00043274
8.32897e-05
0.0949028
0.00800833
0.0993383
0.00501772
4.50787e-05
0.000769252
3.0189e-05
0.000106863
0.000387008
5.05207e-05
0.0952134
0.00899406
0.0994934
0.00464681
3.02466e-05
0.000676863
3.37789e-05
8.75515e-05
0.000346084
3.06407e-05
0.0954737
0.0101204
0.0996271
0.00426769
2.02927e-05
0.000595437
3.77955e-05
7.15908e-05
0.00030947
1.85836e-05
0.0956916
0.0113933
0.0997423
0.00387962
1.36145e-05
0.000523704
4.22893e-05
5.80918e-05
0.000276728
1.1276e-05
0.0958737
0.0128206
0.0998415
0.00348182
9.142e-06
0.000460544
4.7317e-05
4.56598e-05
0.000247494
6.86101e-06
0.0960256
0.0144114
0.0999268
0.0030735
6.22334e-06
0.000405464
5.2942e-05
3.09465e-05
0.000221561
4.24185e-06
0.0961523
0.016175
0.1
0.00265378
5.09608e-06
0.000379951
5.92351e-05
1.74683e-05
2.97415e-05
0.000207456
3.34852e-06
0.0960987
0.0962419
0.0191866
0.00218051
0.00180233
6.33324e-05
9.8785e-06
2.88853e-05
0.000194246
2.64363e-06
0.096042
0.0964002
0.0226564
0.00178532
0.00122515
6.76777e-05
5.6097e-06
2.84907e-05
0.000181875
2.08767e-06
0.095982
0.0965941
0.0265956
0.00145748
0.000834102
7.23038e-05
3.21506e-06
2.87272e-05
0.00017029
1.64962e-06
0.0959184
0.0968055
0.0310002
0.00118697
0.000569309
7.72376e-05
1.87971e-06
2.98479e-05
0.000159441
1.30523e-06
0.0958512
0.0970244
0.0358449
0.000964749
0.00039013
8.25037e-05
1.14519e-06
3.22291e-05
0.000149281
1.03584e-06
0.0957802
0.0972456
0.0410787
0.000782858
0.000268993
8.81265e-05
7.54118e-07
3.6429e-05
0.000139768
8.27544e-07
0.095705
0.0974658
0.0466231
0.000634419
0.000187208
9.41311e-05
5.62726e-07
4.3274e-05
0.000130859
6.7082e-07
0.0956254
0.0976837
0.0523737
0.000513571
0.000132104
0.000100544
4.91615e-07
5.39861e-05
0.000122517
5.60762e-07
0.0955414
0.0978982
0.0582061
0.000415379
9.50974e-05
0.000107392
4.98106e-07
7.03713e-05
0.000114706
0.0954524
0.0981091
0.0639846
0.000335721
0.0953582
0.098316
0.0695745
0.000271183
0.0952582
0.0985189
0.0748534
0.00021895
0.0951512
0.0987178
0.0797217
0.00017671
0.0950343
0.0989126
0.0841093
0.000142576
0.0948999
0.0991035
0.0879779
0.000115007
0.0947268
0.0992904
0.0913192
9.27508e-05
0.0944544
0.0994735
0.0941505
7.47895e-05
0.0939104
0.0996527
0.0965079
6.03022e-05
0.0926025
0.0998282
0.0984397
4.87388e-05
0.0891234
0.1
0.1
4.36421e-05
0.0891229
0.0639594
0.0891224
0.0459185
0.0891218
0.0336896
0.0891211
0.0259823
0.0891204
0.0216781
0.0891196
0.0199176
0.0891186
0.0201015
0.0891176
0.0218424
0.0891164
0.0249026
0.0891151
0.0291336
0.0891136
0.0344251
0.0891119
0.0406631
0.08911
0.0477015
0.0891079
0.0553464
0.0891055
0.0633572
0.0891028
0.0714638
0.0890997
0.079395
0.0890962
0.0869086
0.0890923
0.0938171
0.0890878
0.1
0.0890807
0.0890722
0.0890622
0.0890502
0.089036
0.0890191
0.0889991
0.0889752
0.0889469
0.0889131
0.088873
0.0888253
0.0887685
0.088701
0.0886206
0.0885253
0.0884112
0.0882792
0.0881036
0.0879975
END_LIST
