BEGIN_LIST
0.1
0.0999958
0.0999912
0.0999864
0.0999811
0.0999755
0.0999695
0.0999631
0.0999561
0.0999487
0.0999407
0.0999322
0.099923
0.099913
0.0999021
0.0998898
0.0998752
0.0998557
0.0998257
0.0997705
0.0996539
0.0991172
0.099654
0.0984179
0.099654
0.0975137
0.099654
0.0963548
0.099654
0.094885
0.099654
0.0930437
0.0996541
0.0907696
0.0996541
0.0880066
0.0996541
0.0847111
0.0996541
0.0808612
0.0996541
0.0764655
0.0996541
0.0715707
0.0996542
0.0662664
0.0996542
0.0606869
0.0996542
0.0550133
0.0996542
0.0494822
0.0996542
0.0444181
0.0996541
0.040318
0.0996516
0.0380509
0.0995423
0.0392886
0.094794
0.0371663
0.0381224
0.0473077
0.0899449
0.094432
0.0350108
0.0379627
0.0536648
0.0849698
0.0939638
0.032841
0.0384248
0.0591285
0.0799147
0.0933612
0.0306759
0.0392712
0.0640441
0.0748278
0.0925909
0.0285345
0.0403548
0.0685525
0.0697573
0.0916135
0.0264345
0.0415837
0.0727
0.0647502
0.0903844
0.0243922
0.0429
0.0764935
0.0598501
0.0888545
0.0224219
0.0442664
0.0799279
0.0550965
0.0869728
0.0205358
0.0456587
0.0830003
0.0505231
0.0846894
0.0187432
0.0470604
0.0857147
0.0461578
0.0819597
0.0170513
0.0484598
0.0880836
0.0420215
0.0787493
0.0154648
0.0498486
0.0901273
0.0381288
0.0750371
0.013986
0.0512204
0.0918718
0.034487
0.0708158
0.0126153
0.05257
0.0933466
0.0310964
0.0660838
0.0113513
0.0538933
0.0945825
0.0279481
0.0608231
0.0101912
0.0551867
0.0956105
0.0250206
0.05495
0.00913103
0.0564473
0.0964597
0.0222704
0.0482144
0.00816602
0.0576725
0.0971572
0.0196117
0.0399941
0.00729328
0.0588604
0.0977271
0.0168708
0.0288609
0.00610657
0.0600091
0.0981908
0.0136877
0.0115859
0.00511387
0.00551164
0.0505905
0.0794928
0.0423608
0.0984509
0.0132432
0.0103796
0.0105104
0.00307054
0.00426717
0.00496981
0.0399921
0.0884558
0.0301248
0.0986765
0.0127973
0.00762121
0.00950501
0.000824176
0.00354982
0.00447726
0.0296258
0.0926622
0.0218481
0.0988721
0.0123496
0.00545502
0.00857099
0.000237248
0.0029455
0.00403028
0.0207155
0.0947221
0.0164043
0.0990414
0.0118995
0.0038302
0.00770817
8.61347e-05
0.00243881
0.00362528
0.0138345
0.0958022
0.0129552
0.0991877
0.0114464
0.00265196
0.00691525
4.9449e-05
0.00201567
0.00325883
0.00893449
0.0964236
0.0108997
0.0993141
0.0109897
0.001818
0.00619002
4.30494e-05
0.00166346
0.00292767
0.0056391
0.0968197
0.00981967
0.0994231
0.0105287
0.00123769
0.00552959
4.49549e-05
0.00137109
0.00262876
0.00350607
0.0970969
0.0094313
0.0995171
0.0100628
0.000838596
0.00493051
4.9459e-05
0.00112895
0.00235921
0.00215911
0.097305
0.00954583
0.0995981
0.00959132
0.000566341
0.00438901
5.51189e-05
0.000928784
0.00211638
0.0013217
0.0974687
0.0100403
0.0996678
0.00911348
0.000381629
0.00390113
6.16133e-05
0.000763574
0.0018978
0.000806092
0.0976008
0.0108363
0.0997278
0.00862852
0.000256776
0.00346281
6.89215e-05
0.000627389
0.0017012
0.000490518
0.0977092
0.0118857
0.0997794
0.00813566
0.000172595
0.00307003
7.71084e-05
0.000515243
0.00152447
0.000298074
0.0977987
0.0131602
0.0998237
0.00763404
0.000115933
0.00271887
8.62699e-05
0.000422966
0.00136572
0.000180979
0.0978729
0.0146445
0.0998618
0.00712279
7.78371e-05
0.00240556
9.65192e-05
0.00034706
0.00122319
0.000109828
0.0979346
0.0163314
0.0998945
0.00660098
5.22436e-05
0.00212653
0.000107984
0.000284561
0.00109528
6.66295e-05
0.0979859
0.0182186
0.0999225
0.00606763
3.50584e-05
0.00187844
0.000120809
0.000232799
0.00098056
4.04181e-05
0.0980285
0.0203062
0.0999466
0.00552172
2.35243e-05
0.00165817
0.000135154
0.000188873
0.000877741
2.45272e-05
0.0980639
0.0225947
0.0999672
0.00496217
1.57978e-05
0.0014629
0.000151198
0.000148085
0.000785757
1.49249e-05
0.0980934
0.0250835
0.0999849
0.00438784
1.0755e-05
0.00129163
0.000169142
9.89339e-05
0.000704005
9.22806e-06
0.0981179
0.0277699
0.1
0.00379754
8.80717e-06
0.0012121
0.000189209
5.58221e-05
9.40457e-05
0.000659488
7.28505e-06
0.0981055
0.0981529
0.0321948
0.00317197
0.00258698
0.00020227
3.15353e-05
8.98389e-05
0.00061776
5.75214e-06
0.0980924
0.0982269
0.037041
0.00263334
0.00176597
0.000216117
1.78655e-05
8.64638e-05
0.000578648
4.54354e-06
0.0980785
0.0983213
0.0422399
0.00217486
0.00120977
0.000230856
1.01853e-05
8.41524e-05
0.000541992
3.59203e-06
0.0980638
0.0984257
0.0477
0.00178836
0.000833421
0.00024657
5.88775e-06
8.32566e-05
0.00050764
2.84537e-06
0.0980482
0.0985344
0.0533081
0.00146518
0.000579139
0.000263336
3.50495e-06
8.43049e-05
0.00047545
2.26382e-06
0.0980317
0.0986445
0.0589366
0.00119676
0.000407688
0.000281232
2.21184e-06
8.80856e-05
0.000445286
1.81866e-06
0.0980142
0.0987541
0.064453
0.000975062
0.000292444
0.000300336
1.54618e-06
9.57703e-05
0.000417025
1.49188e-06
0.0979957
0.0988624
0.0697309
0.000792797
0.000215354
0.000320729
1.25098e-06
0.000109096
0.000390546
1.2776e-06
0.0979761
0.0989689
0.0746614
0.000643514
0.00016418
0.0003425
1.18592e-06
0.000130632
0.000365739
0.0979553
0.0990734
0.0791612
0.00052162
0.0979331
0.0991757
0.0831769
0.000422341
0.0979092
0.0992758
0.0866852
0.000341645
0.0978826
0.0993737
0.0896905
0.000276163
0.0978512
0.0994695
0.0922185
0.000223097
0.097808
0.0995631
0.09431
0.000180141
0.097734
0.0996545
0.0960148
0.000145398
0.0975745
0.0997439
0.097386
0.000117319
0.0971722
0.0998313
0.0984757
9.46439e-05
0.0960761
0.0999166
0.0993326
7.65288e-05
0.0929907
0.1
0.1
6.85411e-05
0.0929907
0.0700585
0.0929907
0.0530573
0.0929907
0.0411516
0.0929906
0.0334792
0.0929906
0.0292055
0.0929906
0.027613
0.0929905
0.0281443
0.0929905
0.0303911
0.0929905
0.034053
0.0929904
0.038888
0.0929904
0.0446712
0.0929903
0.0511663
0.0929903
0.0581158
0.0929903
0.065248
0.0929902
0.0722969
0.0929901
0.0790268
0.0929901
0.0852535
0.09299
0.0908551
0.0929899
0.0957724
0.0929898
0.1
0.0929897
0.0929896
0.0929894
0.0929892
0.092989
0.0929887
0.0929884
0.0929881
0.0929877
0.0929872
0.0929866
0.0929859
0.0929851
0.0929842
0.0929831
0.0929817
0.0929802
0.0929783
0.0929759
0.0929744
END_LIST
