BEGIN_LIST
0
1.23498e-149
4.27671e-149
1.16982e-148
2.97345e-148
7.34958e-148
1.79597e-147
4.36777e-147
1.06012e-146
2.57089e-146
6.23272e-146
1.51089e-145
3.66258e-145
8.87905e-145
2.15268e-144
5.2196e-144
1.26573e-143
3.06971e-143
7.44592e-143
1.80634e-142
4.26367e-142
1.86091e-141
4.38904e-142
4.38829e-141
4.51826e-142
8.67546e-141
4.65144e-142
1.57704e-140
4.78869e-142
2.7321e-140
4.93014e-142
4.59291e-140
5.07591e-142
7.57321e-140
5.22611e-142
1.23376e-139
5.3809e-142
1.99687e-139
5.54103e-142
3.2259e-139
5.73341e-142
5.22347e-139
7.09751e-142
8.51117e-139
5.81359e-141
1.40081e-138
2.22362e-139
2.33693e-138
9.43908e-138
3.9638e-138
4.01795e-136
6.85188e-138
1.71036e-134
1.20881e-137
7.28091e-133
2.17678e-137
3.09917e-131
3.9944e-137
1.31923e-129
7.43562e-137
5.61578e-128
7.55276e-137
1.00107e-136
4.26122e-137
1.30814e-127
6.0018e-128
7.64014e-137
1.15824e-136
2.46746e-137
2.4767e-127
6.40859e-128
7.69562e-137
1.25052e-136
1.44223e-137
4.22514e-127
6.83509e-128
7.71768e-137
1.30059e-136
8.50131e-138
6.75233e-127
7.27933e-128
7.70549e-137
1.323e-136
5.04902e-138
1.03059e-126
7.73813e-128
7.65898e-137
1.32709e-136
3.01864e-138
1.51923e-126
8.20678e-128
7.57884e-137
1.3189e-136
1.8152e-138
2.17894e-126
8.67868e-128
7.46649e-137
1.30235e-136
1.09696e-138
3.05646e-126
9.14492e-128
7.32399e-137
1.28002e-136
6.65703e-139
4.21005e-126
9.59394e-128
7.15401e-137
1.25362e-136
4.0542e-139
5.71315e-126
1.00112e-127
6.9596e-137
1.2243e-136
2.4763e-139
7.65988e-126
1.03787e-127
6.74416e-137
1.19288e-136
1.51617e-139
1.01733e-125
1.06749e-127
6.51124e-137
1.15992e-136
9.30135e-140
1.3418e-125
1.08733e-127
6.26443e-137
1.12585e-136
5.71518e-140
1.76194e-125
1.09411e-127
6.00726e-137
1.09099e-136
3.51607e-140
2.30939e-125
1.08337e-127
5.74306e-137
1.05561e-136
2.16521e-140
3.02967e-125
1.04853e-127
5.47495e-137
1.01992e-136
1.33428e-140
3.98982e-125
9.78746e-128
5.20575e-137
9.84115e-137
8.22604e-141
5.29085e-125
8.54804e-128
4.93711e-137
9.48344e-137
5.07253e-141
7.0885e-125
6.40818e-128
4.62455e-137
9.12751e-137
3.12775e-141
9.62938e-125
2.66426e-128
5.21332e-137
4.34228e-137
9.31214e-137
4.28581e-137
1.36408e-136
2.27551e-141
1.02347e-124
7.94427e-125
2.49394e-128
7.22278e-129
8.23173e-137
4.07137e-137
8.77487e-137
2.01772e-137
1.68032e-136
1.65466e-141
1.07905e-124
6.30536e-125
2.32548e-128
1.94342e-129
1.88257e-136
3.81233e-137
7.62305e-137
9.50889e-138
1.90224e-136
1.20234e-141
1.12913e-124
4.84926e-125
2.16043e-128
5.21809e-130
5.33723e-136
3.56547e-137
6.14641e-137
4.48377e-138
2.06272e-136
8.72851e-142
1.17313e-124
3.63969e-125
2.00018e-128
1.40027e-130
1.64176e-135
3.33094e-137
4.66106e-137
2.11506e-138
2.18591e-136
6.32859e-142
1.21054e-124
2.68295e-125
1.84583e-128
3.75714e-131
5.18737e-135
3.10874e-137
3.37948e-137
9.97974e-139
2.2882e-136
4.58096e-142
1.24086e-124
1.95219e-125
1.69828e-128
1.00807e-131
1.65473e-134
2.89874e-137
2.38859e-137
4.70986e-139
2.37993e-136
3.30882e-142
1.26361e-124
1.40754e-125
1.5582e-128
2.70473e-132
5.3014e-134
2.7007e-137
1.70567e-137
2.22307e-139
2.46714e-136
2.38325e-142
1.27836e-124
1.00843e-125
1.42602e-128
7.25712e-133
1.70294e-133
2.51433e-137
1.37219e-137
1.04934e-139
2.5529e-136
1.71028e-142
1.28471e-124
7.19355e-126
1.30202e-128
1.94722e-133
5.48084e-133
2.33925e-137
1.62693e-137
4.95263e-140
2.6384e-136
1.22141e-142
1.28233e-124
5.11629e-126
1.18628e-128
5.22493e-134
1.76668e-132
2.17505e-137
3.38293e-137
2.33672e-140
2.72362e-136
8.6669e-143
1.27089e-124
3.63157e-126
1.07874e-128
1.40216e-134
5.70178e-132
2.02127e-137
9.75189e-137
1.10162e-140
2.80774e-136
6.09699e-143
1.25017e-124
2.57422e-126
9.79243e-129
3.76427e-135
1.84209e-131
1.87744e-137
3.10435e-136
5.18491e-141
2.88947e-136
4.23875e-143
1.21996e-124
1.82306e-126
8.87528e-129
1.01207e-135
5.95634e-131
1.74308e-137
1.0121e-135
2.43225e-141
2.96718e-136
2.89857e-143
1.18012e-124
1.29029e-126
8.03269e-129
2.73704e-136
1.92731e-130
1.61769e-137
3.31951e-135
1.13343e-141
3.03906e-136
1.93522e-143
1.13059e-124
9.12845e-127
7.2609e-129
7.57395e-137
6.23985e-130
1.50079e-137
1.09077e-134
5.21179e-142
3.10314e-136
1.24576e-143
1.07136e-124
6.45636e-127
6.55585e-129
2.27997e-137
2.02116e-129
1.3919e-137
3.58694e-134
2.3312e-142
3.15738e-136
7.5517e-144
1.00248e-124
4.56592e-127
5.91329e-129
8.79247e-138
6.54937e-129
1.29058e-137
1.18001e-133
9.81065e-143
3.19973e-136
4.08763e-144
9.24095e-125
3.23176e-127
5.32906e-129
5.24918e-138
2.12297e-128
1.19647e-137
3.88277e-133
3.53041e-143
3.2282e-136
1.66706e-144
8.36395e-125
2.31767e-127
4.80442e-129
4.53141e-138
6.88372e-128
1.10949e-137
1.27778e-132
6.53585e-144
3.24091e-136
0
7.39653e-125
1.95466e-127
4.55783e-129
4.59061e-138
3.99709e-128
1.03705e-127
1.06093e-137
2.22362e-132
6.77691e-144
3.80096e-144
3.22602e-136
6.36674e-125
5.2839e-125
4.74991e-138
2.32075e-128
1.52531e-127
1.01444e-137
3.84853e-132
7.02685e-144
2.21049e-144
3.16617e-136
5.44072e-125
3.7726e-125
4.94435e-138
1.34739e-128
2.20926e-127
9.69915e-138
6.64399e-132
7.28606e-144
1.28552e-144
3.05918e-136
4.62046e-125
2.69247e-125
5.1613e-138
7.82252e-129
3.16757e-127
9.27293e-138
1.14563e-131
7.55502e-144
7.47574e-145
2.90565e-136
3.90308e-125
1.92099e-125
5.39486e-138
4.54145e-129
4.51051e-127
8.86496e-138
1.97431e-131
7.8345e-144
4.34713e-145
2.70931e-136
3.28235e-125
1.37021e-125
5.64238e-138
2.63656e-129
6.3927e-127
8.4745e-138
3.40154e-131
8.12601e-144
2.52753e-145
2.47689e-136
2.75002e-125
9.77101e-126
5.90282e-138
1.53066e-129
9.03089e-127
8.10085e-138
5.85977e-131
8.43315e-144
1.46924e-145
2.21768e-136
2.29687e-125
6.96589e-126
6.17596e-138
8.88629e-130
1.27289e-126
7.74334e-138
1.0094e-130
8.7652e-144
8.53729e-146
1.94255e-136
1.91348e-125
4.96446e-126
6.46196e-138
5.15892e-130
1.79128e-126
7.4013e-138
1.73873e-130
9.14722e-144
4.95756e-146
1.66291e-136
1.59072e-125
3.53658e-126
6.76118e-138
2.995e-130
2.51794e-126
7.07411e-138
9.64782e-144
2.87573e-146
1.38957e-136
1.32011e-125
1.04561e-143
1.66514e-146
1.13184e-136
1.094e-125
1.20947e-143
9.61301e-147
8.96857e-137
9.05569e-126
1.60089e-143
5.52214e-147
6.89381e-137
7.48896e-126
2.61968e-143
3.14567e-147
5.11783e-137
6.18859e-126
5.37207e-143
1.76632e-147
3.64356e-137
5.11088e-126
1.2919e-142
9.66875e-148
2.45737e-137
4.21874e-126
3.37303e-142
5.04629e-148
1.53382e-137
3.48093e-126
9.12427e-142
2.38423e-148
8.40299e-138
2.8714e-126
2.50311e-141
8.61352e-149
3.40987e-138
2.37361e-126
6.90411e-141
0
0
2.15148e-126
7.04029e-141
3.93766e-140
7.17915e-141
6.30962e-140
7.32074e-141
7.9302e-140
7.46513e-141
8.98328e-140
7.61237e-141
9.64936e-140
7.76252e-141
1.00641e-139
7.91562e-141
1.03061e-139
8.07175e-141
1.04046e-139
8.23095e-141
1.03542e-139
8.39329e-141
1.01309e-139
8.55884e-141
9.70709e-140
8.72765e-141
9.0642e-140
8.89979e-141
8.20223e-140
9.07533e-141
7.14456e-140
9.25433e-141
5.93746e-140
9.43686e-141
4.64459e-140
9.62298e-141
3.33827e-140
9.81278e-141
2.08988e-140
1.00064e-140
9.61445e-141
1.02028e-140
0
1.04829e-140
1.07707e-140
1.10664e-140
1.13702e-140
1.16823e-140
1.2003e-140
1.23326e-140
1.26711e-140
1.3019e-140
1.33764e-140
1.37437e-140
1.4121e-140
1.45086e-140
1.49069e-140
1.53162e-140
1.57362e-140
1.61701e-140
1.66052e-140
1.71015e-140
1.7384e-140
END_LIST
