BEGIN_LIST
0
3.41245e-179
1.19548e-178
3.32863e-178
8.65183e-178
2.19367e-177
5.51018e-177
1.37938e-176
3.44944e-176
8.62514e-176
2.15724e-175
5.39773e-175
1.35118e-174
3.38385e-174
8.47805e-174
2.12502e-173
5.3284e-173
1.33655e-172
3.35368e-172
8.41753e-172
9.04105e-172
1.2614e-171
9.08553e-172
1.88297e-171
9.13205e-172
2.92555e-171
9.18076e-172
4.63429e-171
9.23182e-172
7.3938e-171
9.28537e-172
1.18104e-170
9.34156e-172
1.8848e-170
9.40057e-172
3.00542e-170
9.4632e-172
4.79509e-170
9.55706e-172
7.67144e-170
1.08518e-171
1.23397e-169
6.3128e-171
2.0016e-169
2.2856e-169
3.28432e-169
9.68944e-168
5.46807e-169
4.12395e-166
9.26258e-169
1.75556e-164
1.59983e-168
7.47309e-163
2.82102e-168
3.18125e-161
5.07851e-168
1.35412e-159
9.31759e-168
5.76414e-158
1.73434e-167
2.45371e-156
1.76166e-167
2.33495e-167
9.93916e-168
5.7157e-156
2.62237e-156
1.78204e-167
2.70155e-167
5.75524e-168
1.08216e-155
2.8001e-156
1.79497e-167
2.91679e-167
3.36392e-168
1.84613e-155
2.98644e-156
1.80011e-167
3.03358e-167
1.98287e-168
2.95038e-155
3.18054e-156
1.79726e-167
3.08584e-167
1.17764e-168
4.50317e-155
3.38099e-156
1.78641e-167
3.09538e-167
7.04069e-169
6.63836e-155
3.58575e-156
1.76771e-167
3.07628e-167
4.23375e-169
9.52116e-155
3.79192e-156
1.7415e-167
3.03769e-167
2.55851e-169
1.33559e-154
3.99562e-156
1.70826e-167
2.98561e-167
1.55266e-169
1.83973e-154
4.1918e-156
1.66861e-167
2.92404e-167
9.45582e-170
2.49663e-154
4.3741e-156
1.62326e-167
2.85567e-167
5.77557e-170
3.34746e-154
4.53467e-156
1.57301e-167
2.78238e-167
3.5362e-170
4.44604e-154
4.66406e-156
1.51868e-167
2.70551e-167
2.16937e-170
5.86433e-154
4.75076e-156
1.46111e-167
2.62605e-167
1.33295e-170
7.70091e-154
4.78034e-156
1.40112e-167
2.54476e-167
8.20052e-171
1.00942e-153
4.73341e-156
1.3395e-167
2.46224e-167
5.0499e-171
1.32433e-153
4.58117e-156
1.27695e-167
2.37901e-167
3.11191e-171
1.74414e-153
4.27629e-156
1.21515e-167
2.29549e-167
1.91853e-171
2.31303e-153
3.73476e-156
1.05712e-167
2.21206e-167
1.18304e-171
3.09911e-153
2.79982e-156
1.02586e-166
2.12905e-167
7.29469e-172
4.21024e-153
1.16405e-156
6.06631e-166
9.5526e-167
2.17529e-167
9.99686e-168
3.18142e-167
5.30705e-172
4.47494e-153
3.47347e-153
1.08964e-156
3.15573e-157
2.14912e-165
8.88256e-167
2.05663e-167
4.70639e-168
3.91879e-167
3.85905e-172
4.71801e-153
2.7569e-153
1.01603e-156
8.49104e-158
6.98044e-165
8.24881e-167
1.80271e-167
2.21797e-168
4.43625e-167
2.80415e-172
4.93697e-153
2.12025e-153
9.43921e-157
2.27985e-158
2.22633e-164
7.65121e-167
1.49425e-167
1.04584e-168
4.81043e-167
2.03569e-172
5.12941e-153
1.5914e-153
8.73901e-157
6.11796e-159
7.08715e-164
7.08926e-167
1.24416e-167
4.93337e-169
5.09767e-167
1.47597e-172
5.29301e-153
1.17308e-153
8.06464e-157
1.64154e-159
2.26055e-163
6.56215e-167
1.22245e-167
2.32776e-169
5.33618e-167
1.06838e-172
5.42559e-153
8.53568e-154
7.41998e-157
4.40436e-160
7.22938e-163
6.06885e-167
1.82856e-167
1.09856e-169
5.5501e-167
7.71688e-173
5.52509e-153
6.15428e-154
6.80793e-157
1.18172e-160
2.31772e-162
5.60812e-167
4.27953e-167
5.18523e-170
5.75344e-167
5.55823e-173
5.58961e-153
4.40925e-154
6.23045e-157
3.1707e-161
7.44642e-162
5.17859e-167
1.25079e-166
2.44754e-170
5.95343e-167
3.98873e-173
5.61742e-153
3.14531e-154
5.68867e-157
8.5075e-162
2.39671e-161
4.77883e-167
3.93425e-166
1.15517e-170
6.15282e-167
2.84857e-173
5.60701e-153
2.23705e-154
5.18297e-157
2.28274e-162
7.72558e-161
4.40732e-167
1.26762e-165
5.45023e-171
6.35154e-167
2.02129e-173
5.55704e-153
1.58788e-154
4.71312e-157
6.1252e-163
2.49336e-160
4.06252e-167
4.12416e-165
2.56944e-171
6.54771e-167
1.42194e-173
5.46643e-153
1.12556e-154
4.27841e-157
1.64363e-163
8.05535e-160
3.74291e-167
1.3483e-164
1.20933e-171
6.7383e-167
9.8856e-174
5.33434e-153
7.97124e-155
3.87769e-157
4.41084e-164
2.60467e-159
3.44696e-167
4.41996e-164
5.67298e-172
6.91953e-167
6.76002e-174
5.16016e-153
5.64176e-155
3.50955e-157
1.18399e-164
8.42799e-159
3.17318e-167
1.45128e-163
2.6436e-172
7.08715e-167
4.51331e-174
4.9436e-153
3.99139e-155
3.17235e-157
3.18111e-165
2.72864e-158
2.92014e-167
4.76985e-163
1.21559e-172
7.23658e-167
2.90535e-174
4.68461e-153
2.82303e-155
2.8643e-157
8.5783e-166
8.83839e-158
2.68648e-167
1.56861e-162
5.43725e-173
7.36306e-167
1.7612e-174
4.38346e-153
1.99645e-155
2.58356e-157
2.34715e-166
2.86399e-157
2.47091e-167
5.16033e-162
2.28821e-173
7.46183e-167
9.53312e-175
4.04071e-153
1.41309e-155
2.32831e-157
6.78882e-167
9.28357e-157
2.2724e-167
1.69798e-161
8.23422e-174
7.52822e-167
3.88789e-175
3.65723e-153
1.01341e-155
2.09909e-157
2.3551e-167
3.01018e-156
2.09057e-167
5.58783e-161
1.52439e-174
7.55787e-167
0
3.23422e-153
8.54681e-156
1.99135e-157
1.21267e-167
1.74789e-156
4.53492e-156
1.98965e-167
9.72407e-161
1.58061e-174
8.86518e-175
7.52314e-167
2.78394e-153
2.31046e-153
1.02633e-167
1.01485e-156
6.67002e-156
1.89348e-167
1.68299e-160
1.63889e-174
5.15562e-175
7.38357e-167
2.37903e-153
1.64963e-153
9.57564e-168
5.89205e-157
9.66084e-156
1.80186e-167
2.90546e-160
1.69932e-174
2.99827e-175
7.13407e-167
2.02036e-153
1.17733e-153
9.47391e-168
3.42074e-157
1.38514e-155
1.71457e-167
5.00988e-160
1.76198e-174
1.74359e-175
6.77604e-167
1.70668e-153
8.39988e-154
9.67047e-168
1.98595e-157
1.97238e-155
1.63143e-167
8.63375e-160
1.82698e-174
1.0139e-175
6.31815e-167
1.43526e-153
5.99151e-154
1.00254e-167
1.15296e-157
2.79543e-155
1.55225e-167
1.4875e-159
1.89445e-174
5.89502e-176
5.77616e-167
1.20249e-153
4.27259e-154
1.04708e-167
6.69353e-158
3.94905e-155
1.47685e-167
2.56249e-159
1.96464e-174
3.42673e-176
5.17166e-167
1.00435e-153
3.046e-154
1.09742e-167
3.88595e-158
5.56612e-155
1.40509e-167
4.41411e-159
2.0381e-174
1.99117e-176
4.53006e-167
8.367e-154
2.17083e-154
1.15205e-167
2.25599e-158
7.83288e-155
1.33681e-167
7.60348e-159
2.11618e-174
1.15626e-176
3.87793e-167
6.95568e-154
1.54646e-154
1.21029e-167
1.30971e-158
1.10104e-154
1.27189e-167
2.20246e-174
6.7071e-177
3.24051e-167
5.77243e-154
2.30664e-174
3.88362e-177
2.63946e-167
4.7837e-154
2.45548e-174
2.24205e-177
2.09149e-167
3.95978e-154
2.72274e-174
1.28793e-177
1.60765e-167
3.2747e-154
3.3124e-174
7.33664e-178
1.19349e-167
2.70609e-154
4.78869e-174
4.11959e-178
8.49685e-168
2.23484e-154
8.71265e-174
2.25503e-178
5.73064e-168
1.84474e-154
1.94036e-173
1.17694e-178
3.5769e-168
1.52212e-154
4.88135e-173
5.56072e-179
1.95959e-168
1.25558e-154
1.30016e-172
2.00892e-179
7.95187e-169
1.03792e-154
3.54535e-172
0
0
9.40786e-155
3.61524e-172
2.01078e-171
3.6865e-172
3.22047e-171
3.75917e-172
4.04687e-171
3.83327e-172
4.5838e-171
3.90883e-172
4.92335e-171
3.98588e-172
5.13471e-171
4.06445e-172
5.25802e-171
4.14457e-172
5.30818e-171
4.22627e-172
5.28238e-171
4.30957e-172
5.1684e-171
4.39453e-172
4.95214e-171
4.48115e-172
4.62413e-171
4.56948e-172
4.18438e-171
4.65956e-172
3.64479e-171
4.75141e-172
3.02898e-171
4.84507e-172
2.36942e-171
4.94058e-172
1.703e-171
5.03797e-172
1.06614e-171
5.1373e-172
4.90476e-172
5.23807e-172
0
5.38179e-172
5.52946e-172
5.68117e-172
5.83706e-172
5.99721e-172
6.16177e-172
6.33083e-172
6.50454e-172
6.68301e-172
6.86637e-172
7.05477e-172
7.24833e-172
7.44721e-172
7.65153e-172
7.86151e-172
8.07698e-172
8.29955e-172
8.52275e-172
8.77733e-172
8.92225e-172
END_LIST
