BEGIN_LIST
0.1
0.0999608
0.0999188
0.0998738
0.0998255
0.0997738
0.0997184
0.0996591
0.0995956
0.0995275
0.0994547
0.0993767
0.099293
0.0992031
0.0991059
0.0989994
0.098879
0.0987343
0.0985399
0.0982339
0.0976648
0.095228
0.0976643
0.0922677
0.0976638
0.0887388
0.097663
0.0846197
0.0976621
0.0799204
0.097661
0.0746894
0.0976595
0.069015
0.0976577
0.0630212
0.0976555
0.0568577
0.0976527
0.0506857
0.0976491
0.0446619
0.0976447
0.0389247
0.097639
0.033585
0.097632
0.028723
0.0976231
0.0243925
0.0976119
0.0206349
0.0975977
0.0175081
0.0975798
0.0151463
0.0975523
0.0138908
0.0973135
0.0145847
0.0885035
0.0131795
0.0154398
0.0161226
0.0812974
0.0852594
0.011879
0.0163503
0.0182249
0.074394
0.0814997
0.0106815
0.017312
0.0207685
0.067832
0.0772332
0.00958393
0.0183229
0.0236936
0.0616395
0.0724989
0.00858211
0.019382
0.026968
0.0558354
0.0673676
0.00767119
0.0204889
0.0305676
0.0504294
0.0619387
0.0068458
0.0216436
0.034466
0.0454233
0.0563334
0.00610024
0.0228459
0.0386286
0.0408124
0.0506838
0.00542868
0.0240954
0.0430099
0.0365859
0.0451214
0.00482531
0.0253919
0.0475531
0.0327288
0.0397652
0.00428443
0.0267345
0.0521912
0.0292228
0.0347132
0.00380056
0.0281223
0.05685
0.0260468
0.0300373
0.00336847
0.0295542
0.061452
0.0231779
0.0257806
0.00298323
0.0310285
0.0659214
0.0205912
0.0219578
0.00264028
0.0325433
0.0701888
0.0182591
0.0185547
0.00233534
0.0340965
0.0741953
0.0161481
0.0155234
0.00206453
0.0356856
0.0778954
0.0142126
0.0127651
0.00182425
0.0373076
0.0812591
0.0123794
0.0100821
0.00161211
0.0389595
0.0842712
0.0105138
0.00705913
0.00132922
0.0406377
0.0869307
0.00834609
0.00277322
0.00109454
0.00119051
0.0290373
0.0583372
0.0275834
0.0885209
0.00807289
0.00588656
0.00245112
0.000729958
0.000900527
0.00106603
0.0197172
0.0678223
0.0188377
0.0899624
0.00779897
0.0040889
0.00216482
0.000194912
0.000740377
0.000954371
0.0128848
0.0735174
0.0130673
0.0912623
0.007524
0.00280942
0.0019107
5.53351e-05
0.000608353
0.000854247
0.00819712
0.0773874
0.00932265
0.0924291
0.00724764
0.00191564
0.00168543
1.93313e-05
0.000499631
0.000764501
0.00512268
0.0803073
0.00694657
0.0934718
0.0069695
0.00129934
0.00148595
1.04895e-05
0.000410177
0.000684081
0.00316486
0.0826702
0.00549332
0.0944
0.00668921
0.000878141
0.00130948
8.8225e-06
0.00033663
0.000612038
0.00194126
0.0846576
0.0046654
0.0952229
0.00640637
0.000592029
0.00115351
9.10946e-06
0.000276196
0.000547518
0.00118542
0.0863591
0.00426684
0.0959502
0.00612056
0.000398475
0.00101575
9.99361e-06
0.000226562
0.000489747
0.000721883
0.0878246
0.00417018
0.0965909
0.00583135
0.000267901
0.000894156
1.11302e-05
0.000185814
0.000438029
0.000438868
0.0890871
0.00429388
0.0971535
0.00553829
0.000179978
0.000786903
1.24406e-05
0.000152372
0.000391739
0.000266536
0.0901719
0.004587
0.0976464
0.00524089
0.000120849
0.000692346
1.39168e-05
0.000124933
0.000350314
0.000161774
0.0911008
0.00501903
0.098077
0.00493865
8.11186e-05
0.00060902
1.55713e-05
0.000102425
0.000313248
9.81516e-05
0.0918933
0.00557316
0.0984524
0.00463106
5.44375e-05
0.000535621
1.74231e-05
8.39627e-05
0.000280087
5.95369e-05
0.0925668
0.00624184
0.0987791
0.00431757
3.65266e-05
0.000470989
1.94954e-05
6.8816e-05
0.000250423
3.61091e-05
0.0931373
0.00702385
0.0990626
0.00399759
2.45062e-05
0.000414095
2.18141e-05
5.63737e-05
0.00022389
2.18986e-05
0.0936192
0.00792229
0.0993084
0.00367052
1.64404e-05
0.000364027
2.44085e-05
4.6096e-05
0.000200163
1.3281e-05
0.094025
0.00894335
0.0995211
0.00333573
1.10295e-05
0.000319976
2.73113e-05
3.74157e-05
0.000178952
8.05831e-06
0.094366
0.0100953
0.0997049
0.00299254
7.40601e-06
0.000281235
3.05592e-05
2.94559e-05
0.000160022
4.90307e-06
0.0946519
0.0113879
0.0998634
0.00264027
5.04148e-06
0.000247481
3.41931e-05
2.01334e-05
0.000143233
3.0313e-06
0.0948911
0.0128316
0.1
0.00227815
4.12826e-06
0.000231853
3.82588e-05
1.13662e-05
1.94713e-05
0.000134104
2.39287e-06
0.0947964
0.095026
0.0153225
0.00186202
0.0015462
4.09062e-05
6.42978e-06
1.90873e-05
0.000125555
1.88911e-06
0.0946963
0.0952424
0.0182353
0.00151791
0.00105012
4.37138e-05
3.65396e-06
1.90792e-05
0.000117551
1.49176e-06
0.0945904
0.0955009
0.021599
0.00123472
0.00071404
4.67031e-05
2.09755e-06
1.95939e-05
0.000110056
1.17863e-06
0.0944785
0.09578
0.0254344
0.00100259
0.000486446
4.98914e-05
1.23056e-06
2.08498e-05
0.000103038
9.32365e-07
0.0943603
0.0960679
0.0297475
0.000812919
0.000332399
5.32946e-05
7.54845e-07
2.31711e-05
9.64669e-05
7.39573e-07
0.0942354
0.0963581
0.0345241
0.000658355
0.000228201
5.69285e-05
5.03099e-07
2.70381e-05
9.03142e-05
5.90219e-07
0.0941035
0.0966473
0.0397244
0.000532668
0.000157793
6.08094e-05
3.81951e-07
3.31613e-05
8.45535e-05
4.77334e-07
0.0939641
0.0969335
0.0452805
0.000430641
0.00011029
6.49544e-05
3.39939e-07
4.25911e-05
7.91597e-05
3.9711e-07
0.093817
0.0972156
0.0510965
0.000347937
7.83174e-05
6.93814e-05
3.49539e-07
5.68792e-05
7.41096e-05
0.0936616
0.0974932
0.0570529
0.000280972
0.0934975
0.0977659
0.063014
0.000226802
0.0933239
0.0980337
0.0688399
0.000183014
0.0931394
0.0982966
0.0743979
0.000147641
0.092941
0.0985544
0.0795747
0.000119078
0.0927208
0.0988074
0.0842847
9.60247e-05
0.0924572
0.0990554
0.0884747
7.74233e-05
0.092089
0.0992987
0.0921234
6.24182e-05
0.0914428
0.0995371
0.0952381
5.03194e-05
0.0900245
0.0997709
0.0978486
4.06651e-05
0.0864252
0.1
0.1
3.64104e-05
0.086423
0.0608714
0.0864206
0.0428617
0.0864178
0.0308374
0.0864146
0.0233369
0.086411
0.0191557
0.086407
0.0174057
0.0864025
0.0174886
0.0863973
0.0190329
0.0863915
0.0218252
0.086385
0.0257492
0.0863776
0.0307362
0.0863692
0.0367228
0.0863597
0.0436182
0.086349
0.0512818
0.0863369
0.0595135
0.0863232
0.0680613
0.0863077
0.0766435
0.0862902
0.0849802
0.0862703
0.0928272
0.0862479
0.1
0.0862117
0.0861687
0.0861178
0.0860572
0.0859853
0.0858999
0.0857986
0.0856783
0.0855356
0.0853664
0.085166
0.0849286
0.0846479
0.0843162
0.0839247
0.0834643
0.0829199
0.0822977
0.081485
0.0809992
END_LIST
