BEGIN_LIST
0.1
0.0992227
0.0984036
0.0975415
0.0966354
0.0956842
0.0946871
0.0936434
0.0925526
0.0914141
0.0902279
0.0889936
0.0877113
0.0863805
0.0850001
0.0835664
0.0820689
0.0804807
0.0787341
0.0766608
0.0738474
0.0652021
0.0729689
0.0569241
0.0718966
0.0491795
0.0705985
0.0420851
0.0690421
0.0357078
0.0671963
0.0300697
0.0650347
0.0251567
0.0625394
0.0209286
0.0597052
0.0173281
0.0565427
0.0142895
0.0530815
0.0117442
0.0493703
0.00962545
0.0454749
0.00787107
0.0414744
0.00642512
0.0374539
0.00523886
0.0334982
0.00427155
0.0296845
0.00349219
0.0260771
0.00288373
0.0227231
0.00245408
0.0195997
0.00226348
0.0149215
0.00199914
0.00245619
0.00222893
0.0131411
0.0123634
0.00176501
0.00264793
0.00242368
0.01157
0.010223
0.00155781
0.00284436
0.00276283
0.0101844
0.00843869
0.00137453
0.00304916
0.00321296
0.00896283
0.006956
0.00121251
0.00326491
0.00376561
0.00788638
0.00572712
0.00106934
0.0034935
0.004425
0.00693811
0.00471078
0.000942898
0.00373646
0.00520235
0.00610299
0.0038717
0.000831258
0.00399511
0.00611328
0.00536772
0.00317999
0.000732724
0.00427071
0.00717663
0.00472051
0.00261043
0.000645782
0.00456445
0.00841385
0.00415091
0.00214192
0.000569088
0.00487755
0.0098486
0.00364968
0.00175683
0.000501449
0.00521124
0.0115063
0.00320861
0.00144046
0.000441808
0.00556681
0.0134137
0.00282037
0.00118059
0.000389229
0.00594558
0.0155977
0.00247835
0.000966979
0.000342882
0.00634893
0.0180849
0.00217634
0.000790867
0.000302034
0.00677832
0.0208994
0.00190804
0.000644307
0.000266038
0.00723521
0.0240614
0.0016661
0.000519031
0.000234319
0.00772119
0.0275848
0.0014401
0.000404113
0.000206492
0.00823786
0.0314751
0.00121206
0.000280732
0.000169581
0.00878689
0.0357264
0.000946841
0.000109917
0.000139035
0.000151584
0.005455
0.0135703
0.00588843
0.0387939
0.000915595
0.000636224
9.65456e-05
2.91888e-05
0.000113982
0.000135494
0.00335609
0.0168039
0.00400967
0.0419963
0.000884288
0.000427247
8.47997e-05
8.12128e-06
9.34356e-05
0.000121109
0.00205318
0.01958
0.00280367
0.0453237
0.000852878
0.000286794
7.44817e-05
2.66774e-06
7.65886e-05
0.000108249
0.00125174
0.022326
0.00204175
0.0487619
0.000821328
0.00019246
6.54184e-05
1.30572e-06
6.27762e-05
9.67532e-05
0.000761516
0.0252106
0.00157405
0.0522928
0.000789592
0.000129132
5.74574e-05
1.02174e-06
5.14527e-05
8.64768e-05
0.000462679
0.0282981
0.00130285
0.0558952
0.000757628
8.66305e-05
5.04647e-05
1.02837e-06
4.21704e-05
7.72909e-05
0.000280891
0.0316079
0.00116481
0.0595451
0.000725389
5.81128e-05
4.43227e-05
1.12066e-06
3.45617e-05
6.90799e-05
0.000170446
0.035137
0.00111918
0.0632166
0.000692828
3.89807e-05
3.89279e-05
1.24613e-06
2.83252e-05
6.17405e-05
0.000103398
0.0388683
0.00114013
0.0668822
0.000659893
2.61463e-05
3.41896e-05
1.39233e-06
2.32136e-05
5.51803e-05
6.2713e-05
0.0427743
0.00121165
0.0705143
0.000626532
1.75372e-05
3.00278e-05
1.55745e-06
1.90242e-05
4.93168e-05
3.80328e-05
0.0468186
0.0013243
0.0740852
0.00059269
1.17626e-05
2.63725e-05
1.7426e-06
1.55906e-05
4.4076e-05
2.30637e-05
0.0509574
0.001473
0.0775687
0.00055831
7.88935e-06
2.31621e-05
1.94989e-06
1.27766e-05
3.93918e-05
1.39857e-05
0.0551409
0.00165573
0.0809402
0.000523331
5.29147e-06
2.03424e-05
2.18187e-06
1.04701e-05
3.52053e-05
8.48067e-06
0.0593163
0.0018726
0.0841779
0.00048769
3.54902e-06
1.78659e-05
2.44145e-06
8.57892e-06
3.14635e-05
5.14245e-06
0.0634295
0.00212527
0.0872631
0.00045132
2.38034e-06
1.56909e-05
2.73192e-06
7.02616e-06
2.81194e-05
3.11827e-06
0.0674282
0.00241667
0.0901807
0.000414153
1.59651e-06
1.37806e-05
3.05695e-06
5.74394e-06
2.51309e-05
1.89099e-06
0.0712645
0.00275074
0.092919
0.000376114
1.07085e-06
1.21029e-05
3.42064e-06
4.66092e-06
2.24612e-05
1.1473e-06
0.0748969
0.00313237
0.0954705
0.000337128
7.18922e-07
1.06296e-05
3.8276e-06
3.66656e-06
2.00798e-05
6.98045e-07
0.0782924
0.0035673
0.097831
0.000297112
4.89317e-07
9.3477e-06
4.28298e-06
2.49762e-06
1.79689e-05
4.31547e-07
0.0814269
0.00406216
0.1
0.000255983
4.00647e-07
8.75451e-06
4.79252e-06
1.41032e-06
2.40939e-06
1.68214e-05
3.4065e-07
0.0803884
0.0824307
0.00493899
0.00020637
0.000173671
5.12434e-06
7.98231e-07
2.35311e-06
1.57473e-05
2.68925e-07
0.0793189
0.0834102
0.00600571
0.000166357
0.000117933
5.47628e-06
4.54168e-07
2.33972e-06
1.47417e-05
2.12345e-07
0.0782188
0.0843743
0.00729691
0.000134091
8.0196e-05
5.85101e-06
2.61402e-07
2.38563e-06
1.38003e-05
1.6775e-07
0.0770888
0.0853283
0.00885346
0.000108076
5.46541e-05
6.25072e-06
1.54213e-07
2.51526e-06
1.2919e-05
1.32661e-07
0.0759296
0.0862753
0.0107223
8.71032e-05
3.73738e-05
6.67742e-06
9.564e-08
2.76492e-06
1.2094e-05
1.05162e-07
0.0747419
0.0872173
0.0129561
7.01977e-05
2.56907e-05
7.13309e-06
6.49587e-08
3.18842e-06
1.13216e-05
8.38071e-08
0.0735268
0.0881552
0.0156121
5.65713e-05
1.78002e-05
7.61978e-06
5.06184e-08
3.86538e-06
1.05986e-05
6.75716e-08
0.0722854
0.0890895
0.0187506
4.55887e-05
1.24801e-05
8.13965e-06
4.62756e-08
4.91355e-06
9.92177e-06
5.58577e-08
0.0710188
0.0900205
0.0224323
3.67375e-05
8.90256e-06
8.69495e-06
4.85654e-08
6.50694e-06
9.28813e-06
0.0697284
0.0909482
0.0267142
2.96042e-05
0.0684155
0.0918724
0.031644
2.38556e-05
0.0670816
0.0927929
0.0372535
1.92231e-05
0.0657278
0.0937096
0.0435505
1.549e-05
0.0643544
0.0946223
0.0505114
1.24818e-05
0.0629591
0.0955307
0.058074
1.00577e-05
0.0615315
0.0964345
0.066134
8.1044e-06
0.0600391
0.0973336
0.0745461
6.5304e-06
0.0583842
0.0982277
0.0831301
5.26239e-06
0.0562826
0.0991166
0.0916839
4.25125e-06
0.0529147
0.1
0.1
3.80577e-06
0.0521355
0.0344696
0.0512834
0.0227108
0.0503553
0.0154648
0.0493487
0.0112197
0.0482619
0.00898113
0.0470941
0.00812678
0.0458459
0.00828999
0.0445189
0.00927696
0.043116
0.0110116
0.0416418
0.0134995
0.0401022
0.0168046
0.0385044
0.0210324
0.0368572
0.0263144
0.0351703
0.0327927
0.0334543
0.0405987
0.0317206
0.0498278
0.0299809
0.0605093
0.0282468
0.0725761
0.0265307
0.0858429
0.0248143
0.1
0.0225371
0.0203572
0.0182933
0.0163595
0.0145648
0.0129139
0.0114074
0.0100426
0.00881428
0.00771524
0.00673697
0.00587019
0.00510531
0.00443277
0.00384322
0.00332801
0.00287794
0.00249051
0.00213046
0.00194784
END_LIST
