BEGIN_LIST
0.1
0.0992804
0.0985211
0.0977209
0.0968785
0.0959928
0.095063
0.094088
0.0930672
0.0919999
0.0908856
0.089724
0.0885147
0.0872569
0.0859493
0.0845878
0.0831617
0.0816441
0.0799673
0.0779647
0.0752275
0.0666678
0.0744681
0.0584084
0.0735366
0.0506258
0.0724023
0.0434504
0.0710325
0.0369629
0.0693943
0.0311983
0.0674572
0.0261529
0.065196
0.0217945
0.0625952
0.0180712
0.0596527
0.0149204
0.0563836
0.0122751
0.0528219
0.0100691
0.0490213
0.00823963
0.0450519
0.00672989
0.0409954
0.00549006
0.0369386
0.00447838
0.0329661
0.00366308
0.0291531
0.00302713
0.0255595
0.00258012
0.0221657
0.00238792
0.0169306
0.00210951
0.0025926
0.00235451
0.0149151
0.0140508
0.00186282
0.00279568
0.00256153
0.0131356
0.0116339
0.00164442
0.00300334
0.00292018
0.0115654
0.00961422
0.00145117
0.00321961
0.00339544
0.0101804
0.0079324
0.00128029
0.00344725
0.00397846
0.00895946
0.00653608
0.00112926
0.00368831
0.00467355
0.0078835
0.00537961
0.000995831
0.00394442
0.00549234
0.00693564
0.00442374
0.000878006
0.00421698
0.00645097
0.00610088
0.00363498
0.000773994
0.00450729
0.00756884
0.00536591
0.002985
0.000682205
0.00481662
0.00886792
0.00471893
0.00244999
0.000601223
0.00514624
0.0103723
0.00414949
0.00200999
0.000529795
0.00549741
0.0121076
0.00364832
0.00164836
0.000466805
0.00587148
0.0141004
0.00320712
0.0013512
0.000411269
0.00626981
0.0163773
0.00281838
0.00110687
0.000362312
0.00669383
0.0189636
0.00247508
0.000905377
0.000319161
0.00714503
0.021882
0.00217006
0.00073766
0.000281132
0.00762492
0.02515
0.00189499
0.000594269
0.00024762
0.00813512
0.0287782
0.00163801
0.00046271
0.000218218
0.00867727
0.0327676
0.00137871
0.000321437
0.000179217
0.00925307
0.0371074
0.00107712
0.00012583
0.000146941
0.0001602
0.00575371
0.0142793
0.00619921
0.040225
0.00104158
0.000723956
0.000110525
3.33768e-05
0.000120466
0.000143197
0.00354346
0.0176655
0.0042186
0.0434684
0.00100596
0.000486249
9.70803e-05
9.24453e-06
9.87534e-05
0.000127996
0.00216918
0.0205583
0.00294639
0.0468256
0.000970234
0.000326439
8.52693e-05
2.99253e-06
8.09492e-05
0.000114406
0.00132297
0.023406
0.00214188
0.0502809
0.000934342
0.000219083
7.48943e-05
1.42532e-06
6.63514e-05
0.000102257
0.000805041
0.0263839
0.00164726
0.0538146
0.000898241
0.000147002
6.57809e-05
1.09178e-06
5.43838e-05
9.13973e-05
0.000489195
0.0295574
0.00135953
0.0574044
0.000861879
9.86231e-05
5.77758e-05
1.09007e-06
4.45731e-05
8.16894e-05
0.000297015
0.0329442
0.00121191
0.0610254
0.000825204
6.61593e-05
5.07444e-05
1.18533e-06
3.65313e-05
7.30117e-05
0.00018024
0.0365383
0.00116144
0.0646512
0.000788161
4.43789e-05
4.45684e-05
1.31735e-06
2.99396e-05
6.5255e-05
0.000109342
0.0403193
0.00118082
0.0682545
0.000750694
2.97675e-05
3.91437e-05
1.47172e-06
2.45368e-05
5.83217e-05
6.63198e-05
0.0442563
0.00125313
0.071808
0.000712742
1.99663e-05
3.43791e-05
1.6462e-06
2.01087e-05
5.21247e-05
4.02206e-05
0.0483098
0.00136836
0.0752852
0.000674242
1.33919e-05
3.01943e-05
1.8419e-06
1.64795e-05
4.65857e-05
2.43907e-05
0.0524336
0.00152111
0.0786613
0.00063513
8.98219e-06
2.65188e-05
2.061e-06
1.3505e-05
4.1635e-05
1.47904e-05
0.0565769
0.00170914
0.0819135
0.000595337
6.02447e-06
2.32905e-05
2.30619e-06
1.1067e-05
3.72102e-05
8.96865e-06
0.0606864
0.00193249
0.0850223
0.00055479
4.04066e-06
2.04552e-05
2.58057e-06
9.06809e-06
3.32554e-05
5.43836e-06
0.0647093
0.00219283
0.0879712
0.000513414
2.71009e-06
1.7965e-05
2.88758e-06
7.42686e-06
2.97209e-05
3.2977e-06
0.0685956
0.0024931
0.0907476
0.00047113
1.81768e-06
1.57779e-05
3.23113e-06
6.07168e-06
2.65623e-05
1.99981e-06
0.072301
0.00283734
0.0933423
0.000427855
1.2192e-06
1.38571e-05
3.61554e-06
4.9274e-06
2.37406e-05
1.21332e-06
0.0757882
0.00323053
0.09575
0.000383501
8.1852e-07
1.21703e-05
4.04569e-06
3.87796e-06
2.12236e-05
7.38213e-07
0.0790289
0.00367855
0.0979688
0.000337977
5.57107e-07
1.07026e-05
4.52701e-06
2.64773e-06
1.89925e-05
4.5638e-07
0.082004
0.00418818
0.1
0.000291185
4.56154e-07
1.00234e-05
5.06559e-06
1.49507e-06
2.55857e-06
1.77797e-05
3.60253e-07
0.0810185
0.082961
0.00509084
0.000234767
0.000197532
5.41631e-06
8.46193e-07
2.50512e-06
1.66443e-05
2.844e-07
0.080002
0.0839048
0.00618835
0.000189259
0.000134112
5.7883e-06
4.81445e-07
2.49986e-06
1.55815e-05
2.24565e-07
0.0789546
0.0848389
0.00751586
0.000152558
9.11731e-05
6.18438e-06
2.77088e-07
2.56148e-06
1.45865e-05
1.77404e-07
0.0778768
0.0857659
0.0091148
0.000122965
6.21085e-05
6.60686e-06
1.6345e-07
2.71782e-06
1.3655e-05
1.40296e-07
0.0767693
0.0866873
0.0110326
9.91063e-05
4.24432e-05
7.05787e-06
1.01348e-07
3.01021e-06
1.2783e-05
1.11216e-07
0.0756325
0.0876041
0.0133219
7.98732e-05
2.91457e-05
7.5395e-06
6.8812e-08
3.49991e-06
1.19666e-05
8.86334e-08
0.0744674
0.088517
0.0160399
6.437e-05
2.01631e-05
8.05392e-06
5.35962e-08
4.27754e-06
1.12024e-05
7.14665e-08
0.0732748
0.0894261
0.019246
5.18743e-05
1.41046e-05
8.6034e-06
4.89751e-08
5.47708e-06
1.0487e-05
5.90837e-08
0.0720557
0.0903314
0.022999
4.18032e-05
1.00284e-05
9.19034e-06
5.13807e-08
7.29655e-06
9.8173e-06
0.0708113
0.091233
0.027353
3.36867e-05
0.0695427
0.0921307
0.0323514
2.71457e-05
0.0682513
0.0930242
0.03802
2.18744e-05
0.0669378
0.0939135
0.0443591
1.76266e-05
0.0656025
0.0947983
0.0513366
1.42035e-05
0.0642427
0.0956784
0.0588812
1.14451e-05
0.0628477
0.0965535
0.0668801
9.22235e-06
0.0613837
0.0974234
0.0751816
7.43126e-06
0.0597502
0.0982879
0.0836026
5.98834e-06
0.0576554
0.0991469
0.0919424
4.83773e-06
0.0542593
0.1
0.1
4.33079e-06
0.0535485
0.0353996
0.0527683
0.023345
0.0519148
0.0159011
0.050985
0.0115308
0.0499762
0.00921856
0.0488867
0.00832638
0.0477155
0.00847717
0.0464629
0.00947051
0.0451306
0.0112262
0.0437213
0.0137471
0.0422394
0.0170952
0.0406908
0.0213732
0.0390826
0.0267091
0.0374234
0.0332389
0.035723
0.0410849
0.0339921
0.0503302
0.0322419
0.0609881
0.0304844
0.0729738
0.0287322
0.086085
0.0269679
0.1
0.0246056
0.0223229
0.0201425
0.0180827
0.0161563
0.0143718
0.012733
0.0112397
0.0098888
0.00867442
0.00758902
0.00662381
0.00576932
0.00501586
0.00435376
0.00377388
0.00326635
0.00282877
0.00242147
0.00221474
END_LIST
