BEGIN_LIST
0.1
0.0999969
0.0999936
0.0999901
0.0999863
0.0999822
0.0999778
0.0999732
0.0999681
0.0999627
0.0999569
0.0999507
0.099944
0.0999367
0.0999288
0.0999198
0.0999089
0.0998943
0.0998714
0.0998284
0.0997365
0.0993109
0.0997365
0.0987536
0.0997365
0.0980286
0.0997366
0.0970924
0.0997366
0.0958947
0.0997366
0.0943785
0.0997366
0.0924832
0.0997367
0.0901483
0.0997367
0.0873196
0.0997367
0.083957
0.0997367
0.0800441
0.0997367
0.0755977
0.0997368
0.0706763
0.0997368
0.0653871
0.0997368
0.0598938
0.0997368
0.0544294
0.0997368
0.0493306
0.0997368
0.0451195
0.0997345
0.0426912
0.0996338
0.0437094
0.0952571
0.0416589
0.0420157
0.0526258
0.090723
0.0950031
0.039543
0.0415197
0.0593915
0.0860323
0.0946727
0.0373784
0.0417631
0.0649449
0.0812262
0.0942447
0.0351835
0.0424615
0.0697337
0.0763494
0.0936931
0.0329775
0.0434384
0.0739665
0.0714482
0.0929862
0.0307799
0.044583
0.0777379
0.066569
0.0920868
0.0286097
0.0458258
0.0810924
0.0617566
0.0909516
0.0264848
0.0471223
0.0840556
0.0570525
0.0895323
0.0244213
0.0484436
0.0866488
0.0524941
0.0877769
0.0224334
0.0497706
0.0888953
0.0481129
0.0856316
0.020533
0.0510905
0.0908217
0.0439346
0.0830439
0.0187292
0.052394
0.092458
0.0399783
0.0799645
0.0170288
0.0536745
0.0938355
0.0362558
0.0763463
0.0154361
0.0549271
0.0949858
0.0327716
0.0721368
0.013953
0.0561481
0.0959397
0.0295204
0.0672547
0.0125797
0.0573344
0.0967258
0.0264832
0.0615375
0.0113145
0.0584838
0.09737
0.0236179
0.0546295
0.0101542
0.0595944
0.0978954
0.0208377
0.0457541
0.0090974
0.0606648
0.0983223
0.0179646
0.0332352
0.00765238
0.0616941
0.0986679
0.0146271
0.0134132
0.00644103
0.00692299
0.0530658
0.0809015
0.0438728
0.098861
0.0141528
0.0112296
0.0122458
0.00356258
0.00539791
0.0062557
0.0428903
0.0896366
0.0314629
0.0990281
0.0136771
0.00832921
0.0111407
0.000959066
0.00450697
0.00564663
0.0324619
0.0936655
0.0230413
0.0991727
0.0131994
0.00600882
0.0101019
0.000278692
0.00375128
0.00509183
0.0231182
0.0955864
0.0174953
0.0992975
0.012719
0.00424378
0.00913171
0.000103801
0.00311403
0.00458745
0.0156583
0.0965557
0.0139886
0.0994053
0.0122355
0.00295073
0.00823115
6.16983e-05
0.00257931
0.00412968
0.0102142
0.097087
0.0119163
0.0994982
0.0117481
0.00202884
0.00739987
5.47866e-05
0.00213244
0.00371486
0.00649039
0.0974089
0.0108547
0.0995783
0.0112561
0.00138407
0.00663648
5.75715e-05
0.00176027
0.00333949
0.00405298
0.0976245
0.0105144
0.0996472
0.0107589
0.000939109
0.00593871
6.34395e-05
0.00145119
0.00300025
0.00250279
0.0977812
0.0107023
0.0997065
0.0102556
0.000634834
0.00530365
7.07245e-05
0.00119511
0.00269401
0.00153471
0.097902
0.0112918
0.0997576
0.0097456
0.000428063
0.00472788
7.90628e-05
0.00098336
0.00241785
0.000936993
0.0979983
0.012202
0.0998014
0.00922799
0.000288145
0.00420771
8.84401e-05
0.000808536
0.00216904
0.00057054
0.0980766
0.0133825
0.0998391
0.00870194
0.000193738
0.00373924
9.89429e-05
0.000664391
0.00194507
0.000346838
0.0981411
0.014803
0.0998715
0.00816655
0.000130161
0.00331852
0.000110695
0.000545658
0.0017436
0.000210637
0.0981944
0.0164466
0.0998993
0.00762088
8.74013e-05
0.00294163
0.000123841
0.000447907
0.00156251
0.000127844
0.0982387
0.018304
0.0999232
0.00706393
5.86683e-05
0.00260479
0.000138546
0.00036736
0.00139982
7.75665e-05
0.0982754
0.0203707
0.0999436
0.00649468
3.9372e-05
0.00230434
0.000154992
0.000300607
0.00125377
4.70551e-05
0.098306
0.0226442
0.0999611
0.00591204
2.64198e-05
0.00203682
0.000173386
0.000243913
0.00112276
2.85557e-05
0.0983313
0.0251218
0.0999761
0.00531484
1.77428e-05
0.00179907
0.000193957
0.000191192
0.00100546
1.73767e-05
0.0983524
0.0277991
0.099989
0.00470189
1.20793e-05
0.00159012
0.00021696
0.00012749
0.000901135
1.07442e-05
0.0983699
0.0306693
0.1
0.00407191
9.89177e-06
0.00149299
0.000242681
7.19297e-05
0.00012101
0.000844301
8.48213e-06
0.0983607
0.0983993
0.0353541
0.00341436
0.00277678
0.00025942
4.06265e-05
0.000115331
0.000791009
6.69759e-06
0.098351
0.0984631
0.0404208
0.00284404
0.00189836
0.000277165
2.30046e-05
0.000110611
0.000741043
5.29074e-06
0.0983407
0.0985448
0.0457828
0.00235553
0.00130334
0.000296049
1.31009e-05
0.000107095
0.0006942
4.18346e-06
0.0983298
0.0986353
0.0513323
0.00194154
0.00090084
0.000316181
7.55521e-06
0.000105155
0.000650289
3.31512e-06
0.0983182
0.0987297
0.0569449
0.00159384
0.000629056
0.000337659
4.4754e-06
0.000105353
0.00060913
2.63979e-06
0.098306
0.0988252
0.0624884
0.001304
0.000445989
0.000360581
2.79764e-06
0.000108533
0.000570554
2.1246e-06
0.098293
0.0989204
0.0678335
0.00106388
0.000323143
0.000385045
1.92555e-06
0.000115943
0.000534401
1.74965e-06
0.0982792
0.0990144
0.072865
0.00086598
0.000241189
0.000411158
1.52715e-06
0.000129443
0.000500522
1.50995e-06
0.0982646
0.0991068
0.0774911
0.00070356
0.000187028
0.000439029
1.42058e-06
0.000151782
0.000468775
0.0982492
0.0991974
0.0816487
0.000570718
0.0982326
0.0992861
0.0853054
0.000462375
0.0982147
0.0993729
0.0884572
0.000374214
0.0981946
0.0994578
0.0911236
0.000302611
0.0981699
0.0995407
0.0933413
0.000244542
0.0981343
0.0996218
0.0951576
0.000197509
0.0980691
0.099701
0.0966247
0.00015945
0.0979211
0.0997784
0.0977952
0.00012868
0.0975373
0.099854
0.0987189
0.000103823
0.0964786
0.0999279
0.0994408
8.39606e-05
0.0934836
0.1
0.1
7.52015e-05
0.0934835
0.0711474
0.0934835
0.0545011
0.0934835
0.0427789
0.0934835
0.0351958
0.0934835
0.030978
0.0934834
0.0294442
0.0934834
0.030051
0.0934834
0.0323881
0.0934834
0.0361424
0.0934833
0.0410525
0.0934833
0.0468712
0.0934833
0.0533417
0.0934833
0.0601923
0.0934832
0.0671472
0.0934832
0.0739471
0.0934832
0.0803724
0.0934831
0.0862607
0.0934831
0.0915129
0.0934831
0.0960896
0.093483
0.1
0.0934829
0.0934829
0.0934828
0.0934827
0.0934826
0.0934825
0.0934823
0.0934822
0.093482
0.0934818
0.0934815
0.0934813
0.0934809
0.0934805
0.09348
0.0934795
0.0934788
0.093478
0.093477
0.0934764
END_LIST
