BEGIN_LIST
0.00131911
0.00131832
0.00131748
0.00131657
0.00131561
0.00131457
0.00131347
0.00131229
0.00131103
0.00130969
0.00130825
0.00130671
0.00130507
0.00130332
0.00130144
0.00129942
0.00129721
0.00129472
0.00129169
0.00128742
0.00122089
0.00132992
0.00118967
0.0013299
0.00115148
0.00132988
0.00110569
0.00132984
0.00105203
0.0013298
0.000990713
0.00132975
0.000922508
0.00132969
0.000848757
0.00132961
0.000771272
0.00132951
0.000692169
0.00132938
0.000613633
0.00132922
0.000537701
0.00132901
0.00046608
0.00132876
0.000400055
0.00132843
0.000340478
0.00132802
0.000287868
0.0013275
0.000242624
0.00132685
0.000205472
0.00132603
0.000178389
0.00132493
0.000166601
0.00132078
0.000238438
0.000178716
0.00021015
0.000478289
0.0011146
0.000214198
0.000192127
0.000222758
0.000437202
0.00106496
0.000192021
0.000205282
0.000247668
0.000398216
0.00100832
0.000171814
0.000218543
0.000280616
0.000361491
0.000945224
0.000153467
0.00023213
0.00031962
0.000327129
0.000876705
0.000136867
0.000246176
0.000363729
0.000295178
0.00080421
0.00012189
0.000260764
0.000412392
0.000265639
0.000729484
0.000108415
0.000275945
0.000465151
0.000238473
0.000654399
9.63198e-05
0.000291752
0.000521485
0.000213609
0.000580778
8.54872e-05
0.000308202
0.000580737
0.000190949
0.000510233
7.58041e-05
0.000325306
0.000642094
0.000170379
0.000444051
6.71633e-05
0.000343067
0.000704603
0.000151769
0.00038314
5.94645e-05
0.000361481
0.000767207
0.000134982
0.000328018
5.26144e-05
0.000380539
0.00082881
0.000119872
0.00027884
4.65269e-05
0.000400229
0.000888345
0.000106282
0.000235431
4.11228e-05
0.000420533
0.000944852
9.40342e-05
0.000197279
3.63301e-05
0.000441427
0.000997532
8.29031e-05
0.000163424
3.20832e-05
0.000462884
0.0010458
7.25499e-05
0.000132075
2.833e-05
0.00048487
0.00108928
6.23806e-05
9.9588e-05
2.42299e-05
0.00050735
0.00112785
5.12254e-05
5.77993e-05
3.37514e-05
2.35984e-05
0.000611078
0.000747177
0.000372342
0.00115633
1.22522e-05
0.000196935
5.1713e-05
2.3772e-05
2.77656e-05
2.11249e-05
0.000434075
0.000887588
0.000264094
0.00117693
1.18441e-05
0.000137644
4.56123e-05
6.32923e-06
2.28256e-05
1.89073e-05
0.000292894
0.000963815
0.000187102
0.00119546
1.14346e-05
9.49873e-05
4.0211e-05
1.73529e-06
1.87539e-05
1.69198e-05
0.00019039
0.001017
0.000134628
0.00121205
1.10233e-05
6.49644e-05
3.54333e-05
5.3992e-07
1.54013e-05
1.51391e-05
0.000120651
0.00105979
0.000100218
0.00122684
1.06096e-05
4.41552e-05
3.1211e-05
2.37221e-07
1.26432e-05
1.35441e-05
7.51988e-05
0.0010965
7.86523e-05
0.00123999
1.01929e-05
2.98836e-05
2.74821e-05
1.69437e-07
1.03757e-05
1.21157e-05
4.63781e-05
0.00112874
6.60665e-05
0.00125162
9.77271e-06
2.0166e-05
2.41913e-05
1.64478e-07
8.51269e-06
1.08368e-05
2.84158e-05
0.00115717
5.97477e-05
0.00126188
9.34832e-06
1.35815e-05
2.12887e-05
1.77475e-07
6.9827e-06
9.69209e-06
1.73399e-05
0.00118217
5.78598e-05
0.0012709
8.91912e-06
9.13482e-06
1.87299e-05
1.96869e-07
5.72669e-06
8.66756e-06
1.05549e-05
0.00120403
5.91969e-05
0.00127881
8.48443e-06
6.13848e-06
1.64751e-05
2.19839e-07
4.69593e-06
7.75076e-06
6.4151e-06
0.00122303
6.29913e-05
0.00128572
8.04354e-06
4.12248e-06
1.44891e-05
2.45873e-07
3.85024e-06
6.93049e-06
3.89539e-06
0.00123946
6.87754e-05
0.00129176
7.59572e-06
2.76746e-06
1.27404e-05
2.7509e-07
3.15654e-06
6.19665e-06
2.36405e-06
0.00125357
7.6285e-05
0.00129701
7.14019e-06
1.85731e-06
1.12011e-05
3.07805e-07
2.58758e-06
5.54024e-06
1.43421e-06
0.00126565
8.53943e-05
0.00130157
6.67613e-06
1.24626e-06
9.84657e-06
3.44417e-07
2.1209e-06
4.95312e-06
8.69924e-07
0.00127593
9.60717e-05
0.00130553
6.20269e-06
8.36138e-07
8.65486e-06
3.85384e-07
1.73787e-06
4.42805e-06
5.27592e-07
0.00128467
0.00010835
0.00130896
5.71897e-06
5.60936e-07
7.60663e-06
4.31223e-07
1.42254e-06
3.95852e-06
3.19963e-07
0.00129206
0.000122308
0.00131193
5.22402e-06
3.76302e-07
6.68478e-06
4.82512e-07
1.1597e-06
3.53877e-06
1.94081e-07
0.00129829
0.000138052
0.0013145
4.71686e-06
2.52533e-07
5.87427e-06
5.399e-07
9.29838e-07
3.16388e-06
1.17882e-07
0.00130355
0.000155713
0.00131671
4.19643e-06
1.70501e-07
5.16486e-06
6.04111e-07
6.93677e-07
2.83033e-06
7.21611e-08
0.00130796
0.000175429
0.00131862
3.66163e-06
1.256e-07
4.6817e-06
6.75954e-07
2.60167e-07
1.361e-07
2.58833e-06
4.93306e-08
0.00129738
0.00110827
0.000203747
8.53883e-05
1.72512e-05
7.38592e-07
1.47023e-07
1.33876e-07
2.42328e-06
3.89421e-08
0.00129548
0.00111358
0.000242415
6.95708e-05
1.17268e-05
7.89494e-07
8.33538e-08
1.34473e-07
2.26874e-06
3.0746e-08
0.00129348
0.00111843
0.000287111
5.65663e-05
7.97184e-06
8.43587e-07
4.75998e-08
1.3901e-07
2.12404e-06
2.42831e-08
0.00129137
0.00112301
0.000338066
4.59149e-05
5.42295e-06
9.01233e-07
2.76145e-08
1.49153e-07
1.98856e-06
1.91935e-08
0.00128915
0.00112741
0.000395311
3.72176e-05
3.69451e-06
9.62742e-07
1.6561e-08
1.67372e-07
1.8617e-06
1.51966e-08
0.0012868
0.00113168
0.000458583
3.01339e-05
2.52349e-06
1.02841e-06
1.05976e-08
1.97324e-07
1.74294e-06
1.20783e-08
0.00128432
0.00113585
0.000527255
2.43761e-05
1.73083e-06
1.09854e-06
7.574e-09
2.44418e-07
1.63174e-06
9.68159e-09
0.00128172
0.00113993
0.00060029
1.97038e-05
1.1949e-06
1.17344e-06
6.29736e-09
3.16651e-07
1.52762e-06
7.90444e-09
0.00127897
0.00114393
0.000676249
1.59175e-05
8.33096e-07
1.25344e-06
6.11937e-09
4.25832e-07
1.43015e-06
6.70512e-09
0.00127607
0.00114786
0.000753356
1.28525e-05
5.894e-07
1.33888e-06
0.00127302
0.00115172
0.000829636
1.03736e-05
0.00126981
0.00115551
0.000903092
8.37017e-06
0.00126642
0.00115923
0.000971906
6.75191e-06
0.00126286
0.00116289
0.00103462
5.44539e-06
0.00125909
0.00116648
0.00109026
4.39095e-06
0.00125508
0.00117001
0.00113836
3.54021e-06
0.00125071
0.00117347
0.00117895
2.85399e-06
0.00124566
0.00117687
0.00121247
2.30064e-06
0.00123894
0.0011802
0.0012396
1.85659e-06
0.00122731
0.00118348
0.00126118
1.57267e-06
0.00132928
0.000910667
0.00132918
0.000712277
0.00132907
0.000538704
0.00132895
0.000409078
0.00132881
0.000325932
0.00132865
0.000283364
0.00132847
0.000273537
0.00132827
0.000289732
0.00132804
0.000327071
0.00132778
0.000382169
0.00132749
0.00045245
0.00132715
0.000535442
0.00132678
0.000628222
0.00132635
0.000727108
0.00132587
0.000827673
0.00132532
0.000925121
0.00132471
0.00101492
0.00132401
0.00109351
0.00132321
0.00115881
0.00132231
0.0012104
0.00132108
0.0013194
0.00131742
0.00131506
0.00131227
0.00130896
0.00130505
0.00130042
0.00129496
0.00128852
0.00128094
0.00127204
0.00126161
0.00124944
0.00123529
0.00121889
0.00119996
0.0011784
0.00115294
0.00112977
END_LIST
