BEGIN_LIST
0.00132467
0.00132428
0.00132386
0.00132342
0.00132294
0.00132243
0.00132189
0.0013213
0.00132068
0.00132001
0.0013193
0.00131854
0.00131772
0.00131685
0.00131591
0.0013149
0.00131379
0.00131253
0.00131099
0.0013088
0.00126593
0.00132999
0.00124626
0.00132999
0.00122139
0.00132998
0.00119042
0.00132998
0.00115251
0.00132998
0.00110704
0.00132997
0.00105372
0.00132996
0.000992742
0.00132995
0.000924851
0.00132994
0.000851363
0.00132992
0.000774073
0.0013299
0.000695089
0.00132987
0.000616612
0.00132984
0.000540729
0.0013298
0.00046927
0.00132975
0.000403794
0.00132968
0.000345796
0.0013296
0.0002973
0.00132949
0.000262265
0.00132935
0.000249641
0.00132868
0.000355719
0.000268664
0.000318636
0.000618135
0.00122906
0.000322857
0.000286176
0.000341883
0.000572324
0.00120148
0.000292182
0.000303581
0.000378932
0.000527695
0.00116786
0.000263712
0.000321197
0.000424644
0.000484594
0.00112761
0.000237427
0.000339208
0.000476335
0.000443315
0.00108034
0.000213275
0.000357718
0.000532414
0.000404087
0.00102604
0.000191182
0.000376782
0.000591707
0.000367082
0.000965108
0.000171053
0.000396424
0.000653143
0.000332412
0.000898405
0.00015278
0.000416651
0.000715641
0.000300133
0.00082724
0.000136247
0.000437452
0.000778083
0.000270254
0.000753257
0.000121333
0.000458809
0.000839349
0.000242744
0.000678284
0.000107916
0.000480695
0.000898379
0.000217534
0.000604154
9.58732e-05
0.000503075
0.00095423
0.000194527
0.000532523
8.50884e-05
0.000525911
0.00100614
0.0001736
0.000464723
7.54484e-05
0.000549157
0.00105355
0.0001546
0.000401622
6.68466e-05
0.000572765
0.00109616
0.000137329
0.000343472
5.91829e-05
0.000596681
0.00113385
0.000121511
0.000289605
5.23642e-05
0.000620848
0.00116671
0.000106696
0.000237682
4.63164e-05
0.000645206
0.001195
9.20567e-05
0.000181768
3.96859e-05
0.000669692
0.00121907
7.5924e-05
0.000107166
5.52145e-05
3.8689e-05
0.000792359
0.000925776
0.000505361
0.00123625
1.83243e-05
0.000285154
9.62536e-05
4.46148e-05
4.55352e-05
3.46715e-05
0.000597595
0.0010535
0.000366897
0.00124833
1.7716e-05
0.000203314
8.52192e-05
1.19347e-05
3.75107e-05
3.10621e-05
0.000422848
0.00111429
0.000263884
0.00125898
1.71056e-05
0.000142339
7.53795e-05
3.25953e-06
3.08716e-05
2.78212e-05
0.000284491
0.0011525
0.000191476
0.00126834
1.64923e-05
9.83447e-05
6.66207e-05
9.95493e-07
2.53882e-05
2.49127e-05
0.000184556
0.00118092
0.000142948
0.00127654
1.58753e-05
6.73172e-05
5.88363e-05
4.19442e-07
2.08655e-05
2.23036e-05
0.000116799
0.00120395
0.000112008
0.00128372
1.52537e-05
4.57811e-05
5.19276e-05
2.87608e-07
1.71396e-05
1.9964e-05
7.27356e-05
0.0012233
9.36307e-05
0.00128998
1.46266e-05
3.09965e-05
4.58036e-05
2.74276e-07
1.40731e-05
1.78668e-05
4.48351e-05
0.00123979
8.41278e-05
0.00129543
1.39933e-05
2.09228e-05
4.03811e-05
2.94464e-07
1.15511e-05
1.59875e-05
2.74615e-05
0.00125387
8.09301e-05
0.00130017
1.33526e-05
1.4094e-05
3.55845e-05
3.26237e-07
9.47829e-06
1.4304e-05
1.67542e-05
0.00126588
8.23152e-05
0.00130429
1.27035e-05
9.48072e-06
3.1345e-05
3.64191e-07
7.77561e-06
1.27962e-05
1.01972e-05
0.0012761
8.71667e-05
0.00130786
1.20451e-05
6.37151e-06
2.76009e-05
4.07287e-07
6.37756e-06
1.14461e-05
6.19723e-06
0.00128477
9.47894e-05
0.00131094
1.13762e-05
4.27927e-06
2.42964e-05
4.55672e-07
5.23002e-06
1.02374e-05
3.76295e-06
0.00129211
0.000104775
0.00131361
1.06956e-05
2.87285e-06
2.13817e-05
5.09854e-07
4.28833e-06
9.15562e-06
2.28361e-06
0.0012983
0.00011691
0.00131592
1.00022e-05
1.92811e-06
1.8812e-05
5.70488e-07
3.5156e-06
8.1875e-06
1.3854e-06
0.00130351
0.000131111
0.00131791
9.2946e-06
1.2938e-06
1.65477e-05
6.38333e-07
2.88114e-06
7.32125e-06
8.40319e-07
0.00130789
0.000147379
0.00131963
8.57149e-06
8.68055e-07
1.45532e-05
7.14244e-07
2.35861e-06
6.5463e-06
5.09657e-07
0.00131157
0.000165775
0.00132111
7.83145e-06
5.82374e-07
1.27969e-05
7.99177e-07
1.92279e-06
5.85324e-06
3.09159e-07
0.00131465
0.000186391
0.00132239
7.073e-06
3.90847e-07
1.12511e-05
8.94204e-07
1.54107e-06
5.23403e-06
1.87785e-07
0.00131723
0.000209337
0.00132348
6.29455e-06
2.63897e-07
9.8968e-06
1.00052e-06
1.14725e-06
4.68293e-06
1.14954e-07
0.00131938
0.00023473
0.00132443
5.49446e-06
1.94404e-07
8.97382e-06
1.11947e-06
4.29251e-07
2.24226e-07
4.28298e-06
7.85856e-08
0.00131299
0.00116732
0.000270767
0.000126329
2.58274e-05
1.22318e-06
2.4256e-07
2.19741e-07
4.01016e-06
6.2037e-08
0.00131199
0.0011713
0.000319201
0.000103495
1.75787e-05
1.30744e-06
1.37493e-07
2.19559e-07
3.75468e-06
4.89808e-08
0.00131093
0.00117499
0.000374047
8.45321e-05
1.19617e-05
1.39699e-06
7.8482e-08
2.25359e-07
3.51544e-06
3.86859e-08
0.00130981
0.00117849
0.000435103
6.88707e-05
8.14407e-06
1.49242e-06
4.54869e-08
2.39637e-07
3.2914e-06
3.05791e-08
0.00130863
0.00118185
0.000501852
5.59955e-05
5.55322e-06
1.59423e-06
2.72256e-08
2.66101e-07
3.08161e-06
2.42141e-08
0.00130738
0.00118512
0.000573389
4.54505e-05
3.79705e-06
1.70292e-06
1.73577e-08
3.10239e-07
2.88517e-06
1.92502e-08
0.00130606
0.00118831
0.00064841
3.68406e-05
2.60803e-06
1.81899e-06
1.23337e-08
3.80173e-07
2.70123e-06
1.54388e-08
0.00130466
0.00119142
0.000725246
2.98282e-05
1.80408e-06
1.94295e-06
1.01831e-08
4.87907e-07
2.52899e-06
1.26194e-08
0.00130319
0.00119447
0.000801976
2.41286e-05
1.26145e-06
2.07533e-06
9.83372e-09
6.51172e-07
2.36772e-06
1.07298e-08
0.00130164
0.00119747
0.000876591
1.95036e-05
8.96142e-07
2.21672e-06
0.0013
0.0012004
0.000947191
1.57557e-05
0.00129826
0.00120327
0.00101218
1.27218e-05
0.00129643
0.00120609
0.00107039
1.02681e-05
0.0012945
0.00120885
0.00112119
8.28506e-06
0.00129245
0.00121156
0.00116444
6.68326e-06
0.00129025
0.00121421
0.00120044
5.39003e-06
0.00128783
0.00121681
0.00122979
4.34632e-06
0.00128498
0.00121936
0.00125329
3.50433e-06
0.00128102
0.00122186
0.00127181
2.82842e-06
0.00127377
0.00122431
0.00128621
2.39614e-06
0.00132988
0.00101269
0.00132987
0.000821715
0.00132985
0.000640573
0.00132983
0.00049746
0.00132981
0.000402108
0.00132978
0.000351925
0.00132976
0.000339627
0.00132972
0.000357747
0.00132969
0.000400201
0.00132964
0.000462262
0.0013296
0.00053994
0.00132954
0.000629308
0.00132948
0.000726049
0.00132942
0.000825343
0.00132934
0.00092214
0.00132925
0.00101174
0.00132915
0.00109044
0.00132904
0.00115605
0.00132891
0.00120804
0.00132877
0.0012473
0.00132857
0.00132829
0.00132797
0.00132759
0.00132713
0.00132659
0.00132594
0.00132517
0.00132425
0.00132316
0.00132186
0.00132032
0.00131849
0.00131631
0.00131372
0.00131065
0.001307
0.00130272
0.00129745
0.00129248
END_LIST
