BEGIN_LIST
0.00132947
0.00132943
0.00132938
0.00132934
0.00132929
0.00132924
0.00132919
0.00132913
0.00132906
0.001329
0.00132892
0.00132885
0.00132876
0.00132867
0.00132858
0.00132848
0.00132836
0.00132823
0.00132807
0.00132784
0.001319
0.00133
0.0013153
0.00133
0.00131041
0.00133
0.00130395
0.00133
0.00129548
0.00133
0.00128443
0.00133
0.00127012
0.00133
0.00125177
0.00133
0.0012285
0.00133
0.00119942
0.00133
0.00116367
0.00133
0.00112058
0.00133
0.00106979
0.00133
0.00101145
0.00133
0.00094646
0.00133
0.000876675
0.00133
0.000805509
0.00133
0.000739123
0.00133
0.000689135
0.00133
0.000677654
0.00133
0.000886378
0.000708336
0.000838328
0.00094649
0.00132272
0.000845631
0.000719871
0.000902544
0.000905394
0.00132041
0.000803493
0.000736569
0.000960334
0.000862406
0.00131738
0.000760296
0.000756318
0.00101268
0.000817875
0.00131342
0.000716398
0.000777794
0.00105984
0.000772197
0.00130827
0.000672185
0.000800173
0.00110189
0.000725804
0.00130158
0.000628044
0.000822936
0.0011389
0.000679145
0.00129294
0.00058436
0.000845752
0.00117106
0.000632672
0.00128185
0.000541498
0.000868403
0.00119868
0.000586821
0.00126771
0.000499792
0.000890738
0.00122213
0.000541994
0.00124983
0.000459536
0.000912653
0.00124184
0.000498552
0.00122744
0.00042098
0.000934067
0.00125827
0.000456798
0.00119975
0.00038432
0.000954921
0.00127185
0.000416971
0.00116593
0.000349704
0.000975169
0.00128301
0.000379235
0.00112515
0.000317229
0.000994772
0.00129213
0.000343662
0.00107651
0.000286948
0.0010137
0.00129955
0.000310189
0.00101864
0.00025887
0.00103194
0.00130556
0.000278542
0.000948643
0.000232969
0.00104946
0.00131042
0.00024803
0.000859014
0.000209229
0.00106626
0.00131433
0.000217106
0.000728498
0.000182343
0.00108234
0.00131747
0.000182338
0.00048963
0.000250539
0.000179329
0.00119149
0.00124586
0.000907045
0.00131962
4.58005e-05
0.000615594
0.000454133
0.00022784
0.000211498
0.000162367
0.00107411
0.0012901
0.000724593
0.00132108
4.43026e-05
0.000476578
0.000415004
6.44819e-05
0.000177688
0.000146824
0.000909694
0.00130403
0.000561113
0.00132233
4.2798e-05
0.000355905
0.000377892
1.7834e-05
0.000148674
0.000132617
0.000717345
0.00131056
0.000430698
0.00132341
4.12849e-05
0.000258111
0.000342944
5.41681e-06
0.000123966
0.00011966
0.000527655
0.00131454
0.000335674
0.00132434
3.97612e-05
0.000183006
0.000310252
2.23475e-06
0.00010306
0.000107866
0.000365857
0.00131737
0.000271846
0.00132514
3.82249e-05
0.000127602
0.000279858
1.49791e-06
8.54696e-05
9.71511e-05
0.000242494
0.00131956
0.000232876
0.00132583
3.66738e-05
8.79087e-05
0.000251764
1.4136e-06
7.07351e-05
8.74319e-05
0.000155701
0.00132134
0.000212685
0.00132642
3.51056e-05
6.00533e-05
0.00022593
1.51297e-06
5.84401e-05
7.86294e-05
9.78744e-05
0.0013228
0.000206364
0.00132693
3.3518e-05
4.07849e-05
0.000202289
1.67482e-06
4.82132e-05
7.06678e-05
6.06892e-05
0.00132401
0.000210291
0.00132736
3.19083e-05
2.75879e-05
0.000180749
1.86915e-06
3.97288e-05
6.34758e-05
3.73093e-05
0.00132501
0.00022194
0.00132774
3.02739e-05
1.86102e-05
0.000161201
2.09e-06
3.27054e-05
5.6986e-05
2.28141e-05
0.00132585
0.000239612
0.00132806
2.86122e-05
1.25309e-05
0.000143525
2.33795e-06
2.69017e-05
5.11357e-05
1.39048e-05
0.00132655
0.000262192
0.00132834
2.692e-05
8.42689e-06
0.000127593
2.61555e-06
2.21127e-05
4.58667e-05
8.45775e-06
0.00132713
0.000288957
0.00132858
2.51944e-05
5.66224e-06
0.000113275
2.92611e-06
1.8165e-05
4.11249e-05
5.13823e-06
0.00132761
0.000319432
0.00132878
2.34322e-05
3.80244e-06
0.00010044
3.27348e-06
1.49112e-05
3.68608e-05
3.11927e-06
0.00132801
0.000353292
0.00132895
2.16298e-05
2.55254e-06
8.89626e-05
3.662e-06
1.22219e-05
3.3029e-05
1.89283e-06
0.00132835
0.000390282
0.00132911
1.97837e-05
1.7131e-06
7.87198e-05
4.09651e-06
9.96911e-06
2.95883e-05
1.14857e-06
0.00132863
0.000430172
0.00132923
1.789e-05
1.14999e-06
6.95967e-05
4.58241e-06
7.97851e-06
2.65031e-05
6.97785e-07
0.00132886
0.000472714
0.00132935
1.59448e-05
7.76594e-07
6.1521e-05
5.12574e-06
5.88033e-06
2.37484e-05
4.27211e-07
0.00132906
0.000517622
0.00132944
1.39438e-05
5.72151e-07
5.59769e-05
5.73325e-06
2.17502e-06
1.12803e-06
2.17442e-05
2.92079e-07
0.00132803
0.00127157
0.000577546
0.00030033
6.4877e-05
6.26258e-06
1.22862e-06
1.08438e-06
2.03744e-05
2.30591e-07
0.00132791
0.00127306
0.000652014
0.000252057
4.44519e-05
6.69246e-06
6.95506e-07
1.05356e-06
1.90898e-05
1.82084e-07
0.00132779
0.00127446
0.00072848
0.000210117
3.0426e-05
7.14906e-06
3.95713e-07
1.03971e-06
1.78852e-05
1.4385e-07
0.00132766
0.0012758
0.000804885
0.000174141
2.08415e-05
7.63537e-06
2.277e-07
1.0491e-06
1.67558e-05
1.13767e-07
0.00132752
0.00127709
0.00087916
0.000143616
1.43156e-05
8.15397e-06
1.34243e-07
1.09105e-06
1.56969e-05
9.01929e-08
0.00132737
0.00127835
0.000949385
0.000117953
9.88514e-06
8.70729e-06
8.31442e-08
1.17945e-06
1.47042e-05
7.18899e-08
0.00132722
0.00127957
0.00101397
9.65405e-05
6.8853e-06
9.29778e-06
5.63424e-08
1.33487e-06
1.37737e-05
5.79837e-08
0.00132705
0.00128077
0.00107177
7.87893e-05
4.86015e-06
9.92798e-06
4.37678e-08
1.58775e-06
1.29016e-05
4.79667e-08
0.00132688
0.00128193
0.00112217
6.41502e-05
3.49819e-06
1.06006e-05
3.98874e-08
1.98308e-06
1.20843e-05
4.17629e-08
0.00132669
0.00128307
0.00116506
5.21298e-05
2.58725e-06
1.13183e-05
0.00132649
0.00128418
0.00120074
4.22945e-05
0.00132629
0.00128527
0.00122982
3.42704e-05
0.00132607
0.00128634
0.00125312
2.77394e-05
0.00132583
0.00128738
0.00127149
2.24337e-05
0.00132559
0.00128839
0.00128579
1.81303e-05
0.00132532
0.00128938
0.00129679
1.46441e-05
0.00132501
0.00129035
0.00130518
1.18229e-05
0.00132463
0.0012913
0.00131153
9.54193e-06
0.00132405
0.00129223
0.00131631
7.70764e-06
0.00132281
0.00129313
0.00131989
6.53315e-06
0.00133
0.00121
0.00133
0.00108089
0.00133
0.000924162
0.00133
0.000776463
0.00133
0.000665953
0.00133
0.000603946
0.00133
0.00058882
0.00133
0.000612748
0.00133
0.000666185
0.00133
0.000739777
0.00133
0.000824882
0.00133
0.000913725
0.00133
0.000999652
0.00133
0.00107752
0.00133
0.00114402
0.00133
0.00119779
0.00133
0.00123909
0.00133
0.00126939
0.00133
0.0012907
0.00133
0.00130514
0.00133
0.00133
0.00133
0.00133
0.00132999
0.00132999
0.00132999
0.00132999
0.00132999
0.00132999
0.00132999
0.00132998
0.00132998
0.00132997
0.00132997
0.00132996
0.00132996
0.00132995
0.00132994
0.00132993
END_LIST
