BEGIN_LIST
0.00132914
0.00132908
0.00132901
0.00132894
0.00132886
0.00132878
0.00132869
0.00132859
0.00132849
0.00132838
0.00132827
0.00132814
0.00132801
0.00132787
0.00132771
0.00132755
0.00132737
0.00132716
0.0013269
0.00132653
0.00131411
0.00133
0.00130882
0.00133
0.00130185
0.00133
0.00129272
0.00133
0.00128082
0.00133
0.00126545
0.00133
0.00124579
0.00133
0.00122097
0.00133
0.00119006
0.00133
0.00115226
0.00133
0.00110694
0.00133
0.00105383
0.00133
0.000993143
0.00133
0.000925742
0.00133
0.000853194
0.00133
0.000777941
0.00133
0.000703656
0.00133
0.00063627
0.00133
0.00058648
0.00133
0.000574783
0.00132999
0.000772144
0.00060617
0.000723352
0.000892645
0.00131728
0.000728406
0.000621838
0.000783607
0.000849099
0.00131328
0.000684246
0.000641095
0.000843714
0.000804126
0.00130806
0.000640053
0.000662526
0.000902054
0.000758136
0.00130129
0.000596214
0.000685252
0.000957425
0.00071157
0.00129255
0.000553099
0.000708719
0.00100894
0.00066488
0.00128133
0.000511052
0.000732571
0.001056
0.000618516
0.00126702
0.000470378
0.000756567
0.00109827
0.000572907
0.00124894
0.00043134
0.000780542
0.00113564
0.000528445
0.00122634
0.000394149
0.000804368
0.00116822
0.000485476
0.00119844
0.000358965
0.000827949
0.00119624
0.00044429
0.00116449
0.000325901
0.000851203
0.00122006
0.000405116
0.00112388
0.00029502
0.000874061
0.00124011
0.000368115
0.00107617
0.000266342
0.000896462
0.00125684
0.000333378
0.00102113
0.000239851
0.000918355
0.00127067
0.00030091
0.000958706
0.0002155
0.000939691
0.00128205
0.000270603
0.000888596
0.000193214
0.000960431
0.00129135
0.000242161
0.000809247
0.000172902
0.000980539
0.00129892
0.000214926
0.000715175
0.000154488
0.000999986
0.00130506
0.00018749
0.000589655
0.000133863
0.00101875
0.00131001
0.000156792
0.000381173
0.000184763
0.000131262
0.00113852
0.0012096
0.000835646
0.00131341
3.90018e-05
0.000543518
0.00035023
0.000171292
0.000154727
0.000118426
0.00099611
0.00126847
0.000653954
0.00131573
3.77215e-05
0.00041281
0.000317042
4.75801e-05
0.000129108
0.000106745
0.000813973
0.00128854
0.000497745
0.00131773
3.64359e-05
0.000303453
0.000286149
1.30766e-05
0.000107402
9.61335e-05
0.000619035
0.00129845
0.000376595
0.00131945
3.51432e-05
0.000217379
0.00025756
3.9476e-06
8.9116e-05
8.651e-05
0.000441138
0.0013047
0.000289913
0.00132093
3.38418e-05
0.000152716
0.000231244
1.60968e-06
7.37848e-05
7.77953e-05
0.000298408
0.00130924
0.000232278
0.00132221
3.25298e-05
0.000105778
0.000207139
1.06582e-06
6.09817e-05
6.99142e-05
0.000194323
0.00131281
0.000197174
0.0013233
3.12056e-05
7.25324e-05
0.000185157
1.00013e-06
5.03251e-05
6.27956e-05
0.000123293
0.00131571
0.000178813
0.00132425
2.9867e-05
4.93881e-05
0.000165193
1.0687e-06
4.14795e-05
5.63728e-05
7.69062e-05
0.0013181
0.000172696
0.00132506
2.8512e-05
3.34667e-05
0.000147128
1.18258e-06
3.41536e-05
5.05833e-05
4.74551e-05
0.00132009
0.000175583
0.00132576
2.71386e-05
2.26032e-05
0.000130835
1.31972e-06
2.80978e-05
4.53695e-05
2.9085e-05
0.00132174
0.000185254
0.00132636
2.57444e-05
1.52319e-05
0.000116184
1.47568e-06
2.30996e-05
4.06777e-05
1.77518e-05
0.00132313
0.000200245
0.00132688
2.43271e-05
1.02489e-05
0.000103044
1.65082e-06
1.89796e-05
3.64588e-05
1.0807e-05
0.00132428
0.000219615
0.00132733
2.28842e-05
6.88907e-06
9.12883e-05
1.84693e-06
1.55867e-05
3.26676e-05
6.5689e-06
0.00132524
0.000242782
0.00132771
2.1413e-05
4.62747e-06
8.0793e-05
2.06636e-06
1.27945e-05
2.92626e-05
3.98902e-06
0.00132604
0.000269387
0.00132804
1.99109e-05
3.10688e-06
7.14407e-05
2.31182e-06
1.04963e-05
2.62061e-05
2.42099e-06
0.00132671
0.000299213
0.00132832
1.83749e-05
2.08532e-06
6.3121e-05
2.5864e-06
8.59919e-06
2.3464e-05
1.46887e-06
0.00132726
0.000332113
0.00132856
1.6802e-05
1.39939e-06
5.57311e-05
2.89353e-06
7.01204e-06
2.10053e-05
8.91222e-07
0.00132773
0.000367965
0.00132877
1.51889e-05
9.39339e-07
4.91763e-05
3.23705e-06
5.61263e-06
1.88035e-05
5.41408e-07
0.00132811
0.000406641
0.00132895
1.35322e-05
6.34313e-07
4.3395e-05
3.62125e-06
4.14434e-06
1.68398e-05
3.31458e-07
0.00132843
0.000447977
0.0013291
1.18283e-05
4.67314e-07
3.94363e-05
4.05093e-06
1.53619e-06
7.97823e-07
1.54125e-05
2.26608e-07
0.00132691
0.00125762
0.000504019
0.000258959
5.51729e-05
4.42539e-06
8.67814e-07
7.69986e-07
1.44377e-05
1.78898e-07
0.00132673
0.00125945
0.000575052
0.000216069
3.77352e-05
4.72956e-06
4.91426e-07
7.52488e-07
1.35239e-05
1.4126e-07
0.00132653
0.00126118
0.000649773
0.000179215
2.57856e-05
5.0527e-06
2.79845e-07
7.48886e-07
1.26675e-05
1.11589e-07
0.00132632
0.00126282
0.00072639
0.000147899
1.76307e-05
5.39692e-06
1.61344e-07
7.64513e-07
1.18649e-05
8.82363e-08
0.00132611
0.00126441
0.000802922
0.000121537
1.20824e-05
5.76408e-06
9.55182e-08
8.0731e-07
1.11127e-05
6.99249e-08
0.00132587
0.00126595
0.000877335
9.95201e-05
8.31666e-06
6.15589e-06
5.96408e-08
8.89071e-07
1.04079e-05
5.56864e-08
0.00132563
0.00126746
0.000947724
8.1252e-05
5.76659e-06
6.57413e-06
4.09701e-08
1.02727e-06
9.74754e-06
4.48294e-08
0.00132537
0.00126892
0.00101249
6.61761e-05
4.04397e-06
7.02059e-06
3.24109e-08
1.24773e-06
9.12878e-06
3.69372e-08
0.0013251
0.00127036
0.00107049
5.37899e-05
2.88397e-06
7.4972e-06
3.00747e-08
1.58864e-06
8.54907e-06
3.19099e-08
0.00132481
0.00127176
0.0011211
4.36506e-05
2.10635e-06
8.00598e-06
0.0013245
0.00127313
0.00116418
3.53752e-05
0.00132418
0.00127447
0.00120004
2.86376e-05
0.00132383
0.00127577
0.00122929
2.31628e-05
0.00132347
0.00127705
0.00125272
1.87212e-05
0.00132308
0.00127831
0.0012712
1.51225e-05
0.00132266
0.00127953
0.00128559
1.22098e-05
0.00132219
0.00128073
0.00129666
9.85442e-06
0.0013216
0.0012819
0.0013051
7.95116e-06
0.00132072
0.00128304
0.00131149
6.42132e-06
0.00131889
0.00128416
0.0013163
5.44208e-06
0.00133
0.00118223
0.00133
0.00103849
0.00133
0.00087222
0.00133
0.000720909
0.00133
0.000610252
0.00133
0.000548827
0.00133
0.000533572
0.00133
0.000556507
0.00133
0.000608691
0.00133
0.000681652
0.00133
0.000767565
0.00133
0.000859174
0.00133
0.000949907
0.00133
0.00103425
0.00133
0.00110819
0.00132999
0.00116952
0.00132999
0.00121783
0.00132999
0.00125408
0.00132999
0.00128011
0.00132999
0.00129808
0.00132999
0.00132999
0.00132999
0.00132998
0.00132998
0.00132998
0.00132997
0.00132997
0.00132996
0.00132995
0.00132994
0.00132993
0.00132992
0.0013299
0.00132989
0.00132986
0.00132984
0.00132981
0.00132977
0.00132973
END_LIST
