BEGIN_LIST
0.00130946
0.00130798
0.00130641
0.00130472
0.00130292
0.001301
0.00129895
0.00129677
0.00129444
0.00129195
0.0012893
0.00128648
0.00128347
0.00128026
0.00127684
0.00127316
0.00126916
0.00126467
0.00125927
0.00125177
0.00115711
0.00132954
0.00111221
0.00132941
0.00105942
0.00132926
0.000998908
0.00132907
0.000931366
0.00132883
0.00085808
0.00132852
0.000780825
0.00132814
0.000701698
0.00132765
0.000622892
0.00132704
0.000546471
0.00132628
0.000474183
0.00132531
0.000407337
0.00132409
0.000346776
0.00132256
0.000292902
0.00132064
0.000245773
0.00131822
0.000205219
0.00131518
0.000171034
0.00131136
0.000143262
0.00130658
0.000122773
0.00130033
0.000112506
0.00128222
0.00016062
0.000119706
0.000139943
0.00034111
0.000927921
0.00014333
0.000129229
0.00014683
0.000308078
0.000857844
0.000127713
0.000138594
0.000163361
0.00027748
0.000784234
0.000113649
0.000148076
0.000186294
0.000249291
0.000708917
0.000101013
0.000157845
0.000214251
0.00022345
0.00063379
8.9687e-05
0.000168009
0.000246715
0.000199869
0.00056065
7.95553e-05
0.000178642
0.000283542
0.000178436
0.000491036
7.05083e-05
0.000189793
0.000324703
0.000159029
0.000426137
6.2443e-05
0.000201499
0.000370157
0.000141514
0.000366754
5.52631e-05
0.000213787
0.000419766
0.000125753
0.000313315
4.88795e-05
0.00022668
0.000473249
0.000111607
0.000265918
4.32104e-05
0.000240196
0.000530152
9.89398e-05
0.000224407
3.81808e-05
0.000254349
0.000589833
8.76177e-05
0.000188433
3.37226e-05
0.000269152
0.000651476
7.75099e-05
0.00015752
2.97739e-05
0.000284613
0.000714115
6.84857e-05
0.000131104
2.6279e-05
0.000300739
0.000776687
6.04066e-05
0.000108529
2.31877e-05
0.000317531
0.000838096
5.31074e-05
8.89861e-05
2.04547e-05
0.00033499
0.000897286
4.63544e-05
7.12926e-05
1.80445e-05
0.00035311
0.000953314
3.97517e-05
5.33384e-05
1.54168e-05
0.000371884
0.00100541
3.25344e-05
3.0696e-05
2.14896e-05
1.50067e-05
0.000453481
0.00057579
0.000267536
0.00104544
7.72913e-06
0.000127249
2.7409e-05
1.25466e-05
1.76534e-05
1.34255e-05
0.000307579
0.000710202
0.000186785
0.00107538
7.47094e-06
8.76002e-05
2.41262e-05
3.33705e-06
1.44957e-05
1.20095e-05
0.000200662
0.000791277
0.00013117
0.00110303
7.21197e-06
5.98101e-05
2.12309e-05
9.22231e-07
1.18985e-05
1.07417e-05
0.000127468
0.000853091
9.41103e-05
0.0011284
6.95187e-06
4.06039e-05
1.86786e-05
2.95531e-07
9.76372e-06
9.60695e-06
7.95698e-05
0.000906463
7.02187e-05
0.00115156
6.69032e-06
2.74578e-05
1.64297e-05
1.37983e-07
8.01001e-06
8.59136e-06
4.91214e-05
0.000954917
5.54779e-05
0.00117257
6.42694e-06
1.85187e-05
1.44489e-05
1.03982e-07
6.56998e-06
7.68257e-06
3.01147e-05
0.00099951
4.70492e-05
0.00119153
6.16136e-06
1.24673e-05
1.27049e-05
1.03163e-07
5.38795e-06
6.86947e-06
1.83833e-05
0.00104048
4.29975e-05
0.00120855
5.8932e-06
8.38319e-06
1.11697e-05
1.11986e-07
4.41799e-06
6.14206e-06
1.11925e-05
0.00107785
4.20389e-05
0.00122377
5.62205e-06
5.63237e-06
9.81883e-06
1.24406e-07
3.62224e-06
5.4914e-06
6.80354e-06
0.00111162
4.33428e-05
0.0012373
5.34749e-06
3.78211e-06
8.63036e-06
1.38971e-07
2.96954e-06
4.90943e-06
4.1316e-06
0.00114185
4.63887e-05
0.0012493
5.06906e-06
2.53873e-06
7.58501e-06
1.55442e-07
2.43428e-06
4.38896e-06
2.50751e-06
0.00116867
5.08664e-05
0.00125988
4.78629e-06
1.70369e-06
6.66571e-06
1.73918e-07
1.99537e-06
3.92352e-06
1.52129e-06
0.00119227
5.66079e-05
0.0012692
4.49871e-06
1.14312e-06
5.85738e-06
1.94604e-07
1.63549e-06
3.50733e-06
9.22752e-07
0.00121287
6.35428e-05
0.00127737
4.2058e-06
7.66911e-07
5.14674e-06
2.17753e-07
1.34038e-06
3.13519e-06
5.59631e-07
0.00123075
7.1668e-05
0.00128452
3.90701e-06
5.14477e-07
4.52205e-06
2.43657e-07
1.09821e-06
2.80246e-06
3.39381e-07
0.00124616
8.1028e-05
0.00129076
3.60178e-06
3.45116e-07
3.97298e-06
2.72642e-07
8.98876e-07
2.50501e-06
2.05811e-07
0.00125938
9.17018e-05
0.00129619
3.28953e-06
2.31506e-07
3.49042e-06
3.05074e-07
7.32742e-07
2.23915e-06
1.24836e-07
0.00127067
0.000103794
0.00130091
2.96961e-06
1.55354e-07
3.06639e-06
3.41363e-07
5.87463e-07
2.00175e-06
7.58222e-08
0.00128027
0.000117429
0.00130501
2.64138e-06
1.04886e-07
2.69543e-06
3.81967e-07
4.3819e-07
1.79057e-06
4.64135e-08
0.0012884
0.000132745
0.00130856
2.30414e-06
7.72623e-08
2.44287e-06
4.274e-07
1.64316e-07
8.59485e-08
1.63737e-06
3.17288e-08
0.0012725
0.00103957
0.000154929
5.42959e-05
1.08743e-05
4.67014e-07
9.28589e-08
8.4527e-08
1.5329e-06
2.50469e-08
0.00126923
0.00104629
0.000185565
4.40561e-05
7.38585e-06
4.99205e-07
5.26509e-08
8.48805e-08
1.43508e-06
1.97751e-08
0.00126579
0.00105237
0.000221505
3.57003e-05
5.01807e-06
5.33416e-07
3.00736e-08
8.77125e-08
1.34351e-06
1.56181e-08
0.00126217
0.00105808
0.000263198
2.88983e-05
3.41232e-06
5.69875e-07
1.74558e-08
9.40696e-08
1.25777e-06
1.23443e-08
0.00125836
0.00106356
0.000310997
2.3372e-05
2.32415e-06
6.08779e-07
1.04796e-08
1.05505e-07
1.1775e-06
9.77316e-09
0.00125435
0.00106887
0.000365079
1.88891e-05
1.58724e-06
6.50316e-07
6.71912e-09
1.24317e-07
1.10234e-06
7.76674e-09
0.00125014
0.00107405
0.00042536
1.52573e-05
1.08859e-06
6.94674e-07
4.81673e-09
1.53908e-07
1.03198e-06
6.22385e-09
0.00124572
0.00107914
0.000491418
1.23181e-05
7.51515e-07
7.42052e-07
4.01948e-09
1.99306e-07
9.66113e-07
5.07842e-09
0.00124108
0.00108414
0.000562435
9.9414e-06
5.23996e-07
7.92656e-07
3.91844e-09
2.67937e-07
9.04444e-07
4.30276e-09
0.0012362
0.00108906
0.000637176
8.02084e-06
3.7077e-07
8.46709e-07
0.00123109
0.00109389
0.000714025
6.46972e-06
0.00122572
0.00109866
0.000791087
5.21754e-06
0.00122009
0.00110335
0.000866345
4.20704e-06
0.00121419
0.00110796
0.000937858
3.39182e-06
0.00120798
0.0011125
0.00100396
2.73428e-06
0.00120142
0.00111697
0.0010634
2.20403e-06
0.00119435
0.00112137
0.00111546
1.77649e-06
0.00118634
0.00112569
0.00115991
1.43184e-06
0.00117606
0.00112995
0.00119701
1.15534e-06
0.00115925
0.00113413
0.00122732
9.78579e-07
0.00132662
0.000800485
0.00132617
0.000605032
0.00132567
0.000445764
0.00132509
0.00033252
0.00132445
0.00026231
0.00132371
0.000227397
0.00132288
0.000220114
0.00132195
0.000234645
0.00132089
0.000267163
0.00131969
0.000315327
0.00131834
0.00037763
0.00131682
0.000452756
0.00131509
0.000539024
0.00131315
0.000633977
0.00131095
0.000734191
0.00130847
0.000835385
0.00130567
0.00093287
0.00130252
0.00102222
0.00129897
0.00110002
0.00129494
0.00116434
0.00128947
0.00128213
0.00127351
0.00126342
0.00125165
0.00123796
0.00122211
0.00120383
0.00118287
0.00115896
0.0011319
0.00110149
0.0010676
0.00103021
0.000989359
0.000945234
0.000898079
0.000848627
0.000795482
0.000750843
END_LIST
