BEGIN_LIST
0.00100272
0.000985343
0.000967452
0.000949065
0.000930205
0.000910898
0.000891171
0.000871057
0.00085059
0.000829805
0.000808741
0.000787439
0.000765935
0.000744263
0.000722437
0.000700422
0.000678048
0.000654778
0.000629097
0.000596798
0.000444135
0.00104251
0.00037932
0.000989405
0.000321236
0.000931006
0.000270042
0.000868062
0.000225563
0.000801633
0.000187387
0.000733027
0.000154959
0.000663693
0.000127648
0.000595101
0.000104814
0.000528624
8.58351e-05
0.000465435
7.01388e-05
0.000406445
5.72097e-05
0.000352277
4.65961e-05
0.000303269
3.79086e-05
0.000259514
3.08177e-05
0.0002209
2.50509e-05
0.000187167
2.03931e-05
0.000157956
1.66971e-05
0.000132847
1.39175e-05
0.000111319
1.22016e-05
8.88078e-05
1.71856e-05
1.26445e-05
1.46822e-05
8.15573e-06
3.13728e-05
1.51515e-05
1.36852e-05
1.51245e-05
7.17085e-06
2.57757e-05
1.3356e-05
1.47366e-05
1.68372e-05
6.30444e-06
2.11646e-05
1.17716e-05
1.58246e-05
1.94113e-05
5.54236e-06
1.73698e-05
1.03739e-05
1.69665e-05
2.27036e-05
4.87213e-06
1.42497e-05
9.14106e-06
1.81748e-05
2.67023e-05
4.28274e-06
1.16862e-05
8.05396e-06
1.94592e-05
3.14651e-05
3.76448e-06
9.58122e-06
7.09552e-06
2.08278e-05
3.70924e-05
3.30881e-06
7.85367e-06
6.25066e-06
2.22882e-05
4.37151e-05
2.90819e-06
6.43641e-06
5.50603e-06
2.38477e-05
5.14901e-05
2.55599e-06
5.2741e-06
4.84981e-06
2.55133e-05
6.05994e-05
2.24636e-06
4.32111e-06
4.27158e-06
2.72926e-05
7.12503e-05
1.97414e-06
3.53984e-06
3.76211e-06
2.91933e-05
8.36753e-05
1.73476e-06
2.89931e-06
3.31328e-06
3.12234e-05
9.81325e-05
1.52412e-06
2.37386e-06
2.91788e-06
3.33915e-05
0.000114903
1.33847e-06
1.94195e-06
2.5696e-06
3.57066e-05
0.00013429
1.17416e-06
1.58478e-06
2.26282e-06
3.81782e-05
0.000156609
1.02724e-06
1.28422e-06
1.99261e-06
4.08163e-05
0.000182183
8.92561e-07
1.01899e-06
1.7551e-06
4.36314e-05
0.000211325
7.61933e-07
7.5627e-07
1.49701e-06
4.66348e-05
0.000244326
6.2005e-07
4.32485e-07
2.08885e-06
1.45589e-06
5.82001e-05
8.06197e-05
3.23594e-05
0.000274779
1.4566e-07
2.49409e-06
3.87545e-07
1.78222e-07
1.71213e-06
1.3012e-06
3.57387e-05
0.000109274
2.21701e-05
0.000301769
1.40773e-07
1.67358e-06
3.40367e-07
5.07844e-08
1.40329e-06
1.16293e-06
2.1838e-05
0.000131447
1.56215e-05
0.00033063
1.35873e-07
1.12283e-06
2.98932e-07
1.79397e-08
1.15012e-06
1.03935e-06
1.33037e-05
0.000152705
1.14938e-05
0.000361396
1.30955e-07
7.53241e-07
2.6254e-07
9.9013e-09
9.42599e-07
9.28891e-07
8.08961e-06
0.000175236
8.97873e-06
0.000394063
1.26011e-07
5.05269e-07
2.30578e-07
8.41822e-09
7.72504e-07
8.30165e-07
4.91354e-06
0.000199982
7.54597e-06
0.000428586
1.21036e-07
3.38915e-07
2.02506e-07
8.72378e-09
6.33091e-07
7.41927e-07
2.98239e-06
0.000227412
6.85054e-06
0.00046488
1.16021e-07
2.27324e-07
1.77852e-07
9.57975e-09
5.1883e-07
6.63063e-07
1.80948e-06
0.000257794
6.67056e-06
0.000502819
1.1096e-07
1.52472e-07
1.56198e-07
1.06721e-08
4.25185e-07
5.9258e-07
1.09757e-06
0.000291299
6.86563e-06
0.000542233
1.05846e-07
1.02265e-07
1.37181e-07
1.19295e-08
3.48439e-07
5.29585e-07
6.65649e-07
0.000328019
7.34946e-06
0.000582915
1.00669e-07
6.85902e-08
1.20479e-07
1.33458e-08
2.85543e-07
4.73286e-07
4.03662e-07
0.000367969
8.07186e-06
0.000624615
9.54216e-08
4.60038e-08
1.05811e-07
1.49331e-08
2.33999e-07
4.2297e-07
2.44774e-07
0.000411081
9.0071e-06
0.000667051
9.00951e-08
3.08548e-08
9.29278e-08
1.67098e-08
1.91757e-07
3.78002e-07
1.48422e-07
0.000457187
1.01464e-05
0.000709911
8.46802e-08
2.06943e-08
8.16135e-08
1.86982e-08
1.57137e-07
3.37813e-07
8.99962e-08
0.000506016
1.1493e-05
0.000752862
7.91673e-08
1.38796e-08
7.16766e-08
2.09232e-08
1.28757e-07
3.01897e-07
5.45688e-08
0.000557184
1.30592e-05
0.00079556
7.35462e-08
9.30904e-09
6.29496e-08
2.34129e-08
1.05472e-07
2.69799e-07
3.30876e-08
0.0006102
1.4865e-05
0.000837659
6.78062e-08
6.24356e-09
5.5285e-08
2.61989e-08
8.62967e-08
2.41115e-07
2.00632e-08
0.000664477
1.6936e-05
0.000878823
6.19364e-08
4.18765e-09
4.85537e-08
2.93164e-08
7.02707e-08
2.15487e-07
1.21685e-08
0.000719351
1.93043e-05
0.000918736
5.59249e-08
2.80985e-09
4.26424e-08
3.28049e-08
5.61034e-08
1.9261e-07
7.39039e-09
0.000774112
2.20073e-05
0.000957111
4.97595e-08
1.89686e-09
3.74738e-08
3.67085e-08
4.10657e-08
1.72265e-07
4.52369e-09
0.000828036
2.50882e-05
0.000993702
4.34273e-08
1.39718e-09
3.39562e-08
4.10766e-08
1.50666e-08
7.77549e-09
1.5751e-07
3.09232e-09
0.000789132
0.000477555
2.96438e-05
1.04147e-06
2.0601e-07
4.48853e-08
8.51557e-09
7.39147e-09
1.47449e-07
2.44103e-09
0.000770962
0.000488733
3.61145e-05
8.39294e-07
1.40489e-07
4.79807e-08
4.82996e-09
7.0613e-09
1.38031e-07
1.92718e-09
0.000752674
0.000498252
4.39961e-05
6.76348e-07
9.61648e-08
5.12704e-08
2.76103e-09
6.79692e-09
1.29214e-07
1.52197e-09
0.000734296
0.0005069
5.35614e-05
5.45026e-07
6.62031e-08
5.47765e-08
1.60541e-09
6.61674e-09
1.20961e-07
1.20282e-09
0.000715854
0.000515097
6.51351e-05
4.39195e-07
4.5974e-08
5.85178e-08
9.67299e-10
6.54869e-09
1.13234e-07
9.52098e-10
0.000697377
0.000523071
7.90958e-05
3.5391e-07
3.23413e-08
6.25126e-08
6.2436e-10
6.63474e-09
1.06001e-07
7.56315e-10
0.000678892
0.000530945
9.58773e-05
2.85182e-07
2.3181e-08
6.6779e-08
4.52232e-10
6.93748e-09
9.92305e-08
6.05524e-10
0.000660426
0.000538783
0.000115967
2.29799e-07
1.70547e-08
7.13362e-08
3.82014e-10
7.54996e-09
9.28921e-08
4.93141e-10
0.000642008
0.00054662
0.000139899
1.85171e-07
1.29883e-08
7.6204e-08
3.76383e-10
8.61014e-09
8.69585e-08
4.16211e-10
0.000623664
0.000554473
0.000168242
1.49208e-07
1.03222e-08
8.14039e-08
0.00060542
0.000562351
0.000201575
1.2023e-07
0.000587302
0.000570258
0.00024045
9.68789e-08
0.000569332
0.000578196
0.000285343
7.8063e-08
0.000551529
0.000586163
0.000336588
6.29014e-08
0.000533899
0.000594159
0.000394296
5.06844e-08
0.00051641
0.000602182
0.000458275
4.08402e-08
0.000498923
0.00061023
0.000527951
3.2908e-08
0.000480972
0.0006183
0.000602318
2.65171e-08
0.000461101
0.000626392
0.000679936
2.1392e-08
0.00043481
0.000634503
0.000758984
1.81165e-08
0.000880347
0.000212738
0.000843977
0.000141406
0.00080661
9.62453e-05
0.000768475
6.93355e-05
0.000729817
5.49403e-05
0.000690895
4.92745e-05
0.00065197
5.00383e-05
0.000613301
5.59947e-05
0.00057514
6.66553e-05
0.00053772
8.20694e-05
0.000501256
0.000102685
0.000465937
0.000129257
0.000431925
0.000162762
0.000399352
0.000204322
0.000368321
0.00025508
0.000338905
0.000316033
0.000311151
0.0003878
0.000285078
0.000470341
0.000260695
0.000562654
0.000237737
0.000662543
0.000212742
0.000186512
0.000163093
0.000142288
0.000123885
0.000107669
9.34294e-05
8.09618e-05
7.00739e-05
6.05871e-05
5.23371e-05
4.5175e-05
3.89664e-05
3.35912e-05
2.89427e-05
2.49269e-05
2.14579e-05
1.84775e-05
1.58413e-05
1.39382e-05
END_LIST
