BEGIN_LIST
0.00132669
0.00132645
0.00132619
0.00132591
0.00132561
0.00132529
0.00132496
0.00132459
0.0013242
0.00132379
0.00132334
0.00132286
0.00132236
0.00132181
0.00132122
0.00132059
0.00131989
0.0013191
0.00131813
0.00131675
0.00128532
0.00133
0.00127116
0.00133
0.00125298
0.00133
0.0012299
0.00133
0.00120102
0.00132999
0.00116546
0.00132999
0.00112253
0.00132999
0.00107181
0.00132999
0.00101331
0.00132998
0.000947608
0.00132998
0.000875824
0.00132998
0.000799621
0.00132997
0.000721046
0.00132996
0.000642342
0.00132995
0.000565771
0.00132994
0.000493546
0.00132992
0.000428007
0.0013299
0.0003723
0.00132987
0.000332109
0.00132984
0.000319438
0.00132965
0.000451372
0.000343156
0.000409206
0.000701073
0.00127036
0.000413198
0.000362394
0.000442061
0.000654253
0.00125298
0.000376955
0.000381962
0.000487844
0.000607875
0.00123119
0.00034278
0.000401971
0.00054129
0.000562366
0.00120421
0.000310761
0.00042248
0.000599443
0.000518108
0.0011713
0.00028094
0.000443509
0.000660378
0.000475439
0.00113183
0.000253319
0.000465057
0.000722606
0.000434637
0.0010854
0.000227865
0.000487106
0.00078482
0.00039592
0.00103194
0.000204519
0.000509628
0.000845818
0.000359445
0.000971787
0.000183196
0.000532586
0.000904506
0.000325313
0.000905759
0.000163797
0.000555937
0.00095994
0.000293569
0.000835099
0.000146209
0.00057963
0.00101137
0.000264211
0.000761396
0.000130316
0.000603614
0.00105827
0.000237193
0.000686423
0.000115993
0.00062783
0.00110033
0.00021243
0.000611926
0.00010312
0.000652218
0.00113749
0.000189789
0.000539374
9.1576e-05
0.000676715
0.00116985
0.000169081
0.000469632
8.12455e-05
0.000701256
0.00119766
0.000150005
0.000402404
7.20178e-05
0.000725775
0.00122129
0.000132046
0.000335068
6.38044e-05
0.000750205
0.00124117
0.000114221
0.000259776
5.47685e-05
0.000774481
0.00125774
9.45091e-05
0.000155578
7.61068e-05
5.34429e-05
0.000903757
0.00102552
0.000596766
0.00126939
2.29666e-05
0.000348646
0.000140281
6.55801e-05
6.29181e-05
4.79443e-05
0.000710573
0.00113672
0.00044117
0.00127748
2.22062e-05
0.000252298
0.000124667
1.76419e-05
5.19349e-05
4.29944e-05
0.000521228
0.0011851
0.000321357
0.00128454
2.14429e-05
0.000178588
0.000110644
4.81523e-06
4.28144e-05
3.85417e-05
0.000360579
0.0012135
0.000235146
0.00129069
2.06759e-05
0.000124371
9.80813e-05
1.45953e-06
3.52583e-05
3.45391e-05
0.000238592
0.00123362
0.000176436
0.00129604
1.99042e-05
8.56086e-05
8.68523e-05
6.03774e-07
2.90104e-05
3.09432e-05
0.000153017
0.00124938
0.000138581
0.00130069
1.91266e-05
5.84465e-05
7.68359e-05
4.06191e-07
2.38524e-05
2.77145e-05
9.61131e-05
0.00126233
0.000115891
0.00130473
1.83421e-05
3.96769e-05
6.79172e-05
3.84021e-07
1.95999e-05
2.4817e-05
5.95675e-05
0.00127318
0.000104031
0.00130823
1.75495e-05
2.68306e-05
5.99886e-05
4.11258e-07
1.60977e-05
2.22178e-05
3.66083e-05
0.00128232
9.99071e-05
0.00131125
1.67476e-05
1.80958e-05
5.29503e-05
4.5535e-07
1.3216e-05
1.9887e-05
2.23811e-05
0.00129004
0.000101414
0.00131387
1.59352e-05
1.21828e-05
4.67102e-05
5.08246e-07
1.08465e-05
1.77979e-05
1.36392e-05
0.00129654
0.000107169
0.00131613
1.51109e-05
8.19203e-06
4.11839e-05
5.68363e-07
8.89943e-06
1.59258e-05
8.29553e-06
0.00130202
0.0001163
0.00131808
1.42734e-05
5.50406e-06
3.62946e-05
6.35871e-07
7.30023e-06
1.42487e-05
5.03941e-06
0.00130663
0.00012828
0.00131977
1.34211e-05
3.69605e-06
3.19727e-05
7.11466e-07
5.98721e-06
1.27466e-05
3.05915e-06
0.00131049
0.000142822
0.00132122
1.25526e-05
2.48103e-06
2.81553e-05
7.96064e-07
4.9093e-06
1.14017e-05
1.85622e-06
0.00131373
0.000159792
0.00132247
1.16662e-05
1.66502e-06
2.47857e-05
8.9072e-07
4.02392e-06
1.01978e-05
1.12602e-06
0.00131645
0.000179159
0.00132354
1.07603e-05
1.11721e-06
2.18133e-05
9.96624e-07
3.29448e-06
9.12022e-06
6.8298e-07
0.00131872
0.000200954
0.00132447
9.83302e-06
7.49571e-07
1.91926e-05
1.11511e-06
2.68572e-06
8.15617e-06
4.14315e-07
0.00132062
0.000225243
0.00132526
8.88252e-06
5.03077e-07
1.68832e-05
1.24767e-06
2.15174e-06
7.29454e-06
2.51663e-07
0.0013222
0.000252105
0.00132595
7.90684e-06
3.39683e-07
1.4858e-05
1.39598e-06
1.5986e-06
6.52743e-06
1.5406e-07
0.00132352
0.000281617
0.00132654
6.90387e-06
2.50238e-07
1.34768e-05
1.56189e-06
5.96742e-07
3.11278e-07
5.97059e-06
1.05321e-07
0.00131905
0.00119802
0.000323094
0.000157013
3.23962e-05
1.70654e-06
3.37185e-07
3.0394e-07
5.59069e-06
8.31432e-08
0.0013184
0.00120129
0.000378139
0.000129171
2.20722e-05
1.82406e-06
1.91094e-07
3.02113e-07
5.23487e-06
6.5646e-08
0.00131771
0.00120433
0.000439469
0.00010587
1.50319e-05
1.94895e-06
1.0903e-07
3.07898e-07
4.90162e-06
5.18498e-08
0.00131699
0.00120723
0.000506491
8.65026e-05
1.02426e-05
2.08202e-06
6.31312e-08
3.24431e-07
4.58952e-06
4.09868e-08
0.00131622
0.00121001
0.00057825
7.0497e-05
6.99032e-06
2.224e-06
3.77107e-08
3.56367e-07
4.29723e-06
3.24594e-08
0.00131541
0.00121272
0.000653401
5.73317e-05
4.78509e-06
2.37556e-06
2.39522e-08
4.10602e-07
4.02351e-06
2.58122e-08
0.00131455
0.00121536
0.000730248
4.65444e-05
3.29186e-06
2.53739e-06
1.69183e-08
4.97342e-07
3.76718e-06
2.07136e-08
0.00131365
0.00121794
0.000806857
3.77334e-05
2.28231e-06
2.71022e-06
1.38666e-08
6.31674e-07
3.52714e-06
1.69522e-08
0.00131269
0.00122046
0.00088122
3.05552e-05
1.60114e-06
2.89478e-06
1.33028e-08
8.35879e-07
3.30236e-06
1.44499e-08
0.00131168
0.00122293
0.000951453
2.47193e-05
1.14285e-06
3.09187e-06
0.00131061
0.00122535
0.00101598
1.99829e-05
0.00130947
0.00122772
0.00107369
1.6144e-05
0.00130828
0.00123004
0.00112397
1.30362e-05
0.00130701
0.00123231
0.00116671
1.05223e-05
0.00130567
0.00123454
0.00120224
8.4905e-06
0.00130422
0.00123672
0.00123118
6.8492e-06
0.00130262
0.00123886
0.00125433
5.52401e-06
0.00130071
0.00124095
0.00127257
4.45457e-06
0.001298
0.00124299
0.00128674
3.59583e-06
0.00129283
0.001245
0.00129764
3.04652e-06
0.00132997
0.00106844
0.00132996
0.000887041
0.00132996
0.000705546
0.00132995
0.000556663
0.00132995
0.000454959
0.00132994
0.000400569
0.00132993
0.000386985
0.00132992
0.000406415
0.00132991
0.000451981
0.0013299
0.000517991
0.00132989
0.000599433
0.00132987
0.000691399
0.00132985
0.000788738
0.00132984
0.00088611
0.00132981
0.000978392
0.00132979
0.0010613
0.00132976
0.00113193
0.00132973
0.00118907
0.00132969
0.00123307
0.00132965
0.00126541
0.0013296
0.00132952
0.00132943
0.00132932
0.00132919
0.00132903
0.00132885
0.00132863
0.00132837
0.00132806
0.00132769
0.00132725
0.00132673
0.0013261
0.00132536
0.00132447
0.00132342
0.00132217
0.00132062
0.00131916
END_LIST
