BEGIN_LIST
0.000555946
0.00053424
0.000512923
0.000492028
0.000471583
0.000451614
0.000432144
0.000413191
0.000394771
0.000376897
0.000359578
0.00034282
0.000326625
0.000310987
0.000295889
0.00028128
0.000267027
0.000252782
0.000237619
0.000219058
0.000151169
0.000475791
0.000124267
0.000414345
0.000101857
0.000358195
8.32894e-05
0.00030763
6.79727e-05
0.000262677
5.53835e-05
0.000223162
4.50666e-05
0.000188762
3.66321e-05
0.000159064
2.97502e-05
0.000133609
2.4144e-05
0.000111922
1.9583e-05
9.35386e-05
1.58763e-05
7.80232e-05
1.28667e-05
6.49754e-05
1.04254e-05
5.40358e-05
8.4475e-06
4.48869e-05
6.84917e-06
3.72516e-05
5.56614e-06
3.08906e-05
4.5562e-06
2.55987e-05
3.80953e-06
2.11862e-05
3.37746e-06
1.67174e-05
4.80485e-06
3.54253e-06
4.10774e-06
1.49583e-06
5.79134e-06
4.23153e-06
3.85218e-06
4.24005e-06
1.31418e-06
4.74474e-06
3.72646e-06
4.15976e-06
4.72856e-06
1.15458e-06
3.88689e-06
3.28156e-06
4.47489e-06
5.46067e-06
1.01435e-06
3.18387e-06
2.88968e-06
4.80387e-06
6.39814e-06
8.91138e-07
2.60782e-06
2.54452e-06
5.15111e-06
7.53986e-06
7.82888e-07
2.13588e-06
2.24053e-06
5.5199e-06
8.90496e-06
6.87783e-07
1.74927e-06
1.97282e-06
5.91296e-06
1.05254e-05
6.04226e-07
1.43258e-06
1.73706e-06
6.3327e-06
1.24432e-05
5.30816e-07
1.17319e-06
1.52945e-06
6.78139e-06
1.47097e-05
4.66321e-07
9.60734e-07
1.34664e-06
7.26132e-06
1.7386e-05
4.09656e-07
7.86729e-07
1.18565e-06
7.77481e-06
2.05443e-05
3.59865e-07
6.44208e-07
1.0439e-06
8.32429e-06
2.42688e-05
3.16104e-07
5.27447e-07
9.19093e-07
8.91232e-06
2.8658e-05
2.77617e-07
4.31725e-07
8.09196e-07
9.5416e-06
3.3826e-05
2.43712e-07
3.53085e-07
7.12434e-07
1.0215e-05
3.99055e-05
2.13719e-07
2.88084e-07
6.27239e-07
1.09357e-05
4.70488e-05
1.86913e-07
2.33413e-07
5.52226e-07
1.17068e-05
5.54311e-05
1.62354e-07
1.85198e-07
4.86313e-07
1.25318e-05
6.52517e-05
1.38548e-07
1.37486e-07
4.14718e-07
1.34146e-05
7.67361e-05
1.1271e-07
7.8756e-08
5.78692e-07
4.03275e-07
1.67743e-05
2.34234e-05
9.29179e-06
8.76826e-05
2.64681e-08
4.53478e-07
7.08199e-08
3.27501e-08
4.74226e-07
3.60384e-07
1.02033e-05
3.20488e-05
6.38392e-06
9.77049e-05
2.55787e-08
3.04148e-07
6.21955e-08
9.71598e-09
3.88614e-07
3.22053e-07
6.1983e-06
3.89015e-05
4.53113e-06
0.000108758
2.46872e-08
2.03987e-07
5.46214e-08
3.82717e-09
3.18455e-07
2.87798e-07
3.76239e-06
4.56423e-05
3.37453e-06
0.000120947
2.37926e-08
1.36809e-07
4.79696e-08
2.43975e-09
2.6096e-07
2.57187e-07
2.2827e-06
5.29686e-05
2.67996e-06
0.000134376
2.28937e-08
9.17526e-08
4.21278e-08
2.24808e-09
2.13844e-07
2.29831e-07
1.38454e-06
6.12278e-05
2.2954e-06
0.000149154
2.19893e-08
6.15346e-08
3.69974e-08
2.3896e-09
1.75234e-07
2.05384e-07
8.39632e-07
7.06466e-05
2.12275e-06
0.000165387
2.1078e-08
4.12685e-08
3.24918e-08
2.64108e-09
1.43595e-07
1.83537e-07
5.09125e-07
8.14162e-05
2.09937e-06
0.000183183
2.01585e-08
2.76768e-08
2.85349e-08
2.94686e-09
1.17668e-07
1.64014e-07
3.08697e-07
9.37249e-05
2.18599e-06
0.000202647
1.92295e-08
1.85614e-08
2.50599e-08
3.29542e-09
9.64217e-08
1.46568e-07
1.87164e-07
0.000107769
2.35878e-06
0.000223881
1.82894e-08
1.24482e-08
2.2008e-08
3.68714e-09
7.90116e-08
1.30977e-07
1.13476e-07
0.000123756
2.60425e-06
0.00024698
1.73367e-08
8.34838e-09
1.93278e-08
4.12593e-09
6.47449e-08
1.17044e-07
6.87983e-08
0.000141905
2.91597e-06
0.000272028
1.63699e-08
5.59882e-09
1.6974e-08
4.61707e-09
5.3054e-08
1.04594e-07
4.17108e-08
0.000162443
3.2924e-06
0.000299098
1.53873e-08
3.75484e-09
1.49069e-08
5.1667e-09
4.34733e-08
9.34676e-08
2.52881e-08
0.0001856
3.73558e-06
0.000328242
1.4387e-08
2.51817e-09
1.30915e-08
5.78178e-09
3.562e-08
8.35249e-08
1.53315e-08
0.0002116
4.25032e-06
0.000359488
1.33674e-08
1.6888e-09
1.14972e-08
6.47008e-09
2.91769e-08
7.46399e-08
9.29513e-09
0.000240656
4.84369e-06
0.000392838
1.23264e-08
1.13259e-09
1.0097e-08
7.24032e-09
2.38707e-08
6.67006e-08
5.63564e-09
0.000272955
5.52482e-06
0.000428261
1.1262e-08
7.59592e-10
8.86737e-09
8.10226e-09
1.94352e-08
5.96077e-08
3.41769e-09
0.000308643
6.30479e-06
0.000465686
1.01721e-08
5.09637e-10
7.78757e-09
9.0668e-09
1.55107e-08
5.32765e-08
2.07547e-09
0.000347812
7.19666e-06
0.000505003
9.0544e-09
3.44018e-10
6.84345e-09
1.01462e-08
1.13341e-08
4.76464e-08
1.27027e-09
0.000390479
8.21558e-06
0.000546055
7.90664e-09
2.5338e-10
6.20092e-09
1.1354e-08
4.15011e-09
2.13916e-09
4.35633e-08
8.6826e-10
0.000367619
0.000198416
9.72713e-06
1.89733e-07
3.75649e-08
1.24073e-08
2.34562e-09
2.0271e-09
4.07795e-08
6.85353e-10
0.000353106
0.000205099
1.18838e-05
1.5288e-07
2.57042e-08
1.32633e-08
1.3305e-09
1.92726e-09
3.81736e-08
5.41052e-10
0.000338999
0.000210699
1.45266e-05
1.23184e-07
1.76869e-08
1.4173e-08
7.60736e-10
1.84166e-09
3.57342e-08
4.27265e-10
0.000325301
0.000215748
1.77577e-05
9.92566e-08
1.22739e-08
1.51427e-08
4.4256e-10
1.77351e-09
3.34506e-08
3.37642e-10
0.000312014
0.000220532
2.17024e-05
7.99764e-08
8.62581e-09
1.61774e-08
2.66949e-10
1.72772e-09
3.1313e-08
2.67235e-10
0.000299136
0.000225207
2.65128e-05
6.44411e-08
6.1742e-09
1.72823e-08
1.72667e-10
1.71179e-09
2.9312e-08
2.12245e-10
0.000286667
0.000229857
3.2372e-05
5.19235e-08
4.53416e-09
1.84623e-08
1.25469e-10
1.73693e-09
2.74389e-08
1.69874e-10
0.000274603
0.000234528
3.94992e-05
4.18373e-08
3.44506e-09
1.97228e-08
1.06391e-10
1.81989e-09
2.56855e-08
1.3826e-10
0.000262942
0.000239247
4.81555e-05
3.37104e-08
2.73044e-09
2.10692e-08
1.05167e-10
1.98558e-09
2.40441e-08
1.16549e-10
0.000251679
0.000244025
5.8649e-05
2.71621e-08
2.27088e-09
2.25076e-08
0.000240809
0.000248872
7.13407e-05
2.18858e-08
0.000230326
0.000253791
8.66485e-05
1.76344e-08
0.000220222
0.000258786
0.00010505
1.42088e-08
0.000210487
0.000263858
0.00012708
1.14487e-08
0.000201107
0.000269007
0.000153325
9.22474e-09
0.000192049
0.000274235
0.000184405
7.43279e-09
0.000183235
0.000279542
0.000220952
5.98893e-09
0.000174439
0.000284929
0.000263563
4.82568e-09
0.000164998
0.000290395
0.000312741
3.89287e-09
0.000152909
0.000295942
0.000368826
3.29672e-09
0.000370899
6.92799e-05
0.000340642
4.50899e-05
0.000312191
3.0474e-05
0.000285552
2.20835e-05
0.000260708
1.78022e-05
0.000237621
1.63468e-05
0.000216239
1.69868e-05
0.000196497
1.93629e-05
0.000178321
2.33737e-05
0.00016163
2.9111e-05
0.000146338
3.68251e-05
0.000132359
4.69123e-05
0.000119605
5.99141e-05
0.000107989
7.65252e-05
9.7427e-05
9.76017e-05
8.78374e-05
0.000124165
7.91422e-05
0.000157393
7.12672e-05
0.000198579
6.41461e-05
0.000249056
5.76424e-05
0.000310055
5.07838e-05
4.38092e-05
3.77694e-05
3.25452e-05
2.80308e-05
2.41332e-05
2.07705e-05
1.78711e-05
1.53726e-05
1.32206e-05
1.13677e-05
9.77287e-06
8.40067e-06
7.22028e-06
6.2051e-06
5.33227e-06
4.58142e-06
3.93856e-06
3.37176e-06
2.96351e-06
END_LIST
