BEGIN_LIST
0.00125099
0.0012456
0.00123989
0.00123383
0.00122742
0.00122063
0.00121346
0.00120589
0.00119789
0.00118946
0.00118058
0.00117123
0.0011614
0.00115106
0.00114018
0.00112871
0.00111647
0.00110308
0.00108749
0.00106678
0.000904325
0.00131398
0.000828789
0.00130986
0.000750103
0.00130472
0.00067046
0.00129832
0.000592051
0.00129038
0.000516841
0.00128055
0.000446413
0.00126843
0.000381877
0.00125357
0.000323874
0.00123546
0.000272615
0.00121353
0.000227974
0.00118723
0.000189583
0.001156
0.000156916
0.00111938
0.000129372
0.00107703
0.000106338
0.00102883
8.7231e-05
0.000974939
7.15586e-05
0.000915835
5.89893e-05
0.000852313
4.95118e-05
0.000784768
4.3799e-05
0.000688339
6.1748e-05
4.55781e-05
5.30028e-05
8.34346e-05
0.000298366
5.4643e-05
4.92466e-05
5.4808e-05
7.37805e-05
0.000252644
4.83271e-05
5.29382e-05
6.09556e-05
6.51954e-05
0.000212782
4.27189e-05
5.67428e-05
7.00213e-05
5.75718e-05
0.000178384
3.7744e-05
6.07197e-05
8.14698e-05
5.08103e-05
0.000148962
3.33348e-05
6.491e-05
9.51965e-05
4.482e-05
0.000123981
2.943e-05
6.93445e-05
0.00011131
3.9518e-05
0.000102901
2.59742e-05
7.40482e-05
0.000130027
3.48293e-05
8.52069e-05
2.29178e-05
7.90427e-05
0.00015162
3.0686e-05
7.04179e-05
2.02159e-05
8.43479e-05
0.000176389
2.70271e-05
5.81016e-05
1.78285e-05
8.99832e-05
0.000204635
2.37977e-05
4.78747e-05
1.57201e-05
9.59676e-05
0.000236639
2.09485e-05
3.94029e-05
1.38585e-05
0.00010232
0.000272643
1.84353e-05
3.23975e-05
1.22156e-05
0.00010906
0.000312817
1.62178e-05
2.661e-05
1.0766e-05
0.000116207
0.000357235
1.42586e-05
2.18248e-05
9.48723e-06
0.000123781
0.00040584
1.25209e-05
1.78483e-05
8.35951e-06
0.000131802
0.000458421
1.09641e-05
1.44877e-05
7.36514e-06
0.000140289
0.000514583
9.53455e-06
1.15103e-05
6.49025e-06
0.000149264
0.000573744
8.14585e-06
8.54907e-06
5.5386e-06
0.000158746
0.000635134
6.63556e-06
4.88393e-06
7.72607e-06
5.38792e-06
0.000196705
0.000264691
0.000111267
0.000687195
1.56191e-06
2.65536e-05
4.35759e-06
1.99053e-06
6.33683e-06
4.81686e-06
0.000124799
0.000347215
7.63452e-05
0.00072974
1.50949e-06
1.79025e-05
3.82835e-06
5.36446e-07
5.19657e-06
4.30616e-06
7.78415e-05
0.000405792
5.33535e-05
0.00077202
1.45694e-06
1.20494e-05
3.36325e-06
1.57634e-07
4.26094e-06
3.84946e-06
4.80299e-05
0.000457499
3.85408e-05
0.000813747
1.40418e-06
8.10066e-06
2.95454e-06
6.05752e-08
3.4934e-06
3.44108e-06
2.9436e-05
0.000508193
2.92737e-05
0.000854625
1.35114e-06
5.44174e-06
2.59542e-06
3.74842e-08
2.86387e-06
3.07594e-06
1.79654e-05
0.000559736
2.37582e-05
0.000894361
1.29775e-06
3.65367e-06
2.27988e-06
3.40181e-08
2.34761e-06
2.74948e-06
1.09367e-05
0.000612469
2.07968e-05
0.00093268
1.24394e-06
2.45228e-06
2.00265e-06
3.59921e-08
1.92431e-06
2.4576e-06
6.64749e-06
0.000666118
1.96039e-05
0.000969341
1.18963e-06
1.64554e-06
1.75909e-06
3.9732e-08
1.57726e-06
2.19667e-06
4.03662e-06
0.000720145
1.96729e-05
0.00100414
1.13473e-06
1.10402e-06
1.54512e-06
4.43174e-08
1.29275e-06
1.9634e-06
2.44978e-06
0.0007739
2.06848e-05
0.00103691
1.07915e-06
7.40632e-07
1.35716e-06
4.95532e-08
1.05952e-06
1.75488e-06
1.48622e-06
0.000826703
2.24464e-05
0.00106754
1.02282e-06
4.96816e-07
1.19204e-06
5.54392e-08
8.68348e-07
1.56848e-06
9.01466e-07
0.000877893
2.48491e-05
0.00109596
9.65622e-07
3.33248e-07
1.047e-06
6.20328e-08
7.11651e-07
1.40185e-06
5.46712e-07
0.00092687
2.78422e-05
0.00112215
9.07471e-07
2.23525e-07
9.19595e-07
6.94126e-08
5.8321e-07
1.25292e-06
3.31539e-07
0.000973127
3.14151e-05
0.00114612
8.48261e-07
1.49926e-07
8.07685e-07
7.76709e-08
4.77912e-07
1.1198e-06
2.01044e-07
0.00101627
3.55863e-05
0.00116792
7.87881e-07
1.00558e-07
7.09388e-07
8.69118e-08
3.91515e-07
1.00081e-06
1.21909e-07
0.00105602
4.03961e-05
0.00118763
7.26219e-07
6.74463e-08
6.23049e-07
9.72522e-08
3.20384e-07
8.94465e-07
7.39254e-08
0.00109223
4.5902e-05
0.00120535
6.63154e-07
4.52383e-08
5.47215e-07
1.08823e-07
2.61013e-07
7.99441e-07
4.48382e-08
0.00112487
5.21764e-05
0.00122121
5.98561e-07
3.03548e-08
4.80613e-07
1.2177e-07
2.08788e-07
7.14608e-07
2.72328e-08
0.001154
5.93045e-05
0.00123533
5.32307e-07
2.04922e-08
4.22375e-07
1.36257e-07
1.54162e-07
6.39157e-07
1.66699e-08
0.00117976
6.73837e-05
0.00124784
4.64252e-07
1.50942e-08
3.82737e-07
1.52467e-07
5.71397e-08
2.96759e-08
5.8443e-07
1.13956e-08
0.00114843
0.000826897
7.92345e-05
1.1094e-05
2.19695e-06
1.66602e-07
3.22931e-08
2.86715e-08
5.47115e-07
8.99563e-09
0.00113923
0.000837005
9.58828e-05
8.95161e-06
1.49201e-06
1.78089e-07
1.83135e-08
2.80652e-08
5.12181e-07
7.10215e-09
0.00112967
0.000845904
0.000115863
7.221e-06
1.01451e-06
1.90296e-07
1.04649e-08
2.7996e-08
4.79477e-07
5.60904e-09
0.00111974
0.000854128
0.00013968
5.82372e-06
6.91214e-07
2.03307e-07
6.07977e-09
2.86718e-08
4.48861e-07
4.43307e-09
0.00110942
0.000861965
0.000167879
4.69599e-06
4.72424e-07
2.1719e-07
3.65693e-09
3.04026e-08
4.20199e-07
3.50937e-09
0.00109873
0.00086957
0.000201018
3.78612e-06
3.24464e-07
2.32013e-07
2.35294e-09
3.36483e-08
3.93366e-07
2.78828e-09
0.00108764
0.000877024
0.000239629
3.05219e-06
2.24507e-07
2.47844e-07
1.69597e-09
3.90907e-08
3.68247e-07
2.23331e-09
0.00107617
0.000884372
0.000284161
2.46031e-06
1.57087e-07
2.64754e-07
1.42443e-09
4.77383e-08
3.44732e-07
1.82044e-09
0.00106431
0.000891638
0.000334923
1.98306e-06
1.11726e-07
2.82815e-07
1.39649e-09
6.10824e-08
3.22717e-07
1.53922e-09
0.00105206
0.000898832
0.000392001
1.59829e-06
8.13265e-08
3.02108e-07
0.00103942
0.000905961
0.000455178
1.28811e-06
0.00102638
0.000913028
0.000523867
1.03809e-06
0.00101296
0.000920032
0.000597061
8.36577e-07
0.000999153
0.000926975
0.000673342
6.74161e-07
0.000984936
0.000933854
0.000750939
5.43267e-07
0.000970255
0.00094067
0.000827859
4.37779e-07
0.00095492
0.000947422
0.000902069
3.5277e-07
0.000938335
0.000954108
0.0009717
2.84273e-07
0.00091866
0.000960728
0.00103523
2.29339e-07
0.000890119
0.00096728
0.00109164
1.94228e-07
0.00127267
0.000516663
0.00126546
0.000363706
0.00125741
0.000255318
0.00124845
0.000185312
0.00123848
0.000144923
0.00122742
0.00012646
0.00121517
0.00012439
0.00120163
0.000135243
0.00118672
0.00015717
0.00117034
0.000189457
0.0011524
0.000232109
0.00113283
0.000285483
0.00111156
0.000349935
0.00108855
0.000425475
0.00106375
0.000511413
0.00103716
0.000606061
0.00100879
0.00070658
0.000978699
0.000809064
0.000946964
0.000908943
0.000913392
0.00100165
0.000871686
0.000821312
0.000769219
0.000716044
0.000662468
0.000609183
0.000556858
0.000506103
0.000457449
0.000411325
0.000368054
0.000327851
0.00029083
0.000257016
0.000226356
0.000198744
0.000174004
0.000152062
0.000132091
0.000117365
END_LIST
