BEGIN_LIST
0.0012677
0.00126338
0.0012588
0.00125393
0.00124876
0.00124328
0.00123747
0.00123131
0.0012248
0.00121791
0.00121063
0.00120294
0.00119482
0.00118625
0.0011772
0.00116761
0.00115734
0.00114602
0.00113275
0.00111497
0.000962937
0.00132108
0.000891644
0.00131876
0.000815545
0.00131586
0.000736648
0.00131223
0.000657155
0.0013077
0.000579229
0.00130206
0.000504779
0.00129503
0.00043531
0.00128631
0.000371857
0.00127553
0.000314986
0.00126227
0.00026485
0.00124603
0.00022128
0.00122627
0.000183878
0.00120244
0.000152109
0.00117396
0.000125376
0.00114031
0.000103093
0.00110108
8.47481e-05
0.001056
7.00095e-05
0.00100507
5.89252e-05
0.000947748
5.2382e-05
0.00085591
7.39994e-05
5.46953e-05
6.36322e-05
0.000116454
0.000402886
6.55519e-05
5.91087e-05
6.59155e-05
0.000103246
0.000345522
5.8028e-05
6.35315e-05
7.33133e-05
9.14424e-05
0.00029425
5.13357e-05
6.80763e-05
8.41437e-05
8.0915e-05
0.000249051
4.539e-05
7.28163e-05
9.7764e-05
7.1542e-05
0.000209678
4.01132e-05
7.78018e-05
0.000114032
6.32095e-05
0.000175728
3.54344e-05
8.30695e-05
0.00013305
5.58121e-05
0.000146705
3.12892e-05
8.86486e-05
0.000155037
4.92527e-05
0.000122075
2.76195e-05
9.45639e-05
0.000180265
4.34426e-05
0.000101301
2.43728e-05
0.000100838
0.000209021
3.83009e-05
8.38682e-05
2.1502e-05
0.000107492
0.000241576
3.37542e-05
6.93017e-05
1.89649e-05
0.000114547
0.000278159
2.97363e-05
5.71721e-05
1.67237e-05
0.000122022
0.000318926
2.6187e-05
4.70986e-05
1.47446e-05
0.00012994
0.000363934
2.30513e-05
3.87467e-05
1.29976e-05
0.000138319
0.000413102
2.02777e-05
3.1821e-05
1.14559e-05
0.00014718
0.000466194
1.78152e-05
2.60512e-05
1.00958e-05
0.000156543
0.000522787
1.56069e-05
2.11648e-05
8.8962e-06
0.000166429
0.000582272
1.35775e-05
1.68273e-05
7.84044e-06
0.000176857
0.000643854
1.16047e-05
1.25057e-05
6.69174e-06
0.000187846
0.000706582
9.45799e-06
7.14776e-06
9.33383e-06
6.51016e-06
0.000232302
0.000310169
0.000132078
0.000758869
2.22846e-06
3.77568e-05
6.37604e-06
2.91173e-06
7.65692e-06
5.82063e-06
0.000148676
0.000403416
9.07729e-05
0.000800923
2.15371e-06
2.55129e-05
5.60258e-06
7.80987e-07
6.28007e-06
5.20388e-06
9.32594e-05
0.000468152
6.34161e-05
0.000842143
2.07876e-06
1.71977e-05
4.92265e-06
2.25244e-07
5.15001e-06
4.65227e-06
5.77483e-05
0.000524125
4.57066e-05
0.000882262
2.00352e-06
1.15737e-05
4.32499e-06
8.23099e-08
4.22274e-06
4.15897e-06
3.54706e-05
0.000577978
3.45738e-05
0.000921017
1.92787e-06
7.78018e-06
3.79972e-06
4.76977e-08
3.46207e-06
3.71785e-06
2.1678e-05
0.000631771
2.79032e-05
0.000958167
1.85172e-06
5.22619e-06
3.3381e-06
4.17562e-08
2.83818e-06
3.32341e-06
1.32078e-05
0.000685849
2.42737e-05
0.000993502
1.77497e-06
3.50884e-06
2.93245e-06
4.36854e-08
2.32655e-06
2.97074e-06
8.03199e-06
0.000739901
2.27483e-05
0.00102685
1.69749e-06
2.35503e-06
2.57601e-06
4.8088e-08
1.90704e-06
2.65542e-06
4.87885e-06
0.000793362
2.27205e-05
0.00105809
1.61917e-06
1.58026e-06
2.26283e-06
5.36015e-08
1.5631e-06
2.37352e-06
2.96148e-06
0.000845595
2.38065e-05
0.00108714
1.53988e-06
1.06022e-06
1.98767e-06
5.99245e-08
1.28114e-06
2.1215e-06
1.79687e-06
0.000895974
2.57725e-05
0.00111396
1.45951e-06
7.11249e-07
1.74594e-06
6.70399e-08
1.05001e-06
1.89621e-06
1.08997e-06
0.000943937
2.84856e-05
0.00113856
1.37791e-06
4.77107e-07
1.53357e-06
7.50123e-08
8.6055e-07
1.69481e-06
6.61061e-07
0.00098902
3.18814e-05
0.00116098
1.29494e-06
3.2003e-07
1.34702e-06
8.39359e-08
7.05249e-07
1.51479e-06
4.00893e-07
0.00103088
3.59433e-05
0.00118128
1.21045e-06
2.1466e-07
1.18314e-06
9.39219e-08
5.77926e-07
1.35387e-06
2.43104e-07
0.00106928
4.06888e-05
0.00119957
1.1243e-06
1.4398e-07
1.03918e-06
1.05096e-07
4.73458e-07
1.21003e-06
1.47416e-07
0.00110412
4.61607e-05
0.00121596
1.03631e-06
9.65717e-08
9.12727e-07
1.176e-07
3.87455e-07
1.08147e-06
8.9393e-08
0.00113541
5.24215e-05
0.00123058
9.46314e-07
6.47745e-08
8.01655e-07
1.31591e-07
3.15696e-07
9.66593e-07
5.42202e-08
0.00116324
5.95505e-05
0.00124356
8.54135e-07
4.34641e-08
7.04102e-07
1.47246e-07
2.52663e-07
8.64033e-07
3.29312e-08
0.00118777
6.7641e-05
0.00125504
7.59582e-07
2.93423e-08
6.18794e-07
1.64764e-07
1.87002e-07
7.72814e-07
2.0158e-08
0.00120924
7.67994e-05
0.00126515
6.62457e-07
2.16133e-08
5.60731e-07
1.84365e-07
6.95024e-08
3.61578e-08
7.06649e-07
1.37801e-08
0.00118076
0.000872033
9.02091e-05
1.58066e-05
3.13366e-06
2.01456e-07
3.92796e-08
3.50836e-08
6.61534e-07
1.0878e-08
0.00117296
0.000881565
0.000109001
1.27617e-05
2.12765e-06
2.15346e-07
2.22747e-08
3.45571e-08
6.19298e-07
8.58833e-09
0.00116483
0.000890003
0.00013148
1.02995e-05
1.44604e-06
2.30107e-07
1.27275e-08
3.47778e-08
5.79757e-07
6.78281e-09
0.00115635
0.000897824
0.00015817
8.30974e-06
9.84428e-07
2.45838e-07
7.39302e-09
3.60439e-08
5.4274e-07
5.36079e-09
0.00114753
0.000905285
0.000189622
6.70273e-06
6.71952e-07
2.62625e-07
4.44529e-09
3.87988e-08
5.08086e-07
4.24386e-09
0.00113834
0.000912524
0.000226375
5.40542e-06
4.60564e-07
2.80549e-07
2.85835e-09
4.37005e-08
4.75643e-07
3.37199e-09
0.00112878
0.000919614
0.000268912
4.35849e-06
3.1769e-07
2.99691e-07
2.05821e-09
5.17232e-08
4.45272e-07
2.70107e-09
0.00111885
0.000926596
0.000317592
3.51388e-06
2.21255e-07
3.20136e-07
1.72665e-09
6.43079e-08
4.16839e-07
2.20213e-09
0.00110855
0.000933489
0.000372578
2.83264e-06
1.56303e-07
3.41975e-07
1.69105e-09
8.35847e-08
3.90222e-07
1.86263e-09
0.00109786
0.000940305
0.000433762
2.28328e-06
1.127e-07
3.65303e-07
0.00108679
0.00094705
0.000500679
1.84034e-06
0.00107532
0.000953724
0.000572464
1.48324e-06
0.00106347
0.000960331
0.000647828
1.19538e-06
0.00105121
0.000966868
0.000725108
9.63352e-07
0.00103853
0.000973337
0.000802368
7.76339e-07
0.00102537
0.000979737
0.000877575
6.25616e-07
0.00101153
0.000986066
0.000948788
5.04146e-07
0.00099644
0.000992325
0.00101437
4.06265e-07
0.000978293
0.000998513
0.00107311
3.27762e-07
0.000951445
0.00100463
0.00112435
2.77587e-07
0.00129325
0.000569862
0.00128854
0.000405939
0.00128325
0.000287096
0.00127732
0.000209114
0.00127069
0.000163552
0.00126328
0.000142351
0.00125502
0.000139471
0.00124581
0.000151018
0.00123557
0.000174829
0.00122421
0.000209968
0.00121163
0.000256252
0.00119774
0.000313835
0.00118244
0.000382802
0.00116564
0.000462793
0.00114727
0.00055264
0.00112723
0.000650112
0.00110548
0.000751848
0.00108196
0.000853575
0.00105665
0.000950636
0.00102932
0.00103873
0.000994494
0.000951169
0.000904848
0.000855916
0.00080487
0.000752299
0.000698861
0.000645247
0.00059215
0.000540222
0.000490054
0.000442144
0.000396888
0.000354574
0.000315382
0.000279398
0.000246594
0.000217048
0.000189772
0.000169444
END_LIST
