BEGIN_LIST
0.00121265
0.00120492
0.00119677
0.00118817
0.00117912
0.00116959
0.00115958
0.00114907
0.00113805
0.00112651
0.00111443
0.00110181
0.00108864
0.0010749
0.00106058
0.0010456
0.00102979
0.00101268
0.000993028
0.000967338
0.000792789
0.00128979
0.000713158
0.00127974
0.000633637
0.00126736
0.000556345
0.0012522
0.000483087
0.00123376
0.000415229
0.00121147
0.000353652
0.00118477
0.00029878
0.00115314
0.00025065
0.00111611
0.000209003
0.00107336
0.000173379
0.0010248
0.000143203
0.000970608
0.000117852
0.000911275
9.67025e-05
0.000847634
7.91687e-05
0.000780816
6.47268e-05
0.000712173
5.29429e-05
0.000643171
4.35187e-05
0.000575254
3.63944e-05
0.000509293
3.19964e-05
0.0004281
4.49975e-05
3.31547e-05
3.85372e-05
4.51769e-05
0.000167725
3.97641e-05
3.58167e-05
3.97628e-05
3.98324e-05
0.000139889
3.51243e-05
3.85095e-05
4.42233e-05
3.5106e-05
0.000116308
3.10141e-05
4.12955e-05
5.08624e-05
3.09295e-05
9.64498e-05
2.73755e-05
4.4216e-05
5.9292e-05
2.72413e-05
7.98069e-05
2.41567e-05
4.73005e-05
6.94507e-05
2.39863e-05
6.59155e-05
2.13107e-05
5.05717e-05
8.14426e-05
2.1115e-05
5.43597e-05
1.87956e-05
5.40483e-05
9.54621e-05
1.85835e-05
4.47735e-05
1.65739e-05
5.77472e-05
0.000111758
1.63524e-05
3.68396e-05
1.46122e-05
6.16843e-05
0.000130612
1.43866e-05
3.02856e-05
1.28806e-05
6.58752e-05
0.00015233
1.26552e-05
2.48797e-05
1.13526e-05
7.03356e-05
0.000177224
1.11304e-05
2.04263e-05
1.00046e-05
7.50817e-05
0.000205603
9.78761e-06
1.67604e-05
8.81573e-06
8.013e-05
0.000237753
8.60448e-06
1.37432e-05
7.76736e-06
8.54973e-05
0.000273916
7.56048e-06
1.12563e-05
6.84307e-06
9.12013e-05
0.000314262
6.63556e-06
9.19494e-06
6.02832e-06
9.72601e-05
0.000358864
5.80775e-06
7.45683e-06
5.31021e-06
0.000103692
0.000407664
5.04827e-06
5.91998e-06
4.67862e-06
0.000110516
0.000460444
4.31109e-06
4.39445e-06
3.99186e-06
0.000117752
0.000516808
3.50987e-06
2.50984e-06
5.56907e-06
3.88287e-06
0.000146304
0.000199012
8.21942e-05
0.000565922
8.25285e-07
1.40829e-05
2.24099e-06
1.0248e-06
4.56655e-06
3.47095e-06
9.17044e-05
0.000264219
5.63033e-05
0.000607098
7.9758e-07
9.47136e-06
1.96848e-06
2.79278e-07
3.74408e-06
3.10264e-06
5.6759e-05
0.000311979
3.94013e-05
0.000648948
7.69802e-07
6.36417e-06
1.72907e-06
8.55038e-08
3.06945e-06
2.77334e-06
3.48527e-05
0.000355405
2.85891e-05
0.000691218
7.41917e-07
4.27374e-06
1.51875e-06
3.62882e-08
2.51619e-06
2.47893e-06
2.12964e-05
0.000399164
2.18769e-05
0.000733618
7.13888e-07
2.86878e-06
1.33399e-06
2.50694e-08
2.06252e-06
2.21573e-06
1.29738e-05
0.000444851
1.79279e-05
0.000775833
6.85675e-07
1.92516e-06
1.17169e-06
2.3988e-08
1.69057e-06
1.98044e-06
7.88916e-06
0.000492862
1.58588e-05
0.000817535
6.5724e-07
1.29169e-06
1.02912e-06
2.57789e-08
1.38563e-06
1.7701e-06
4.79187e-06
0.00054308
1.50937e-05
0.000858403
6.2854e-07
8.6655e-07
9.03886e-07
2.8568e-08
1.13566e-06
1.58208e-06
2.90859e-06
0.000595128
1.52637e-05
0.000898129
5.99531e-07
5.81292e-07
7.93886e-07
3.18943e-08
9.30755e-07
1.41401e-06
1.76474e-06
0.000648481
1.6138e-05
0.00093643
5.70169e-07
3.89915e-07
6.97266e-07
3.56702e-08
7.62804e-07
1.26379e-06
1.07046e-06
0.000702513
1.75784e-05
0.000973059
5.40405e-07
2.61536e-07
6.12401e-07
3.99093e-08
6.25147e-07
1.12951e-06
6.49224e-07
0.000756544
1.9509e-05
0.00100781
5.10189e-07
1.7542e-07
5.37861e-07
4.46565e-08
5.12322e-07
1.00948e-06
3.93711e-07
0.00080987
2.18964e-05
0.00104052
4.7947e-07
1.17658e-07
4.72391e-07
4.99694e-08
4.19846e-07
9.02207e-07
2.38746e-07
0.000861809
2.47372e-05
0.00107107
4.48192e-07
7.89149e-08
4.14888e-07
5.59147e-08
3.44035e-07
8.06326e-07
1.44771e-07
0.000911728
2.80499e-05
0.00109941
4.16299e-07
5.29289e-08
3.64383e-07
6.25674e-08
2.81833e-07
7.2063e-07
8.77851e-08
0.000959083
3.18696e-05
0.0011255
3.83729e-07
3.54998e-08
3.20025e-07
7.00116e-08
2.30615e-07
6.44043e-07
5.3232e-08
0.00100343
3.62452e-05
0.00114936
3.50419e-07
2.38105e-08
2.81066e-07
7.83415e-08
1.87843e-07
5.75612e-07
3.22867e-08
0.00104446
4.12372e-05
0.00117104
3.16304e-07
1.59766e-08
2.46852e-07
8.76624e-08
1.50142e-07
5.14521e-07
1.96094e-08
0.00108198
4.69172e-05
0.00119063
2.81313e-07
1.07855e-08
2.16935e-07
9.80922e-08
1.1047e-07
4.60188e-07
1.20033e-08
0.0011159
5.33672e-05
0.00120824
2.45373e-07
7.94436e-09
1.96574e-07
1.09763e-07
4.07776e-08
2.11244e-08
4.20781e-07
8.20547e-09
0.00108024
0.000743605
6.28535e-05
5.87355e-06
1.1619e-06
1.19939e-07
2.30464e-08
2.0278e-08
3.93911e-07
6.47736e-09
0.00106843
0.00075454
7.62288e-05
4.73618e-06
7.89643e-07
1.28209e-07
1.30703e-08
1.966e-08
3.68757e-07
5.11392e-09
0.00105622
0.000764077
9.23599e-05
3.81852e-06
5.37593e-07
1.36998e-07
7.46965e-09
1.93428e-08
3.45208e-07
4.03878e-09
0.00104362
0.000772848
0.000111702
3.07831e-06
3.67005e-07
1.46365e-07
4.34077e-09
1.94351e-08
3.23163e-07
3.19197e-09
0.00103063
0.000781191
0.000134767
2.48136e-06
2.5162e-07
1.5636e-07
2.61233e-09
2.00995e-08
3.02526e-07
2.5268e-09
0.00101726
0.00078929
0.000162104
2.00003e-06
1.73645e-07
1.67032e-07
1.68249e-09
2.1578e-08
2.83206e-07
2.00749e-09
0.0010035
0.00079724
0.000194278
1.61196e-06
1.21023e-07
1.7843e-07
1.21455e-09
2.42296e-08
2.6512e-07
1.60771e-09
0.000989367
0.000805095
0.000231832
1.29913e-06
8.55871e-08
1.90605e-07
1.02192e-09
2.85858e-08
2.48188e-07
1.31013e-09
0.000974866
0.00081288
0.000275244
1.04697e-06
6.18065e-08
2.03609e-07
1.00343e-09
3.54332e-08
2.32338e-07
1.10712e-09
0.000960005
0.000820611
0.000324858
8.4373e-07
4.59342e-08
2.175e-07
0.000944795
0.000828293
0.000380814
6.79924e-07
0.000929248
0.000835929
0.000442963
5.47909e-07
0.000913375
0.00084352
0.000510797
4.4152e-07
0.000897183
0.000851065
0.000583393
3.55783e-07
0.000880668
0.000858563
0.000659405
2.86692e-07
0.000863782
0.000866013
0.000737117
2.31016e-07
0.00084634
0.000873414
0.000814555
1.86152e-07
0.000827751
0.000880763
0.000889664
1.50003e-07
0.000806164
0.00088806
0.000960514
1.21013e-07
0.000775793
0.000895302
0.00102549
1.02485e-07
0.00121689
0.000427754
0.00120345
0.000295585
0.00118865
0.000205217
0.00117238
0.000148284
0.00115458
0.00011612
0.00113515
0.000101901
0.00111404
0.000100992
0.00109119
0.000110621
0.00106656
0.000129405
0.00104016
0.00015694
0.00101198
0.000193468
0.000982073
0.000239596
0.000950514
0.000296028
0.000917406
0.000363289
0.000882886
0.00044141
0.000847122
0.000529607
0.000810311
0.000626023
0.000772673
0.000727616
0.000734462
0.000830305
0.000695553
0.000929443
0.000649357
0.000596297
0.000544348
0.000494101
0.000446062
0.000400634
0.000358113
0.000318691
0.000282458
0.000249421
0.000219512
0.000192611
0.000168553
0.00014715
0.000128193
0.000111473
9.67661e-05
8.39314e-05
7.24196e-05
6.40228e-05
END_LIST
