BEGIN_LIST
0.00132717
0.00132697
0.00132675
0.00132651
0.00132626
0.00132598
0.00132569
0.00132538
0.00132505
0.0013247
0.00132432
0.00132391
0.00132347
0.00132301
0.0013225
0.00132196
0.00132137
0.00132069
0.00131986
0.00131867
0.0012904
0.00133
0.00127775
0.00133
0.00126143
0.00133
0.0012406
0.00133
0.00121438
0.00133
0.00118185
0.00133
0.00114223
0.00132999
0.00109495
0.00132999
0.00103984
0.00132999
0.000977196
0.00132999
0.000907917
0.00132998
0.000833443
0.00132998
0.000755681
0.00132998
0.000676839
0.00132997
0.000599253
0.00132996
0.000525308
0.00132995
0.000457614
0.00132994
0.000399714
0.00132992
0.000357915
0.0013299
0.000345302
0.00132978
0.000486035
0.000370471
0.000442433
0.000726871
0.00128009
0.000446331
0.00038999
0.000478806
0.000680025
0.00126532
0.000408398
0.000410065
0.000527364
0.000633373
0.00124667
0.000372417
0.000430701
0.000582938
0.000587356
0.00122337
0.000338518
0.000451888
0.00064255
0.000542381
0.00119465
0.000306782
0.000473606
0.000704226
0.000498813
0.00115979
0.000277247
0.000495825
0.000766429
0.000456963
0.00111823
0.000249909
0.000518509
0.00082784
0.000417082
0.00106965
0.000224732
0.000541617
0.000887291
0.00037936
0.0010141
0.000201652
0.0005651
0.000943768
0.00034393
0.000952066
0.000180584
0.000588907
0.00099645
0.000310866
0.000884486
0.000161426
0.000612983
0.00104474
0.00028019
0.000812712
0.000144064
0.000637268
0.00108826
0.000251878
0.000738385
0.00012838
0.000661701
0.00112688
0.00022586
0.000663234
0.000114252
0.000686217
0.00116064
0.000202014
0.000588814
0.000101557
0.000710753
0.00118978
0.000180155
0.000516126
9.01763e-05
0.00073524
0.00121462
0.000159979
0.000444971
7.99942e-05
0.000759614
0.00123557
0.00014095
0.00037261
7.09182e-05
0.000783807
0.00125308
0.000122033
0.000290466
6.09194e-05
0.000807757
0.0012676
0.000101088
0.000175071
8.4612e-05
5.94678e-05
0.000938006
0.00105462
0.000626918
0.00127776
2.46254e-05
0.00037053
0.000158108
7.41769e-05
7.0019e-05
5.33725e-05
0.0007477
0.00115959
0.000466421
0.00128479
2.38107e-05
0.000269535
0.000140726
2.00028e-05
5.78441e-05
4.78809e-05
0.000555372
0.0012039
0.000341326
0.00129091
2.2993e-05
0.00019154
0.000125068
5.46025e-06
4.77186e-05
4.29373e-05
0.000388085
0.00122935
0.000250569
0.00129624
2.21713e-05
0.000133773
0.000111004
1.65201e-06
3.93192e-05
3.84904e-05
0.00025869
0.0012471
0.000188421
0.00130086
2.13444e-05
9.22675e-05
9.84042e-05
6.80208e-07
3.23669e-05
3.4493e-05
0.000166744
0.00126087
0.000148199
0.00130488
2.05112e-05
6.30819e-05
8.71411e-05
4.55336e-07
2.66225e-05
3.09018e-05
0.000105081
0.00127211
0.000124029
0.00130835
1.96706e-05
4.28655e-05
7.70936e-05
4.29491e-07
2.18831e-05
2.76774e-05
6.52625e-05
0.00128147
0.000111365
0.00131136
1.88212e-05
2.90062e-05
6.81467e-05
4.59645e-07
1.79776e-05
2.47837e-05
4.01608e-05
0.00128934
0.000106941
0.00131396
1.79619e-05
1.95719e-05
6.01927e-05
5.08838e-07
1.47625e-05
2.21879e-05
2.45728e-05
0.00129596
0.000108519
0.00131621
1.70912e-05
1.31806e-05
5.31316e-05
5.67924e-07
1.21179e-05
1.98602e-05
1.49823e-05
0.00130153
0.000114622
0.00131814
1.62077e-05
8.86483e-06
4.68709e-05
6.3509e-07
9.94409e-06
1.77738e-05
9.11518e-06
0.00130621
0.000124313
0.00131982
1.531e-05
5.95693e-06
4.13263e-05
7.10518e-07
8.15814e-06
1.59042e-05
5.53836e-06
0.00131014
0.000137027
0.00132126
1.43965e-05
4.00053e-06
3.64206e-05
7.94983e-07
6.69147e-06
1.42294e-05
3.36241e-06
0.00131344
0.000152445
0.0013225
1.34655e-05
2.68559e-06
3.20841e-05
8.89505e-07
5.48721e-06
1.27294e-05
2.04037e-06
0.0013162
0.000170415
0.00132357
1.25153e-05
1.80238e-06
2.82537e-05
9.95264e-07
4.4979e-06
1.13863e-05
1.23778e-06
0.0013185
0.000190892
0.00132449
1.1544e-05
1.20941e-06
2.48726e-05
1.11359e-06
3.68269e-06
1.0184e-05
7.50788e-07
0.00132043
0.000213894
0.00132528
1.05499e-05
8.11449e-07
2.18899e-05
1.24597e-06
3.00222e-06
9.10823e-06
4.55457e-07
0.00132204
0.000239473
0.00132596
9.53081e-06
5.44614e-07
1.92604e-05
1.39407e-06
2.40499e-06
8.14658e-06
2.76657e-07
0.00132339
0.000267695
0.00132654
8.48465e-06
3.67732e-07
1.69534e-05
1.55976e-06
1.78546e-06
7.29031e-06
1.69361e-07
0.00132451
0.000298617
0.00132704
7.40919e-06
2.70903e-07
1.53796e-05
1.74512e-06
6.6594e-07
3.47197e-07
6.66869e-06
1.15782e-07
0.00132055
0.00120695
0.000341923
0.000167848
3.47458e-05
1.90671e-06
3.76276e-07
3.38565e-07
6.24455e-06
9.14017e-08
0.00131999
0.00121001
0.000399129
0.00013829
2.36819e-05
2.038e-06
2.13233e-07
3.35892e-07
5.84728e-06
7.21669e-08
0.0013194
0.00121286
0.000462493
0.000113484
1.61333e-05
2.17751e-06
1.2164e-07
3.41431e-07
5.47519e-06
5.7001e-08
0.00131877
0.00121558
0.00053128
9.28188e-05
1.09964e-05
2.32617e-06
7.04053e-08
3.58546e-07
5.12669e-06
4.50598e-08
0.00131811
0.00121819
0.000604385
7.57086e-05
7.50744e-06
2.48477e-06
4.2022e-08
3.92231e-07
4.80031e-06
3.56869e-08
0.00131741
0.00122073
0.000680325
6.16129e-05
5.14143e-06
2.65407e-06
2.66501e-08
4.49887e-07
4.49464e-06
2.83819e-08
0.00131666
0.0012232
0.000757303
5.00486e-05
3.53928e-06
2.83484e-06
1.87784e-08
5.42467e-07
4.20838e-06
2.27813e-08
0.00131588
0.00122562
0.000833335
4.05931e-05
2.45614e-06
3.02788e-06
1.53452e-08
6.86161e-07
3.9403e-06
1.86542e-08
0.00131505
0.00122799
0.000906435
3.28833e-05
1.72542e-06
3.23403e-06
1.46813e-08
9.04884e-07
3.68926e-06
1.59174e-08
0.00131418
0.0012303
0.000974809
2.6611e-05
1.23394e-06
3.45417e-06
0.00131325
0.00123257
0.00103703
2.15175e-05
0.00131227
0.00123479
0.00109216
1.73873e-05
0.00131124
0.00123696
0.00113977
1.40424e-05
0.00131014
0.00123909
0.00117991
1.13361e-05
0.00130897
0.00124117
0.00121304
9.14808e-06
0.00130772
0.00124321
0.00123985
7.3803e-06
0.00130633
0.00124521
0.00126117
5.95277e-06
0.00130466
0.00124717
0.00127789
4.80059e-06
0.00130228
0.00124908
0.00129083
3.87532e-06
0.00129768
0.00125095
0.00130074
3.28342e-06
0.00132998
0.00108503
0.00132998
0.000907415
0.00132997
0.000726556
0.00132997
0.000576335
0.00132996
0.000472866
0.00132996
0.000417258
0.00132996
0.000403321
0.00132995
0.000423188
0.00132994
0.00046972
0.00132993
0.000536895
0.00132993
0.000619357
0.00132992
0.000711876
0.00132991
0.000809056
0.00132989
0.000905433
0.00132988
0.000995922
0.00132986
0.00107642
0.00132984
0.00114434
0.00132982
0.00119875
0.0013298
0.00124026
0.00132977
0.00127053
0.00132974
0.00132969
0.00132963
0.00132956
0.00132947
0.00132937
0.00132925
0.00132911
0.00132894
0.00132874
0.00132849
0.00132821
0.00132786
0.00132746
0.00132697
0.00132639
0.0013257
0.00132488
0.00132387
0.00132291
END_LIST
