BEGIN_LIST
0.00132951
0.00132947
0.00132943
0.00132939
0.00132935
0.0013293
0.00132925
0.00132919
0.00132914
0.00132907
0.00132901
0.00132893
0.00132886
0.00132878
0.00132869
0.00132859
0.00132849
0.00132837
0.00132822
0.00132801
0.00131965
0.00133
0.00131617
0.00133
0.00131156
0.00133
0.00130547
0.00133
0.00129748
0.00133
0.00128703
0.00133
0.00127347
0.00133
0.00125605
0.00133
0.00123391
0.00133
0.00120615
0.00133
0.0011719
0.00133
0.00113042
0.00133
0.00108131
0.00133
0.00102461
0.00133
0.000961078
0.00133
0.000892482
0.00133
0.000822149
0.00133
0.000756224
0.00133
0.000706402
0.00133
0.000694933
0.00133
0.000904629
0.000725312
0.000856844
0.000954844
0.00132337
0.000864621
0.000736074
0.000921244
0.000914193
0.00132126
0.000823085
0.000752256
0.000978253
0.000871584
0.0013185
0.000780331
0.000771633
0.00102931
0.000827353
0.00131488
0.000736709
0.000792811
0.00107492
0.000781889
0.00131017
0.000692591
0.000814922
0.00111529
0.000735616
0.00130405
0.000648366
0.000837421
0.00115063
0.000688982
0.00129613
0.000604424
0.000859962
0.00118119
0.000642439
0.00128594
0.000561138
0.000882317
0.00120732
0.000596426
0.00127291
0.000518858
0.000904336
0.00122941
0.000551355
0.00125639
0.000477899
0.00092591
0.00124793
0.000507596
0.00123563
0.00043853
0.000946961
0.00126331
0.000465463
0.00120982
0.000400973
0.000967433
0.001276
0.000425208
0.00117812
0.000365399
0.000987279
0.00128641
0.000387007
0.00113965
0.000331928
0.00100647
0.0012949
0.000350942
0.0010934
0.000300632
0.00102497
0.00130179
0.00031696
0.00103787
0.000271539
0.00104276
0.00130737
0.000284791
0.000969945
0.000244639
0.00105984
0.00131188
0.000253738
0.000881807
0.00021993
0.0010762
0.0013155
0.000222233
0.000751451
0.000191887
0.00109182
0.00131841
0.000186782
0.000508594
0.000263408
0.000188824
0.001199
0.00125083
0.000918188
0.0013204
4.6997e-05
0.000627675
0.000472509
0.000238191
0.000222713
0.000171084
0.00108577
0.00129291
0.000735998
0.00132175
4.5461e-05
0.000487527
0.000432529
6.76497e-05
0.000187367
0.000154807
0.000924813
0.001306
0.000571617
0.00132291
4.39181e-05
0.000365088
0.000394481
1.87344e-05
0.000156955
0.00013991
0.000733682
0.00131208
0.00043986
0.00132391
4.23663e-05
0.00026535
0.000358538
5.69888e-06
0.000130999
0.000126307
0.000542646
0.00131576
0.000343566
0.00132477
4.08037e-05
0.000188449
0.000324815
2.35823e-06
0.000108999
0.000113914
0.000377916
0.00131838
0.000278779
0.00132551
3.9228e-05
0.000131555
0.000293377
1.58564e-06
9.04574e-05
0.000102643
0.000251296
0.0013204
0.000239214
0.00132615
3.76371e-05
9.07095e-05
0.000264242
1.49855e-06
7.49066e-05
9.24114e-05
0.00016171
0.00132204
0.000218757
0.00132669
3.60286e-05
6.20035e-05
0.000237388
1.60455e-06
6.19166e-05
8.31376e-05
0.000101798
0.00132338
0.000212437
0.00132716
3.44001e-05
4.21266e-05
0.000212762
1.77637e-06
5.11019e-05
7.4744e-05
6.31803e-05
0.00132449
0.000216572
0.00132756
3.2749e-05
2.85035e-05
0.000190281
1.98251e-06
4.21232e-05
6.71569e-05
3.8863e-05
0.00132541
0.000228583
0.00132791
3.10725e-05
1.92315e-05
0.000169843
2.21674e-06
3.46861e-05
6.03068e-05
2.37726e-05
0.00132618
0.000246731
0.00132821
2.93677e-05
1.29509e-05
0.000151332
2.47971e-06
2.85374e-05
5.41286e-05
1.44922e-05
0.00132683
0.000269871
0.00132846
2.76318e-05
8.71009e-06
0.000134624
2.77411e-06
2.34616e-05
4.85616e-05
8.81618e-06
0.00132736
0.000297254
0.00132868
2.58615e-05
5.85287e-06
0.000119589
3.10346e-06
1.92761e-05
4.35497e-05
5.35642e-06
0.00132781
0.000328384
0.00132887
2.40536e-05
3.93062e-06
0.000106096
3.47185e-06
1.58252e-05
3.9041e-05
3.25188e-06
0.00132818
0.000362915
0.00132903
2.22043e-05
2.63865e-06
9.4018e-05
3.88385e-06
1.29724e-05
3.4988e-05
1.97337e-06
0.00132848
0.000400573
0.00132917
2.03102e-05
1.77092e-06
8.3229e-05
4.3446e-06
1.0582e-05
3.13476e-05
1.19746e-06
0.00132874
0.000441106
0.00132929
1.83672e-05
1.18882e-06
7.36115e-05
4.85983e-06
8.46896e-06
2.80825e-05
7.27494e-07
0.00132896
0.000484246
0.0013294
1.63712e-05
8.02823e-07
6.50921e-05
5.43594e-06
6.24005e-06
2.51664e-05
4.45403e-07
0.00132913
0.000529685
0.00132948
1.43179e-05
5.91478e-07
5.92405e-05
6.08006e-06
2.30734e-06
1.19639e-06
2.30445e-05
3.04519e-07
0.00132817
0.00127363
0.000590148
0.0003075
6.65882e-05
6.64126e-06
1.30336e-06
1.14937e-06
2.1594e-05
2.40413e-07
0.00132807
0.00127506
0.000665026
0.000258338
4.56393e-05
7.09702e-06
7.37769e-07
1.11565e-06
2.02336e-05
1.89842e-07
0.00132795
0.00127641
0.000741591
0.000215542
3.12485e-05
7.58108e-06
4.19694e-07
1.09948e-06
1.89577e-05
1.49981e-07
0.00132783
0.0012777
0.000817757
0.000178772
2.14124e-05
8.09662e-06
2.41416e-07
1.10728e-06
1.77614e-05
1.1862e-07
0.0013277
0.00127895
0.000891458
0.000147529
1.47143e-05
8.64636e-06
1.42225e-07
1.14863e-06
1.66396e-05
9.40474e-08
0.00132756
0.00128017
0.000960816
0.000121231
1.01667e-05
9.23289e-06
8.79622e-08
1.23778e-06
1.5588e-05
7.4975e-08
0.00132742
0.00128135
0.00102431
9.92676e-05
7.08766e-06
9.85879e-06
5.94617e-08
1.39584e-06
1.46021e-05
6.04943e-08
0.00132726
0.00128251
0.00108087
8.10446e-05
5.00933e-06
1.05267e-05
4.60376e-08
1.65407e-06
1.36781e-05
5.00824e-08
0.0013271
0.00128363
0.00112999
6.60065e-05
3.61197e-06
1.12396e-05
4.1815e-08
2.05866e-06
1.2812e-05
4.36706e-08
0.00132693
0.00128473
0.00117161
5.36515e-05
2.67778e-06
1.20003e-05
0.00132675
0.00128581
0.00120612
4.35379e-05
0.00132656
0.00128686
0.00123416
3.52837e-05
0.00132635
0.00128789
0.00125656
2.85634e-05
0.00132614
0.00128889
0.00127417
2.31027e-05
0.00132591
0.00128987
0.00128786
1.86725e-05
0.00132566
0.00129083
0.00129837
1.50832e-05
0.00132537
0.00129177
0.00130638
1.21781e-05
0.00132502
0.00129268
0.00131243
9.82905e-06
0.00132448
0.00129358
0.00131698
7.93986e-06
0.00132331
0.00129445
0.00132039
6.73016e-06
0.00133
0.00121413
0.00133
0.00108744
0.00133
0.000932455
0.00133
0.000785557
0.00133
0.000675235
0.00133
0.00061323
0.00133
0.00059816
0.00133
0.000622232
0.00133
0.000675811
0.00133
0.000749406
0.00133
0.000834255
0.00133
0.000922515
0.00133
0.00100754
0.00133
0.00108427
0.00133
0.00114953
0.00133
0.00120206
0.00133
0.00124226
0.00133
0.00127164
0.00133
0.00129223
0.00133
0.00130616
0.00133
0.00133
0.00133
0.00133
0.00133
0.00133
0.00132999
0.00132999
0.00132999
0.00132999
0.00132999
0.00132999
0.00132998
0.00132998
0.00132998
0.00132997
0.00132997
0.00132996
0.00132995
0.00132994
END_LIST
