BEGIN_LIST
0.00129422
0.00129168
0.00128898
0.00128609
0.00128302
0.00127975
0.00127627
0.00127256
0.00126862
0.00126443
0.00125998
0.00125526
0.00125024
0.00124491
0.00123924
0.00123318
0.00122663
0.00121935
0.00121067
0.00119882
0.00107537
0.00132789
0.00101682
0.00132733
0.000950976
0.00132664
0.000878969
0.00132576
0.000802465
0.00132466
0.000723502
0.00132328
0.000644282
0.00132155
0.000566929
0.00131938
0.000493294
0.00131665
0.000424809
0.00131323
0.000362435
0.00130895
0.000306674
0.0013036
0.000257631
0.00129692
0.000215106
0.00128863
0.000178705
0.00127834
0.000147936
0.00126565
0.000122343
0.00125006
0.000101684
0.00123104
8.62792e-05
0.00120735
7.77856e-05
0.00115581
0.000110497
8.19838e-05
9.5541e-05
0.00021971
0.000682543
9.8184e-05
8.86111e-05
9.95116e-05
0.000196418
0.000607644
8.71531e-05
9.51833e-05
0.000110705
0.00017527
0.000535361
7.72903e-05
0.000101884
0.000126727
0.000156136
0.000467125
6.84871e-05
0.000108831
0.000146619
0.000138881
0.00040399
6.06421e-05
0.000116101
0.000170103
0.000123366
0.000346615
5.36607e-05
0.000123748
0.000197213
0.000109451
0.000295295
4.74555e-05
0.000131813
0.000228115
9.70006e-05
0.000250022
4.19462e-05
0.000140326
0.000263002
8.58834e-05
0.00021056
3.70596e-05
0.000149316
0.000302036
7.59749e-05
0.000176513
3.27291e-05
0.000158806
0.000345305
6.71575e-05
0.000147392
2.88942e-05
0.000168819
0.000392779
5.93216e-05
0.000122666
2.55005e-05
0.000179376
0.000444285
5.23651e-05
0.000101793
2.24992e-05
0.000190497
0.000499473
4.6192e-05
8.42525e-05
1.98462e-05
0.0002022
0.000557808
4.07103e-05
6.95413e-05
1.75022e-05
0.000214502
0.000618568
3.58263e-05
5.71686e-05
1.5432e-05
0.00022742
0.000680861
3.14328e-05
4.66043e-05
1.36044e-05
0.000240967
0.000743669
2.73837e-05
3.7158e-05
1.19945e-05
0.000255157
0.000805903
2.34379e-05
2.76823e-05
1.02415e-05
0.000269999
0.000866473
1.9136e-05
1.58599e-05
1.42814e-05
9.96589e-06
0.000331922
0.000433425
0.000191676
0.000914912
4.52428e-06
7.57502e-05
1.4149e-05
6.46424e-06
1.17223e-05
8.91256e-06
0.000217875
0.00055041
0.000132534
0.000952441
4.3728e-06
5.15846e-05
1.24406e-05
1.72273e-06
9.6189e-06
7.96997e-06
0.00013897
0.000626696
9.26917e-05
0.000988087
4.22089e-06
3.49568e-05
1.0937e-05
4.82943e-07
7.89106e-06
7.12658e-06
8.69797e-05
0.000688992
6.65631e-05
0.00102171
4.06835e-06
2.36099e-05
9.61393e-06
1.62234e-07
6.4723e-06
6.37205e-06
5.37852e-05
0.000745983
4.99401e-05
0.00105321
3.91498e-06
1.59101e-05
8.45002e-06
8.25919e-08
5.30778e-06
5.69711e-06
3.30079e-05
0.000800356
3.9829e-05
0.00108252
3.76057e-06
1.0705e-05
7.42631e-06
6.65334e-08
4.3522e-06
5.09341e-06
2.01622e-05
0.00085268
3.41756e-05
0.00110959
3.60489e-06
7.19531e-06
6.52608e-06
6.76776e-08
3.56827e-06
4.55349e-06
1.22803e-05
0.000902788
3.16058e-05
0.00113444
3.44773e-06
4.83294e-06
5.73456e-06
7.3958e-08
2.92528e-06
4.07064e-06
7.46652e-06
0.000950305
3.12204e-05
0.0011571
3.28884e-06
3.24467e-06
5.03871e-06
8.22937e-08
2.39798e-06
3.63887e-06
4.53485e-06
0.000994847
3.24444e-05
0.00117765
3.12797e-06
2.17768e-06
4.42705e-06
9.19632e-08
1.96561e-06
3.2528e-06
2.75248e-06
0.00103611
3.49224e-05
0.00119617
2.96487e-06
1.46125e-06
3.88945e-06
1.02873e-07
1.61112e-06
2.90761e-06
1.66999e-06
0.0010739
3.84471e-05
0.00121279
2.79925e-06
9.80382e-07
3.41698e-06
1.15103e-07
1.3205e-06
2.59898e-06
1.01298e-06
0.00110813
4.29117e-05
0.00122762
2.63084e-06
6.57694e-07
3.00179e-06
1.28795e-07
1.08225e-06
2.32307e-06
6.1436e-07
0.00113882
4.82786e-05
0.0012408
2.45932e-06
4.41189e-07
2.63696e-06
1.44117e-07
8.8691e-07
2.07641e-06
3.72571e-07
0.00116609
5.45588e-05
0.00125247
2.2844e-06
2.95943e-07
2.3164e-06
1.61262e-07
7.26627e-07
1.8559e-06
2.2593e-07
0.0011901
6.17984e-05
0.00126276
2.10572e-06
1.98508e-07
2.03476e-06
1.80447e-07
5.94692e-07
1.6588e-06
1.37007e-07
0.00121109
7.00704e-05
0.0012718
1.92296e-06
1.33153e-07
1.78732e-06
2.01913e-07
4.84692e-07
1.48266e-06
8.31011e-08
0.00122931
7.94685e-05
0.00127973
1.73574e-06
8.93502e-08
1.56996e-06
2.25933e-07
3.88351e-07
1.3254e-06
5.04729e-08
0.00124502
9.01037e-05
0.00128665
1.54368e-06
6.03218e-08
1.37985e-06
2.5281e-07
2.88881e-07
1.18551e-06
3.0896e-08
0.00125851
0.000102101
0.00129269
1.34637e-06
4.44337e-08
1.25045e-06
2.82884e-07
1.0799e-07
5.63796e-08
1.08404e-06
2.11207e-08
0.0012367
0.00096416
0.000119582
3.19592e-05
6.36215e-06
3.09106e-07
6.10292e-08
5.519e-08
1.01485e-06
1.66728e-08
0.00123156
0.000972266
0.000143919
2.58563e-05
4.31941e-06
3.30416e-07
3.46059e-08
5.50573e-08
9.50069e-07
1.31634e-08
0.00122618
0.000979529
0.000172775
2.09027e-05
2.93429e-06
3.53062e-07
1.97697e-08
5.63909e-08
8.89423e-07
1.03962e-08
0.00122053
0.000986305
0.000206676
1.68875e-05
1.99563e-06
3.77197e-07
1.14792e-08
5.98007e-08
8.32645e-07
8.21681e-09
0.00121462
0.000992785
0.000246127
1.36367e-05
1.35987e-06
4.02951e-07
6.89668e-09
6.61921e-08
7.79491e-07
6.50511e-09
0.00120842
0.000999072
0.000291549
1.10071e-05
9.2953e-07
4.30449e-07
4.42801e-09
7.69066e-08
7.29728e-07
5.16916e-09
0.00120194
0.00100522
0.00034321
8.88166e-06
6.38454e-07
4.59815e-07
3.18113e-09
9.3929e-08
6.8314e-07
4.14149e-09
0.00119516
0.00101126
0.000401147
7.16471e-06
4.41788e-07
4.9118e-07
2.6614e-09
1.20194e-07
6.39526e-07
3.37792e-09
0.00118807
0.00101721
0.000465083
5.77842e-06
3.09126e-07
5.24683e-07
2.60033e-09
1.60037e-07
5.98695e-07
2.85964e-09
0.00118066
0.00102307
0.000534365
4.65955e-06
2.19862e-07
5.60469e-07
0.00117293
0.00102886
0.000607919
3.7568e-06
0.00116486
0.00103457
0.000684269
3.0286e-06
0.00115645
0.0010402
0.000761611
2.44133e-06
0.00114768
0.00104576
0.000837946
1.96779e-06
0.00113852
0.00105124
0.000911271
1.58601e-06
0.00112892
0.00105665
0.000979781
1.27824e-06
0.00111869
0.00106198
0.00104204
1.03015e-06
0.00110731
0.00106724
0.00109712
8.30208e-07
0.00109317
0.00107243
0.00114459
6.6983e-07
0.00107121
0.00107753
0.00118453
5.67315e-07
0.00131819
0.000690064
0.00131664
0.000506089
0.00131489
0.000364929
0.00131291
0.000268623
0.00131068
0.000210664
0.00130817
0.000182701
0.00130534
0.0001777
0.00130215
0.000190773
0.00129856
0.000218962
0.00129453
0.000260702
0.00128999
0.000315239
0.0012849
0.000382094
0.00127919
0.00046056
0.00127279
0.000549278
0.00126564
0.000645922
0.00125764
0.000747095
0.00124872
0.000848517
0.00123879
0.000945531
0.00122775
0.00103382
0.00121542
0.00111012
0.00119901
0.00117749
0.00115302
0.00112538
0.00109439
0.00105994
0.00102202
0.000980695
0.000936159
0.000888724
0.000838822
0.000786992
0.00073386
0.000680107
0.000626435
0.00057354
0.000522013
0.000472691
0.000424439
0.000386847
END_LIST
