BEGIN_LIST
0.00131103
0.00130966
0.0013082
0.00130664
0.00130498
0.0013032
0.0013013
0.00129928
0.00129712
0.00129481
0.00129236
0.00128974
0.00128695
0.00128397
0.00128079
0.00127737
0.00127365
0.00126947
0.00126444
0.00125743
0.00116663
0.00132963
0.00112359
0.00132953
0.00107271
0.00132941
0.00101402
0.00132925
0.00094808
0.00132906
0.000876042
0.00132881
0.000799572
0.00132851
0.000720708
0.00132812
0.000641641
0.00132763
0.000564487
0.00132701
0.000491079
0.00132624
0.000422841
0.00132526
0.000360729
0.00132403
0.00030525
0.00132248
0.000256546
0.00132054
0.000214515
0.00131809
0.000179007
0.00131501
0.000150128
0.00131114
0.000128855
0.00130607
0.000118364
0.00129083
0.000169075
0.000126092
0.000147497
0.000358669
0.000956746
0.000150983
0.000136078
0.00015494
0.000324426
0.000888758
0.000134621
0.00014589
0.00017238
0.000292612
0.000816518
0.000119866
0.000155816
0.000196448
0.000263223
0.000741755
0.000106595
0.000166033
0.000225696
0.000236214
0.000666356
9.46875e-05
0.000176656
0.000259564
0.00021151
0.000592179
8.40262e-05
0.000187759
0.000297868
0.000189011
0.000520888
7.44988e-05
0.000199392
0.000340539
0.000168601
0.000453833
6.59991e-05
0.000211593
0.000387486
0.000150149
0.000391986
5.84277e-05
0.000224389
0.000438515
0.00013352
0.000335933
5.16922e-05
0.0002378
0.000493278
0.000118576
0.000285908
4.57076e-05
0.000251845
0.000551254
0.000105177
0.000241859
4.03958e-05
0.000266536
0.000611735
9.31886e-05
0.000203509
3.56855e-05
0.000281883
0.000673846
8.24754e-05
0.000170424
3.15121e-05
0.000297893
0.000736579
7.29025e-05
0.000142056
2.78172e-05
0.000314569
0.000798852
6.43256e-05
0.000117743
2.4548e-05
0.000331911
0.000859576
5.65713e-05
9.66422e-05
2.16572e-05
0.000349916
0.000917725
4.93928e-05
7.74948e-05
1.91072e-05
0.000368576
0.000972415
4.23703e-05
5.80242e-05
1.63265e-05
0.00038788
0.00102295
3.4691e-05
3.34207e-05
2.27561e-05
1.58931e-05
0.000472344
0.000597089
0.000279663
0.00106156
8.24789e-06
0.000135419
2.98475e-05
1.36684e-05
1.86966e-05
1.42194e-05
0.000322074
0.000733157
0.000195583
0.00109032
7.97247e-06
9.33873e-05
2.62781e-05
3.63527e-06
1.53541e-05
1.27204e-05
0.000210907
0.000814227
0.000137466
0.00111677
7.69621e-06
6.38392e-05
2.31287e-05
1.00329e-06
1.26043e-05
1.13782e-05
0.000134311
0.000875385
9.86398e-05
0.00114097
7.41874e-06
4.33756e-05
2.03515e-05
3.19984e-07
1.03437e-05
1.01766e-05
8.39773e-05
0.000927734
7.35591e-05
0.00116297
7.1397e-06
2.9349e-05
1.79037e-05
1.48003e-07
8.48642e-06
9.10119e-06
5.18951e-05
0.00097492
5.80538e-05
0.00118288
6.85871e-06
1.98019e-05
1.57471e-05
1.10657e-07
6.96112e-06
8.13877e-06
3.18353e-05
0.00101808
4.91627e-05
0.00120079
6.57537e-06
1.33348e-05
1.38479e-05
1.09445e-07
5.70898e-06
7.27762e-06
1.94412e-05
0.00105751
4.48609e-05
0.00121683
6.28927e-06
8.9681e-06
1.21758e-05
1.18705e-07
4.68139e-06
6.50719e-06
1.18394e-05
0.00109329
4.38016e-05
0.00123113
5.99997e-06
6.02608e-06
1.07041e-05
1.31843e-07
3.83832e-06
5.818e-06
7.1978e-06
0.00112548
4.51123e-05
0.00124382
5.70702e-06
4.04682e-06
9.40919e-06
1.4727e-07
3.14677e-06
5.20154e-06
4.37141e-06
0.00115417
4.82451e-05
0.00125505
5.40993e-06
2.71657e-06
8.27005e-06
1.64723e-07
2.57961e-06
4.6502e-06
2.6532e-06
0.00117952
5.28722e-05
0.00126494
5.10822e-06
1.8231e-06
7.26813e-06
1.84302e-07
2.11453e-06
4.15714e-06
1.60973e-06
0.00120175
5.88154e-05
0.00127363
4.80137e-06
1.22328e-06
6.38708e-06
2.06222e-07
1.73318e-06
3.71622e-06
9.76416e-07
0.0012211
6.59985e-05
0.00128124
4.48881e-06
8.20703e-07
5.61242e-06
2.30754e-07
1.42046e-06
3.32197e-06
5.92185e-07
0.00123784
7.44154e-05
0.00128789
4.16998e-06
5.5057e-07
4.9314e-06
2.58203e-07
1.16383e-06
2.96946e-06
3.59125e-07
0.00125224
8.411e-05
0.00129369
3.84428e-06
3.69332e-07
4.33278e-06
2.88918e-07
9.52598e-07
2.65431e-06
2.17786e-07
0.00126457
9.51617e-05
0.00129873
3.51106e-06
2.47752e-07
3.80664e-06
3.23286e-07
7.76547e-07
2.37264e-06
1.321e-07
0.00127507
0.000107676
0.00130311
3.16967e-06
1.66257e-07
3.34428e-06
3.61741e-07
6.22609e-07
2.12111e-06
8.02342e-08
0.00128399
0.000121779
0.00130691
2.81939e-06
1.12248e-07
2.93977e-06
4.04769e-07
4.64486e-07
1.89735e-06
4.91144e-08
0.00129154
0.000137609
0.00131019
2.4595e-06
8.26853e-08
2.66436e-06
4.52913e-07
1.74211e-07
9.11351e-08
1.73502e-06
3.35752e-08
0.00127639
0.00104912
0.000160517
5.78878e-05
1.16051e-05
4.9489e-07
9.84506e-08
8.96536e-08
1.62433e-06
2.65045e-08
0.00127333
0.00105565
0.000192112
4.69928e-05
7.88295e-06
5.29003e-07
5.58208e-08
9.00649e-08
1.52068e-06
2.09259e-08
0.00127011
0.00106157
0.000229114
3.80947e-05
5.35607e-06
5.65255e-07
3.18835e-08
9.31202e-08
1.42365e-06
1.6527e-08
0.00126672
0.00106713
0.000271953
3.08462e-05
3.64224e-06
6.03889e-07
1.85053e-08
9.99369e-08
1.3328e-06
1.30627e-08
0.00126316
0.00107246
0.000320952
2.49537e-05
2.48074e-06
6.45114e-07
1.11084e-08
1.12173e-07
1.24775e-06
1.0342e-08
0.0012594
0.00107763
0.00037624
2.01716e-05
1.69412e-06
6.89128e-07
7.12083e-09
1.32283e-07
1.16811e-06
8.21891e-09
0.00125546
0.00108269
0.000437675
1.6296e-05
1.16181e-06
7.36133e-07
5.10307e-09
1.63899e-07
1.09356e-06
6.58638e-09
0.00125131
0.00108764
0.000504758
1.31585e-05
8.01967e-07
7.86337e-07
4.25679e-09
2.12387e-07
1.02376e-06
5.37456e-09
0.00124695
0.00109251
0.000576593
1.06208e-05
5.59068e-07
8.39959e-07
4.14839e-09
2.85676e-07
9.58414e-07
4.55424e-09
0.00124237
0.0010973
0.000651865
8.56976e-06
3.95475e-07
8.97235e-07
0.00123757
0.00110201
0.000728895
6.91299e-06
0.00123252
0.00110664
0.00080575
5.57535e-06
0.00122723
0.0011112
0.000880415
4.49576e-06
0.00122167
0.00111569
0.000950987
3.62473e-06
0.00121582
0.0011201
0.00101587
2.92213e-06
0.00120963
0.00112445
0.00107392
2.35551e-06
0.00120296
0.00112872
0.0011245
1.89862e-06
0.00119537
0.00113292
0.0011675
1.53031e-06
0.00118559
0.00113705
0.00120323
1.23481e-06
0.00116949
0.00114111
0.00123232
1.0459e-06
0.0013272
0.000815244
0.00132683
0.000618853
0.0013264
0.000457409
0.00132593
0.000341921
0.00132539
0.000270015
0.00132478
0.000234117
0.00132409
0.000226507
0.00132332
0.000241246
0.00132244
0.000274375
0.00132144
0.000323434
0.00132032
0.000386793
0.00131905
0.000463002
0.00131761
0.000550231
0.00131599
0.000645863
0.00131416
0.000746331
0.00131209
0.00084726
0.00130975
0.000943944
0.00130712
0.00103204
0.00130415
0.00110828
0.00130077
0.00117093
0.00129619
0.00129001
0.00128275
0.00127423
0.00126425
0.00125261
0.00123906
0.00122337
0.00120526
0.00118448
0.00116077
0.00113391
0.00110371
0.00107005
0.00103286
0.000992218
0.000948232
0.000901497
0.000850552
0.000807251
END_LIST
