BEGIN_LIST
0.000493389
0.000472699
0.000452505
0.00043283
0.000413691
0.000395103
0.000377079
0.000359626
0.000342751
0.000326458
0.000310746
0.000295612
0.000281051
0.000267052
0.00025359
0.000240615
0.000228005
0.000215447
0.000202122
0.000185848
0.000127483
0.000410309
0.000104488
0.000354147
8.54362e-05
0.00030372
6.97214e-05
0.00025901
5.68056e-05
0.000219801
4.62217e-05
0.000185738
3.75694e-05
0.000156385
3.051e-05
0.000131264
2.47596e-05
0.00010989
2.00814e-05
9.17923e-05
1.62795e-05
7.65328e-05
1.31926e-05
6.37104e-05
1.0688e-05
5.29672e-05
8.65757e-06
4.39876e-05
7.01344e-06
3.64972e-05
5.68543e-06
3.02594e-05
4.61991e-06
2.5072e-05
3.78187e-06
2.07628e-05
3.16353e-06
1.71743e-05
2.80874e-06
1.35447e-05
4.00042e-06
2.95028e-06
3.42058e-06
1.21049e-06
4.68805e-06
3.52278e-06
3.20982e-06
3.53185e-06
1.06337e-06
3.84031e-06
3.10206e-06
3.46715e-06
3.9396e-06
9.34127e-07
3.14561e-06
2.73151e-06
3.7305e-06
4.55029e-06
8.20583e-07
2.57641e-06
2.40516e-06
4.00526e-06
5.33225e-06
7.20834e-07
2.1101e-06
2.11775e-06
4.29517e-06
6.28472e-06
6.33206e-07
1.72811e-06
1.86465e-06
4.60304e-06
7.42383e-06
5.56227e-07
1.41522e-06
1.64177e-06
4.93116e-06
8.77643e-06
4.88604e-07
1.15894e-06
1.4455e-06
5.28156e-06
1.03778e-05
4.29199e-07
9.49051e-07
1.27269e-06
5.65615e-06
1.22713e-05
3.77013e-07
7.77155e-07
1.12051e-06
6.05687e-06
1.45083e-05
3.31167e-07
6.36375e-07
9.86526e-07
6.48565e-06
1.71498e-05
2.90888e-07
5.21074e-07
8.68553e-07
6.94454e-06
2.02672e-05
2.5549e-07
4.26618e-07
7.6468e-07
7.43569e-06
2.3944e-05
2.24361e-07
3.49184e-07
6.73225e-07
7.96137e-06
2.82778e-05
1.96941e-07
2.85572e-07
5.92704e-07
8.52402e-06
3.33819e-05
1.72688e-07
2.32994e-07
5.21811e-07
9.1262e-06
3.93877e-05
1.51014e-07
1.88774e-07
4.59394e-07
9.77069e-06
4.64468e-05
1.3116e-07
1.49779e-07
4.0455e-07
1.04604e-05
5.47332e-05
1.11918e-07
1.11193e-07
3.44983e-07
1.11985e-05
6.44456e-05
9.10362e-08
6.37032e-08
4.8138e-07
3.35457e-07
1.4005e-05
1.95668e-05
7.75615e-06
7.37245e-05
2.13765e-08
3.66255e-07
5.72998e-08
2.65099e-08
3.94472e-07
2.99773e-07
8.51322e-06
2.6789e-05
5.33038e-06
8.22401e-05
2.06577e-08
2.45638e-07
5.03213e-08
7.88965e-09
3.23252e-07
2.67885e-07
5.16951e-06
3.25372e-05
3.78577e-06
9.16527e-05
1.99373e-08
1.64739e-07
4.41928e-08
3.1325e-09
2.64888e-07
2.39388e-07
3.1371e-06
3.82016e-05
2.82231e-06
0.000102059
1.92144e-08
1.10482e-07
3.88106e-08
2.01533e-09
2.17061e-07
2.13922e-07
1.903e-06
4.43686e-05
2.24447e-06
0.000113556
1.8488e-08
7.40943e-08
3.40839e-08
1.86548e-09
1.77868e-07
1.91165e-07
1.15411e-06
5.13336e-05
1.92535e-06
0.000126247
1.77573e-08
4.96906e-08
2.99328e-08
1.98563e-09
1.45752e-07
1.70828e-07
6.99833e-07
5.92924e-05
1.78317e-06
0.000140236
1.7021e-08
3.33243e-08
2.62873e-08
2.19536e-09
1.19434e-07
1.52655e-07
4.2433e-07
6.84132e-05
1.76569e-06
0.000155629
1.62783e-08
2.23484e-08
2.30858e-08
2.44977e-09
9.78679e-08
1.36415e-07
2.57271e-07
7.88644e-05
1.84021e-06
0.000172535
1.55278e-08
1.49876e-08
2.02742e-08
2.73962e-09
8.01958e-08
1.21902e-07
1.55978e-07
9.08245e-05
1.98691e-06
0.000191064
1.47685e-08
1.00512e-08
1.7805e-08
3.06532e-09
6.57147e-08
1.08934e-07
9.45644e-08
0.000104485
2.1946e-06
0.000211323
1.39991e-08
6.74064e-09
1.56365e-08
3.43016e-09
5.38484e-08
9.73446e-08
5.73307e-08
0.000120054
2.45798e-06
0.000233414
1.32183e-08
4.52048e-09
1.37321e-08
3.83853e-09
4.41245e-08
8.69884e-08
3.47571e-08
0.00013775
2.77582e-06
0.000257434
1.24248e-08
3.03158e-09
1.20597e-08
4.29554e-09
3.61559e-08
7.77339e-08
2.10717e-08
0.000157802
3.14992e-06
0.000283465
1.16171e-08
2.03307e-09
1.05909e-08
4.80696e-09
2.96242e-08
6.94639e-08
1.27748e-08
0.000180446
3.58438e-06
0.000311578
1.07937e-08
1.36344e-09
9.30104e-09
5.37928e-09
2.42653e-08
6.20738e-08
7.74481e-09
0.000205915
4.08522e-06
0.000341821
9.9532e-09
9.14364e-10
8.16826e-09
6.01975e-09
1.98521e-08
5.54704e-08
4.69554e-09
0.000234433
4.66018e-06
0.000374219
9.09383e-09
6.13218e-10
7.17344e-09
6.73646e-09
1.6163e-08
4.9571e-08
2.84749e-09
0.000266203
5.31866e-06
0.000408765
8.2139e-09
4.1142e-10
6.29986e-09
7.53851e-09
1.28989e-08
4.43053e-08
1.72915e-09
0.000301393
6.07172e-06
0.000445417
7.3116e-09
2.77712e-10
5.53605e-09
8.43605e-09
9.42448e-09
3.96228e-08
1.05828e-09
0.000340118
6.93223e-06
0.000484094
6.38503e-09
2.04539e-10
5.01624e-09
9.44044e-09
3.45039e-09
1.77836e-09
3.62268e-08
7.23341e-10
0.000319895
0.000170891
8.20911e-06
1.53225e-07
3.03393e-08
1.03163e-08
1.95012e-09
1.68487e-09
3.39116e-08
5.70954e-10
0.000306691
0.000176831
1.00316e-05
1.23461e-07
2.07657e-08
1.10281e-08
1.10616e-09
1.60142e-09
3.17443e-08
4.50733e-10
0.000293904
0.000181803
1.2266e-05
9.94784e-08
1.4295e-08
1.17847e-08
6.32474e-10
1.52963e-09
2.97155e-08
3.55935e-10
0.000281534
0.000186284
1.49995e-05
8.01542e-08
9.92664e-09
1.2591e-08
3.6796e-10
1.47208e-09
2.78164e-08
2.8127e-10
0.000269576
0.00019053
1.8339e-05
6.45838e-08
6.98312e-09
1.34515e-08
2.21974e-10
1.43273e-09
2.60386e-08
2.22612e-10
0.000258026
0.000194681
2.24149e-05
5.20379e-08
5.00553e-09
1.43702e-08
1.43606e-10
1.41761e-09
2.43745e-08
1.768e-10
0.000246879
0.000198814
2.73847e-05
4.1929e-08
3.68314e-09
1.53516e-08
1.04387e-10
1.43578e-09
2.28167e-08
1.41499e-10
0.000236129
0.000202971
3.34377e-05
3.37839e-08
2.80555e-09
1.63998e-08
8.85491e-11
1.50074e-09
2.13585e-08
1.15157e-10
0.000225769
0.000207173
4.08005e-05
2.7221e-08
2.23033e-09
1.75195e-08
8.75611e-11
1.63258e-09
1.99934e-08
9.70608e-11
0.000215792
0.000211434
4.97428e-05
2.1933e-08
1.86107e-09
1.87156e-08
0.00020619
0.00021576
6.05828e-05
1.76723e-08
0.000196955
0.000220157
7.36931e-05
1.42392e-08
0.000188077
0.000224626
8.9505e-05
1.14731e-08
0.000179545
0.000229169
0.000108511
9.24428e-09
0.000171344
0.000233788
0.000131262
7.44845e-09
0.000163443
0.000238484
0.000158362
6.00149e-09
0.000155772
0.000243256
0.000190448
4.83562e-09
0.000148135
0.000248107
0.000228167
3.89634e-09
0.000139957
0.000253036
0.000272127
3.14313e-09
0.00012951
0.000258043
0.000322837
2.66178e-09
0.000318475
5.83396e-05
0.000291272
3.79151e-05
0.000265904
2.56177e-05
0.000242335
1.85794e-05
0.000220508
1.5004e-05
0.000200359
1.38083e-05
0.000181811
1.43792e-05
0.000164779
1.64174e-05
0.000149179
1.98423e-05
0.000134919
2.47371e-05
0.00012191
3.13216e-05
0.000110063
3.99422e-05
9.92928e-05
5.10743e-05
8.95148e-05
6.53324e-05
8.06495e-05
8.34829e-05
7.26215e-05
0.000106455
6.53593e-05
0.000135345
5.87963e-05
0.000171399
5.28729e-05
0.000215966
4.74725e-05
0.000270401
4.17875e-05
3.60163e-05
3.1027e-05
2.67176e-05
2.29983e-05
1.97906e-05
1.70256e-05
1.46435e-05
1.25922e-05
1.08264e-05
9.30681e-06
7.99948e-06
6.87504e-06
5.9081e-06
5.07673e-06
4.36211e-06
3.74749e-06
3.22136e-06
2.75756e-06
2.42353e-06
END_LIST
