BEGIN_LIST
0.00091575
0.000895861
0.000875582
0.000854946
0.00083399
0.000812756
0.000791283
0.000769616
0.000747799
0.000725877
0.000703897
0.000681902
0.000659937
0.000638034
0.000616211
0.000594432
0.000572534
0.00055
0.000525376
0.000494651
0.000360123
0.000921999
0.000304091
0.000857834
0.000254981
0.000790426
0.000212519
0.000721135
0.000176224
0.000651442
0.000145499
0.000582819
0.000119699
0.000516611
9.8179e-05
0.000453949
8.03287e-05
0.000395682
6.55898e-05
0.000342372
5.34657e-05
0.000294299
4.35233e-05
0.000251502
3.5391e-05
0.000213829
2.87543e-05
0.000180992
2.33505e-05
0.000152611
1.89648e-05
0.000128258
1.54289e-05
0.00010749
1.2629e-05
8.98699e-05
1.05309e-05
7.49316e-05
9.25139e-06
5.95151e-05
1.30574e-05
9.61017e-06
1.11553e-05
5.408e-06
2.08578e-05
1.15079e-05
1.0412e-05
1.14949e-05
4.75386e-06
1.71171e-05
1.01411e-05
1.12192e-05
1.28018e-05
4.17864e-06
1.40418e-05
8.9356e-06
1.20527e-05
1.4766e-05
3.67287e-06
1.15152e-05
7.87267e-06
1.29267e-05
1.72798e-05
3.2282e-06
9.44077e-06
6.9356e-06
1.3851e-05
2.03359e-05
2.83727e-06
7.73834e-06
6.10962e-06
1.48336e-05
2.39808e-05
2.4936e-06
6.34177e-06
5.38165e-06
1.58808e-05
2.8294e-05
2.19151e-06
5.19648e-06
4.74015e-06
1.69986e-05
3.33795e-05
1.92597e-06
4.2575e-06
4.1749e-06
1.81927e-05
3.93629e-05
1.69257e-06
3.48784e-06
3.6769e-06
1.94687e-05
4.63913e-05
1.4874e-06
2.85705e-06
3.23817e-06
2.08325e-05
5.4634e-05
1.30706e-06
2.34011e-06
2.85169e-06
2.22901e-05
6.42839e-05
1.14848e-06
1.91642e-06
2.51126e-06
2.3848e-05
7.5559e-05
1.00897e-06
1.56893e-06
2.21141e-06
2.55129e-05
8.87023e-05
8.86014e-07
1.28336e-06
1.94732e-06
2.7292e-05
0.000103982
7.77207e-07
1.04724e-06
1.71473e-06
2.91928e-05
0.000121689
6.79921e-07
8.48587e-07
1.50989e-06
3.12233e-05
0.000142135
5.90751e-07
6.73315e-07
1.32986e-06
3.33919e-05
0.000165642
5.04272e-07
4.99754e-07
1.13424e-06
3.57077e-05
0.000192533
4.10352e-07
2.85926e-07
1.58269e-06
1.10305e-06
4.45924e-05
6.19358e-05
2.47602e-05
0.000217603
9.63918e-08
1.65089e-06
2.56468e-07
1.18128e-07
1.29718e-06
9.85821e-07
2.72976e-05
8.42115e-05
1.69744e-05
0.000240049
9.31577e-08
1.10759e-06
2.25245e-07
3.40529e-08
1.06313e-06
8.81042e-07
1.66481e-05
0.000101597
1.19839e-05
0.000264281
8.99156e-08
7.43011e-07
1.97822e-07
1.24329e-08
8.71292e-07
7.87394e-07
1.01301e-05
0.000118406
8.84726e-06
0.000290383
8.66612e-08
4.98403e-07
1.73737e-07
7.19652e-09
7.14055e-07
7.03696e-07
6.15538e-06
0.000136366
6.94383e-06
0.000318412
8.33902e-08
3.34307e-07
1.52585e-07
6.29605e-09
5.85183e-07
6.28891e-07
3.73705e-06
0.000156258
5.86784e-06
0.000348395
8.00982e-08
2.24231e-07
1.34007e-07
6.5857e-09
4.79563e-07
5.62035e-07
2.26767e-06
0.000178508
5.35603e-06
0.000380329
7.67806e-08
1.50397e-07
1.17691e-07
7.24919e-09
3.93003e-07
5.02284e-07
1.3756e-06
0.000203402
5.23942e-06
0.000414181
7.34324e-08
1.00873e-07
1.03362e-07
8.08041e-09
3.22063e-07
4.48883e-07
8.34305e-07
0.000231164
5.41139e-06
0.000449877
7.00485e-08
6.7656e-08
9.07771e-08
9.03377e-09
2.63926e-07
4.01159e-07
5.05949e-07
0.000261972
5.80662e-06
0.000487308
6.66237e-08
4.53769e-08
7.97244e-08
1.01067e-08
2.16282e-07
3.58507e-07
3.06802e-07
0.000295958
6.38743e-06
0.000526321
6.31524e-08
3.04342e-08
7.00174e-08
1.13088e-08
1.77238e-07
3.20389e-07
1.86034e-07
0.000333199
7.13484e-06
0.000566723
5.96288e-08
2.04121e-08
6.14923e-08
1.26544e-08
1.45241e-07
2.86323e-07
1.12801e-07
0.000373702
8.04282e-06
0.000608282
5.60468e-08
1.36903e-08
5.40051e-08
1.41603e-08
1.19018e-07
2.55879e-07
6.83959e-08
0.000417388
9.11472e-06
0.000650726
5.24e-08
9.18199e-09
4.74295e-08
1.58454e-08
9.75219e-08
2.28671e-07
4.14708e-08
0.000464081
1.03609e-05
0.000693752
4.86817e-08
6.1583e-09
4.16545e-08
1.7731e-08
7.98849e-08
2.04356e-07
2.51452e-08
0.000513497
1.17976e-05
0.000737032
4.4885e-08
4.13033e-09
3.65827e-08
1.9841e-08
6.53603e-08
1.82628e-07
1.5247e-08
0.000565239
1.34458e-05
0.000780219
4.10024e-08
2.77026e-09
3.21284e-08
2.22021e-08
5.32203e-08
1.63215e-07
9.24734e-09
0.000618802
1.53312e-05
0.000822963
3.70261e-08
1.85879e-09
2.82167e-08
2.48442e-08
4.24849e-08
1.45886e-07
5.61617e-09
0.000673584
1.74843e-05
0.000864914
3.29482e-08
1.25482e-09
2.47966e-08
2.78007e-08
3.10789e-08
1.30475e-07
3.43764e-09
0.000728906
1.99402e-05
0.00090574
2.876e-08
9.24265e-10
2.24689e-08
3.1109e-08
1.13945e-08
5.87785e-09
1.19299e-07
2.34989e-09
0.000692201
0.000406039
2.35751e-05
6.89867e-07
1.36491e-07
3.39937e-08
6.44018e-09
5.58122e-09
1.11678e-07
1.85495e-09
0.000673574
0.000416569
2.8745e-05
5.5592e-07
9.31689e-08
3.63381e-08
3.65291e-09
5.32268e-09
1.04544e-07
1.46446e-09
0.000654981
0.000425492
3.50537e-05
4.47973e-07
6.38682e-08
3.88297e-08
2.08829e-09
5.10997e-09
9.78661e-08
1.15654e-09
0.00063645
0.000433577
4.27272e-05
3.60982e-07
4.40681e-08
4.14851e-08
1.21441e-09
4.95515e-09
9.16145e-08
9.14002e-10
0.000618008
0.000441239
5.20368e-05
2.90881e-07
3.07061e-08
4.43188e-08
7.31921e-10
4.87656e-09
8.57622e-08
7.2347e-10
0.000599683
0.000448699
6.33033e-05
2.34391e-07
2.17082e-08
4.73445e-08
4.72682e-10
4.90182e-09
8.02838e-08
5.74679e-10
0.000581499
0.000456078
7.69001e-05
1.8887e-07
1.56694e-08
5.05759e-08
3.42648e-10
5.07223e-09
7.51553e-08
4.60068e-10
0.000563481
0.000463439
9.32552e-05
1.52189e-07
1.16384e-08
5.40275e-08
2.89722e-10
5.44922e-09
7.03544e-08
3.74625e-10
0.000545654
0.000470818
0.000112851
1.22631e-07
8.97111e-09
5.77145e-08
2.85686e-10
6.12393e-09
6.58602e-08
3.16089e-10
0.000528038
0.000478232
0.000136221
9.88138e-08
7.23133e-09
6.1653e-08
0.000510657
0.000485689
0.000163932
7.96219e-08
0.000493529
0.000493195
0.000196571
6.41574e-08
0.000476671
0.000500751
0.000234705
5.16964e-08
0.000460096
0.000508356
0.000278833
4.16555e-08
0.000443803
0.00051601
0.000329325
3.35649e-08
0.000427761
0.000523711
0.000386343
2.70456e-08
0.000411843
0.00053146
0.000449754
2.17925e-08
0.000395635
0.000539252
0.000519051
1.75602e-08
0.000377859
0.000547088
0.000593294
1.41662e-08
0.000354585
0.000554964
0.000671097
1.19971e-08
0.000758024
0.000169478
0.000718969
0.000111889
0.000679749
7.59475e-05
0.000640627
5.47651e-05
0.000601865
4.35771e-05
0.000563708
3.93235e-05
0.000526386
4.01818e-05
0.000490107
4.51948e-05
0.000455051
5.40112e-05
0.000421368
6.67187e-05
0.000389181
8.37408e-05
0.000358581
0.000105771
0.000329631
0.000133726
0.000302367
0.000168695
0.0002768
0.000211867
0.000252919
0.000264418
0.000230696
0.000327339
0.000210086
0.000401199
0.000191041
0.00048585
0.000173302
0.000580128
0.000154211
0.000134404
0.000116918
0.000101536
8.80473e-05
7.62528e-05
6.59641e-05
5.7008e-05
4.92261e-05
4.24753e-05
3.6627e-05
3.15665e-05
2.71922e-05
2.34145e-05
2.01544e-05
1.73432e-05
1.49187e-05
1.28384e-05
1.10007e-05
9.67513e-06
END_LIST
