BEGIN_LIST
0.000353049
0.000335993
0.000319571
0.000303777
0.000288606
0.000274049
0.000260096
0.000246737
0.000233957
0.000221743
0.000210079
0.00019895
0.000188338
0.000178222
0.000168574
0.000159347
0.000150447
0.000141647
0.000132368
0.000121085
8.21053e-05
0.000275642
6.69177e-05
0.000233708
5.4463e-05
0.000197332
4.42757e-05
0.000166028
3.59604e-05
0.00013927
2.91847e-05
0.000116528
2.36711e-05
9.7291e-05
1.91896e-05
8.10838e-05
1.55502e-05
6.74751e-05
1.25969e-05
5.60799e-05
1.02019e-05
4.65605e-05
8.26051e-06
3.86233e-05
6.68762e-06
3.2016e-05
5.41399e-06
2.65231e-05
4.3837e-06
2.19617e-05
3.55227e-06
1.81772e-05
2.88587e-06
1.50397e-05
2.36259e-06
1.24401e-05
1.97813e-06
1.028e-05
1.7615e-06
8.09963e-06
2.51484e-06
1.85578e-06
2.15127e-06
7.22253e-07
2.79884e-06
2.21415e-06
2.02112e-06
2.22298e-06
6.34244e-07
2.29211e-06
1.94938e-06
2.18448e-06
2.48089e-06
5.56955e-07
1.87704e-06
1.71624e-06
2.35131e-06
2.86653e-06
4.89081e-07
1.53708e-06
1.51096e-06
2.52516e-06
3.36022e-06
4.29477e-07
1.25866e-06
1.33022e-06
2.70848e-06
3.96172e-06
3.77135e-07
1.03064e-06
1.17108e-06
2.90311e-06
4.68142e-06
3.31171e-07
8.43915e-07
1.03097e-06
3.11054e-06
5.53653e-06
2.90807e-07
6.91008e-07
9.07616e-07
3.33206e-06
6.54968e-06
2.55362e-07
5.65798e-07
7.99015e-07
3.56893e-06
7.74864e-06
2.24235e-07
4.63269e-07
7.03403e-07
3.82235e-06
9.16661e-06
1.969e-07
3.79312e-07
6.19229e-07
4.09359e-06
1.0843e-05
1.72892e-07
3.10558e-07
5.45124e-07
4.38395e-06
1.28241e-05
1.51801e-07
2.5424e-07
4.79886e-07
4.69481e-06
1.51646e-05
1.3326e-07
2.08077e-07
4.22453e-07
5.02762e-06
1.79287e-05
1.16934e-07
1.70157e-07
3.71893e-07
5.38394e-06
2.11914e-05
1.02499e-07
1.38819e-07
3.27382e-07
5.76543e-06
2.50407e-05
8.96043e-08
1.12465e-07
2.88198e-07
6.17387e-06
2.95792e-05
7.77978e-08
8.92291e-08
2.53771e-07
6.61113e-06
3.49264e-05
6.6362e-08
6.62424e-08
2.16387e-07
7.07925e-06
4.12208e-05
5.39592e-08
3.79595e-08
3.01927e-07
2.10398e-07
8.85538e-06
1.23852e-05
4.90242e-06
4.72607e-05
1.26664e-08
2.17033e-07
3.41606e-08
1.58178e-08
2.47403e-07
1.88007e-07
5.37617e-06
1.69771e-05
3.37089e-06
5.28284e-05
1.22393e-08
1.45541e-07
2.99992e-08
4.73517e-09
2.02724e-07
1.67999e-07
3.26196e-06
2.06445e-05
2.39695e-06
5.90092e-05
1.18113e-08
9.75978e-08
2.63448e-08
1.90738e-09
1.66114e-07
1.5012e-07
1.97846e-06
2.42705e-05
1.79039e-06
6.58752e-05
1.13821e-08
6.54473e-08
2.31355e-08
1.24735e-09
1.36114e-07
1.34143e-07
1.19972e-06
2.82313e-05
1.42751e-06
7.3502e-05
1.09509e-08
4.38875e-08
2.03172e-08
1.16385e-09
1.11532e-07
1.19867e-07
7.27402e-07
3.27199e-05
1.22813e-06
8.19703e-05
1.05172e-08
2.94299e-08
1.78422e-08
1.24178e-09
9.13895e-08
1.0711e-07
4.40996e-07
3.78684e-05
1.14064e-06
9.1366e-05
1.00803e-08
1.97349e-08
1.56687e-08
1.37381e-09
7.48844e-08
9.57106e-08
2.67346e-07
4.37941e-05
1.13212e-06
0.000101781
9.63977e-09
1.32337e-08
1.37599e-08
1.53329e-09
6.13601e-08
8.55243e-08
1.62069e-07
5.06174e-05
1.18197e-06
0.000113312
9.19475e-09
8.87414e-09
1.20837e-08
1.71484e-09
5.02782e-08
7.64221e-08
9.82464e-08
5.84698e-05
1.27776e-06
0.000126064
8.7446e-09
5.95074e-09
1.06117e-08
1.91881e-09
4.11977e-08
6.82886e-08
5.95566e-08
6.74971e-05
1.4125e-06
0.000140145
8.28857e-09
3.99039e-09
9.31898e-09
2.14729e-09
3.37571e-08
6.10207e-08
3.61027e-08
7.78614e-05
1.58291e-06
0.000155667
7.82591e-09
2.67584e-09
8.18375e-09
2.40303e-09
2.76602e-08
5.45263e-08
2.18851e-08
8.9742e-05
1.78833e-06
0.000172749
7.3558e-09
1.79434e-09
7.18682e-09
2.68926e-09
2.26641e-08
4.87231e-08
1.32665e-08
0.000103336
2.02999e-06
0.000191509
6.8774e-09
1.20323e-09
6.31132e-09
3.00958e-09
1.8569e-08
4.35375e-08
8.04202e-09
0.000118859
2.3106e-06
0.000212066
6.38984e-09
8.06851e-10
5.54248e-09
3.36805e-09
1.52093e-08
3.89038e-08
4.87502e-09
0.00013654
2.63411e-06
0.000234537
5.89217e-09
5.41051e-10
4.8673e-09
3.76923e-09
1.24427e-08
3.47636e-08
2.95532e-09
0.000156625
3.00556e-06
0.000259032
5.38344e-09
3.62823e-10
4.27437e-09
4.21818e-09
1.013e-08
3.1065e-08
1.79199e-09
0.000179368
3.43109e-06
0.000285653
4.86261e-09
2.43403e-10
3.75371e-09
4.72061e-09
8.08354e-09
2.77638e-08
1.08808e-09
0.000205028
3.91791e-06
0.00031449
4.32861e-09
1.64284e-10
3.2985e-09
5.28289e-09
5.90461e-09
2.48284e-08
6.65857e-10
0.000233858
4.47441e-06
0.000345611
3.78032e-09
1.20988e-10
2.98871e-09
5.91214e-09
2.16105e-09
1.11366e-09
2.26996e-08
4.55081e-10
0.000219546
0.000114917
5.30066e-06
9.07227e-08
1.79665e-08
6.46086e-09
1.22135e-09
1.05468e-09
2.12483e-08
3.5919e-10
0.00020966
0.000119168
6.48084e-06
7.30964e-08
1.23035e-08
6.90685e-09
6.92767e-10
1.00186e-09
1.98898e-08
2.83543e-10
0.000200161
0.00012272
7.92922e-06
5.88947e-08
8.47667e-09
7.38087e-09
3.96107e-10
9.56141e-10
1.86182e-08
2.23896e-10
0.00019104
0.000125918
9.70319e-06
4.7452e-08
5.89393e-09
7.88609e-09
2.30462e-10
9.19028e-10
1.74278e-08
1.76919e-10
0.000182287
0.000128951
1.18736e-05
3.82325e-08
4.15428e-09
8.42526e-09
1.39056e-10
8.92858e-10
1.63135e-08
1.40014e-10
0.000173891
0.00013192
1.45271e-05
3.08043e-08
2.98617e-09
9.00098e-09
9.00014e-11
8.81185e-10
1.52705e-08
1.11191e-10
0.000165842
0.000134882
1.77693e-05
2.48193e-08
2.20575e-09
9.61589e-09
6.54677e-11
8.8935e-10
1.42942e-08
8.89797e-11
0.000158129
0.000137866
2.1728e-05
1.99971e-08
1.68854e-09
1.02727e-08
5.55826e-11
9.25334e-10
1.33803e-08
7.24011e-11
0.000150741
0.00014089
2.6558e-05
1.61118e-08
1.35029e-09
1.09744e-08
5.50045e-11
1.001e-09
1.25248e-08
6.10045e-11
0.000143668
0.000143963
3.24456e-05
1.29814e-08
1.13396e-09
1.1724e-08
0.000136899
0.000147091
3.96144e-05
1.04592e-08
0.000130424
0.000150277
4.83312e-05
8.427e-09
0.000124231
0.000153525
5.89129e-05
6.78968e-09
0.000118309
0.000156835
7.17323e-05
5.47048e-09
0.000112644
0.000160208
8.72246e-05
4.4076e-09
0.000107212
0.000163647
0.000105891
3.55122e-09
0.000101961
0.000167151
0.000128299
2.86124e-09
9.67573e-05
0.000170723
0.00015508
2.30538e-09
9.12109e-05
0.000174362
0.000186916
1.85965e-09
8.4157e-05
0.00017807
0.000224516
1.5748e-09
0.000212393
3.74937e-05
0.000192633
2.43017e-05
0.000174506
1.64123e-05
0.000157915
1.19236e-05
0.000142762
9.6639e-06
0.000128948
8.93432e-06
0.000116377
9.34327e-06
0.000104955
1.07029e-05
9.45914e-05
1.29676e-05
8.52002e-05
1.61989e-05
7.67e-05
2.05496e-05
6.90142e-05
2.62595e-05
6.20713e-05
3.36602e-05
5.58047e-05
4.31865e-05
5.01529e-05
5.53924e-05
4.50591e-05
7.09708e-05
4.04709e-05
9.07727e-05
3.63404e-05
0.000115824
3.26255e-05
0.000147328
2.9249e-05
0.000186657
2.57059e-05
2.21202e-05
1.90295e-05
1.63668e-05
1.40738e-05
1.21e-05
1.04014e-05
8.94015e-06
7.68331e-06
6.60253e-06
5.67332e-06
4.87453e-06
4.18796e-06
3.59791e-06
3.09084e-06
2.65518e-06
2.28062e-06
1.9601e-06
1.67764e-06
1.47425e-06
END_LIST
