time,branch0,branch1,branch2,branch3,branch4,branch5,branch6,branch7,branch8,branch9,branch10,branch11,branch12,branch13,branch14,branch15,branch16,branch17,branch18,branch19,branch20,branch21,branch22,branch23,branch24,branch25,branch26,branch27,
0,211315,98029,195435,131134,97198.8,58784.7,26543.4,36276.9,120788,110943,52586,130006,49152.7,174014,183702,185269,210038,210729,28887.9,28232,30032,23411.2,204309,190153,143007,22815.5,26533.9,57522.5,
1,212155,103259,201479,137429,103654,64434,29610.5,39538.2,129078,114996,56010.7,133059,52788,177830,189702,189747,211669,211794,32817.1,31747.8,33699.3,26295.9,207626,191716,147131,25079.1,29854.6,63111,
2,212159,104589,201720,137799,104639,65483.6,30424.2,40539.4,129896,116335,57314.4,134381,53727,178446,190131,190134,211687,211811,33680,32592.8,34537.4,27052.3,207696,192017,147896,25505.1,30568.2,64152.3,
3,212159,105816,201843,137999,105414,66314.4,31140.9,41474.1,130260,117631,58586.9,135680,54580.9,179021,190465,190467,211697,211823,34361.2,33296.1,35228.5,27703.4,207715,192308,148609,25827.3,31133.7,64974.6,
4,212160,107045,201961,138192,106181,67143.4,31867.9,42423.6,130598,118929,59877.8,136975,55444.6,179588,190794,190797,211706,211834,35045.8,34005.7,35925.2,28362.8,207732,192595,149316,26150.5,31701.9,65795.2,
5,212160,108276,202076,138386,106950,67979.8,32608.8,43390.3,130934,120228,61187.8,138265,56321.1,180148,191120,191123,211715,211846,35742.1,34728.1,36633.9,29035.5,207749,192878,150020,26480.3,32280.2,66623.2,
6,212161,109511,202188,138579,107719,68823.8,33364,44374.1,131271,121528,62516.7,139550,57210.5,180701,191443,191446,211723,211857,36450.7,35463.5,37354.9,29721.7,207766,193159,150719,26816.8,32868.9,67459.1,
7,212161,110748,202298,138772,108489,69675.5,34133.4,45375.1,131608,122829,63864.2,140829,58113.1,181246,191763,191766,211732,211868,37171.6,36212,38088.3,30421.6,207782,193435,151414,27160.5,33468.2,68302.8,
8,212162,111988,202406,138965,109260,70534.9,34917.2,46393.3,131947,124131,65230.1,142103,59028.6,181785,192080,192083,211741,211879,37904.9,36973.8,38834.3,31135.3,207799,193709,152104,27511.3,34078.3,69154.3,
9,212162,113230,202511,139158,110032,71401.8,35715.4,47428.6,132285,125432,66614,143370,59957.3,182315,192393,192396,211749,211890,38650.7,37748.9,39592.9,31862.9,207816,193979,152790,27869.5,34699.3,70013.6,
10,212162,114473,202614,139352,110805,72276.3,36528.1,48481.1,132625,126734,68015.8,144630,60898.9,182839,192703,192706,211758,211900,39409,38537.2,40364,32604.4,207832,194246,153471,28235.1,35331.4,70880.7,
11,212163,115718,202715,139545,111578,73158.4,37355.3,49550.6,132964,128034,69435,145883,61853.6,183355,193010,193012,211766,211910,40180,39339,41147.9,33360,207849,194509,154149,28608.5,35974.7,71755.5,
12,212163,116964,202814,139739,112353,74047.8,38196.9,50637.1,133305,129333,70871.3,147128,62821.3,183864,193313,193315,211775,211920,40963.5,40154.1,41944.4,34129.8,207865,194769,154821,28989.8,36629.4,72638,
13,212164,118211,202911,139934,113128,74944.7,39053.1,51740.5,133645,130630,72324.2,148365,63802,184366,193613,193615,211783,211930,41759.7,40982.6,42753.8,34913.7,207882,195026,155489,29379.1,37295.6,73528.1,
14,212164,119457,203005,140129,113904,75849,39923.9,52860.6,133987,131925,73793.4,149593,64795.6,184861,193909,193912,211791,211939,42568.6,41824.6,43575.8,35712,207898,195280,156152,29776.6,37973.4,74425.8,
15,212165,120704,203098,140325,114680,76760.5,40809.1,53997.5,134328,133217,75278.4,150812,65802,185349,194202,194205,211799,211948,43390.2,42679.9,44410.7,36524.5,207915,195530,156811,30182.4,38663,75331,
16,212165,121950,203188,140522,115457,77679.2,41708.7,55150.8,134671,134506,76778.7,152022,66821.1,185829,194492,194495,211807,211958,44224.6,43548.6,45258.4,37351.4,207931,195777,157465,30596.9,39364.4,76243.6,
17,212165,123195,203277,140719,116234,78605,42622.8,56320.4,135013,135791,78293.9,153222,67852.9,186303,194778,194781,211815,211966,45071.6,44430.8,46118.8,38192.7,207947,196021,158114,31020.1,40077.9,77163.7,
18,212166,124438,203364,140918,117012,79537.8,43551.3,57506.2,135356,137072,79823.3,154411,68897.2,186769,195061,195064,211823,211975,45931.3,45326.2,46992,39048.5,207963,196262,158759,31452.2,40803.5,78091.1,
19,212166,125680,203449,141118,117790,80477.6,44494.1,58707.8,135700,138349,81366.5,155590,69953.9,187229,195341,195343,211830,211983,46803.7,46235,47877.9,39918.6,207979,196500,159398,31893.5,41541.5,79025.7,
20,212167,126920,203532,141318,118568,81424.2,45451,59925.2,136043,139621,82922.9,156758,71022.9,187681,195617,195619,211838,211992,47688.8,47156.9,48776.5,40803.1,207995,196735,160033,32344,42291.8,79967.5,
21,212167,128158,203614,141520,119346,82377.6,46422.1,61158,136388,140887,84491.9,157915,72103.9,188127,195890,195892,211845,212000,48586.4,48092,49687.8,41702,208011,196967,160663,32804.1,43054.6,80916.3,
22,212168,129392,203693,141724,120125,83337.5,47407.2,62405.9,136732,142147,86072.8,159060,73196.9,188566,196159,196161,211853,212008,49496.6,49040.2,50611.6,42615.3,208027,197195,161289,33273.8,43830,81872.1,
23,212168,130624,203772,141929,120904,84304,48406.1,63668.7,137077,143401,87665,160192,74301.7,188998,196425,196427,211860,212015,50419.3,50001.3,51548,43542.9,208043,197421,161909,33753.4,44618.1,82834.8,
24,212169,131852,203849,142135,121683,85276.9,49418.7,64946,137422,144649,89267.8,161313,75417.9,189423,196687,196689,211867,212023,51354.3,50975.3,52496.7,44484.8,208059,197644,162524,34243.1,45419,83804.2,
25,212169,133075,203924,142343,122461,86256,50444.9,66237.5,137767,145889,90880.6,162421,76545.5,189841,196946,196949,211874,212030,52301.6,51962,53457.8,45440.9,208075,197863,163135,34743,46232.8,84780.3,
26,212169,134295,203998,142553,123240,87241.2,51484.4,67542.8,138113,147121,92502.6,163515,77684.2,190253,197202,197204,211881,212037,53261.2,52961.3,54431,46411.1,208091,198080,163740,35253.3,47059.6,85762.9,
27,212170,135510,204070,142765,124018,88232.4,52537.1,68861.6,138459,148346,94133.1,164597,78833.7,190659,197454,197457,211888,212044,54232.8,53973,55416.3,47395.3,208106,198294,164341,35774.3,47899.5,86751.8,
28,212170,136719,204141,142979,124796,89229.4,53602.8,70193.4,138805,149562,95771.4,165665,79993.8,191057,197703,197705,211895,212051,55216.3,54996.9,56413.6,48393.4,208122,198505,164937,36306.2,48752.5,87747.1,
29,212171,137923,204210,143194,125574,90232,54681.2,71537.9,139151,150769,97416.7,166720,81164.1,191450,197949,197951,211902,212057,56211.6,56033,57422.7,49405.4,208138,198714,165527,36849,49618.7,88748.4,
30,212171,139121,204279,143412,126351,91240.1,55772.1,72894.5,139497,151967,99068.2,167760,82344.5,191836,198191,198193,211908,212064,57218.6,57080.9,58443.4,50430.9,208153,198919,166113,37403.1,50498.1,89755.6,
31,212172,140313,204346,143633,127127,92253.6,56875.2,74262.9,139843,153155,100725,168786,83534.5,192215,198430,198432,211915,212070,58237.1,58140.5,59475.5,51470,208169,199122,166694,37968.6,51390.8,90768.7,
32,212172,141498,204412,143855,127903,93272.2,57990.3,75642.5,140190,154333,102387,169798,84733.8,192589,198666,198668,211921,212076,59266.8,59211.5,60518.9,52522.5,208184,199322,167269,38545.6,52296.9,91787.4,
33,212172,142677,204476,144081,128679,94295.7,59117,77032.9,140536,155501,104052,170796,85942.2,192956,198898,198900,211928,212082,60307.6,60293.7,61573.4,53588.1,208200,199519,167840,39134.5,53216.3,92811.5,
34,212173,143848,204540,144308,129453,95324,60255.1,78433.5,140883,156658,105721,171779,87159.2,193317,199127,199129,211934,212088,61359.4,61387,62638.6,54666.6,208215,199714,168406,39735.4,54149.1,93840.9,
35,212173,145011,204602,144539,130227,96356.9,61404.3,79843.7,141229,157804,107391,172746,88384.5,193672,199353,199355,211940,212094,62421.8,62490.9,63714.6,55758,208231,199906,168966,40348.4,55095.3,94875.5,
36,212174,146166,204663,144772,130999,97394.1,62564.2,81263.2,141576,158939,109063,173699,89617.8,194021,199576,199578,211946,212099,63494.6,63605.2,64800.8,56861.9,208246,200095,169522,40973.8,56054.8,95914.9,
37,212174,147314,204724,145008,131771,98435.5,63734.4,82691.2,141922,160061,110735,174637,90858.5,194364,199795,199797,211952,212105,64577.7,64729.7,65897.2,57978.1,208261,200282,170072,41611.7,57027.8,96959,
38,212175,148452,204783,145247,132541,99480.8,64914.7,84127.2,142268,161172,112407,175560,92106.3,194701,200011,200013,211958,212110,65670.7,65864.1,67003.5,59106.4,208277,200466,170617,42262.3,58014.1,98007.6,
39,212175,149581,204841,145490,133310,100530,66104.5,85570.7,142614,162271,114078,176467,93360.8,195032,200224,200226,211964,212115,66773.3,67007.9,68119.3,60246.5,208292,200647,171158,42925.8,59013.7,99060.5,
40,212176,150702,204898,145735,134078,101582,67303.7,87020.9,142960,163356,115747,177359,94621.6,195358,200434,200436,211970,212120,67885.4,68161,69244.4,61398.1,208307,200826,171693,43602.4,60026.6,100117,
41,212176,151812,204955,145984,134844,102638,68511.7,88477.4,143306,164429,117413,178236,95888.2,195678,200641,200643,211976,212125,69006.5,69322.9,70378.5,62561,208322,201003,172223,44292.2,61052.7,101178,
42,212176,152913,205010,146236,135609,103697,69728.1,89939.4,143652,165489,119075,179097,97160.1,195992,200845,200846,211981,212129,70136.5,70493.4,71521.3,63734.9,208337,201177,172748,44995.4,62091.9,102243,
43,212177,154004,205065,146491,136371,104758,70952.5,91406.3,143997,166536,120732,179942,98436.9,196301,201045,201047,211987,212134,71274.9,71672,72672.4,64919.3,208352,201348,173268,45712.1,63144.2,103310,
44,212177,155084,205119,146751,137132,105822,72184.6,92877.6,144342,167569,122384,180773,99718.2,196605,201243,201244,211992,212138,72421.5,72858.4,73831.5,66114.1,208367,201518,173783,46442.6,64209.5,104381,
45,212178,156154,205172,147014,137892,106888,73423.8,94352.4,144686,168588,124030,181587,101003,196903,201437,201439,211997,212143,73575.9,74052.2,74998.3,67318.9,208382,201684,174293,47186.9,65287.6,105455,
46,212178,157213,205224,147280,138649,107956,74669.7,95830.3,145031,169593,125669,182387,102292,197195,201629,201630,212003,212147,74737.7,75253.1,76172.4,68533.3,208397,201849,174798,47945.3,66378.4,106531,
47,212179,158260,205276,147551,139404,109026,75921.8,97310.5,145374,170584,127300,183170,103584,197483,201817,201819,212008,212151,75906.7,76460.6,77353.5,69757,208412,202011,175298,48717.7,67481.8,107610,
48,212179,159296,205327,147826,140157,110097,77179.7,98792.3,145718,171560,128923,183939,104878,197766,202003,202005,212013,212155,77082.5,77674.3,78541.1,70989.6,208427,202171,175793,49504.5,68597.7,108691,
49,212179,160321,205377,148104,140907,111169,78443,100275,146060,172522,130536,184692,106174,198043,202186,202187,212018,212159,78264.6,78893.9,79734.9,72230.7,208442,202328,176283,50305.6,69725.8,109773,
50,212180,161334,205427,148387,141655,112242,79711.1,101758,146403,173470,132139,185430,107472,198315,202366,202367,212023,212163,79452.7,80118.9,80934.5,73479.9,208456,202483,176768,51121.2,70866,110857,
51,212180,162335,205476,148674,142401,113316,80983.5,103241,146744,174402,133732,186152,108771,198583,202543,202544,212028,212166,80646.5,81348.9,82139.6,74736.9,208471,202636,177248,51951.5,72018,111943,
52,212181,163324,205524,148966,143143,114390,82259.8,104723,147085,175320,135312,186860,110070,198845,202717,202719,212033,212170,81845.4,82583.4,83349.6,76001.2,208486,202787,177723,52796.4,73181.8,113029,
53,212181,164300,205572,149262,143883,115464,83539.5,106203,147426,176223,136881,187552,111369,199103,202888,202890,212037,212173,83049.2,83822.1,84564.2,77272.5,208501,202936,178192,53656.2,74357,114116,
54,212182,165264,205619,149562,144621,116538,84822,107681,147765,177111,138436,188230,112668,199357,203057,203059,212042,212177,84257.5,85064.5,85783,78550.3,208515,203082,178657,54530.8,75543.3,115203,
55,212182,166215,205666,149867,145355,117611,86107,109155,148104,177984,139978,188893,113966,199605,203223,203225,212046,212180,85469.7,86310.1,87005.6,79834.1,208530,203227,179117,55420.3,76740.7,116291,
56,212182,167154,205712,150176,146086,118683,87393.9,110626,148442,178842,141506,189541,115262,199849,203386,203388,212051,212183,86685.5,87558.5,88231.5,81123.6,208544,203369,179573,56324.9,77948.7,117378,
57,212183,168080,205758,150491,146813,119754,88682.2,112093,148780,179684,143019,190175,116556,200089,203547,203548,212055,212186,87904.6,88809.4,89460.3,82418.3,208559,203509,180023,57244.5,79167.1,118465,
58,212183,168992,205803,150810,147538,120824,89971.4,113555,149116,180512,144516,190794,117847,200324,203705,203706,212060,212189,89126.3,90062.1,90691.6,83717.8,208573,203647,180468,58179.1,80395.5,119550,
59,212184,169892,205848,151134,148259,121892,91261.1,115012,149452,181324,145998,191399,119136,200554,203861,203862,212064,212192,90350.4,91316.4,91924.9,85021.6,208588,203783,180909,59128.8,81633.8,120635,
60,212184,170778,205892,151463,148976,122957,92550.7,116462,149787,182121,147463,191991,120421,200781,204013,204015,212068,212195,91576.5,92571.7,93159.9,86329.3,208602,203918,181344,60093.7,82881.5,121719,
61,212184,171651,205936,151797,149690,124021,93839.8,117905,150120,182903,148912,192568,121702,201003,204164,204165,212072,212198,92804,93827.6,94396.1,87640.4,208616,204050,181775,61073.6,84138.2,122800,
62,212185,172511,205979,152136,150400,125081,95127.8,119342,150453,183670,150343,193131,122979,201221,204312,204313,212076,212200,94032.6,95083.7,95633,88954.5,208631,204180,182201,62068.6,85403.7,123880,
63,212185,173357,206023,152480,151106,126139,96414.4,120770,150785,184421,151756,193681,124251,201435,204457,204458,212080,212203,95261.8,96339.5,96870.2,90271.1,208645,204308,182622,63078.7,86677.6,124957,
64,212186,174190,206065,152829,151808,127194,97699.1,122190,151115,185158,153150,194218,125517,201645,204600,204601,212084,212206,96491.2,97594.5,98107.4,91589.7,208659,204435,183039,64103.7,87959.4,126032,
65,212186,175009,206108,153184,152506,128245,98981.3,123601,151445,185880,154527,194742,126778,201851,204740,204742,212088,212208,97720.4,98848.5,99344,92910,208673,204559,183450,65143.6,89248.8,127103,
66,212187,175815,206150,153544,153199,129292,100261,125002,151773,186587,155884,195252,128032,202054,204878,204880,212092,212210,98949.1,100101,100580,94231.5,208687,204682,183857,66198.4,90545.3,128172,
67,212187,176608,206192,153909,153889,130335,101537,126394,152100,187279,157221,195750,129280,202252,205014,205015,212096,212213,100177,101351,101814,95553.6,208701,204803,184259,67267.9,91848.6,129237,
68,212187,177387,206233,154279,154574,131373,102809,127775,152426,187956,158540,196236,130520,202447,205148,205149,212099,212215,101403,102599,103046,96876,208715,204922,184657,68352.1,93158.2,130298,
69,212188,178152,206275,154654,155255,132407,104077,129145,152750,188619,159838,196709,131753,202638,205279,205280,212103,212217,102627,103844,104277,98198.2,208729,205039,185050,69450.8,94473.7,131355,
70,212188,178904,206316,155035,155931,133436,105341,130503,153074,189268,161116,197170,132978,202825,205408,205409,212106,212219,103849,105086,105504,99519.8,208743,205154,185438,70563.8,95794.5,132407,
71,212189,179643,206357,155422,156602,134460,106600,131850,153396,189902,162374,197619,134195,203009,205535,205536,212110,212221,105068,106325,106729,100840,208757,205268,185822,71691,97120.3,133455,
72,212189,180368,206397,155813,157269,135478,107853,133185,153716,190522,163611,198056,135404,203189,205659,205660,212113,212223,106285,107559,107950,102159,208771,205380,186201,72832.2,98450.5,134498,
73,212189,181080,206437,156211,157931,136491,109100,134506,154035,191128,164827,198482,136603,203366,205782,205783,212117,212225,107498,108789,109168,103476,208785,205490,186576,73987.3,99784.7,135535,
74,212190,181778,206477,156613,158588,137498,110342,135815,154353,191720,166023,198896,137793,203540,205902,205903,212120,212227,108707,110014,110381,104791,208798,205599,186946,75155.9,101122,136567,
75,212190,182463,206517,157021,159239,138498,111577,137111,154669,192298,167198,199300,138973,203710,206020,206021,212123,212229,109912,111235,111589,106103,208812,205706,187311,76337.9,102463,137594,
76,212191,183136,206557,157434,159886,139492,112805,138393,154984,192863,168351,199692,140144,203877,206137,206138,212126,212231,111112,112449,112793,107412,208826,205812,187672,77533.1,103806,138614,
77,212191,183795,206596,157852,160528,140479,114026,139661,155298,193415,169484,200074,141304,204041,206251,206252,212129,212233,112307,113658,113992,108717,208839,205915,188029,78741,105151,139627,
78,212191,184441,206636,158276,161165,141460,115239,140915,155609,193953,170595,200446,142454,204201,206363,206364,212133,212234,113498,114861,115185,110018,208853,206018,188381,79961.5,106498,140635,
79,212192,185074,206675,158705,161796,142433,116445,142154,155919,194478,171685,200807,143593,204359,206473,206474,212136,212236,114682,116057,116372,111315,208867,206118,188729,81194.3,107845,141635,
80,212192,185695,206714,159139,162422,143399,117642,143378,156228,194990,172754,201159,144720,204514,206581,206582,212139,212238,115861,117247,117552,112607,208880,206217,189073,82439,109193,142628,
81,212193,186302,206753,159578,163042,144358,118832,144588,156535,195490,173802,201500,145837,204665,206688,206689,212141,212239,117034,118430,118726,113894,208893,206315,189412,83695.3,110541,143614,
82,212193,186898,206791,160022,163658,145308,120012,145782,156840,195977,174829,201832,146942,204814,206792,206793,212144,212241,118200,119605,119893,115175,208907,206411,189747,84962.7,111888,144593,
83,212193,187481,206830,160471,164267,146251,121184,146961,157144,196452,175835,202155,148035,204960,206895,206896,212147,212242,119359,120772,121053,116451,208920,206506,190078,86241.1,113234,145564,
84,212194,188051,206868,160925,164871,147186,122346,148125,157446,196915,176820,202469,149117,205103,206996,206996,212150,212244,120511,121932,122206,117720,208933,206599,190405,87529.8,114578,146527,
85,212194,188610,206907,161384,165470,148112,123500,149273,157746,197366,177784,202773,150186,205243,207095,207095,212153,212245,121656,123084,123351,118983,208947,206691,190727,88828.6,115920,147482,
86,212195,189156,206945,161847,166062,149030,124643,150405,158045,197806,178728,203069,151244,205381,207192,207193,212155,212246,122793,124227,124488,120239,208960,206781,191046,90137,117259,148428,
87,212195,189691,206983,162316,166650,149939,125777,151521,158342,198234,179651,203357,152288,205515,207287,207288,212158,212248,123923,125362,125616,121488,208973,206870,191360,91454.6,118595,149366,
88,212195,190214,207021,162788,167231,150840,126901,152621,158637,198650,180553,203636,153321,205648,207381,207382,212160,212249,125044,126488,126736,122729,208986,206958,191670,92780.9,119927,150295,
89,212196,190725,207058,163266,167807,151732,128015,153705,158930,199056,181436,203907,154340,205778,207473,207474,212163,212250,126157,127604,127847,123963,208999,207044,191976,94115.4,121255,151216,
90,212196,191225,207096,163747,168377,152615,129119,154773,159221,199451,182298,204170,155347,205905,207564,207565,212165,212251,127261,128712,128950,125188,209012,207129,192278,95457.6,122578,152127,
91,212197,191713,207134,164232,168941,153488,130212,155825,159511,199835,183141,204426,156341,206030,207653,207653,212168,212253,128357,129810,130043,126405,209025,207213,192576,96807.1,123896,153030,
92,212197,192191,207171,164722,169499,154353,131295,156861,159799,200209,183964,204674,157323,206152,207740,207741,212170,212254,129443,130899,131127,127614,209038,207295,192870,98163.3,125208,153923,
93,212197,192657,207208,165215,170052,155208,132366,157880,160085,200572,184768,204915,158291,206272,207825,207826,212173,212255,130521,131978,132201,128814,209051,207376,193161,99525.6,126514,154806,
94,212198,193113,207245,165712,170598,156054,133428,158884,160369,200926,185553,205148,159246,206389,207910,207910,212175,212256,131589,133047,133266,130005,209064,207456,193447,100894,127813,155681,
95,212198,193559,207283,166213,171139,156890,134478,159871,160651,201270,186319,205375,160188,206505,207992,207993,212177,212257,132648,134106,134321,131186,209076,207534,193730,102267,129105,156545,
96,212198,193993,207320,166717,171674,157717,135517,160843,160932,201604,187066,205594,161117,206618,208073,208074,212179,212258,133697,135154,135366,132358,209089,207611,194009,103644,130390,157400,
97,212199,194418,207356,167224,172203,158534,136546,161798,161210,201929,187795,205808,162033,206729,208153,208154,212182,212259,134736,136193,136401,133520,209102,207687,194284,105026,131666,158245,
98,212199,194832,207393,167734,172726,159341,137563,162737,161487,202245,188506,206014,162935,206838,208231,208232,212184,212260,135766,137221,137425,134672,209114,207762,194555,106411,132933,159080,
99,212200,195237,207430,168246,173243,160139,138569,163661,161762,202552,189199,206215,163825,206944,208308,208308,212186,212261,136785,138239,138440,135814,209127,207836,194823,107799,134192,159905,
100,212200,195632,207466,168762,173754,160926,139564,164569,162035,202850,189874,206409,164701,207049,208383,208384,212188,212262,137794,139246,139443,136946,209139,207909,195087,109189,135442,160720,
101,847.598,9738.59,6475.8,10484,11069.3,14440.4,13354.3,11945.7,12097.6,6631.64,8959.45,3700.56,11075.7,4005.91,6540.75,4818.41,1646.47,1066.44,16299.4,14842.8,14778.2,14210,3512.12,1460.69,4889.24,13368.1,15277.7,14617.7,
102,3.73056,319.026,151.968,521.764,475.403,775.367,689.072,480.246,810.108,145.524,235.988,51.6956,446.964,45.5142,111.352,63.1445,9.56048,4.24413,1060.37,895.939,866.494,837.371,69.4647,8.37923,78.0252,973.106,989.94,798.06,
103,0.0940205,10.2813,5.42051,26.547,20.0443,34.8095,25.1589,14.0398,53.2119,2.68674,4.57401,0.602298,14.8133,0.402439,1.36691,0.625107,0.0470413,0.015222,50.2934,40.7344,37.6818,37.7173,3.26953,0.0415359,1.34983,54.3817,50.1706,36.5314,
104,0.00587404,0.428592,0.297782,1.35512,0.971714,1.58258,0.739219,0.337884,3.48072,0.0453659,0.0735452,0.00620136,0.496347,0.00314323,0.013661,0.00527665,0.000220665,5.98493e-05,2.0356,1.63553,1.44604,1.53552,0.209156,0.000187863,0.0422074,2.69974,2.36911,1.69147,
105,0.000387402,0.0235269,0.0186263,0.0700539,0.0545143,0.0807185,0.0194168,0.00739411,0.227554,0.000755153,0.00107332,5.85258e-05,0.0201004,2.37611e-05,0.000119423,4.08825e-05,1.10288e-06,3.31258e-07,0.0810548,0.0667491,0.0575451,0.0648682,0.0137892,8.01366e-07,0.00218823,0.133314,0.117509,0.0872761,
106,2.5475e-05,0.00146869,0.00119709,0.00381235,0.00334163,0.00463811,0.000527953,0.000170785,0.0148791,1.44602e-05,1.66171e-05,5.18651e-07,0.00103182,1.89083e-07,9.64395e-07,3.09525e-07,6.42919e-09,2.78154e-09,0.00361507,0.0031022,0.00268613,0.00312632,0.000907012,3.29097e-09,0.000134467,0.00705107,0.00644398,0.00503695,
107,1.67043e-06,9.51608e-05,7.76374e-05,0.000222108,0.000213315,0.000286984,1.81742e-05,5.25282e-06,0.000973098,4.17259e-07,3.85747e-07,4.3883e-09,6.15451e-05,1.70417e-09,7.59136e-09,2.45039e-09,4.60678e-11,3.07047e-11,0.000190137,0.000168641,0.000148616,0.000173618,5.94877e-05,1.31848e-11,8.63517e-06,0.000406616,0.000385391,0.000311891,
108,1.09379e-07,6.21674e-06,5.05816e-06,1.36752e-05,1.38354e-05,1.83804e-05,8.65037e-07,2.40008e-07,6.36487e-05,1.94557e-08,1.6497e-08,3.58872e-11,3.90736e-06,1.86912e-11,6.22648e-11,2.2e-11,4.18747e-13,4.26293e-13,1.13041e-05,1.01947e-05,9.10574e-06,1.05772e-05,3.89569e-06,5.21022e-14,5.61599e-07,2.50023e-05,2.42497e-05,1.99708e-05,
109,7.15774e-09,4.067e-07,3.303e-07,8.70234e-07,9.02475e-07,1.19341e-06,5.06411e-08,1.3969e-08,4.16339e-06,1.15661e-09,9.71203e-10,2.87419e-13,2.5331e-07,2.98889e-13,5.97333e-13,2.59016e-13,5.37511e-15,9.22684e-15,7.13926e-07,6.47972e-07,5.82563e-07,6.73541e-07,2.54947e-07,2.12696e-16,3.66693e-08,1.59257e-06,1.56238e-06,1.29633e-06,
110,4.68288e-10,2.66087e-08,2.15913e-08,5.62819e-08,5.8981e-08,7.7871e-08,3.20867e-09,8.85459e-10,2.72342e-07,7.39155e-11,6.21535e-11,2.35686e-15,1.65268e-08,9.21605e-15,8.94633e-15,5.48558e-15,1.29578e-16,3.7049e-16,4.61587e-08,4.19831e-08,3.78419e-08,4.36513e-08,1.668e-08,1.45014e-18,2.39732e-09,1.03093e-07,1.01637e-07,8.45738e-08,
111,3.06344e-11,1.74077e-09,1.41201e-09,3.66556e-09,3.8571e-09,5.08973e-09,2.08119e-10,5.74587e-11,1.7815e-08,4.80828e-12,4.04696e-12,2.55858e-17,1.08027e-09,4.77414e-16,2.91458e-16,2.33096e-16,5.94355e-18,2.12164e-17,3.00837e-09,2.73802e-09,2.47013e-09,2.84678e-09,1.09118e-09,4.65878e-20,1.56791e-10,6.71778e-09,6.63573e-09,5.52747e-09,
112,2.00397e-12,1.13877e-10,9.23568e-11,2.39397e-10,2.52287e-10,3.32855e-10,1.35839e-11,3.75095e-12,1.16536e-09,3.14104e-13,2.64451e-13,6.83733e-19,7.065e-11,2.9623e-17,1.58411e-17,1.37363e-17,3.57525e-19,1.34758e-18,1.9657e-10,1.78941e-10,1.61479e-10,1.86045e-10,7.13803e-11,2.86114e-21,1.02558e-11,4.3884e-10,4.33791e-10,3.61473e-10,
113,1.31089e-13,7.44932e-12,6.04126e-12,1.56512e-11,1.65027e-11,2.17717e-11,8.88069e-13,2.45236e-13,7.6231e-11,2.05399e-14,1.72944e-14,3.71903e-20,4.62123e-12,1.91636e-18,9.97399e-19,8.7923e-19,2.29808e-20,8.75985e-20,1.28541e-11,1.17021e-11,1.0561e-11,1.21666e-11,4.66934e-12,1.86437e-22,6.70867e-13,2.86931e-11,2.83701e-11,2.36434e-11,
114,8.57515e-15,4.87296e-13,3.95181e-13,1.02362e-12,1.07951e-12,1.42415e-12,5.80835e-14,1.60397e-14,4.9866e-12,1.34348e-15,1.13123e-15,2.37581e-21,3.0229e-13,1.25063e-19,6.4745e-20,5.72561e-20,1.49778e-21,5.72238e-21,8.4076e-13,7.65424e-13,6.90804e-13,7.95806e-13,3.05443e-13,1.21928e-23,4.38841e-14,1.87665e-12,1.85569e-12,1.54657e-12,
115,5.60939e-16,3.18763e-14,2.58505e-14,6.69552e-14,7.06151e-14,9.31589e-14,3.79934e-15,1.04919e-15,3.26195e-13,8.78809e-17,7.39973e-17,1.54982e-22,1.9774e-14,8.1767e-21,4.22853e-21,3.74179e-21,9.78992e-23,3.74211e-22,5.49961e-14,5.00685e-14,4.51877e-14,5.2056e-14,1.99804e-14,7.97569e-25,2.87065e-15,1.22754e-13,1.21386e-13,1.01167e-13,
116,3.66935e-17,2.08517e-15,1.69099e-15,4.37975e-15,4.61924e-15,6.09392e-15,2.48529e-16,6.86312e-17,2.13379e-14,5.74864e-18,4.84046e-18,1.01348e-23,1.2935e-15,5.34811e-22,2.76512e-22,2.44715e-22,6.4029e-24,2.4477e-23,3.59751e-15,3.27518e-15,2.95591e-15,3.40519e-15,1.307e-15,5.21723e-26,1.87782e-16,8.02974e-15,7.94034e-15,6.61778e-15,
117,2.40028e-18,1.364e-16,1.10615e-16,2.86496e-16,3.02165e-16,3.9863e-16,1.62573e-17,4.48945e-18,1.3958e-15,3.76043e-19,3.16635e-19,6.62933e-25,8.46135e-17,3.49834e-23,1.80865e-23,1.60071e-23,4.18825e-25,1.60112e-24,2.35328e-16,2.14243e-16,1.93359e-16,2.22748e-16,8.54969e-17,3.41282e-27,1.22836e-17,5.25258e-16,5.19411e-16,4.32898e-16,
118,1.57013e-19,8.92253e-18,7.23581e-18,1.8741e-17,1.97659e-17,2.60761e-17,1.06346e-18,2.93674e-19,9.13057e-17,2.45986e-20,2.07125e-20,4.33651e-26,5.53494e-18,2.2884e-24,1.18309e-24,1.04709e-24,2.73969e-26,1.04736e-25,1.53938e-17,1.40146e-17,1.26485e-17,1.45709e-17,5.59273e-18,2.23247e-28,8.03525e-19,3.43594e-17,3.39769e-17,2.83177e-17,
119,1.02709e-20,5.83662e-19,4.73326e-19,1.22593e-18,1.29298e-18,1.70575e-18,6.95656e-20,1.92105e-20,5.9727e-18,1.6091e-21,1.35489e-21,2.8367e-27,3.62065e-19,1.49694e-25,7.73911e-26,6.84943e-26,1.79215e-27,6.85124e-27,1.00698e-18,9.16756e-19,8.27391e-19,9.53147e-19,3.65845e-19,1.46036e-29,5.25621e-20,2.2476e-18,2.22258e-18,1.85239e-18,
120,6.71865e-22,3.81799e-20,3.09623e-20,8.01933e-20,8.45792e-20,1.11581e-19,4.55059e-21,1.25664e-21,3.90701e-19,1.05258e-22,8.86296e-23,1.85561e-28,2.36843e-20,9.79215e-27,5.06249e-27,4.48051e-27,1.17232e-28,4.48169e-28,6.58708e-20,5.9969e-20,5.41232e-20,6.23495e-20,2.39315e-20,9.55285e-31,3.43832e-21,1.47025e-19,1.45389e-19,1.21173e-19,
121,4.39496e-23,2.49751e-21,2.02538e-21,5.24579e-21,5.53269e-21,7.29899e-21,2.97674e-22,8.22027e-23,2.55575e-20,6.88542e-24,5.79765e-24,1.21384e-29,1.54929e-21,6.40547e-28,3.31159e-28,2.9309e-28,7.66867e-30,2.93167e-29,4.3089e-21,3.92284e-21,3.54044e-21,4.07856e-21,1.56546e-21,6.24894e-32,2.24916e-22,9.61755e-21,9.51051e-21,7.92644e-21,
122,2.87494e-24,1.63373e-22,1.32489e-22,3.4315e-22,3.61918e-22,4.77459e-22,1.94722e-23,5.37724e-24,1.67183e-21,4.50405e-25,3.7925e-25,7.94023e-31,1.01346e-22,4.1901e-29,2.16626e-29,1.91723e-29,5.01641e-31,1.91774e-30,2.81864e-22,2.5661e-22,2.31596e-22,2.66796e-22,1.02404e-22,4.0877e-33,1.47127e-23,6.29126e-22,6.22124e-22,5.18503e-22,
123,1.88062e-25,1.0687e-23,8.6667e-24,2.2447e-23,2.36746e-23,3.12327e-23,1.27376e-24,3.51749e-25,1.09361e-22,2.9463e-26,2.48084e-26,5.19405e-32,6.62948e-24,2.74093e-30,1.41704e-30,1.25414e-30,3.28146e-32,1.25447e-31,1.8438e-23,1.6786e-23,1.51497e-23,1.74523e-23,6.69869e-24,2.67395e-34,9.62423e-25,4.11539e-23,4.06959e-23,3.39176e-23,
124,1.2302e-26,6.99082e-25,5.66927e-25,1.46835e-24,1.54866e-24,2.04307e-24,8.33222e-26,2.30094e-26,7.15381e-24,1.9273e-27,1.62283e-27,3.39766e-33,4.33663e-25,1.79296e-31,9.26951e-32,8.2039e-32,2.14654e-33,8.20607e-33,1.20611e-24,1.09804e-24,9.91008e-25,1.14163e-24,4.38191e-25,1.74914e-35,6.29563e-26,2.69206e-24,2.6621e-24,2.2187e-24,
125,8.04727e-28,4.573e-26,3.70852e-26,9.60515e-26,1.01305e-25,1.33646e-25,5.45047e-27,1.50515e-27,4.67962e-25,1.26073e-28,1.06156e-28,2.22256e-34,2.83678e-26,1.17286e-32,6.06359e-33,5.36653e-33,1.40415e-34,5.36795e-34,7.88968e-26,7.18279e-26,6.48262e-26,7.46792e-26,2.8664e-26,1.14419e-36,4.11825e-27,1.76099e-25,1.74139e-25,1.45135e-25,
126,5.26407e-29,2.9914e-27,2.4259e-27,6.28315e-27,6.62679e-27,8.74237e-27,3.56539e-28,9.84583e-29,3.06115e-26,8.24701e-30,6.94414e-30,1.45387e-35,1.85566e-27,7.67216e-34,3.96646e-34,3.51048e-34,9.18515e-36,3.51141e-35,5.16099e-27,4.69858e-27,4.24056e-27,4.8851e-27,1.87504e-27,7.48467e-38,2.69393e-28,1.15194e-26,1.13912e-26,9.4939e-27,
127,3.44346e-30,1.95681e-28,1.58689e-28,4.11009e-28,4.33487e-28,5.71877e-28,2.33228e-29,6.44059e-30,2.00243e-27,5.39473e-31,4.54247e-31,9.51042e-37,1.21387e-28,5.0187e-35,2.59464e-35,2.29636e-35,6.00841e-37,2.29697e-36,3.37603e-28,3.07355e-28,2.77394e-28,3.19556e-28,1.22654e-28,4.89605e-39,1.76222e-29,7.53536e-28,7.4515e-28,6.21037e-28,
128,2.25252e-31,1.28003e-29,1.03805e-29,2.68859e-29,2.83563e-29,3.7409e-29,1.52565e-30,4.21307e-31,1.30988e-28,3.52893e-32,2.97143e-32,6.22118e-38,7.94047e-30,3.28295e-36,1.69727e-36,1.50215e-36,3.93037e-38,1.50255e-37,2.20841e-29,2.01054e-29,1.81455e-29,2.09035e-29,8.02336e-30,3.20272e-40,1.15274e-30,4.92921e-29,4.87435e-29,4.06248e-29,
129,1.47347e-32,8.37325e-31,6.79037e-31,1.75872e-30,1.85491e-30,2.44708e-30,9.97992e-32,2.75596e-32,8.56848e-30,2.30843e-33,1.94374e-33,4.06955e-39,5.19421e-31,2.14752e-37,1.11026e-37,9.82622e-38,2.57102e-39,9.82883e-39,1.44462e-30,1.31518e-30,1.18698e-30,1.36739e-30,5.24843e-31,2.09504e-41,7.5406e-32,3.22441e-30,3.18853e-30,2.65745e-30,
130,9.63862e-34,5.47731e-32,4.44188e-32,1.15046e-31,1.21338e-31,1.60074e-31,6.5283e-33,1.80279e-33,5.60502e-31,1.51004e-34,1.27149e-34,2.66207e-40,3.39776e-32,1.40479e-38,7.26267e-39,6.42776e-39,1.68182e-40,6.42947e-40,9.44987e-32,8.60319e-32,7.76456e-32,8.94471e-32,3.43323e-32,1.37046e-42,4.93264e-33,2.10923e-31,2.08576e-31,1.73835e-31,
131,6.30504e-35,3.58295e-33,2.90563e-33,7.52565e-33,7.93724e-33,1.04712e-32,4.27045e-34,1.17928e-34,3.66649e-32,9.87787e-36,8.31735e-36,1.74138e-41,2.22262e-33,9.18934e-40,4.75083e-40,4.20468e-40,1.10015e-41,4.2058e-41,6.18157e-33,5.62773e-33,5.07914e-33,5.85113e-33,2.24583e-33,8.96477e-44,3.22665e-34,1.37974e-32,1.36438e-32,1.13713e-32,
132,4.12441e-36,2.34377e-34,1.9007e-34,4.92286e-34,5.1921e-34,6.84966e-34,2.79349e-35,7.71422e-36,2.39841e-33,6.46155e-37,5.44074e-37,1.13911e-42,1.45392e-34,6.01115e-41,3.10773e-41,2.75047e-41,7.19658e-43,2.7512e-42,4.04364e-34,3.68134e-34,3.32249e-34,3.82748e-34,1.46909e-34,5.86425e-45,2.1107e-35,9.02549e-34,8.92504e-34,7.43848e-34,
133,2.69795e-37,1.53316e-35,1.24333e-35,3.22026e-35,3.39638e-35,4.48066e-35,1.82734e-36,5.04621e-37,1.56891e-34,4.22678e-38,3.55903e-38,7.45142e-44,9.5107e-36,3.93216e-42,2.0329e-42,1.7992e-42,4.7076e-44,1.79968e-43,2.64512e-35,2.40813e-35,2.17338e-35,2.50372e-35,9.60999e-36,3.83606e-46,1.3807e-36,5.90397e-35,5.83826e-35,4.86584e-35,
134,1.76485e-38,1.00291e-36,8.13317e-37,2.10651e-36,2.22172e-36,2.931e-36,1.19535e-37,3.30095e-38,1.02629e-35,2.76492e-39,2.32812e-39,4.8743e-45,6.22136e-37,2.5722e-43,1.32981e-43,1.17694e-43,3.07945e-45,1.17725e-44,1.73029e-36,1.57526e-36,1.42171e-36,1.63779e-36,6.28631e-37,2.50934e-47,9.03176e-38,3.86204e-36,3.81906e-36,3.18296e-36,
135,1.15447e-39,6.56046e-38,5.32026e-38,1.37796e-37,1.45332e-37,1.91729e-37,7.81928e-39,2.15929e-39,6.71342e-37,1.80866e-40,1.52292e-40,3.1885e-46,4.06967e-38,1.68259e-44,8.69887e-45,7.69886e-45,2.0144e-46,7.7009e-46,1.13186e-37,1.03045e-37,9.3e-38,1.07135e-37,4.11215e-38,1.64147e-48,5.90807e-39,2.52633e-37,2.49822e-37,2.08211e-37,
136,7.55187e-41,4.29148e-39,3.48022e-39,9.01385e-39,9.50684e-39,1.25419e-38,5.11493e-40,1.41249e-40,4.39154e-38,1.18312e-41,9.96211e-42,2.08573e-47,2.66215e-39,1.10065e-45,5.69031e-46,5.03616e-46,1.31771e-47,5.03749e-47,7.40399e-39,6.74061e-39,6.08354e-39,7.00819e-39,2.68994e-39,1.07375e-49,3.86473e-40,1.65259e-38,1.63419e-38,1.362e-38,
137,4.94001e-42,2.80725e-40,2.27656e-40,5.89636e-40,6.21884e-40,8.20418e-40,3.3459e-41,9.23971e-42,2.8727e-39,7.73932e-43,6.51665e-43,1.36437e-48,1.74143e-40,7.19986e-47,3.72228e-47,3.29437e-47,8.61971e-49,3.29525e-48,4.84327e-40,4.40933e-40,3.97951e-40,4.58437e-40,1.75961e-40,7.0239e-51,2.52809e-41,1.08103e-39,1.069e-39,8.90945e-40,
138,3.23148e-43,1.83634e-41,1.4892e-41,3.85707e-41,4.06802e-41,5.36671e-41,2.1887e-42,6.0441e-43,1.87916e-40,5.06263e-44,4.26283e-44,8.92495e-50,1.13914e-41,4.70974e-48,2.43491e-48,2.15499e-48,5.63853e-50,2.15557e-49,3.1682e-41,2.88434e-41,2.60317e-41,2.99883e-41,1.15104e-41,4.59465e-52,1.65373e-42,7.07148e-41,6.99278e-41,5.82806e-41,
139,2.11385e-44,1.20123e-42,9.74151e-43,2.52308e-42,2.66107e-42,3.5106e-42,1.43173e-43,3.95371e-44,1.22924e-41,3.31169e-45,2.7885e-45,5.8382e-51,7.45164e-43,3.08085e-49,1.59278e-49,1.40968e-49,3.68841e-51,1.41005e-50,2.07246e-42,1.88677e-42,1.70285e-42,1.96167e-42,7.52944e-43,3.00556e-53,1.08178e-43,4.62577e-42,4.57428e-42,3.81239e-42,
140,1.38276e-45,7.85779e-44,6.37235e-44,1.65045e-43,1.74072e-43,2.29644e-43,9.36555e-45,2.5863e-45,8.041e-43,2.16632e-46,1.82408e-46,3.81902e-52,4.87445e-44,2.01532e-50,1.04191e-50,9.22131e-51,2.41275e-52,9.22375e-52,1.35568e-43,1.23422e-43,1.11391e-43,1.28321e-43,4.92534e-44,1.96607e-54,7.07639e-45,3.02592e-43,2.99224e-43,2.49385e-43,
141,9.04526e-47,5.14013e-45,4.16843e-45,1.07963e-44,1.13868e-44,1.5022e-44,6.12642e-46,1.69181e-46,5.25997e-44,1.41709e-47,1.19321e-47,2.49819e-53,3.18859e-45,1.31831e-51,6.81558e-52,6.03206e-52,1.57829e-53,6.03366e-53,8.86813e-45,8.07357e-45,7.28657e-45,8.39407e-45,3.22188e-45,1.28609e-55,4.62898e-46,1.97939e-44,1.95736e-44,1.63134e-44,
142,5.9169e-48,3.36238e-46,2.72676e-46,7.06236e-46,7.44862e-46,9.82656e-46,4.00756e-47,1.10669e-47,3.44078e-45,9.26978e-49,7.80533e-49,1.63418e-54,2.0858e-46,8.62363e-53,4.45837e-53,3.94584e-53,1.03243e-54,3.94688e-54,5.80103e-46,5.28128e-46,4.76646e-46,5.49093e-46,2.10757e-46,8.41289e-57,3.02802e-47,1.2948e-45,1.28039e-45,1.06713e-45,
143,3.8705e-49,2.19948e-47,1.78369e-47,4.6198e-47,4.87247e-47,6.42798e-47,2.62152e-48,7.23933e-49,2.25076e-46,6.06377e-50,5.10581e-50,1.06899e-55,1.36441e-47,5.6411e-54,2.91641e-54,2.58115e-54,6.75355e-56,2.58183e-55,3.79471e-47,3.45472e-47,3.11795e-47,3.59186e-47,1.37866e-47,5.50324e-58,1.98076e-48,8.46987e-47,8.37561e-47,6.98056e-47,
144,2.53187e-50,1.43878e-48,1.16679e-48,3.02202e-48,3.1873e-48,4.20483e-48,1.71485e-49,4.73556e-50,1.47232e-47,3.96658e-51,3.33993e-51,6.99271e-57,8.92521e-49,3.69009e-55,1.90775e-55,1.68844e-55,4.4178e-57,1.68889e-56,2.48229e-48,2.25988e-48,2.03959e-48,2.34959e-48,9.01839e-49,3.59991e-59,1.2957e-49,5.54052e-48,5.47885e-48,4.56629e-48,
145,1.6562e-51,9.41167e-50,7.63249e-50,1.97683e-49,2.08495e-49,2.75056e-49,1.12176e-50,3.09774e-51,9.63111e-49,2.59471e-52,2.1848e-52,4.57424e-58,5.83837e-50,2.41385e-56,1.24795e-56,1.10448e-56,2.88987e-58,1.10478e-57,1.62377e-49,1.47829e-49,1.33418e-49,1.53697e-49,5.89932e-50,2.35486e-60,8.47575e-51,3.62429e-49,3.58396e-49,2.98701e-49,
146,1.0834e-52,6.15659e-51,4.99274e-51,1.29313e-50,1.36386e-50,1.79926e-50,7.33792e-52,2.02637e-52,6.30013e-50,1.69731e-53,1.42917e-53,2.99221e-59,3.81914e-51,1.579e-57,8.16336e-58,7.22491e-58,1.89039e-59,7.22682e-59,1.06218e-50,9.67013e-51,8.72749e-51,1.0054e-50,3.85901e-51,1.54042e-61,5.54436e-52,2.37081e-50,2.34442e-50,1.95394e-50,
147,7.08697e-54,4.0273e-52,3.26597e-52,8.45895e-52,8.92159e-52,1.17698e-51,4.80006e-53,1.32554e-53,4.12119e-51,1.11029e-54,9.34884e-55,1.95734e-60,2.49826e-52,1.0329e-58,5.34001e-59,4.72613e-59,1.23659e-60,4.72738e-60,6.94819e-52,6.32566e-52,5.70903e-52,6.57676e-52,2.52435e-52,1.00765e-62,3.62681e-53,1.55085e-51,1.53359e-51,1.27815e-51,
148,4.6359e-55,2.63443e-53,2.13642e-53,5.53337e-53,5.836e-53,7.69912e-53,3.13993e-54,8.67091e-55,2.69585e-52,7.26288e-56,6.11548e-56,1.28038e-61,1.63422e-53,6.75663e-60,3.49314e-60,3.09157e-60,8.08907e-62,3.09239e-61,4.54512e-53,4.13789e-53,3.73453e-53,4.30215e-53,1.65129e-53,6.5915e-64,2.37246e-54,1.01448e-52,1.00319e-52,8.36097e-53,
149,3.03254e-56,1.7233e-54,1.39752e-54,3.61962e-54,3.81759e-54,5.03633e-54,2.05396e-55,5.67202e-56,1.76348e-53,4.75097e-57,4.00041e-57,8.37552e-63,1.06902e-54,4.41981e-61,2.28501e-61,2.02233e-61,5.29142e-63,2.02287e-62,2.97316e-54,2.70677e-54,2.44292e-54,2.81422e-54,1.08018e-54,4.31179e-65,1.55193e-55,6.63616e-54,6.5623e-54,5.46928e-54,
150,1.98372e-57,1.12728e-55,9.14182e-56,2.36775e-55,2.49725e-55,3.29449e-55,1.34359e-56,3.71032e-57,1.15357e-54,3.10782e-58,2.61684e-58,5.4788e-64,6.99291e-56,2.89119e-62,1.49473e-62,1.3229e-62,3.46135e-64,1.32325e-63,1.94487e-55,1.77062e-55,1.59802e-55,1.84091e-55,7.06592e-56,2.82053e-66,1.01518e-56,4.341e-55,4.29269e-55,3.5777e-55,
151,1.29764e-58,7.37406e-57,5.98006e-57,1.54885e-56,1.63356e-56,2.15507e-56,8.789e-58,2.42708e-58,7.54599e-56,2.03296e-59,1.71179e-59,3.58392e-65,4.57437e-57,1.89125e-63,9.77767e-64,8.65364e-64,2.26422e-65,8.65593e-65,1.27223e-56,1.15824e-56,1.04534e-56,1.20422e-56,4.62213e-57,1.84504e-67,6.64076e-58,2.83964e-56,2.80804e-56,2.34033e-56,
152,8.48842e-60,4.8237e-58,3.91182e-58,1.01317e-57,1.06858e-57,1.40973e-57,5.74927e-59,1.58766e-59,4.93616e-57,1.32985e-60,1.11976e-60,2.3444e-66,2.9923e-58,1.23715e-64,6.396e-65,5.66073e-65,1.48113e-66,5.66223e-66,8.3222e-58,7.57656e-58,6.838e-58,7.87732e-58,3.02354e-58,1.20692e-68,4.34402e-59,1.85753e-57,1.83686e-57,1.53091e-57,
153,5.55265e-61,3.15539e-59,2.55889e-59,6.6276e-59,6.99008e-59,9.22163e-59,3.76085e-60,1.03856e-60,3.22896e-58,8.69912e-62,7.32483e-62,1.53357e-67,1.95739e-59,8.09276e-66,4.18391e-66,3.70293e-66,9.68869e-68,3.70391e-67,5.44392e-59,4.95616e-59,4.47304e-59,5.1529e-59,1.97783e-59,7.89499e-70,2.84161e-60,1.21509e-58,1.20157e-58,1.00144e-58,
154,3.63223e-62,2.06408e-60,1.67388e-60,4.3354e-60,4.57252e-60,6.03227e-60,2.46014e-61,6.79367e-62,2.11221e-59,5.69048e-63,4.79149e-63,1.00318e-68,1.28042e-60,5.29383e-67,2.73688e-67,2.42225e-67,6.3378e-69,2.42289e-68,3.5611e-60,3.24204e-60,2.92601e-60,3.37074e-60,1.29378e-60,5.16446e-71,1.85882e-61,7.94846e-60,7.86e-60,6.55083e-60,
155,2.376e-63,1.35021e-61,1.09496e-61,2.83598e-61,2.99108e-61,3.94597e-61,1.60928e-62,4.44404e-63,1.38169e-60,3.72239e-64,3.13432e-64,6.56223e-70,8.37577e-62,3.46292e-68,1.79031e-68,1.5845e-68,4.14583e-70,1.58492e-69,2.32947e-61,2.12076e-61,1.91403e-61,2.20495e-61,8.46321e-62,3.3783e-72,1.21594e-62,5.19944e-61,5.14157e-61,4.28519e-61,
156,1.55425e-64,8.83228e-63,7.16262e-63,1.85514e-62,1.9566e-62,2.58124e-62,1.0527e-63,2.90704e-64,9.03821e-62,2.43498e-65,2.0503e-65,4.29264e-71,5.47896e-63,2.26525e-69,1.17112e-69,1.03649e-69,2.71197e-71,1.03677e-70,1.52381e-62,1.38728e-62,1.25205e-62,1.44235e-62,5.53616e-63,2.20989e-73,7.95398e-64,3.40118e-62,3.36333e-62,2.80313e-62,
157,1.0167e-65,5.77758e-64,4.68539e-64,1.21353e-63,1.2799e-63,1.6885e-63,6.88619e-65,1.90162e-65,5.91229e-63,1.59283e-66,1.34119e-66,2.80801e-72,3.58403e-64,1.4818e-70,7.66082e-71,6.78014e-71,1.77402e-72,6.78194e-72,9.96792e-64,9.07483e-64,8.19022e-64,9.43507e-64,3.62144e-64,1.44559e-74,5.20305e-65,2.22486e-63,2.2001e-63,1.83365e-63,
158,6.65069e-67,3.77937e-65,3.06492e-65,7.93821e-65,8.37237e-65,1.10452e-64,4.50456e-66,1.24393e-66,3.86749e-64,1.04194e-67,8.77331e-68,1.83684e-73,2.34447e-65,9.6931e-72,5.01128e-72,4.43519e-72,1.16046e-73,4.43636e-73,6.52045e-65,5.93624e-65,5.35758e-65,6.17189e-65,2.36894e-65,9.45622e-76,3.40354e-66,1.45538e-64,1.43918e-64,1.19947e-64,
159,4.35051e-68,2.47225e-66,2.0049e-66,5.19273e-66,5.47673e-66,7.22516e-66,2.94663e-67,8.13712e-68,2.5299e-65,6.81577e-69,5.73901e-69,1.20156e-74,1.53362e-66,6.34068e-73,3.2781e-73,2.90125e-73,7.5911e-75,2.90202e-74,4.26532e-66,3.88316e-66,3.50463e-66,4.0373e-66,1.54963e-66,6.18573e-77,2.22641e-67,9.52027e-66,9.41432e-66,7.84626e-66,
160,2.84586e-69,1.61721e-67,1.31149e-67,3.39679e-67,3.58257e-67,4.72629e-67,1.92752e-68,5.32285e-69,1.65492e-66,4.4585e-70,3.75414e-70,7.85992e-76,1.00321e-67,4.14772e-74,2.14435e-74,1.89784e-74,4.96567e-76,1.89834e-75,2.79013e-67,2.54014e-67,2.29253e-67,2.64098e-67,1.01368e-67,4.04636e-78,1.45639e-68,6.22763e-67,6.15832e-67,5.13259e-67,
161,1.8616e-70,1.05789e-68,8.57904e-69,2.22199e-68,2.34352e-68,3.09168e-68,1.26088e-69,3.48191e-70,1.08255e-67,2.9165e-71,2.45575e-71,5.14152e-77,6.56243e-69,2.71321e-75,1.40271e-75,1.24146e-75,3.24826e-77,1.24179e-76,1.82515e-68,1.66162e-68,1.49965e-68,1.72758e-68,6.63094e-69,2.6469e-79,9.52689e-70,4.07377e-68,4.02843e-68,3.35745e-68,
162,1.21776e-71,6.92011e-70,5.61193e-70,1.4535e-69,1.533e-69,2.0224e-69,8.24794e-71,2.27767e-71,7.08145e-69,1.90781e-72,1.60641e-72,3.36329e-78,4.29277e-70,1.77483e-76,9.17575e-77,8.12092e-77,2.12483e-78,8.12307e-78,1.19391e-69,1.08694e-69,9.80984e-70,1.13009e-69,4.33759e-70,1.73145e-80,6.23195e-71,2.66483e-69,2.63517e-69,2.19626e-69,
163,7.96587e-73,4.52675e-71,3.67101e-71,9.508e-71,1.0028e-70,1.32294e-70,5.39534e-72,1.48992e-72,4.63229e-70,1.24798e-73,1.05082e-73,2.20008e-79,2.80809e-71,1.16099e-77,6.00226e-78,5.31225e-78,1.38995e-79,5.31365e-79,7.80988e-71,7.11014e-71,6.41705e-71,7.39239e-71,2.83741e-71,1.13262e-81,4.07659e-72,1.74318e-70,1.72378e-70,1.43667e-70,
164,5.21083e-74,2.96114e-72,2.40137e-72,6.2196e-72,6.55976e-72,8.65394e-72,3.52933e-73,9.74624e-74,3.03018e-71,8.1636e-75,6.8739e-75,1.43917e-80,1.83689e-72,7.59456e-79,3.92634e-79,3.47497e-79,9.09225e-81,3.47589e-80,5.10878e-72,4.65105e-72,4.19767e-72,4.83568e-72,1.85607e-72,7.40897e-83,2.66668e-73,1.14029e-71,1.1276e-71,9.39787e-72,
165,3.40863e-75,1.93701e-73,1.57084e-73,4.06851e-73,4.29103e-73,5.66092e-73,2.30869e-74,6.37544e-75,1.98218e-72,5.34017e-76,4.49652e-76,9.41422e-82,1.20159e-73,4.96793e-80,2.56839e-80,2.27313e-80,5.94764e-82,2.27374e-81,3.34188e-73,3.04246e-73,2.74588e-73,3.16323e-73,1.21414e-73,4.84653e-84,1.74439e-74,7.45915e-73,7.37613e-73,6.14756e-73,
166,2.22973e-76,1.26709e-74,1.02755e-74,2.66139e-74,2.80695e-74,3.70306e-74,1.51021e-75,4.17046e-76,1.29663e-73,3.49324e-77,2.94137e-77,6.15826e-83,7.86015e-75,3.24974e-81,1.6801e-81,1.48696e-81,3.89061e-83,1.48735e-82,2.18607e-74,1.99021e-74,1.7962e-74,2.06921e-74,7.94221e-75,3.17033e-85,1.14108e-75,4.87936e-74,4.82505e-74,4.02139e-74,
167,1.45857e-77,8.28856e-76,6.72169e-76,1.74093e-75,1.83615e-75,2.42233e-75,9.87898e-77,2.72808e-77,8.48182e-75,2.28508e-78,1.92408e-78,4.02839e-84,5.14167e-76,2.1258e-82,1.09903e-82,9.72683e-83,2.54502e-84,9.72941e-84,1.43e-75,1.30188e-75,1.17497e-75,1.35356e-75,5.19535e-76,2.07385e-86,7.46433e-77,3.1918e-75,3.15628e-75,2.63057e-75,
168,9.54113e-79,5.42191e-77,4.39695e-77,1.13882e-76,1.20111e-76,1.58455e-76,6.46227e-78,1.78456e-78,5.54833e-76,1.49477e-79,1.25863e-79,2.63514e-85,3.36339e-77,1.39058e-83,7.18921e-84,6.36275e-84,1.66481e-85,6.36443e-85,9.35429e-77,8.51617e-77,7.68602e-77,8.85424e-77,3.3985e-77,1.3566e-87,4.88274e-78,2.0879e-76,2.06466e-76,1.72077e-76,
169,6.24127e-80,3.54671e-78,2.87624e-78,7.44953e-78,7.85696e-78,1.03653e-77,4.22726e-79,1.16736e-79,3.6294e-77,9.77795e-81,8.23322e-81,1.72376e-86,2.20014e-78,9.09639e-85,4.70278e-85,4.16215e-85,1.08902e-86,4.16326e-86,6.11905e-78,5.5708e-78,5.02776e-78,5.79194e-78,2.22311e-78,8.87409e-89,3.19402e-79,1.36578e-77,1.35058e-77,1.12563e-77,
170,4.08269e-81,2.32006e-79,1.88147e-79,4.87306e-79,5.13958e-79,6.78037e-79,2.76523e-80,7.63619e-81,2.37415e-78,6.39619e-82,5.38571e-82,1.12759e-87,1.43921e-79,5.95035e-86,3.07629e-86,2.72265e-86,7.12379e-88,2.72337e-87,4.00274e-79,3.64411e-79,3.28888e-79,3.78876e-79,1.45423e-79,5.80493e-90,2.08935e-80,8.9342e-79,8.83477e-79,7.36324e-79,
171,2.67067e-82,1.51765e-80,1.23075e-80,3.18769e-80,3.36203e-80,4.43534e-80,1.80886e-81,4.99517e-82,1.55304e-79,4.18403e-83,3.52303e-83,7.37606e-89,9.4145e-81,3.89238e-87,2.01234e-87,1.781e-87,4.65998e-89,1.78147e-88,2.61837e-80,2.38377e-80,2.1514e-80,2.4784e-80,9.51279e-81,3.79726e-91,1.36673e-81,5.84425e-80,5.77921e-80,4.81662e-80,
172,1.747e-83,9.92763e-82,8.05091e-82,2.0852e-81,2.19925e-81,2.90135e-81,1.18326e-82,3.26756e-83,1.01591e-80,2.73696e-84,2.30457e-84,4.825e-90,6.15844e-82,2.54618e-88,1.31636e-88,1.16503e-88,3.0483e-90,1.16534e-89,1.71279e-81,1.55933e-81,1.40733e-81,1.62123e-81,6.22273e-82,2.48396e-92,8.9404e-83,3.82298e-81,3.78043e-81,3.15076e-81,
173,1.14279e-84,6.4941e-83,5.26645e-83,1.36402e-82,1.43863e-82,1.8979e-82,7.74019e-84,2.13745e-84,6.64551e-82,1.79036e-85,1.50752e-85,3.15625e-91,4.0285e-83,1.66557e-89,8.61089e-90,7.62099e-90,1.99403e-91,7.62301e-91,1.12041e-82,1.02003e-82,9.20594e-83,1.06052e-82,4.07056e-83,1.62486e-93,5.84831e-84,2.50078e-82,2.47295e-82,2.06105e-82,
174,7.47549e-86,4.24808e-84,3.44502e-84,8.92268e-84,9.41068e-84,1.2415e-83,5.0632e-85,1.3982e-85,4.34712e-83,1.17116e-86,9.86135e-87,2.06464e-92,2.63522e-84,1.08952e-90,5.63276e-91,4.98522e-91,1.30438e-92,4.98654e-92,7.3291e-84,6.67243e-84,6.02201e-84,6.93731e-84,2.66273e-84,1.06289e-94,3.82564e-85,1.63587e-83,1.61766e-83,1.34822e-83,
175,4.89004e-87,2.77885e-85,2.25354e-85,5.83672e-85,6.15594e-85,8.1212e-85,3.31206e-86,9.14626e-87,2.84364e-84,7.66104e-88,6.45074e-88,1.35057e-93,1.72381e-85,7.12703e-92,3.68463e-92,3.26105e-92,8.53252e-94,3.26192e-93,4.79428e-85,4.36473e-85,3.93926e-85,4.538e-85,1.74181e-85,6.95286e-96,2.50252e-86,1.07009e-84,1.05818e-84,8.81933e-85,
176,3.19879e-88,1.81777e-86,1.47414e-86,3.81805e-86,4.02687e-86,5.31243e-86,2.16656e-87,5.98297e-88,1.86015e-85,5.01142e-89,4.21971e-89,8.83468e-95,1.12762e-86,4.6621e-93,2.41028e-93,2.1332e-93,5.5815e-95,2.13376e-94,3.13615e-86,2.85516e-86,2.57684e-86,2.9685e-86,1.13939e-86,4.54817e-97,1.63701e-87,6.99996e-86,6.92205e-86,5.76911e-86,
177,2.09247e-89,1.18908e-87,9.64298e-88,2.49756e-87,2.63415e-87,3.47509e-87,1.41724e-88,3.91372e-89,1.21681e-86,3.27819e-90,2.7603e-90,5.77915e-96,7.37627e-88,3.04969e-94,1.57667e-94,1.39542e-94,3.6511e-96,1.39579e-95,2.05149e-87,1.86769e-87,1.68563e-87,1.94183e-87,7.45328e-88,2.97516e-98,1.07084e-88,4.57898e-87,4.52802e-87,3.77383e-87,
178,1.36878e-90,7.77831e-89,6.3079e-89,1.63376e-88,1.72311e-88,2.27321e-88,9.27082e-90,2.56014e-90,7.95967e-88,2.14441e-91,1.80563e-91,3.78039e-97,4.82514e-89,1.99493e-95,1.03137e-95,9.12804e-96,2.38835e-97,9.13046e-97,1.34197e-88,1.22174e-88,1.10264e-88,1.27023e-88,4.87552e-89,1.94618e-99,7.00482e-90,2.99531e-88,2.96197e-88,2.46863e-88,
179,8.95377e-92,5.08814e-90,4.12627e-90,1.06871e-89,1.12716e-89,1.48701e-89,6.06445e-91,1.6747e-91,5.20677e-89,1.40275e-92,1.18114e-92,2.47292e-98,3.15634e-90,1.30497e-96,6.74664e-97,5.97105e-97,1.56232e-98,5.97263e-98,8.77843e-90,7.99191e-90,7.21286e-90,8.30916e-90,3.18929e-90,1.27308e-100,4.58216e-91,1.95936e-89,1.93756e-89,1.61484e-89,
180,5.85705e-93,3.32837e-91,2.69918e-91,6.99093e-91,7.37328e-91,9.72717e-91,3.96702e-92,1.09549e-92,3.40598e-90,9.17602e-94,7.72638e-94,1.61765e-99,2.0647e-91,8.53641e-98,4.41327e-98,3.90593e-98,1.02198e-99,3.90696e-99,5.74236e-91,5.22786e-91,4.71825e-91,5.43539e-91,2.08625e-91,8.32779e-102,2.99739e-92,1.28171e-90,1.26744e-90,1.05634e-90,
181,3.83136e-94,2.17723e-92,1.76565e-92,4.57307e-92,4.82318e-92,6.36297e-92,2.595e-93,7.1661e-94,2.228e-91,6.00243e-95,5.05416e-95,1.05817e-100,1.35061e-92,5.58404e-99,2.88692e-99,2.55504e-99,6.68524e-101,2.55572e-100,3.75633e-92,3.41977e-92,3.08642e-92,3.55553e-92,1.36471e-92,5.44757e-103,1.96073e-93,8.3842e-92,8.29089e-92,6.90996e-92,
182,2.50626e-95,1.42422e-93,1.15499e-93,2.99145e-93,3.15506e-93,4.1623e-93,1.69751e-94,4.68766e-95,1.45743e-92,3.92646e-96,3.30615e-96,6.92198e-102,8.83494e-94,3.65277e-100,1.88846e-100,1.67136e-100,4.37311e-102,1.67181e-101,2.45718e-93,2.23702e-93,2.01896e-93,2.32583e-93,8.92717e-94,3.5635e-104,1.2826e-94,5.48448e-93,5.42344e-93,4.52011e-93,
183,1.63945e-96,9.31648e-95,7.55529e-95,1.95684e-94,2.06386e-94,2.72274e-94,1.11041e-95,3.06641e-96,9.5337e-94,2.56847e-97,2.1627e-97,4.52797e-103,5.77932e-95,2.38943e-101,1.23532e-101,1.09331e-101,2.86064e-103,1.0936e-102,1.60735e-94,1.46334e-94,1.32069e-94,1.52142e-94,5.83965e-95,2.33104e-105,8.39003e-96,3.58764e-94,3.54771e-94,2.9568e-94,
184,1.07244e-97,6.09432e-96,4.94224e-96,1.28005e-95,1.35006e-95,1.78106e-95,7.2637e-97,2.00587e-97,6.23641e-95,1.68015e-98,1.41472e-98,2.96194e-104,3.78051e-96,1.56303e-102,8.08079e-103,7.15183e-103,1.87127e-104,7.15373e-104,1.05144e-95,9.57232e-96,8.63921e-96,9.9523e-96,3.81997e-96,1.52484e-106,5.48828e-97,2.34683e-95,2.32071e-95,1.93417e-95,
185,7.01529e-99,3.98656e-97,3.23294e-97,8.37339e-97,8.83135e-97,1.16507e-96,4.7515e-98,1.31213e-98,4.07951e-96,1.09906e-99,9.25428e-100,1.93754e-105,2.473e-97,1.02245e-103,5.286e-104,4.67833e-104,1.22408e-105,4.67957e-105,6.87791e-97,6.26167e-97,5.65129e-97,6.51024e-97,2.49881e-97,9.97461e-108,3.59013e-98,1.53516e-96,1.51808e-96,1.26523e-96,
186,4.58901e-100,2.60778e-98,2.11481e-98,5.4774e-98,5.77697e-98,7.62125e-98,3.10817e-99,8.5832e-100,2.66859e-97,7.18942e-101,6.05363e-101,1.26743e-106,1.61769e-98,6.68829e-105,3.45781e-105,3.0603e-105,8.00725e-107,3.06111e-106,4.49914e-98,4.09604e-98,3.69676e-98,4.25863e-98,1.63458e-98,6.52483e-109,2.34846e-99,1.00422e-97,9.93042e-98,8.2764e-98,
187,3.00187e-101,1.70587e-99,1.38339e-99,3.58301e-99,3.77897e-99,4.98539e-99,2.03319e-100,5.61465e-101,1.74564e-98,4.70292e-102,3.95994e-102,8.29081e-108,1.05821e-99,4.3751e-106,2.2619e-106,2.00188e-106,5.2379e-108,2.00241e-107,2.94309e-99,2.6794e-99,2.41821e-99,2.78576e-99,1.06925e-99,4.26818e-110,1.53623e-100,6.56903e-99,6.49592e-99,5.41396e-99,
188,1.96366e-102,1.11588e-100,9.04935e-101,2.3438e-100,2.47199e-100,3.26116e-100,1.33e-101,3.67279e-102,1.1419e-99,3.07638e-103,2.59037e-103,5.42338e-109,6.92218e-101,2.86195e-107,1.47961e-107,1.30952e-107,3.42634e-109,1.30986e-108,1.9252e-100,1.75271e-100,1.58186e-100,1.82229e-100,6.99445e-101,2.79201e-111,1.00492e-101,4.29709e-100,4.24927e-100,3.54151e-100,
189,1.28451e-103,7.29947e-102,5.91958e-102,1.53319e-101,1.61704e-101,2.13327e-101,8.7001e-103,2.40253e-103,7.46966e-101,2.0124e-104,1.69448e-104,3.54767e-110,4.5281e-102,1.87212e-108,9.67877e-109,8.56611e-109,2.24132e-110,8.56838e-110,1.25936e-101,1.14653e-101,1.03476e-101,1.19204e-101,4.57538e-102,1.82637e-112,6.5736e-103,2.81092e-101,2.77963e-101,2.31666e-101,
190,8.40257e-105,4.77491e-103,3.87225e-103,1.00292e-102,1.05778e-102,1.39547e-102,5.69112e-104,1.5716e-104,4.88624e-102,1.3164e-105,1.10843e-105,2.32069e-111,2.96203e-103,1.22464e-109,6.33131e-110,5.60347e-110,1.46614e-111,5.60495e-111,8.23802e-103,7.49992e-103,6.76883e-103,7.79764e-103,2.99295e-103,1.19471e-113,4.30008e-104,1.83874e-102,1.81828e-102,1.51543e-102,
191,5.49649e-106,3.12348e-104,2.53301e-104,6.56056e-104,6.91937e-104,9.12836e-104,3.72281e-105,1.02805e-105,3.1963e-103,8.61113e-107,7.25074e-107,1.51806e-112,1.93759e-104,8.0109e-111,4.14159e-111,3.66548e-111,9.59069e-113,3.66645e-112,5.38885e-104,4.90603e-104,4.42779e-104,5.10078e-104,1.95782e-104,7.81513e-115,2.81287e-105,1.2028e-103,1.18942e-103,9.91307e-104,
192,3.59549e-107,2.0432e-105,1.65695e-105,4.29155e-105,4.52627e-105,5.97126e-105,2.43525e-106,6.72495e-107,2.09084e-104,5.63292e-108,4.74303e-108,9.93032e-114,1.26747e-105,5.24028e-112,2.70919e-112,2.39775e-112,6.27369e-114,2.39838e-113,3.52509e-105,3.20925e-105,2.89641e-105,3.33664e-105,1.2807e-105,5.11222e-116,1.84002e-106,7.86806e-105,7.7805e-105,6.48457e-105,
193,2.35197e-108,1.33655e-106,1.08389e-106,2.80729e-106,2.96083e-106,3.90606e-106,1.59301e-107,4.39909e-108,1.36771e-105,3.68474e-109,3.10262e-109,6.49586e-115,8.29105e-107,3.4279e-113,1.7722e-113,1.56847e-113,4.1039e-115,1.56889e-114,2.30591e-106,2.09931e-106,1.89467e-106,2.18265e-106,8.37761e-107,3.34412e-117,1.20364e-107,5.14685e-106,5.08956e-106,4.24184e-106,
194,1.53853e-109,8.74295e-108,7.09018e-108,1.83637e-107,1.93681e-107,2.55513e-107,1.04206e-108,2.87764e-109,8.9468e-107,2.41035e-110,2.02956e-110,4.24923e-116,5.42354e-108,2.24234e-114,1.15928e-114,1.02601e-114,2.68454e-116,1.02628e-115,1.5084e-107,1.37325e-107,1.23939e-107,1.42776e-107,5.48016e-108,2.18754e-118,7.87353e-109,3.36678e-107,3.32931e-107,2.77478e-107,
195,1.00642e-110,5.71915e-109,4.638e-109,1.20125e-108,1.26695e-108,1.67142e-108,6.81654e-110,1.88239e-110,5.85249e-108,1.57672e-111,1.32762e-111,2.7796e-117,3.54778e-109,1.46681e-115,7.58333e-116,6.71156e-116,1.75608e-117,6.71334e-117,9.8671e-109,8.98304e-109,8.10738e-109,9.33963e-109,3.58481e-109,1.43097e-119,5.15042e-110,2.20236e-108,2.17785e-108,1.8151e-108,
196,6.58342e-112,3.74114e-110,3.03392e-110,7.85792e-110,8.28768e-110,1.09335e-109,4.459e-111,1.23135e-111,3.82837e-109,1.0314e-112,8.68458e-113,1.81826e-118,2.32076e-110,9.59506e-117,4.96059e-117,4.39033e-117,1.14873e-118,4.39149e-118,6.4545e-110,5.8762e-110,5.30339e-110,6.10946e-110,2.34498e-110,9.36057e-121,3.36912e-111,1.44066e-109,1.42462e-109,1.18734e-109,
197,4.30651e-113,2.44725e-111,1.98462e-111,5.14021e-111,5.42134e-111,7.15208e-111,2.91683e-112,8.05482e-113,2.50431e-110,6.74683e-114,5.68096e-114,1.1894e-119,1.51811e-111,6.27655e-118,3.24494e-118,2.8719e-118,7.51432e-120,2.87267e-119,4.22217e-111,3.84388e-111,3.46918e-111,3.99647e-111,1.53396e-111,6.12316e-122,2.20389e-112,9.42398e-111,9.3191e-111,7.7669e-111,
198,2.81707e-114,1.60085e-112,1.29823e-112,3.36244e-112,3.54634e-112,4.67849e-112,1.90802e-113,5.26901e-114,1.63818e-111,4.4134e-115,3.71617e-115,7.78042e-121,9.93061e-113,4.10577e-119,2.12266e-119,1.87864e-119,4.91545e-121,1.87914e-120,2.76191e-112,2.51445e-112,2.26934e-112,2.61427e-112,1.00343e-112,4.00543e-123,1.44166e-113,6.16464e-112,6.09603e-112,5.08067e-112,
199,1.84277e-115,1.04719e-113,8.49226e-114,2.19952e-113,2.31981e-113,3.06041e-113,1.24812e-114,3.44669e-115,1.0716e-112,2.887e-116,2.43091e-116,5.08951e-122,6.49605e-114,2.68576e-120,1.38852e-120,1.2289e-120,3.21541e-122,1.22923e-121,1.80669e-113,1.64481e-113,1.48448e-113,1.71011e-113,6.56387e-114,2.62013e-124,9.43052e-115,4.03256e-113,3.98768e-113,3.32349e-113,
200,1.20544e-116,6.85011e-115,5.55516e-115,1.4388e-114,1.51749e-114,2.00195e-114,8.16452e-116,2.25463e-116,7.00983e-114,1.88851e-117,1.59016e-117,3.32927e-123,4.24935e-115,1.75688e-121,9.08294e-122,8.03878e-122,2.10334e-123,8.04091e-123,1.18183e-114,1.07594e-114,9.71062e-115,1.11866e-114,4.29371e-115,1.71394e-125,6.16892e-116,2.63788e-114,2.60852e-114,2.17404e-114,
