matrix(560, 1)
( 0 )
( 0 )
( 0 )
( 0 )
( 0 )
( 0 )
( 0 )
( 0 )
( 0 )
( 0 )
( 0 )
( 0 )
( 0 )
( 0 )
( 0 )
( 0 )
( 0 )
( 0 )
( 0 )
( 0 )
( 0.25726 )
( 0 )
( 0.257261 )
( 0 )
( 0.257262 )
( 0 )
( 0.257263 )
( 0 )
( 0.257264 )
( 0 )
( 0.257265 )
( 0 )
( 0.257265 )
( 0 )
( 0.257266 )
( 0 )
( 0.257267 )
( 0 )
( 0.257268 )
( 0 )
( 0.257268 )
( 0 )
( 0.257269 )
( 0 )
( 0.25727 )
( 0 )
( 0.257271 )
( 0 )
( 0.257271 )
( 0 )
( 0.257272 )
( 0 )
( 0.257272 )
( 0 )
( 0.257273 )
( 0 )
( 0.257273 )
( 0 )
( 0.257274 )
( 0 )
( 0 )
( 0 )
( 0.244181 )
( 0.238617 )
( 0.30239 )
( 0 )
( 0 )
( 0.244181 )
( 0.238618 )
( 0.30239 )
( 0 )
( 0 )
( 0.24418 )
( 0.238619 )
( 0.30239 )
( 0 )
( 0 )
( 0.24418 )
( 0.23862 )
( 0.302391 )
( 0 )
( 0 )
( 0.24418 )
( 0.238621 )
( 0.302391 )
( 0 )
( 0 )
( 0.244179 )
( 0.238622 )
( 0.302392 )
( 0 )
( 0 )
( 0.244179 )
( 0.238623 )
( 0.302392 )
( 0 )
( 0 )
( 0.244178 )
( 0.238624 )
( 0.302393 )
( 0 )
( 0 )
( 0.244178 )
( 0.238625 )
( 0.302393 )
( 0 )
( 0 )
( 0.244177 )
( 0.238626 )
( 0.302394 )
( 0 )
( 0 )
( 0.244177 )
( 0.238627 )
( 0.302394 )
( 0 )
( 0 )
( 0.244176 )
( 0.238628 )
( 0.302394 )
( 0 )
( 0 )
( 0.244176 )
( 0.238629 )
( 0.302395 )
( 0 )
( 0 )
( 0.244175 )
( 0.23863 )
( 0.302395 )
( 0 )
( 0 )
( 0.244175 )
( 0.238631 )
( 0.302395 )
( 0 )
( 0 )
( 0.244174 )
( 0.238632 )
( 0.302396 )
( 0 )
( 0 )
( 0.244174 )
( 0.238633 )
( 0.302396 )
( 0 )
( 0 )
( 0.244173 )
( 0.238633 )
( 0.302396 )
( 0 )
( 0 )
( 0.244173 )
( 0.238634 )
( 0.302397 )
( 0 )
( 0 )
( 0.244172 )
( 0.238635 )
( 0.302397 )
( 0 )
( 0 )
( 0.544979 )
( 0 )
( 0.456574 )
( 0.244169 )
( 0.610305 )
( 0.218506 )
( 0 )
( 0 )
( 0 )
( 0 )
( 0.544979 )
( 0 )
( 0.456573 )
( 0.244169 )
( 0.610305 )
( 0.218507 )
( 0 )
( 0 )
( 0 )
( 0 )
( 0.54498 )
( 0 )
( 0.456573 )
( 0.244168 )
( 0.610305 )
( 0.218507 )
( 0 )
( 0 )
( 0 )
( 0 )
( 0.544981 )
( 0 )
( 0.456573 )
( 0.244168 )
( 0.610305 )
( 0.218508 )
( 0 )
( 0 )
( 0 )
( 0 )
( 0.544982 )
( 0 )
( 0.456573 )
( 0.244168 )
( 0.610305 )
( 0.218509 )
( 0 )
( 0 )
( 0 )
( 0 )
( 0.544983 )
( 0 )
( 0.456572 )
( 0.244168 )
( 0.610306 )
( 0.21851 )
( 0 )
( 0 )
( 0 )
( 0 )
( 0.544983 )
( 0 )
( 0.456572 )
( 0.244167 )
( 0.610306 )
( 0.218511 )
( 0 )
( 0 )
( 0 )
( 0 )
( 0.544984 )
( 0 )
( 0.456572 )
( 0.244167 )
( 0.610306 )
( 0.218511 )
( 0 )
( 0 )
( 0 )
( 0 )
( 0.544985 )
( 0 )
( 0.456571 )
( 0.244167 )
( 0.610306 )
( 0.218512 )
( 0 )
( 0 )
( 0 )
( 0 )
( 0.544986 )
( 0 )
( 0.456571 )
( 0.244167 )
( 0.610306 )
( 0.218513 )
( 0 )
( 0 )
( 0 )
( 0 )
( 0.544986 )
( 0 )
( 0.456571 )
( 0.244166 )
( 0.610306 )
( 0.218514 )
( 0 )
( 0 )
( 0 )
( 0 )
( 0.544987 )
( 0 )
( 0.45657 )
( 0.244166 )
( 0.610306 )
( 0.218515 )
( 0 )
( 0 )
( 0 )
( 0 )
( 0.544988 )
( 0 )
( 0.45657 )
( 0.244166 )
( 0.610307 )
( 0.218515 )
( 0 )
( 0 )
( 0 )
( 0 )
( 0.544988 )
( 0 )
( 0.45657 )
( 0.244165 )
( 0.610307 )
( 0.218516 )
( 0 )
( 0 )
( 0 )
( 0 )
( 0.544989 )
( 0 )
( 0.456569 )
( 0.244165 )
( 0.610307 )
( 0.218517 )
( 0 )
( 0 )
( 0 )
( 0 )
( 0.54499 )
( 0 )
( 0.456569 )
( 0.244165 )
( 0.610307 )
( 0.218517 )
( 0 )
( 0 )
( 0 )
( 0 )
( 0.54499 )
( 0 )
( 0.456568 )
( 0.244164 )
( 0.610307 )
( 0.218518 )
( 0 )
( 0 )
( 0 )
( 0 )
( 0.544991 )
( 0 )
( 0.456568 )
( 0.244164 )
( 0.610307 )
( 0.218519 )
( 0 )
( 0 )
( 0 )
( 0 )
( 0.544991 )
( 0 )
( 0.456568 )
( 0.244164 )
( 0.610307 )
( 0.218519 )
( 0 )
( 0 )
( 0 )
( 0 )
( 0.544992 )
( 0 )
( 0.456567 )
( 0.244163 )
( 0.610308 )
( 0.21852 )
( 0 )
( 0 )
( 0.544999 )
( 0.00583426 )
( 0 )
( 0.544994 )
( 0 )
( 0 )
( 0.456563 )
( 0 )
( 0.00584004 )
( 0 )
( 0.544999 )
( 0.00583461 )
( 0 )
( 0.544995 )
( 0 )
( 0 )
( 0.456563 )
( 0 )
( 0.00583981 )
( 0 )
( 0.544999 )
( 0.00583496 )
( 0 )
( 0.544995 )
( 0 )
( 0 )
( 0.456563 )
( 0 )
( 0.00583957 )
( 0 )
( 0.544999 )
( 0.00583531 )
( 0 )
( 0.544995 )
( 0 )
( 0 )
( 0.456562 )
( 0 )
( 0.00583931 )
( 0 )
( 0.544998 )
( 0.00583565 )
( 0 )
( 0.544996 )
( 0 )
( 0 )
( 0.456562 )
( 0 )
( 0.00583905 )
( 0 )
( 0.544998 )
( 0.00583599 )
( 0 )
( 0.544996 )
( 0 )
( 0 )
( 0.456561 )
( 0 )
( 0.00583878 )
( 0 )
( 0.544998 )
( 0.00583633 )
( 0 )
( 0.544996 )
( 0 )
( 0 )
( 0.456561 )
( 0 )
( 0.0058385 )
( 0 )
( 0.544998 )
( 0.00583666 )
( 0 )
( 0.544996 )
( 0 )
( 0 )
( 0.45656 )
( 0 )
( 0.00583821 )
( 0 )
( 0.544997 )
( 0.00583698 )
( 0 )
( 0.544997 )
( 0 )
( 0 )
( 0.45656 )
( 0 )
( 0.00583791 )
( 0 )
( 0.544997 )
( 0.00583729 )
( 0 )
( 0.544997 )
( 0 )
( 0 )
( 0.456559 )
( 0 )
( 0.0058376 )
( 0 )
( 0 )
( 0 )
( 0.456558 )
( 0 )
( 0 )
( 0 )
( 0.456558 )
( 0 )
( 0 )
( 0 )
( 0.456557 )
( 0 )
( 0 )
( 0 )
( 0.456557 )
( 0 )
( 0 )
( 0 )
( 0.456556 )
( 0 )
( 0 )
( 0 )
( 0.456555 )
( 0 )
( 0 )
( 0 )
( 0.456555 )
( 0 )
( 0 )
( 0 )
( 0.456554 )
( 0 )
( 0 )
( 0 )
( 0.456553 )
( 0 )
( 0 )
( 0 )
( 0.456553 )
( 0 )
( 0 )
( 0.677279 )
( 0 )
( 0.677279 )
( 0 )
( 0.677278 )
( 0 )
( 0.677278 )
( 0 )
( 0.677278 )
( 0 )
( 0.677277 )
( 0 )
( 0.677277 )
( 0 )
( 0.677277 )
( 0 )
( 0.677276 )
( 0 )
( 0.677276 )
( 0 )
( 0.677276 )
( 0 )
( 0.677275 )
( 0 )
( 0.677275 )
( 0 )
( 0.677274 )
( 0 )
( 0.677274 )
( 0 )
( 0.677274 )
( 0 )
( 0.677273 )
( 0 )
( 0.677273 )
( 0 )
( 0.677272 )
( 0 )
( 0.677272 )
( 0 )
( 0 )
( 0 )
( 0 )
( 0 )
( 0 )
( 0 )
( 0 )
( 0 )
( 0 )
( 0 )
( 0 )
( 0 )
( 0 )
( 0 )
( 0 )
( 0 )
( 0 )
( 0 )
( 0 )
