BEGIN_LIST
0
3.43933e-184
1.1998e-183
3.31896e-183
8.55617e-183
2.14912e-182
5.34349e-182
1.32332e-181
3.27243e-181
8.0888e-181
1.99937e-180
4.94285e-180
1.22226e-179
3.02317e-179
7.47966e-179
1.85108e-178
4.5823e-178
1.13465e-177
2.81031e-177
6.96238e-177
7.20256e-177
8.03794e-177
7.30672e-177
9.01801e-177
7.41327e-177
1.01581e-176
7.52227e-177
1.14716e-176
7.63381e-177
1.29687e-176
7.74796e-177
1.46555e-176
7.8648e-177
1.65339e-176
7.9844e-177
1.86008e-176
8.10744e-177
2.08508e-176
8.25861e-177
2.32799e-176
9.48926e-177
2.58968e-176
5.66642e-176
2.87425e-176
2.06466e-174
3.19287e-176
8.77652e-173
3.5709e-176
3.74537e-171
4.06115e-176
1.59873e-169
4.76869e-176
6.82432e-168
5.89791e-176
2.91325e-166
7.84201e-176
1.2436e-164
1.13474e-175
5.30918e-163
1.77877e-175
2.267e-161
1.85737e-175
2.32181e-175
1.00129e-175
5.31296e-161
2.41008e-161
1.93951e-175
2.65189e-175
5.65298e-176
1.01562e-160
2.56092e-161
2.02537e-175
2.84434e-175
3.20577e-176
1.75449e-160
2.71953e-161
2.11512e-175
2.94776e-175
1.82718e-176
2.84668e-160
2.88577e-161
2.20893e-175
2.99356e-175
1.04678e-176
4.42117e-160
3.05926e-161
2.30699e-175
3.00206e-175
6.02663e-177
6.64493e-160
3.23939e-161
2.40951e-175
2.98642e-175
3.48574e-177
9.73304e-160
3.42513e-161
2.5167e-175
2.95515e-175
2.02463e-177
1.39617e-159
3.61499e-161
2.62877e-175
2.9138e-175
1.18046e-177
1.96856e-159
3.80684e-161
2.74595e-175
2.86597e-175
6.90625e-178
2.73616e-159
3.99765e-161
2.86848e-175
2.814e-175
4.05274e-178
3.75818e-159
4.18315e-161
2.99663e-175
2.75945e-175
2.38463e-178
5.11195e-159
4.35727e-161
3.13064e-175
2.70331e-175
1.40644e-178
6.8997e-159
4.51115e-161
3.27081e-175
2.64627e-175
8.31229e-179
9.25836e-159
4.63134e-161
3.41738e-175
2.58878e-175
4.92167e-179
1.23743e-158
4.6965e-161
3.5751e-175
2.53115e-175
2.9187e-179
1.65056e-158
4.67123e-161
3.35605e-175
2.47359e-175
1.73325e-179
2.20167e-158
4.4944e-161
3.66356e-174
2.41625e-175
1.03048e-179
2.94331e-158
4.05695e-161
-2.85267e-172
2.35926e-175
6.13245e-180
3.95314e-158
3.15916e-161
2.49289e-170
2.30269e-175
3.65216e-180
5.3494e-158
1.42437e-161
1.44861e-169
2.52175e-170
1.56041e-174
1.05133e-175
1.87488e-175
2.59802e-180
5.65048e-158
4.8639e-158
1.45296e-161
4.19928e-162
4.69346e-169
2.5506e-170
4.24039e-174
4.81133e-176
1.53671e-175
1.84811e-180
5.92654e-158
4.2809e-158
1.48213e-161
1.23761e-162
1.349e-168
2.57945e-170
9.79489e-174
2.2042e-176
1.27643e-175
1.31444e-180
6.17492e-158
3.65478e-158
1.51188e-161
3.64734e-163
3.74099e-168
2.60828e-170
2.21671e-173
1.01047e-176
1.08122e-175
9.34526e-181
6.39303e-158
3.03719e-158
1.54222e-161
1.07494e-163
1.02688e-167
2.63709e-170
5.23799e-173
4.63462e-177
9.38333e-176
6.64008e-181
6.57839e-158
2.46708e-158
1.57318e-161
3.16825e-164
2.8152e-167
2.66588e-170
1.32778e-172
2.12659e-177
8.36203e-176
4.71346e-181
6.72863e-158
1.96721e-158
1.60476e-161
9.33872e-165
7.73471e-167
2.69463e-170
3.61531e-172
9.76142e-178
7.65026e-176
3.34122e-181
6.84153e-158
1.54593e-158
1.63697e-161
2.7529e-165
2.13269e-166
2.72336e-170
1.04405e-171
4.48207e-178
7.16885e-176
2.36381e-181
6.91501e-158
1.20135e-158
1.66983e-161
8.11593e-166
5.90521e-166
2.75205e-170
3.14711e-171
2.0585e-178
6.85588e-176
1.66772e-181
6.94718e-158
9.25729e-159
1.70335e-161
2.39305e-166
1.64254e-165
2.7807e-170
9.76636e-171
9.45556e-179
6.66384e-176
1.17212e-181
6.93634e-158
7.08887e-159
1.73754e-161
7.05848e-167
4.59036e-165
2.8093e-170
3.08875e-170
4.3432e-179
6.55666e-176
8.19423e-182
6.881e-158
5.40342e-159
1.77242e-161
2.08391e-167
1.28909e-164
2.83785e-170
9.88702e-170
1.99419e-179
6.50699e-176
5.68615e-182
6.77989e-158
4.10488e-159
1.808e-161
6.17072e-168
3.63793e-164
2.86635e-170
3.18883e-169
9.14663e-180
6.49403e-176
3.90452e-182
6.632e-158
3.1108e-159
1.84429e-161
1.84501e-168
1.03171e-163
2.8948e-170
1.03333e-168
4.18483e-180
6.5018e-176
2.64089e-182
6.43658e-158
2.35331e-159
1.88131e-161
5.69107e-169
2.94017e-163
2.92318e-170
3.35821e-168
1.90435e-180
6.51786e-176
1.74657e-182
6.19314e-158
1.77801e-159
1.91907e-161
1.92611e-169
8.41916e-163
2.9515e-170
1.09334e-167
8.56619e-181
6.53237e-176
1.1155e-182
5.90147e-158
1.34214e-159
1.9576e-161
8.13714e-170
2.42216e-162
2.97976e-170
3.56356e-167
3.75725e-181
6.53744e-176
6.72022e-183
5.5617e-158
1.01254e-159
1.99689e-161
4.83693e-170
7.00103e-162
3.00795e-170
1.16227e-166
1.55504e-181
6.52667e-176
3.6213e-183
5.17421e-158
7.64312e-160
2.03696e-161
3.84447e-170
2.03348e-161
3.03607e-170
3.79236e-166
5.51543e-182
6.49489e-176
1.47288e-183
4.73974e-158
5.8384e-160
2.07729e-161
3.53273e-170
5.94177e-161
3.06414e-170
1.23772e-165
9.90869e-183
6.43796e-176
0
4.25933e-158
5.09766e-160
2.09738e-161
3.42176e-170
3.51748e-161
8.67862e-161
3.08055e-170
2.14455e-165
1.01708e-182
5.68777e-183
6.29501e-176
4.18709e-158
3.10009e-158
3.38895e-170
2.06874e-161
1.2445e-160
3.09693e-170
3.69651e-165
1.04401e-182
3.26498e-183
6.07936e-176
4.11506e-158
2.25538e-158
3.36432e-170
1.21201e-161
1.76264e-160
3.11328e-170
6.35611e-165
1.07168e-182
1.87424e-183
5.78917e-176
4.04328e-158
1.64031e-158
3.3439e-170
7.0849e-162
2.47529e-160
3.1296e-170
1.09167e-164
1.10012e-182
1.07589e-183
5.42774e-176
3.97183e-158
1.19269e-158
3.32563e-170
4.13624e-162
3.45532e-160
3.1459e-170
1.87394e-164
1.12937e-182
6.17594e-184
5.00346e-176
3.90077e-158
8.67032e-159
3.30847e-170
2.41301e-162
4.80296e-160
3.16217e-170
3.21595e-164
1.15951e-182
3.54492e-184
4.52922e-176
3.83016e-158
6.30161e-159
3.29186e-170
1.40712e-162
6.65604e-160
3.1784e-170
5.51836e-164
1.19074e-182
2.03444e-184
4.02129e-176
3.76004e-158
4.57891e-159
3.27552e-170
8.20351e-163
9.20408e-160
3.19462e-170
9.46858e-164
1.22352e-182
1.16724e-184
3.49787e-176
3.69047e-158
3.32612e-159
3.2593e-170
4.782e-163
1.27078e-159
3.2108e-170
1.62459e-163
1.25916e-182
6.69357e-185
2.97733e-176
3.62148e-158
2.41508e-159
3.24313e-170
2.78732e-163
1.75257e-159
3.22697e-170
1.30117e-182
3.83509e-185
2.4767e-176
3.55313e-158
1.35929e-182
2.194e-185
2.01023e-176
3.48545e-158
1.46042e-182
1.25191e-185
1.58865e-176
3.41848e-158
1.67899e-182
7.11178e-186
1.21875e-176
3.35224e-158
2.22117e-182
4.00915e-186
9.03509e-177
3.28676e-158
3.65788e-182
2.22989e-186
6.42625e-177
3.22208e-158
7.57033e-182
1.21053e-186
4.33145e-177
3.15821e-158
1.83379e-181
6.2748e-187
2.70255e-177
3.09517e-158
4.80898e-181
2.9495e-187
1.48028e-177
3.03303e-158
1.3042e-180
1.06218e-187
6.00636e-178
2.97285e-158
3.5837e-180
0
0
2.94351e-158
3.65235e-180
2.04068e-179
3.72232e-180
3.25767e-179
3.79362e-180
4.05874e-179
3.8663e-180
4.53261e-179
3.94036e-180
4.77865e-179
4.01585e-180
4.88035e-179
4.09278e-180
4.8926e-179
4.17119e-180
4.84216e-179
4.2511e-180
4.7348e-179
4.33254e-180
4.56415e-179
4.41554e-180
4.31977e-179
4.50013e-180
3.99377e-179
4.58635e-180
3.58545e-179
4.67422e-180
3.10367e-179
4.76377e-180
2.56683e-179
4.85503e-180
2.00054e-179
4.94805e-180
1.43401e-179
5.04285e-180
8.96091e-180
5.13949e-180
4.11804e-180
5.23749e-180
0
5.37715e-180
5.52054e-180
5.66775e-180
5.8189e-180
5.97407e-180
6.13338e-180
6.29695e-180
6.46487e-180
6.63728e-180
6.81429e-180
6.99602e-180
7.1826e-180
7.37416e-180
7.57081e-180
7.77277e-180
7.97987e-180
8.19363e-180
8.40786e-180
8.65199e-180
8.79089e-180
END_LIST
