BEGIN_LIST
0.1
0.0997539
0.0995083
0.0992631
0.0990184
0.0987741
0.0985303
0.098287
0.0980441
0.0978017
0.0975597
0.0973181
0.0970768
0.0968357
0.0965939
0.0963502
0.0961008
0.0958362
0.0955329
0.095131
0.0944806
0.0922243
0.0941286
0.0895777
0.0937614
0.0865171
0.0933784
0.0830324
0.0929791
0.0791307
0.0925629
0.0748392
0.0921295
0.070206
0.0916783
0.0652997
0.0912088
0.0602053
0.0907205
0.0550187
0.0902129
0.0498405
0.0896856
0.0447689
0.089138
0.0398945
0.0885698
0.0352981
0.0879806
0.0310535
0.0873699
0.0272388
0.0867373
0.0239648
0.0860825
0.0214381
0.0854006
0.0200979
0.0845363
0.0209163
0.0781591
0.0209157
0.0231954
0.0181744
0.0730118
0.0762353
0.0209152
0.024924
0.0177744
0.0680124
0.0740021
0.0209146
0.0263184
0.0186709
0.0631846
0.0714444
0.0209141
0.0275124
0.0203356
0.058548
0.0685577
0.0209136
0.028589
0.0225039
0.0541184
0.0653504
0.020913
0.0295999
0.025043
0.0499073
0.0618458
0.0209125
0.0305769
0.0278836
0.0459226
0.0580828
0.020912
0.0315399
0.0309856
0.0421686
0.0541141
0.0209114
0.0325011
0.0343203
0.0386464
0.0500045
0.0209109
0.0334681
0.0378608
0.0353541
0.0458257
0.0209103
0.0344455
0.0415781
0.0322871
0.0416519
0.0209098
0.0354361
0.0454385
0.0294387
0.0375542
0.0209093
0.0364416
0.049403
0.0267994
0.0335953
0.0209087
0.0374628
0.0534283
0.0243571
0.0298246
0.0209082
0.0385002
0.0574675
0.0220948
0.0262728
0.0209077
0.0395538
0.0614726
0.0199873
0.0229438
0.0209071
0.0406237
0.0653959
0.0179925
0.019799
0.0209065
0.0417096
0.0691924
0.0160334
0.0167223
0.0209162
0.042811
0.0728221
0.0139582
0.0134391
0.0199849
0.0439277
0.076251
0.0114561
0.00933079
0.0182906
0.0195611
0.0331726
0.0609257
0.0301069
0.0784269
0.011107
0.00879885
0.00933062
0.00730412
0.0166752
0.0191453
0.023664
0.0697323
0.0207088
0.0804923
0.0107578
0.00664099
0.00933046
0.00683161
0.0151472
0.0187374
0.0161137
0.0748782
0.0144169
0.0824436
0.0104079
0.00494382
0.00933029
0.0068065
0.0137122
0.0183374
0.0105972
0.0783488
0.0102708
0.0842787
0.0100569
0.00364164
0.00933013
0.00691194
0.0123738
0.017945
0.00680148
0.0810146
0.00759144
0.0859969
0.0097045
0.00266113
0.00932996
0.00705728
0.0111332
0.0175603
0.00429477
0.083257
0.0059098
0.0875987
0.00935017
0.00193312
0.0093298
0.00721661
0.00998988
0.017183
0.00268342
0.0852431
0.00490765
0.089086
0.00899345
0.00139816
0.00932963
0.00738257
0.00894184
0.0168131
0.00166542
0.0870469
0.00437214
0.0904615
0.00863387
0.00100803
0.00932947
0.00755311
0.00798572
0.0164505
0.00102928
0.0887021
0.0041626
0.0917288
0.00827093
0.000725076
0.0093293
0.0077277
0.00711725
0.0160949
0.000634464
0.0902255
0.00418733
0.0928922
0.00790409
0.000520679
0.00932914
0.00790622
0.0063315
0.0157465
0.00039046
0.0916267
0.00438761
0.0939567
0.0075328
0.000373451
0.00932897
0.00808873
0.0056231
0.0154049
0.000240056
0.092913
0.00472686
0.0949276
0.00715648
0.000267622
0.00932881
0.00827527
0.00498638
0.0150702
0.000147497
0.0940908
0.00518344
0.0958105
0.00677454
0.000191664
0.00932865
0.00846593
0.00441549
0.0147421
9.05916e-05
0.0951661
0.00574579
0.096611
0.00638633
0.000137203
0.00932848
0.00866078
0.00390421
0.0144206
5.56281e-05
0.0961452
0.00640927
0.097335
0.00599118
9.81864e-05
0.00932832
0.00885992
0.00344517
0.0141057
3.41543e-05
0.0970344
0.00717397
0.0979881
0.00558841
7.02491e-05
0.00932815
0.00906342
0.0030272
0.0137971
2.09702e-05
0.0978399
0.00804333
0.0985758
0.00517727
5.02564e-05
0.00932799
0.00927137
0.0026271
0.0134948
1.28819e-05
0.098568
0.00902316
0.0991037
0.004757
3.5985e-05
0.00932782
0.00948385
0.00218415
0.0131988
7.93814e-06
0.0992245
0.0101209
0.0995768
0.00432679
2.61029e-05
0.00932766
0.00970096
0.00152196
0.0129094
4.97811e-06
0.0998153
0.0113453
0.1
0.00388578
2.21548e-05
0.00932758
0.00992278
0.000864789
0.00145981
0.012742
3.97025e-06
0.0998154
0.0998978
0.0134562
0.00371306
0.00290997
0.0100555
0.000490943
0.00140063
0.0125767
3.18331e-06
0.0998154
0.0999435
0.0159239
0.00354771
0.0022468
0.0101897
0.000278591
0.00134451
0.0124133
2.58198e-06
0.0998154
0.0999688
0.0187796
0.00338945
0.00179984
0.0103255
0.000158079
0.00129159
0.0122519
2.14601e-06
0.0998154
0.0999829
0.0220515
0.00323799
0.00150251
0.0104629
8.973e-05
0.00124214
0.0120925
1.87304e-06
0.0998154
0.0999906
0.0257609
0.00309307
0.00130883
0.0106021
5.09873e-05
0.0011966
0.0119351
1.78542e-06
0.0998155
0.0999949
0.0299172
0.00295442
0.00118714
0.0107429
2.90456e-05
0.00115565
0.0117795
1.94359e-06
0.0998155
0.0999973
0.0345139
0.00282179
0.00111559
0.0108856
1.66396e-05
0.00112032
0.0116259
2.47089e-06
0.0998155
0.0999986
0.0395239
0.00269494
0.00107915
0.01103
9.64982e-06
0.00109215
0.0114742
3.59809e-06
0.0998155
0.0999993
0.0448974
0.00257363
0.00106746
0.0111762
5.74277e-06
0.00107342
0.0113243
0.0998154
0.0999997
0.0505605
0.00245763
0.0998152
0.0999999
0.0564172
0.00234672
0.0998144
0.1
0.0623544
0.00224069
0.0998123
0.1
0.068249
0.00213935
0.099806
0.1
0.0739777
0.00204248
0.0997879
0.1
0.0794263
0.0019499
0.0997358
0.1
0.084499
0.00186144
0.0995859
0.1
0.089124
0.00177691
0.099154
0.1
0.0932568
0.00169619
0.0979107
0.1
0.09688
0.00162031
0.0943309
0.1
0.1
0.00158385
0.0943309
0.0677526
0.094331
0.0482298
0.094331
0.0346001
0.094331
0.0256578
0.094331
0.0202853
0.094331
0.0175748
0.094331
0.0168689
0.094331
0.0177363
0.094331
0.0199208
0.094331
0.0232861
0.094331
0.0277653
0.094331
0.0333185
0.094331
0.0398956
0.094331
0.0474062
0.094331
0.0557
0.094331
0.0645604
0.094331
0.0737154
0.094331
0.0828635
0.094331
0.0917097
0.094331
0.1
0.094331
0.094331
0.094331
0.094331
0.094331
0.094331
0.0943311
0.0943311
0.0943311
0.0943311
0.0943311
0.0943311
0.0943311
0.0943311
0.0943311
0.0943311
0.0943311
0.0943311
0.0943311
0.0943311
END_LIST
