BEGIN_LIST
0
4.21453e-124
1.4606e-123
3.99984e-123
1.01814e-122
2.52056e-122
6.16961e-122
1.50296e-121
3.65395e-121
8.87554e-121
2.15507e-120
5.2319e-120
1.27004e-119
3.08292e-119
7.48333e-119
1.81646e-118
4.40907e-118
1.0702e-117
2.59769e-117
6.30528e-117
1.55101e-116
6.93436e-116
1.59671e-116
1.64213e-115
1.64372e-116
3.25137e-115
1.69205e-116
5.91348e-115
1.74176e-116
1.02432e-114
1.79287e-116
1.72051e-114
1.84542e-116
2.83193e-114
1.89944e-116
4.59944e-114
1.95497e-116
7.408e-114
2.01219e-116
1.18791e-113
2.07715e-116
1.90287e-113
2.40658e-116
3.05406e-113
1.39568e-115
4.92483e-113
5.04367e-114
7.99959e-113
2.14319e-112
1.31199e-112
9.14734e-111
2.17708e-112
3.9046e-109
3.66088e-112
1.66684e-107
6.24365e-112
7.11537e-106
1.0797e-111
3.03768e-104
1.88878e-111
1.29708e-102
2.00718e-111
2.46591e-111
1.09719e-111
3.03981e-102
1.37895e-102
2.133e-111
2.80352e-111
6.39524e-112
5.81074e-102
1.46527e-102
2.2667e-111
2.98471e-111
3.74622e-112
1.00378e-101
1.55603e-102
2.40879e-111
3.064e-111
2.20674e-112
1.6286e-101
1.65116e-102
2.55978e-111
3.07719e-111
1.30724e-112
2.52927e-101
1.75044e-102
2.72024e-111
3.04781e-111
7.78566e-113
3.80127e-101
1.85352e-102
2.89076e-111
2.9913e-111
4.66021e-113
5.56752e-101
1.95982e-102
3.07196e-111
2.91786e-111
2.8021e-113
7.98586e-101
2.06847e-102
3.26453e-111
2.83416e-111
1.6917e-113
1.1259e-100
2.17827e-102
3.46916e-111
2.74461e-111
1.02499e-113
1.56479e-100
2.28746e-102
3.68663e-111
2.65211e-111
6.22984e-114
2.14907e-100
2.39362e-102
3.91772e-111
2.55858e-111
3.79676e-114
2.9229e-100
2.49328e-102
4.1633e-111
2.46525e-111
2.31934e-114
3.94464e-100
2.58135e-102
4.42428e-111
2.37296e-111
1.41963e-114
5.29245e-100
2.65014e-102
4.70161e-111
2.28224e-111
8.70378e-115
7.0727e-100
2.68745e-102
4.99633e-111
2.19344e-111
5.34358e-115
9.43268e-100
2.673e-102
5.30952e-111
2.10679e-111
3.28419e-115
1.25804e-99
2.57183e-102
5.64253e-111
2.02241e-111
2.02013e-115
1.68157e-99
2.32152e-102
5.98026e-111
1.94039e-111
1.24327e-115
2.25818e-99
1.80778e-102
7.74984e-111
1.86077e-111
7.65344e-116
3.05537e-99
8.15077e-103
1.47054e-110
7.92967e-111
2.05093e-111
8.7286e-112
2.74251e-111
5.56286e-116
3.22727e-99
2.77805e-99
8.3144e-103
2.40299e-103
3.33197e-110
8.11281e-111
2.11285e-111
4.10418e-112
3.34593e-111
4.04175e-116
3.38488e-99
2.44505e-99
8.48132e-103
7.08214e-104
8.36073e-110
8.2993e-111
2.0177e-111
1.93175e-112
3.75026e-111
2.93481e-116
3.52669e-99
2.08742e-99
8.65159e-103
2.08717e-104
2.20213e-109
8.48919e-111
1.78256e-111
9.09784e-113
4.02133e-111
2.12923e-116
3.6512e-99
1.73467e-99
8.82528e-103
6.15129e-105
5.92913e-109
8.68251e-111
1.4659e-111
4.28661e-113
4.2089e-111
1.54297e-116
3.75702e-99
1.40904e-99
9.00245e-103
1.81304e-105
1.6139e-108
8.87933e-111
1.13799e-111
2.02039e-113
4.34754e-111
1.11638e-116
3.84278e-99
1.12354e-99
9.18318e-103
5.34426e-106
4.42254e-108
9.07967e-111
8.54191e-112
9.52525e-114
4.45947e-111
8.06051e-117
3.90721e-99
8.82929e-100
9.36754e-103
1.57553e-106
1.21827e-107
9.2836e-111
6.54009e-112
4.49167e-114
4.55792e-111
5.80391e-117
3.94914e-99
6.86121e-100
9.5556e-103
4.6461e-107
3.37211e-107
9.49115e-111
5.93993e-112
2.11831e-114
4.64991e-111
4.16396e-117
3.96747e-99
5.28704e-100
9.74744e-103
1.37113e-107
9.37842e-107
9.70238e-111
8.42053e-112
9.98994e-115
4.73846e-111
2.9731e-117
3.96125e-99
4.04858e-100
9.94313e-103
4.05583e-108
2.62087e-106
9.91734e-111
1.95675e-111
4.71e-115
4.82406e-111
2.10931e-117
3.92961e-99
3.08597e-100
1.01427e-102
1.20875e-108
7.36001e-106
1.01361e-110
5.77485e-111
2.21906e-115
4.9057e-111
1.48368e-117
3.87185e-99
2.34434e-100
1.03464e-102
3.69003e-109
2.07705e-105
1.03586e-110
1.82917e-110
1.04384e-115
4.98146e-111
1.03139e-117
3.78737e-99
1.7766e-100
1.05541e-102
1.21126e-109
5.89048e-105
1.05851e-110
5.90478e-110
4.89434e-116
5.04894e-111
7.05244e-118
3.67574e-99
1.34398e-100
1.0766e-102
4.77843e-110
1.67868e-104
1.08155e-110
1.91748e-109
2.27986e-116
5.10547e-111
4.70834e-118
3.5367e-99
1.01542e-100
1.09821e-102
2.59173e-110
4.80691e-104
1.10498e-110
6.24186e-109
1.04801e-116
5.14834e-111
3.03082e-118
3.37012e-99
7.66484e-101
1.12026e-102
1.92355e-110
1.38294e-103
1.12883e-110
2.03438e-108
4.68673e-117
5.17484e-111
1.83724e-118
3.17607e-99
5.78249e-101
1.14275e-102
1.70364e-110
3.99727e-103
1.15308e-110
6.63525e-108
1.97224e-117
5.18239e-111
9.94466e-119
2.95478e-99
4.36486e-101
1.16568e-102
1.61633e-110
1.16103e-102
1.17777e-110
2.16503e-107
7.0988e-118
5.16865e-111
4.05573e-119
2.70666e-99
3.33419e-101
1.18876e-102
1.5685e-110
3.39251e-102
1.20293e-110
7.06612e-107
1.31699e-118
5.13159e-111
0
2.43231e-99
2.91116e-101
1.20027e-102
1.53268e-110
2.00833e-102
4.95515e-102
1.21784e-110
1.22433e-106
1.36585e-118
7.66857e-119
5.026e-111
2.39105e-99
1.77031e-99
1.51381e-110
1.18115e-102
7.10563e-102
1.2329e-110
2.11036e-106
1.41662e-118
4.46517e-119
4.85885e-111
2.34991e-99
1.28792e-99
1.49556e-110
6.91996e-103
1.00641e-101
1.24811e-110
3.62876e-106
1.46958e-118
2.59984e-119
4.62996e-111
2.30891e-99
9.3668e-100
1.47771e-110
4.04511e-103
1.41332e-101
1.26347e-110
6.23246e-106
1.52533e-118
1.51366e-119
4.34276e-111
2.2681e-99
6.81063e-100
1.46015e-110
2.36156e-103
1.9729e-101
1.27898e-110
1.06986e-105
1.58545e-118
8.8119e-120
4.00444e-111
2.22752e-99
4.951e-100
1.44281e-110
1.37769e-103
2.74239e-101
1.29465e-110
1.83604e-105
1.65414e-118
5.12914e-120
3.62559e-111
2.18718e-99
3.59836e-100
1.42567e-110
8.03377e-104
3.8005e-101
1.31047e-110
3.15055e-105
1.74299e-118
2.98476e-120
3.21943e-111
2.14713e-99
2.61464e-100
1.40872e-110
4.68368e-104
5.25544e-101
1.32644e-110
5.40584e-105
1.88389e-118
1.73618e-120
2.80064e-111
2.1074e-99
1.89925e-100
1.39194e-110
2.7302e-104
7.25609e-101
1.34257e-110
9.27522e-105
2.16507e-118
1.00922e-120
2.38403e-111
2.068e-99
1.37902e-100
1.37532e-110
1.59136e-104
1.00072e-100
1.35887e-110
2.83074e-118
5.85994e-121
1.98326e-111
2.02896e-99
4.5571e-118
3.39628e-121
1.60979e-111
1.9903e-99
9.21692e-118
1.96246e-121
1.27223e-111
1.95205e-99
2.19969e-117
1.12827e-121
9.76019e-112
1.91422e-99
5.72624e-117
6.43207e-122
7.23578e-112
1.87682e-99
1.548e-116
3.61414e-122
5.14655e-112
1.83988e-99
4.24806e-116
1.97952e-122
3.46893e-112
1.8034e-99
1.17249e-115
1.03364e-122
2.16441e-112
1.7674e-99
3.24315e-115
4.88535e-123
1.18553e-112
1.73191e-99
8.97805e-115
1.76531e-123
4.81039e-113
1.69754e-99
2.48616e-114
0
0
1.68078e-99
2.53385e-114
1.42097e-113
2.58245e-114
2.2691e-113
2.63199e-114
2.82742e-113
2.68248e-114
3.15773e-113
2.73394e-114
3.32928e-113
2.78638e-114
3.40023e-113
2.83983e-114
3.40883e-113
2.89431e-114
3.37373e-113
2.94983e-114
3.29896e-113
3.00641e-114
3.18009e-113
3.06408e-114
3.00983e-113
3.12286e-114
2.7827e-113
3.18276e-114
2.4982e-113
3.24382e-114
2.16253e-113
3.30604e-114
1.78848e-113
3.36946e-114
1.39391e-113
3.4341e-114
9.99168e-114
3.49997e-114
6.24367e-114
3.56713e-114
2.86932e-114
3.63522e-114
0
3.73228e-114
3.83192e-114
3.93423e-114
4.03927e-114
4.14711e-114
4.25783e-114
4.37151e-114
4.48822e-114
4.60805e-114
4.73107e-114
4.85739e-114
4.98707e-114
5.12022e-114
5.25691e-114
5.3973e-114
5.54125e-114
5.68984e-114
5.83876e-114
6.00847e-114
6.10503e-114
END_LIST
