BEGIN_LIST
0.1
0.0997275
0.0994557
0.0991846
0.0989141
0.0986442
0.098375
0.0981064
0.0978385
0.0975712
0.0973045
0.0970381
0.0967718
0.0965046
0.0962342
0.0959546
0.095651
0.0952856
0.0947634
0.0938442
0.0919215
0.0853833
0.0906502
0.0786044
0.0893521
0.0717166
0.088028
0.0648548
0.086679
0.0581479
0.085306
0.0517095
0.0839103
0.0456322
0.082493
0.0399843
0.0810555
0.0348093
0.0795992
0.0301281
0.0781257
0.0259416
0.0766363
0.0222359
0.0751329
0.0189861
0.0736169
0.0161617
0.0720903
0.013732
0.0705547
0.0116741
0.069012
0.00998664
0.0674639
0.00871928
0.0659074
0.00803818
0.0641656
0.00837573
0.0558017
0.00837546
0.0098671
0.00614981
0.0509341
0.0509735
0.00837519
0.0109523
0.00538742
0.0464205
0.046183
0.00837493
0.0117941
0.00537783
0.0422475
0.0415122
0.00837466
0.0124927
0.00578254
0.0384001
0.0370332
0.00837439
0.0131095
0.00644468
0.0348616
0.0328042
0.00837412
0.0136824
0.0072957
0.0316148
0.0288681
0.00837385
0.0142346
0.00831026
0.0286419
0.0252524
0.00837358
0.0147808
0.00948437
0.025925
0.0219701
0.00837332
0.0153299
0.0108248
0.0234463
0.0190218
0.00837305
0.0158878
0.0123439
0.0211885
0.0163983
0.00837278
0.0164582
0.0140567
0.0191346
0.0140831
0.00837251
0.0170434
0.0159797
0.0172681
0.0120545
0.00837224
0.0176452
0.0181292
0.015573
0.010288
0.00837197
0.0182648
0.0205211
0.014033
0.00875768
0.00837171
0.0189031
0.0231694
0.0126303
0.00743704
0.00837144
0.0195609
0.0260853
0.0113437
0.00629941
0.00837117
0.0202387
0.0292762
0.0101427
0.00531698
0.00837085
0.0209372
0.0327444
0.00897594
0.0044577
0.00837581
0.0216568
0.0364862
0.00774662
0.00367731
0.00790009
0.0223981
0.0404904
0.00625868
0.00290067
0.00701481
0.00771961
0.0147551
0.0326857
0.0150395
0.04333
0.00606357
0.00458738
0.00290062
0.00256889
0.00621955
0.00754315
0.00948062
0.038701
0.0101652
0.046264
0.00586827
0.00333985
0.00290056
0.00251546
0.00550718
0.0073706
0.00599074
0.0430206
0.00696251
0.0492851
0.00567256
0.00241955
0.00290051
0.00254263
0.00487066
0.00720191
0.00374475
0.0466982
0.00487824
0.052383
0.00547619
0.00174648
0.00290046
0.00259384
0.00430319
0.00703697
0.00232476
0.0501626
0.00354065
0.0555458
0.00527892
0.00125733
0.0029004
0.00265295
0.0037983
0.00687572
0.00143702
0.0535835
0.00270207
0.0587595
0.00508049
0.000903448
0.00290035
0.00271537
0.00334987
0.00671808
0.000885888
0.0570217
0.00219862
0.0620088
0.00488063
0.000648276
0.00290029
0.00277981
0.00295221
0.00656397
0.000545225
0.0604918
0.0019226
0.065277
0.00467907
0.000464714
0.00290024
0.00284592
0.00260007
0.0064133
0.000335218
0.0639883
0.0018037
0.0685469
0.0044755
0.000332892
0.00290019
0.00291364
0.00228862
0.00626602
0.000205971
0.0674968
0.00179651
0.0718009
0.00426963
0.000238341
0.00290013
0.00298297
0.00201345
0.00612205
0.000126507
0.070999
0.00187217
0.0750211
0.00406112
0.000170582
0.00290008
0.00305393
0.00177056
0.00598131
7.76822e-05
0.074475
0.00201287
0.0781901
0.00384966
0.000122055
0.00290002
0.00312656
0.00155633
0.00584375
4.7694e-05
0.0779046
0.00220821
0.0812914
0.00363489
8.73167e-05
0.00289997
0.0032009
0.00136745
0.00570928
2.92798e-05
0.081268
0.00245286
0.0843093
0.00341643
6.24568e-05
0.00289992
0.00327699
0.00120081
0.00557784
1.79742e-05
0.0845468
0.00274497
0.0872299
0.00319391
4.46705e-05
0.00289986
0.00335486
0.00105325
0.00544937
1.10338e-05
0.0877239
0.00308518
0.0900404
0.00296692
3.19473e-05
0.00289981
0.00343456
0.000920698
0.00532381
6.77381e-06
0.0907843
0.003476
0.0927304
0.00273504
2.28485e-05
0.00289975
0.00351613
0.000795654
0.00520111
4.16081e-06
0.093715
0.00392136
0.0952911
0.00249783
1.63567e-05
0.0028997
0.00359961
0.000659532
0.00508125
2.56378e-06
0.0965057
0.00442643
0.0977158
0.0022548
1.1863e-05
0.00289965
0.00368505
0.000458923
0.00496431
1.60741e-06
0.0991482
0.00499739
0.1
0.00200548
1.00679e-05
0.00289962
0.00377249
0.000260333
0.000440321
0.00489679
1.28157e-06
0.0991482
0.0995278
0.00600043
0.00191385
0.00145138
0.00382488
0.000147654
0.000422727
0.00483018
1.02685e-06
0.0991482
0.0997383
0.00720549
0.00182635
0.00107248
0.00387791
8.37442e-05
0.000406206
0.00476446
8.31662e-07
0.0991482
0.0998551
0.00864538
0.00174281
0.000814481
0.00393162
4.75056e-05
0.000390867
0.00469961
6.89149e-07
0.0991482
0.0999198
0.0103584
0.00166304
0.000639956
0.00398604
2.69627e-05
0.000376884
0.00463563
5.97979e-07
0.0991482
0.0999557
0.0123879
0.00158689
0.000523107
0.00404119
1.5322e-05
0.000364523
0.00457251
5.64374e-07
0.0991482
0.0999755
0.0147813
0.00151418
0.000446155
0.00409709
8.73094e-06
0.000354188
0.00451024
6.06102e-07
0.0991482
0.0999866
0.017589
0.00144477
0.000396854
0.00415374
5.00543e-06
0.000346475
0.0044488
7.59899e-07
0.0991482
0.0999927
0.0208629
0.00137852
0.00036677
0.00421117
2.90753e-06
0.000342263
0.00438818
1.09485e-06
0.0991481
0.099996
0.0246533
0.00131527
0.000350097
0.00426938
1.73619e-06
0.000342843
0.00432838
0.099148
0.0999979
0.0290056
0.0012549
0.0991477
0.0999989
0.0339554
0.00119728
0.0991468
0.0999995
0.0395234
0.00114229
0.0991443
0.0999998
0.0457088
0.0010898
0.0991368
0.0999999
0.052484
0.0010397
0.0991155
0.1
0.0597897
0.000991898
0.099054
0.1
0.0675324
0.000946275
0.098877
0.1
0.0755861
0.000902738
0.0983674
0.1
0.0837971
0.000861214
0.0969002
0.1
0.0919941
0.000822219
0.092676
0.1
0.1
0.000803491
0.0926759
0.0624346
0.0926759
0.0416681
0.0926759
0.0279998
0.0926759
0.0193904
0.0926759
0.0142802
0.0926759
0.0115763
0.0926759
0.0105666
0.0926759
0.0108201
0.0926759
0.0121043
0.0926759
0.014324
0.0926759
0.0174784
0.0926759
0.0216306
0.0926759
0.0268837
0.0926759
0.033358
0.0926758
0.0411661
0.0926758
0.0503846
0.0926758
0.061023
0.0926758
0.0729941
0.0926758
0.0860939
0.0926758
0.1
0.0926758
0.0926758
0.0926758
0.0926757
0.0926757
0.0926757
0.0926757
0.0926757
0.0926757
0.0926757
0.0926757
0.0926757
0.0926756
0.0926756
0.0926756
0.0926756
0.0926756
0.0926756
0.0926756
0.0926756
END_LIST
