BEGIN_LIST
0.1
0.0997854
0.0995711
0.099357
0.0991432
0.0989297
0.0987164
0.0985035
0.0982908
0.0980783
0.0978662
0.0976543
0.0974427
0.0972314
0.0970205
0.0968101
0.0966006
0.096393
0.09619
0.0959981
0.0958348
0.0954286
0.0957772
0.0949206
0.0957167
0.0942881
0.0956532
0.0935048
0.0955864
0.0925408
0.0955164
0.0913632
0.0954428
0.0899363
0.0953656
0.088224
0.0952845
0.0861917
0.0951994
0.0838093
0.09511
0.081056
0.0950163
0.0779246
0.094918
0.0744279
0.0948148
0.0706057
0.0947066
0.0665351
0.0945931
0.0623446
0.094474
0.0582412
0.0943492
0.0545591
0.0942161
0.0518504
0.0939913
0.0510526
0.09049
0.0510519
0.049656
0.0555071
0.0869336
0.0903198
0.0510511
0.0491578
0.059383
0.0832672
0.0901067
0.0510503
0.0492129
0.0630349
0.0795125
0.0898407
0.0510495
0.0496088
0.0665677
0.075693
0.0895093
0.0510487
0.0502144
0.0699846
0.0718334
0.0890976
0.0510479
0.0509488
0.0732545
0.0679593
0.0885878
0.0510472
0.0517618
0.0763424
0.0640962
0.0879589
0.0510464
0.052622
0.0792194
0.060269
0.0871865
0.0510456
0.05351
0.0818664
0.0565013
0.0862419
0.0510448
0.0544134
0.0842737
0.0528147
0.0850924
0.051044
0.0553243
0.0864403
0.0492283
0.0836997
0.0510432
0.0562377
0.0883717
0.0457584
0.0820181
0.0510424
0.0571501
0.0900789
0.0424169
0.0799893
0.0510417
0.0580591
0.0915762
0.0392107
0.0775324
0.0510409
0.058963
0.0928803
0.0361386
0.0745209
0.0510401
0.0598607
0.0940091
0.0331863
0.0707375
0.0510393
0.0607509
0.0949808
0.0303151
0.0657814
0.0510384
0.061633
0.0958131
0.0274394
0.0588861
0.0510487
0.0625061
0.0965231
0.0243783
0.0485558
0.0500393
0.0633697
0.0971262
0.0207551
0.0318207
0.0486399
0.0492214
0.0574733
0.0815401
0.0457999
0.0974774
0.0201943
0.0175051
0.0318204
0.022886
0.0471191
0.0484111
0.049612
0.0898596
0.0333937
0.0977912
0.0196349
0.0143322
0.0318201
0.0206054
0.0454796
0.0476085
0.0403652
0.0937743
0.0248492
0.0980712
0.0190764
0.0114182
0.0318198
0.020245
0.0437269
0.0468136
0.0308504
0.0957187
0.0191366
0.0983208
0.0185183
0.00888232
0.0318195
0.0204423
0.0418701
0.0460266
0.022241
0.0967729
0.0154661
0.098543
0.01796
0.0067736
0.0318192
0.0208053
0.0399211
0.0452476
0.0152717
0.0974152
0.0132538
0.0987406
0.0174009
0.00508359
0.0318188
0.0212215
0.0378948
0.0444767
0.0101047
0.0978577
0.0120814
0.0989163
0.0168404
0.00376793
0.0318185
0.0216585
0.0358087
0.0437139
0.00651259
0.0981957
0.0116574
0.0990723
0.0162779
0.00276632
0.0318182
0.022107
0.0336823
0.0429594
0.00412371
0.0984725
0.0117831
0.0992107
0.0157128
0.00201651
0.0318179
0.0225645
0.0315361
0.0422132
0.00258112
0.0987086
0.0123254
0.0993335
0.0151443
0.00146219
0.0318176
0.0230302
0.0293911
0.0414755
0.00160373
0.0989145
0.013197
0.0994423
0.0145717
0.00105614
0.0318173
0.023504
0.0272679
0.0407462
0.000991845
0.099096
0.0143419
0.0995387
0.0139943
0.000760707
0.031817
0.0239859
0.0251853
0.0400255
0.000611654
0.0992568
0.0157245
0.099624
0.0134113
0.000546795
0.0318167
0.0244759
0.0231593
0.0393133
0.000376524
0.0993997
0.0173236
0.0996995
0.0128218
0.000392456
0.0318164
0.0249741
0.0212003
0.0386098
0.000231528
0.0995267
0.019126
0.0997663
0.0122251
0.000281381
0.0318161
0.0254806
0.0193061
0.037915
0.000142275
0.0996396
0.0211242
0.0998253
0.0116202
0.000201591
0.0318158
0.0259955
0.0174443
0.0372289
8.74011e-05
0.0997399
0.0233129
0.0998774
0.0110061
0.000144358
0.0318154
0.0265187
0.015499
0.0365516
5.37101e-05
0.0998291
0.0256877
0.0999235
0.010382
0.000103436
0.0318151
0.0270503
0.0131172
0.0358834
3.31126e-05
0.0999082
0.0282434
0.0999641
0.00974662
7.50699e-05
0.0318148
0.0275905
0.00925365
0.035225
2.07976e-05
0.0999785
0.0309727
0.1
0.009099
6.37316e-05
0.0318147
0.0281391
0.00531185
0.00888406
0.0348421
1.66235e-05
0.0999786
0.0999883
0.035413
0.00872484
0.00771363
0.0284657
0.0030334
0.0085294
0.0344622
1.33919e-05
0.0999786
0.0999937
0.0401992
0.00836418
0.0068145
0.0287949
0.00172711
0.00818946
0.0340854
1.09724e-05
0.0999786
0.0999967
0.0452585
0.00801671
0.00625496
0.0291268
0.000981775
0.00786415
0.0337116
9.30959e-06
0.0999786
0.0999983
0.0505018
0.00768207
0.00593327
0.0294615
0.000557725
0.00755359
0.0333409
8.44519e-06
0.0999787
0.0999992
0.0558258
0.00735994
0.00577895
0.0297992
0.000316896
0.00725816
0.0329731
8.56302e-06
0.0999787
0.0999997
0.0611195
0.00704995
0.00574329
0.0301399
0.000180311
0.00697866
0.0326084
1.0075e-05
0.0999787
0.0999999
0.066272
0.00675177
0.00579266
0.0304835
0.000102968
0.00671642
0.0322467
1.37773e-05
0.0999787
0.1
0.0711807
0.00646505
0.00590392
0.0308302
5.92865e-05
0.00647361
0.0318881
2.11294e-05
0.0999787
0.1
0.0757591
0.00618945
0.00606117
0.0311798
3.4749e-05
0.00625353
0.0315324
0.0999787
0.1
0.0799421
0.00592463
0.0999785
0.1
0.083689
0.00567024
0.0999779
0.1
0.0869829
0.00542595
0.0999763
0.1
0.0898283
0.00519143
0.0999714
0.1
0.0922469
0.00496635
0.0999575
0.1
0.0942725
0.00475039
0.0999173
0.1
0.0959464
0.00454324
0.0998014
0.1
0.0973131
0.0043446
0.0994677
0.1
0.0984169
0.00415425
0.098507
0.1
0.0992999
0.00397477
0.0957411
0.1
0.1
0.00388841
0.0957411
0.0747985
0.0957411
0.0587124
0.0957411
0.0468941
0.0957411
0.0388236
0.0957411
0.0339655
0.0957411
0.0317902
0.0957411
0.0318247
0.0957411
0.0336794
0.0957411
0.0370386
0.0957411
0.0416316
0.0957411
0.0472019
0.0957411
0.0534852
0.0957412
0.0602037
0.0957412
0.0670749
0.0957412
0.0738323
0.0957412
0.0802481
0.0957412
0.0861508
0.0957412
0.091433
0.0957412
0.0960482
0.0957412
0.1
0.0957412
0.0957412
0.0957412
0.0957412
0.0957412
0.0957412
0.0957412
0.0957412
0.0957412
0.0957413
0.0957413
0.0957413
0.0957413
0.0957413
0.0957413
0.0957413
0.0957413
0.0957413
0.0957413
0.0957413
END_LIST
