BEGIN_LIST
0
1.38736e-43
4.78166e-43
1.29844e-42
3.27033e-42
7.99985e-42
1.9332e-41
4.64732e-41
1.11468e-40
2.67096e-40
6.39741e-40
1.53204e-39
3.66866e-39
8.78496e-39
2.10365e-38
5.03752e-38
1.20633e-37
2.88885e-37
6.91827e-37
1.65683e-36
3.96797e-36
1.72198e-35
4.12625e-36
3.96367e-35
4.29078e-36
7.54313e-35
4.46179e-36
1.30183e-34
4.63954e-36
2.11098e-34
4.82427e-36
3.2726e-34
5.01626e-36
4.8989e-34
5.21576e-36
7.12617e-34
5.42306e-36
1.0119e-33
5.63846e-36
1.40783e-33
5.86225e-36
1.92579e-33
6.09473e-36
2.60004e-33
6.33624e-36
3.4809e-33
6.58709e-36
4.64899e-33
6.84778e-36
6.24247e-33
7.12542e-36
8.50875e-33
7.70855e-36
1.19009e-32
2.08938e-35
1.72562e-32
5.7131e-34
2.61192e-32
2.40449e-32
4.12945e-32
1.02583e-30
4.39123e-32
5.2938e-32
2.40854e-32
2.39889e-30
1.09263e-30
4.66967e-32
5.9709e-32
1.41179e-32
4.56672e-30
1.16323e-30
4.96585e-32
6.33015e-32
8.33481e-33
7.8427e-30
1.23765e-30
5.28091e-32
6.48259e-32
4.96281e-33
1.26279e-29
1.31584e-30
5.61605e-32
6.50104e-32
2.98333e-33
1.94274e-29
1.39768e-30
5.97257e-32
6.4333e-32
1.81217e-33
2.88683e-29
1.48289e-30
6.35183e-32
6.31077e-32
1.11327e-33
4.17205e-29
1.57104e-30
6.75531e-32
6.15408e-32
6.92293e-34
5.89212e-29
1.66149e-30
7.18455e-32
5.97679e-32
4.36153e-34
8.16045e-29
1.75328e-30
7.64122e-32
5.78783e-32
2.78589e-34
1.11141e-28
1.8451e-30
8.12708e-32
5.59305e-32
1.80496e-34
1.49191e-28
1.93509e-30
8.64402e-32
5.39631e-32
1.18628e-34
1.97783e-28
2.02064e-30
9.19404e-32
5.20014e-32
7.90611e-35
2.59434e-28
2.09803e-30
9.77928e-32
5.00621e-32
5.33823e-35
3.37329e-28
2.16171e-30
1.0402e-31
4.8156e-32
3.6466e-35
4.35624e-28
2.20309e-30
1.10647e-31
4.62901e-32
2.51567e-35
5.59921e-28
2.20819e-30
1.17698e-31
4.44689e-32
1.74899e-35
7.18067e-28
2.15332e-30
1.25202e-31
4.26952e-32
1.22267e-35
9.21505e-28
1.99685e-30
1.332e-31
4.09708e-32
8.57457e-36
1.18761e-27
1.66369e-30
1.40714e-31
3.92964e-32
6.01859e-36
1.54393e-27
1.01499e-30
1.43232e-31
1.44455e-31
4.32815e-32
1.84285e-32
5.79431e-32
4.764e-36
1.62076e-27
1.40012e-27
1.03982e-30
6.28433e-31
1.45322e-31
1.48278e-31
4.45576e-32
8.66276e-33
7.07095e-32
3.7644e-36
1.69055e-27
1.22916e-27
1.06529e-30
5.07321e-31
1.46922e-31
1.52184e-31
4.25201e-32
4.07628e-33
7.92699e-32
2.96736e-36
1.75263e-27
1.04678e-27
1.09141e-30
4.6459e-31
1.47977e-31
1.56174e-31
3.75291e-32
1.91927e-33
8.50156e-32
2.33182e-36
1.80635e-27
8.67783e-28
1.11822e-30
4.45086e-31
1.48435e-31
1.60249e-31
3.08062e-32
9.04063e-34
8.89977e-32
1.82535e-36
1.85111e-27
7.03209e-28
1.14572e-30
4.32559e-31
1.48257e-31
1.64411e-31
2.37934e-32
4.26008e-34
9.19466e-32
1.42228e-36
1.8863e-27
5.59407e-28
1.17393e-30
4.22222e-31
1.47414e-31
1.68662e-31
1.75369e-32
2.00805e-34
9.43319e-32
1.10213e-36
1.91139e-27
4.3858e-28
1.20288e-30
4.12661e-31
1.45893e-31
1.73003e-31
1.25e-32
9.46776e-35
9.64327e-32
8.48487e-37
1.92585e-27
3.40027e-28
1.23259e-30
4.03458e-31
1.43699e-31
1.77436e-31
8.70936e-33
4.46489e-35
9.83974e-32
6.482e-37
1.92924e-27
2.61405e-28
1.26307e-30
3.94488e-31
1.40862e-31
1.81962e-31
5.97844e-33
2.10581e-35
1.00289e-31
4.90664e-37
1.92112e-27
1.99706e-28
1.29435e-30
3.85711e-31
1.37448e-31
1.86583e-31
4.06485e-33
9.93089e-36
1.02119e-31
3.67334e-37
1.90115e-27
1.51867e-28
1.32644e-30
3.77112e-31
1.33592e-31
1.91301e-31
2.74718e-33
4.68105e-36
1.03865e-31
2.71309e-37
1.86902e-27
1.15099e-28
1.35938e-30
3.68686e-31
1.29608e-31
1.96117e-31
1.84968e-33
2.20363e-36
1.05486e-31
1.97022e-37
1.82447e-27
8.70184e-29
1.39319e-30
3.60426e-31
1.2628e-31
2.01033e-31
1.2425e-33
1.03435e-36
1.06931e-31
1.3998e-37
1.76735e-27
6.56718e-29
1.42788e-30
3.52331e-31
1.25739e-31
2.06051e-31
8.3349e-34
4.82526e-37
1.08144e-31
9.65635e-38
1.69753e-27
4.94981e-29
1.46349e-30
3.44396e-31
1.33999e-31
2.11174e-31
5.58808e-34
2.22231e-37
1.09067e-31
6.38617e-38
1.61498e-27
3.72731e-29
1.50004e-30
3.36618e-31
1.68367e-31
2.16402e-31
3.75075e-34
9.9622e-38
1.09642e-31
3.95398e-38
1.51974e-27
2.80509e-29
1.53756e-30
3.28994e-31
2.79182e-31
2.21739e-31
2.53734e-34
4.20572e-38
1.09815e-31
2.17299e-38
1.41191e-27
2.11219e-29
1.57605e-30
3.21522e-31
6.13963e-31
2.27189e-31
1.78351e-34
1.52207e-38
1.09537e-31
8.94354e-39
1.29169e-27
1.60952e-29
1.61503e-30
3.14197e-31
1.60897e-30
2.32763e-31
1.47114e-34
2.89387e-39
1.08763e-31
0
1.15935e-27
1.40344e-29
1.63452e-30
3.07018e-31
9.51716e-31
2.32022e-30
2.36075e-31
1.51724e-34
3.01766e-39
1.70954e-39
1.06542e-31
1.13833e-27
8.41294e-28
3.02888e-31
5.59283e-31
3.30059e-30
2.39427e-31
1.76986e-34
3.15161e-39
1.01382e-39
1.03013e-31
1.1174e-27
6.10226e-28
2.98799e-31
3.27408e-31
4.65207e-30
2.42819e-31
2.3472e-34
3.3022e-39
6.0397e-40
9.81734e-32
1.09659e-27
4.42484e-28
2.94755e-31
1.91243e-31
6.51532e-30
2.46251e-31
3.45736e-34
3.48627e-39
3.6169e-40
9.20947e-32
1.0759e-27
3.20777e-28
2.90756e-31
1.11567e-31
9.08438e-30
2.49724e-31
5.4619e-34
3.74936e-39
2.17863e-40
8.49294e-32
1.05537e-27
2.32503e-28
2.86803e-31
6.50407e-32
1.2627e-29
2.53238e-31
8.98508e-34
4.21622e-39
1.32049e-40
7.69023e-32
1.035e-27
1.68493e-28
2.82896e-31
3.79042e-32
1.75125e-29
2.56794e-31
1.51017e-33
5.23092e-39
8.05492e-41
6.82937e-32
1.01481e-27
1.22083e-28
2.79034e-31
2.2088e-32
2.42505e-29
2.60392e-31
2.56594e-33
7.74463e-39
4.94385e-41
5.94151e-32
9.94812e-28
8.84368e-29
2.75218e-31
1.28735e-32
3.3544e-29
2.64033e-31
4.38326e-33
1.43899e-38
3.05097e-41
5.05808e-32
9.75013e-28
6.40453e-29
2.71446e-31
7.50721e-33
4.6363e-29
2.67718e-31
3.2456e-38
1.89065e-41
4.20808e-32
9.55427e-28
8.2128e-38
1.17406e-41
3.41589e-32
9.36063e-28
2.19311e-37
7.2846e-42
2.69975e-32
9.1693e-28
5.98836e-37
4.49742e-42
2.07129e-32
8.98037e-28
1.64953e-36
2.74693e-42
1.53563e-32
8.7939e-28
4.55909e-36
1.6457e-42
1.09228e-32
8.60995e-28
1.2617e-35
9.54025e-43
7.36254e-33
8.42859e-28
3.49342e-35
5.22153e-43
4.59391e-33
8.24986e-28
9.67439e-35
2.55641e-43
2.5163e-33
8.07391e-28
2.67935e-34
9.44139e-44
1.02102e-33
7.90374e-28
7.42072e-34
0
0
7.82082e-28
7.56308e-34
4.24165e-33
7.70818e-34
6.77338e-33
7.85606e-34
8.43996e-33
8.00677e-34
9.4259e-33
8.16038e-34
9.93789e-33
8.31694e-34
1.01496e-32
8.4765e-34
1.01751e-32
8.63912e-34
1.00702e-32
8.80486e-34
9.84694e-33
8.97378e-34
9.49201e-33
9.14594e-34
8.98373e-33
9.32141e-34
8.30571e-33
9.50024e-34
7.4565e-33
9.6825e-34
6.45455e-33
9.86826e-34
5.33809e-33
1.00576e-33
4.16038e-33
1.02506e-33
2.9822e-33
1.04472e-33
1.86353e-33
1.06477e-33
8.56396e-34
1.0851e-33
0
1.11407e-33
1.14382e-33
1.17437e-33
1.20573e-33
1.23792e-33
1.27098e-33
1.30492e-33
1.33976e-33
1.37554e-33
1.41227e-33
1.44998e-33
1.48871e-33
1.52846e-33
1.56928e-33
1.61119e-33
1.65418e-33
1.69854e-33
1.74301e-33
1.79369e-33
1.82252e-33
END_LIST
