BEGIN_LIST
0.1
0.0997846
0.0995696
0.0993548
0.0991402
0.098926
0.098712
0.0984983
0.0982848
0.0980717
0.0978588
0.0976462
0.0974339
0.0972219
0.0970103
0.0967991
0.0965889
0.0963803
0.0961759
0.0959816
0.0958133
0.0953879
0.095753
0.0948561
0.0956896
0.0941947
0.095623
0.0933765
0.0955531
0.092371
0.0954797
0.0911445
0.0954026
0.089661
0.0953216
0.0878844
0.0952367
0.0857807
0.0951476
0.083321
0.095054
0.0804865
0.0949558
0.0772727
0.0948529
0.0736958
0.0947448
0.0697996
0.0946315
0.0656651
0.0945127
0.0614248
0.0943881
0.0572895
0.0942575
0.0535983
0.0941183
0.0509132
0.0938856
0.0501956
0.0903289
0.0501948
0.0489433
0.0544129
0.0867266
0.090146
0.050194
0.0485372
0.0581793
0.083018
0.0899174
0.0501932
0.0486519
0.0617963
0.079225
0.0896321
0.0501924
0.0490871
0.06534
0.0753718
0.0892769
0.0501917
0.0497196
0.0687971
0.0714835
0.0888362
0.0501909
0.0504732
0.0721269
0.0675859
0.0882913
0.0501901
0.0513007
0.0752877
0.0637044
0.0876202
0.0501893
0.0521728
0.0782458
0.059864
0.0867975
0.0501885
0.0530712
0.0809782
0.0560881
0.0857939
0.0501877
0.0539843
0.0834723
0.052398
0.0845761
0.0501869
0.0549046
0.0857244
0.0488125
0.0831058
0.0501861
0.0558274
0.0877383
0.0453474
0.0813381
0.0501853
0.0567493
0.0895232
0.0420143
0.0792168
0.0501845
0.0576682
0.0910927
0.0388194
0.0766649
0.0501838
0.0585823
0.0924628
0.0357611
0.0735623
0.050183
0.0594905
0.0936511
0.0328247
0.0697022
0.0501822
0.0603917
0.094676
0.0299712
0.0647006
0.0501813
0.061285
0.0955553
0.0271144
0.0578179
0.0501917
0.0621698
0.0963063
0.024073
0.0476007
0.0491707
0.0630454
0.0969452
0.0204695
0.0311449
0.0477325
0.0483592
0.0569848
0.0812691
0.0454839
0.0973175
0.0199131
0.0172183
0.0311446
0.0223699
0.0461743
0.0475553
0.0489781
0.0896291
0.0330935
0.0976504
0.0193579
0.0140619
0.0311442
0.0201302
0.0445
0.0467593
0.0396566
0.0935757
0.0245651
0.0979476
0.0188035
0.0111777
0.0311439
0.0197759
0.0427165
0.0459712
0.0301639
0.0955464
0.0188645
0.0982127
0.0182494
0.0086786
0.0311436
0.0199692
0.0408339
0.0451912
0.021655
0.0966229
0.0151998
0.0984488
0.0176949
0.00660793
0.0311433
0.0203253
0.0388653
0.0444194
0.0148201
0.0972847
0.0129865
0.098659
0.0171396
0.00495315
0.031143
0.0207336
0.0368266
0.0436558
0.00978232
0.0977446
0.0118066
0.0988458
0.0165827
0.00366777
0.0311427
0.0211623
0.034736
0.0429006
0.00629434
0.0980979
0.0113692
0.0990118
0.0160237
0.00269085
0.0311424
0.0216025
0.0326133
0.0421537
0.00398116
0.0983885
0.0114763
0.0991591
0.0154618
0.00196045
0.0311421
0.0220515
0.0304793
0.0414154
0.00249014
0.098637
0.0119954
0.0992898
0.0148965
0.00142098
0.0311418
0.0225087
0.0283549
0.0406856
0.00154651
0.098854
0.0128398
0.0994057
0.0143269
0.00102609
0.0311414
0.022974
0.0262599
0.0399643
0.000956195
0.0990454
0.0139537
0.0995083
0.0137524
0.000738906
0.0311411
0.0234472
0.0242127
0.0392518
0.000589567
0.0992151
0.0153024
0.0995992
0.0131722
0.000531044
0.0311408
0.0239286
0.0222282
0.0385479
0.00036289
0.0993659
0.0168648
0.0996797
0.0125853
0.00038111
0.0311405
0.0244181
0.0203161
0.0378528
0.000223129
0.0995
0.0186284
0.0997508
0.0119911
0.000273225
0.0311402
0.0249158
0.0184738
0.0371664
0.000137108
0.0996192
0.0205861
0.0998137
0.0113884
0.000195737
0.0311399
0.0254218
0.01667
0.0364889
8.42251e-05
0.0997252
0.0227333
0.0998693
0.0107765
0.000140161
0.0311396
0.0259362
0.0147941
0.0358202
5.17575e-05
0.0998194
0.0250664
0.0999184
0.0101542
0.000100426
0.0311393
0.0264589
0.0125094
0.0351607
3.19082e-05
0.099903
0.0275808
0.0999618
0.00952066
7.28833e-05
0.031139
0.0269901
0.00881892
0.0345109
2.00399e-05
0.0999773
0.0302704
0.1
0.00887462
6.18746e-05
0.0311388
0.0275299
0.00505953
0.00846609
0.0341332
1.60166e-05
0.0999773
0.0999876
0.0346552
0.00850859
0.00748977
0.0278512
0.00288838
0.00812761
0.0337586
1.29007e-05
0.0999774
0.0999933
0.0393951
0.00815587
0.00658839
0.0281751
0.00164423
0.00780325
0.0333869
1.0566e-05
0.0999774
0.0999964
0.044421
0.00781612
0.00602449
0.0285017
0.000934567
0.00749295
0.0330183
8.9581e-06
0.0999774
0.0999982
0.0496467
0.00748901
0.00569682
0.0288312
0.000530879
0.00719684
0.0326528
8.11531e-06
0.0999774
0.0999991
0.0549713
0.00717418
0.00553525
0.0291637
0.000301636
0.00691531
0.0322903
8.2115e-06
0.0999775
0.0999996
0.0602847
0.00687129
0.00549131
0.0294991
0.000171631
0.00664916
0.0319308
9.6379e-06
0.0999775
0.0999999
0.0654752
0.00658
0.00553154
0.0298374
9.80191e-05
0.00639974
0.0315743
1.31516e-05
0.0999775
0.1
0.0704381
0.00629996
0.00563291
0.0301788
5.64471e-05
0.0061692
0.0312209
2.01412e-05
0.0999775
0.1
0.0750837
0.00603083
0.00577962
0.0305232
3.30976e-05
0.00596084
0.0308705
0.0999774
0.1
0.0793429
0.00577227
0.0999773
0.1
0.0831706
0.00552394
0.0999767
0.1
0.0865461
0.00528552
0.099975
0.1
0.0894704
0.00505666
0.0999701
0.1
0.0919627
0.00483706
0.0999561
0.1
0.094055
0.00462638
0.0999155
0.1
0.0957877
0.00442433
0.0997987
0.1
0.0972052
0.0042306
0.0994623
0.1
0.0983519
0.00404498
0.0984937
0.1
0.0992706
0.00386999
0.0957049
0.1
0.1
0.00378578
0.0957049
0.0745956
0.0957049
0.0583931
0.095705
0.0465006
0.095705
0.038386
0.095705
0.0335005
0.095705
0.0313042
0.095705
0.0313185
0.095705
0.0331521
0.095705
0.0364912
0.095705
0.0410693
0.095705
0.0466348
0.095705
0.0529283
0.095705
0.059675
0.095705
0.0665937
0.095705
0.0734158
0.095705
0.0799096
0.095705
0.0858981
0.0957051
0.0912684
0.0957051
0.095969
0.095705
0.1
0.095705
0.0957051
0.0957051
0.0957051
0.0957051
0.0957051
0.0957051
0.0957051
0.0957051
0.0957051
0.0957051
0.0957051
0.0957051
0.0957051
0.0957052
0.0957052
0.0957052
0.0957052
0.0957052
0.0957052
END_LIST
