BEGIN_LIST
0
7.9357e-173
2.80109e-172
7.88825e-172
2.07912e-171
5.35387e-171
1.3669e-170
3.47917e-170
8.84717e-170
2.24939e-169
5.71993e-169
1.4549e-168
3.70165e-168
9.42071e-168
2.39821e-167
6.1067e-167
1.55533e-166
3.96218e-166
1.00957e-165
2.57284e-165
2.54148e-165
2.48153e-165
2.52247e-165
2.44897e-165
2.50382e-165
2.44892e-165
2.48554e-165
2.48729e-165
2.46765e-165
2.5711e-165
2.45015e-165
2.70903e-165
2.43306e-165
2.91235e-165
2.41639e-165
3.19673e-165
2.40031e-165
3.58546e-165
2.39139e-165
4.11524e-165
2.66935e-165
4.8466e-165
1.51717e-164
5.88257e-165
5.49405e-163
7.40249e-165
2.33523e-161
9.72335e-165
9.96559e-160
1.34125e-164
4.25386e-158
1.94966e-164
1.8158e-156
2.98512e-164
7.7515e-155
4.79274e-164
3.30895e-153
8.00772e-164
1.41265e-151
1.38328e-163
6.03199e-150
1.4617e-163
1.81293e-163
7.95457e-164
1.41366e-149
6.41268e-150
1.54468e-163
2.06775e-163
4.59014e-164
2.70232e-149
6.81403e-150
1.63249e-163
2.20881e-163
2.66204e-164
4.66829e-149
7.23607e-150
1.72542e-163
2.27595e-163
1.55256e-164
7.57437e-149
7.67838e-150
1.82376e-163
2.29519e-163
9.10661e-165
1.17637e-148
8.14001e-150
1.92786e-163
2.28352e-163
5.37083e-165
1.76806e-148
8.61928e-150
2.03804e-163
2.25206e-163
3.18379e-165
2.58973e-148
9.1135e-150
2.15468e-163
2.20811e-163
1.89616e-165
3.71487e-148
9.61869e-150
2.27815e-163
2.15641e-163
1.13406e-165
5.23785e-148
1.01292e-149
2.40886e-163
2.1001e-163
6.80823e-166
7.28026e-148
1.06368e-149
2.54726e-163
2.04123e-163
4.1009e-166
9.99957e-148
1.11304e-149
2.69379e-163
1.98116e-163
2.4774e-166
1.36016e-147
1.15937e-149
2.84896e-163
1.92075e-163
1.50046e-166
1.83583e-147
1.20032e-149
3.01326e-163
1.86061e-163
9.10786e-167
2.46341e-147
1.2323e-149
3.18725e-163
1.8011e-163
5.53908e-167
3.29246e-147
1.24963e-149
3.37268e-163
1.74249e-163
3.37412e-167
4.39168e-147
1.24291e-149
3.46688e-163
1.68494e-163
2.05811e-167
5.85802e-147
1.19586e-149
1.24836e-162
1.62856e-163
1.25674e-167
7.8313e-147
1.07946e-149
-7.56096e-161
1.57343e-163
7.68027e-168
1.05181e-146
8.40583e-150
6.63309e-159
1.51957e-163
4.69604e-168
1.42332e-146
3.78993e-150
3.85432e-158
6.70988e-159
5.15128e-163
7.05139e-164
1.8355e-163
3.39863e-168
1.50342e-146
1.29414e-146
3.86601e-150
1.11734e-150
1.24878e-157
6.78667e-159
1.23119e-162
3.28043e-164
2.03962e-163
2.45906e-168
1.57687e-146
1.13902e-146
3.94361e-150
3.29302e-151
3.58926e-157
6.86342e-159
2.70441e-162
1.52796e-164
2.16743e-163
1.77843e-168
1.64296e-146
9.72428e-147
4.02277e-150
9.70478e-152
9.9536e-157
6.94014e-159
5.98476e-162
7.12264e-165
2.24761e-163
1.2853e-168
1.70099e-146
8.08105e-147
4.10352e-150
2.86017e-152
2.73219e-156
7.0168e-159
1.40079e-161
3.32233e-165
2.30101e-163
9.27977e-169
1.75031e-146
6.56415e-147
4.18589e-150
8.43001e-153
7.49035e-156
7.09341e-159
3.5383e-161
1.55051e-165
2.34141e-163
6.69052e-169
1.79028e-146
5.23416e-147
4.26991e-150
2.48483e-153
2.05796e-155
7.16993e-159
9.62322e-161
7.23962e-166
2.37702e-163
4.81457e-169
1.82032e-146
4.11326e-147
4.35563e-150
7.32487e-154
5.67441e-155
7.24637e-159
2.77817e-160
3.38168e-166
2.4122e-163
3.45575e-169
1.83987e-146
3.19642e-147
4.44306e-150
2.15947e-154
1.57119e-154
7.32271e-159
8.37365e-160
1.58012e-166
2.4487e-163
2.47195e-169
1.84843e-146
2.46308e-147
4.53224e-150
6.36739e-155
4.37027e-154
7.39894e-159
2.59853e-159
7.38472e-167
2.48675e-163
1.76013e-169
1.84555e-146
1.88613e-147
4.62322e-150
1.87811e-155
1.22135e-153
7.47505e-159
8.21817e-159
3.45115e-167
2.52562e-163
1.24558e-169
1.83082e-146
1.43769e-147
4.71602e-150
5.54482e-156
3.42988e-153
7.55103e-159
2.63062e-158
1.61212e-167
2.56409e-163
8.74109e-170
1.80392e-146
1.09218e-147
4.81069e-150
1.64189e-156
9.67938e-153
7.62687e-159
8.48445e-158
7.52112e-168
2.60067e-163
6.06384e-170
1.76457e-146
8.2769e-148
4.90725e-150
4.90916e-157
2.74505e-152
7.70256e-159
2.74936e-157
3.49885e-168
2.63376e-163
4.13878e-170
1.71258e-146
6.26145e-148
5.00576e-150
1.51427e-157
7.82287e-152
7.77809e-159
8.93511e-157
1.61784e-168
2.66175e-163
2.75881e-170
1.6478e-146
4.73075e-148
5.10624e-150
5.12499e-158
2.24007e-151
7.85346e-159
2.90903e-156
7.387e-169
2.68302e-163
1.77359e-170
1.5702e-146
3.57102e-148
5.20874e-150
2.16515e-158
6.44461e-151
7.92865e-159
9.48151e-156
3.2839e-169
2.69607e-163
1.07403e-170
1.4798e-146
2.69406e-148
5.31329e-150
1.28703e-158
1.86275e-150
8.00366e-159
3.09243e-155
1.37498e-169
2.69947e-163
5.80929e-171
1.3767e-146
2.0336e-148
5.41991e-150
1.02296e-158
5.41046e-150
8.0785e-159
1.00903e-154
4.92728e-170
2.69193e-163
2.36816e-171
1.2611e-146
1.55342e-148
5.5272e-150
9.40014e-159
1.58092e-149
8.1532e-159
3.29317e-154
9.05501e-171
2.67235e-163
0
1.13328e-146
1.35633e-148
5.58068e-150
9.10485e-159
9.35892e-150
2.30911e-149
8.19686e-159
5.70597e-154
9.36264e-171
5.25078e-171
2.61708e-163
1.11406e-146
8.24839e-147
9.01754e-159
5.50427e-150
3.31122e-149
8.24044e-159
9.83524e-154
9.68108e-171
3.04491e-171
2.52988e-163
1.09489e-146
6.00086e-147
8.95199e-159
3.22477e-150
4.68983e-149
8.28396e-159
1.69116e-153
1.00109e-170
1.76577e-171
2.4106e-163
1.07579e-146
4.36436e-147
8.89765e-159
1.88507e-150
6.58596e-149
8.32739e-159
2.90458e-153
1.0353e-170
1.02397e-171
2.26101e-163
1.05678e-146
3.17337e-147
8.84905e-159
1.10052e-150
9.19352e-149
8.37076e-159
4.98596e-153
1.07091e-170
5.93789e-172
2.08482e-163
1.03788e-146
2.3069e-147
8.80337e-159
6.42025e-151
1.27792e-148
8.41405e-159
8.55663e-153
1.10835e-170
3.44299e-172
1.88756e-163
1.01909e-146
1.67666e-147
8.75917e-159
3.74389e-151
1.77096e-148
8.45726e-159
1.46826e-152
1.1487e-170
1.99599e-172
1.67609e-163
1.00043e-146
1.21831e-147
8.71568e-159
2.1827e-151
2.44892e-148
8.5004e-159
2.51929e-152
1.19491e-170
1.15673e-172
1.45805e-163
9.8192e-147
8.84977e-148
8.67253e-159
1.27234e-151
3.38115e-148
8.54348e-159
4.32252e-152
1.25506e-170
6.6996e-173
1.24115e-163
9.63565e-147
6.42577e-148
8.6295e-159
7.41617e-152
4.66304e-148
8.5865e-159
1.35146e-170
3.87636e-173
1.0325e-163
9.45379e-147
1.54576e-170
2.23901e-173
8.38072e-164
9.27371e-147
2.0087e-170
1.28954e-173
6.62332e-164
9.09551e-147
3.21305e-170
7.39107e-174
5.08123e-164
8.91926e-147
6.46813e-170
4.20152e-174
3.767e-164
8.74506e-147
1.54001e-169
2.35473e-174
2.67933e-164
8.57295e-147
4.00525e-169
1.28685e-174
1.80595e-164
8.40301e-147
1.08242e-168
6.70718e-175
1.12681e-164
8.2353e-147
2.97011e-168
3.16575e-175
6.17195e-165
8.06996e-147
8.19742e-168
1.14297e-175
2.50432e-165
7.90984e-147
2.26742e-167
0
0
7.83176e-147
2.31092e-167
1.29525e-166
2.35524e-167
2.06824e-166
2.40042e-167
2.5771e-166
2.44646e-167
2.87814e-166
2.49338e-167
3.03448e-166
2.54121e-167
3.09913e-166
2.58995e-167
3.10695e-166
2.63963e-167
3.07496e-166
2.69026e-167
3.00681e-166
2.74186e-167
2.89845e-166
2.79446e-167
2.74327e-166
2.84806e-167
2.53625e-166
2.90268e-167
2.27695e-166
2.95836e-167
1.97101e-166
3.01511e-167
1.63008e-166
3.07294e-167
1.27046e-166
3.13188e-167
9.10677e-167
3.19195e-167
5.6907e-167
3.25319e-167
2.6152e-167
3.31529e-167
0
3.4038e-167
3.49467e-167
3.58796e-167
3.68375e-167
3.78209e-167
3.88306e-167
3.98672e-167
4.09315e-167
4.20242e-167
4.31461e-167
4.4298e-167
4.54806e-167
4.66948e-167
4.79413e-167
4.92214e-167
5.05342e-167
5.18892e-167
5.32472e-167
5.47947e-167
5.56752e-167
END_LIST
