BEGIN_LIST
0
1.62985e-45
5.61832e-45
1.52601e-44
3.8447e-44
9.40823e-44
2.27442e-43
5.46978e-43
1.31249e-42
3.14627e-42
7.53907e-42
1.80622e-41
4.32709e-41
1.03661e-40
2.48337e-40
5.94947e-40
1.42535e-39
3.41488e-39
8.18175e-39
1.96031e-38
4.69697e-38
2.03989e-37
4.88269e-38
4.69972e-37
5.0757e-38
8.95595e-37
5.27626e-38
1.54855e-36
5.48465e-38
2.51727e-36
5.70118e-38
3.91501e-36
5.92614e-38
5.88464e-36
6.15985e-38
8.60485e-36
6.40264e-38
1.23e-35
6.65483e-38
1.72575e-35
6.91678e-38
2.38616e-35
7.18883e-38
3.26582e-35
7.47136e-38
4.44822e-35
7.76474e-38
6.06971e-35
8.06974e-38
8.36507e-35
8.40216e-38
1.17526e-34
9.41973e-38
1.69926e-34
3.91712e-37
2.54809e-34
1.29443e-35
3.97789e-34
5.48449e-34
6.45242e-34
2.34039e-32
6.86029e-34
8.31253e-34
3.7578e-34
5.47444e-32
2.49221e-32
7.29401e-34
9.39602e-34
2.19795e-34
1.04268e-31
2.65261e-32
7.75524e-34
9.97274e-34
1.29365e-34
1.79194e-31
2.82164e-32
8.24574e-34
1.02196e-33
7.66988e-35
2.88797e-31
2.99918e-32
8.76737e-34
1.02527e-33
4.58358e-35
4.44806e-31
3.18492e-32
9.32212e-34
1.01483e-33
2.76222e-35
6.61866e-31
3.37824e-32
9.91209e-34
9.95631e-34
1.6793e-35
9.58063e-31
3.57813e-32
1.05395e-33
9.70977e-34
1.03042e-35
1.35556e-30
3.78309e-32
1.12069e-33
9.43028e-34
6.38448e-36
1.8814e-30
3.99095e-32
1.19166e-33
9.13209e-34
3.99662e-36
2.56853e-30
4.19862e-32
1.26715e-33
8.82455e-34
2.52885e-36
3.45724e-30
4.4018e-32
1.34744e-33
8.51382e-34
1.61799e-36
4.59723e-30
4.59437e-32
1.43284e-33
8.20395e-34
1.04695e-36
6.05071e-30
4.76754e-32
1.52367e-33
7.89758e-34
6.85041e-37
7.89713e-30
4.90811e-32
1.62029e-33
7.59646e-34
4.53054e-37
1.02408e-29
4.99548e-32
1.72307e-33
7.30169e-34
3.02593e-37
1.32227e-29
4.99591e-32
1.83239e-33
7.01401e-34
2.03856e-37
1.7041e-29
4.85183e-32
1.94868e-33
6.73386e-34
1.3832e-37
2.19836e-29
4.46159e-32
2.07258e-33
6.4615e-34
9.43557e-38
2.84858e-29
3.64094e-32
2.18872e-33
6.19708e-34
6.45831e-38
3.72333e-29
2.04681e-32
2.22744e-33
2.24647e-33
6.82707e-34
2.90644e-34
9.13632e-34
5.0358e-38
3.91193e-29
3.37777e-29
2.0947e-32
1.10705e-32
2.25948e-33
2.30544e-33
7.02979e-34
1.36636e-34
1.11484e-33
3.92449e-38
4.0835e-29
2.96639e-29
2.14376e-32
8.19204e-33
2.2839e-33
2.36566e-33
6.70957e-34
6.42994e-35
1.24972e-33
3.05461e-38
4.23637e-29
2.52713e-29
2.19403e-32
7.23811e-33
2.29981e-33
2.42715e-33
5.923e-34
3.02768e-35
1.34021e-33
2.37284e-38
4.36897e-29
2.09571e-29
2.24554e-32
6.85333e-33
2.30646e-33
2.48993e-33
4.86274e-34
1.42626e-35
1.4029e-33
1.83814e-38
4.47977e-29
1.69884e-29
2.29831e-32
6.63823e-33
2.3032e-33
2.55403e-33
3.75632e-34
6.72103e-36
1.44929e-33
1.4188e-38
4.56733e-29
1.35189e-29
2.35239e-32
6.47507e-33
2.28962e-33
2.61946e-33
2.769e-34
3.16808e-36
1.48679e-33
1.09015e-38
4.63028e-29
1.06024e-29
2.4078e-32
6.32911e-33
2.26554e-33
2.68624e-33
1.97397e-34
1.49366e-36
1.5198e-33
8.32928e-39
4.66738e-29
8.22267e-30
2.46458e-32
6.1901e-33
2.23108e-33
2.75441e-33
1.37556e-34
7.04317e-37
1.55066e-33
6.32042e-39
4.67747e-29
6.3235e-30
2.52276e-32
6.05496e-33
2.1868e-33
2.82398e-33
9.44376e-35
3.32116e-37
1.58037e-33
4.75592e-39
4.65953e-29
4.83258e-30
2.58239e-32
5.92277e-33
2.134e-33
2.89497e-33
6.42192e-35
1.56574e-37
1.60911e-33
3.54195e-39
4.61267e-29
3.67617e-30
2.64349e-32
5.7932e-33
2.07563e-33
2.96741e-33
4.34083e-35
7.37676e-38
1.63651e-33
2.60419e-39
4.53613e-29
2.78707e-30
2.70612e-32
5.66614e-33
2.01877e-33
3.04133e-33
2.92314e-35
3.4703e-38
1.66196e-33
1.88376e-39
4.42931e-29
2.10783e-30
2.77031e-32
5.54151e-33
1.98211e-33
3.11675e-33
1.96391e-35
1.62744e-38
1.68464e-33
1.33395e-39
4.29177e-29
1.5913e-30
2.83609e-32
5.41927e-33
2.01735e-33
3.19369e-33
1.31769e-35
7.58315e-39
1.70366e-33
9.17688e-40
4.12324e-29
1.1998e-30
2.90352e-32
5.29936e-33
2.27164e-33
3.27219e-33
8.83764e-36
3.48737e-39
1.71811e-33
6.05569e-40
3.92362e-29
9.03791e-31
2.97263e-32
5.18174e-33
3.16964e-33
3.35226e-33
5.93897e-36
1.56049e-39
1.7271e-33
3.74302e-40
3.69299e-29
6.80411e-31
3.04347e-32
5.06636e-33
5.94744e-33
3.43396e-33
4.03833e-36
6.57229e-40
1.72975e-33
2.05459e-40
3.43163e-29
5.12519e-31
3.11606e-32
4.95319e-33
1.42271e-32
3.51734e-33
2.90383e-36
2.36914e-40
1.72529e-33
8.45021e-41
3.14e-29
3.90684e-31
3.18947e-32
4.84219e-33
3.87166e-32
3.60256e-33
2.5975e-36
4.42593e-41
1.71304e-33
0
2.81877e-29
3.40728e-31
3.22614e-32
4.7333e-33
2.2899e-32
5.61007e-32
3.65318e-33
2.86898e-36
4.59893e-41
2.58764e-41
1.67796e-33
2.76812e-29
2.04631e-29
4.67063e-33
1.34555e-32
8.00649e-32
3.70438e-33
3.6087e-36
4.78416e-41
1.5146e-41
1.6223e-33
2.71769e-29
1.48488e-29
4.60856e-33
7.87614e-33
1.13099e-31
3.75618e-33
5.10548e-36
4.99071e-41
8.87748e-42
1.54601e-33
2.66753e-29
1.07714e-29
4.54714e-33
4.60004e-33
1.58635e-31
3.80858e-33
7.8633e-36
5.24299e-41
5.21171e-42
1.45022e-33
2.61767e-29
7.81174e-30
4.48639e-33
2.68324e-33
2.21406e-31
3.86158e-33
1.27544e-35
5.60782e-41
3.06536e-42
1.33733e-33
2.56816e-29
5.6642e-30
4.42631e-33
1.56405e-33
3.07939e-31
3.91519e-33
2.12821e-35
6.26938e-41
1.8067e-42
1.21089e-33
2.51903e-29
4.10626e-30
4.3669e-33
9.1134e-34
4.27236e-31
3.96943e-33
3.60323e-35
7.73684e-41
1.06722e-42
1.0753e-33
2.47032e-29
2.97623e-30
4.30816e-33
5.30949e-34
5.91706e-31
4.02428e-33
6.14498e-35
1.14193e-40
6.31836e-43
9.35479e-34
2.42206e-29
2.15664e-30
4.25008e-33
3.09351e-34
8.18467e-31
4.07977e-33
1.05169e-34
2.12183e-40
3.74847e-43
7.96361e-34
2.37427e-29
1.56222e-30
4.19266e-33
1.803e-34
1.13112e-30
4.13589e-33
4.79386e-40
2.22735e-43
6.62518e-34
2.32699e-29
1.21504e-39
1.3243e-43
5.37782e-34
2.28023e-29
3.24791e-39
7.86536e-44
4.25028e-34
2.23402e-29
8.87339e-39
4.65366e-44
3.26081e-34
2.18838e-29
2.4449e-38
2.73083e-44
2.41749e-34
2.14332e-29
6.75823e-38
1.5779e-44
1.71952e-34
2.09887e-29
1.87041e-37
8.86613e-45
1.15903e-34
2.05503e-29
5.17897e-37
4.73151e-45
7.23178e-35
2.01181e-29
1.43424e-36
2.27389e-45
3.96117e-35
1.96926e-29
3.9722e-36
8.30318e-46
1.60729e-35
1.92811e-29
1.10014e-35
0
0
1.90805e-29
1.12125e-35
6.2884e-35
1.14276e-35
1.00418e-34
1.16468e-35
1.25126e-34
1.18702e-35
1.39744e-34
1.2098e-35
1.47335e-34
1.233e-35
1.50474e-34
1.25666e-35
1.50853e-34
1.28077e-35
1.49299e-34
1.30534e-35
1.4599e-34
1.33038e-35
1.40728e-34
1.3559e-35
1.33193e-34
1.38191e-35
1.23141e-34
1.40842e-35
1.10551e-34
1.43544e-35
9.56965e-35
1.46298e-35
7.91438e-35
1.49104e-35
6.1683e-35
1.51965e-35
4.4215e-35
1.5488e-35
2.76293e-35
1.57852e-35
1.26972e-35
1.60866e-35
0
1.65161e-35
1.69571e-35
1.74098e-35
1.78747e-35
1.8352e-35
1.8842e-35
1.93451e-35
1.98616e-35
2.03919e-35
2.09364e-35
2.14954e-35
2.20694e-35
2.26587e-35
2.32637e-35
2.3885e-35
2.45221e-35
2.51798e-35
2.58389e-35
2.659e-35
2.70174e-35
END_LIST
