BEGIN_LIST
0.1
0.0997616
0.0995235
0.0992859
0.0990487
0.0988119
0.0985755
0.0983395
0.0981039
0.0978688
0.097634
0.0973996
0.0971656
0.0969317
0.0966977
0.0964627
0.0962247
0.0959783
0.0957103
0.0953873
0.0949257
0.093373
0.0946927
0.0915098
0.0944489
0.0892998
0.094194
0.0867116
0.0939274
0.0837231
0.0936487
0.0803251
0.0933575
0.0765253
0.0930533
0.072351
0.0927356
0.0678497
0.092404
0.063089
0.0920581
0.0581524
0.0916972
0.0531354
0.0913209
0.0481398
0.0909288
0.0432701
0.0905203
0.0386338
0.090095
0.0343515
0.0896524
0.0305847
0.0891918
0.0276024
0.088709
0.0259278
0.0880667
0.0266533
0.0824823
0.0266527
0.0286577
0.024684
0.0776056
0.08128
0.026652
0.0302539
0.0249334
0.0727983
0.0798417
0.0266514
0.0316006
0.0264603
0.0680888
0.0781379
0.0266508
0.0327969
0.0287647
0.0635032
0.0761419
0.0266501
0.0339048
0.0315787
0.0590642
0.0738321
0.0266495
0.034963
0.0347527
0.0547911
0.0711953
0.0266489
0.0359957
0.0381961
0.0506995
0.0682291
0.0266482
0.0370178
0.041845
0.0468015
0.0649449
0.0266476
0.0380386
0.0456472
0.0431055
0.0613689
0.026647
0.0390639
0.0495538
0.0396167
0.0575421
0.0266463
0.0400969
0.0535159
0.0363368
0.0535193
0.0266457
0.0411396
0.0574846
0.0332645
0.0493645
0.0266451
0.0421929
0.0614106
0.0303951
0.045146
0.0266444
0.0432573
0.065247
0.0277202
0.0409284
0.0266438
0.0443328
0.06895
0.0252255
0.0367612
0.0266432
0.0454192
0.0724813
0.0228868
0.0326617
0.0266425
0.046516
0.0758091
0.0206607
0.0285837
0.0266418
0.0476227
0.0789093
0.0184648
0.0243537
0.0266526
0.0487388
0.0817655
0.0161343
0.0195328
0.0256106
0.0498635
0.0843695
0.01333
0.0131075
0.0237552
0.0250886
0.039531
0.0679211
0.0345036
0.0859734
0.0129294
0.0104348
0.0131073
0.00985426
0.0219372
0.0245758
0.0294614
0.0769376
0.02396
0.0874635
0.0125285
0.00799846
0.0131071
0.00906215
0.020172
0.0240718
0.0207835
0.0818752
0.0168526
0.0888425
0.0121271
0.00602731
0.0131069
0.00897821
0.018473
0.0235768
0.0140316
0.08494
0.01215
0.090114
0.0117245
0.00448146
0.0131067
0.00910025
0.0168512
0.0230904
0.00917161
0.0871115
0.00910869
0.0912822
0.0113204
0.00329799
0.0131064
0.00928448
0.0153153
0.0226128
0.00586218
0.088825
0.00720714
0.092352
0.0109143
0.00240833
0.0131062
0.00948975
0.0138714
0.0221437
0.00369164
0.0902752
0.00608787
0.0933286
0.0105055
0.00174858
0.013106
0.00970434
0.0125234
0.0216831
0.00230259
0.0915509
0.0055099
0.0942174
0.0100937
0.00126421
0.0131058
0.00992496
0.0112727
0.0212308
0.00142752
0.0926943
0.00531316
0.0950242
0.00967812
0.000911207
0.0131056
0.0101507
0.0101191
0.0207868
0.00088165
0.0937274
0.00539293
0.0957545
0.00925829
0.000655304
0.0131054
0.0103815
0.00906077
0.020351
0.000543234
0.0946632
0.005682
0.0964142
0.00883356
0.000470508
0.0131051
0.0106171
0.00809454
0.0199232
0.000334229
0.0955109
0.00613846
0.0970086
0.00840328
0.000337432
0.0131049
0.0108579
0.00721616
0.0195034
0.000205453
0.0962778
0.00673742
0.097543
0.00796677
0.000241792
0.0131047
0.0111037
0.00642047
0.0190915
0.000126223
0.0969707
0.00746555
0.0980227
0.00752331
0.000173156
0.0131045
0.0113548
0.00570121
0.0186873
7.75212e-05
0.0975955
0.00831729
0.0984524
0.00707217
0.00012395
0.0131043
0.0116112
0.00504982
0.0182907
4.76013e-05
0.0981579
0.0092924
0.0988366
0.00661254
8.86998e-05
0.013104
0.011873
0.00445164
0.0179017
2.92284e-05
0.0986634
0.0103942
0.0991797
0.00614362
6.34653e-05
0.0131038
0.0121402
0.00387363
0.0175201
1.79557e-05
0.0991169
0.0116285
0.0994856
0.00566452
4.54476e-05
0.0131036
0.0124131
0.00322682
0.0171461
1.10654e-05
0.0995233
0.0130026
0.0997579
0.00517435
3.29695e-05
0.0131034
0.0126917
0.0022512
0.0167799
6.94064e-06
0.0998869
0.0145245
0.1
0.00467214
2.79839e-05
0.0131033
0.012976
0.00128052
0.00215927
0.0165679
5.53702e-06
0.0998869
0.0999375
0.0171239
0.00446709
0.00356426
0.0131461
0.000727393
0.00207159
0.0163584
4.44228e-06
0.0998869
0.0999655
0.0201222
0.00427056
0.00281441
0.0133179
0.000412907
0.0019882
0.0161512
3.60789e-06
0.099887
0.099981
0.0235389
0.00408225
0.00231244
0.0134916
0.000234334
0.00190925
0.0159465
3.0069e-06
0.099887
0.0999896
0.0273851
0.00390184
0.00198225
0.0136674
0.000133021
0.00183501
0.0157441
2.63824e-06
0.099887
0.0999944
0.0316587
0.00372904
0.00177127
0.0138452
7.5582e-05
0.00176597
0.015544
2.53699e-06
0.099887
0.099997
0.0363399
0.00356356
0.00164325
0.0140252
4.30458e-05
0.00170288
0.0153463
2.79429e-06
0.099887
0.0999985
0.0413877
0.00340513
0.00157321
0.0142073
2.46454e-05
0.0016469
0.0151508
3.59425e-06
0.0998871
0.0999993
0.0467385
0.00325345
0.00154394
0.0143916
1.4274e-05
0.00159977
0.0149577
5.28004e-06
0.099887
0.0999997
0.0523067
0.00310828
0.0015436
0.0145781
8.4716e-06
0.00156406
0.0147668
0.099887
0.0999999
0.0579886
0.00296936
0.0998868
0.1
0.0636685
0.00283643
0.0998861
0.1
0.0692275
0.00270926
0.099884
0.1
0.0745527
0.00258761
0.0998781
0.1
0.079546
0.00247126
0.0998609
0.1
0.0841309
0.00235999
0.0998115
0.1
0.0882564
0.0022536
0.0996691
0.1
0.0918976
0.00215189
0.0992593
0.1
0.0950535
0.0020547
0.0980792
0.1
0.0977432
0.0019633
0.0946816
0.1
0.1
0.00191936
0.0946816
0.0692873
0.0946816
0.0503715
0.0946816
0.0369732
0.0946816
0.0280869
0.0946816
0.0227374
0.0946816
0.0200954
0.0946816
0.0195365
0.0946816
0.0206361
0.0946816
0.0231277
0.0946817
0.0268517
0.0946817
0.0317051
0.0946817
0.0375981
0.0946817
0.0444189
0.0946817
0.0520106
0.0946817
0.0601611
0.0946817
0.0686109
0.0946817
0.0770757
0.0946817
0.0852778
0.0946817
0.0929782
0.0946817
0.1
0.0946817
0.0946817
0.0946817
0.0946817
0.0946817
0.0946817
0.0946817
0.0946817
0.0946818
0.0946818
0.0946818
0.0946818
0.0946818
0.0946818
0.0946818
0.0946818
0.0946818
0.0946818
0.0946818
0.0946818
END_LIST
