BEGIN_LIST
0
1.20601e-91
4.18069e-91
1.14536e-90
2.91696e-90
7.22577e-90
1.76982e-89
4.31441e-89
1.04966e-88
2.55155e-88
6.20016e-88
1.50639e-87
3.65968e-87
8.89076e-87
2.15988e-86
5.24712e-86
1.27471e-85
3.0967e-85
7.52305e-85
1.82762e-84
4.43978e-84
1.97168e-83
4.56945e-84
4.66373e-83
4.70278e-84
9.22959e-83
4.83987e-84
1.67814e-82
4.98082e-84
2.90611e-82
5.12572e-84
4.88018e-82
5.27466e-84
8.03084e-82
5.42776e-84
1.30401e-81
5.5851e-84
2.09979e-81
5.7468e-84
3.36634e-81
5.91297e-84
5.39123e-81
6.08433e-84
8.65099e-81
6.28738e-84
1.39475e-80
7.64845e-84
2.26518e-80
5.8233e-83
3.71455e-80
2.20972e-81
6.16313e-80
9.40378e-80
1.03627e-79
4.01402e-78
1.76726e-79
1.71346e-76
3.05593e-79
7.31493e-75
5.34576e-79
3.12339e-73
5.68086e-79
6.97916e-79
3.10534e-79
7.31933e-73
3.32077e-73
6.03696e-79
7.93465e-79
1.81003e-79
1.39891e-72
3.52888e-73
6.41539e-79
8.44745e-79
1.06028e-79
2.41605e-72
3.74774e-73
6.81754e-79
8.67186e-79
6.2457e-80
3.91884e-72
3.97713e-73
7.24489e-79
8.7092e-79
3.69985e-80
6.08397e-72
4.21657e-73
7.69903e-79
8.62603e-79
2.20356e-80
9.13983e-72
4.46519e-73
8.18165e-79
8.46611e-79
1.31897e-80
1.33801e-71
4.72159e-73
8.69451e-79
8.25823e-79
7.93075e-81
1.9181e-71
4.98372e-73
9.23953e-79
8.02134e-79
4.788e-81
2.70251e-71
5.24861e-73
9.8187e-79
7.7679e-79
2.90102e-81
3.75324e-71
5.51211e-73
1.04342e-78
7.50611e-79
1.76323e-81
5.15044e-71
5.76833e-73
1.10883e-78
7.24138e-79
1.0746e-81
6.99865e-71
6.00889e-73
1.17833e-78
6.97725e-79
6.56446e-82
9.43574e-71
6.22155e-73
1.2522e-78
6.71605e-79
4.018e-82
1.26461e-70
6.38775e-73
1.33069e-78
6.45929e-79
2.46345e-82
1.68805e-70
6.47805e-73
1.4141e-78
6.20797e-79
1.51241e-82
2.24859e-70
6.44359e-73
1.50275e-78
5.9627e-79
9.29537e-83
2.9952e-70
6.2e-73
1.59695e-78
5.72389e-79
5.71766e-83
3.99853e-70
5.59679e-73
1.6972e-78
5.49175e-79
3.51889e-83
5.36303e-70
4.3584e-73
1.79097e-78
5.26643e-79
2.16619e-83
7.24794e-70
1.96517e-73
1.82328e-78
1.83721e-78
5.80441e-79
2.4704e-79
7.76198e-79
1.57449e-83
7.65438e-70
6.58959e-70
2.00467e-73
5.79426e-74
1.85286e-78
1.88438e-78
5.97923e-79
1.16158e-79
9.46982e-79
1.14396e-83
8.02695e-70
5.79929e-70
2.04496e-73
1.70813e-74
1.88367e-78
1.93251e-78
5.70903e-79
5.46731e-80
1.06142e-78
8.3066e-84
8.36205e-70
4.95071e-70
2.08606e-73
5.03797e-75
1.92791e-78
1.9816e-78
5.04152e-79
2.5749e-80
1.13814e-78
6.02652e-84
8.6562e-70
4.11382e-70
2.12799e-73
1.48854e-75
2.02037e-78
2.03167e-78
4.14042e-79
1.21321e-80
1.19123e-78
4.36719e-84
8.90604e-70
3.34137e-70
2.17077e-73
4.42382e-76
2.25799e-78
2.08273e-78
3.19938e-79
5.71817e-81
1.23046e-78
3.15978e-84
9.1084e-70
2.66417e-70
2.2144e-73
1.33963e-76
2.90974e-78
2.1348e-78
2.35922e-79
2.69587e-81
1.26214e-78
2.28144e-84
9.26024e-70
2.09348e-70
2.25891e-73
4.29803e-77
4.72337e-78
2.18788e-78
1.68248e-79
1.27125e-81
1.29001e-78
1.64273e-84
9.3588e-70
1.62674e-70
2.30431e-73
1.60884e-77
9.78562e-78
2.24199e-78
1.17314e-79
5.99533e-82
1.31604e-78
1.17857e-84
9.40151e-70
1.25343e-70
2.35063e-73
8.08994e-78
2.39471e-77
2.29716e-78
8.06689e-80
2.82739e-82
1.3411e-78
8.41507e-85
9.38608e-70
9.59761e-71
2.39787e-73
5.66235e-78
6.36902e-77
2.35338e-78
5.52013e-80
1.33304e-82
1.36533e-78
5.97022e-85
9.3105e-70
7.31516e-71
2.44607e-73
4.87834e-78
1.7568e-76
2.41069e-78
3.83766e-80
6.28048e-83
1.38844e-78
4.19941e-85
9.17307e-70
5.55679e-71
2.49524e-73
4.58009e-78
4.92685e-76
2.46908e-78
2.92526e-80
2.95433e-83
1.40988e-78
2.91925e-85
8.97241e-70
4.2108e-71
2.54539e-73
4.42621e-78
1.39426e-75
2.52858e-78
3.07004e-80
1.38522e-83
1.42898e-78
1.99614e-85
8.70752e-70
3.18523e-71
2.59655e-73
4.31603e-78
3.9706e-75
2.58921e-78
5.65282e-80
6.45255e-84
1.44498e-78
1.33266e-85
8.37774e-70
2.40638e-71
2.64875e-73
4.21985e-78
1.13674e-74
2.65098e-78
1.54959e-79
2.96613e-84
1.45711e-78
8.57852e-86
7.9828e-70
1.81633e-71
2.70199e-73
4.12888e-78
3.27024e-74
2.7139e-78
4.85576e-79
1.32646e-84
1.46461e-78
5.20017e-86
7.52285e-70
1.37018e-71
2.7563e-73
4.04053e-78
9.45243e-74
2.77801e-78
1.57079e-78
5.58194e-85
1.46675e-78
2.81477e-86
6.99844e-70
1.0342e-71
2.81168e-73
3.95402e-78
2.74559e-73
2.84334e-78
5.11709e-78
2.00915e-85
1.46286e-78
1.14795e-86
6.41054e-70
7.89942e-72
2.86742e-73
3.86908e-78
8.02283e-73
2.91002e-78
1.66967e-77
3.72755e-86
1.45237e-78
0
5.76056e-70
6.89691e-72
2.8952e-73
3.78564e-78
4.74921e-73
1.17186e-72
2.94958e-78
2.893e-77
3.86618e-86
2.17048e-86
1.42248e-78
5.66267e-70
4.19236e-70
3.73754e-78
2.79302e-73
1.6805e-72
2.98956e-78
4.98675e-77
4.01084e-86
1.26381e-86
1.37518e-78
5.56504e-70
3.04974e-70
3.68985e-78
1.63626e-73
2.38031e-72
3.02997e-78
8.57503e-77
4.16337e-86
7.35849e-87
1.3104e-78
5.46778e-70
2.21783e-70
3.64262e-78
9.56444e-74
3.34291e-72
3.07081e-78
1.47284e-76
4.32846e-86
4.2842e-87
1.22911e-78
5.37096e-70
1.61246e-70
3.59586e-78
5.58354e-74
4.66681e-72
3.11209e-78
2.52837e-76
4.51883e-86
2.49409e-87
1.13336e-78
5.27468e-70
1.17208e-70
3.54956e-78
3.25717e-74
6.48747e-72
3.1538e-78
4.33928e-76
4.76932e-86
1.45173e-87
1.02613e-78
5.179e-70
8.51791e-71
3.50374e-78
1.89929e-74
8.99122e-72
3.19596e-78
7.44628e-76
5.17605e-86
8.44796e-88
9.11179e-79
5.084e-70
6.18875e-71
3.45839e-78
1.10723e-74
1.24343e-71
3.23856e-78
1.27772e-75
6.00491e-86
4.91403e-88
7.92652e-79
4.98975e-70
4.49508e-71
3.4135e-78
6.45397e-75
1.71692e-71
3.28161e-78
2.19239e-75
7.99188e-86
2.85646e-88
6.74741e-79
4.8963e-70
3.26355e-71
3.36908e-78
3.76168e-75
2.36807e-71
3.32512e-78
1.3175e-85
1.65858e-88
5.61312e-79
4.80371e-70
2.71985e-85
9.61273e-89
4.55612e-79
4.71203e-70
6.56946e-85
5.55448e-89
3.60072e-79
4.62131e-70
1.71959e-84
3.19341e-89
2.76238e-79
4.5316e-70
4.65906e-84
1.82051e-89
2.04791e-79
4.44292e-70
1.27965e-83
1.02293e-89
1.4566e-79
4.35532e-70
3.53307e-83
5.60277e-90
9.81796e-80
4.26882e-70
9.77387e-83
2.92557e-90
6.12583e-80
4.18346e-70
2.70583e-82
1.38274e-90
3.35535e-80
4.09932e-70
7.49299e-82
4.99647e-91
1.36146e-80
4.01783e-70
2.07517e-81
0
0
3.9781e-70
2.11498e-81
1.18614e-80
2.15555e-81
1.89412e-80
2.1969e-81
2.36018e-80
2.23904e-81
2.63591e-80
2.28199e-81
2.77911e-80
2.32577e-81
2.83833e-80
2.37038e-81
2.84551e-80
2.41585e-81
2.81621e-80
2.46219e-81
2.7538e-80
2.50943e-81
2.65457e-80
2.55756e-81
2.51245e-80
2.60662e-81
2.32285e-80
2.65663e-81
2.08537e-80
2.70759e-81
1.80517e-80
2.75953e-81
1.49293e-80
2.81246e-81
1.16356e-80
2.86641e-81
8.34054e-81
2.9214e-81
5.21189e-81
2.97745e-81
2.39516e-81
3.03429e-81
0
3.1153e-81
3.19848e-81
3.28387e-81
3.37155e-81
3.46156e-81
3.55398e-81
3.64887e-81
3.74628e-81
3.8463e-81
3.949e-81
4.05443e-81
4.16267e-81
4.27381e-81
4.38791e-81
4.50509e-81
4.62525e-81
4.74928e-81
4.87358e-81
5.01523e-81
5.09583e-81
END_LIST
