BEGIN_LIST
0
5.19149e-79
1.79931e-78
4.92802e-78
1.2546e-77
3.1066e-77
7.60579e-77
1.8533e-76
4.50695e-76
1.09509e-75
2.65986e-75
6.45964e-75
1.56866e-74
3.80929e-74
9.25028e-74
2.24632e-73
5.4549e-73
1.32466e-72
3.21686e-72
7.81194e-72
1.8971e-71
8.42009e-71
1.95303e-71
1.99029e-70
2.01057e-71
3.93507e-70
2.06975e-71
7.14612e-70
2.13062e-71
1.23574e-69
2.19323e-71
2.07175e-69
2.2576e-71
3.40319e-69
2.3238e-71
5.51557e-69
2.39186e-71
8.86446e-69
2.46184e-71
1.41844e-68
2.53377e-71
2.26751e-68
2.60773e-71
3.63237e-68
2.68446e-71
5.84732e-68
2.79434e-71
9.48379e-68
4.23069e-71
1.55345e-67
6.21967e-70
2.57512e-67
2.53296e-68
4.32677e-67
1.07999e-66
7.37499e-67
4.6099e-65
1.2748e-66
1.96795e-63
2.22947e-66
8.40268e-62
2.36923e-66
2.91056e-66
1.2951e-66
1.96884e-61
8.93462e-62
2.51774e-66
3.30897e-66
7.54885e-67
3.76206e-61
9.49557e-62
2.67557e-66
3.52279e-66
4.42201e-67
6.49525e-61
1.00856e-61
2.8433e-66
3.61635e-66
2.60484e-67
1.05308e-60
1.0704e-61
3.02153e-66
3.63191e-66
1.54308e-67
1.63401e-60
1.13497e-61
3.21095e-66
3.59722e-66
9.19035e-68
2.45316e-60
1.20202e-61
3.41223e-66
3.53052e-66
5.50105e-68
3.58852e-60
1.27118e-61
3.62614e-66
3.44383e-66
3.30771e-68
5.13981e-60
1.3419e-61
3.85345e-66
3.34504e-66
1.99697e-68
7.23446e-60
1.41338e-61
4.09501e-66
3.23935e-66
1.20997e-68
1.00358e-59
1.48449e-61
4.35172e-66
3.13018e-66
7.35422e-69
1.37542e-59
1.55366e-61
4.62452e-66
3.01978e-66
4.48207e-69
1.86634e-59
1.61862e-61
4.91442e-66
2.90963e-66
2.73802e-69
2.51233e-59
1.67608e-61
5.22249e-66
2.80071e-66
1.67592e-69
3.36145e-59
1.72102e-61
5.54988e-66
2.69364e-66
1.02753e-69
4.47888e-59
1.74551e-61
5.89779e-66
2.58883e-66
6.30854e-70
5.95475e-59
1.73638e-61
6.26752e-66
2.48655e-66
3.87734e-70
7.91627e-59
1.67087e-61
6.66041e-66
2.38696e-66
2.38504e-70
1.0547e-58
1.50842e-61
7.07857e-66
2.29016e-66
1.46789e-70
1.41184e-58
1.17476e-61
7.46834e-66
2.19619e-66
9.03639e-71
1.90454e-58
5.29841e-62
7.59683e-66
7.66121e-66
2.42054e-66
1.0302e-66
3.23688e-66
6.56818e-71
2.01078e-58
1.73135e-58
5.40511e-62
1.56384e-62
7.70309e-66
7.85798e-66
2.49344e-66
4.84398e-67
3.94908e-66
4.77226e-71
2.10813e-58
1.52353e-58
5.51396e-62
4.62546e-63
7.78518e-66
8.05871e-66
2.38076e-66
2.27996e-67
4.42629e-66
3.46532e-71
2.19565e-58
1.30046e-58
5.625e-62
1.37908e-63
7.84354e-66
8.26347e-66
2.1024e-66
1.07378e-67
4.74623e-66
2.51417e-71
2.27242e-58
1.08051e-58
5.73828e-62
4.21957e-64
7.88483e-66
8.4723e-66
1.72662e-66
5.0593e-68
4.96761e-66
1.82196e-71
2.33759e-58
8.77527e-59
5.85384e-62
1.39545e-64
7.93242e-66
8.68526e-66
1.33419e-66
2.38457e-68
5.13124e-66
1.31826e-71
2.3903e-58
6.99604e-59
5.97173e-62
5.59936e-65
8.05524e-66
8.90242e-66
9.83816e-67
1.12422e-68
5.26336e-66
9.51833e-72
2.42978e-58
5.49687e-59
6.092e-62
3.10598e-65
8.44806e-66
9.12382e-66
7.01568e-67
5.30133e-69
5.37955e-66
6.85374e-72
2.4553e-58
4.27089e-59
6.21469e-62
2.34098e-65
9.65634e-66
9.34954e-66
4.89051e-67
2.50015e-69
5.48812e-66
4.91725e-72
2.46619e-58
3.29047e-59
6.33985e-62
2.08599e-65
1.321e-65
9.57962e-66
3.35888e-67
1.17907e-69
5.59263e-66
3.51102e-72
2.46186e-58
2.51927e-59
6.46754e-62
1.98185e-65
2.34186e-65
9.81414e-66
2.28572e-67
5.55902e-70
5.69367e-66
2.491e-72
2.44177e-58
1.91996e-59
6.59779e-62
1.92267e-65
5.24814e-65
1.00532e-65
1.54828e-67
2.61907e-70
5.79002e-66
1.75218e-72
2.40549e-58
1.4583e-59
6.73068e-62
1.87724e-65
1.35105e-64
1.02967e-65
1.05186e-67
1.23201e-70
5.87944e-66
1.21806e-72
2.35266e-58
1.10495e-59
6.86624e-62
1.83634e-65
3.70509e-64
1.05449e-65
7.35735e-68
5.77658e-71
5.95908e-66
8.32899e-73
2.28301e-58
8.35743e-60
7.00453e-62
1.79725e-65
1.04369e-63
1.07978e-65
5.87492e-68
2.69082e-71
6.02581e-66
5.56066e-73
2.19638e-58
6.31322e-60
7.14561e-62
1.75915e-65
2.97704e-63
1.10554e-65
6.99373e-68
1.23693e-71
6.07641e-66
3.57951e-73
2.09269e-58
4.76469e-60
7.28953e-62
1.7218e-65
8.55433e-63
1.13179e-65
1.46493e-67
5.53157e-72
6.10768e-66
2.16986e-73
1.97199e-58
3.59395e-60
7.43635e-62
1.68512e-65
2.47171e-62
1.15853e-65
4.23241e-67
2.32777e-72
6.11659e-66
1.17452e-73
1.83441e-58
2.71239e-60
7.58607e-62
1.64908e-65
7.17888e-62
1.18578e-65
1.34471e-66
8.37853e-73
6.10038e-66
4.79006e-74
1.68022e-58
2.07156e-60
7.73677e-62
1.61366e-65
2.09775e-61
1.21359e-65
4.36535e-66
1.5545e-73
6.05663e-66
0
1.50978e-58
1.80856e-60
7.81188e-62
1.57886e-65
1.2417e-61
3.06422e-61
1.2301e-65
7.55893e-66
1.61242e-73
9.05157e-74
5.93201e-66
1.48404e-58
1.09862e-58
1.55879e-65
7.30195e-62
4.39452e-61
1.24677e-65
1.30261e-65
1.67306e-73
5.27045e-74
5.73473e-66
1.45838e-58
7.99088e-59
1.5389e-65
4.27746e-62
6.22503e-61
1.26363e-65
2.23972e-65
1.73754e-73
3.06871e-74
5.46458e-66
1.43282e-58
5.81036e-59
1.5192e-65
2.50013e-62
8.74328e-61
1.28067e-65
3.84689e-65
1.8088e-73
1.78664e-74
5.12561e-66
1.40737e-58
4.22381e-59
1.49969e-65
1.45942e-62
1.22072e-60
1.29789e-65
6.60408e-65
1.89486e-73
1.04011e-74
4.7263e-66
1.38207e-58
3.06983e-59
1.48038e-65
8.51298e-63
1.69715e-60
1.31529e-65
1.13348e-64
2.01781e-73
6.05416e-75
4.27915e-66
1.35693e-58
2.23065e-59
1.46126e-65
4.96364e-63
2.35242e-60
1.33287e-65
1.94519e-64
2.23866e-73
3.52306e-75
3.79978e-66
1.33197e-58
1.62048e-59
1.44234e-65
2.89346e-63
3.25366e-60
1.35064e-65
3.33803e-64
2.7262e-73
2.0493e-75
3.3055e-66
1.30721e-58
1.17684e-59
1.42362e-65
1.68645e-63
4.49321e-60
1.3686e-65
5.72798e-64
3.94779e-73
1.19123e-75
2.81379e-66
1.28265e-58
8.54304e-60
1.40509e-65
9.82872e-64
6.1981e-60
1.38675e-65
7.19771e-73
6.91676e-76
2.34077e-66
1.25833e-58
1.60604e-72
4.0088e-76
1.89998e-66
1.23425e-58
4.04635e-72
2.31639e-76
1.50156e-66
1.21042e-58
1.07903e-71
1.33175e-76
1.15196e-66
1.18686e-58
2.94535e-71
7.59208e-77
8.54014e-67
1.16357e-58
8.11279e-71
4.26595e-77
6.07429e-67
1.14057e-58
2.24232e-70
2.33653e-77
4.09426e-67
1.11786e-58
6.20567e-70
1.22005e-77
2.55458e-67
1.09544e-58
1.71826e-69
5.76642e-78
1.39924e-67
1.07335e-58
4.75848e-69
2.08368e-78
5.67754e-68
1.05196e-58
1.31788e-68
0
0
1.04153e-58
1.34316e-68
7.5329e-68
1.36893e-68
1.20291e-67
1.39519e-68
1.4989e-67
1.42195e-68
1.67401e-67
1.44923e-68
1.76495e-67
1.47703e-68
1.80256e-67
1.50536e-68
1.80712e-67
1.53424e-68
1.78852e-67
1.56367e-68
1.74888e-67
1.59366e-68
1.68586e-67
1.62423e-68
1.59561e-67
1.65539e-68
1.47519e-67
1.68715e-68
1.32437e-67
1.71951e-68
1.14642e-67
1.7525e-68
9.48129e-68
1.78611e-68
7.38953e-68
1.82038e-68
5.2969e-68
1.8553e-68
3.30996e-68
1.89089e-68
1.52111e-68
1.92699e-68
0
1.97844e-68
2.03126e-68
2.08549e-68
2.14117e-68
2.19834e-68
2.25703e-68
2.31729e-68
2.37916e-68
2.44268e-68
2.50789e-68
2.57485e-68
2.6436e-68
2.71418e-68
2.78664e-68
2.86105e-68
2.93736e-68
3.01613e-68
3.09507e-68
3.18503e-68
3.23622e-68
END_LIST
