BEGIN_LIST
0
2.80686e-51
9.68252e-51
2.63279e-50
6.64233e-50
1.62799e-49
3.94236e-49
9.49804e-49
2.28328e-48
5.48372e-48
1.31651e-47
3.16021e-47
7.58553e-47
1.8208e-46
4.37068e-46
1.04919e-45
2.5187e-45
6.0467e-45
1.45172e-44
3.48549e-44
8.36888e-44
3.64711e-43
8.68661e-44
8.43739e-43
9.01638e-44
1.61767e-42
9.35862e-44
2.82062e-42
9.7138e-44
4.63603e-42
1.00824e-43
7.31305e-42
1.04648e-43
1.11903e-41
1.08617e-43
1.67318e-41
1.12735e-43
2.45861e-41
1.17007e-43
3.56861e-41
1.21439e-43
5.14264e-41
1.26036e-43
7.39796e-41
1.30805e-43
1.06873e-40
1.35752e-43
1.56038e-40
1.40927e-43
2.31747e-40
1.48191e-43
3.52184e-40
2.36694e-43
5.50063e-40
3.78395e-42
8.84843e-40
1.54923e-40
1.46486e-39
6.60507e-39
2.48539e-39
2.8194e-37
2.64174e-39
3.22799e-39
1.44479e-39
6.59884e-37
3.00074e-37
2.80793e-39
3.66169e-39
8.42895e-40
1.25827e-36
3.19219e-37
2.98458e-39
3.8937e-39
4.94324e-40
2.16593e-36
3.3938e-37
3.17237e-39
3.99439e-39
2.91622e-40
3.498e-36
3.60542e-37
3.37199e-39
4.0099e-39
1.73089e-40
5.40157e-36
3.82662e-37
3.58419e-39
3.97057e-39
1.0335e-40
8.06248e-36
4.05665e-37
3.80977e-39
3.89634e-39
6.20653e-41
1.17133e-35
4.29428e-37
4.04956e-39
3.80031e-39
3.74772e-41
1.66437e-35
4.53766e-37
4.30447e-39
3.6911e-39
2.27488e-41
2.3213e-35
4.78412e-37
4.57544e-39
3.57439e-39
1.38781e-41
3.18673e-35
5.02989e-37
4.8635e-39
3.45391e-39
8.50776e-42
4.31636e-35
5.26962e-37
5.16973e-39
3.33213e-39
5.24039e-42
5.78029e-35
5.49575e-37
5.49528e-39
3.21064e-39
3.24303e-42
7.66804e-35
5.69721e-37
5.84135e-39
3.09052e-39
2.01633e-42
1.0096e-34
5.85728e-37
6.20926e-39
2.97245e-39
1.25947e-42
1.3219e-34
5.94959e-37
6.60038e-39
2.85687e-39
7.90329e-43
1.72483e-34
5.93053e-37
7.01619e-39
2.74409e-39
4.98179e-43
2.24812e-34
5.72511e-37
7.45823e-39
2.63426e-39
3.15385e-43
2.93483e-34
5.20008e-37
7.92888e-39
2.52751e-39
2.00465e-43
3.84947e-34
4.11234e-37
8.36853e-39
2.42388e-39
1.27871e-43
5.09233e-34
2.00541e-37
8.51386e-39
8.58652e-39
2.67115e-39
1.13695e-39
3.57275e-39
9.5284e-44
5.36031e-34
4.62342e-34
2.04844e-37
7.78902e-38
8.63354e-39
8.80901e-39
2.75128e-39
5.34564e-40
4.35904e-39
7.10475e-44
5.60478e-34
4.06349e-34
2.09243e-37
4.13286e-38
8.724e-39
9.03607e-39
2.62667e-39
2.51594e-40
4.88596e-39
5.29892e-44
5.82342e-34
3.4644e-34
2.13738e-37
3.01701e-38
8.78193e-39
9.26778e-39
2.31932e-39
1.18485e-40
5.2393e-39
3.95126e-44
6.01394e-34
2.87511e-34
2.18332e-37
2.65076e-38
8.80442e-39
9.50419e-39
1.90459e-39
5.58228e-41
5.48387e-39
2.94411e-44
6.17416e-34
2.33234e-34
2.23027e-37
2.50615e-38
8.78918e-39
9.74539e-39
1.47158e-39
2.6309e-41
5.66469e-39
2.19055e-44
6.30202e-34
1.85735e-34
2.27825e-37
2.42751e-38
8.73475e-39
9.99144e-39
1.08502e-39
1.24027e-41
5.81073e-39
1.62628e-44
6.39557e-34
1.4577e-34
2.32729e-37
2.36896e-38
8.64085e-39
1.02424e-38
7.73666e-40
5.84814e-42
5.93921e-39
1.20353e-44
6.45299e-34
1.13132e-34
2.37741e-37
2.31696e-38
8.50899e-39
1.04984e-38
5.3925e-40
2.75783e-42
6.05927e-39
8.86816e-45
6.47265e-34
8.70648e-35
2.42864e-37
2.26751e-38
8.34418e-39
1.07594e-38
3.703e-40
1.30049e-42
6.17485e-39
6.4965e-45
6.45305e-34
6.65848e-35
2.48099e-37
2.21941e-38
8.15936e-39
1.10257e-38
2.5187e-40
6.13102e-43
6.28659e-39
4.72254e-45
6.39292e-34
5.0688e-35
2.53451e-37
2.1723e-38
7.98822e-39
1.12971e-38
1.7029e-40
2.88833e-43
6.39316e-39
3.39804e-45
6.29116e-34
3.84567e-35
2.58921e-37
2.12608e-38
7.92194e-39
1.15738e-38
1.14705e-40
1.35856e-43
6.49207e-39
2.41177e-45
6.14689e-34
2.91055e-35
2.64512e-37
2.08069e-38
8.21491e-39
1.1856e-38
7.70895e-41
6.36949e-44
6.58018e-39
1.68009e-45
5.95949e-34
2.19893e-35
2.70226e-37
2.03611e-38
9.5907e-39
1.21436e-38
5.17538e-41
2.96679e-44
6.65403e-39
1.13995e-45
5.72854e-34
1.65917e-35
2.76067e-37
1.99233e-38
1.41301e-38
1.24367e-38
3.47754e-41
1.3637e-44
6.71005e-39
7.43813e-46
5.45389e-34
1.25076e-35
2.82038e-37
1.94933e-38
2.78599e-38
1.27355e-38
2.3555e-41
6.09817e-45
6.74473e-39
4.55752e-46
5.13565e-34
9.42329e-36
2.88141e-37
1.9071e-38
6.83338e-38
1.30401e-38
1.66045e-41
2.56611e-45
6.75471e-39
2.48616e-46
4.7742e-34
7.1035e-36
2.94378e-37
1.86563e-38
1.86976e-37
1.33507e-38
1.38202e-41
9.23636e-46
6.73694e-39
1.01871e-46
4.37019e-34
5.41893e-36
3.00667e-37
1.8249e-38
5.35724e-37
1.36679e-38
1.80792e-41
1.71387e-46
6.68874e-39
0
3.92457e-34
4.72796e-36
3.03805e-37
1.7849e-38
3.16893e-37
7.81041e-37
1.38561e-38
2.49231e-41
1.77824e-46
9.97987e-47
6.55128e-39
3.85547e-34
2.85167e-34
1.76186e-38
1.86229e-37
1.11911e-36
1.40464e-38
3.77239e-41
1.84656e-46
5.81128e-47
6.33356e-39
3.78664e-34
2.07116e-34
1.73902e-38
1.0902e-37
1.58491e-36
1.42389e-38
6.05743e-41
1.92173e-46
3.38389e-47
6.03533e-39
3.71812e-34
1.50379e-34
1.71641e-38
6.36792e-38
2.2266e-36
1.44334e-38
1.00531e-40
2.01164e-46
1.97037e-47
5.66107e-39
3.64999e-34
1.09158e-34
1.69403e-38
3.71478e-38
3.11052e-36
1.46301e-38
1.69739e-40
2.13799e-46
1.14726e-47
5.22013e-39
3.58229e-34
7.92188e-35
1.67188e-38
2.16547e-38
4.32809e-36
1.48289e-38
2.89071e-40
2.36072e-46
6.67924e-48
4.72634e-39
3.51508e-34
5.74793e-35
1.64997e-38
1.26181e-38
6.00522e-36
1.50299e-38
4.94386e-40
2.84563e-46
3.88784e-48
4.19694e-39
3.44841e-34
4.16959e-35
1.62829e-38
7.35098e-39
8.31538e-36
1.52332e-38
8.47271e-40
4.05177e-46
2.26223e-48
3.65105e-39
3.38232e-34
3.02375e-35
1.60684e-38
4.28214e-39
1.14976e-35
1.54386e-38
1.45348e-39
7.25041e-46
1.31553e-48
3.10797e-39
3.31684e-34
2.19194e-35
1.58562e-38
2.49455e-39
1.58811e-35
1.56462e-38
1.59624e-45
7.6421e-49
2.58553e-39
3.25203e-34
3.99386e-45
4.43157e-49
2.09867e-39
3.1879e-34
1.06186e-44
2.56222e-49
1.65861e-39
3.1245e-34
2.89507e-44
1.47404e-49
1.27245e-39
3.06185e-34
7.97073e-44
8.409e-50
9.43348e-40
2.99997e-34
2.20268e-43
4.72817e-50
6.70974e-40
2.9389e-34
6.09555e-43
2.59135e-50
4.52259e-40
2.87864e-34
1.68773e-42
1.35387e-50
2.82184e-40
2.81921e-34
4.67389e-42
6.40168e-51
1.54564e-40
2.76067e-34
1.29445e-41
2.31387e-51
6.27156e-41
2.70403e-34
3.58513e-41
0
0
2.67642e-34
3.6539e-41
2.04925e-40
3.72399e-41
3.27241e-40
3.79543e-41
4.0776e-40
3.86824e-41
4.55398e-40
3.94244e-41
4.80138e-40
4.01807e-41
4.90369e-40
4.09514e-41
4.91609e-40
4.1737e-41
4.86547e-40
4.25376e-41
4.75764e-40
4.33536e-41
4.5862e-40
4.41853e-41
4.34066e-40
4.50329e-41
4.0131e-40
4.58968e-41
3.60281e-40
4.67772e-41
3.11871e-40
4.76745e-41
2.57927e-40
4.85891e-41
2.01023e-40
4.95211e-41
1.44096e-40
5.04711e-41
9.00435e-41
5.14395e-41
4.13801e-41
5.24215e-41
0
5.38211e-41
5.52581e-41
5.67334e-41
5.82481e-41
5.98033e-41
6.13999e-41
6.30393e-41
6.47223e-41
6.64503e-41
6.82245e-41
7.0046e-41
7.19162e-41
7.38363e-41
7.58075e-41
7.78319e-41
7.99079e-41
8.20507e-41
8.41983e-41
8.66456e-41
8.8038e-41
END_LIST
