BEGIN_LIST
0.1
0.0997451
0.0994907
0.0992369
0.0989836
0.0987308
0.0984785
0.0982267
0.0979755
0.0977247
0.0974745
0.0972246
0.096975
0.0967253
0.0964745
0.0962199
0.0959554
0.0956647
0.0953073
0.0947811
0.0938281
0.090484
0.0932749
0.0866887
0.0927003
0.0824553
0.0921039
0.0778185
0.0914853
0.0728357
0.090844
0.0675849
0.0901797
0.0621599
0.089492
0.0566644
0.0887805
0.0512039
0.0880451
0.0458786
0.0872854
0.040777
0.0865013
0.0359715
0.0856926
0.0315171
0.0848592
0.0274532
0.0840011
0.0238091
0.0831183
0.0206166
0.0822108
0.0179356
0.0812787
0.0159068
0.0803173
0.0148686
0.0791542
0.0156149
0.0718865
0.0156144
0.0178163
0.0126856
0.066605
0.0689342
0.015614
0.0194444
0.0119272
0.0615599
0.0656583
0.0156136
0.0207264
0.0123317
0.0567645
0.0620843
0.0156131
0.0218022
0.0134054
0.0522277
0.0582535
0.0156127
0.0227583
0.0149115
0.0479542
0.0542212
0.0156123
0.023648
0.0167402
0.0439454
0.0500542
0.0156118
0.0245045
0.0188429
0.0401991
0.0458262
0.0156114
0.0253481
0.0211999
0.0367105
0.0416131
0.0156109
0.0261915
0.023804
0.0334725
0.0374873
0.0156105
0.0270428
0.0266516
0.030476
0.0335137
0.0156101
0.0279067
0.029738
0.0277105
0.0297459
0.0156096
0.0287865
0.0330546
0.025164
0.0262246
0.0156092
0.029684
0.0365874
0.022823
0.0229759
0.0156088
0.0306005
0.0403154
0.0206725
0.0200124
0.0156083
0.0315368
0.0442109
0.0186939
0.0173322
0.0156079
0.0324932
0.0482392
0.0168621
0.014918
0.0156075
0.0334701
0.0523595
0.0151378
0.0127309
0.0156069
0.0344675
0.056526
0.0134517
0.0106946
0.015615
0.0354855
0.0606899
0.0116694
0.0086548
0.0148388
0.0365242
0.0648014
0.00951693
0.00628504
0.0134081
0.0145134
0.0261627
0.0516544
0.0248116
0.0675121
0.0092239
0.00717384
0.00628492
0.00515969
0.0120786
0.0141946
0.0178719
0.0598433
0.0169272
0.0701588
0.00893063
0.00533519
0.00628481
0.00491671
0.0108503
0.0138823
0.0117803
0.0650044
0.0116867
0.0727302
0.00863678
0.00392695
0.00628469
0.00492806
0.00972194
0.0135764
0.00757249
0.0688131
0.00824901
0.0752154
0.00834199
0.00286799
0.00628458
0.00501404
0.00869047
0.0132768
0.00478645
0.0719863
0.00603142
0.0776053
0.0080459
0.00208251
0.00628446
0.00512327
0.00775188
0.0129835
0.00299257
0.0748281
0.00463726
0.0798917
0.00774813
0.00150574
0.00628435
0.00524109
0.00690132
0.0126962
0.00185804
0.0774642
0.00380022
0.0820681
0.00744829
0.00108535
0.00628423
0.00536335
0.0061334
0.0124149
0.00114862
0.0799448
0.00334343
0.0841295
0.00714597
0.000780565
0.00628412
0.00548891
0.00544241
0.0121394
0.000708134
0.0822879
0.00315057
0.0860727
0.00684072
0.00056046
0.00628401
0.00561747
0.00482249
0.0118698
0.00043584
0.0844989
0.00314608
0.0878959
0.00653211
0.000401949
0.00628389
0.00574901
0.00426782
0.0116057
0.000267972
0.0865786
0.00328168
0.0895988
0.00621965
0.000288027
0.00628378
0.00588355
0.0037727
0.0113473
0.000164654
0.0885273
0.00352733
0.0911825
0.00590287
0.000206268
0.00628366
0.00602116
0.00333163
0.0110942
0.000101132
0.0903455
0.00386532
0.0926491
0.00558123
0.000147653
0.00628355
0.0061619
0.00293929
0.0108466
6.21008e-05
0.0920348
0.00428624
0.094002
0.00525421
0.000105662
0.00628343
0.00630583
0.00259044
0.0106042
3.81281e-05
0.093598
0.00478641
0.0952453
0.00492122
7.5596e-05
0.00628332
0.00645301
0.00227929
0.0103669
2.34078e-05
0.095039
0.00536614
0.0963838
0.00458168
5.4077e-05
0.0062832
0.00660353
0.00199781
0.0101347
1.43712e-05
0.0963624
0.00602861
0.0974227
0.00423496
3.86819e-05
0.00628309
0.00675745
0.00173025
0.00990745
8.82788e-06
0.0975736
0.00677913
0.0983678
0.0038804
2.76948e-05
0.00628297
0.00691484
0.00143642
0.00968521
5.4397e-06
0.0986787
0.00762461
0.0992249
0.00351732
2.0088e-05
0.00628286
0.00707577
0.00100013
0.00946811
3.41084e-06
0.0996837
0.00857327
0.1
0.00314498
1.70491e-05
0.00628281
0.00724032
0.000567826
0.00095935
0.00934265
2.71976e-06
0.0996838
0.0998248
0.0102223
0.00300356
0.00231935
0.00733884
0.000322211
0.000920613
0.00921878
2.17978e-06
0.0996838
0.099903
0.0121731
0.00286832
0.00175657
0.00743849
0.000182797
0.000883992
0.00909648
1.76644e-06
0.0996838
0.0999464
0.0144617
0.00273901
0.0013754
0.00753937
0.00010371
0.000849633
0.00897573
1.46547e-06
0.0996838
0.0999704
0.0171262
0.00261538
0.00111977
0.00764154
5.88661e-05
0.000817776
0.00885652
1.2745e-06
0.0996838
0.0999837
0.0202034
0.00249719
0.000951021
0.00774501
3.34511e-05
0.000788806
0.00873883
1.20756e-06
0.0996838
0.0999911
0.0237253
0.00238422
0.000842483
0.00784983
1.90593e-05
0.00076331
0.00862263
1.30379e-06
0.0996838
0.0999952
0.0277156
0.00227624
0.00077579
0.00795601
1.09235e-05
0.000742168
0.00850792
1.64369e-06
0.0996838
0.0999974
0.0321845
0.00217305
0.000738294
0.00806356
6.34102e-06
0.000726687
0.00839468
2.3783e-06
0.0996838
0.0999987
0.0371248
0.00207445
0.000721288
0.00817251
3.78128e-06
0.000718788
0.00828288
0.0996837
0.0999994
0.0425071
0.00198023
0.0996835
0.0999997
0.0482771
0.00189021
0.0996827
0.0999999
0.0543547
0.00180422
0.0996804
0.1
0.0606361
0.00172207
0.0996738
0.1
0.0669992
0.0016436
0.0996546
0.1
0.0733112
0.00156865
0.0995995
0.1
0.0794395
0.00149707
0.0994408
0.1
0.0852617
0.00142871
0.0989838
0.1
0.0906751
0.00136347
0.0976681
0.1
0.0956035
0.00130216
0.0938798
0.1
0.1
0.00127271
0.0938798
0.0660225
0.0938798
0.0459451
0.0938798
0.0321804
0.0938798
0.0232672
0.0938798
0.0179296
0.0938798
0.015183
0.0938798
0.0143414
0.0938798
0.0149698
0.0938798
0.0168212
0.0938798
0.0197783
0.0938798
0.0238057
0.0938798
0.0289099
0.0938798
0.0351039
0.0938798
0.0423758
0.0938798
0.0506607
0.0938798
0.059821
0.0938799
0.0696392
0.0938799
0.0798281
0.0938799
0.0900588
0.0938798
0.1
0.0938798
0.0938798
0.0938798
0.0938798
0.0938798
0.0938798
0.0938798
0.0938798
0.0938799
0.0938799
0.0938799
0.0938799
0.0938799
0.0938799
0.0938799
0.0938799
0.0938799
0.0938799
0.0938799
0.0938799
END_LIST
