BEGIN_LIST
0.1
0.0997487
0.0994978
0.0992475
0.0989976
0.0987483
0.0984994
0.0982511
0.0980032
0.0977558
0.0975089
0.0972624
0.0970162
0.0967699
0.0965228
0.0962728
0.0960146
0.0957352
0.0954016
0.0949306
0.0941123
0.0912466
0.0936502
0.0879475
0.0931693
0.0842102
0.092669
0.0800488
0.0921488
0.0754991
0.0916084
0.0706183
0.0910471
0.0654835
0.0904646
0.0601872
0.0898604
0.0548305
0.0892342
0.0495163
0.0885854
0.0443418
0.0879139
0.039393
0.0872192
0.0347411
0.0865011
0.030443
0.0857593
0.0265457
0.0849936
0.0230987
0.084204
0.0201808
0.08339
0.0179581
0.0825471
0.0168093
0.0815088
0.0176036
0.0745904
0.0176031
0.0198758
0.0146787
0.0693374
0.0720704
0.0176027
0.0215696
0.0140227
0.0642861
0.0692192
0.0176022
0.0229133
0.0145969
0.0594545
0.0660435
0.0176017
0.0240482
0.0158871
0.0548562
0.0625647
0.0176012
0.0250612
0.0176433
0.0505007
0.0588197
0.0176008
0.0260064
0.0197462
0.0463934
0.0548602
0.0176003
0.0269171
0.0221397
0.0425364
0.0507497
0.0175998
0.027814
0.0247973
0.0389284
0.0465601
0.0175993
0.02871
0.0277041
0.0355654
0.0423665
0.0175989
0.0296131
0.0308485
0.0324412
0.0382418
0.0175984
0.0305281
0.0342166
0.0295473
0.0342524
0.0175979
0.0314581
0.0377901
0.0268738
0.0304542
0.0175974
0.032405
0.0415443
0.0244087
0.0268897
0.017597
0.0333699
0.0454483
0.0221377
0.0235861
0.0175965
0.0343535
0.0494646
0.0200429
0.0205539
0.017596
0.035356
0.0535505
0.0180988
0.0177835
0.0175955
0.0363776
0.0576592
0.016265
0.0152357
0.0175949
0.0374183
0.061742
0.0144688
0.0128201
0.0176037
0.038478
0.06575
0.0125686
0.0103413
0.0167631
0.0395564
0.069637
0.0102751
0.00737266
0.0152201
0.0163999
0.0289278
0.0555162
0.0269609
0.0721597
0.00995992
0.00780111
0.00737253
0.00593942
0.0137724
0.0160439
0.0200899
0.0640035
0.0184485
0.0745942
0.00964449
0.00583427
0.0073724
0.00561891
0.0124232
0.0156951
0.0134037
0.069193
0.0127747
0.0769319
0.00932846
0.00431267
0.00737227
0.00561892
0.0111736
0.0153532
0.00868843
0.07289
0.00904609
0.0791654
0.00901144
0.00315979
0.00737213
0.00571276
0.0100229
0.0150182
0.00552234
0.0758753
0.00663886
0.081289
0.00869305
0.00229984
0.007372
0.00583558
0.00896863
0.01469
0.00346499
0.0784852
0.00512605
0.0832984
0.00837287
0.00166577
0.00737187
0.00596887
0.00800743
0.0143684
0.00215623
0.0808628
0.00421984
0.0851907
0.0080505
0.00120222
0.00737173
0.00610739
0.00713482
0.0140534
0.00133483
0.0830683
0.00372854
0.0869647
0.00772548
0.000865409
0.0073716
0.00624968
0.00634572
0.0137448
0.00082366
0.0851267
0.0035259
0.0886203
0.00739735
0.00062179
0.00737147
0.00639536
0.00563462
0.0134425
0.000507219
0.0870484
0.00352974
0.090159
0.00706564
0.000446147
0.00737134
0.00654438
0.00499584
0.0131464
0.000311962
0.0888386
0.00368753
0.0915831
0.00672983
0.000319807
0.0073712
0.00669678
0.00442361
0.0128564
0.000191724
0.090501
0.00396658
0.0928962
0.00638941
0.000229083
0.00737107
0.00685261
0.00391222
0.0125724
0.000117773
0.0920392
0.00434756
0.0941023
0.00604382
0.000164014
0.00737094
0.00701195
0.00345606
0.0122943
7.23252e-05
0.0934572
0.0048202
0.0952065
0.00569248
0.000117385
0.0073708
0.00717486
0.00304941
0.012022
4.44077e-05
0.0947599
0.00538042
0.0962138
0.00533478
8.39907e-05
0.00737067
0.00734142
0.00268587
0.0117553
2.72638e-05
0.0959527
0.00602845
0.0971301
0.00497008
6.00859e-05
0.00737054
0.00751171
0.00235624
0.0114942
1.6739e-05
0.0970413
0.0067676
0.0979609
0.00459773
4.29822e-05
0.0073704
0.0076858
0.00204214
0.0112387
1.02824e-05
0.098032
0.00760341
0.0987124
0.004217
3.07747e-05
0.00737027
0.00786376
0.00169621
0.0109886
6.33609e-06
0.098931
0.0085431
0.0993901
0.00382718
2.23225e-05
0.00737014
0.00804569
0.00118133
0.0107443
3.97309e-06
0.0997447
0.00959514
0.1
0.00342747
1.89458e-05
0.00737008
0.00823165
0.000670889
0.00113312
0.010603
3.16829e-06
0.0997447
0.0998586
0.0114184
0.00327402
0.00254181
0.00834296
0.000380754
0.00108729
0.0104635
2.5396e-06
0.0997448
0.0999218
0.0135657
0.00312721
0.00193873
0.00845554
0.000216028
0.0010439
0.0103258
2.05864e-06
0.0997448
0.0999568
0.0160722
0.00298678
0.00153098
0.00856949
0.000122569
0.00100311
0.0101898
1.70892e-06
0.0997448
0.0999762
0.018973
0.00285247
0.00125829
0.00868486
6.95718e-05
0.000965165
0.0100554
1.48798e-06
0.0997448
0.0999869
0.0222999
0.00272403
0.00107911
0.0088017
3.95341e-05
0.000930478
0.00992279
1.41266e-06
0.0997448
0.0999929
0.0260773
0.00260122
0.000964781
0.00892003
2.25238e-05
0.000899673
0.00979181
1.52941e-06
0.0997448
0.0999962
0.030318
0.00248381
0.000895561
0.00903987
1.29071e-05
0.000873691
0.00966248
1.93353e-06
0.0997448
0.099998
0.0350184
0.00237156
0.00085785
0.00916125
7.49008e-06
0.000853932
0.00953478
2.8037e-06
0.0997448
0.099999
0.0401545
0.00226427
0.000842294
0.00928418
4.46344e-06
0.000842459
0.00940868
0.0997448
0.0999995
0.0456784
0.00216172
0.0997445
0.0999998
0.0515176
0.00206372
0.0997437
0.1
0.0575757
0.00197008
0.0997415
0.1
0.0637375
0.0018806
0.099735
0.1
0.0698759
0.00179511
0.0997163
0.1
0.0758617
0.00171344
0.0996624
0.1
0.0815739
0.00163542
0.0995072
0.1
0.0869088
0.0015609
0.0990605
0.1
0.0917874
0.00148976
0.0977741
0.1
0.0961587
0.0014229
0.0940704
0.1
0.1
0.00139078
0.0940704
0.0667215
0.0940704
0.0468508
0.0940704
0.0331248
0.0940704
0.0241887
0.0940704
0.0188298
0.0940704
0.0160927
0.0940704
0.0153016
0.0940704
0.0160226
0.0940704
0.0180054
0.0940704
0.0211256
0.0940704
0.0253366
0.0940704
0.0306274
0.0940705
0.0369869
0.0940705
0.0443719
0.0940705
0.0526816
0.0940705
0.0617431
0.0940705
0.0713116
0.0940705
0.0810881
0.0940705
0.0907518
0.0940704
0.1
0.0940705
0.0940705
0.0940705
0.0940705
0.0940705
0.0940705
0.0940705
0.0940705
0.0940705
0.0940705
0.0940705
0.0940705
0.0940705
0.0940705
0.0940705
0.0940705
0.0940705
0.0940705
0.0940705
0.0940705
END_LIST
