BEGIN_LIST
0.1
0.0997816
0.0995635
0.0993457
0.0991281
0.0989109
0.0986939
0.0984773
0.0982609
0.0980449
0.0978291
0.0976136
0.0973984
0.0971836
0.096969
0.0967549
0.0965413
0.0963288
0.0961185
0.0959138
0.0957232
0.0952115
0.0956504
0.0945741
0.0955739
0.0937845
0.0954936
0.0928126
0.0954094
0.091625
0.0953209
0.0901859
0.0952281
0.0884588
0.0951306
0.0864086
0.0950284
0.0840046
0.0949211
0.0812247
0.0948086
0.0780593
0.0946906
0.0745166
0.0945669
0.0706277
0.0944371
0.066452
0.0943011
0.0620853
0.0941586
0.0576736
0.0940092
0.0534392
0.0938526
0.0497352
0.0936862
0.0471541
0.0934188
0.0467382
0.0896318
0.0467374
0.0460655
0.0499726
0.0858448
0.0893893
0.0467366
0.0460272
0.0532666
0.0819672
0.0890868
0.0467358
0.0463781
0.0567061
0.0780231
0.0887107
0.046735
0.0469679
0.0602536
0.0740384
0.0882445
0.0467342
0.0477049
0.063834
0.0700394
0.087669
0.0467334
0.0485323
0.0673702
0.0660524
0.0869617
0.0467326
0.0494154
0.0707965
0.0621032
0.0860969
0.0467318
0.0503324
0.0740611
0.0582161
0.0850459
0.046731
0.0512699
0.0771263
0.0544137
0.0837771
0.0467303
0.0522192
0.0799665
0.050716
0.0822564
0.0467295
0.0531747
0.0825674
0.0471402
0.0804475
0.0467287
0.0541329
0.0849234
0.0437001
0.078311
0.0467279
0.0550911
0.0870366
0.0404054
0.0758019
0.0467271
0.0560474
0.0889152
0.0372603
0.0728615
0.0467263
0.0570006
0.0905716
0.0342614
0.069399
0.0467255
0.0579495
0.0920213
0.0313921
0.0652524
0.0467247
0.058893
0.0932816
0.028612
0.060107
0.0467237
0.0598304
0.0943707
0.0258339
0.053332
0.0467346
0.0607609
0.0953069
0.0228757
0.0436459
0.0456732
0.0616838
0.0961078
0.0193581
0.0284164
0.04409
0.0448904
0.0549547
0.0800925
0.0441956
0.0965765
0.0188202
0.0161118
0.0284161
0.0203371
0.042397
0.0441161
0.0463949
0.0886078
0.0318977
0.0969968
0.0182831
0.0130289
0.0284158
0.0182769
0.0406029
0.0433503
0.0368356
0.0926852
0.0234547
0.0973732
0.0177464
0.0102666
0.0284155
0.0179519
0.0387191
0.0425932
0.0274935
0.094768
0.0178166
0.0977096
0.0172095
0.0079129
0.0284152
0.0181306
0.0367599
0.0418447
0.0194208
0.0959426
0.0141853
0.09801
0.0166718
0.0059892
0.0284148
0.0184592
0.0347423
0.041105
0.0131251
0.0966912
0.0119757
0.0982779
0.0161328
0.00446846
0.0284145
0.018836
0.0326848
0.040374
0.00858556
0.0972286
0.0107723
0.0985164
0.0155919
0.00329705
0.0284142
0.0192319
0.0306076
0.0396519
0.00549041
0.0976516
0.0102873
0.0987287
0.0150484
0.00241237
0.0284139
0.0196386
0.028531
0.0389387
0.00345869
0.0980047
0.0103255
0.0989174
0.0145016
0.00175406
0.0284136
0.0200537
0.0264749
0.0382345
0.00215776
0.0983094
0.0107573
0.0990851
0.0139509
0.00126952
0.0284133
0.0204767
0.0244584
0.0375392
0.00133791
0.0985768
0.011498
0.0992339
0.0133956
0.000915741
0.028413
0.0209074
0.0224986
0.0368528
0.000826377
0.0988135
0.0124938
0.0993659
0.0128348
0.000658933
0.0284126
0.0213459
0.02061
0.0361755
0.000509204
0.0990238
0.0137115
0.0994829
0.0122677
0.000473304
0.0284123
0.0217921
0.0188039
0.0355072
0.000313303
0.0992109
0.0151316
0.0995865
0.0116937
0.000339535
0.028412
0.0222463
0.0170862
0.0348479
0.000192594
0.0993774
0.0167435
0.0996782
0.0111116
0.000243349
0.0284117
0.0227085
0.0154527
0.0341977
0.000118327
0.0995257
0.018542
0.0997594
0.0105208
0.000174298
0.0284114
0.0231787
0.0138756
0.0335565
7.26815e-05
0.0996575
0.0205247
0.0998311
0.00992011
0.00012479
0.0284111
0.0236571
0.0122623
0.0329244
4.4661e-05
0.0997748
0.0226905
0.0998945
0.00930861
8.94033e-05
0.0284108
0.0241437
0.0103348
0.0323015
2.75313e-05
0.099879
0.0250379
0.0999506
0.00868523
6.48787e-05
0.0284104
0.0246385
0.0072684
0.0316886
1.7287e-05
0.0999716
0.0275643
0.1
0.00804884
5.50769e-05
0.0284103
0.0251417
0.00416184
0.00697592
0.0313325
1.38118e-05
0.0999716
0.0999844
0.0317162
0.00771313
0.00667491
0.0254415
0.00237318
0.00669556
0.0309795
1.11172e-05
0.0999717
0.0999915
0.0362541
0.00738994
0.00577174
0.0257438
0.00135006
0.00642718
0.0306296
9.09183e-06
0.0999717
0.0999955
0.0411238
0.00707892
0.0051966
0.0260489
0.000767079
0.00617075
0.0302828
7.68543e-06
0.0999717
0.0999976
0.0462526
0.00677972
0.00485055
0.0263567
0.000435657
0.00592645
0.029939
6.92467e-06
0.0999717
0.0999988
0.0515502
0.00649201
0.00466511
0.0266675
0.00024752
0.00569472
0.0295983
6.94849e-06
0.0999718
0.0999995
0.0569121
0.00621544
0.00459298
0.0269812
0.000140852
0.00547636
0.0292606
8.07489e-06
0.0999718
0.0999998
0.0622268
0.00594967
0.0046015
0.0272979
8.04668e-05
0.00527274
0.0289259
1.09226e-05
0.0999718
0.1
0.0673835
0.00569436
0.00466822
0.0276175
4.63743e-05
0.00508598
0.0285943
1.6629e-05
0.0999718
0.1
0.072281
0.00544917
0.00477769
0.0279401
2.72362e-05
0.00491934
0.0282657
0.0999717
0.1
0.0768352
0.00521377
0.0999716
0.1
0.080984
0.00498784
0.099971
0.1
0.0846899
0.00477106
0.0999692
0.1
0.087939
0.00456311
0.0999642
0.1
0.0907388
0.00436369
0.0999497
0.1
0.093113
0.00417248
0.0999078
0.1
0.0950971
0.00398919
0.0997872
0.1
0.0967334
0.00381355
0.09944
0.1
0.0980667
0.00364534
0.0984404
0.1
0.0991417
0.00348683
0.0955622
0.1
0.1
0.00341057
0.0955622
0.0738011
0.0955622
0.057149
0.0955622
0.0449753
0.0955622
0.0366963
0.0955622
0.0317092
0.0955622
0.0294324
0.0955622
0.0293647
0.0955622
0.0311092
0.0955622
0.0343596
0.0955622
0.0388655
0.0955622
0.0443962
0.0955622
0.0507127
0.0955622
0.0575554
0.0955623
0.064649
0.0955623
0.07172
0.0955623
0.0785214
0.0955623
0.084855
0.0955623
0.0905847
0.0955623
0.0956383
0.0955623
0.1
0.0955623
0.0955623
0.0955623
0.0955623
0.0955623
0.0955623
0.0955623
0.0955623
0.0955623
0.0955624
0.0955624
0.0955624
0.0955624
0.0955624
0.0955624
0.0955624
0.0955624
0.0955624
0.0955624
0.0955624
END_LIST
