BEGIN_LIST
0
1.1241e-109
3.89681e-109
1.0676e-108
2.71899e-108
6.73553e-108
1.64978e-107
4.02186e-107
9.78504e-107
2.37862e-106
5.78001e-106
1.40433e-105
3.41175e-105
8.28846e-105
2.01356e-104
4.89164e-104
1.18834e-103
2.88685e-103
7.01314e-103
1.70371e-102
4.14128e-102
1.83979e-101
4.26218e-102
4.3523e-101
4.38648e-102
8.61439e-101
4.51428e-102
1.56652e-100
4.64567e-102
2.71331e-100
4.78074e-102
4.55732e-100
4.91957e-102
7.50117e-100
5.06226e-102
1.21829e-99
5.2089e-102
1.9622e-99
5.35961e-102
3.14649e-99
5.51516e-102
5.04024e-99
5.70498e-102
8.08943e-99
7.18071e-102
1.30446e-98
6.33611e-101
2.11887e-98
2.45408e-99
3.4751e-98
1.04496e-97
5.76645e-98
4.4602e-96
9.69658e-98
1.90401e-94
1.65375e-97
8.12777e-93
2.85979e-97
3.46988e-91
5.00281e-97
1.48162e-89
5.3164e-97
6.53145e-97
2.90612e-97
3.47224e-89
1.57516e-89
5.64966e-97
7.42566e-97
1.6939e-97
6.63714e-89
1.67378e-89
6.0038e-97
7.90557e-97
9.92259e-98
1.14649e-88
1.77749e-89
6.38015e-97
8.11559e-97
5.84499e-98
1.86004e-88
1.88618e-89
6.78008e-97
8.15054e-97
3.46248e-98
2.88849e-88
1.99963e-89
7.20509e-97
8.0727e-97
2.06219e-98
4.34077e-88
2.11741e-89
7.65674e-97
7.92304e-97
1.23435e-98
6.35706e-88
2.23887e-89
8.1367e-97
7.7285e-97
7.42191e-99
9.11731e-88
2.36303e-89
8.64674e-97
7.5068e-97
4.48079e-99
1.28525e-87
2.48849e-89
9.18876e-97
7.26962e-97
2.71489e-99
1.78599e-87
2.61328e-89
9.76475e-97
7.02463e-97
1.6501e-99
2.45246e-87
2.7346e-89
1.03769e-96
6.77688e-97
1.00565e-99
3.33492e-87
2.84849e-89
1.10273e-96
6.52969e-97
6.14324e-100
4.49978e-87
2.94915e-89
1.17186e-96
6.28524e-97
3.76017e-100
6.03596e-87
3.02778e-89
1.24531e-96
6.04496e-97
2.30537e-100
8.06443e-87
3.07044e-89
1.32338e-96
5.80975e-97
1.41535e-100
1.07527e-86
3.05397e-89
1.40633e-96
5.58022e-97
8.69885e-101
1.43373e-86
2.93841e-89
1.49449e-96
5.35673e-97
5.35073e-101
1.91592e-86
2.65244e-89
1.58812e-96
5.13948e-97
3.29306e-101
2.57226e-86
2.06548e-89
1.69193e-96
4.92861e-97
2.02717e-101
3.47952e-86
9.31273e-90
1.79858e-96
1.73539e-96
5.43209e-97
2.31193e-97
7.26408e-97
1.47344e-101
3.67516e-86
3.16365e-86
9.49974e-90
2.74558e-90
2.03297e-96
1.77973e-96
5.59571e-97
1.08707e-97
8.86237e-97
1.07054e-101
3.85452e-86
2.78439e-86
9.6905e-90
8.09192e-91
2.62219e-96
1.82495e-96
5.34288e-97
5.11661e-98
9.93331e-97
7.77345e-102
4.01588e-86
2.37709e-86
9.88509e-90
2.38481e-91
4.18745e-96
1.87107e-96
4.71827e-97
2.40974e-98
1.06513e-96
5.6397e-102
4.15756e-86
1.97537e-86
1.00836e-89
7.02887e-92
8.43262e-96
1.91811e-96
3.87516e-97
1.13539e-98
1.11481e-96
4.08687e-102
4.27796e-86
1.60454e-86
1.02861e-89
2.07204e-92
2.0048e-95
1.96608e-96
2.995e-97
5.35138e-99
1.15153e-96
2.95695e-102
4.37552e-86
1.27941e-86
1.04926e-89
6.11093e-93
5.19996e-95
2.01499e-96
2.21019e-97
2.52294e-99
1.18118e-96
2.13499e-102
4.4488e-86
1.0054e-86
1.07033e-89
1.80469e-93
1.40292e-94
2.06484e-96
1.58121e-97
1.1897e-99
1.20726e-96
1.53728e-102
4.49646e-86
7.81284e-87
1.09183e-89
5.35249e-94
3.85378e-94
2.11567e-96
1.11792e-97
5.61076e-100
1.23162e-96
1.10291e-102
4.51726e-86
6.02026e-87
1.11375e-89
1.60956e-94
1.06888e-93
2.16747e-96
8.17136e-98
2.64603e-100
1.25508e-96
7.87486e-103
4.51011e-86
4.60999e-87
1.13611e-89
5.05412e-95
2.98419e-93
2.22027e-96
7.13304e-98
1.24754e-100
1.27775e-96
5.58695e-103
4.47403e-86
3.51384e-87
1.15893e-89
1.79224e-95
8.37752e-93
2.27408e-96
9.88804e-98
5.87762e-101
1.29937e-96
3.92982e-103
4.40821e-86
2.66935e-87
1.1822e-89
8.24131e-96
2.36394e-92
2.32891e-96
2.30463e-97
2.76482e-101
1.31944e-96
2.73184e-103
4.31198e-86
2.02287e-87
1.20594e-89
5.32463e-96
6.70388e-92
2.38477e-96
6.86848e-97
1.29636e-101
1.33731e-96
1.86798e-103
4.18485e-86
1.53026e-87
1.23016e-89
4.40369e-96
1.91047e-91
2.44169e-96
2.19178e-96
6.03865e-102
1.35229e-96
1.2471e-103
4.02651e-86
1.15615e-87
1.25486e-89
4.07236e-96
5.47066e-91
2.49967e-96
7.10884e-96
2.77587e-102
1.36364e-96
8.02776e-104
3.83683e-86
8.72702e-88
1.28006e-89
3.91593e-96
1.57391e-90
2.55874e-96
2.31525e-95
1.24137e-102
1.37066e-96
4.8663e-104
3.61588e-86
6.58373e-88
1.30576e-89
3.8121e-96
4.54928e-90
2.61891e-96
7.55029e-95
5.22387e-103
1.37266e-96
2.63405e-104
3.36392e-86
4.9696e-88
1.33197e-89
3.72477e-96
1.32138e-89
2.68023e-96
2.46357e-94
1.88026e-103
1.36902e-96
1.07425e-104
3.08142e-86
3.79609e-88
1.35835e-89
3.64329e-96
3.86106e-89
2.7428e-96
8.04059e-94
3.48834e-104
1.35921e-96
0
2.76906e-86
3.31443e-88
1.3715e-89
3.5645e-96
2.28568e-89
5.63956e-89
2.77993e-96
1.39319e-93
3.61786e-104
2.0312e-104
1.33124e-96
2.72208e-86
2.01537e-86
3.51927e-96
1.34426e-89
8.08713e-89
2.81745e-96
2.40144e-93
3.75264e-104
1.1827e-104
1.28697e-96
2.67522e-86
1.46618e-86
3.47449e-96
7.87549e-90
1.14544e-88
2.85537e-96
4.12931e-93
3.89369e-104
6.88628e-105
1.22634e-96
2.62853e-86
1.06631e-86
3.43017e-96
4.60363e-90
1.60857e-88
2.89369e-96
7.09222e-93
4.04352e-104
4.00927e-105
1.15027e-96
2.58205e-86
7.75304e-87
3.38629e-96
2.68761e-90
2.2455e-88
2.93242e-96
1.21746e-92
4.20874e-104
2.33403e-105
1.06066e-96
2.53583e-86
5.63599e-87
3.34285e-96
1.56788e-90
3.12135e-88
2.97157e-96
2.08936e-92
4.4073e-104
1.35857e-105
9.6031e-97
2.4899e-86
4.09614e-87
3.29987e-96
9.14277e-91
4.32574e-88
3.01112e-96
3.58526e-92
4.68864e-104
7.90583e-106
8.52731e-97
2.44429e-86
2.97628e-87
3.25732e-96
5.33017e-91
5.98185e-88
3.05109e-96
6.15179e-92
5.18928e-104
4.59868e-106
7.41807e-97
2.39904e-86
2.16191e-87
3.21521e-96
3.10703e-91
8.25917e-88
3.09148e-96
1.05552e-91
6.287e-104
2.67315e-106
6.31459e-97
2.35417e-86
1.56971e-87
3.17354e-96
1.81099e-91
1.13908e-87
3.1323e-96
9.02774e-104
1.55214e-106
5.25306e-97
2.30972e-86
1.63079e-103
8.99585e-107
4.26386e-97
2.2657e-86
3.61494e-103
5.19803e-107
3.36975e-97
2.22213e-86
9.07695e-103
2.98848e-107
2.58519e-97
2.17905e-86
2.41703e-102
1.70368e-107
1.91654e-97
2.13647e-86
6.59377e-102
9.57289e-108
1.36317e-97
2.0944e-86
1.81582e-101
5.24322e-108
9.18818e-98
2.05286e-86
5.01841e-101
2.73783e-108
5.73288e-98
2.01187e-86
1.3888e-100
1.294e-108
3.14012e-98
1.97146e-86
3.84536e-100
4.67583e-109
1.27413e-98
1.93232e-86
1.06491e-99
0
0
1.91324e-86
1.08534e-99
6.08673e-99
1.10616e-99
9.71974e-99
1.12738e-99
1.21113e-98
1.149e-99
1.35262e-98
1.17104e-99
1.42611e-98
1.19351e-99
1.4565e-98
1.2164e-99
1.46018e-98
1.23974e-99
1.44515e-98
1.26352e-99
1.41312e-98
1.28776e-99
1.3622e-98
1.31246e-99
1.28927e-98
1.33763e-99
1.19198e-98
1.36329e-99
1.07011e-98
1.38945e-99
9.26326e-99
1.4161e-99
7.66102e-99
1.44326e-99
5.97085e-99
1.47095e-99
4.27997e-99
1.49917e-99
2.6745e-99
1.52793e-99
1.22908e-99
1.5571e-99
0
1.59867e-99
1.64135e-99
1.68518e-99
1.73017e-99
1.77636e-99
1.82379e-99
1.87248e-99
1.92247e-99
1.9738e-99
2.02649e-99
2.0806e-99
2.13615e-99
2.19318e-99
2.25173e-99
2.31186e-99
2.37353e-99
2.43717e-99
2.50096e-99
2.57365e-99
2.61501e-99
END_LIST
