BEGIN_LIST
0.1
0.0997573
0.0995151
0.0992733
0.0990319
0.098791
0.0985506
0.0983105
0.0980709
0.0978318
0.097593
0.0973547
0.0971166
0.0968787
0.0966405
0.0964008
0.0961566
0.0959007
0.0956143
0.0952509
0.0946926
0.0927777
0.0943995
0.0905069
0.0940932
0.087849
0.0937733
0.0847824
0.0934393
0.081299
0.0930907
0.077408
0.092727
0.0731386
0.0923478
0.068541
0.0919524
0.0636846
0.0915406
0.0586549
0.0911116
0.053548
0.0906651
0.0484639
0.0902006
0.0435011
0.0897175
0.0387535
0.0892155
0.0343112
0.0886939
0.0302719
0.0881525
0.026769
0.0875905
0.0240369
0.0870036
0.0225537
0.0862441
0.023351
0.0802255
0.0233505
0.0255543
0.0208724
0.0751842
0.0786503
0.0233499
0.0272542
0.0207201
0.0702553
0.0767949
0.0233493
0.0286475
0.0218767
0.065465
0.0746351
0.0233487
0.0298567
0.0238181
0.0608362
0.0721539
0.0233481
0.0309578
0.0262752
0.0563882
0.0693437
0.0233476
0.031998
0.0291066
0.0521362
0.0662095
0.023347
0.0330069
0.0322335
0.0480918
0.0627711
0.0233464
0.0340025
0.0356055
0.0442629
0.0590634
0.0233458
0.0349963
0.039183
0.0406538
0.0551358
0.0233452
0.0359951
0.042929
0.0372658
0.0510502
0.0233447
0.0370032
0.0468042
0.0340971
0.0468764
0.0233441
0.0380229
0.0507663
0.0311433
0.0426875
0.0233435
0.0390558
0.0547697
0.028397
0.0385533
0.0233429
0.0401024
0.0587666
0.0258474
0.034534
0.0233423
0.0411632
0.062709
0.0234788
0.0306718
0.0233418
0.042238
0.0665505
0.0212663
0.0269788
0.0233412
0.0433265
0.0702483
0.0191671
0.0234156
0.0233405
0.0444286
0.0737652
0.0171014
0.0198442
0.0233507
0.0455435
0.0770708
0.0149114
0.0159246
0.0223656
0.0466709
0.0801425
0.0122732
0.0108787
0.0205877
0.021899
0.0360168
0.0642136
0.0321174
0.0820648
0.0119013
0.00950418
0.0108785
0.0083584
0.0188727
0.021441
0.0261864
0.0731506
0.0221796
0.0838711
0.0115292
0.00722097
0.0108783
0.0077579
0.0172324
0.0209914
0.0181016
0.0782207
0.0155062
0.0855611
0.0111564
0.00540345
0.0108781
0.00770988
0.0156759
0.0205501
0.0120358
0.0815159
0.0111007
0.0871355
0.0107826
0.00399596
0.0108779
0.00782282
0.01421
0.020117
0.00778332
0.0839595
0.00825241
0.0885964
0.0104072
0.00292872
0.0108777
0.00798465
0.012839
0.019692
0.00493928
0.0859593
0.00646723
0.0899467
0.0100299
0.00213218
0.0108775
0.00816334
0.0115652
0.019275
0.00309601
0.0876961
0.00540843
0.0911903
0.00965007
0.00154462
0.0108773
0.00834977
0.0103886
0.0188659
0.00192538
0.0892515
0.00485003
0.0923314
0.00926726
0.00111493
0.0108772
0.00854139
0.00930776
0.0184646
0.00119145
0.0906636
0.00464235
0.0933752
0.00888093
0.000802651
0.010877
0.00873752
0.00831986
0.0180709
0.000735002
0.0919521
0.00468767
0.094327
0.00849051
0.00057674
0.0108768
0.00893804
0.00742099
0.0176848
0.000452553
0.0931287
0.00492337
0.0951923
0.00809543
0.000413843
0.0108766
0.00914295
0.00660644
0.0173061
0.000278314
0.0942019
0.00531041
0.0959768
0.00769507
0.000296662
0.0108764
0.00935234
0.00587095
0.0169348
0.000171035
0.0951788
0.00582567
0.0966863
0.0072888
0.00021251
0.0108762
0.00956628
0.00520877
0.0165707
0.00010506
0.096066
0.00645679
0.0973263
0.00687594
0.000152151
0.010876
0.00978486
0.00461351
0.0162138
6.45173e-05
0.0968701
0.00719873
0.0979023
0.00645579
0.000108896
0.0108758
0.0100082
0.00407721
0.0158638
3.96138e-05
0.0975971
0.00805147
0.0984198
0.00602762
7.79179e-05
0.0108757
0.0102363
0.00358724
0.0155208
2.43229e-05
0.0982531
0.00901845
0.0988836
0.00559064
5.5746e-05
0.0108755
0.0104693
0.00311645
0.0151846
1.49418e-05
0.0988439
0.0101056
0.0992987
0.00514405
3.99174e-05
0.0108753
0.0107073
0.00259302
0.0148552
9.20767e-06
0.0993749
0.0113203
0.0996694
0.00468699
2.89564e-05
0.0108751
0.0109505
0.00180771
0.014533
5.77471e-06
0.0998514
0.0126712
0.1
0.00421855
2.45771e-05
0.010875
0.0111988
0.00102758
0.00173387
0.0143466
4.60608e-06
0.0998514
0.0999178
0.0149911
0.00403204
0.00318328
0.0113473
0.000583503
0.00166351
0.0141623
3.69401e-06
0.0998515
0.0999546
0.0176881
0.00385341
0.00248083
0.0114974
0.00033116
0.0015967
0.0139803
2.99776e-06
0.0998515
0.099975
0.0207889
0.00368235
0.00200865
0.0116493
0.000187921
0.00153359
0.0138004
2.49426e-06
0.0998515
0.0999863
0.0243153
0.00351857
0.00169591
0.011803
0.000106671
0.00147444
0.0136227
2.1815e-06
0.0998515
0.0999925
0.0282793
0.00336179
0.00149372
0.0119586
6.06122e-05
0.00141972
0.0134471
2.08668e-06
0.0998515
0.099996
0.0326783
0.00321173
0.00136836
0.0121161
3.45251e-05
0.00137015
0.0132736
2.28216e-06
0.0998515
0.0999979
0.0374908
0.00306814
0.00129657
0.0122755
1.97739e-05
0.00132681
0.0131022
2.91497e-06
0.0998516
0.0999989
0.0426736
0.00293074
0.00126238
0.0124368
1.14614e-05
0.00129133
0.0129328
4.2598e-06
0.0998515
0.0999995
0.0481599
0.00279931
0.00125475
0.0126001
6.81336e-06
0.00126613
0.0127655
0.0998515
0.0999998
0.0538609
0.00267358
0.0998512
0.1
0.0596692
0.00255333
0.0998505
0.1
0.0654659
0.00243835
0.0998484
0.1
0.0711297
0.0023284
0.0998423
0.1
0.0765458
0.00222328
0.0998246
0.1
0.0816153
0.00212279
0.0997737
0.1
0.0862618
0.00202674
0.0996272
0.1
0.0904353
0.00193494
0.0992051
0.1
0.0941123
0.00184726
0.09799
0.1
0.0972937
0.00176482
0.0944916
0.1
0.1
0.00172519
0.0944916
0.0684345
0.0944916
0.0491687
0.0944916
0.0356288
0.0944916
0.0267015
0.0944916
0.0213327
0.0944916
0.0186484
0.0944916
0.0180051
0.0944916
0.0189741
0.0944916
0.0212951
0.0944916
0.024822
0.0944916
0.0294727
0.0944916
0.035186
0.0944916
0.0418846
0.0944916
0.0494477
0.0944916
0.0576954
0.0944917
0.0663885
0.0944917
0.0752457
0.0944917
0.0839726
0.0944917
0.0922972
0.0944916
0.1
0.0944917
0.0944917
0.0944917
0.0944917
0.0944917
0.0944917
0.0944917
0.0944917
0.0944917
0.0944917
0.0944917
0.0944917
0.0944917
0.0944917
0.0944917
0.0944917
0.0944918
0.0944918
0.0944918
0.0944918
END_LIST
