BEGIN_LIST
0
4.69543e-97
1.62772e-96
4.45946e-96
1.13576e-95
2.81355e-95
6.89151e-95
1.68005e-94
4.08759e-94
9.93661e-94
2.41464e-93
5.86686e-93
1.42537e-92
3.46288e-92
8.41286e-92
2.04386e-91
4.96542e-91
1.20632e-90
2.9307e-90
7.12e-90
1.72955e-89
7.68083e-89
1.78002e-89
1.81687e-88
1.83191e-89
3.59587e-88
1.88527e-89
6.53869e-88
1.94013e-89
1.13246e-87
1.99652e-89
1.90197e-87
2.05449e-89
3.13031e-87
2.11407e-89
5.0836e-87
2.1753e-89
8.1871e-87
2.23822e-89
1.31273e-86
2.3029e-89
2.10265e-86
2.37015e-89
3.37443e-86
2.47342e-89
5.44107e-86
4.0387e-89
8.83759e-86
6.79228e-88
1.44935e-85
2.79182e-86
2.40491e-85
1.19059e-84
4.04386e-85
5.08235e-83
6.89666e-85
2.16951e-81
1.1926e-84
9.26193e-80
2.08626e-84
3.95476e-78
2.21704e-84
2.72373e-84
1.21191e-84
9.26783e-78
4.20458e-78
2.35602e-84
3.09663e-84
7.0639e-85
1.77141e-77
4.46797e-78
2.5037e-84
3.29676e-84
4.13791e-85
3.05962e-77
4.74495e-78
2.66064e-84
3.38434e-84
2.43748e-85
4.96321e-77
5.03526e-78
2.82742e-84
3.39892e-84
1.44392e-85
7.70627e-77
5.33828e-78
3.00466e-84
3.36646e-84
8.59972e-86
1.15787e-76
5.65289e-78
3.19301e-84
3.30405e-84
5.14747e-86
1.69533e-76
5.97734e-78
3.39316e-84
3.22292e-84
3.09508e-86
2.43082e-76
6.30903e-78
3.60586e-84
3.13047e-84
1.86858e-86
3.42568e-76
6.64421e-78
3.83189e-84
3.03156e-84
1.13216e-86
4.75879e-76
6.9776e-78
4.07209e-84
2.92939e-84
6.88124e-87
6.53219e-76
7.30176e-78
4.32735e-84
2.82608e-84
4.19376e-87
8.87905e-76
7.60609e-78
4.59861e-84
2.72299e-84
2.56186e-87
1.19751e-75
7.87511e-78
4.88687e-84
2.62106e-84
1.56807e-87
1.60556e-75
8.0853e-78
5.1932e-84
2.52085e-84
9.61389e-88
2.14402e-75
8.19943e-78
5.51874e-84
2.42277e-84
5.90234e-88
2.85718e-75
8.15566e-78
5.86468e-84
2.32705e-84
3.62761e-88
3.80752e-75
7.84721e-78
6.2323e-84
2.23385e-84
2.23137e-88
5.08521e-75
7.08364e-78
6.62352e-84
2.14325e-84
1.37328e-88
6.82349e-75
5.51619e-78
6.99246e-84
2.05532e-84
8.45376e-89
9.22544e-75
2.48715e-78
7.13289e-84
7.17295e-84
2.26527e-84
9.64116e-85
3.02925e-84
6.14457e-89
9.74338e-75
8.38769e-75
2.53712e-78
7.33288e-79
7.28703e-84
7.35711e-84
2.3335e-84
4.53327e-85
3.69576e-84
4.46441e-89
1.02182e-74
7.38192e-75
2.5881e-78
2.16136e-79
7.5122e-84
7.54497e-84
2.22805e-84
2.13371e-85
4.14236e-84
3.24171e-89
1.06453e-74
6.30192e-75
2.6401e-78
6.37131e-80
7.97026e-84
7.73659e-84
1.96754e-84
1.0049e-85
4.44178e-84
2.35189e-89
1.10202e-74
5.23674e-75
2.69314e-78
1.87923e-80
9.10996e-84
7.93202e-84
1.61588e-84
4.73477e-86
4.64897e-84
1.70433e-89
1.13388e-74
4.25354e-75
2.74725e-78
5.55314e-81
1.21711e-83
8.13132e-84
1.24863e-84
2.23162e-86
4.8021e-84
1.23312e-89
1.15968e-74
3.39154e-75
2.80244e-78
1.65079e-81
2.05846e-83
8.33453e-84
9.20771e-85
1.05211e-86
4.92574e-84
8.90344e-90
1.17905e-74
2.66511e-75
2.85875e-78
5.00252e-82
4.38813e-83
8.54173e-84
6.56743e-85
4.96127e-87
5.03448e-84
6.41086e-90
1.19164e-74
2.07096e-75
2.91618e-78
1.60819e-82
1.08654e-82
8.75295e-84
4.58212e-85
2.33978e-87
5.13609e-84
4.59941e-90
1.19711e-74
1.59575e-75
2.97477e-78
6.0478e-83
2.89458e-82
8.96827e-84
3.15989e-85
1.10344e-87
5.23389e-84
3.28402e-90
1.19518e-74
1.22191e-75
3.03454e-78
3.06241e-83
7.96333e-82
9.18773e-84
2.19115e-85
5.20244e-88
5.32845e-84
2.3299e-90
1.18558e-74
9.3134e-76
3.09551e-78
2.15554e-83
2.22395e-81
9.41139e-84
1.6156e-85
2.45107e-88
5.41862e-84
1.63884e-90
1.16811e-74
7.07487e-76
3.1577e-78
1.86196e-83
6.26416e-81
9.63931e-84
1.52186e-85
1.15298e-88
5.5023e-84
1.13925e-90
1.14258e-74
5.36129e-76
3.22115e-78
1.74966e-83
1.77537e-80
9.87156e-84
2.43034e-85
5.40605e-89
5.57683e-84
7.78998e-91
1.10887e-74
4.05559e-76
3.28587e-78
1.69124e-83
5.05845e-80
1.01082e-83
6.21087e-85
2.51822e-89
5.63928e-84
5.20074e-91
1.06689e-74
3.064e-76
3.35188e-78
1.64916e-83
1.44842e-79
1.03493e-83
1.90868e-84
1.15759e-89
5.68663e-84
3.34779e-91
1.01661e-74
2.31275e-76
3.41923e-78
1.61232e-83
4.16706e-79
1.05949e-83
6.14522e-84
5.17675e-90
5.7159e-84
2.02938e-91
9.58047e-75
1.7447e-76
3.48793e-78
1.57744e-83
1.20447e-78
1.08451e-83
1.99932e-83
2.17845e-90
5.72424e-84
1.09847e-91
8.91274e-75
1.31692e-76
3.55798e-78
1.54355e-83
3.49854e-78
1.11001e-83
6.52064e-83
7.84104e-91
5.70907e-84
4.47989e-92
8.16413e-75
1.00591e-76
3.62848e-78
1.51037e-83
1.02229e-77
1.13603e-83
2.12808e-82
1.45473e-91
5.66812e-84
0
7.33644e-75
8.78264e-77
3.66362e-78
1.4778e-83
6.05166e-78
1.4932e-77
1.15147e-83
3.68734e-82
1.50879e-91
8.4706e-92
5.5515e-84
7.21185e-75
5.33939e-75
1.45902e-83
3.55905e-78
2.14129e-77
1.16708e-83
6.35597e-82
1.56516e-91
4.93217e-92
5.36688e-84
7.08759e-75
3.88426e-75
1.44041e-83
2.08506e-78
3.03292e-77
1.18285e-83
1.09294e-81
1.62443e-91
2.87175e-92
5.11405e-84
6.9638e-75
2.8248e-75
1.42197e-83
1.2188e-78
4.25935e-77
1.19879e-83
1.8772e-81
1.68815e-91
1.67196e-92
4.79682e-84
6.84057e-75
2.05381e-75
1.40372e-83
7.11524e-79
5.94604e-77
1.2149e-83
3.22247e-81
1.76047e-91
9.73351e-93
4.42312e-84
6.71802e-75
1.49294e-75
1.38565e-83
4.15076e-79
8.26556e-77
1.23119e-83
5.53043e-81
1.85277e-91
5.66558e-93
4.00466e-84
6.59624e-75
1.085e-75
1.36777e-83
2.42038e-79
1.14552e-76
1.24764e-83
9.49017e-81
1.99638e-91
3.29693e-93
3.55604e-84
6.47532e-75
7.8834e-76
1.35006e-83
1.41104e-79
1.58414e-76
1.26427e-83
1.62841e-80
2.27797e-91
1.91777e-93
3.09346e-84
6.35535e-75
5.72612e-76
1.33255e-83
8.22497e-80
2.18731e-76
1.28107e-83
2.79407e-80
2.9374e-91
1.11477e-93
2.63329e-84
6.2364e-75
4.15744e-76
1.31521e-83
4.79397e-80
3.01677e-76
1.29805e-83
4.63888e-91
6.47282e-94
2.19062e-84
6.11854e-75
9.2218e-91
3.7515e-94
1.7781e-84
6.00184e-75
2.17807e-90
2.16771e-94
1.40525e-84
5.88635e-75
5.64252e-90
1.24627e-94
1.07807e-84
5.77215e-75
1.52235e-89
7.10479e-95
7.99232e-85
5.65926e-75
4.17443e-89
3.99214e-95
5.68465e-85
5.54774e-75
1.15183e-88
2.18656e-95
3.83163e-85
5.43763e-75
3.18567e-88
1.14174e-95
2.39071e-85
5.32896e-75
8.81854e-88
5.39631e-96
1.30949e-85
5.22184e-75
2.44195e-87
1.94994e-96
5.31335e-86
5.1181e-75
6.76287e-87
0
0
5.06752e-75
6.8926e-87
3.86554e-86
7.02482e-87
6.17278e-86
7.15957e-87
7.69163e-86
7.29691e-87
8.59022e-86
7.43688e-87
9.0569e-86
7.57954e-87
9.2499e-86
7.72494e-87
9.2733e-86
7.87313e-87
9.17782e-86
8.02415e-87
8.97443e-86
8.17808e-87
8.65105e-86
8.33496e-87
8.18789e-86
8.49484e-87
7.57e-86
8.6578e-87
6.79606e-86
8.82388e-87
5.8829e-86
8.99314e-87
4.86535e-86
9.16566e-87
3.79196e-86
9.34148e-87
2.71812e-86
9.52067e-87
1.69852e-86
9.70335e-87
7.80563e-87
9.88859e-87
0
1.01526e-86
1.04237e-86
1.0702e-86
1.09877e-86
1.1281e-86
1.15822e-86
1.18914e-86
1.22089e-86
1.25349e-86
1.28696e-86
1.32132e-86
1.35659e-86
1.39281e-86
1.43e-86
1.46818e-86
1.50734e-86
1.54776e-86
1.58827e-86
1.63444e-86
1.6607e-86
END_LIST
