BEGIN_LIST
0
7.30398e-34
2.50058e-33
6.72494e-33
1.67521e-32
4.05309e-32
9.69656e-32
2.3109e-31
5.50301e-31
1.3109e-30
3.12491e-30
7.45431e-30
1.77921e-29
4.24857e-29
1.01485e-28
2.42476e-28
5.7944e-28
1.38485e-27
3.31012e-27
7.91247e-27
1.89151e-26
8.18456e-26
1.96948e-26
1.87755e-25
2.05065e-26
3.55564e-25
2.13514e-26
6.09601e-25
2.2231e-26
9.80078e-25
2.31464e-26
1.50314e-24
2.40994e-26
2.22024e-24
2.50912e-26
3.17666e-24
2.61234e-26
4.41899e-24
2.71977e-26
5.9915e-24
2.83158e-26
7.9319e-24
2.94793e-26
1.02668e-23
3.069e-26
1.30089e-23
3.19499e-26
1.61567e-23
3.32608e-26
1.97023e-23
3.4626e-26
2.36508e-23
3.6097e-26
2.8061e-23
3.97899e-26
3.31207e-23
1.35845e-25
3.9277e-23
4.16822e-24
4.7443e-23
1.76095e-22
5.05921e-23
5.68473e-23
2.88129e-23
4.10708e-22
1.87981e-22
5.39553e-23
6.21315e-23
1.7883e-23
7.78181e-22
2.00584e-22
5.75477e-23
6.47429e-23
1.14145e-23
1.32768e-21
2.1392e-22
6.13852e-23
6.5626e-23
7.52613e-24
2.11995e-21
2.27989e-22
6.54853e-23
6.53974e-23
5.13704e-24
3.22844e-21
2.4278e-22
6.98662e-23
6.446e-23
3.62753e-24
4.74018e-21
2.58266e-22
7.45479e-23
6.30771e-23
2.64153e-24
6.75648e-21
2.74394e-22
7.95514e-23
6.14211e-23
1.97336e-24
9.3934e-21
2.9109e-22
8.48997e-23
5.96044e-23
1.50328e-24
1.27822e-20
3.08251e-22
9.0617e-23
5.77008e-23
1.16079e-24
1.70698e-20
3.25748e-22
9.67295e-23
5.57583e-23
9.03695e-25
2.24201e-20
3.43437e-22
1.03265e-22
5.38085e-23
7.06202e-25
2.90168e-20
3.61181e-22
1.10254e-22
5.18719e-23
5.5203e-25
3.70679e-20
3.78895e-22
1.17729e-22
4.99619e-23
4.30491e-25
4.68168e-20
3.96641e-22
1.25724e-22
4.80871e-23
3.34239e-25
5.85613e-20
4.14788e-22
1.34275e-22
4.62531e-23
2.57974e-25
7.26895e-20
4.34339e-22
1.43424e-22
4.44634e-23
1.97698e-25
8.97449e-20
4.57539e-22
1.53212e-22
4.27201e-23
1.50283e-25
1.10547e-19
4.89132e-22
1.63697e-22
4.10246e-23
1.13221e-25
1.36411e-19
5.39114e-22
1.73849e-22
3.93774e-23
8.44694e-26
1.69574e-19
6.29593e-22
1.77492e-22
1.79018e-22
4.32556e-23
1.84758e-23
5.81436e-23
6.92287e-26
1.7674e-19
1.53271e-19
6.49329e-22
6.65193e-22
1.80624e-22
1.84323e-22
4.44329e-23
8.70124e-24
7.10205e-23
5.64327e-26
1.83159e-19
1.34122e-19
6.69691e-22
6.64201e-22
1.83164e-22
1.89768e-22
4.23236e-23
4.11108e-24
7.96907e-23
4.574e-26
1.88772e-19
1.13863e-19
6.907e-22
6.52433e-22
1.85035e-22
1.95356e-22
3.72985e-23
1.95025e-24
8.55504e-23
3.68491e-26
1.9352e-19
9.41016e-20
7.12375e-22
6.37662e-22
1.86169e-22
2.01091e-22
3.05772e-23
9.30463e-25
8.96534e-23
2.94939e-26
1.97346e-19
7.60239e-20
7.34738e-22
6.22224e-22
1.86505e-22
2.06976e-22
2.35899e-23
4.47568e-25
9.27307e-23
2.34413e-26
2.00199e-19
6.02958e-20
7.5781e-22
6.06819e-22
1.86e-22
2.13014e-22
1.73698e-23
2.17793e-25
9.52521e-23
1.84884e-26
2.02028e-19
4.71313e-20
7.81614e-22
5.91656e-22
1.84629e-22
2.19209e-22
1.23701e-23
1.07671e-25
9.74958e-23
1.44588e-26
2.02789e-19
3.64314e-20
8.06171e-22
5.76793e-22
1.82386e-22
2.25564e-22
8.6122e-24
5.434e-26
9.96089e-23
1.12005e-26
2.02439e-19
2.79241e-20
8.31506e-22
5.62244e-22
1.79287e-22
2.32084e-22
5.90775e-24
2.81279e-26
1.01653e-22
8.5831e-27
2.00944e-19
2.12693e-20
8.57642e-22
5.4801e-22
1.75371e-22
2.38771e-22
4.01444e-24
1.4984e-26
1.03638e-22
6.4953e-27
1.9827e-19
1.61256e-20
8.84605e-22
5.34087e-22
1.70701e-22
2.45629e-22
2.71179e-24
8.22183e-27
1.05538e-22
4.84256e-27
1.94391e-19
1.21844e-20
9.1242e-22
5.20471e-22
1.65374e-22
2.52662e-22
1.82515e-24
4.63519e-27
1.07313e-22
3.54513e-27
1.89287e-19
9.1837e-21
9.41113e-22
5.07156e-22
1.59536e-22
2.59874e-22
1.22567e-24
2.66879e-27
1.08907e-22
2.53606e-27
1.82943e-19
6.90949e-21
9.70712e-22
4.94138e-22
1.53461e-22
2.67269e-22
8.22002e-25
1.55532e-27
1.10264e-22
1.75947e-27
1.75349e-19
5.19162e-21
1.00125e-21
4.81411e-22
1.47765e-22
2.74851e-22
5.50898e-25
9.07218e-28
1.11322e-22
1.16897e-27
1.66505e-19
3.89714e-21
1.03274e-21
4.68971e-22
1.44059e-22
2.82625e-22
3.69196e-25
5.22552e-28
1.12021e-22
7.26325e-28
1.56413e-19
2.92361e-21
1.06523e-21
4.56811e-22
1.46893e-22
2.90595e-22
2.47852e-25
2.92113e-28
1.12306e-22
4.00165e-28
1.45085e-19
2.19439e-21
1.09872e-21
4.44928e-22
1.69577e-22
2.9877e-22
1.67917e-25
1.54387e-28
1.12124e-22
1.64945e-28
1.3254e-19
1.66686e-21
1.1328e-21
4.33316e-22
2.51763e-22
3.0717e-22
1.18679e-25
7.33227e-29
1.1143e-22
0
1.18803e-19
1.45093e-21
1.14987e-21
4.2197e-22
1.4995e-22
3.25839e-22
3.12175e-22
1.03659e-25
8.46956e-29
5.89359e-29
1.09292e-22
1.16475e-19
8.59488e-20
4.15462e-22
8.87341e-23
4.26364e-22
3.17253e-22
9.49984e-26
9.7875e-29
4.67772e-29
1.05798e-22
1.14162e-19
6.21667e-20
4.09032e-22
5.23125e-23
5.63406e-22
3.22403e-22
9.42567e-26
1.13154e-28
3.66721e-29
1.00938e-22
1.11868e-19
4.49641e-20
4.02682e-22
3.07761e-23
7.50905e-22
3.27628e-22
1.04591e-25
1.30882e-28
2.84043e-29
9.47844e-23
1.09593e-19
3.25271e-20
3.96417e-22
1.80866e-23
1.00816e-21
3.32927e-22
1.31794e-25
1.515e-28
2.17383e-29
8.74929e-23
1.07339e-19
2.35381e-20
3.90236e-22
1.06247e-23
1.36192e-21
3.38302e-22
1.86076e-25
1.75619e-28
1.64377e-29
7.92934e-23
1.05107e-19
1.70423e-20
3.84139e-22
6.24202e-24
1.84921e-21
3.43754e-22
2.85118e-25
2.04219e-28
1.22778e-29
7.04749e-23
1.029e-19
1.23483e-20
3.78125e-22
3.66988e-24
2.52132e-21
3.49284e-22
4.59285e-25
2.39209e-28
9.05464e-30
6.13593e-23
1.00717e-19
8.95612e-21
3.72195e-22
2.16134e-24
3.4493e-21
3.54891e-22
7.60511e-25
2.84937e-28
6.58834e-30
5.22725e-23
9.85609e-20
6.50424e-21
3.66346e-22
1.27746e-24
4.73152e-21
3.60579e-22
3.52366e-28
4.72465e-30
4.35162e-23
9.64319e-20
4.70622e-28
3.33416e-30
3.53447e-23
9.43311e-20
7.18952e-28
2.31034e-30
2.79495e-23
9.22593e-20
1.31519e-27
1.56696e-30
2.14533e-23
9.02172e-20
2.86076e-27
1.0353e-30
1.59117e-23
8.82053e-20
7.01907e-27
6.61412e-31
1.13218e-23
8.62244e-20
1.83945e-26
4.03468e-31
7.6337e-24
8.42747e-20
4.97359e-26
2.29511e-31
4.76417e-24
8.23567e-20
1.36347e-25
1.15439e-31
2.60999e-24
8.04719e-20
3.75996e-25
4.33199e-32
1.05914e-24
7.86519e-20
1.03944e-24
0
0
7.77658e-20
1.05948e-24
5.93531e-24
1.07991e-24
9.47613e-24
1.10073e-24
1.18055e-23
1.12196e-24
1.31817e-23
1.14361e-24
1.38942e-23
1.16567e-24
1.41863e-23
1.18816e-24
1.42179e-23
1.2111e-24
1.40674e-23
1.23448e-24
1.37517e-23
1.25831e-24
1.32527e-23
1.28262e-24
1.25401e-23
1.30739e-24
1.15914e-23
1.33265e-24
1.04044e-23
1.35841e-24
9.00501e-24
1.38467e-24
7.44648e-24
1.41144e-24
5.80304e-24
1.43874e-24
4.15936e-24
1.46658e-24
2.59898e-24
1.49496e-24
1.19434e-24
1.52376e-24
0
1.56483e-24
1.60702e-24
1.65037e-24
1.69491e-24
1.74067e-24
1.7877e-24
1.83602e-24
1.88567e-24
1.9367e-24
1.98914e-24
2.04303e-24
2.09842e-24
2.15536e-24
2.21387e-24
2.27404e-24
2.33581e-24
2.39966e-24
2.46373e-24
2.53687e-24
2.57852e-24
END_LIST
