BEGIN_LIST
0.1
0.0997706
0.0995415
0.0993128
0.0990845
0.0988565
0.0986288
0.0984016
0.0981746
0.0979481
0.0977219
0.097496
0.0972704
0.0970452
0.09682
0.0965947
0.0963685
0.0961393
0.0959024
0.0956454
0.0953382
0.0943749
0.0951982
0.0931952
0.0950514
0.0917628
0.0948975
0.0900402
0.0947363
0.087991
0.0945673
0.0855829
0.0943902
0.082791
0.0942048
0.0796021
0.0940106
0.0760184
0.0938074
0.0720607
0.0935946
0.0677705
0.093372
0.0632105
0.0931391
0.058464
0.0928956
0.0536338
0.092641
0.0488441
0.0923749
0.0442493
0.0920968
0.0400614
0.0918063
0.0366142
0.0914998
0.0345047
0.0910619
0.0348887
0.0863488
0.034888
0.0360224
0.0347669
0.0819194
0.0857283
0.0348873
0.0371064
0.0362287
0.077476
0.0849674
0.0348865
0.0381582
0.0386709
0.073048
0.08404
0.0348858
0.0391908
0.0417286
0.068664
0.0829177
0.034885
0.0402133
0.0451752
0.0643511
0.0815703
0.0348843
0.0412318
0.0488618
0.0601343
0.0799676
0.0348836
0.0422504
0.0526831
0.0560361
0.0780807
0.0348828
0.0432718
0.0565579
0.0520759
0.0758848
0.0348821
0.0442975
0.0604196
0.0482699
0.0733617
0.0348814
0.0453283
0.0642107
0.0446311
0.0705022
0.0348806
0.0463646
0.0678818
0.0411688
0.0673086
0.0348799
0.0474064
0.0713911
0.0378889
0.0637952
0.0348791
0.0484533
0.0747047
0.034793
0.0599865
0.0348784
0.0495048
0.0777967
0.0318782
0.0559107
0.0348777
0.0505605
0.0806499
0.0291345
0.0515867
0.0348769
0.0516197
0.0832547
0.0265403
0.046996
0.0348762
0.0526817
0.085609
0.0240525
0.0420296
0.0348753
0.0537456
0.0877172
0.0215843
0.0363786
0.0348868
0.0548108
0.0895886
0.0189591
0.0293064
0.0337758
0.0558764
0.0912367
0.0158118
0.019151
0.0318924
0.03313
0.04686
0.0744795
0.0391989
0.0922236
0.0153482
0.0126995
0.0191507
0.0138834
0.0299758
0.0324937
0.0369395
0.0834136
0.0276215
0.0931226
0.0148846
0.00994781
0.0191504
0.0125608
0.0280446
0.031867
0.0273854
0.0879811
0.0197515
0.0939393
0.0144206
0.00762945
0.0191502
0.0123736
0.0261178
0.0312497
0.0192349
0.0905582
0.0145204
0.0946791
0.0139556
0.00575184
0.0191499
0.0125161
0.0242139
0.0306419
0.0129432
0.0922048
0.0111387
0.0953478
0.0134892
0.00427814
0.0191496
0.0127571
0.0223502
0.0300435
0.00844051
0.093394
0.00904215
0.0959509
0.0130207
0.00314921
0.0191493
0.0130305
0.0205423
0.0294544
0.00538642
0.094338
0.00783809
0.0964936
0.0125496
0.00230015
0.019149
0.0133173
0.0188039
0.0288746
0.00338857
0.0951337
0.007259
0.0969811
0.0120753
0.00167029
0.0191488
0.0136123
0.017146
0.0283041
0.00211219
0.095827
0.00712585
0.0974183
0.0115972
0.00120774
0.0191485
0.0139139
0.0155772
0.0277427
0.00130894
0.0964412
0.00732086
0.0978096
0.0111146
0.000870572
0.0191482
0.0142218
0.0141035
0.0271904
0.000808211
0.0969894
0.00776811
0.0981595
0.0106267
0.000626117
0.0191479
0.014536
0.0127285
0.0266472
0.000497906
0.0974802
0.00842005
0.0984717
0.010133
0.00044957
0.0191476
0.0148565
0.0114533
0.0261129
0.000306311
0.0979199
0.00924827
0.0987501
0.00963258
0.000322426
0.0191474
0.0151835
0.0102769
0.0255876
0.00018828
0.0983138
0.0102372
0.098998
0.00912471
0.000231044
0.0191471
0.0155169
0.00919552
0.0250711
0.000115669
0.0986663
0.0113798
0.0992185
0.00860855
0.000165461
0.0191468
0.015857
0.00820062
0.0245633
7.10392e-05
0.0989815
0.0126749
0.0994144
0.00808322
0.000118444
0.0191465
0.0162037
0.00727241
0.0240642
4.36249e-05
0.0992631
0.0141245
0.0995882
0.00754782
8.47664e-05
0.0191462
0.0165573
0.00635952
0.0235738
2.68021e-05
0.0995145
0.0157331
0.0997424
0.00700137
6.07114e-05
0.019146
0.0169178
0.00531713
0.0230921
1.65188e-05
0.0997386
0.0175061
0.0998791
0.00644288
4.40478e-05
0.0191457
0.0172853
0.00371848
0.0226196
1.03651e-05
0.0999382
0.0194488
0.1
0.00587126
3.73892e-05
0.0191455
0.0176599
0.00211942
0.00356709
0.0223457
8.27332e-06
0.0999382
0.0999659
0.022719
0.00561845
0.00461795
0.0178836
0.00120533
0.00342238
0.0220746
6.64519e-06
0.0999383
0.0999813
0.0264145
0.00537573
0.00377663
0.0181095
0.000684653
0.00328433
0.0218064
5.41025e-06
0.0999383
0.0999898
0.030529
0.00514278
0.00322114
0.0183377
0.000388687
0.00315307
0.021541
4.53181e-06
0.0999383
0.0999945
0.0350414
0.00491926
0.0028642
0.0185684
0.000220669
0.00302884
0.0212784
4.01445e-06
0.0999383
0.0999971
0.0399109
0.00470484
0.00264549
0.0188016
0.000125373
0.00291215
0.0210186
3.92141e-06
0.0999384
0.0999985
0.0450759
0.00449922
0.00252339
0.0190374
7.13767e-05
0.0028038
0.0207615
4.408e-06
0.0999384
0.0999993
0.0504538
0.00430207
0.00246919
0.0192757
4.0828e-05
0.00270509
0.0205072
5.78292e-06
0.0999384
0.0999997
0.0559443
0.00411309
0.00246313
0.0195167
2.35979e-05
0.00261797
0.0202555
8.61823e-06
0.0999384
0.0999999
0.0614362
0.00393198
0.00249164
0.0197603
1.39447e-05
0.00254537
0.0200066
0.0999383
0.1
0.0668144
0.00375846
0.0999381
0.1
0.0719699
0.00359223
0.0999375
0.1
0.0768077
0.00343303
0.0999356
0.1
0.0812535
0.00328058
0.09993
0.1
0.0852575
0.00313462
0.099914
0.1
0.088795
0.0029949
0.0998678
0.1
0.0918645
0.00286119
0.0997348
0.1
0.0944837
0.00273323
0.0993518
0.1
0.0966846
0.00261087
0.0982491
0.1
0.0985082
0.0024957
0.0950743
0.1
0.1
0.00244033
0.0950743
0.0711998
0.0950743
0.0531699
0.0950743
0.0402012
0.0950743
0.0314964
0.0950743
0.02625
0.0950744
0.0237378
0.0950744
0.0233847
0.0950744
0.0247769
0.0950744
0.0276323
0.0950744
0.0317552
0.0950744
0.0369895
0.0950744
0.0431784
0.0950744
0.0501372
0.0950744
0.057641
0.0950744
0.06543
0.0950744
0.0732289
0.0950744
0.0807758
0.0950744
0.0878491
0.0950744
0.0942883
0.0950744
0.1
0.0950744
0.0950744
0.0950744
0.0950745
0.0950745
0.0950745
0.0950745
0.0950745
0.0950745
0.0950745
0.0950745
0.0950745
0.0950745
0.0950745
0.0950745
0.0950745
0.0950746
0.0950746
0.0950746
0.0950746
END_LIST
