BEGIN_LIST
0
7.8072e-11
2.23317e-10
4.55607e-10
7.94612e-10
1.2598e-09
1.87042e-09
2.64556e-09
3.60412e-09
4.76487e-09
6.14661e-09
7.76841e-09
9.6503e-09
1.1815e-08
1.42918e-08
1.71265e-08
2.04043e-08
2.43058e-08
2.92409e-08
3.61697e-08
4.7371e-08
9.17295e-08
5.14234e-08
1.48334e-07
5.5734e-08
2.17893e-07
6.03111e-08
3.00817e-07
6.51625e-08
3.97146e-07
7.02962e-08
5.0646e-07
7.57202e-08
6.278e-07
8.14419e-08
7.5958e-07
8.7469e-08
8.99529e-07
9.38088e-08
1.04466e-06
1.00469e-07
1.19129e-06
1.07455e-07
1.33513e-06
1.14776e-07
1.4714e-06
1.22438e-07
1.59504e-06
1.30446e-07
1.70076e-06
1.38808e-07
1.7828e-06
1.47529e-07
1.83388e-06
1.5662e-07
1.84209e-06
1.66252e-07
1.78324e-06
1.8358e-07
1.60361e-06
5.14018e-07
1.6779e-06
1.56641e-06
1.45179e-06
8.64317e-07
5.74428e-07
1.75459e-06
1.53186e-06
1.35102e-06
1.27885e-06
6.39412e-07
1.83372e-06
1.49878e-06
1.27705e-06
1.75111e-06
7.0895e-07
1.91532e-06
1.46643e-06
1.21535e-06
2.27268e-06
7.82948e-07
1.99942e-06
1.43434e-06
1.15766e-06
2.83363e-06
8.61226e-07
2.08607e-06
1.40221e-06
1.09963e-06
3.423e-06
9.4349e-07
2.17531e-06
1.36989e-06
1.0393e-06
4.02923e-06
1.02931e-06
2.26717e-06
1.33727e-06
9.7614e-07
4.6406e-06
1.11811e-06
2.36169e-06
1.30432e-06
9.10417e-07
5.24566e-06
1.20914e-06
2.4589e-06
1.27102e-06
8.4285e-07
5.83356e-06
1.30148e-06
2.55885e-06
1.23741e-06
7.74352e-07
6.39431e-06
1.3941e-06
2.66157e-06
1.20349e-06
7.05884e-07
6.91889e-06
1.48597e-06
2.7671e-06
1.16932e-06
6.38372e-07
7.39925e-06
1.57638e-06
2.87547e-06
1.13494e-06
5.72644e-07
7.82808e-06
1.66559e-06
2.98672e-06
1.10041e-06
5.09414e-07
8.19817e-06
1.75615e-06
3.10089e-06
1.06578e-06
4.49263e-07
8.50137e-06
1.85574e-06
3.21802e-06
1.0311e-06
3.92644e-07
8.72674e-06
1.98307e-06
3.33812e-06
9.96429e-07
3.39889e-07
8.8574e-06
2.1806e-06
3.46176e-06
9.6183e-07
2.9122e-07
8.86573e-06
2.54296e-06
3.54466e-06
9.27355e-07
2.4676e-07
8.70618e-06
3.28502e-06
3.5446e-06
3.57361e-06
9.97052e-07
9.04025e-07
8.48533e-07
2.19566e-07
8.7073e-06
7.63892e-06
3.33197e-06
3.70028e-06
3.53285e-06
3.60166e-06
1.00055e-06
8.56552e-07
7.77269e-07
1.94202e-07
8.68838e-06
6.49528e-06
3.37941e-06
3.82753e-06
3.5086e-06
3.6288e-06
9.30588e-07
7.96676e-07
7.19115e-07
1.70668e-07
8.64899e-06
5.36257e-06
3.42735e-06
3.87277e-06
3.47121e-06
3.65502e-06
8.00852e-07
7.31968e-07
6.76375e-07
1.4895e-07
8.5887e-06
4.31313e-06
3.47579e-06
3.89439e-06
3.42027e-06
3.68032e-06
6.41262e-07
6.66693e-07
6.49082e-07
1.29016e-07
8.50709e-06
3.39311e-06
3.52473e-06
3.90887e-06
3.35562e-06
3.70468e-06
4.83237e-07
6.03118e-07
6.35956e-07
1.10823e-07
8.40378e-06
2.62163e-06
3.57417e-06
3.92088e-06
3.27742e-06
3.72809e-06
3.47478e-07
5.42398e-07
6.35135e-07
9.43223e-08
8.27837e-06
1.99695e-06
3.62412e-06
3.93171e-06
3.18615e-06
3.75056e-06
2.41542e-07
4.8509e-07
6.44635e-07
7.94522e-08
8.13049e-06
1.50452e-06
3.67458e-06
3.94171e-06
3.08259e-06
3.77206e-06
1.64029e-07
4.31436e-07
6.6258e-07
6.61473e-08
7.95976e-06
1.12415e-06
3.72555e-06
3.95098e-06
2.96788e-06
3.79261e-06
1.09659e-07
3.81513e-07
6.87297e-07
5.43357e-08
7.76585e-06
8.34745e-07
3.77704e-06
3.95953e-06
2.84337e-06
3.81219e-06
7.25521e-08
3.35305e-07
7.1733e-07
4.39411e-08
7.54841e-06
6.17001e-07
3.82904e-06
3.96736e-06
2.71067e-06
3.83081e-06
4.76698e-08
2.9275e-07
7.51413e-07
3.48832e-08
7.30714e-06
4.54509e-07
3.88156e-06
3.97445e-06
2.57147e-06
3.84845e-06
3.11741e-08
2.53753e-07
7.88425e-07
2.70782e-08
7.04172e-06
3.33974e-07
3.93461e-06
3.98079e-06
2.42743e-06
3.86513e-06
2.03196e-08
2.18203e-07
8.27351e-07
2.04398e-08
6.75187e-06
2.44953e-07
3.98818e-06
3.98637e-06
2.27986e-06
3.88084e-06
1.32129e-08
1.85973e-07
8.67239e-07
1.48789e-08
6.43733e-06
1.79414e-07
4.04229e-06
3.99117e-06
2.12902e-06
3.89557e-06
8.5763e-09
1.56931e-07
9.07173e-07
1.03047e-08
6.09785e-06
1.31278e-07
4.09692e-06
3.99518e-06
1.97222e-06
3.90934e-06
5.55943e-09
1.30933e-07
9.46248e-07
6.62454e-09
5.73321e-06
9.59897e-08
4.15209e-06
3.99838e-06
1.79881e-06
3.92213e-06
3.6023e-09
1.07832e-07
9.83561e-07
3.74419e-09
5.3432e-06
7.0217e-08
4.20777e-06
4.00076e-06
1.57612e-06
3.93395e-06
2.34139e-09
8.74758e-08
1.0182e-06
1.56819e-09
4.92765e-06
5.20017e-08
4.26326e-06
4.00232e-06
1.2097e-06
3.94477e-06
1.55259e-09
6.97068e-08
1.04927e-06
0
4.4864e-06
4.46418e-08
4.29078e-06
4.00303e-06
7.10893e-07
1.20615e-06
3.95071e-06
1.28322e-09
7.66071e-08
6.33493e-08
1.08785e-06
4.35015e-06
3.47221e-06
4.00301e-06
4.15027e-07
1.20246e-06
3.95631e-06
1.07842e-09
8.39844e-08
5.65372e-08
1.11314e-06
4.21685e-06
2.76085e-06
4.00271e-06
2.41355e-07
1.1989e-06
3.9616e-06
9.36895e-10
9.18554e-08
4.97378e-08
1.1226e-06
4.08653e-06
2.26327e-06
4.00213e-06
1.40045e-07
1.19583e-06
3.96655e-06
8.65379e-10
1.00237e-07
4.32188e-08
1.11435e-06
3.9592e-06
1.91641e-06
4.00125e-06
8.11662e-08
1.19373e-06
3.97119e-06
8.82812e-10
1.09145e-07
3.71271e-08
1.08743e-06
3.83485e-06
1.67565e-06
4.00006e-06
4.70248e-08
1.19328e-06
3.9755e-06
1.02793e-09
1.18597e-07
3.15368e-08
1.04193e-06
3.71351e-06
1.50953e-06
3.99858e-06
2.72588e-08
1.19547e-06
3.97949e-06
1.3726e-09
1.2861e-07
2.64777e-08
9.79106e-07
3.59514e-06
1.39582e-06
3.99679e-06
1.58312e-08
1.20165e-06
3.98316e-06
2.04514e-09
1.39199e-07
2.19534e-08
9.01269e-07
3.47975e-06
1.31888e-06
3.99469e-06
9.23588e-09
1.21374e-06
3.98652e-06
3.27065e-09
1.50382e-07
1.79516e-08
8.11615e-07
3.36732e-06
1.26769e-06
3.99228e-06
5.44103e-09
1.23447e-06
3.98955e-06
1.62175e-07
1.44507e-08
7.13933e-07
3.25782e-06
1.74594e-07
1.14234e-08
6.12273e-07
3.15123e-06
1.87657e-07
8.83887e-09
5.10626e-07
3.04751e-06
2.0138e-07
6.66438e-09
4.1264e-07
2.94664e-06
2.15781e-07
4.86594e-09
3.2141e-07
2.84857e-06
2.30882e-07
3.40879e-09
2.39346e-07
2.75327e-06
2.4672e-07
2.2577e-09
1.68116e-07
2.66069e-06
2.63369e-07
1.3771e-09
1.08644e-07
2.57079e-06
2.81036e-07
7.31262e-10
6.11593e-08
2.48358e-06
3.00321e-07
2.84243e-10
2.526e-08
2.40038e-06
3.23035e-07
0
0
2.36011e-06
3.32309e-07
4.15051e-07
3.41773e-07
4.57881e-07
3.5143e-07
4.66613e-07
3.61281e-07
4.55563e-07
3.71328e-07
4.36045e-07
3.81573e-07
4.15255e-07
3.92019e-07
3.96538e-07
4.02668e-07
3.80414e-07
4.13521e-07
3.6568e-07
4.2458e-07
3.50307e-07
4.35847e-07
3.32113e-07
4.47325e-07
3.09262e-07
4.59016e-07
2.80625e-07
4.70921e-07
2.46003e-07
4.83042e-07
2.06173e-07
4.95381e-07
1.62771e-07
5.07941e-07
1.18028e-07
5.20724e-07
7.44391e-08
5.33733e-07
3.44179e-08
5.4691e-07
0
5.65638e-07
5.84811e-07
6.04433e-07
6.24511e-07
6.45049e-07
6.66052e-07
6.87526e-07
7.09476e-07
7.31908e-07
7.54826e-07
7.78236e-07
8.02143e-07
8.26552e-07
8.51467e-07
8.76902e-07
9.02825e-07
9.29406e-07
9.55891e-07
9.85813e-07
1.00276e-06
END_LIST
