BEGIN_LIST
0.1
0.099759
0.0995185
0.0992784
0.0990387
0.0987994
0.0985606
0.0983222
0.0980842
0.0978466
0.0976095
0.0973727
0.0971363
0.0969
0.0966635
0.0964257
0.0961841
0.0959321
0.0956534
0.0953071
0.0947898
0.0930279
0.0945224
0.0909282
0.0942428
0.0884569
0.0939506
0.0855878
0.0936453
0.0823066
0.0933264
0.0786146
0.0929936
0.074532
0.0926462
0.0700996
0.0922838
0.0653785
0.091906
0.0604473
0.0915122
0.0553979
0.0911019
0.0503295
0.0906746
0.0453429
0.0902299
0.0405369
0.0897673
0.0360092
0.0892862
0.0318668
0.0887862
0.0282546
0.0882667
0.025421
0.0877234
0.0238627
0.0870127
0.0246374
0.08117
0.0246368
0.0267756
0.0223377
0.0761908
0.0797525
0.0246362
0.0284434
0.0223337
0.0713063
0.0780719
0.0246356
0.0298244
0.0236329
0.0665442
0.0761011
0.024635
0.0310329
0.0257182
0.0619284
0.0738183
0.0246344
0.03214
0.0283198
0.0574799
0.0712097
0.0246338
0.03319
0.0312928
0.0532156
0.0682722
0.0246332
0.0342106
0.0345535
0.0491488
0.0650161
0.0246326
0.0352188
0.038046
0.045289
0.0614669
0.024632
0.0362253
0.0417256
0.0416423
0.0576651
0.0246314
0.0372365
0.04555
0.0382115
0.0536649
0.0246308
0.0382563
0.0494758
0.0349962
0.0495315
0.0246302
0.039287
0.0534573
0.0319932
0.0453356
0.0246296
0.0403299
0.0574466
0.0291962
0.0411482
0.024629
0.0413856
0.0613956
0.0265953
0.0370325
0.0246284
0.0424541
0.065257
0.0241753
0.0330349
0.0246278
0.0435355
0.0689871
0.0219116
0.0291706
0.0246272
0.0446293
0.0725469
0.0197611
0.0253984
0.0246265
0.0457353
0.0759041
0.0176429
0.0215674
0.024637
0.0468527
0.0790339
0.0153963
0.0173005
0.0236275
0.0479811
0.0819194
0.012691
0.0117303
0.0218146
0.023139
0.0374308
0.0657515
0.0330899
0.0837134
0.0123076
0.00986967
0.0117301
0.0089323
0.0200551
0.0226593
0.0274821
0.0747308
0.0229002
0.0853912
0.0119241
0.00752466
0.0117299
0.00825937
0.0183623
0.0221882
0.0191486
0.0797522
0.0160471
0.0869538
0.0115398
0.00564609
0.0117297
0.00819795
0.0167471
0.0217256
0.0128073
0.0829559
0.0115189
0.0884033
0.0111545
0.00418416
0.0117295
0.00831456
0.015218
0.0212715
0.00831629
0.0852892
0.00859075
0.0897427
0.0107677
0.00307151
0.0117293
0.00848511
0.013781
0.0208258
0.00529197
0.0871716
0.00675715
0.0909759
0.0103788
0.00223876
0.0117291
0.00867411
0.0124398
0.0203882
0.00332296
0.08879
0.00567269
0.0921074
0.00998741
0.00162323
0.0117289
0.00887146
0.0111959
0.0199588
0.00206884
0.0902291
0.00510518
0.0931421
0.00959297
0.00117241
0.0117287
0.00907431
0.0100489
0.0195374
0.00128112
0.0915289
0.00490065
0.0940855
0.00919494
0.000844421
0.0117285
0.00928194
0.00899685
0.019124
0.000790666
0.0927101
0.00495854
0.0949431
0.00879273
0.000606953
0.0117283
0.00949417
0.00803662
0.0187183
0.000486957
0.0937851
0.00521431
0.0957205
0.00838576
0.000435627
0.0117281
0.00971102
0.00716401
0.0183203
0.000299523
0.0947628
0.00562777
0.0964236
0.00797341
0.000312331
0.0117279
0.00993257
0.00637406
0.01793
0.000184087
0.0956504
0.00617508
0.0970578
0.007555
0.000223761
0.0117277
0.0101589
0.00566121
0.0175471
0.000113085
0.0964548
0.00684348
0.0976287
0.00712986
0.000160221
0.0117275
0.0103901
0.00501905
0.0171716
6.94479e-05
0.0971822
0.00762774
0.0981415
0.00669726
0.000114679
0.0117273
0.0106262
0.00443937
0.0168033
4.26423e-05
0.0978387
0.00852774
0.0986012
0.00625644
8.20596e-05
0.0117271
0.0108674
0.00390874
0.0164423
2.61828e-05
0.0984301
0.00954693
0.0990126
0.00580662
5.87111e-05
0.0117269
0.0111138
0.00339781
0.0160883
1.60845e-05
0.0989618
0.0106912
0.0993802
0.00534695
4.20416e-05
0.0117267
0.0113654
0.00282837
0.0157415
9.91198e-06
0.099439
0.0119679
0.099708
0.00487656
3.04978e-05
0.0117265
0.0116223
0.00197231
0.015402
6.2167e-06
0.0998668
0.0133855
0.1
0.00439453
2.58856e-05
0.0117264
0.0118846
0.00112143
0.00189175
0.0152056
4.95895e-06
0.0998668
0.0999263
0.0158149
0.00420079
0.00332992
0.0120415
0.000636877
0.00181496
0.0150115
3.97756e-06
0.0998668
0.0999593
0.0186306
0.00401518
0.00260823
0.0122001
0.000361479
0.001742
0.0148197
3.22883e-06
0.0998668
0.0999776
0.0218568
0.0038374
0.00212386
0.0123605
0.000205134
0.001673
0.0146301
2.68819e-06
0.0998668
0.0999877
0.0255113
0.00366715
0.00180386
0.0125228
0.000116443
0.00160826
0.0144427
2.35392e-06
0.0998669
0.0999933
0.0296008
0.00350414
0.00159787
0.012687
6.6164e-05
0.00154824
0.0142575
2.25608e-06
0.0998669
0.0999964
0.034116
0.00334808
0.00147115
0.0128533
3.76854e-05
0.00149366
0.0140746
2.47399e-06
0.0998669
0.0999981
0.0390278
0.00319871
0.00139976
0.0130215
2.1581e-05
0.00144565
0.0138938
3.16839e-06
0.0998669
0.0999991
0.0442847
0.00305577
0.00136721
0.0131918
1.25052e-05
0.00140589
0.0137151
4.63934e-06
0.0998669
0.0999996
0.0498121
0.00291899
0.00136217
0.0133641
7.42924e-06
0.00137684
0.0135386
0.0998668
0.0999999
0.0555144
0.00278814
0.0998666
0.1
0.0612802
0.00266297
0.0998659
0.1
0.0669898
0.00254325
0.0998638
0.1
0.0725243
0.00242875
0.0998577
0.1
0.0777748
0.00231928
0.0998403
0.1
0.0826512
0.00221461
0.09979
0.1
0.0870873
0.00211455
0.0996451
0.1
0.0910433
0.0020189
0.099228
0.1
0.0945053
0.00192753
0.0980269
0.1
0.097482
0.00184161
0.0945688
0.1
0.1
0.00180032
0.0945688
0.0687752
0.0945688
0.0496455
0.0945688
0.0361583
0.0945688
0.0272445
0.0945688
0.0218814
0.0945689
0.0192127
0.0945689
0.0186024
0.0945689
0.0196233
0.0945689
0.0220126
0.0945689
0.0256191
0.0945689
0.0303527
0.0945689
0.0361407
0.0945689
0.0428923
0.0945689
0.0504719
0.0945689
0.058686
0.0945689
0.0672862
0.0945689
0.0759888
0.0945689
0.0845053
0.0945689
0.0925765
0.0945689
0.1
0.0945689
0.0945689
0.0945689
0.0945689
0.0945689
0.0945689
0.094569
0.094569
0.094569
0.094569
0.094569
0.094569
0.094569
0.094569
0.094569
0.094569
0.094569
0.094569
0.094569
0.094569
END_LIST
