BEGIN_LIST
0
8.09602e-81
2.80615e-80
7.68625e-80
1.95702e-79
4.84646e-79
1.18669e-78
2.89199e-78
7.03381e-78
1.70927e-77
4.1522e-77
1.00852e-76
2.44939e-76
5.94876e-76
1.44474e-75
3.5088e-75
8.52169e-75
2.06964e-74
5.02657e-74
1.22081e-73
2.96502e-73
1.31623e-72
3.0522e-73
3.11187e-72
3.14186e-73
6.15433e-72
3.23408e-73
1.11804e-71
3.32891e-73
1.93419e-71
3.42644e-73
3.24432e-71
3.52671e-73
5.33218e-71
3.62981e-73
8.64679e-71
3.7358e-73
1.39049e-70
3.84476e-73
2.22625e-70
3.95675e-73
3.56082e-70
4.07189e-73
5.70707e-70
4.1919e-73
9.19138e-70
4.38739e-73
1.49135e-69
7.66853e-73
2.44368e-69
1.42519e-71
4.05194e-69
5.8931e-70
6.80962e-69
2.51365e-68
1.16089e-68
1.07296e-66
2.00687e-68
4.58044e-65
3.51003e-68
1.95575e-63
3.73006e-68
4.58238e-68
2.03897e-68
4.58264e-63
2.07952e-63
3.96388e-68
5.20968e-68
1.18847e-68
8.75693e-63
2.21003e-63
4.21236e-68
5.54633e-68
6.96189e-69
1.512e-62
2.34729e-63
4.47642e-68
5.69365e-68
4.10099e-69
2.45162e-62
2.49118e-63
4.75703e-68
5.71815e-68
2.42937e-69
3.80448e-62
2.64139e-63
5.05523e-68
5.66353e-68
1.4469e-69
5.71244e-62
2.79738e-63
5.37213e-68
5.55852e-68
8.66063e-70
8.35753e-62
2.95827e-63
5.70889e-68
5.42204e-68
5.20751e-70
1.19725e-61
3.12277e-63
6.06676e-68
5.2665e-68
3.14393e-70
1.68551e-61
3.28904e-63
6.44706e-68
5.1001e-68
1.90491e-70
2.33871e-61
3.45446e-63
6.85121e-68
4.92822e-68
1.1578e-70
3.20606e-61
3.61533e-63
7.28069e-68
4.75441e-68
7.05629e-71
4.35162e-61
3.76642e-63
7.73709e-68
4.58099e-68
4.31055e-71
5.85968e-61
3.90004e-63
8.22211e-68
4.40949e-68
2.63844e-71
7.84279e-61
4.00453e-63
8.73753e-68
4.24092e-68
1.61766e-71
1.04538e-60
4.06144e-63
9.28526e-68
4.07591e-68
9.93154e-72
1.39038e-60
4.04011e-63
9.86733e-68
3.91488e-68
6.10407e-72
1.84912e-60
3.88763e-63
1.04859e-67
3.75808e-68
3.75472e-72
2.46461e-60
3.5096e-63
1.11442e-67
3.60567e-68
2.31085e-72
3.3005e-60
2.73321e-63
1.17579e-67
3.45773e-68
1.42256e-72
4.45396e-60
1.23262e-63
1.19605e-67
1.20615e-67
3.81095e-68
1.62197e-68
5.09621e-68
1.03399e-72
4.70268e-60
4.04902e-60
1.25744e-63
3.63684e-64
1.21287e-67
1.23713e-67
3.92572e-68
7.62647e-69
6.21751e-68
7.51268e-73
4.9306e-60
3.56309e-60
1.28275e-63
1.07447e-64
1.22603e-67
1.26873e-67
3.74832e-68
3.58962e-69
6.96884e-68
5.45521e-73
5.13553e-60
3.04146e-60
1.30857e-63
3.19166e-65
1.23586e-67
1.30097e-67
3.31006e-68
1.69058e-69
7.47256e-68
3.95785e-73
5.31532e-60
2.5271e-60
1.33491e-63
9.65086e-66
1.24413e-67
1.33384e-67
2.71843e-68
7.96547e-70
7.82112e-68
2.86814e-73
5.46795e-60
2.05242e-60
1.36179e-63
3.08348e-66
1.25645e-67
1.36737e-67
2.10058e-68
3.75433e-70
8.07873e-68
2.0752e-73
5.59144e-60
1.63632e-60
1.3892e-63
1.14286e-66
1.28909e-67
1.40156e-67
1.54894e-68
1.77e-70
8.28674e-68
1.49836e-73
5.68397e-60
1.2857e-60
1.41716e-63
5.6602e-67
1.38769e-67
1.43641e-67
1.10457e-68
8.34652e-71
8.46968e-68
1.0789e-73
5.74383e-60
9.98966e-61
1.44569e-63
3.91254e-67
1.67995e-67
1.47195e-67
7.69982e-69
3.9363e-71
8.64062e-68
7.74057e-74
5.76946e-60
7.69661e-61
1.4748e-63
3.35094e-67
2.52398e-67
1.50817e-67
5.28856e-69
1.85635e-71
8.80516e-68
5.5269e-74
5.75946e-60
5.89286e-61
1.50449e-63
3.13977e-67
4.92856e-67
1.54509e-67
3.59951e-69
8.75224e-72
8.96423e-68
3.9212e-74
5.71259e-60
4.49108e-61
1.53478e-63
3.03269e-67
1.17496e-66
1.58272e-67
2.44031e-69
4.12351e-72
9.11594e-68
2.75818e-74
5.62783e-60
3.41127e-61
1.56567e-63
2.95707e-67
3.11119e-66
1.62106e-67
1.66468e-69
1.9397e-72
9.25671e-68
1.91739e-74
5.50432e-60
2.58476e-61
1.59719e-63
2.89147e-67
8.62437e-66
1.66014e-67
1.18625e-69
9.09478e-73
9.3821e-68
1.31109e-74
5.34147e-60
1.95506e-61
1.62935e-63
2.82957e-67
2.43864e-65
1.69995e-67
1.01562e-69
4.23649e-73
9.48716e-68
8.75313e-75
5.13886e-60
1.47689e-61
1.66215e-63
2.76949e-67
6.96499e-65
1.7405e-67
1.39633e-69
1.94745e-73
9.56682e-68
5.63455e-75
4.89633e-60
1.11466e-61
1.69561e-63
2.71066e-67
2.00219e-64
1.78183e-67
3.2688e-69
8.70902e-74
9.61606e-68
3.4156e-75
4.61397e-60
8.40789e-62
1.72975e-63
2.65291e-67
5.78594e-64
1.82392e-67
9.80299e-69
3.66488e-74
9.63009e-68
1.84881e-75
4.29213e-60
6.34566e-62
1.76456e-63
2.59617e-67
1.68054e-63
1.86683e-67
3.14166e-68
1.31913e-74
9.60457e-68
7.54004e-76
3.93139e-60
4.84654e-62
1.7996e-63
2.54041e-67
4.91075e-63
1.91061e-67
1.02172e-67
2.44742e-75
9.53568e-68
0
3.53263e-60
4.23128e-62
1.81706e-63
2.48563e-67
2.90681e-63
7.17315e-63
1.93659e-67
1.7696e-67
2.53859e-75
1.42509e-75
9.33948e-68
3.47246e-60
2.57067e-60
2.45404e-67
1.70941e-63
1.02872e-62
1.96284e-67
3.04982e-67
2.63398e-75
8.29787e-76
9.02889e-68
3.41245e-60
1.86984e-60
2.42272e-67
1.00138e-63
1.4572e-62
1.98938e-67
5.24412e-67
2.73526e-75
4.83142e-76
8.60356e-68
3.35267e-60
1.35964e-60
2.39171e-67
5.85303e-64
2.04665e-62
2.0162e-67
9.00731e-67
2.84681e-75
2.81291e-76
8.06987e-68
3.29317e-60
9.88411e-61
2.36099e-67
3.4167e-64
2.85743e-62
2.04331e-67
1.54631e-66
2.98052e-75
1.63756e-76
7.44118e-68
3.23399e-60
7.18389e-61
2.33059e-67
1.99303e-64
3.97256e-62
2.0707e-67
2.65395e-66
3.16916e-75
9.53176e-77
6.73718e-68
3.1752e-60
5.22022e-61
2.3005e-67
1.16208e-64
5.50624e-62
2.09838e-67
4.55447e-66
3.50316e-75
5.54675e-77
5.98245e-68
3.11683e-60
3.79238e-61
2.27072e-67
6.77425e-65
7.61554e-62
2.12636e-67
7.81554e-66
4.23281e-75
3.22644e-77
5.20424e-68
3.05891e-60
2.75423e-61
2.24124e-67
3.94843e-65
1.05166e-61
2.15463e-67
1.34111e-65
6.05101e-75
1.87549e-77
4.43008e-68
3.0015e-60
1.99943e-61
2.21207e-67
2.3012e-65
1.45065e-61
2.1832e-67
1.08767e-74
1.08898e-77
3.68536e-68
2.94461e-60
2.40241e-74
6.31151e-78
2.99137e-68
2.88829e-60
6.02122e-74
3.64695e-78
2.3641e-68
2.83256e-60
1.60207e-73
2.09672e-78
1.81367e-68
2.77745e-60
4.36915e-73
1.19531e-78
1.34458e-68
2.72299e-60
1.20305e-72
6.71637e-79
9.5635e-69
2.66918e-60
3.32473e-72
3.67866e-79
6.44609e-69
2.61606e-60
9.20081e-72
1.92087e-79
4.02198e-69
2.56364e-60
2.54752e-71
9.07874e-80
2.20299e-69
2.51196e-60
7.05496e-71
3.28057e-80
8.93884e-70
2.46192e-60
1.9539e-70
0
0
2.43753e-60
1.99138e-70
1.11683e-69
2.02958e-70
1.78344e-69
2.06851e-70
2.22227e-69
2.10819e-70
2.48189e-69
2.14863e-70
2.61672e-69
2.18985e-70
2.67248e-69
2.23185e-70
2.67924e-69
2.27467e-70
2.65166e-69
2.3183e-70
2.5929e-69
2.36277e-70
2.49946e-69
2.4081e-70
2.36565e-69
2.45429e-70
2.18713e-69
2.50137e-70
1.96352e-69
2.54935e-70
1.69969e-69
2.59826e-70
1.4057e-69
2.6481e-70
1.09557e-69
2.6989e-70
7.8532e-70
2.75067e-70
4.90736e-70
2.80345e-70
2.25521e-70
2.85697e-70
0
2.93324e-70
3.01156e-70
3.09196e-70
3.17451e-70
3.25927e-70
3.34628e-70
3.43562e-70
3.52735e-70
3.62152e-70
3.71821e-70
3.81748e-70
3.91941e-70
4.02405e-70
4.13148e-70
4.24181e-70
4.35495e-70
4.47173e-70
4.58877e-70
4.72214e-70
4.79803e-70
END_LIST
