BEGIN_LIST
0.1
0.0997877
0.0995756
0.0993637
0.0991521
0.0989408
0.0987298
0.098519
0.0983084
0.0980981
0.0978881
0.0976784
0.0974689
0.0972597
0.097051
0.0968428
0.0966356
0.0964309
0.0962317
0.0960465
0.0958968
0.0955437
0.0958468
0.0951009
0.0957943
0.0945482
0.0957391
0.0938616
0.0956811
0.0930135
0.0956202
0.0919728
0.0955563
0.0907056
0.0954891
0.0891761
0.0954186
0.0873487
0.0953445
0.0851906
0.0952668
0.0826759
0.0951852
0.0797901
0.0950996
0.0765364
0.0950098
0.0729434
0.0949155
0.0690757
0.0948166
0.0650493
0.0947128
0.0610574
0.0946039
0.0574156
0.0944877
0.0546416
0.0942847
0.0535938
0.0909449
0.0535931
0.0517703
0.0587295
0.0875247
0.0908077
0.0535923
0.0509986
0.0629089
0.083985
0.0906357
0.0535915
0.0508759
0.0666423
0.0803456
0.0904206
0.0535907
0.0511537
0.0701211
0.0766284
0.0901518
0.05359
0.051678
0.0733981
0.0728572
0.089817
0.0535892
0.0523538
0.0764734
0.0690567
0.0894008
0.0535884
0.0531217
0.0793321
0.065252
0.0888852
0.0535877
0.0539449
0.0819603
0.0614678
0.0882483
0.0535869
0.0548004
0.0843501
0.0577283
0.0874642
0.0535861
0.0556736
0.0865008
0.0540557
0.0865021
0.0535854
0.0565552
0.088418
0.0504701
0.0853243
0.0535846
0.0574394
0.0901124
0.0469889
0.0838839
0.0535838
0.0583221
0.0915983
0.0436255
0.0821182
0.0535831
0.0592008
0.0928923
0.0403881
0.0799365
0.0535823
0.0600735
0.0940122
0.0372769
0.0771954
0.0535815
0.0609388
0.094976
0.0342789
0.073648
0.0535807
0.0617958
0.0958016
0.031357
0.0688457
0.0535799
0.0626436
0.0965056
0.0284267
0.0619441
0.0535898
0.0634815
0.0971037
0.0253092
0.0513232
0.0526176
0.0643088
0.0976102
0.0216311
0.0338234
0.0513396
0.0517836
0.0588953
0.0823034
0.0467372
0.0979043
0.0210581
0.0183912
0.0338231
0.0244482
0.0499379
0.0509565
0.0514824
0.090498
0.034301
0.0981666
0.0204869
0.0151736
0.0338228
0.0220559
0.0484122
0.0501363
0.0424941
0.0943187
0.0257203
0.0984003
0.019917
0.0121723
0.0338225
0.02168
0.0467643
0.0493232
0.0329517
0.0961884
0.0199802
0.0986083
0.0193478
0.00952525
0.0338222
0.0218899
0.0449996
0.0485175
0.0240648
0.0971803
0.0162986
0.0987933
0.0187789
0.00729934
0.0338219
0.022274
0.0431264
0.0477191
0.016696
0.0977687
0.014094
0.0989576
0.0182097
0.00549936
0.0338216
0.0227138
0.0411563
0.0469283
0.0111317
0.098164
0.012948
0.0991035
0.0176395
0.00408829
0.0338213
0.0231753
0.0391038
0.0461451
0.00721248
0.09846
0.0125675
0.0992329
0.0170677
0.00300831
0.033821
0.0236487
0.0369864
0.0453696
0.00458291
0.0986993
0.0127522
0.0993477
0.0164938
0.00219661
0.0338207
0.0241313
0.0348235
0.044602
0.00287503
0.0989019
0.0133673
0.0994494
0.015917
0.00159476
0.0338204
0.0246223
0.0326358
0.0438424
0.0017889
0.0990778
0.0143238
0.0995394
0.0153366
0.00115295
0.0338201
0.0251215
0.0304446
0.0430908
0.00110736
0.0992325
0.0155642
0.0996191
0.0147519
0.000830981
0.0338198
0.0256289
0.0282703
0.0423473
0.000683268
0.0993693
0.0170516
0.0996897
0.0141621
0.000597593
0.0338195
0.0261446
0.026131
0.041612
0.000420753
0.0994907
0.0187629
0.099752
0.0135665
0.000429063
0.0338192
0.0266686
0.0240392
0.0408851
0.00025878
0.0995986
0.0206838
0.0998072
0.0129641
0.000307704
0.0338189
0.027201
0.0219935
0.0401664
0.000159042
0.0996944
0.0228046
0.0998559
0.0123542
0.000220488
0.0338186
0.0277418
0.0199573
0.0394562
9.77091e-05
0.0997795
0.025118
0.0998989
0.0117357
0.000157911
0.0338183
0.0282911
0.0177975
0.0387546
6.00479e-05
0.0998552
0.0276172
0.0999369
0.0111077
0.000113157
0.033818
0.0288488
0.0151063
0.0380617
3.70221e-05
0.0999223
0.0302943
0.0999704
0.0104692
8.21305e-05
0.0338177
0.029415
0.0106802
0.0373784
2.32572e-05
0.0999819
0.0331393
0.1
0.00981911
6.97281e-05
0.0338175
0.0299899
0.00614174
0.010256
0.0369808
1.8594e-05
0.0999819
0.0999901
0.0377381
0.00941911
0.00843805
0.0303318
0.00351105
0.0098487
0.0365862
1.49873e-05
0.0999819
0.0999947
0.0426515
0.00903325
0.00755045
0.0306763
0.0020003
0.00945797
0.0361945
1.22931e-05
0.099982
0.0999972
0.0477965
0.00866121
0.00700805
0.0310236
0.00113746
0.00908371
0.0358059
1.04534e-05
0.099982
0.0999986
0.0530752
0.00830265
0.00670792
0.0313737
0.000646287
0.00872599
0.0354201
9.52103e-06
0.099982
0.0999994
0.0583793
0.00795724
0.00657873
0.0317267
0.00036724
0.00838517
0.0350374
9.7129e-06
0.099982
0.0999998
0.0635965
0.00762463
0.00657114
0.0320827
0.000208947
0.008062
0.0346576
1.15094e-05
0.099982
0.1
0.0686194
0.00730448
0.0066511
0.0324416
0.000119297
0.00775783
0.0342808
1.58358e-05
0.0999821
0.1
0.0733529
0.00699644
0.00679516
0.0328035
6.86533e-05
0.00747481
0.033907
2.43856e-05
0.0999821
0.1
0.0777211
0.00670017
0.00698722
0.0331683
4.01943e-05
0.00721626
0.0335362
0.099982
0.1
0.0816716
0.00641531
0.0999818
0.1
0.0851759
0.00614153
0.0999813
0.1
0.0882287
0.00587847
0.0999797
0.1
0.0908439
0.00562581
0.099975
0.1
0.0930498
0.0053832
0.0999614
0.1
0.0948846
0.00515031
0.0999221
0.1
0.0963914
0.00492681
0.0998092
0.1
0.0976148
0.0047124
0.0994839
0.1
0.0985981
0.00450686
0.0985473
0.1
0.0993813
0.00431298
0.0958507
0.1
0.1
0.00421967
0.0958507
0.0754178
0.0958507
0.059691
0.0958507
0.0481045
0.0958507
0.0401739
0.0958507
0.0354027
0.0958507
0.0332921
0.0958507
0.0333867
0.0958507
0.0353014
0.0958507
0.038715
0.0958508
0.0433448
0.0958508
0.0489197
0.0958508
0.0551621
0.0958508
0.0617852
0.0958508
0.0685056
0.0958508
0.0750632
0.0958508
0.081243
0.0958508
0.08689
0.0958508
0.0919127
0.0958508
0.0962783
0.0958508
0.1
0.0958508
0.0958508
0.0958508
0.0958508
0.0958508
0.0958508
0.0958508
0.0958509
0.0958509
0.0958509
0.0958509
0.0958509
0.0958509
0.0958509
0.0958509
0.0958509
0.0958509
0.0958509
0.0958509
0.0958509
END_LIST
