BEGIN_LIST
0.1
0.0997108
0.0994224
0.0991348
0.0988479
0.0985619
0.0982766
0.0979921
0.0977084
0.0974254
0.0971429
0.0968608
0.0965783
0.0962937
0.0960026
0.0956937
0.0953389
0.0948668
0.0940973
0.092575
0.0891497
0.0783881
0.086602
0.0684516
0.0840806
0.0594035
0.0815882
0.0512654
0.0791272
0.0440252
0.0767
0.0376449
0.0743086
0.0320688
0.0719552
0.0272303
0.0696415
0.0230575
0.0673692
0.0194778
0.0651398
0.0164206
0.0629547
0.0138201
0.0608151
0.0116157
0.0587219
0.00975387
0.056676
0.00818897
0.0546782
0.00688538
0.052729
0.00582289
0.0508287
0.00500925
0.0489741
0.00451029
0.0470231
0.00452104
0.0391954
0.00452088
0.00536025
0.00312992
0.0353819
0.0340012
0.00452073
0.00597121
0.00261182
0.0319208
0.0293608
0.00452057
0.00644624
0.00253389
0.028783
0.0252518
0.00452042
0.00684193
0.0026921
0.0259413
0.0216415
0.00452027
0.00719297
0.00299263
0.02337
0.0184907
0.00452011
0.00752073
0.0033949
0.0210454
0.0157568
0.00451996
0.00783841
0.00388438
0.0189454
0.0133966
0.0045198
0.00815422
0.00445965
0.0170494
0.0113676
0.00451965
0.00847334
0.00512627
0.0153388
0.00962985
0.0045195
0.00879908
0.00589393
0.0137961
0.00814612
0.00451934
0.00913365
0.00677517
0.0124054
0.00688266
0.00451919
0.00947854
0.00778479
0.011152
0.00580917
0.00451903
0.00983483
0.00893969
0.0100221
0.00489882
0.00451888
0.0102034
0.0102588
0.00900245
0.00412804
0.00451873
0.0105849
0.0117629
0.00807952
0.00347625
0.00451857
0.0109799
0.013475
0.0072377
0.00292556
0.00451842
0.0113891
0.0154199
0.00645575
0.00246037
0.00451823
0.0118129
0.0176242
0.00569915
0.00206687
0.00452109
0.0122518
0.0201157
0.00490357
0.00173224
0.00424758
0.0127065
0.0229236
0.00393945
0.00144321
0.00373745
0.00414865
0.00797008
0.0188911
0.0084893
0.0250155
0.00381589
0.00283919
0.00144318
0.00133512
0.00328705
0.004052
0.00495856
0.0226938
0.00572357
0.0272659
0.0036922
0.0020417
0.00144315
0.00132635
0.00288975
0.00395759
0.00306917
0.0256589
0.00391985
0.0296857
0.00356825
0.00146587
0.00144313
0.0013465
0.00253955
0.00386536
0.00189365
0.0284076
0.00275331
0.0322843
0.00344388
0.00105123
0.0014431
0.00137546
0.00223108
0.00377526
0.00116605
0.031194
0.00200934
0.03507
0.00331894
0.000753251
0.00144307
0.00140749
0.00195953
0.00368725
0.000717146
0.0341254
0.00154664
0.0380503
0.00319325
0.000539417
0.00144305
0.00144097
0.0017206
0.00360128
0.000440727
0.0372499
0.0012725
0.0412311
0.00306665
0.000386122
0.00144302
0.00147544
0.00151048
0.0035173
0.000270726
0.040591
0.00112636
0.0446171
0.00293895
0.000276308
0.00144299
0.0015108
0.00132577
0.00343526
0.000166252
0.0441613
0.00106888
0.0482114
0.00280997
0.000197681
0.00144297
0.00154701
0.00116345
0.00335512
0.000102077
0.0479676
0.00107482
0.052015
0.00267951
0.000141407
0.00144294
0.0015841
0.00102086
0.00327684
6.26678e-05
0.0520133
0.00112824
0.056027
0.00254738
0.000101141
0.00144291
0.00162207
0.000895616
0.00320038
3.84708e-05
0.0562983
0.00121944
0.0602439
0.00241335
7.23351e-05
0.00144289
0.00166095
0.000785636
0.00312569
2.36156e-05
0.0608195
0.0013429
0.0646597
0.00227719
5.17304e-05
0.00144286
0.00170076
0.000689043
0.00305273
1.44963e-05
0.0655702
0.00149597
0.0692654
0.00213869
3.69935e-05
0.00144283
0.00174152
0.000604123
0.00298146
8.89841e-06
0.0705403
0.001678
0.0740489
0.00199759
2.6454e-05
0.00144281
0.00178325
0.000529162
0.00291185
5.46222e-06
0.0757157
0.00188982
0.0789954
0.00185362
1.89169e-05
0.00144278
0.00182598
0.000462025
0.00284386
3.35326e-06
0.0810784
0.00213335
0.0840863
0.00170653
1.35281e-05
0.00144275
0.00186973
0.000398902
0.00277746
2.05971e-06
0.0866065
0.00241146
0.0893006
0.00155603
9.68379e-06
0.00144272
0.00191452
0.000330454
0.00271263
1.26913e-06
0.0922743
0.00272778
0.0946141
0.00140182
7.023e-06
0.0014427
0.00196039
0.000229927
0.00264943
7.95722e-07
0.0980524
0.00308671
0.1
0.00124358
5.96016e-06
0.00144269
0.00200734
0.000130383
0.000220665
0.00261295
6.34447e-07
0.0980524
0.0989202
0.00372076
0.00118625
0.000891564
0.00203549
7.39342e-05
0.000211936
0.00257697
5.08398e-07
0.0980523
0.0994014
0.00448893
0.00113155
0.000650504
0.00206398
4.1928e-05
0.000203788
0.00254149
4.11849e-07
0.0980523
0.0996682
0.00541617
0.00107936
0.00048597
0.00209285
2.37828e-05
0.000196291
0.00250649
3.41429e-07
0.0980523
0.0998162
0.00653289
0.00102957
0.000374239
0.00212211
1.34977e-05
0.000189561
0.00247197
2.96521e-07
0.0980523
0.0998982
0.00787541
0.000982071
0.000298965
0.00215177
7.66992e-06
0.00018377
0.00243793
2.8028e-07
0.0980522
0.0999437
0.00948666
0.000936755
0.000248887
0.00218184
4.37026e-06
0.000179175
0.00240435
3.0163e-07
0.0980522
0.0999689
0.0114168
0.000893524
0.000216248
0.00221232
2.50514e-06
0.000176158
0.00237123
3.78986e-07
0.0980522
0.0999829
0.0137239
0.000852282
0.000195707
0.00224323
1.45479e-06
0.00017528
0.00233856
5.46949e-07
0.0980521
0.0999906
0.0164745
0.000812937
0.000183587
0.00227457
8.68231e-07
0.000177358
0.00230635
0.0980519
0.0999949
0.0197439
0.000775404
0.0980516
0.0999973
0.0236158
0.0007396
0.0980505
0.0999986
0.0281813
0.000705444
0.0980477
0.0999993
0.033537
0.000672862
0.0980394
0.0999996
0.0397817
0.000641782
0.0980157
0.0999998
0.047011
0.000612134
0.0979476
0.1
0.0553102
0.000583852
0.0977513
0.1
0.0647455
0.000556876
0.0971865
0.1
0.0753526
0.000531156
0.0955602
0.1
0.0871246
0.000507012
0.0908779
0.1
0.1
0.000495418
0.0908779
0.0585639
0.0908778
0.0376646
0.0908778
0.024491
0.0908778
0.0164148
0.0908778
0.0116696
0.0908777
0.00911832
0.0908777
0.00805798
0.0908777
0.00807632
0.0908777
0.0089555
0.0908777
0.0106103
0.0908776
0.0130507
0.0908776
0.0163591
0.0908776
0.0206789
0.0908776
0.0262061
0.0908775
0.0331842
0.0908775
0.0418953
0.0908775
0.0526467
0.0908775
0.0657467
0.0908774
0.0814684
0.0908774
0.1
0.0908774
0.0908773
0.0908773
0.0908773
0.0908772
0.0908772
0.0908772
0.0908771
0.0908771
0.0908771
0.090877
0.090877
0.090877
0.0908769
0.0908769
0.0908769
0.0908768
0.0908768
0.0908768
0.0908767
END_LIST
