BEGIN_LIST
0
4.41084e-115
1.52915e-114
4.18975e-114
1.06718e-113
2.64397e-113
6.47697e-113
1.5792e-112
3.84272e-112
9.3426e-112
2.2706e-111
5.51761e-111
1.34069e-110
3.2576e-110
7.91516e-110
1.9232e-109
4.67287e-109
1.13538e-108
2.75871e-108
6.70296e-108
1.62165e-107
7.18547e-107
1.6689e-107
1.69906e-106
1.71748e-107
3.36233e-106
1.76742e-107
6.1139e-106
1.81876e-107
1.05892e-105
1.87153e-107
1.77855e-105
1.92578e-107
2.92739e-105
1.98153e-107
4.75443e-105
2.03882e-107
7.65761e-105
2.09771e-107
1.22794e-104
2.15911e-107
1.96699e-104
2.26025e-107
3.15698e-104
3.98862e-107
5.09079e-104
7.51004e-106
8.26917e-104
3.10734e-104
1.35621e-103
1.32537e-102
2.25045e-103
5.65734e-101
3.78425e-103
2.41506e-99
6.45406e-103
1.03093e-97
1.11608e-102
4.40123e-96
1.95243e-102
1.87931e-94
2.07482e-102
2.54901e-102
1.13416e-102
4.40428e-94
1.99794e-94
2.20488e-102
2.89799e-102
6.61076e-103
8.41884e-94
2.12302e-94
2.34309e-102
3.08529e-102
3.87246e-103
1.45429e-93
2.25455e-94
2.48996e-102
3.16725e-102
2.28111e-103
2.35947e-93
2.3924e-94
2.64605e-102
3.18089e-102
1.35129e-103
3.6642e-93
2.53627e-94
2.81191e-102
3.15051e-102
8.04804e-104
5.50672e-93
2.68564e-94
2.98818e-102
3.09211e-102
4.81726e-104
8.065e-93
2.83968e-94
3.17549e-102
3.01618e-102
2.89653e-104
1.15675e-92
2.99714e-94
3.37454e-102
2.92966e-102
1.74871e-104
1.63075e-92
3.15624e-94
3.58607e-102
2.8371e-102
1.05953e-104
2.26627e-92
3.31449e-94
3.81087e-102
2.74148e-102
6.43979e-105
3.11222e-92
3.46834e-94
4.04975e-102
2.6448e-102
3.92472e-105
4.23247e-92
3.61276e-94
4.3036e-102
2.54833e-102
2.39751e-105
5.7114e-92
3.74041e-94
4.57338e-102
2.45293e-102
1.46747e-105
7.66204e-92
3.84011e-94
4.86006e-102
2.35915e-102
8.99711e-106
1.02382e-91
3.89419e-94
5.16471e-102
2.26736e-102
5.52367e-106
1.36527e-91
3.87328e-94
5.48846e-102
2.17778e-102
3.39488e-106
1.82063e-91
3.7267e-94
5.83252e-102
2.09056e-102
2.08821e-106
2.43325e-91
3.364e-94
6.1963e-102
2.00577e-102
1.28517e-106
3.26721e-91
2.61958e-94
6.74567e-102
1.92348e-102
7.91137e-107
4.4201e-91
1.1811e-94
7.84796e-102
6.91693e-102
2.11998e-102
9.02273e-103
2.83494e-102
5.75034e-107
4.6687e-91
4.01887e-91
1.20481e-94
3.48209e-95
1.06189e-101
7.0916e-102
2.18385e-102
4.24248e-103
3.4587e-102
4.17797e-107
4.89662e-91
3.5371e-91
1.229e-94
1.02625e-95
1.79506e-101
7.26974e-102
2.08521e-102
1.99685e-103
3.87665e-102
3.03372e-107
5.10168e-91
3.01973e-91
1.25368e-94
3.02448e-96
3.7743e-101
7.4514e-102
1.84151e-102
9.40442e-104
4.15686e-102
2.20099e-107
5.28174e-91
2.50941e-91
1.27885e-94
8.91388e-97
9.16539e-101
7.63662e-102
1.51265e-102
4.43106e-104
4.35075e-102
1.59497e-107
5.43474e-91
2.03834e-91
1.30452e-94
2.62741e-97
2.3929e-100
7.82546e-102
1.16961e-102
2.08847e-104
4.49406e-102
1.154e-107
5.55874e-91
1.62532e-91
1.33072e-94
7.74591e-98
6.45421e-100
8.01797e-102
8.64633e-103
9.84624e-105
4.60977e-102
8.33217e-108
5.6519e-91
1.27724e-91
1.35744e-94
2.28466e-98
1.76758e-99
8.21419e-102
6.23064e-103
4.64303e-105
4.71154e-102
5.99951e-108
5.71249e-91
9.92532e-92
1.38469e-94
6.74801e-99
4.88227e-99
8.41418e-102
4.54289e-103
2.1897e-105
4.80663e-102
4.30429e-108
5.73897e-91
7.6481e-92
1.41249e-94
2.00194e-99
1.35682e-98
8.618e-102
3.74759e-103
1.03266e-105
4.89816e-102
3.0733e-108
5.72993e-91
5.85653e-92
1.44085e-94
6.02455e-100
3.79074e-98
8.82569e-102
4.55039e-103
4.86873e-106
4.98665e-102
2.1804e-108
5.68413e-91
4.46402e-92
1.46978e-94
1.89577e-100
1.06443e-97
9.03731e-102
9.51391e-103
2.29384e-106
5.07104e-102
1.53368e-108
5.60053e-91
3.39119e-92
1.49929e-94
6.75873e-101
3.00382e-97
9.25292e-102
2.72332e-102
1.07902e-106
5.14935e-102
1.06615e-108
5.4783e-91
2.56991e-92
1.5294e-94
3.13714e-101
8.51873e-97
9.47257e-102
8.59093e-102
5.05928e-107
5.2191e-102
7.29012e-109
5.31682e-91
1.9441e-92
1.56011e-94
2.04526e-101
2.42768e-96
9.69631e-102
2.77622e-101
2.35669e-107
5.27755e-102
4.86702e-109
5.11567e-91
1.46882e-92
1.59143e-94
1.69981e-101
6.95171e-96
9.92422e-102
9.02822e-101
1.08333e-107
5.32186e-102
3.13297e-109
4.87471e-91
1.10873e-92
1.62338e-94
1.5749e-101
2e-95
1.01563e-101
2.94194e-100
4.84468e-108
5.34925e-102
1.89916e-109
4.594e-91
8.36436e-93
1.65598e-94
1.51543e-101
5.78084e-95
1.03928e-101
9.59499e-100
2.03871e-108
5.35706e-102
1.02798e-109
4.2739e-91
6.31372e-93
1.68922e-94
1.47565e-101
1.67909e-94
1.06337e-101
3.13077e-99
7.33804e-109
5.34286e-102
4.19242e-110
3.915e-91
4.82284e-93
1.72267e-94
1.44206e-101
4.90628e-94
1.08795e-101
1.02182e-98
1.36138e-109
5.30454e-102
0
3.51816e-91
4.21091e-93
1.73934e-94
1.41068e-101
2.90445e-94
7.16621e-94
1.10253e-101
1.77048e-98
1.41191e-109
7.92706e-110
5.19539e-102
3.45847e-91
2.56059e-91
1.39284e-101
1.70818e-94
1.02763e-93
1.11727e-101
3.05177e-98
1.46446e-109
4.61569e-110
5.02261e-102
3.39894e-91
1.86285e-91
1.37522e-101
1.00076e-94
1.4555e-93
1.13216e-101
5.24754e-98
1.51938e-109
2.68748e-110
4.78601e-102
3.33964e-91
1.3548e-91
1.35781e-101
5.84997e-95
2.04399e-93
1.14721e-101
9.01279e-98
1.57749e-109
1.56468e-110
4.48913e-102
3.2806e-91
9.85074e-92
1.34058e-101
3.41524e-95
2.8533e-93
1.16242e-101
1.54714e-97
1.64095e-109
9.10893e-111
4.1394e-102
3.22188e-91
7.16094e-92
1.32353e-101
1.99237e-95
3.9662e-93
1.17779e-101
2.65514e-97
1.71564e-109
5.30203e-111
3.74778e-102
3.16354e-91
5.2045e-92
1.30666e-101
1.16182e-95
5.49654e-93
1.19332e-101
4.55608e-97
1.81768e-109
3.08537e-111
3.32793e-102
3.1056e-91
3.78166e-92
1.28996e-101
6.77334e-96
7.60083e-93
1.20901e-101
7.81755e-97
1.99157e-109
1.79471e-111
2.89503e-102
3.04811e-91
2.74694e-92
1.27343e-101
3.94828e-96
1.04944e-92
1.22487e-101
1.34132e-96
2.36044e-109
1.04324e-111
2.46438e-102
2.99112e-91
1.9945e-92
1.25708e-101
2.30134e-96
1.44734e-92
1.24089e-101
3.26517e-109
6.05747e-112
2.0501e-102
2.93464e-91
5.64969e-109
3.51077e-112
1.66405e-102
2.87872e-91
1.21283e-108
2.02861e-112
1.31511e-102
2.82338e-91
2.99414e-108
1.1663e-112
1.00891e-102
2.76865e-91
7.91428e-108
6.64889e-113
7.47965e-103
2.71456e-91
2.15273e-107
3.73597e-113
5.32001e-103
2.66111e-91
5.92164e-107
2.04625e-113
3.58585e-103
2.60835e-91
1.63588e-106
1.06848e-113
2.23736e-103
2.55627e-91
4.52644e-106
5.05004e-114
1.22549e-103
2.50493e-91
1.25322e-105
1.82481e-114
4.97252e-104
2.45521e-91
3.47051e-105
0
0
2.43097e-91
3.53708e-105
1.98362e-104
3.60493e-105
3.16759e-104
3.67408e-105
3.94699e-104
3.74456e-105
4.4081e-104
3.81639e-105
4.64758e-104
3.8896e-105
4.74662e-104
3.96421e-105
4.75862e-104
4.04026e-105
4.70963e-104
4.11776e-105
4.60526e-104
4.19675e-105
4.43931e-104
4.27725e-105
4.20164e-104
4.3593e-105
3.88457e-104
4.44293e-105
3.48742e-104
4.52815e-105
3.01883e-104
4.61502e-105
2.49667e-104
4.70354e-105
1.94585e-104
4.79377e-105
1.39481e-104
4.88573e-105
8.71598e-105
4.97947e-105
4.00548e-105
5.07453e-105
0
5.21001e-105
5.34911e-105
5.49193e-105
5.63855e-105
5.78909e-105
5.94365e-105
6.10234e-105
6.26526e-105
6.43253e-105
6.60427e-105
6.78059e-105
6.96163e-105
7.14749e-105
7.33831e-105
7.53427e-105
7.73523e-105
7.94265e-105
8.15053e-105
8.38743e-105
8.52222e-105
END_LIST
