BEGIN_LIST
0.1
0.0997247
0.09945
0.099176
0.0989027
0.09863
0.098358
0.0980867
0.0978161
0.0975461
0.0972766
0.0970075
0.0967385
0.0964683
0.0961945
0.0959103
0.0955989
0.0952179
0.0946599
0.0936541
0.0915164
0.0843243
0.0900733
0.0770001
0.0886058
0.0696887
0.0871153
0.0625289
0.085603
0.0556441
0.0840706
0.0491356
0.0825195
0.0430787
0.0809515
0.0375224
0.0793683
0.0324907
0.0777716
0.0279864
0.0761632
0.0239954
0.0745451
0.020491
0.0729192
0.0174393
0.0712873
0.0148029
0.0696516
0.0125462
0.068014
0.0106418
0.0663763
0.00908321
0.0647406
0.0079102
0.0631041
0.00726702
0.0612937
0.00753596
0.0529034
0.00753571
0.00889975
0.00546528
0.0481844
0.0478923
0.00753547
0.00989144
0.00474154
0.043827
0.0430142
0.00753522
0.0106605
0.00470756
0.039814
0.0383436
0.00753497
0.0112987
0.00505116
0.0361272
0.0339404
0.00753473
0.0118624
0.00562796
0.0327475
0.0298479
0.00753448
0.0123862
0.00637512
0.0296557
0.0260933
0.00753424
0.0128916
0.00726965
0.0268324
0.022689
0.00753399
0.0133919
0.0083084
0.0242586
0.0196344
0.00753375
0.0138953
0.00949832
0.0219158
0.0169189
0.0075335
0.0144073
0.0108518
0.0197861
0.0145245
0.00753326
0.0149312
0.0123842
0.0178524
0.0124282
0.00753301
0.0154693
0.0141125
0.0160981
0.0106043
0.00753277
0.0160232
0.0160546
0.0145074
0.00902556
0.00753252
0.016594
0.0182284
0.0130641
0.00766508
0.00753228
0.0171826
0.0206511
0.0117513
0.0064965
0.00753203
0.0177898
0.0233382
0.0105486
0.00549433
0.00753179
0.0184163
0.0263028
0.00942699
0.00463316
0.00753149
0.0190625
0.0295542
0.0083383
0.00388527
0.00753602
0.0197291
0.0330969
0.00719171
0.00321485
0.00710189
0.0204165
0.0369291
0.00580354
0.00256431
0.0062935
0.00693895
0.0133098
0.0299123
0.0136921
0.0396745
0.00562237
0.00423886
0.00256426
0.00229214
0.00557008
0.00677965
0.00849167
0.0355225
0.00924711
0.0425343
0.00544103
0.00307809
0.00256421
0.00225153
0.00492425
0.00662393
0.00534106
0.0396211
0.00633087
0.0455044
0.0052593
0.00222567
0.00256416
0.002278
0.00434894
0.00647171
0.0033288
0.0431739
0.00443521
0.0485777
0.00507696
0.00160431
0.00256411
0.00232457
0.00383742
0.00632291
0.0020627
0.0465725
0.00321987
0.051745
0.00489378
0.00115381
0.00256407
0.0023778
0.00338339
0.00617746
0.00127355
0.049972
0.00245872
0.0549949
0.00470952
0.000828466
0.00256402
0.00243388
0.00298099
0.00603529
0.000784552
0.0534282
0.00200245
0.0583138
0.00452394
0.000594161
0.00256397
0.00249175
0.00262482
0.00589633
0.000482643
0.0569548
0.00175299
0.0616869
0.00433676
0.000425762
0.00256392
0.00255111
0.00230994
0.0057605
0.00029666
0.0605466
0.00164643
0.0650976
0.00414772
0.000304906
0.00256388
0.00261192
0.00203185
0.00562774
0.000182249
0.0641899
0.00164151
0.0685283
0.00395653
0.000218262
0.00256383
0.00267417
0.00178648
0.00549799
0.000111925
0.0678665
0.00171205
0.0719606
0.00376289
0.00015619
0.00256378
0.00273789
0.00157014
0.00537118
6.87238e-05
0.071556
0.00184191
0.0753757
0.0035665
0.000111746
0.00256373
0.00280312
0.00137951
0.00524724
4.21923e-05
0.0752366
0.00202171
0.0787549
0.00336702
7.9936e-05
0.00256368
0.00286989
0.00121158
0.0051261
2.59016e-05
0.0788865
0.00224667
0.0820797
0.00316413
5.71745e-05
0.00256364
0.00293823
0.00106356
0.00500772
1.59002e-05
0.082484
0.00251519
0.0853326
0.00295744
4.0891e-05
0.00256359
0.00300819
0.000932573
0.00489203
9.7605e-06
0.0860081
0.00282797
0.0884971
0.0027466
2.92435e-05
0.00256354
0.00307979
0.000814987
0.00477898
5.99209e-06
0.0894393
0.00318741
0.0915583
0.00253121
2.09144e-05
0.00256349
0.00315308
0.000704148
0.00466851
3.68063e-06
0.09276
0.00359724
0.094503
0.00231085
1.49719e-05
0.00256344
0.0032281
0.000583597
0.00456061
2.26789e-06
0.0959544
0.00406232
0.09732
0.00208508
1.08585e-05
0.0025634
0.00330488
0.000406072
0.00445537
1.4219e-06
0.0990094
0.00458852
0.1
0.00185346
9.21541e-06
0.00256337
0.00338346
0.000230333
0.00038963
0.0043946
1.13366e-06
0.0990094
0.0994509
0.00551401
0.00176861
0.00133858
0.00343055
0.000130632
0.000374091
0.00433466
9.08339e-07
0.0990094
0.0996957
0.00662791
0.00168761
0.00098638
0.00347821
7.40882e-05
0.000359514
0.00427552
7.35681e-07
0.0990094
0.0998314
0.00796173
0.00161028
0.000746431
0.00352649
4.20274e-05
0.000346004
0.00421717
6.09616e-07
0.0990094
0.0999067
0.00955266
0.00153645
0.000583974
0.00357542
2.38533e-05
0.000333721
0.00415962
5.28971e-07
0.0990094
0.0999484
0.0114432
0.00146598
0.000475051
0.003625
1.35549e-05
0.000322916
0.00410283
4.9925e-07
0.0990094
0.0999715
0.0136809
0.00139872
0.000403152
0.00367526
7.72398e-06
0.000313964
0.00404681
5.36172e-07
0.0990094
0.0999843
0.0163174
0.00133451
0.000356904
0.0037262
4.42813e-06
0.000307419
0.00399155
6.72236e-07
0.0990094
0.0999914
0.0194073
0.00127323
0.000328477
0.00377784
2.57218e-06
0.000304099
0.00393703
9.68556e-07
0.0990093
0.0999953
0.023006
0.00121473
0.000312479
0.00383018
1.53593e-06
0.000305203
0.00388324
0.0990092
0.0999975
0.0271669
0.00115891
0.0990089
0.0999987
0.0319371
0.00110563
0.099008
0.0999994
0.0373526
0.00105479
0.0990054
0.0999997
0.0434317
0.00100627
0.0989978
0.0999999
0.050169
0.000959967
0.0989761
0.1
0.0575289
0.000915782
0.0989135
0.1
0.0654412
0.00087362
0.0987333
0.1
0.0737989
0.00083339
0.0982146
0.1
0.0824606
0.000795022
0.0967212
0.1
0.0912566
0.000758995
0.0924213
0.1
0.1
0.000741692
0.0924213
0.0618076
0.0924213
0.0409809
0.0924213
0.0273711
0.0924213
0.0188383
0.0924213
0.0137819
0.0924213
0.0110975
0.0924213
0.0100722
0.0924212
0.0102772
0.0924212
0.0114825
0.0924212
0.0135948
0.0924212
0.0166165
0.0924212
0.0206161
0.0924212
0.0257064
0.0924212
0.0320246
0.0924212
0.0397092
0.0924212
0.0488746
0.0924212
0.0595783
0.0924211
0.0717887
0.0924211
0.0853563
0.0924211
0.1
0.0924211
0.0924211
0.0924211
0.0924211
0.092421
0.092421
0.092421
0.092421
0.092421
0.092421
0.092421
0.0924209
0.0924209
0.0924209
0.0924209
0.0924209
0.0924209
0.0924208
0.0924208
0.0924208
END_LIST
