BEGIN_LIST
0.1
0.0997217
0.0994442
0.0991673
0.0988912
0.0986157
0.0983409
0.0980668
0.0977934
0.0975207
0.0972485
0.0969767
0.0967048
0.0964317
0.0961543
0.0958653
0.0955456
0.0951476
0.0945507
0.0934505
0.0910777
0.0831905
0.0894421
0.07531
0.0877866
0.0675871
0.0861129
0.0601563
0.084423
0.0531281
0.0827188
0.0465851
0.0810022
0.0405808
0.0792752
0.035142
0.07754
0.0302721
0.0757987
0.0259561
0.0740533
0.0221651
0.072306
0.0188618
0.0705589
0.016004
0.0688142
0.0135487
0.067074
0.0114566
0.0653402
0.00969699
0.063615
0.00825908
0.0619003
0.00717386
0.0601934
0.00656551
0.0583263
0.00676953
0.0499615
0.00676931
0.0080094
0.00485362
0.0454103
0.0448162
0.00676909
0.00891072
0.00417226
0.0412248
0.0399021
0.00676886
0.00960973
0.0041206
0.0373844
0.0352801
0.00676864
0.01019
0.00441193
0.0338681
0.0309936
0.00676842
0.0107027
0.00491389
0.0306548
0.0270691
0.00676819
0.0111796
0.00556901
0.0277234
0.0235172
0.00676797
0.0116401
0.00635645
0.0250535
0.0203354
0.00676775
0.0120964
0.00727365
0.0226252
0.017511
0.00676752
0.012556
0.00832752
0.0204196
0.0150238
0.0067673
0.0130238
0.00953014
0.0184185
0.0128488
0.00676708
0.0135029
0.0108967
0.0166047
0.0109582
0.00676686
0.0139954
0.0124444
0.0149618
0.00932348
0.00676663
0.0145028
0.0141917
0.0134742
0.00791613
0.00676641
0.0150262
0.0161578
0.0121263
0.00670897
0.00676619
0.0155665
0.018362
0.0109017
0.00567638
0.00676596
0.0161244
0.0208231
0.00978101
0.00479432
0.00676574
0.0167005
0.0235586
0.00873691
0.0040397
0.00676547
0.0172954
0.0265838
0.00772424
0.00338862
0.00676959
0.0179097
0.0299102
0.00665812
0.00281218
0.00637463
0.0185439
0.0335451
0.00536707
0.00226676
0.00563879
0.00622779
0.011973
0.0272686
0.012423
0.0361739
0.00519932
0.00390725
0.00226672
0.00204355
0.00498256
0.00608428
0.00758973
0.0324738
0.00838465
0.0389338
0.00503141
0.00283046
0.00226668
0.00201308
0.00439853
0.00594401
0.00475393
0.036338
0.00573898
0.0418237
0.00486314
0.00204301
0.00226663
0.0020385
0.00387969
0.00580691
0.00295506
0.0397438
0.00402113
0.0448403
0.00469431
0.00147076
0.00226659
0.00208073
0.00341948
0.00567293
0.00182808
0.0430489
0.00292093
0.0479776
0.00452469
0.00105679
0.00226655
0.00212858
0.00301188
0.00554198
0.00112753
0.0463952
0.00223273
0.0512277
0.00435407
0.000758296
0.00226651
0.0021789
0.00265131
0.005414
0.000694159
0.0498352
0.00182095
0.0545801
0.00418222
0.000543575
0.00226646
0.00223079
0.00233271
0.00528893
0.000426867
0.0533829
0.00159665
0.0580224
0.0040089
0.00038938
0.00226642
0.00228401
0.00205145
0.0051667
0.000262314
0.0570351
0.00150194
0.0615402
0.00383384
0.000278783
0.00226638
0.00233853
0.00180338
0.00504725
0.000161124
0.0607802
0.00149945
0.0651176
0.00365679
0.000199526
0.00226634
0.00239435
0.00158474
0.00493052
9.89433e-05
0.0646017
0.00156552
0.0687368
0.00347747
0.000142765
0.0022663
0.0024515
0.00139217
0.00481645
6.07492e-05
0.0684802
0.0016856
0.0723791
0.0032956
0.000102132
0.00226625
0.00250999
0.00122264
0.00470498
3.7295e-05
0.0723943
0.00185124
0.0760248
0.00311086
7.30535e-05
0.00226621
0.00256988
0.00107342
0.00459606
2.28947e-05
0.0763211
0.0020582
0.0796539
0.00292294
5.22494e-05
0.00226617
0.00263118
0.000941972
0.00448962
1.40542e-05
0.0802371
0.00230511
0.0832462
0.00273152
3.73672e-05
0.00226613
0.00269393
0.000825732
0.00438561
8.62723e-06
0.0841186
0.00259272
0.0867819
0.00253624
2.67228e-05
0.00226608
0.00275816
0.000721445
0.00428399
5.29633e-06
0.0879422
0.00292332
0.0902421
0.00233673
1.91113e-05
0.00226604
0.00282392
0.000623209
0.0041847
3.25325e-06
0.0916857
0.00330043
0.093609
0.00213261
1.3681e-05
0.002266
0.00289122
0.000516449
0.00408774
2.00455e-06
0.095328
0.00372865
0.0968664
0.00192349
9.92217e-06
0.00226596
0.00296012
0.000359343
0.00399317
1.25679e-06
0.0988503
0.0042135
0.1
0.00170892
8.4207e-06
0.00226594
0.00303064
0.000203812
0.00034481
0.00393858
1.00203e-06
0.0988503
0.0993626
0.0050672
0.00163056
0.00123187
0.0030729
0.000115586
0.000331083
0.00388472
8.02877e-07
0.0988503
0.0996467
0.00609638
0.00155575
0.000905455
0.00311567
6.55532e-05
0.000318221
0.00383159
6.50277e-07
0.0988503
0.0998043
0.0073312
0.00148434
0.000682963
0.00315901
3.71853e-05
0.000306319
0.00377918
5.38869e-07
0.0988503
0.0998916
0.00880755
0.00141619
0.000532207
0.00320292
2.11049e-05
0.000295529
0.00372748
4.6762e-07
0.0988502
0.09994
0.010567
0.00135114
0.000431001
0.00324743
1.1993e-05
0.000286083
0.00367648
4.41406e-07
0.0988502
0.0999669
0.0126565
0.00128906
0.000364057
0.00329254
6.83392e-06
0.000278328
0.00362617
4.74138e-07
0.0988502
0.0999818
0.0151283
0.0012298
0.000320846
0.00333828
3.91781e-06
0.00027278
0.00357653
5.94576e-07
0.0988502
0.09999
0.018039
0.00117326
0.000294116
0.00338464
2.2757e-06
0.000270197
0.00352757
8.56793e-07
0.0988502
0.0999946
0.0214482
0.00111929
0.000278874
0.00343164
1.35882e-06
0.000271688
0.00347928
0.09885
0.0999971
0.0254158
0.0010678
0.0988497
0.0999985
0.0299994
0.00101865
0.0988488
0.0999992
0.035249
0.000971761
0.0988461
0.0999996
0.0412017
0.000927015
0.0988384
0.0999998
0.047875
0.000884319
0.0988163
0.1
0.0552593
0.000843579
0.0987526
0.1
0.0633117
0.000804707
0.0985691
0.1
0.0719511
0.000767619
0.098041
0.1
0.0810562
0.000732251
0.0965206
0.1
0.0904685
0.000699044
0.092143
0.1
0.1
0.000683095
0.092143
0.0611588
0.0921429
0.0402867
0.0921429
0.0267476
0.0921429
0.018299
0.0921429
0.0133012
0.0921429
0.0106395
0.0921429
0.00960151
0.0921429
0.00976108
0.0921429
0.0108905
0.0921429
0.0128987
0.0921428
0.0157902
0.0921428
0.0196382
0.0921428
0.0245641
0.0921428
0.0307202
0.0921428
0.0382705
0.0921428
0.0473664
0.0921428
0.0581163
0.0921428
0.0705504
0.0921428
0.0845858
0.0921427
0.1
0.0921427
0.0921427
0.0921427
0.0921426
0.0921426
0.0921426
0.0921426
0.0921426
0.0921426
0.0921425
0.0921425
0.0921425
0.0921425
0.0921425
0.0921424
0.0921424
0.0921424
0.0921424
0.0921424
0.0921424
END_LIST
