BEGIN_LIST
0
3.57001e-147
1.25759e-146
3.53338e-146
9.29843e-146
2.39448e-145
6.12668e-145
1.56659e-144
4.01183e-144
1.02968e-143
2.6492e-143
6.83197e-143
1.7657e-142
4.57242e-142
1.18614e-141
3.08174e-141
8.01736e-141
2.08814e-140
5.44386e-140
1.42033e-139
1.68929e-139
3.52642e-139
1.664e-139
6.92233e-139
1.64049e-139
1.27956e-138
1.61881e-139
2.25833e-138
1.59899e-139
3.85343e-138
1.58107e-139
6.41748e-138
1.56509e-139
1.05058e-137
1.5511e-139
1.69982e-137
1.53934e-139
2.73007e-137
1.53838e-139
4.36835e-137
1.91225e-139
6.98576e-137
1.81944e-138
1.11974e-136
7.1337e-137
1.80387e-136
3.03852e-135
2.92795e-136
1.29675e-133
4.79954e-136
5.53525e-132
7.96133e-136
2.36277e-130
1.33843e-135
1.00865e-128
2.28237e-135
4.30569e-127
3.94654e-135
1.83818e-125
6.90365e-135
7.84898e-124
7.3363e-135
9.01319e-135
4.01021e-135
1.83949e-123
8.34435e-124
7.79605e-135
1.02473e-134
2.33739e-135
3.51631e-123
8.86662e-124
8.28463e-135
1.09096e-134
1.36917e-135
6.07444e-123
9.4158e-124
8.80382e-135
1.11996e-134
8.065e-136
9.85582e-123
9.99136e-124
9.35555e-135
1.12479e-134
4.77745e-136
1.53069e-122
1.05921e-123
9.94186e-135
1.11406e-134
2.84529e-136
2.30058e-122
1.12157e-123
1.05649e-134
1.09342e-134
1.70304e-136
3.36969e-122
1.18588e-123
1.1227e-134
1.06659e-134
1.02399e-136
4.83364e-122
1.25162e-123
1.19306e-134
1.03601e-134
6.18192e-137
6.81519e-122
1.31805e-123
1.26784e-134
1.00329e-134
3.7455e-137
9.47251e-122
1.38411e-123
1.34729e-134
9.69494e-135
2.27645e-137
1.30105e-121
1.44834e-123
1.43173e-134
9.35317e-135
1.38735e-137
1.76968e-121
1.50863e-123
1.52146e-134
9.01217e-135
8.47479e-138
2.38851e-121
1.56191e-123
1.61681e-134
8.67494e-135
5.18717e-138
3.20495e-121
1.60353e-123
1.71814e-134
8.34345e-135
3.18021e-138
4.28348e-121
1.62609e-123
1.82582e-134
8.01896e-135
1.95242e-138
5.71342e-121
1.61734e-123
1.94012e-134
7.70229e-135
1.19995e-138
7.62088e-121
1.55612e-123
2.07318e-134
7.39395e-135
7.38084e-139
1.01877e-120
1.40466e-123
1.2026e-134
7.09423e-135
4.54239e-139
1.36827e-120
1.09381e-123
8.85855e-133
6.80329e-135
2.79621e-139
1.8515e-120
4.93168e-124
5.03692e-132
8.96439e-133
7.54349e-135
3.19122e-135
1.00218e-134
2.03239e-139
1.9557e-120
1.68346e-120
5.03068e-124
1.45394e-124
1.62672e-131
9.07033e-133
7.8618e-135
1.50046e-135
1.22243e-134
1.47664e-139
2.05124e-120
1.48167e-120
5.13166e-124
4.28507e-125
4.6711e-131
9.17636e-133
7.70538e-135
7.06215e-136
1.37e-134
1.07221e-139
2.1372e-120
1.26497e-120
5.23467e-124
1.26284e-125
1.29495e-130
9.28247e-133
7.27225e-135
3.32592e-136
1.46892e-134
7.77892e-140
2.21269e-120
1.05121e-120
5.33975e-124
3.72183e-126
3.55412e-130
9.38863e-133
7.15513e-135
1.56702e-136
1.53737e-134
5.63704e-140
2.27684e-120
8.53883e-121
5.44694e-124
1.09697e-126
9.74327e-130
9.49483e-133
8.72325e-135
7.38557e-137
1.58797e-134
4.07851e-140
2.32883e-120
6.80874e-121
5.55628e-124
3.23342e-127
2.67691e-129
9.60107e-133
1.55557e-134
3.48189e-137
1.62882e-134
2.94476e-140
2.3679e-120
5.35064e-121
5.66781e-124
9.5316e-128
7.381e-129
9.70732e-133
3.83027e-134
1.64186e-137
1.66476e-134
2.12034e-140
2.39333e-120
4.15799e-121
5.78158e-124
2.81005e-128
2.04372e-128
9.81358e-133
1.10427e-133
7.74296e-138
1.69834e-134
1.52121e-140
2.40446e-120
3.20404e-121
5.89764e-124
8.28573e-129
5.68462e-128
9.91983e-133
3.3903e-133
3.65149e-138
1.73067e-134
1.08615e-140
2.40071e-120
2.45352e-121
6.01603e-124
2.44398e-129
1.58867e-127
1.00261e-132
1.06965e-132
1.72154e-138
1.76193e-134
7.70581e-141
2.38155e-120
1.87017e-121
6.13679e-124
7.21588e-130
4.46141e-127
1.01323e-132
3.42216e-132
8.11067e-139
1.79174e-134
5.42018e-141
2.34655e-120
1.42073e-121
6.25998e-124
2.13712e-130
1.25905e-126
1.02384e-132
1.10362e-131
3.81517e-139
1.81941e-134
3.76786e-141
2.29536e-120
1.07667e-121
6.38564e-124
6.39375e-131
3.57063e-126
1.03445e-132
3.57616e-131
1.78881e-139
1.84405e-134
2.57638e-141
2.22772e-120
8.14498e-122
6.51382e-124
1.97597e-131
1.01756e-125
1.04506e-132
1.16221e-130
8.33238e-140
1.8647e-134
1.72003e-141
2.14347e-120
6.15382e-122
6.64458e-124
6.72278e-132
2.91379e-125
1.05565e-132
3.78385e-130
3.83019e-140
1.88035e-134
1.10721e-141
2.04252e-120
4.64522e-122
6.77796e-124
2.87008e-132
8.38287e-125
1.06624e-132
1.23329e-129
1.71284e-140
1.89003e-134
6.7117e-142
1.92492e-120
3.50445e-122
6.91402e-124
1.72628e-132
2.42299e-124
1.07683e-132
4.02242e-129
7.20778e-141
1.89279e-134
3.63293e-142
1.79081e-120
2.64532e-122
7.05276e-124
1.38155e-132
7.0377e-124
1.0874e-132
1.31247e-128
2.5943e-141
1.88777e-134
1.48162e-142
1.64043e-120
2.0207e-122
7.19238e-124
1.27252e-132
2.0564e-123
1.09797e-132
4.28355e-128
4.81286e-142
1.87423e-134
0
1.47416e-120
1.76432e-122
7.26197e-124
1.23303e-132
1.21737e-123
3.00359e-123
1.10416e-132
7.42196e-128
4.99126e-142
2.80241e-142
1.83566e-134
1.44916e-120
1.07295e-120
1.22105e-132
7.15971e-124
4.30711e-123
1.11035e-132
1.27931e-127
5.17645e-142
1.63174e-142
1.77462e-134
1.42423e-120
7.80587e-121
1.21191e-132
4.19464e-124
6.10035e-123
1.11653e-132
2.19976e-127
5.369e-142
9.50071e-143
1.69102e-134
1.39938e-120
5.67711e-121
1.20423e-132
2.45201e-124
8.56678e-123
1.1227e-132
3.77811e-127
5.57008e-142
5.53136e-143
1.58612e-134
1.37466e-120
4.12788e-121
1.19731e-132
1.43151e-124
1.19586e-122
1.12887e-132
6.48544e-127
5.78243e-142
3.22011e-143
1.46255e-134
1.35006e-120
3.00079e-121
1.19077e-132
8.35115e-125
1.66227e-122
1.13504e-132
1.113e-126
6.01329e-142
1.87431e-143
1.32419e-134
1.32562e-120
2.18098e-121
1.18443e-132
4.86987e-125
2.30361e-122
1.1412e-132
1.90983e-126
6.28214e-142
1.09069e-143
1.17584e-134
1.30135e-120
1.58475e-121
1.17819e-132
2.83914e-125
3.18548e-122
1.14736e-132
3.27695e-126
6.6425e-142
6.34431e-144
1.02289e-134
1.27727e-120
1.15116e-121
1.172e-132
1.65499e-125
4.3981e-122
1.15352e-132
5.6225e-126
7.24208e-142
3.68783e-144
8.70728e-135
1.25339e-120
8.3585e-122
1.16583e-132
9.64656e-126
6.06556e-122
1.15968e-132
8.48943e-142
2.14129e-144
7.24352e-135
1.22974e-120
1.15156e-141
1.24103e-144
5.8795e-135
1.20631e-120
1.94526e-141
7.17094e-145
4.6466e-135
1.18313e-120
4.09744e-141
4.12272e-145
3.56475e-135
1.1602e-120
1.00105e-140
2.35028e-145
2.64275e-135
1.13754e-120
2.6338e-140
1.3206e-145
1.87969e-135
1.11516e-120
7.15085e-140
7.2331e-146
1.26697e-135
1.09305e-120
1.96562e-139
3.77686e-146
7.90516e-136
1.07123e-120
5.42863e-139
1.78508e-146
4.32996e-136
1.04972e-120
1.50194e-138
6.45031e-147
1.75692e-136
1.0289e-120
4.1582e-138
0
0
1.01874e-120
4.23796e-138
2.37638e-137
4.31925e-138
3.79473e-137
4.40211e-138
4.72842e-137
4.48655e-138
5.28081e-137
4.57261e-138
5.56769e-137
4.66033e-138
5.68633e-137
4.74973e-138
5.70071e-137
4.84084e-138
5.64201e-137
4.9337e-138
5.51697e-137
5.02834e-138
5.31817e-137
5.12479e-138
5.03344e-137
5.2231e-138
4.6536e-137
5.32329e-138
4.17783e-137
5.4254e-138
3.61647e-137
5.52948e-138
2.99094e-137
5.63555e-138
2.33108e-137
5.74365e-138
1.67094e-137
5.85383e-138
1.04415e-137
5.96615e-138
4.79845e-138
6.08004e-138
0
6.24237e-138
6.40903e-138
6.58014e-138
6.75581e-138
6.93618e-138
7.12136e-138
7.31149e-138
7.50669e-138
7.70711e-138
7.91287e-138
8.12413e-138
8.34103e-138
8.56373e-138
8.79235e-138
9.02714e-138
9.26791e-138
9.51643e-138
9.7655e-138
1.00493e-137
1.02108e-137
END_LIST
