BEGIN_LIST
0
1.07619e-127
3.73363e-127
1.02414e-126
2.61241e-126
6.48335e-126
1.59124e-125
3.88769e-125
9.48077e-125
2.31036e-124
5.62879e-124
1.37133e-123
3.34113e-123
8.1413e-123
1.98402e-122
4.83574e-122
1.1788e-121
2.87396e-121
7.00798e-121
1.70912e-120
3.9862e-120
1.73157e-119
4.0974e-120
4.08154e-119
4.21176e-120
8.06874e-119
4.32937e-120
1.46657e-118
4.45031e-120
2.5396e-118
4.57466e-120
4.26513e-118
4.70251e-120
7.0199e-118
4.83394e-120
1.1401e-117
4.96907e-120
1.83627e-117
5.10875e-120
2.94455e-117
5.28579e-120
4.71679e-117
6.89685e-120
7.57035e-117
6.95486e-119
1.22076e-116
2.73739e-117
1.98293e-116
1.16592e-115
3.25217e-116
4.97653e-114
5.39655e-116
2.12427e-112
9.07461e-116
9.06832e-111
1.54768e-115
3.87107e-109
2.67636e-115
1.65263e-107
4.68194e-115
7.05666e-106
4.97542e-115
6.11254e-115
2.71973e-115
1.65379e-105
7.50207e-106
5.2873e-115
6.9494e-115
1.58526e-115
3.16131e-105
7.97166e-106
5.61873e-115
7.39853e-115
9.28617e-116
5.46109e-105
8.46544e-106
5.97094e-115
7.59509e-115
5.4701e-116
8.86048e-105
8.98296e-106
6.34522e-115
7.62779e-115
3.2404e-116
1.37607e-104
9.52308e-106
6.74297e-115
7.55495e-115
1.92992e-116
2.06813e-104
1.00838e-105
7.16565e-115
7.41489e-115
1.15518e-116
3.02913e-104
1.06621e-105
7.61482e-115
7.23283e-115
6.94587e-117
4.34494e-104
1.12532e-105
8.09215e-115
7.02535e-115
4.19339e-117
6.12589e-104
1.18505e-105
8.5994e-115
6.80338e-115
2.54075e-117
8.51401e-104
1.24445e-105
9.13845e-115
6.5741e-115
1.54426e-117
1.16933e-103
1.30221e-105
9.71129e-115
6.34224e-115
9.41145e-118
1.59042e-103
1.35642e-105
1.032e-114
6.11091e-115
5.7492e-118
2.14643e-103
1.40433e-105
1.09669e-114
5.88214e-115
3.51899e-118
2.8799e-103
1.44175e-105
1.16544e-114
5.65727e-115
2.1575e-118
3.84874e-103
1.46205e-105
1.23849e-114
5.43715e-115
1.32457e-118
5.13313e-103
1.45419e-105
1.31613e-114
5.22234e-115
8.14088e-119
6.84628e-103
1.39915e-105
1.39873e-114
5.01318e-115
5.00752e-119
9.15145e-103
1.26297e-105
1.47756e-114
4.80987e-115
3.08183e-119
1.22899e-102
9.8348e-106
2.34291e-114
4.61252e-115
1.89714e-119
1.6629e-102
4.43423e-106
6.0967e-114
2.39237e-114
5.08411e-115
2.16366e-115
6.79817e-115
1.37893e-119
1.75647e-102
1.51197e-102
4.52324e-106
1.30729e-106
1.62022e-113
2.44265e-114
5.23805e-115
1.01735e-115
8.29392e-115
1.00187e-119
1.84226e-102
1.33073e-102
4.61405e-106
3.85286e-107
4.35543e-113
2.49375e-114
5.00313e-115
4.78846e-116
9.29615e-115
7.27483e-120
1.91944e-102
1.13609e-102
4.70668e-106
1.13547e-107
1.17897e-112
2.5457e-114
4.42236e-115
2.25519e-116
9.96809e-115
5.27794e-120
1.98721e-102
9.44109e-103
4.80116e-106
3.34644e-108
3.20755e-112
2.5985e-114
3.64254e-115
1.06257e-116
1.0433e-114
3.82472e-120
2.04481e-102
7.66886e-103
4.89755e-106
9.86331e-109
8.76486e-112
2.65215e-114
2.84333e-115
5.00817e-117
1.07767e-114
2.76728e-120
2.09149e-102
6.11501e-103
4.99587e-106
2.90735e-109
2.40526e-111
2.70668e-114
2.17855e-115
2.36113e-117
1.10541e-114
1.99804e-120
2.12657e-102
4.80545e-103
5.09616e-106
8.57072e-110
6.62914e-111
2.76209e-114
1.79783e-115
1.1134e-117
1.12982e-114
1.43868e-120
2.14939e-102
3.7343e-103
5.19847e-106
2.52707e-110
1.83526e-110
2.81839e-114
2.00494e-115
5.25091e-118
1.15262e-114
1.03216e-120
2.15938e-102
2.87754e-103
5.30283e-106
7.45424e-111
5.10452e-110
2.8756e-114
3.73995e-115
2.47632e-118
1.17457e-114
7.36973e-121
2.15599e-102
2.2035e-103
5.40928e-106
2.20155e-111
1.42653e-109
2.93372e-114
1.00772e-114
1.16752e-118
1.19579e-114
5.22858e-121
2.13878e-102
1.67958e-103
5.51788e-106
6.52784e-112
4.00605e-109
2.99277e-114
3.10458e-114
5.50064e-119
1.21603e-114
3.67774e-121
2.10734e-102
1.27594e-103
5.62865e-106
1.96043e-112
1.13054e-108
3.05276e-114
9.93041e-114
2.58749e-119
1.2348e-114
2.55661e-121
2.06136e-102
9.66942e-104
5.74165e-106
6.12913e-113
3.2062e-108
3.1137e-114
3.21233e-113
1.21322e-119
1.25153e-114
1.74816e-121
2.00061e-102
7.31484e-104
5.85691e-106
2.14886e-113
9.13707e-108
3.17561e-114
1.0436e-112
5.65134e-120
1.26555e-114
1.1671e-121
1.92494e-102
5.5266e-104
5.97449e-106
9.68767e-114
2.6164e-107
3.2385e-114
3.39747e-112
2.59783e-120
1.27617e-114
7.51281e-122
1.83428e-102
4.17174e-104
6.09443e-106
6.1462e-114
7.52733e-107
3.30238e-114
1.10734e-111
1.16175e-120
1.28274e-114
4.55415e-122
1.72866e-102
3.14724e-104
6.21678e-106
5.04181e-114
2.17571e-106
3.36728e-114
3.61165e-111
4.88881e-121
1.28461e-114
2.46509e-122
1.60822e-102
2.37567e-104
6.34154e-106
4.6572e-114
6.31948e-106
3.43323e-114
1.17845e-110
1.75966e-121
1.28121e-114
1.00534e-122
1.47317e-102
1.81471e-104
6.46709e-106
4.48583e-114
1.84654e-105
3.50033e-114
3.84617e-110
3.26455e-122
1.27202e-114
0
1.32385e-102
1.58446e-104
6.52967e-106
4.37824e-114
1.09313e-105
2.69708e-105
3.54007e-114
6.66415e-110
3.38565e-122
1.90089e-122
1.24585e-114
1.3014e-102
9.6354e-103
4.32591e-114
6.42901e-106
3.86758e-105
3.58018e-114
1.14869e-109
3.51147e-122
1.10683e-122
1.20441e-114
1.279e-102
7.00989e-103
4.2765e-114
3.76654e-106
5.47785e-105
3.62064e-114
1.97517e-109
3.64261e-122
6.4445e-123
1.14768e-114
1.25669e-102
5.09817e-103
4.22879e-114
2.20175e-106
7.69262e-105
3.66148e-114
3.39238e-109
3.78044e-122
3.75206e-123
1.07648e-114
1.23448e-102
3.70691e-103
4.18216e-114
1.2854e-106
1.07384e-104
3.70269e-114
5.82333e-109
3.92841e-122
2.1843e-123
9.9262e-115
1.21239e-102
2.69474e-103
4.13629e-114
7.49877e-107
1.49267e-104
3.74427e-114
9.99372e-109
4.09584e-122
1.27141e-123
8.9871e-115
1.19044e-102
1.95853e-103
4.091e-114
4.3728e-107
2.06858e-104
3.78623e-114
1.71486e-108
4.30818e-122
7.39864e-124
7.98032e-115
1.16864e-102
1.42311e-103
4.04621e-114
2.54934e-107
2.86049e-104
3.82858e-114
2.94243e-108
4.63556e-122
4.30365e-124
6.94223e-115
1.14702e-102
1.03374e-103
4.00186e-114
1.48606e-107
3.94942e-104
3.8713e-114
5.04855e-108
5.27195e-122
2.50166e-124
5.90953e-115
1.12557e-102
7.50586e-104
3.95794e-114
8.66185e-108
5.4468e-104
3.91442e-114
6.75417e-122
1.45256e-124
4.9161e-115
1.10433e-102
1.05686e-121
8.41872e-125
3.99035e-115
1.08329e-102
2.08318e-121
4.86455e-125
3.1536e-115
1.06247e-102
4.89448e-121
2.79675e-125
2.41936e-115
1.04188e-102
1.26484e-120
1.59438e-125
1.79361e-115
1.02152e-102
3.40905e-120
8.95874e-126
1.27573e-115
1.00142e-102
9.34432e-120
4.90684e-126
8.5988e-116
9.81564e-103
2.57794e-119
2.56218e-126
5.36514e-116
9.6197e-103
7.12952e-119
1.21098e-126
2.9387e-116
9.42654e-103
1.97355e-118
4.37585e-127
1.1924e-116
9.23948e-103
5.46492e-118
0
0
9.14827e-103
5.56975e-118
3.12345e-117
5.67659e-118
4.98774e-117
5.78548e-118
6.21499e-117
5.89646e-118
6.94105e-117
6.00957e-118
7.31813e-117
6.12485e-118
7.47408e-117
6.24234e-118
7.49298e-117
6.36209e-118
7.41583e-117
6.48413e-118
7.25149e-117
6.60851e-118
6.99019e-117
6.73528e-118
6.61595e-117
6.86448e-118
6.11668e-117
6.99616e-118
5.49133e-117
7.13036e-118
4.75348e-117
7.26714e-118
3.93128e-117
7.40654e-118
3.06396e-117
7.54862e-118
2.19628e-117
7.69342e-118
1.37243e-117
7.84104e-118
6.30708e-118
7.99073e-118
0
8.20407e-118
8.4231e-118
8.64798e-118
8.87887e-118
9.11592e-118
9.3593e-118
9.60918e-118
9.86573e-118
1.01291e-117
1.03996e-117
1.06772e-117
1.09623e-117
1.1255e-117
1.15554e-117
1.1864e-117
1.21804e-117
1.25071e-117
1.28344e-117
1.32074e-117
1.34197e-117
END_LIST
