BEGIN_LIST
0
2.92767e-148
1.02847e-147
2.87518e-147
7.50847e-147
1.91307e-146
4.82792e-146
1.21374e-145
3.04649e-145
7.64102e-145
1.9157e-144
4.80157e-144
1.20316e-143
3.01404e-143
7.54833e-143
1.88983e-142
4.72982e-142
1.18333e-141
2.95938e-141
7.39785e-141
8.00524e-141
1.1309e-140
8.07419e-141
1.69641e-140
8.14179e-141
2.64244e-140
8.2081e-141
4.19613e-140
8.27321e-141
6.71247e-140
8.33718e-141
1.07477e-139
8.40008e-141
1.71772e-139
8.46202e-141
2.73875e-139
8.52352e-141
4.35937e-139
8.60456e-141
6.93716e-139
9.55427e-141
1.10566e-138
4.76066e-140
1.76866e-138
1.66927e-138
2.84574e-138
7.08832e-137
4.61569e-138
3.02486e-135
7.56283e-138
1.29118e-133
1.25419e-137
5.51149e-132
2.1082e-137
2.35281e-130
3.59478e-137
1.00436e-128
6.21568e-137
4.28782e-127
1.08731e-136
1.83089e-125
1.15544e-136
1.41957e-136
6.31592e-137
4.29087e-125
1.94644e-125
1.22784e-136
1.61395e-136
3.68125e-137
8.20231e-125
2.06827e-125
1.30478e-136
1.71828e-136
2.15633e-137
1.41695e-124
2.19637e-125
1.38654e-136
1.76395e-136
1.27016e-137
2.29902e-124
2.33063e-125
1.47343e-136
1.77158e-136
7.52393e-138
3.57056e-124
2.47075e-125
1.56576e-136
1.75469e-136
4.48095e-138
5.36645e-124
2.61623e-125
1.66388e-136
1.72219e-136
2.68204e-138
7.86033e-124
2.76624e-125
1.76814e-136
1.67994e-136
1.6126e-138
1.12752e-123
2.91959e-125
1.87894e-136
1.63179e-136
9.73537e-139
1.58976e-123
3.07453e-125
1.99668e-136
1.58026e-136
5.89841e-139
2.20962e-123
3.22864e-125
2.12181e-136
1.52704e-136
3.58492e-139
3.03492e-123
3.37846e-125
2.25477e-136
1.47322e-136
2.18476e-139
4.12809e-123
3.51909e-125
2.39607e-136
1.41952e-136
1.33457e-139
5.57165e-123
3.64338e-125
2.54622e-136
1.36642e-136
8.16845e-140
7.47617e-123
3.74045e-125
2.70579e-136
1.31421e-136
5.00796e-140
9.99207e-123
3.79308e-125
2.87536e-136
1.26311e-136
3.0745e-140
1.33277e-122
3.77267e-125
3.05524e-136
1.21325e-136
1.88955e-140
1.77773e-122
3.62986e-125
3.27345e-136
1.16469e-136
1.16225e-140
2.37652e-122
3.27656e-125
1.14447e-136
1.11749e-136
7.15281e-141
3.19181e-122
2.55147e-125
2.04897e-134
1.07167e-136
4.40309e-141
4.31907e-122
1.15038e-125
1.17321e-133
2.0732e-134
1.19169e-136
5.02679e-137
1.57826e-136
3.20032e-141
4.56215e-122
3.92708e-122
1.17347e-125
3.39152e-126
3.79295e-133
2.09746e-134
1.24884e-136
2.36349e-137
1.92492e-136
2.32519e-141
4.78502e-122
3.45636e-122
1.19703e-125
9.99552e-127
1.08947e-132
2.12172e-134
1.23879e-136
1.1124e-137
2.15716e-136
1.68836e-141
4.98554e-122
2.95084e-122
1.22106e-125
2.94576e-127
3.02062e-132
2.14599e-134
1.20308e-136
5.23876e-138
2.31286e-136
1.2249e-141
5.16163e-122
2.45219e-122
1.24557e-125
8.68166e-128
8.29073e-132
2.17027e-134
1.26394e-136
2.46823e-138
2.42058e-136
8.87629e-142
5.31128e-122
1.99189e-122
1.27057e-125
2.55882e-128
2.27285e-131
2.19454e-134
1.72184e-136
1.16329e-138
2.50021e-136
6.42214e-142
5.43257e-122
1.5883e-122
1.29608e-125
7.54238e-129
6.24457e-131
2.21882e-134
3.39791e-136
5.48421e-139
2.5645e-136
4.63689e-142
5.52371e-122
1.24817e-122
1.32209e-125
2.22337e-129
1.72181e-130
2.24308e-134
8.7705e-136
2.586e-139
2.62107e-136
3.33872e-142
5.58303e-122
9.69951e-123
1.34863e-125
6.55481e-130
4.76752e-130
2.26734e-134
2.56453e-135
1.21954e-139
2.67393e-136
2.39531e-142
5.60899e-122
7.47419e-123
1.3757e-125
1.93275e-130
1.32609e-129
2.29159e-134
7.90091e-135
5.75113e-140
2.72482e-136
1.71026e-142
5.60023e-122
5.72343e-123
1.40332e-125
5.70086e-131
3.70599e-129
2.31582e-134
2.49472e-134
2.71142e-140
2.77403e-136
1.21336e-142
5.55554e-122
4.36263e-123
1.43149e-125
1.68316e-131
1.04074e-128
2.34003e-134
7.98275e-134
1.27741e-140
2.82096e-136
8.53463e-143
5.47391e-122
3.3142e-123
1.46022e-125
4.98467e-132
2.93705e-128
2.36423e-134
2.57446e-133
6.00874e-141
2.86452e-136
5.93287e-143
5.3545e-122
2.5116e-123
1.48954e-125
1.491e-132
8.32942e-128
2.3884e-134
8.34234e-133
2.81727e-141
2.90331e-136
4.05676e-143
5.19672e-122
1.90001e-123
1.51944e-125
4.60502e-133
2.37373e-127
2.41254e-134
2.71117e-132
1.31229e-141
2.93582e-136
2.70836e-143
5.00016e-122
1.43553e-123
1.54994e-125
1.56407e-133
6.79716e-127
2.43666e-134
8.82685e-132
6.03224e-142
2.96047e-136
1.7434e-143
4.76468e-122
1.08361e-123
1.58105e-125
6.65462e-134
1.95552e-126
2.46075e-134
2.87697e-131
2.69757e-142
2.9757e-136
1.05682e-143
4.49035e-122
8.175e-124
1.61279e-125
3.98743e-134
5.65225e-126
2.4848e-134
9.38335e-131
1.13515e-142
2.98004e-136
5.72037e-144
4.1775e-122
6.17086e-124
1.64515e-125
3.18412e-134
1.64172e-125
2.50883e-134
3.06169e-130
4.08574e-143
2.97214e-136
2.33294e-144
3.82672e-122
4.71378e-124
1.67772e-125
2.93064e-134
4.79707e-125
2.53285e-134
9.9925e-130
7.57964e-144
2.95082e-136
0
3.43885e-122
4.11572e-124
1.69395e-125
2.83933e-134
2.83982e-125
7.00666e-125
2.54689e-134
1.73137e-129
7.86056e-144
4.41342e-144
2.89011e-136
3.38053e-122
2.50291e-122
2.81186e-134
1.67019e-125
1.00474e-124
2.56093e-134
2.98432e-129
8.15215e-144
2.56976e-144
2.79399e-136
3.32236e-122
1.82091e-122
2.791e-134
9.78508e-126
1.42306e-124
2.57495e-134
5.13151e-129
8.45529e-144
1.49622e-144
2.66238e-136
3.26441e-122
1.32433e-122
2.77355e-134
5.71995e-126
1.99842e-124
2.58896e-134
8.81342e-129
8.77171e-144
8.71102e-145
2.49723e-136
3.20673e-122
9.62931e-123
2.75786e-134
3.33937e-126
2.78965e-124
2.60295e-134
1.5129e-128
9.10555e-144
5.07113e-145
2.30268e-136
3.14935e-122
7.00009e-123
2.74307e-134
1.94812e-126
3.87768e-124
2.61693e-134
2.59636e-128
9.46751e-144
2.95171e-145
2.08483e-136
3.09234e-122
5.08768e-123
2.72873e-134
1.13602e-126
5.37377e-124
2.63089e-134
4.45518e-128
9.88654e-144
1.71765e-145
1.85127e-136
3.03573e-122
3.69683e-123
2.71461e-134
6.62303e-127
7.43095e-124
2.64484e-134
7.64435e-128
1.0442e-143
9.9911e-146
1.61046e-136
2.97955e-122
2.68537e-123
2.70061e-134
3.8607e-127
1.02597e-123
2.65879e-134
1.31159e-127
1.13529e-143
5.80763e-146
1.37089e-136
2.92386e-122
1.94983e-123
2.68666e-134
2.25031e-127
1.41495e-123
2.67272e-134
1.3225e-143
3.3721e-146
1.14044e-136
2.86867e-122
1.77352e-143
1.95437e-146
9.2568e-137
2.81403e-122
2.95271e-143
1.12927e-146
7.3157e-137
2.75995e-122
6.14608e-143
6.49239e-147
5.61241e-137
2.70647e-122
1.49154e-142
3.70117e-147
4.1608e-137
2.65361e-122
3.91254e-142
2.07965e-147
2.95943e-137
2.60138e-122
1.06098e-141
1.13905e-147
1.99475e-137
2.54981e-122
2.91506e-141
5.94767e-148
1.2446e-137
2.49892e-122
8.04935e-141
2.81108e-148
6.81718e-138
2.44875e-122
2.22687e-140
1.01577e-148
2.76613e-138
2.40016e-122
6.16504e-140
0
0
2.37647e-122
6.2833e-140
3.52324e-139
6.40383e-140
5.62609e-139
6.52667e-140
7.01038e-139
6.65187e-140
7.82935e-139
6.77947e-140
8.25467e-139
6.90952e-140
8.43057e-139
7.04206e-140
8.45189e-139
7.17714e-140
8.36486e-139
7.31482e-140
8.17948e-139
7.45513e-140
7.88474e-139
7.59814e-140
7.4626e-139
7.74389e-140
6.89944e-139
7.89244e-140
6.19406e-139
8.04384e-140
5.36179e-139
8.19813e-140
4.43437e-139
8.3554e-140
3.45606e-139
8.51567e-140
2.47734e-139
8.67902e-140
1.54806e-139
8.84555e-140
7.1142e-140
9.01441e-140
0
9.25508e-140
9.50218e-140
9.75586e-140
1.00163e-139
1.02837e-139
1.05583e-139
1.08402e-139
1.11296e-139
1.14267e-139
1.17318e-139
1.2045e-139
1.23666e-139
1.26968e-139
1.30357e-139
1.33838e-139
1.37408e-139
1.41093e-139
1.44786e-139
1.48994e-139
1.51388e-139
END_LIST
