BEGIN_LIST
0.1
0.0997762
0.0995526
0.0993294
0.0991066
0.098884
0.0986618
0.0984399
0.0982183
0.097997
0.0977761
0.0975555
0.0973352
0.0971152
0.0968954
0.0966759
0.0964562
0.096236
0.0960137
0.0957864
0.0955462
0.094842
0.0954451
0.0939713
0.0953391
0.0929023
0.0952279
0.0915999
0.0951112
0.0900275
0.0949888
0.0881484
0.0948604
0.0859284
0.0947258
0.0833392
0.0945847
0.0803626
0.0944367
0.0769939
0.0942817
0.0732466
0.0941193
0.0691551
0.0939491
0.0647779
0.0937709
0.0602001
0.0935843
0.0555378
0.093389
0.0509489
0.0931845
0.0466603
0.0929705
0.0430276
0.0927439
0.0406634
0.092402
0.0406985
0.0881766
0.0406977
0.0409985
0.0421813
0.0840647
0.0877843
0.040697
0.0415698
0.0445629
0.0798962
0.0872985
0.0406962
0.042306
0.0475611
0.0756985
0.0866994
0.0406954
0.0431432
0.0509563
0.0714995
0.0859641
0.0406946
0.0440429
0.0545832
0.0673267
0.0850668
0.0406938
0.0449822
0.0583172
0.0632065
0.0839792
0.040693
0.0459469
0.0620631
0.0591639
0.0826709
0.0406923
0.0469284
0.0657464
0.0552213
0.0811108
0.0406915
0.0479211
0.0693085
0.0513987
0.0792683
0.0406907
0.0489215
0.0727037
0.0477131
0.0771152
0.0406899
0.0499272
0.0758974
0.0441781
0.0746279
0.0406891
0.0509365
0.0788651
0.0408037
0.0717875
0.0406883
0.0519479
0.0815916
0.0375958
0.0685794
0.0406876
0.0529605
0.0840702
0.0345552
0.0649873
0.0406868
0.0539731
0.0863013
0.0316748
0.0609785
0.040686
0.054985
0.0882915
0.0289356
0.056471
0.0406852
0.0559952
0.090052
0.0262953
0.0512671
0.0406843
0.0570029
0.0915973
0.0236662
0.0449153
0.0406957
0.0580074
0.0929444
0.0208673
0.0364257
0.0395899
0.0590078
0.0941114
0.0175232
0.0236578
0.0378104
0.0388702
0.0510994
0.0776141
0.0418116
0.094801
0.017021
0.0143222
0.0236575
0.0169538
0.0359534
0.0381597
0.0417238
0.0863687
0.0297938
0.0954237
0.0165192
0.0113925
0.0236572
0.0152529
0.0340345
0.0374586
0.0320008
0.0906866
0.0215826
0.0959846
0.0160172
0.00885055
0.0236569
0.0149929
0.0320708
0.0367668
0.0231413
0.0929961
0.0161108
0.0964888
0.0155146
0.00674202
0.0236566
0.0151511
0.0300814
0.0360843
0.0159285
0.0943796
0.0125783
0.0969413
0.0150107
0.00505553
0.0236562
0.0154339
0.0280857
0.0354112
0.010558
0.0953192
0.0104058
0.0973467
0.014505
0.00374464
0.0236559
0.0157571
0.0261031
0.0347473
0.006813
0.0960304
0.00918633
0.0977094
0.0139969
0.00274783
0.0236556
0.0160967
0.0241524
0.0340929
0.00431739
0.0966113
0.00864025
0.0980333
0.0134858
0.00200229
0.0236553
0.0164458
0.0222506
0.0334477
0.00270374
0.0971074
0.00857944
0.0983224
0.0129709
0.00145148
0.023655
0.0168025
0.0204131
0.0328118
0.00168047
0.0975415
0.00887953
0.0985799
0.0124517
0.0010482
0.0236547
0.0171663
0.0186528
0.0321852
0.00103952
0.0979258
0.00946001
0.0988092
0.0119273
0.000754876
0.0236544
0.0175372
0.0169797
0.0315678
0.000641135
0.0982677
0.0102701
0.0990131
0.0113972
0.000542547
0.0236541
0.0179152
0.0154014
0.0309596
0.000394703
0.0985727
0.0112792
0.0991942
0.0108603
0.000389378
0.0236538
0.0183003
0.013922
0.0303607
0.000242717
0.0988449
0.01247
0.099355
0.0103161
0.00027916
0.0236535
0.0186928
0.0125416
0.0297708
0.000149152
0.0990877
0.0138341
0.0994976
0.00976344
0.000199991
0.0236532
0.0190926
0.0112533
0.0291901
9.1618e-05
0.0993042
0.0153686
0.099624
0.00920158
0.000143198
0.0236529
0.0194999
0.0100336
0.0286184
5.62681e-05
0.0994972
0.0170742
0.0997359
0.00862955
0.000102501
0.0236526
0.0199148
0.00881398
0.0280558
3.45722e-05
0.0996691
0.018953
0.099835
0.00804631
7.34232e-05
0.0236523
0.0203373
0.00739451
0.0275024
2.13097e-05
0.099822
0.0210077
0.0999226
0.00745084
5.32758e-05
0.023652
0.0207675
0.00518349
0.0269587
1.33754e-05
0.0999581
0.0232404
0.1
0.00684202
4.52243e-05
0.0236518
0.0212056
0.00296013
0.00497338
0.0266432
1.0681e-05
0.0999581
0.0999769
0.0269569
0.0065517
0.00551545
0.0214669
0.00168532
0.00477227
0.0263308
8.58737e-06
0.0999581
0.0999874
0.0310916
0.00627262
0.00463241
0.0217306
0.000957902
0.00458009
0.0260214
7.006e-06
0.0999581
0.0999932
0.0356157
0.00600442
0.00405765
0.0219969
0.000543998
0.00439689
0.0257149
5.89335e-06
0.0999582
0.0999964
0.0404825
0.00574679
0.00369754
0.0222658
0.000308889
0.0042229
0.0254115
5.26213e-06
0.0999582
0.0999981
0.0456251
0.00549936
0.0034873
0.0225376
0.000175491
0.0040586
0.025111
5.20589e-06
0.0999582
0.0999991
0.050957
0.00526182
0.00338221
0.0228121
9.98853e-05
0.00390482
0.0248135
5.94608e-06
0.0999582
0.0999996
0.0563762
0.00503384
0.00335144
0.0230894
5.70983e-05
0.00376289
0.0245189
7.91809e-06
0.0999583
0.0999999
0.0617711
0.00481507
0.00337376
0.0233695
3.29539e-05
0.00363487
0.0242272
1.19255e-05
0.0999582
0.1
0.0670291
0.00460523
0.00343458
0.0236525
1.94136e-05
0.00352389
0.0239384
0.0999582
0.1
0.0720451
0.00440397
0.099958
0.1
0.0767299
0.00421102
0.0999574
0.1
0.0810156
0.00402605
0.0999556
0.1
0.0848589
0.00384879
0.0999503
0.1
0.088241
0.00367895
0.099935
0.1
0.091165
0.00351625
0.0998909
0.1
0.093652
0.00336043
0.099764
0.1
0.0957359
0.00321121
0.0993986
0.1
0.0974584
0.00306843
0.0983465
0.1
0.0988646
0.00293397
0.0953172
0.1
0.1
0.0028693
0.0953172
0.0724696
0.0953172
0.0550917
0.0953172
0.0424845
0.0953173
0.0339642
0.0953173
0.0288288
0.0953173
0.0264249
0.0953173
0.026213
0.0953173
0.0277871
0.0953173
0.0308537
0.0953173
0.0351905
0.0953173
0.0406042
0.0953173
0.0468955
0.0953173
0.0538388
0.0953173
0.0611782
0.0953173
0.0686406
0.0953173
0.0759592
0.0953173
0.0829009
0.0953173
0.0892868
0.0953174
0.0950032
0.0953173
0.1
0.0953173
0.0953174
0.0953174
0.0953174
0.0953174
0.0953174
0.0953174
0.0953174
0.0953174
0.0953174
0.0953174
0.0953174
0.0953174
0.0953175
0.0953175
0.0953175
0.0953175
0.0953175
0.0953175
0.0953175
END_LIST
