BEGIN_LIST
3.24918e-05
3.23938e-05
3.22961e-05
3.21987e-05
3.21016e-05
3.20048e-05
3.19082e-05
3.18119e-05
3.17158e-05
3.162e-05
3.15243e-05
3.14285e-05
3.13321e-05
3.12337e-05
3.113e-05
3.10124e-05
3.08592e-05
3.06158e-05
3.01437e-05
2.9093e-05
0.000327939
0.000338028
0.000282176
0.000325697
0.000241677
0.000313697
0.000206158
0.000302028
0.000175248
0.000290688
0.000148527
0.000279677
0.000125558
0.000268992
0.00010591
0.000258631
8.91713e-05
0.000248591
7.49607e-05
0.000238867
6.29319e-05
0.000229456
5.27755e-05
0.000220353
4.42192e-05
0.000211553
3.70266e-05
0.00020305
3.09969e-05
0.000194839
2.59664e-05
0.000186913
2.18166e-05
0.000179268
1.84971e-05
0.00017189
1.60848e-05
0.000164539
1.49253e-05
0.000146789
0
1.04689e-05
1.56374e-05
5.13407e-05
0.000197674
0
1.1977e-05
1.15041e-05
4.61863e-05
0.000168911
0
1.31105e-05
1.0147e-05
4.15367e-05
0.000143945
0
1.40234e-05
1.02127e-05
3.73447e-05
0.000122386
0
1.481e-05
1.10665e-05
3.35674e-05
0.000103849
0
1.55283e-05
1.24213e-05
3.01654e-05
8.79709e-05
0
1.62138e-05
1.41588e-05
2.71027e-05
7.44133e-05
0
1.68885e-05
1.62437e-05
2.43465e-05
6.28681e-05
0
1.75664e-05
1.86838e-05
2.18669e-05
5.30591e-05
0
1.82561e-05
2.15107e-05
1.96369e-05
4.47412e-05
0
1.89635e-05
2.4771e-05
1.76316e-05
3.76993e-05
0
1.96923e-05
2.85232e-05
1.58287e-05
3.17459e-05
0
2.04454e-05
3.2836e-05
1.42075e-05
2.67186e-05
0
2.12249e-05
3.77881e-05
1.27484e-05
2.24777e-05
0
2.20324e-05
4.34692e-05
1.14326e-05
1.89033e-05
0
2.28694e-05
4.99804e-05
1.02396e-05
1.58935e-05
0
2.37372e-05
5.7435e-05
9.14393e-06
1.33623e-05
0
2.46373e-05
6.59593e-05
8.1077e-06
1.12385e-05
0
2.55707e-05
7.56932e-05
7.06384e-06
9.46628e-06
0
2.65388e-05
8.67907e-05
5.88108e-06
8.00898e-06
2.58766e-05
5.7808e-06
6.0781e-05
5.59385e-05
3.2092e-05
9.71426e-05
1.70617e-06
2.41968e-05
0
1.87482e-06
2.27221e-05
5.64517e-06
3.77478e-05
7.35903e-05
2.15805e-05
0.000106422
1.65141e-06
1.73655e-05
0
1.81314e-06
1.99475e-05
5.51271e-06
2.33371e-05
8.5724e-05
1.46874e-05
0.000116493
1.5966e-06
1.24494e-05
0
1.82629e-06
1.75083e-05
5.38335e-06
1.43873e-05
9.62085e-05
1.02043e-05
0.000127426
1.54166e-06
8.91803e-06
0
1.86156e-06
1.53647e-05
5.25701e-06
8.85436e-06
0.000106586
7.32389e-06
0.000139285
1.48653e-06
6.38481e-06
0
1.90391e-06
1.34814e-05
5.13362e-06
5.4434e-06
0.000117499
5.5106e-06
0.000152137
1.43113e-06
4.56934e-06
0
1.94907e-06
1.18274e-05
5.01313e-06
3.34424e-06
0.000129244
4.41126e-06
0.000166047
1.37538e-06
3.26915e-06
0
1.99582e-06
1.03751e-05
4.89545e-06
2.05376e-06
0.00014198
3.79413e-06
0.000181082
1.31922e-06
2.33844e-06
0
2.04384e-06
9.10014e-06
4.78052e-06
1.26093e-06
0.000155814
3.50819e-06
0.000197304
1.26255e-06
1.67246e-06
0
2.09306e-06
7.98114e-06
4.66828e-06
7.74049e-07
0.000170833
3.45586e-06
0.000214775
1.20529e-06
1.19602e-06
0
2.14347e-06
6.99916e-06
4.55867e-06
4.75121e-07
0.000187113
3.5751e-06
0.000233555
1.14736e-06
8.55238e-07
0
2.19509e-06
6.13756e-06
4.45163e-06
2.91619e-07
0.000204728
3.82751e-06
0.000253697
1.08865e-06
6.11524e-07
0
2.24796e-06
5.38162e-06
4.34709e-06
1.78983e-07
0.000223746
4.19057e-06
0.000275249
1.02908e-06
4.37243e-07
0
2.3021e-06
4.71833e-06
4.245e-06
1.09849e-07
0.000244227
4.65252e-06
0.000298251
9.68544e-07
3.12623e-07
0
2.35755e-06
4.13596e-06
4.1453e-06
6.74185e-08
0.000266228
5.20914e-06
0.000322733
9.06927e-07
2.23516e-07
0
2.41432e-06
3.62335e-06
4.04793e-06
4.13772e-08
0.000289792
5.86156e-06
0.000348712
8.44121e-07
1.59806e-07
0
2.47246e-06
3.16808e-06
3.95285e-06
2.53958e-08
0.000314954
6.61495e-06
0.000376193
7.80009e-07
1.14258e-07
0
2.532e-06
2.75105e-06
3.86e-06
1.55912e-08
0.000341732
7.47771e-06
0.000405162
7.14468e-07
8.17289e-08
0
2.59297e-06
2.3302e-06
3.76935e-06
9.58667e-09
0.000370128
8.46102e-06
0.00043559
6.47368e-07
5.88148e-08
0
2.6554e-06
1.79019e-06
3.68094e-06
5.94567e-09
0.000400125
9.57858e-06
0.000467425
5.78571e-07
4.56999e-08
0
2.71934e-06
1.04937e-06
3.85294e-07
3.61216e-06
4.11777e-09
0
0
1.12237e-05
3.07221e-06
1.95495e-06
2.77104e-06
5.95041e-07
3.69911e-07
3.56214e-06
3.29046e-09
0
0
1.35498e-05
2.93006e-06
1.40747e-06
2.81006e-06
3.37414e-07
3.55506e-07
3.51281e-06
2.64974e-09
0
0
1.63677e-05
2.79448e-06
1.03281e-06
2.84959e-06
1.91351e-07
3.4219e-07
3.46417e-06
2.16949e-09
0
0
1.97727e-05
2.66516e-06
7.77401e-07
2.88965e-06
1.08553e-07
3.30137e-07
3.41619e-06
1.83839e-09
0
0
2.38809e-05
2.54181e-06
6.0429e-07
2.93026e-06
6.16304e-08
3.19613e-07
3.36888e-06
1.66405e-09
0
0
2.88316e-05
2.42417e-06
4.88019e-07
2.97143e-06
3.50515e-08
3.11015e-07
3.32223e-06
1.68181e-09
0
0
3.47907e-05
2.31196e-06
4.11043e-07
3.01318e-06
2.00125e-08
3.04936e-07
3.27621e-06
1.97142e-09
0
0
4.19541e-05
2.20493e-06
3.61278e-07
3.05551e-06
1.15234e-08
3.02243e-07
3.23083e-06
2.68733e-09
0
0
5.05526e-05
2.10286e-06
3.30404e-07
3.09843e-06
6.75693e-09
3.0421e-07
3.18608e-06
4.11295e-09
0
0
6.08554e-05
2.0055e-06
3.12695e-07
3.14195e-06
0
0
7.31739e-05
1.91264e-06
0
0
8.78651e-05
1.82408e-06
0
0
0.000105332
1.73961e-06
0
0
0.000126024
1.65905e-06
0
0
0.00015043
1.58222e-06
0
0
0.000179064
1.50894e-06
0
0
0.000212454
1.43905e-06
0
0
0.000251104
1.37241e-06
0
0
0.000295458
1.30937e-06
0
0
0.000345844
1.26418e-06
0
0.000257225
0
0.000167176
0
0.000108245
0
7.1022e-05
0
4.83639e-05
0
3.53421e-05
0
2.87584e-05
0
2.66444e-05
0
2.78725e-05
0
3.18881e-05
0
3.85382e-05
0
4.79679e-05
0
6.05637e-05
0
7.69237e-05
0
9.78447e-05
0
0.000124312
0
0.000157479
0
0.000198626
0
0.000249079
0
0.000310061
0
0
0
0
0
0
0
0
0
0
0
0
0
0
0
0
0
0
0
0
END_LIST
