BEGIN_LIST
0.000250305
0.000249692
0.00024908
0.000248469
0.000247859
0.000247251
0.000246643
0.000246036
0.000245431
0.000244826
0.000244222
0.000243618
0.000243012
0.0002424
0.00024177
0.000241095
0.000240303
0.000239216
0.000237379
0.000233641
0.00123267
0.0012343
0.00120936
0.00122972
0.00118149
0.00122495
0.00114859
0.00121997
0.00111029
0.00121479
0.0010664
0.0012094
0.00101695
0.00120378
0.000962251
0.00119794
0.000902919
0.00119186
0.00083985
0.00118554
0.00077418
0.00117898
0.000707207
0.00117216
0.000640305
0.00116509
0.000574842
0.00115775
0.000512147
0.00115014
0.000453576
0.00114226
0.000400784
0.0011341
0.000356426
0.00112563
0.00032576
0.00111635
0.000320006
0.00108535
0
0.000237092
0.000360339
0.000597026
0.0012246
0
0.000263469
0.000309273
0.000559293
0.00120081
0
0.000282991
0.000299546
0.000522417
0.00117265
0
0.000298492
0.000312839
0.000486599
0.0011397
0
0.000311644
0.00033913
0.000452008
0.00110166
0
0.00032345
0.000373291
0.000418787
0.0010584
0
0.000334512
0.000412723
0.000387051
0.00100999
0
0.000345196
0.000456045
0.000356883
0.000956746
0
0.000355722
0.00050242
0.00032834
0.000899237
0
0.000366224
0.000551221
0.000301453
0.000838288
0
0.000376782
0.000601874
0.000276227
0.000774919
0
0.000387444
0.000653794
0.000252647
0.000710282
0
0.000398238
0.000706357
0.000230673
0.000645569
0
0.000409179
0.000758917
0.000210242
0.000581919
0
0.000420274
0.000810814
0.000191257
0.000520309
0
0.000431528
0.000861411
0.000173564
0.000461443
0
0.000442938
0.000910117
0.000156898
0.000405575
0
0.000454503
0.000956415
0.000140768
0.000352177
0
0.000466219
0.000999884
0.000124192
0.000299177
0
0.000478081
0.00104021
0.000105117
0.000241109
0.000528958
0.00013965
0.00087869
0.000803949
0.000555879
0.0010713
3.15565e-05
0.000392054
0
5.396e-05
0.000485422
0.000136696
0.000689407
0.00092606
0.000407505
0.00109467
3.05737e-05
0.000302397
0
4.86349e-05
0.00044368
0.000133798
0.000506754
0.000986434
0.000293823
0.00111643
2.95887e-05
0.000229006
0
4.78777e-05
0.000403986
0.000130955
0.000352645
0.00102531
0.0002117
0.00113662
2.86005e-05
0.000170925
0
4.84489e-05
0.000366526
0.000128166
0.000235394
0.00105535
0.000155021
0.00115529
2.76076e-05
0.000126152
0
4.9418e-05
0.000331428
0.00012543
0.000152569
0.00108105
0.000117485
0.00117249
2.6609e-05
9.23208e-05
0
5.05187e-05
0.000298762
0.000122747
9.69466e-05
0.0011041
9.37866e-05
0.00118828
2.56032e-05
6.71367e-05
0
5.16754e-05
0.000268544
0.000120116
6.08141e-05
0.00112516
7.98933e-05
0.00120273
2.45889e-05
4.85958e-05
0
5.28669e-05
0.000240749
0.000117536
3.78368e-05
0.00114454
7.29156e-05
0.0012159
2.35646e-05
3.50559e-05
0
5.40873e-05
0.000215313
0.000115006
2.34201e-05
0.00116236
7.08643e-05
0.00122788
2.25288e-05
2.52261e-05
0
5.53355e-05
0.000192144
0.000112526
1.44501e-05
0.00117873
7.24112e-05
0.00123874
2.14799e-05
1.81202e-05
0
5.66114e-05
0.000171129
0.000110095
8.89799e-06
0.00119373
7.6695e-05
0.00124857
2.04162e-05
1.29992e-05
0
5.79156e-05
0.000152139
0.000107711
5.47243e-06
0.00120744
8.31773e-05
0.00125743
1.93359e-05
9.3168e-06
0
5.92484e-05
0.000135033
0.000105375
3.36312e-06
0.00121993
9.15405e-05
0.00126541
1.82372e-05
6.67313e-06
0
6.06105e-05
0.00011966
0.000103086
2.06587e-06
0.00123129
0.000101617
0.00127259
1.71182e-05
4.77732e-06
0
6.20025e-05
0.000105843
0.000100842
1.26866e-06
0.00124159
0.00011334
0.00127902
1.59768e-05
3.41895e-06
0
6.34249e-05
9.33338e-05
9.86436e-05
7.78988e-07
0.00125091
0.000126713
0.00128478
1.48109e-05
2.4463e-06
0
6.48783e-05
8.16611e-05
9.64895e-05
4.78398e-07
0.00125933
0.000141784
0.00128993
1.36183e-05
1.75084e-06
0
6.63634e-05
6.96468e-05
9.43796e-05
2.94232e-07
0.00126693
0.000158634
0.00129453
1.23964e-05
1.26054e-06
0
6.78806e-05
5.38954e-05
9.23149e-05
1.82523e-07
0.00127376
0.000177358
0.00129863
1.11429e-05
9.79758e-07
0
6.94307e-05
3.18763e-05
1.17822e-05
9.07046e-05
1.26431e-07
0
0
0.000204084
5.83865e-05
3.77555e-05
7.06817e-05
1.81829e-05
1.13078e-05
8.95308e-05
1.01041e-07
0
0
0.000240342
5.57927e-05
2.79647e-05
7.16243e-05
1.03457e-05
1.08591e-05
8.83713e-05
8.13778e-08
0
0
0.000281936
5.33094e-05
2.12527e-05
7.25777e-05
5.87868e-06
1.04378e-05
8.72257e-05
6.66414e-08
0
0
0.000329056
5.09325e-05
1.66898e-05
7.35425e-05
3.3388e-06
1.00469e-05
8.60939e-05
5.64873e-08
0
0
0.000381749
4.86577e-05
1.36231e-05
7.45191e-05
1.89687e-06
9.69097e-06
8.49759e-05
5.11531e-08
0
0
0.000439841
4.64809e-05
1.15966e-05
7.55077e-05
1.07927e-06
9.37712e-06
8.38715e-05
5.17303e-08
0
0
0.000502888
4.43983e-05
1.02935e-05
7.65087e-05
6.16361e-07
9.11598e-06
8.27805e-05
6.0677e-08
0
0
0.000570127
4.2406e-05
9.49426e-06
7.7522e-05
3.54957e-07
8.92333e-06
8.17028e-05
8.27527e-08
0
0
0.000640478
4.05004e-05
9.04701e-06
7.8548e-05
2.08145e-07
8.82237e-06
8.06382e-05
1.26688e-07
0
0
0.000712573
3.8678e-05
8.84708e-06
7.95866e-05
0
0
0.000784835
3.69353e-05
0
0
0.000855597
3.5269e-05
0
0
0.000923248
3.36761e-05
0
0
0.000986373
3.21534e-05
0
0
0.00104388
3.06979e-05
0
0
0.00109505
2.93069e-05
0
0
0.00113958
2.79777e-05
0
0
0.00117753
2.67078e-05
0
0
0.00120928
2.55043e-05
0
0
0.00123537
2.46407e-05
0
0.00113682
0
0.000963356
0
0.000768819
0
0.000592479
0
0.000457904
0
0.00037095
0
0.000327183
0
0.000318968
0
0.000339182
0
0.000382292
0
0.000444128
0
0.000521199
0
0.000610019
0
0.000706631
0
0.000806465
0
0.00090457
0
0.000996176
0
0.00107737
0
0.00114567
0
0.00120024
0
0
0
0
0
0
0
0
0
0
0
0
0
0
0
0
0
0
0
0
END_LIST
