BEGIN_LIST
0.000369177
0.000368373
0.00036757
0.000366768
0.000365968
0.000365168
0.000364369
0.000363571
0.000362774
0.000361978
0.000361182
0.000360386
0.000359589
0.000358786
0.000357966
0.000357104
0.000356134
0.000354888
0.000352944
0.000349231
0.00130992
0.00130962
0.00130455
0.00130858
0.00129781
0.00130749
0.00128941
0.00130635
0.00127896
0.00130515
0.00126606
0.00130389
0.00125021
0.00130258
0.0012309
0.00130119
0.0012076
0.00129974
0.00117977
0.00129822
0.00114696
0.00129663
0.00110881
0.00129496
0.00106518
0.00129321
0.00101622
0.00129138
0.000962537
0.00128946
0.000905397
0.00128745
0.00084725
0.00128534
0.000792789
0.00128313
0.000751217
0.00128064
0.000740249
0.00127084
0
0.000565771
0.000840224
0.000896571
0.00131941
0
0.00059354
0.000818909
0.000860864
0.00131667
0
0.000615458
0.000832245
0.000824073
0.00131325
0
0.000633898
0.000863821
0.000786421
0.00130897
0
0.00065025
0.000903604
0.000748148
0.00130363
0
0.000665341
0.000946039
0.000709507
0.001297
0
0.000679665
0.000988149
0.000670759
0.00128879
0
0.000693515
0.00102835
0.000632162
0.00127866
0
0.000707067
0.00106581
0.000593966
0.00126623
0
0.000720422
0.00110013
0.000556409
0.00125106
0
0.00073364
0.00113115
0.000519704
0.00123267
0
0.000746752
0.00115887
0.000484041
0.00121055
0
0.000759774
0.00118341
0.000449573
0.00118416
0
0.000772711
0.00120496
0.000416404
0.00115293
0
0.000785564
0.00122373
0.000384571
0.0011162
0
0.000798329
0.00123998
0.00035399
0.001073
0
0.000810999
0.00125396
0.00032436
0.00102153
0
0.000823569
0.00126594
0.000294932
0.000957611
0
0.00083603
0.00127614
0.000264018
0.000870569
0
0.000848376
0.00128481
0.000227873
0.000730351
0.00104389
0.00037319
0.00122959
0.00116132
0.000945539
0.00129103
7.15237e-05
0.00074456
0
0.000183136
0.00100924
0.000366779
0.00113873
0.00122915
0.00076456
0.00129543
6.93985e-05
0.000622305
0
0.000154179
0.000972037
0.000360438
0.00100146
0.00125434
0.000596719
0.00129935
6.7268e-05
0.000505118
0
0.000147924
0.000932433
0.000354167
0.000825836
0.00126736
0.000458589
0.00130284
6.51298e-05
0.000399296
0
0.000148348
0.000890667
0.000347967
0.000636046
0.00127588
0.000354781
0.00130594
6.29813e-05
0.000308556
0
0.000150737
0.000847038
0.000341839
0.000460059
0.00128238
0.000282483
0.00130869
6.08198e-05
0.000234024
0
0.00015373
0.000801911
0.000335783
0.000316151
0.00128779
0.00023592
0.00131114
5.86426e-05
0.000174878
0
0.00015694
0.000755698
0.0003298
0.000209131
0.00129247
0.000209072
0.00131331
5.64467e-05
0.000129187
0
0.000160255
0.000708846
0.000323889
0.000134713
0.00129659
0.000196857
0.00131524
5.42291e-05
9.46073e-05
0
0.000163644
0.00066182
0.000318052
8.52556e-05
0.00130026
0.000195406
0.00131695
5.19866e-05
6.88348e-05
0
0.000167099
0.000615084
0.000312288
5.33425e-05
0.00130353
0.000201956
0.00131847
4.97157e-05
4.98438e-05
0
0.000170617
0.000569083
0.000306598
3.31343e-05
0.00130645
0.000214611
0.00131981
4.74129e-05
3.5966e-05
0
0.000174199
0.000524222
0.000300982
2.04887e-05
0.00130906
0.00023211
0.001321
4.50745e-05
2.58862e-05
0
0.000177845
0.000480851
0.00029544
1.26335e-05
0.00131138
0.000253627
0.00132205
4.26965e-05
1.85971e-05
0
0.000181555
0.000439233
0.000289971
7.77644e-06
0.00131345
0.000278632
0.00132299
4.02747e-05
1.33428e-05
0
0.000185331
0.000399476
0.000284578
4.7816e-06
0.0013153
0.00030678
0.00132381
3.78047e-05
9.56384e-06
0
0.000189173
0.000361332
0.000279258
2.93833e-06
0.00131695
0.000337836
0.00132454
3.5282e-05
6.85072e-06
0
0.000193082
0.000323592
0.000274013
1.80539e-06
0.00131842
0.000371621
0.00132519
3.27016e-05
4.90709e-06
0
0.000197058
0.000282171
0.000268844
1.11077e-06
0.00131972
0.000407974
0.00132576
3.00583e-05
3.53495e-06
0
0.000201102
0.000223862
0.000263753
6.89361e-07
0.00132088
0.000446724
0.00132627
2.73467e-05
2.74854e-06
0
0.000205214
0.000136665
5.17586e-05
0.000259763
4.7788e-07
0
0
0.000499104
0.000140598
9.36452e-05
0.000208519
7.95768e-05
4.96998e-05
0.000256843
3.82397e-07
0
0
0.000565416
0.000134727
7.325e-05
0.000211001
4.58157e-05
4.77348e-05
0.000253947
3.08811e-07
0
0
0.000635152
0.000129075
5.93281e-05
0.000213504
2.62092e-05
4.58663e-05
0.000251077
2.54322e-07
0
0
0.000706843
0.000123637
4.99974e-05
0.000216029
1.49415e-05
4.40996e-05
0.000248232
2.18013e-07
0
0
0.000778869
0.000118406
4.39016e-05
0.000218578
8.50536e-06
4.24436e-05
0.000245412
2.01455e-07
0
0
0.000849542
0.000113377
4.00778e-05
0.000221151
4.84287e-06
4.09129e-05
0.000242617
2.09955e-07
0
0
0.000917235
0.000108542
3.78491e-05
0.000223749
2.76456e-06
3.95295e-05
0.000239847
2.54886e-07
0
0
0.000980519
0.000103897
3.67431e-05
0.00022637
1.58883e-06
3.83272e-05
0.000237102
3.57901e-07
0
0
0.00103828
9.94346e-05
3.64317e-05
0.000229016
9.27064e-07
3.73555e-05
0.000234382
5.58447e-07
0
0
0.00108978
9.51497e-05
3.66879e-05
0.000231687
0
0
0.00113469
9.10363e-05
0
0
0.00117306
8.70886e-05
0
0
0.00120521
8.3301e-05
0
0
0.00123171
7.9668e-05
0
0
0.00125322
7.6184e-05
0
0
0.00127045
7.28438e-05
0
0
0.00128409
6.96422e-05
0
0
0.0012948
6.65749e-05
0
0
0.00130314
6.366e-05
0
0
0.00130959
6.15643e-05
0
0.00126941
0
0.00117457
0
0.00103358
0
0.000876404
0
0.000738802
0
0.000643698
0
0.00059759
0
0.00059623
0
0.00063089
0
0.000691939
0
0.000770186
0
0.000857214
0
0.000945559
0
0.00102902
0
0.00110305
0
0.00116503
0
0.00121421
0
0.00125134
0
0.00127814
0
0.00129673
0
0
0
0
0
0
0
0
0
0
0
0
0
0
0
0
0
0
0
0
END_LIST
