BEGIN_LIST
0.00038601
0.000385184
0.000384359
0.000383536
0.000382713
0.000381891
0.00038107
0.00038025
0.000379431
0.000378613
0.000377795
0.000376977
0.000376158
0.000375332
0.000374491
0.000373608
0.000372618
0.000371358
0.000369413
0.00036573
0.00131423
0.00131391
0.00130998
0.00131308
0.00130464
0.00131222
0.00129795
0.00131131
0.00128961
0.00131036
0.00127923
0.00130936
0.00126641
0.00130831
0.00125066
0.00130722
0.00123148
0.00130606
0.00120832
0.00130485
0.00118066
0.00130359
0.00114805
0.00130226
0.00111016
0.00130086
0.00106692
0.0012994
0.00101863
0.00129787
0.000966262
0.00129627
0.000911947
0.00129458
0.000860105
0.00129282
0.000819664
0.00129082
0.000807884
0.00128281
0
0.000622884
0.000912581
0.00093185
0.00132269
0
0.000647919
0.000899496
0.00089748
0.0013208
0
0.000668225
0.0009155
0.000861824
0.00131841
0
0.000685695
0.000946231
0.000825078
0.00131543
0
0.000701445
0.000982996
0.000787464
0.0013117
0
0.000716139
0.00102106
0.000749221
0.00130704
0
0.000730174
0.00105795
0.000710602
0.00130125
0
0.000743787
0.00109245
0.000671867
0.00129405
0
0.000757116
0.00112399
0.000633274
0.00128514
0
0.000770245
0.00115239
0.000595072
0.00127417
0
0.000783218
0.00117764
0.000557496
0.00126073
0
0.000796061
0.00119987
0.000520757
0.00124433
0
0.000808784
0.00121929
0.000485035
0.00122446
0
0.000821391
0.00123613
0.000450461
0.00120048
0
0.000833881
0.00125065
0.000417096
0.0011716
0
0.000846251
0.0012631
0.000384876
0.00113665
0
0.000858494
0.00127372
0.000353503
0.00109345
0
0.000870605
0.00128275
0.000322204
0.00103722
0
0.000882578
0.0012904
0.000289202
0.000955944
0
0.000894405
0.00129686
0.000250519
0.00081509
0.00110421
0.00041927
0.00125371
0.00119135
0.000990491
0.00130147
7.93149e-05
0.000797937
0
0.000213442
0.00107479
0.0004124
0.00117951
0.00125016
0.000812906
0.00130473
7.69861e-05
0.000675942
0
0.000178874
0.0010427
0.000405594
0.00106046
0.00127115
0.000642965
0.00130762
7.46516e-05
0.000555643
0
0.000171236
0.00100795
0.000398853
0.000897718
0.00128168
0.000500043
0.00131019
7.23087e-05
0.00044421
0
0.000171559
0.000970644
0.000392178
0.000710023
0.00128844
0.000391117
0.00131246
6.99548e-05
0.000346553
0
0.00017422
0.000930948
0.00038557
0.000525748
0.00129353
0.000314672
0.00131448
6.75868e-05
0.00026489
0
0.000177599
0.000889097
0.000379029
0.000368037
0.00129773
0.000265372
0.00131628
6.52018e-05
0.000199157
0
0.000181228
0.000845396
0.000372556
0.000246744
0.00130134
0.000237168
0.00131787
6.27967e-05
0.000147816
0
0.000184977
0.00080021
0.000366153
0.00016041
0.00130452
0.000224763
0.00131927
6.03681e-05
0.000108633
0
0.000188806
0.000753952
0.000359819
0.000102134
0.00130734
0.000224044
0.00132052
5.79125e-05
7.92482e-05
0
0.000192706
0.000707072
0.000353556
6.41511e-05
0.00130984
0.000232032
0.00132163
5.54261e-05
5.74953e-05
0
0.000196675
0.000660034
0.000347364
3.99458e-05
0.00131208
0.000246657
0.00132261
5.29053e-05
4.15458e-05
0
0.000200712
0.000613296
0.000341243
2.47383e-05
0.00131407
0.000266521
0.00132347
5.03458e-05
2.99329e-05
0
0.000204818
0.000567286
0.000335195
1.52684e-05
0.00131585
0.000290693
0.00132424
4.77435e-05
2.15202e-05
0
0.000208992
0.000522359
0.000329219
9.40379e-06
0.00131743
0.000318553
0.00132492
4.50936e-05
1.54482e-05
0
0.000213236
0.00047871
0.000323316
5.78432e-06
0.00131884
0.000349677
0.00132552
4.23916e-05
1.10772e-05
0
0.00021755
0.000436127
0.000317486
3.55529e-06
0.00132009
0.000383753
0.00132605
3.96322e-05
7.93697e-06
0
0.000221934
0.000393248
0.000311731
2.18478e-06
0.00132121
0.000420525
0.00132651
3.68103e-05
5.68628e-06
0
0.000226389
0.000345229
0.00030605
1.34432e-06
0.0013222
0.000459754
0.00132693
3.39201e-05
4.09685e-06
0
0.000230916
0.000276074
0.00030045
8.34412e-07
0.00132308
0.000501184
0.0013273
3.09556e-05
3.1857e-06
0
0.000235514
0.000170307
6.50317e-05
0.000296055
5.78562e-07
0
0
0.000556536
0.000158506
0.000106321
0.000239206
9.98471e-05
6.24633e-05
0.000292835
4.63131e-07
0
0
0.000625603
0.000151979
8.42473e-05
0.000241977
5.77155e-05
6.0008e-05
0.00028964
3.74298e-07
0
0
0.000696966
0.00014569
6.92146e-05
0.000244769
3.3092e-05
5.76686e-05
0.000286471
3.08752e-07
0
0
0.000768959
0.00013963
5.9191e-05
0.000247584
1.88896e-05
5.54506e-05
0.000283327
2.65516e-07
0
0
0.000839867
0.000133795
5.27054e-05
0.000250424
1.07603e-05
5.33636e-05
0.000280209
2.46728e-07
0
0
0.00090803
0.000128179
4.871e-05
0.000253289
6.12867e-06
5.14233e-05
0.000277116
2.59225e-07
0
0
0.000971976
0.000122775
4.64668e-05
0.000256179
3.49849e-06
4.96537e-05
0.000274049
3.17503e-07
0
0
0.00103054
0.000117577
4.54598e-05
0.000259094
2.00977e-06
4.80914e-05
0.000271007
4.49053e-07
0
0
0.00108292
0.000112579
4.53306e-05
0.000262034
1.17134e-06
4.67905e-05
0.000267991
7.03883e-07
0
0
0.00112874
0.000107776
4.58311e-05
0.000265
0
0
0.00116799
0.000103161
0
0
0.00120098
9.8728e-05
0
0
0.00122822
9.44714e-05
0
0
0.00125038
9.03852e-05
0
0
0.00126816
8.64639e-05
0
0
0.00128227
8.27017e-05
0
0
0.00129336
7.90932e-05
0
0
0.001302
7.56338e-05
0
0
0.00130869
7.23443e-05
0
0
0.00131384
6.99781e-05
0
0.0012794
0
0.0011948
0
0.0010642
0
0.000914418
0
0.00078076
0
0.000687556
0
0.000642754
0
0.000642758
0
0.000678728
0
0.000740508
0
0.000818301
0
0.000903258
0
0.000987808
0
0.00106602
0
0.0011339
0
0.00118953
0
0.00123275
0
0.00126477
0
0.00128748
0
0.00130299
0
0
0
0
0
0
0
0
0
0
0
0
0
0
0
0
0
0
0
0
END_LIST
