BEGIN_LIST
0.000215409
0.000214864
0.00021432
0.000213777
0.000213235
0.000212695
0.000212155
0.000211616
0.000211079
0.000210542
0.000210006
0.000209469
0.000208931
0.000208387
0.000207825
0.000207218
0.000206497
0.000205483
0.000203727
0.000200091
0.00118149
0.00118479
0.00114836
0.00117814
0.0011098
0.00117124
0.00106562
0.00116408
0.00101587
0.00115665
0.000960881
0.00114895
0.000901273
0.00114097
0.000837958
0.00113271
0.00077208
0.00112416
0.000704937
0.00111532
0.000637879
0.00110619
0.000572209
0.00109676
0.000509102
0.00108703
0.000449556
0.00107699
0.000394399
0.00106666
0.000344382
0.00105601
0.000300426
0.00104506
0.000264185
0.00103379
0.000239299
0.00102157
0.000234054
0.00098291
0
0.000172365
0.000260847
0.000498016
0.00114712
0
0.000193735
0.000215499
0.000462967
0.00111003
0
0.000209538
0.000204536
0.000429253
0.00106772
0
0.000222071
0.000212421
0.000396997
0.00102021
0
0.000232701
0.000231019
0.000366292
0.000967785
0
0.000242251
0.000256318
0.000337203
0.00091096
0
0.00025122
0.000286408
0.000309768
0.000850521
0
0.00025991
0.000320385
0.000284003
0.00078746
0
0.000268505
0.000357798
0.000259901
0.000722917
0
0.000277119
0.000398373
0.000237434
0.000658101
0
0.00028582
0.00044187
0.000216562
0.000594193
0
0.000294651
0.000488018
0.000197228
0.000532277
0
0.000303637
0.000536476
0.000179362
0.000473265
0
0.000312793
0.000586819
0.000162879
0.000417858
0
0.000322128
0.000638542
0.000147672
0.000366518
0
0.000331648
0.000691071
0.000133594
0.000319445
0
0.000341355
0.000743778
0.000120414
0.000276532
0
0.00035125
0.000796012
0.000107729
0.000237233
0
0.000361332
0.00084713
9.47551e-05
0.000200226
0
0.0003716
0.000896521
7.98797e-05
0.000162546
0.000396332
9.94419e-05
0.000723879
0.000660484
0.000436452
0.000935967
2.37712e-05
0.000305721
0
3.65442e-05
0.000359314
9.72712e-05
0.000537848
0.000782951
0.000312642
0.000966528
2.30255e-05
0.000231643
0
3.35877e-05
0.000324681
9.51443e-05
0.000377508
0.000848367
0.000221673
0.000995703
2.22783e-05
0.000172962
0
3.32837e-05
0.000292492
9.30606e-05
0.000253577
0.000893314
0.000157786
0.00102343
2.15286e-05
0.000127694
0
3.37522e-05
0.000262753
9.10193e-05
0.000165065
0.000929865
0.000114509
0.00104965
2.07757e-05
9.34701e-05
0
3.44543e-05
0.000235429
8.90196e-05
0.000105186
0.000962355
8.61897e-05
0.00107434
2.00184e-05
6.79837e-05
0
3.52362e-05
0.000210451
8.70609e-05
6.61037e-05
0.000992375
6.84367e-05
0.00109748
1.92558e-05
4.92147e-05
0
3.60542e-05
0.000187722
8.51425e-05
4.11753e-05
0.0010205
5.80609e-05
0.00111906
1.84867e-05
3.55053e-05
0
3.6896e-05
0.000167123
8.32636e-05
2.55049e-05
0.00104692
5.28395e-05
0.00113911
1.77103e-05
2.55511e-05
0
3.77585e-05
0.000148526
8.14236e-05
1.57434e-05
0.00107171
5.12695e-05
0.00115764
1.69251e-05
1.83544e-05
0
3.86409e-05
0.000131792
7.96218e-05
9.69705e-06
0.00109488
5.23595e-05
0.00117473
1.61301e-05
1.31676e-05
0
3.95435e-05
0.000116778
7.78574e-05
5.96487e-06
0.00111647
5.54733e-05
0.0011904
1.53239e-05
9.43772e-06
0
4.04666e-05
0.000103344
7.61298e-05
3.66612e-06
0.0011365
6.0218e-05
0.00120474
1.45053e-05
6.75983e-06
0
4.14106e-05
9.13493e-05
7.44384e-05
2.25213e-06
0.00115501
6.63663e-05
0.00121782
1.36728e-05
4.83944e-06
0
4.23759e-05
8.06537e-05
7.27824e-05
1.38308e-06
0.00117206
7.38037e-05
0.0012297
1.2825e-05
3.46341e-06
0
4.33629e-05
7.11086e-05
7.11613e-05
8.4922e-07
0.00118772
8.24933e-05
0.00124048
1.19603e-05
2.47803e-06
0
4.43722e-05
6.25235e-05
6.95743e-05
5.21392e-07
0.00120204
9.2452e-05
0.00125021
1.10771e-05
1.77275e-06
0
4.54042e-05
5.45633e-05
6.80211e-05
3.20182e-07
0.00121511
0.000103734
0.001259
1.01737e-05
1.26862e-06
0
4.64593e-05
4.64256e-05
6.65013e-05
1.96915e-07
0.00122701
0.000116422
0.0012669
9.24823e-06
9.13271e-07
0
4.75381e-05
3.58353e-05
6.50154e-05
1.22149e-07
0.00123781
0.000130615
0.001274
8.29888e-06
7.09804e-07
0
4.8641e-05
2.11283e-05
7.79103e-06
6.38574e-05
8.46049e-08
0
0
0.000151053
4.36377e-05
2.80888e-05
4.95317e-05
1.20273e-05
7.47778e-06
6.3014e-05
6.76079e-08
0
0
0.000179105
4.16783e-05
2.06332e-05
5.02032e-05
6.83529e-06
7.18214e-06
6.21812e-05
5.44398e-08
0
0
0.000211776
3.98043e-05
1.55228e-05
5.08826e-05
3.88142e-06
6.90551e-06
6.13589e-05
4.45625e-08
0
0
0.000249445
3.80122e-05
1.20446e-05
5.15704e-05
2.20364e-06
6.65014e-06
6.05469e-05
3.77401e-08
0
0
0.000292433
3.62985e-05
9.7001e-06
5.2267e-05
1.25171e-06
6.41961e-06
5.97452e-05
3.41229e-08
0
0
0.000340943
3.46602e-05
8.14243e-06
5.29725e-05
7.12135e-07
6.21932e-06
5.89537e-05
3.44256e-08
0
0
0.000394996
3.30939e-05
7.13103e-06
5.36871e-05
4.06707e-07
6.05738e-06
5.81722e-05
4.02655e-08
0
0
0.000454375
3.15968e-05
6.49947e-06
5.44109e-05
2.34261e-07
5.94574e-06
5.74005e-05
5.47792e-08
0
0
0.000518568
3.01659e-05
6.13283e-06
5.5144e-05
1.3743e-07
5.90199e-06
5.66387e-05
8.37234e-08
0
0
0.000586741
2.87984e-05
5.95185e-06
5.58866e-05
0
0
0.000657743
2.74917e-05
0
0
0.000730144
2.62431e-05
0
0
0.000802332
2.50501e-05
0
0
0.000872632
2.39105e-05
0
0
0.00093946
2.28218e-05
0
0
0.00100146
2.17818e-05
0
0
0.00105761
2.07886e-05
0
0
0.0011073
1.98402e-05
0
0
0.00115031
1.89418e-05
0
0
0.00118679
1.82973e-05
0
0.00106726
0
0.00087445
0
0.000675994
0
0.000506723
0
0.000382541
0
0.000303898
0
0.000264124
0
0.000255378
0
0.000271238
0
0.0003072
0
0.000360258
0
0.000428222
0
0.000509025
0
0.000600161
0
0.000698326
0
0.000799369
0
0.000898584
0
0.000991297
0
0.0010736
0
0.00114295
0
0
0
0
0
0
0
0
0
0
0
0
0
0
0
0
0
0
0
0
END_LIST
