BEGIN_LIST
0.000121027
0.000120694
0.000120361
0.00012003
0.000119699
0.000119369
0.00011904
0.000118711
0.000118383
0.000118056
0.00011773
0.000117403
0.000117074
0.000116741
0.000116393
0.000116008
0.00011553
0.000114811
0.000113486
0.000110624
0.000905438
0.000916201
0.000841296
0.000901791
0.000774606
0.000887146
0.000706699
0.000872278
0.000638953
0.000857199
0.00057268
0.000841925
0.000509041
0.00082647
0.000448978
0.000810849
0.000393184
0.00079508
0.000342095
0.000779179
0.000295917
0.000763163
0.000254656
0.000747052
0.000218166
0.000730862
0.0001862
0.000714614
0.000158459
0.000698326
0.000134662
0.000682018
0.000114642
0.000665707
9.85511e-05
0.000649398
8.72738e-05
0.000632425
8.33853e-05
0.000586156
0
6.00453e-05
8.99662e-05
0.000239764
0.000747227
0
6.8565e-05
6.88509e-05
0.000218657
0.000681764
0
7.49087e-05
6.23861e-05
0.000199117
0.000616886
0
7.9971e-05
6.36159e-05
0.000181077
0.000553732
0
8.4294e-05
6.91678e-05
0.000164468
0.000493288
0
8.8208e-05
7.74813e-05
0.000149212
0.000436341
0
9.19154e-05
8.78894e-05
0.00013523
0.00038346
0
9.55404e-05
0.000100163
0.000122442
0.000334994
0
9.91603e-05
0.000114287
0.000110767
0.000291095
0
0.000102823
0.000130354
0.000100125
0.000251747
0
0.00010656
0.000148511
9.04397e-05
0.000216805
0
0.00011039
0.00016893
8.16351e-05
0.000186024
0
0.000114327
0.00019179
7.36378e-05
0.0001591
0
0.000118381
0.000217265
6.6375e-05
0.000135691
0
0.000122559
0.000245517
5.97704e-05
0.000115442
0
0.000126866
0.000276676
5.37364e-05
9.79981e-05
0
0.000131307
0.000310837
4.81558e-05
8.30089e-05
0
0.000135885
0.000348038
4.28432e-05
7.01266e-05
0
0.000140606
0.000388254
3.74604e-05
5.89813e-05
0
0.000145472
0.00043138
3.13329e-05
4.91179e-05
0.000145146
3.3548e-05
0.000316417
0.000289537
0.000174224
0.000469276
9.17123e-06
0.000125843
0
1.13168e-05
0.000128734
3.27785e-05
0.000209
0.000366794
0.00011949
0.000501327
8.87981e-06
9.20476e-05
0
1.07758e-05
0.000114023
3.20262e-05
0.000134487
0.000415418
8.22716e-05
0.000534309
8.58791e-06
6.69122e-05
0
1.0801e-05
0.000100871
3.12907e-05
8.50512e-05
0.000454072
5.74601e-05
0.000568124
8.29516e-06
4.84192e-05
0
1.09925e-05
8.91391e-05
3.05718e-05
5.31892e-05
0.000489576
4.12331e-05
0.000602646
8.00121e-06
3.49208e-05
0
1.12359e-05
7.86964e-05
2.98691e-05
3.30288e-05
0.000524457
3.08695e-05
0.000637723
7.70566e-06
2.51247e-05
0
1.14985e-05
6.94179e-05
2.91821e-05
2.04191e-05
0.0005596
2.44909e-05
0.000673183
7.40813e-06
1.8045e-05
0
1.17713e-05
6.11871e-05
2.85106e-05
1.25889e-05
0.000595243
2.08277e-05
0.000708844
7.1082e-06
1.2944e-05
0
1.20516e-05
5.38961e-05
2.78543e-05
7.74816e-06
0.000631361
1.90354e-05
0.00074451
6.80543e-06
9.27656e-06
0
1.23388e-05
4.74459e-05
2.72128e-05
4.76381e-06
0.000667817
1.85602e-05
0.000779983
6.49937e-06
6.64389e-06
0
1.26329e-05
4.17457e-05
2.65857e-05
2.92705e-06
0.000704427
1.90454e-05
0.000815064
6.18955e-06
4.75615e-06
0
1.2934e-05
3.67134e-05
2.59728e-05
1.79777e-06
0.000740984
2.02667e-05
0.000849558
5.87546e-06
3.40364e-06
0
1.32422e-05
3.22741e-05
2.53738e-05
1.1039e-06
0.000777276
2.20895e-05
0.000883279
5.5566e-06
2.43516e-06
0
1.35576e-05
2.83602e-05
2.47884e-05
6.77741e-07
0.000813089
2.44398e-05
0.000916057
5.23242e-06
1.74196e-06
0
1.38805e-05
2.49093e-05
2.42162e-05
4.16061e-07
0.000848218
2.72854e-05
0.000947733
4.90234e-06
1.24593e-06
0
1.4211e-05
2.18603e-05
2.3657e-05
2.55406e-07
0.000882472
3.06233e-05
0.000978172
4.56576e-06
8.91073e-07
0
1.45493e-05
1.91431e-05
2.31105e-05
1.56787e-07
0.000915676
3.44723e-05
0.00100726
4.22206e-06
6.37265e-07
0
1.48956e-05
1.66459e-05
2.25764e-05
9.62715e-08
0.000947675
3.8867e-05
0.00103491
3.87058e-06
4.55937e-07
0
1.525e-05
1.4117e-05
2.20547e-05
5.92038e-08
0.000978339
4.38553e-05
0.00106104
3.51062e-06
3.28172e-07
0
1.56127e-05
1.08598e-05
2.15454e-05
3.67229e-08
0.00100756
4.94963e-05
0.00108562
3.14145e-06
2.55031e-07
0
1.5984e-05
6.37599e-06
2.34371e-06
2.1149e-05
2.54346e-08
0
0
5.77412e-05
1.66265e-05
1.06183e-05
1.62841e-05
3.61936e-06
2.24999e-06
2.08606e-05
2.03242e-08
0
0
6.92855e-05
1.58654e-05
7.69209e-06
1.65105e-05
2.05364e-06
2.16198e-06
2.05761e-05
1.63647e-08
0
0
8.30885e-05
1.51387e-05
5.68804e-06
1.67398e-05
1.1651e-06
2.08025e-06
2.02954e-05
1.33943e-08
0
0
9.95066e-05
1.4445e-05
4.3221e-06
1.69721e-05
6.61131e-07
2.00573e-06
2.00185e-05
1.13417e-08
0
0
0.000118944
1.37827e-05
3.39755e-06
1.72075e-05
3.75424e-07
1.93983e-06
1.97453e-05
1.02515e-08
0
0
0.000141842
1.31506e-05
2.77835e-06
1.74461e-05
2.13554e-07
1.88469e-06
1.94757e-05
1.03377e-08
0
0
0.000168668
1.25471e-05
2.37053e-06
1.76879e-05
1.21953e-07
1.84347e-06
1.92098e-05
1.2085e-08
0
0
0.000199892
1.19711e-05
2.10931e-06
1.79331e-05
7.02425e-08
1.82083e-06
1.89475e-05
1.64335e-08
0
0
0.000235963
1.14213e-05
1.94999e-06
1.81815e-05
4.12099e-08
1.82362e-06
1.86887e-05
2.51092e-08
0
0
0.000277269
1.08966e-05
1.86182e-06
1.84334e-05
0
0
0.000324087
1.03958e-05
0
0
0.000376531
9.91787e-06
0
0
0.000434488
9.46175e-06
0
0
0.000497567
9.02646e-06
0
0
0.000565051
8.61108e-06
0
0
0.000635893
8.21469e-06
0
0
0.000708736
7.83645e-06
0
0
0.000781991
7.47562e-06
0
0
0.00085395
7.13408e-06
0
0
0.000922936
6.88924e-06
0
0.000764045
0
0.000561517
0
0.000396566
0
0.000276684
0
0.000197206
0
0.000149441
0
0.000125189
0
0.000118305
0
0.000124799
0
0.000142428
0
0.000170214
0
0.000208022
0
0.000256192
0
0.000315214
0
0.000385383
0
0.000466459
0
0.000557332
0
0.000655777
0
0.000758394
0
0.000860845
0
0
0
0
0
0
0
0
0
0
0
0
0
0
0
0
0
0
0
0
END_LIST
