BEGIN_LIST
0.000291478
0.000290791
0.000290106
0.000289422
0.000288738
0.000288056
0.000287375
0.000286696
0.000286017
0.000285339
0.000284661
0.000283984
0.000283305
0.000282619
0.000281917
0.000281169
0.000280306
0.000279151
0.000277253
0.000273472
0.00127226
0.00127271
0.00125763
0.00126987
0.00123974
0.00126691
0.00121805
0.00126381
0.00119203
0.00126058
0.00116116
0.00125719
0.00112504
0.00125366
0.00108338
0.00124996
0.00103614
0.00124611
0.000983512
0.00124208
0.000925998
0.00123788
0.000864398
0.0012335
0.000799795
0.00122893
0.000733519
0.00122416
0.000667124
0.0012192
0.000602464
0.00121403
0.000541992
0.00120864
0.000489606
0.00120302
0.000452599
0.00119679
0.000445639
0.00117467
0
0.000332527
0.000506406
0.000709412
0.00127907
0
0.000363112
0.000456227
0.000670575
0.00126665
0
0.000385912
0.00045197
0.000631898
0.00125151
0
0.000404145
0.000473513
0.000593634
0.00123316
0
0.000419699
0.00050921
0.000556022
0.00121113
0
0.000433694
0.000552799
0.000519279
0.00118493
0
0.000446804
0.000600903
0.000483602
0.00115412
0
0.000459432
0.000651568
0.000449159
0.00111834
0
0.000471822
0.000703518
0.000416091
0.00107737
0
0.00048412
0.000755789
0.000384508
0.0010312
0
0.00049641
0.000807573
0.000354489
0.000980013
0
0.000508743
0.000858158
0.000326085
0.000924268
0
0.000521145
0.000906917
0.000299315
0.000864651
0
0.000533631
0.000953314
0.00027416
0.000802039
0
0.000546205
0.000996913
0.000250555
0.000737388
0
0.000558866
0.00103739
0.000228353
0.000671533
0
0.000571612
0.00107455
0.000207263
0.000604833
0
0.000584435
0.00110828
0.000186692
0.000536425
0
0.00059733
0.0011386
0.00016541
0.000462569
0
0.000610288
0.00116559
0.000140801
0.000372522
0.000706916
0.000202226
0.00103715
0.000955994
0.000699999
0.0011857
4.28041e-05
0.000505886
0
8.40884e-05
0.00065989
0.000198162
0.000868292
0.00106535
0.000529543
0.00120038
4.1486e-05
0.000399878
0
7.38313e-05
0.000613176
0.000194166
0.00067887
0.00111439
0.000391062
0.00121374
4.01647e-05
0.000308987
0
7.20133e-05
0.000567218
0.000190238
0.000497487
0.00114358
0.000286974
0.00122588
3.88388e-05
0.000234337
0
7.26512e-05
0.000522425
0.000186376
0.000345369
0.00116481
0.000213239
0.00123689
3.75066e-05
0.000175103
0
7.40176e-05
0.000479158
0.000182581
0.00023014
0.00118221
0.000163615
0.00124685
3.61664e-05
0.000129349
0
7.56178e-05
0.000437723
0.000178852
0.000148988
0.00119735
0.000132031
0.00125583
3.48165e-05
9.47226e-05
0
7.73106e-05
0.000398362
0.000175187
9.45979e-05
0.00121086
0.000113514
0.00126392
3.3455e-05
6.8917e-05
0
7.90563e-05
0.000361254
0.000171587
5.93115e-05
0.00122305
0.000104349
0.00127119
3.20799e-05
4.99024e-05
0
8.08438e-05
0.000326519
0.00016805
3.68905e-05
0.00123407
0.000101906
0.00127771
3.06892e-05
3.60078e-05
0
8.26706e-05
0.000294218
0.000164576
2.283e-05
0.00124405
0.000104399
0.00128355
2.92808e-05
2.5916e-05
0
8.45363e-05
0.000264361
0.000161164
1.40844e-05
0.00125307
0.000110651
0.00128878
2.78524e-05
1.86183e-05
0
8.64414e-05
0.000236914
0.000157814
8.67214e-06
0.00126121
0.000119913
0.00129345
2.64016e-05
1.33579e-05
0
8.83866e-05
0.000211804
0.000154525
5.33331e-06
0.00126855
0.000131732
0.00129761
2.49261e-05
9.57462e-06
0
9.03725e-05
0.000188918
0.000151295
3.27754e-06
0.00127516
0.000145853
0.00130133
2.34231e-05
6.85815e-06
0
9.23998e-05
0.000168084
0.000148125
2.01329e-06
0.00128109
0.000162155
0.00130463
2.189e-05
4.90999e-06
0
9.44692e-05
0.000148998
0.000145013
1.23642e-06
0.00128642
0.000180603
0.00130757
2.03238e-05
3.51411e-06
0
9.65814e-05
0.000130978
0.00014196
7.594e-07
0.0012912
0.000201215
0.00131018
1.87215e-05
2.51558e-06
0
9.87373e-05
0.000112198
0.000138964
4.67092e-07
0.00129548
0.000224039
0.0013125
1.70799e-05
1.81138e-06
0
0.000100937
8.72366e-05
0.000136028
2.89781e-07
0.00129931
0.00024914
0.00131456
1.53956e-05
1.40803e-06
0
0.000103183
5.19028e-05
1.92708e-05
0.000133735
2.00756e-07
0
0
0.000284469
8.02555e-05
5.22738e-05
0.000104993
2.97207e-05
1.84949e-05
0.000132062
1.60478e-07
0
0
0.00033154
7.6747e-05
3.92333e-05
0.000106356
1.69476e-05
1.77588e-05
0.000130408
1.29312e-07
0
0
0.000384301
7.33832e-05
3.02953e-05
0.000107733
9.64205e-06
1.70649e-05
0.000128772
1.06005e-07
0
0
0.000442506
7.01589e-05
2.42338e-05
0.000109126
5.47999e-06
1.64168e-05
0.000127155
9.00399e-08
0
0
0.000505662
6.70689e-05
2.01815e-05
0.000110535
3.11446e-06
1.58207e-05
0.000125556
8.18458e-08
0
0
0.000572975
6.41084e-05
1.753e-05
0.00011196
1.77226e-06
1.52859e-05
0.000123975
8.3246e-08
0
0
0.000643342
6.12725e-05
1.58549e-05
0.000113402
1.01201e-06
1.48266e-05
0.000122412
9.83031e-08
0
0
0.000715381
5.85564e-05
1.48615e-05
0.00011486
5.82556e-07
1.44639e-05
0.000120866
1.34855e-07
0
0
0.000787509
5.59556e-05
1.43459e-05
0.000116336
3.41252e-07
1.42289e-05
0.000119339
2.07258e-07
0
0
0.000858062
5.34657e-05
1.41674e-05
0.000117829
0
0
0.000925441
5.10822e-05
0
0
0.000988248
4.88011e-05
0
0
0.00104541
4.66183e-05
0
0
0.00109623
4.45299e-05
0
0
0.00114043
4.2532e-05
0
0
0.00117808
4.0621e-05
0
0
0.00120956
3.87934e-05
0
0
0.00123544
3.70462e-05
0
0
0.00125639
3.53891e-05
0
0
0.00127313
3.41994e-05
0
0.00119802
0
0.00105148
0
0.000869864
0
0.000692911
0
0.000551312
0
0.000457618
0
0.000410874
0
0.000404228
0
0.000429863
0
0.000480888
0
0.000551477
0
0.000636353
0
0.000730274
0
0.000827817
0
0.000923541
0
0.00101249
0
0.00109082
0
0.00115622
0
0.0012081
0
0.00124731
0
0
0
0
0
0
0
0
0
0
0
0
0
0
0
0
0
0
0
0
END_LIST
