BEGIN_LIST
0.000238796
0.000238205
0.000237615
0.000237026
0.000236438
0.000235851
0.000235265
0.00023468
0.000234096
0.000233513
0.000232931
0.000232349
0.000231765
0.000231174
0.000230566
0.000229913
0.000229144
0.000228079
0.000226265
0.000222553
0.00121789
0.00121999
0.00119159
0.00121479
0.00116039
0.00120938
0.0011239
0.00120375
0.00108185
0.00119789
0.00103419
0.0011918
0.000981151
0.00118546
0.000923235
0.00117888
0.000861251
0.00117205
0.000796265
0.00116495
0.000729526
0.0011576
0.000662383
0.00114997
0.000596186
0.00114206
0.000532215
0.00113388
0.000471652
0.00112541
0.000415659
0.00111665
0.00036564
0.00110759
0.000323903
0.00109823
0.000295146
0.00108799
0.000289596
0.00105441
0
0.000214151
0.000325051
0.000564591
0.00120272
0
0.000238958
0.00027537
0.000527565
0.00117485
0
0.000257306
0.000264929
0.000491572
0.00114221
0
0.000271863
0.000276235
0.000456785
0.00110451
0
0.00028421
0.000299864
0.000423353
0.00106158
0
0.000295294
0.000331055
0.000391393
0.00101348
0
0.000305685
0.000367445
0.000360993
0.000960519
0
0.000315731
0.000407821
0.000332215
0.000903249
0
0.000325642
0.000451485
0.000305091
0.000842478
0
0.000335544
0.000497931
0.000279632
0.000779219
0
0.000345516
0.000546697
0.000255827
0.000714622
0
0.000355603
0.000597292
0.000233644
0.000649889
0
0.000365832
0.000649171
0.000213032
0.000586183
0
0.000376219
0.000701736
0.000193919
0.000524546
0
0.000386773
0.000754347
0.000176202
0.00046581
0
0.000397497
0.000806352
0.000159729
0.000410522
0
0.000408391
0.000857111
0.000144246
0.000358816
0
0.000419455
0.000906026
0.000129289
0.000310164
0
0.000430685
0.000952576
0.000113944
0.000262785
0
0.000442078
0.000996328
9.63081e-05
0.000212195
0.000483011
0.0001252
0.000829049
0.000757587
0.000515815
0.00103044
2.88234e-05
0.000362472
0
4.75232e-05
0.000441371
0.000122521
0.000638692
0.00088099
0.000375114
0.00105632
2.79234e-05
0.000277859
0
4.31258e-05
0.000401791
0.000119894
0.00046203
0.000943624
0.000268876
0.00108061
2.70215e-05
0.000209385
0
4.25531e-05
0.000364457
0.000117318
0.000317517
0.000984845
0.000192885
0.00110331
2.61165e-05
0.00015568
0
4.30931e-05
0.000329492
0.000114793
0.000210035
0.00101724
0.000140779
0.00112445
2.52075e-05
0.000114565
0
4.39673e-05
0.000296962
0.000112317
0.000135293
0.0010453
0.000106413
0.00114405
2.42932e-05
8.36576e-05
0
4.49533e-05
0.000266881
0.000109889
8.56211e-05
0.0010707
8.47676e-05
0.00116216
2.33723e-05
6.07383e-05
0
4.59878e-05
0.000239221
0.00010751
5.35703e-05
0.00109411
7.20868e-05
0.00117882
2.24437e-05
4.39123e-05
0
4.70529e-05
0.000213916
0.000105178
3.32754e-05
0.00111577
6.57081e-05
0.00119409
2.1506e-05
3.165e-05
0
4.81441e-05
0.000190873
0.000102892
2.05756e-05
0.00113581
6.38094e-05
0.00120805
2.05577e-05
2.27609e-05
0
4.92603e-05
0.000169978
0.000100652
1.2687e-05
0.00115432
6.51794e-05
0.00122077
1.95975e-05
1.63421e-05
0
5.04015e-05
0.000151102
9.84575e-05
7.80927e-06
0.00117137
6.90356e-05
0.00123232
1.86238e-05
1.17198e-05
0
5.15682e-05
0.000134106
9.63069e-05
4.80169e-06
0.00118701
7.48907e-05
0.00124279
1.76349e-05
8.39787e-06
0
5.27609e-05
0.000118847
9.41997e-05
2.95047e-06
0.00120133
8.24594e-05
0.00125224
1.66293e-05
6.01393e-06
0
5.398e-05
0.000105174
9.21354e-05
1.81222e-06
0.00121439
9.1593e-05
0.00126076
1.5605e-05
4.30488e-06
0
5.52261e-05
9.29163e-05
9.01131e-05
1.11283e-06
0.00122628
0.000102237
0.00126843
1.45603e-05
3.08057e-06
0
5.64998e-05
8.18466e-05
8.81322e-05
6.8328e-07
0.00123707
0.000114399
0.00127532
1.34932e-05
2.20405e-06
0
5.78015e-05
7.15416e-05
8.61921e-05
4.19612e-07
0.00124686
0.000128132
0.00128149
1.24016e-05
1.57739e-06
0
5.91319e-05
6.0962e-05
8.42926e-05
2.58072e-07
0.0012557
0.000143519
0.00128701
1.12833e-05
1.13562e-06
0
6.04915e-05
4.71299e-05
8.24343e-05
1.6009e-07
0.00126368
0.000160658
0.00129194
1.01361e-05
8.82649e-07
0
6.18809e-05
2.78419e-05
1.02818e-05
8.09854e-05
1.10888e-07
0
0
0.000185199
5.31768e-05
3.43301e-05
6.30024e-05
1.58694e-05
9.86798e-06
7.99296e-05
8.86163e-08
0
0
0.000218633
5.08055e-05
2.53518e-05
6.38477e-05
9.02535e-06
9.47685e-06
7.88867e-05
7.13649e-08
0
0
0.000257194
4.85361e-05
1.9197e-05
6.47027e-05
5.12717e-06
9.11005e-06
7.78566e-05
5.84314e-08
0
0
0.000301154
4.63645e-05
1.5011e-05
6.55681e-05
2.91158e-06
8.77027e-06
7.68391e-05
4.95105e-08
0
0
0.000350666
4.42868e-05
1.21946e-05
6.64442e-05
1.65403e-06
8.46178e-06
7.58342e-05
4.4806e-08
0
0
0.000405702
4.22993e-05
1.03297e-05
6.73313e-05
9.41074e-07
8.19109e-06
7.48417e-05
4.52665e-08
0
0
0.000465986
4.03983e-05
9.12624e-06
6.82295e-05
5.37448e-07
7.96795e-06
7.38614e-05
5.30331e-08
0
0
0.000530942
3.85803e-05
8.38308e-06
6.91391e-05
3.09535e-07
7.80679e-06
7.28932e-05
7.22536e-08
0
0
0.000599677
3.68419e-05
7.96137e-06
7.00601e-05
1.81543e-07
7.72888e-06
7.1937e-05
1.10538e-07
0
0
0.000670979
3.51797e-05
7.76529e-06
7.09927e-05
0
0
0.00074338
3.35907e-05
0
0
0.000815248
3.20717e-05
0
0
0.00088492
3.06198e-05
0
0
0.000950848
2.92323e-05
0
0
0.00101174
2.79063e-05
0
0
0.00106665
2.66393e-05
0
0
0.00111505
2.54287e-05
0
0
0.00115678
2.42725e-05
0
0
0.00119205
2.31768e-05
0
0
0.00122132
2.23906e-05
0
0.00111588
0
0.000935533
0
0.000738908
0
0.000564226
0
0.000432652
0
0.0003482
0
0.000305615
0
0.000297143
0
0.000315883
0
0.000356654
0
0.000415694
0
0.00048997
0
0.000576483
0
0.000671748
0
0.000771572
0
0.000871194
0
0.00096577
0
0.00105105
0
0.00112405
0
0.00118337
0
0
0
0
0
0
0
0
0
0
0
0
0
0
0
0
0
0
0
0
END_LIST
