BEGIN_LIST
0.00036236
0.000361566
0.000360772
0.000359979
0.000359188
0.000358397
0.000357607
0.000356819
0.000356031
0.000355244
0.000354458
0.000353672
0.000352884
0.000352089
0.000351279
0.000350426
0.000349464
0.000348224
0.000346282
0.000342557
0.00130789
0.00130761
0.00130199
0.00130647
0.0012946
0.00130527
0.0012854
0.00130402
0.00127399
0.0013027
0.00125993
0.00130133
0.00124272
0.00129988
0.00122182
0.00129836
0.00119671
0.00129678
0.00116686
0.00129511
0.00113185
0.00129337
0.00109141
0.00129154
0.00104546
0.00128962
0.000994289
0.00128762
0.000938596
0.00128552
0.000879779
0.00128332
0.000820385
0.00128102
0.000765176
0.0012786
0.000723384
0.00127588
0.000712777
0.00126527
0
0.000543083
0.000810212
0.000881724
0.00131773
0
0.000571765
0.000785502
0.000845528
0.00131457
0
0.000594203
0.000797492
0.00080834
0.00131061
0
0.000612938
0.000829044
0.000770389
0.00130568
0
0.000629458
0.000869668
0.000731923
0.00129954
0
0.000644648
0.000913533
0.000693199
0.00129193
0
0.000659033
0.000957485
0.000654477
0.00128252
0
0.000672929
0.000999812
0.000616014
0.00127095
0
0.000686523
0.00103958
0.000578055
0.00125681
0
0.000699926
0.00107628
0.00054083
0.00123963
0
0.0007132
0.00110969
0.000504544
0.00121892
0
0.000726379
0.00113975
0.000469376
0.00119417
0
0.000739481
0.00116653
0.000435466
0.00116486
0
0.000752513
0.00119016
0.000402909
0.00113047
0
0.000765474
0.00121086
0.000371731
0.00109043
0
0.000778362
0.00122885
0.000341841
0.00104392
0
0.000791169
0.0012444
0.000312936
0.000989322
0
0.00080389
0.00125776
0.000284278
0.000922787
0
0.000816516
0.00126918
0.000254218
0.000834297
0
0.00082904
0.00127891
0.000219107
0.000695752
0.0010175
0.000355366
0.00121825
0.00114779
0.000926383
0.00128589
6.85451e-05
0.00072296
0
0.000171794
0.00098088
0.000349152
0.00112029
0.0012194
0.000744576
0.00129085
6.64997e-05
0.000601039
0
0.000144988
0.000941816
0.00034301
0.00097596
0.00124643
0.00057806
0.00129527
6.44492e-05
0.00048546
0
0.000139257
0.000900529
0.00033694
0.000796208
0.00126056
0.000442196
0.0012992
6.23912e-05
0.000382105
0
0.000139719
0.000857305
0.000330943
0.000606844
0.00126989
0.00034066
0.0013027
6.03232e-05
0.00029421
0
0.000142003
0.000812493
0.000325018
0.000435038
0.00127705
0.000270163
0.00130582
5.82427e-05
0.000222496
0
0.000144849
0.000766497
0.000319166
0.000296912
0.00128303
0.000224792
0.00130859
5.61471e-05
0.000165888
0
0.000147897
0.000719755
0.000313388
0.000195448
0.00128821
0.000198563
0.00131105
5.40334e-05
0.000122334
0
0.000151045
0.000672732
0.000307684
0.000125484
0.00129279
0.000186488
0.00131323
5.18987e-05
8.94725e-05
0
0.000154265
0.000625892
0.000302053
7.92434e-05
0.00129686
0.000184804
0.00131517
4.974e-05
6.50363e-05
0
0.000157547
0.000579687
0.000296496
4.95127e-05
0.0013005
0.000190836
0.00131689
4.75538e-05
4.70601e-05
0
0.000160891
0.000534535
0.000291014
3.07288e-05
0.00130374
0.000202756
0.00131842
4.53369e-05
3.394e-05
0
0.000164297
0.000490808
0.000285606
1.8991e-05
0.00130664
0.000219354
0.00131977
4.30856e-05
2.44189e-05
0
0.000167765
0.000448814
0.000280272
1.17062e-05
0.00130923
0.000239845
0.00132096
4.0796e-05
1.75383e-05
0
0.000171296
0.000408772
0.000275012
7.20411e-06
0.00131154
0.000263733
0.00132202
3.84642e-05
1.25807e-05
0
0.00017489
0.000370751
0.000269826
4.42913e-06
0.0013136
0.000290699
0.00132296
3.60859e-05
9.01633e-06
0
0.000178548
0.000334489
0.000264714
2.72152e-06
0.00131543
0.000320537
0.00132379
3.36566e-05
6.45788e-06
0
0.000182271
0.000298833
0.000259677
1.6721e-06
0.00131707
0.000353094
0.00132453
3.11717e-05
4.62538e-06
0
0.00018606
0.000259968
0.000254715
1.02872e-06
0.00131852
0.00038824
0.00132518
2.86261e-05
3.33184e-06
0
0.000189915
0.000205684
0.000249831
6.38413e-07
0.00131982
0.000425831
0.00132575
2.60146e-05
2.59053e-06
0
0.000193837
0.000125121
4.72557e-05
0.000246004
4.42526e-07
0
0
0.000476872
0.000133951
8.89871e-05
0.00019699
7.26867e-05
4.53718e-05
0.000243204
3.5406e-07
0
0
0.000541846
0.000128328
6.92746e-05
0.000199358
4.17926e-05
4.35748e-05
0.000240429
2.85846e-07
0
0
0.000610636
0.000122918
5.58089e-05
0.000201747
2.38894e-05
4.18674e-05
0.000237679
2.35272e-07
0
0
0.000681873
0.000117715
4.67685e-05
0.000204158
1.36131e-05
4.02548e-05
0.000234953
2.01448e-07
0
0
0.000754001
0.000112712
4.08432e-05
0.000206592
7.7474e-06
3.87457e-05
0.000232253
1.85766e-07
0
0
0.00082535
0.000107903
3.71041e-05
0.00020905
4.41086e-06
3.7354e-05
0.000229577
1.93026e-07
0
0
0.000894262
0.000103283
3.48986e-05
0.000211531
2.518e-06
3.61013e-05
0.000226926
2.33557e-07
0
0
0.000959226
9.88453e-05
3.37714e-05
0.000214036
1.44738e-06
3.50199e-05
0.000224299
3.27057e-07
0
0
0.00101901
9.4584e-05
3.34066e-05
0.000216566
8.44902e-07
3.41578e-05
0.000221697
5.0943e-07
0
0
0.00107274
9.04933e-05
3.35855e-05
0.000219119
0
0
0.00111995
8.65675e-05
0
0
0.00116056
8.28011e-05
0
0
0.00119481
7.91885e-05
0
0
0.0012232
7.57242e-05
0
0
0.00124635
7.24031e-05
0
0
0.00126498
6.92198e-05
0
0
0.00127979
6.61694e-05
0
0
0.00129144
6.32477e-05
0
0
0.00130054
6.04717e-05
0
0
0.00130759
5.84762e-05
0
0.0012649
0
0.00116578
0
0.00102069
0
0.000860791
0
0.0007219
0
0.00062626
0
0.000579741
0
0.000577837
0
0.000611875
0
0.00067245
0
0.000750642
0
0.000838245
0
0.000927882
0
0.00101329
0
0.00108972
0
0.00115428
0
0.00120595
0
0.00124528
0
0.00127388
0
0.00129384
0
0
0
0
0
0
0
0
0
0
0
0
0
0
0
0
0
0
0
0
END_LIST
