BEGIN_LIST
0.000320433
0.000319699
0.000318967
0.000318236
0.000317506
0.000316776
0.000316048
0.000315321
0.000314596
0.00031387
0.000313146
0.000312421
0.000311695
0.000310963
0.000310213
0.00030942
0.000308513
0.000307319
0.000305395
0.000301622
0.00129061
0.00129062
0.00128037
0.00128864
0.0012677
0.00128657
0.00125212
0.00128441
0.00123313
0.00128214
0.00121017
0.00127976
0.00118273
0.00127727
0.00115031
0.00127467
0.00111254
0.00127195
0.00106921
0.0012691
0.00102034
0.00126612
0.000966235
0.00126301
0.000907527
0.00125975
0.000845189
0.00125635
0.000780588
0.00125279
0.000715601
0.00124908
0.000652978
0.00124521
0.00059727
0.00124115
0.000556966
0.00123663
0.000548667
0.00121989
0
0.000412063
0.000625434
0.00078355
0.00130082
0
0.00044353
0.000582421
0.000745181
0.00129347
0
0.000467275
0.000584485
0.000706469
0.0012844
0
0.000486481
0.00061169
0.000667673
0.00127323
0
0.000503009
0.000652091
0.000629054
0.00125956
0
0.000517962
0.000699091
0.000590862
0.00124294
0
0.000532
0.000749052
0.000553334
0.00122289
0
0.00054552
0.000799853
0.000516687
0.00119892
0
0.000558756
0.000850143
0.000481114
0.00117055
0
0.000571851
0.00089898
0.000446782
0.00113739
0
0.000584886
0.000945668
0.000413825
0.00109912
0
0.000597907
0.000989688
0.000382347
0.0010556
0
0.000610939
0.00103067
0.000352416
0.00100687
0
0.000623992
0.00106836
0.000324057
0.000953173
0
0.000637071
0.00110265
0.000297236
0.00089486
0
0.000650172
0.00113352
0.000271826
0.000832249
0
0.000663291
0.00116105
0.000247523
0.000765144
0
0.00067642
0.00118539
0.000223671
0.000691798
0
0.00068955
0.00120673
0.000198864
0.000606377
0
0.000702674
0.0012253
0.000170065
0.000492256
0.000837989
0.000257549
0.00112575
0.00104583
0.000797625
0.00123889
5.22475e-05
0.000592179
0
0.000113627
0.000792611
0.000252616
0.000983203
0.00114088
0.000618107
0.00124866
5.06554e-05
0.000477271
0
9.79566e-05
0.000746238
0.000247755
0.000804361
0.0011806
0.000465331
0.00125747
4.90593e-05
0.000374953
0
9.48958e-05
0.000699321
0.000242968
0.000614689
0.00120299
0.000346803
0.00126538
4.74575e-05
0.00028825
0
9.55133e-05
0.000652326
0.000238253
0.000441644
0.00121863
0.000261081
0.00127249
4.5848e-05
0.000217714
0
9.72168e-05
0.000605714
0.000233611
0.000301932
0.00123108
0.000202673
0.00127886
4.42288e-05
0.000162163
0
9.92627e-05
0.000559926
0.000229041
0.000198989
0.00124172
0.000165305
0.00128456
4.25976e-05
0.000119498
0
0.000101438
0.000515362
0.000224543
0.00012786
0.00125109
0.000143466
0.00128966
4.09524e-05
8.73487e-05
0
0.000103684
0.000472376
0.000220116
8.07862e-05
0.00125945
0.000132878
0.00129421
3.92907e-05
6.34662e-05
0
0.000105982
0.000431263
0.000215759
5.04934e-05
0.00126696
0.000130442
0.00129827
3.76101e-05
4.59099e-05
0
0.000108329
0.000392256
0.000211473
3.1344e-05
0.0012737
0.000134018
0.00130189
3.59081e-05
3.31032e-05
0
0.000110724
0.000355523
0.000207257
1.93736e-05
0.00127976
0.000142178
0.00130511
3.41818e-05
2.3813e-05
0
0.000113167
0.000321172
0.00020311
1.1943e-05
0.0012852
0.000154002
0.00130798
3.24286e-05
1.71011e-05
0
0.00011566
0.000289246
0.000199032
7.35018e-06
0.00129007
0.000168919
0.00131052
3.06453e-05
1.2266e-05
0
0.000118202
0.000259725
0.000195022
4.51902e-06
0.00129444
0.000186591
0.00131278
2.88289e-05
8.79028e-06
0
0.000120794
0.000232492
0.00019108
2.77666e-06
0.00129835
0.000206837
0.00131479
2.69761e-05
6.29548e-06
0
0.000123438
0.000207229
0.000187205
1.70552e-06
0.00130185
0.000229572
0.00131657
2.50833e-05
4.50686e-06
0
0.000126134
0.000183079
0.000183396
1.04763e-06
0.00130498
0.000254769
0.00131815
2.31468e-05
3.22683e-06
0
0.000128883
0.000157567
0.000179654
6.44424e-07
0.00130777
0.000282426
0.00131955
2.11628e-05
2.32382e-06
0
0.000131685
0.000123151
0.000175981
3.99836e-07
0.00131026
0.000312548
0.00132078
1.91272e-05
1.80651e-06
0
0.000134542
7.37525e-05
2.75205e-05
0.00017311
2.77047e-07
0
0
0.000354413
9.92691e-05
6.50925e-05
0.000136843
4.2412e-05
2.64145e-05
0.000171012
2.21523e-07
0
0
0.000409298
9.49905e-05
4.94625e-05
0.000138574
2.42433e-05
2.5363e-05
0.000168937
1.78606e-07
0
0
0.000469571
9.08832e-05
3.87569e-05
0.000140322
1.38118e-05
2.43687e-05
0.000166883
1.46595e-07
0
0
0.000534549
8.69415e-05
3.15174e-05
0.000142089
7.85586e-06
2.34358e-05
0.000164851
1.24824e-07
0
0
0.000603271
8.31596e-05
2.67057e-05
0.000143874
4.4665e-06
2.25715e-05
0.00016284
1.13969e-07
0
0
0.000674489
7.95322e-05
2.35904e-05
0.00014568
2.54197e-06
2.1787e-05
0.00016085
1.16697e-07
0
0
0.000746711
7.60536e-05
2.16603e-05
0.000147505
1.45138e-06
2.10993e-05
0.000158881
1.38875e-07
0
0
0.000818302
7.27187e-05
2.05597e-05
0.00014935
8.35065e-07
2.05339e-05
0.000156934
1.91782e-07
0
0
0.000887606
6.95222e-05
2.00422e-05
0.000151215
4.88602e-07
2.01282e-05
0.000155007
2.96041e-07
0
0
0.000953098
6.6459e-05
1.99374e-05
0.000153101
0
0
0.00101351
6.35243e-05
0
0
0.00106793
6.07131e-05
0
0
0.00111585
5.80208e-05
0
0
0.00115715
5.54429e-05
0
0
0.00119205
5.2975e-05
0
0
0.00122101
5.06126e-05
0
0
0.00124466
4.83518e-05
0
0
0.00126371
4.6189e-05
0
0
0.00127886
4.41365e-05
0
0
0.00129079
4.26623e-05
0
0.0012303
0
0.00110349
0
0.000935104
0
0.000762508
0
0.000619675
0
0.000523587
0
0.000476063
0
0.000471093
0
0.000500456
0
0.000556235
0
0.000631323
0
0.00071915
0
0.000813383
0
0.000907936
0
0.000997317
0
0.00107716
0
0.0011447
0
0.00119891
0
0.00124032
0
0.00127054
0
0
0
0
0
0
0
0
0
0
0
0
0
0
0
0
0
0
0
0
END_LIST
