BEGIN_LIST
0.000195538
0.000195034
0.000194531
0.00019403
0.000193529
0.000193029
0.000192531
0.000192033
0.000191537
0.000191041
0.000190545
0.00019005
0.000189553
0.000189049
0.000188529
0.000187965
0.000187287
0.000186322
0.000184628
0.000181087
0.00114263
0.0011472
0.00110301
0.00113911
0.00105775
0.00113075
0.00100694
0.00112209
0.000950971
0.00111314
0.000890521
0.0011039
0.000826554
0.00109435
0.000760252
0.0010845
0.000692933
0.00107435
0.000625945
0.0010639
0.000560567
0.00105314
0.000497927
0.00104207
0.000438943
0.00103069
0.000384316
0.00101902
0.000334555
0.00100704
0.000290084
0.000994769
0.000251468
0.000982201
0.000219888
0.000969328
0.000198194
0.000955476
0.000193152
0.000913008
0
0.000141689
0.00021387
0.000441367
0.00108682
0
0.000160058
0.000173269
0.000408541
0.00104143
0
0.000173653
0.000162633
0.00037724
0.000990969
0
0.000184439
0.000168263
0.000347539
0.000935851
0
0.000193596
0.000183132
0.000319485
0.000876758
0
0.000201832
0.00020384
0.000293102
0.000814601
0
0.00020958
0.000228818
0.00026839
0.000750472
0
0.000217102
0.000257373
0.000245328
0.000685563
0
0.000224559
0.000289222
0.000223882
0.000621081
0
0.000232049
0.000324241
0.000204001
0.000558162
0
0.000239634
0.000362351
0.000185624
0.000497802
0
0.000247352
0.000403451
0.00016868
0.000440804
0
0.000255225
0.000447377
0.000153089
0.000387757
0
0.000263269
0.000493888
0.000138763
0.000339025
0
0.000271494
0.000542649
0.000125593
0.00029476
0
0.000279904
0.000593238
0.000113442
0.000254913
0
0.000288504
0.000645141
0.000102101
0.00021922
0
0.000297296
0.000697779
9.1216e-05
0.000187138
0
0.000306282
0.000750519
8.01094e-05
0.000157639
0
0.000315461
0.000802708
6.73983e-05
0.000128663
0.000330315
8.09791e-05
0.000632593
0.000576991
0.000372393
0.000845283
1.99711e-05
0.000261219
0
2.90645e-05
0.000297702
7.91863e-05
0.000456536
0.000694881
0.000263708
0.000878895
1.93425e-05
0.000196161
0
2.69695e-05
0.000267545
7.74308e-05
0.000313157
0.000760459
0.000185475
0.000911489
1.87126e-05
0.000145455
0
2.68097e-05
0.000239814
7.57119e-05
0.000206871
0.000807123
0.000131286
0.000942942
1.80808e-05
0.000106821
0
2.72141e-05
0.000214445
7.40291e-05
0.000133132
0.000846161
9.49144e-05
0.000973143
1.74462e-05
7.7884e-05
0
2.77904e-05
0.000191344
7.23816e-05
8.4202e-05
0.000881637
7.12574e-05
0.00100199
1.6808e-05
5.64828e-05
0
2.84264e-05
0.000170396
7.07688e-05
5.26618e-05
0.000915013
5.64868e-05
0.00102941
1.61654e-05
4.0802e-05
0
2.90904e-05
0.000151474
6.919e-05
3.27029e-05
0.000946772
4.78776e-05
0.00105534
1.55174e-05
2.93905e-05
0
2.97734e-05
0.000134438
6.76447e-05
2.02185e-05
0.000977038
4.35553e-05
0.00107973
1.48631e-05
2.11268e-05
0
3.04732e-05
0.000119148
6.61321e-05
1.24656e-05
0.00100581
4.22626e-05
0.00110257
1.42016e-05
1.5164e-05
0
3.11894e-05
0.000105462
6.46516e-05
7.67247e-06
0.00103304
4.31755e-05
0.00112386
1.35319e-05
1.08724e-05
0
3.19222e-05
9.32416e-05
6.32027e-05
4.71738e-06
0.00105872
4.57678e-05
0.00114362
1.28527e-05
7.78942e-06
0
3.26717e-05
8.23527e-05
6.17848e-05
2.89858e-06
0.0010828
4.97164e-05
0.00116187
1.21631e-05
5.57753e-06
0
3.34384e-05
7.26668e-05
6.03972e-05
1.78032e-06
0.00110529
5.48366e-05
0.00117868
1.14619e-05
3.99215e-06
0
3.42227e-05
6.4059e-05
5.90393e-05
1.09321e-06
0.00112621
6.10379e-05
0.0011941
1.07478e-05
2.85659e-06
0
3.50249e-05
5.64001e-05
5.77107e-05
6.71197e-07
0.00114559
6.82949e-05
0.00120819
1.00195e-05
2.04363e-06
0
3.58453e-05
4.95304e-05
5.64107e-05
4.12075e-07
0.00116347
7.6628e-05
0.00122102
9.2756e-06
1.46186e-06
0
3.66845e-05
4.31777e-05
5.51389e-05
2.53044e-07
0.00117992
8.60905e-05
0.00123268
8.51476e-06
1.04608e-06
0
3.75428e-05
3.67018e-05
5.3895e-05
1.55622e-07
0.00119499
9.67596e-05
0.00124324
7.73542e-06
7.53035e-07
0
3.84205e-05
2.83002e-05
5.26794e-05
9.65324e-08
0.00120877
0.000108731
0.00125278
6.93599e-06
5.85251e-07
0
3.93182e-05
1.66642e-05
6.13893e-06
5.17324e-05
6.68607e-08
0
0
0.000126039
3.65335e-05
2.34657e-05
4.00433e-05
9.47805e-06
5.89237e-06
5.10429e-05
5.3427e-08
0
0
0.000149925
3.48847e-05
1.71715e-05
4.05901e-05
5.3839e-06
5.65995e-06
5.03622e-05
4.30185e-08
0
0
0.000177942
3.33085e-05
1.28579e-05
4.11435e-05
3.05641e-06
5.44286e-06
4.96902e-05
3.52092e-08
0
0
0.000210514
3.18018e-05
9.92066e-06
4.17039e-05
1.73498e-06
5.24303e-06
4.90269e-05
2.98118e-08
0
0
0.000248049
3.03618e-05
7.93834e-06
4.22714e-05
9.85421e-07
5.06349e-06
4.83721e-05
2.69429e-08
0
0
0.000290885
2.89855e-05
6.61822e-06
4.28464e-05
5.60613e-07
4.90879e-06
4.77257e-05
2.7164e-08
0
0
0.000339239
2.76704e-05
5.75749e-06
4.34289e-05
3.20171e-07
4.78579e-06
4.70877e-05
3.17475e-08
0
0
0.000393145
2.64138e-05
5.21597e-06
4.4019e-05
1.84425e-07
4.70456e-06
4.64579e-05
4.31613e-08
0
0
0.000452396
2.52132e-05
4.89687e-06
4.46169e-05
1.08206e-07
4.6799e-06
4.58362e-05
6.59367e-08
0
0
0.000516496
2.40662e-05
4.73349e-06
4.52226e-05
0
0
0.000584623
2.29705e-05
0
0
0.000655633
2.19238e-05
0
0
0.000728105
2.09242e-05
0
0
0.000800425
1.99694e-05
0
0
0.000870916
1.90576e-05
0
0
0.000937981
1.81869e-05
0
0
0.00100025
1.73554e-05
0
0
0.00105668
1.65617e-05
0
0
0.00110665
1.581e-05
0
0
0.00114992
1.52709e-05
0
0.00101882
0
0.00081759
0
0.000620395
0
0.000457878
0
0.000341253
0
0.000268227
0
0.000231227
0
0.000222498
0
0.000236064
0
0.000267956
0
0.000315726
0
0.000377798
0
0.000452813
0
0.00053907
0
0.000634096
0
0.000734453
0
0.000835846
0
0.000933555
0
0.00102313
0
0.0011011
0
0
0
0
0
0
0
0
0
0
0
0
0
0
0
0
0
0
0
0
END_LIST
