BEGIN_LIST
0.000137996
0.000137622
0.000137249
0.000136876
0.000136505
0.000136134
0.000135764
0.000135395
0.000135026
0.000134659
0.000134292
0.000133924
0.000133555
0.000133181
0.000132791
0.000132362
0.000131833
0.000131049
0.000129617
0.000126546
0.000974935
0.000984236
0.000915559
0.000971249
0.000852266
0.000957978
0.00078619
0.000944432
0.000718633
0.000930618
0.000650962
0.000916547
0.000584502
0.000902227
0.000520445
0.000887671
0.000459777
0.00087289
0.000403239
0.000857898
0.00035132
0.000842708
0.000304273
0.000827335
0.000262149
0.000811794
0.000224848
0.000796102
0.000192178
0.000780275
0.000163938
0.000764332
0.000140047
0.000748288
0.000120796
0.000732145
0.000107389
0.000715208
0.00010314
0.00066781
0
7.46201e-05
0.000111946
0.000283166
0.000839324
0
8.5081e-05
8.65993e-05
0.000259052
0.000775389
0
9.28574e-05
7.90183e-05
0.000236589
0.000710257
0
9.90529e-05
8.08291e-05
0.000215734
0.000645152
0
0.000104335
8.79313e-05
0.000196431
0.000581256
0
0.00010911
9.84139e-05
0.000178616
0.000519628
0
0.000113626
0.000111449
0.000162217
0.000461146
0
0.000118035
0.000126739
0.000147157
0.000406479
0
0.00012243
0.000144243
0.000133358
0.000356075
0
0.000126872
0.000164041
0.000120737
0.000310175
0
0.000131397
0.000186271
0.000109216
0.000268835
0
0.000136029
0.000211091
9.87136e-05
0.000231967
0
0.000140784
0.000238655
8.91502e-05
0.000199368
0
0.000145672
0.000269095
8.0445e-05
0.000170758
0
0.000150702
0.000302513
7.25122e-05
0.000145807
0
0.000155879
0.000338958
6.52508e-05
0.000124154
0
0.00016121
0.000378419
5.85233e-05
0.000105421
0
0.000166697
0.000420809
5.21089e-05
8.91998e-05
0
0.000172345
0.000465953
4.56008e-05
7.50143e-05
0
0.000178156
0.000513585
3.81845e-05
6.22073e-05
0.000179203
4.18458e-05
0.000381775
0.000348961
0.000212795
0.000554801
1.12027e-05
0.00015234
0
1.42721e-05
0.000159401
4.08918e-05
0.000256496
0.00043766
0.000146796
0.000589155
1.08474e-05
0.000111993
0
1.35269e-05
0.000141553
3.99589e-05
0.000166982
0.000492168
0.000101448
0.000624054
1.04914e-05
8.17167e-05
0
1.35387e-05
0.000125516
3.90467e-05
0.000106414
0.000534558
7.10044e-05
0.000659357
1.01344e-05
5.92952e-05
0
1.37725e-05
0.000111148
3.81548e-05
6.68764e-05
0.000572759
5.09974e-05
0.000694901
9.77594e-06
4.28508e-05
0
1.4075e-05
9.83081e-05
3.72826e-05
4.1657e-05
0.000609676
3.81739e-05
0.000730503
9.4155e-06
3.08752e-05
0
1.44029e-05
8.68595e-05
3.64299e-05
2.58032e-05
0.000646311
3.02565e-05
0.000765974
9.05261e-06
2.21986e-05
0
1.47436e-05
7.66721e-05
3.55961e-05
1.59274e-05
0.000682927
2.5692e-05
0.000801118
8.68677e-06
1.59356e-05
0
1.50938e-05
6.7623e-05
3.47809e-05
9.81027e-06
0.000719495
2.3441e-05
0.000835741
8.31746e-06
1.14268e-05
0
1.54526e-05
5.95978e-05
3.39839e-05
6.03445e-06
0.000755872
2.28191e-05
0.000869657
7.94411e-06
8.18713e-06
0
1.58201e-05
5.24906e-05
3.32048e-05
3.70884e-06
0.00079187
2.33842e-05
0.00090269
7.56616e-06
5.86258e-06
0
1.61961e-05
4.6204e-05
3.24431e-05
2.27834e-06
0.00082729
2.48573e-05
0.00093468
7.18299e-06
4.1963e-06
0
1.65811e-05
4.06491e-05
3.16984e-05
1.39915e-06
0.000861938
2.70701e-05
0.000965486
6.79397e-06
3.00272e-06
0
1.6975e-05
3.57443e-05
3.09704e-05
8.59068e-07
0.000895633
2.99293e-05
0.000994985
6.39844e-06
2.14819e-06
0
1.73782e-05
3.1414e-05
3.02588e-05
5.27401e-07
0.00092821
3.3393e-05
0.00102308
5.9957e-06
1.53661e-06
0
1.77909e-05
2.75836e-05
2.95632e-05
3.23763e-07
0.000959527
3.74553e-05
0.00104969
5.58502e-06
1.09903e-06
0
1.82132e-05
2.41664e-05
2.88832e-05
1.98754e-07
0.000989464
4.21367e-05
0.00107478
5.16563e-06
7.8602e-07
0
1.86455e-05
2.10226e-05
2.82186e-05
1.22042e-07
0.00101793
4.74769e-05
0.0010983
4.73673e-06
5.62384e-07
0
1.90878e-05
1.78355e-05
2.75692e-05
7.50527e-08
0.00104486
5.35315e-05
0.00112025
4.29746e-06
4.04799e-07
0
1.95405e-05
1.37255e-05
2.69352e-05
4.65539e-08
0.0010702
6.03686e-05
0.00114065
3.84694e-06
3.14586e-07
0
2.00037e-05
8.06237e-06
2.96464e-06
2.64417e-05
3.22437e-08
0
0
7.03423e-05
2.03421e-05
1.30047e-05
2.03781e-05
4.57811e-06
2.84598e-06
2.60825e-05
2.57649e-08
0
0
8.42701e-05
1.94133e-05
9.43793e-06
2.06606e-05
2.59812e-06
2.73446e-06
2.57282e-05
2.07451e-08
0
0
0.000100864
1.85264e-05
6.99482e-06
2.09466e-05
1.47415e-06
2.63078e-06
2.53785e-05
1.69788e-08
0
0
0.00012052
1.76795e-05
5.32986e-06
2.12363e-05
8.36556e-07
2.53606e-06
2.50335e-05
1.43754e-08
0
0
0.000143672
1.68708e-05
4.20347e-06
2.15299e-05
4.75058e-07
2.45202e-06
2.46932e-05
1.29911e-08
0
0
0.000170785
1.60987e-05
3.4498e-06
2.18274e-05
2.70237e-07
2.38126e-06
2.43573e-05
1.30965e-08
0
0
0.000202324
1.53615e-05
2.95428e-06
2.21289e-05
1.54326e-07
2.32764e-06
2.4026e-05
1.53046e-08
0
0
0.000238732
1.46578e-05
2.63784e-06
2.24346e-05
8.88922e-08
2.29686e-06
2.36991e-05
2.08051e-08
0
0
0.000280385
1.39859e-05
2.44594e-06
2.27443e-05
5.21548e-08
2.29726e-06
2.33765e-05
3.17817e-08
0
0
0.000327547
1.33445e-05
2.34103e-06
2.30583e-05
0
0
0.000380314
1.27323e-05
0
0
0.00043855
1.21479e-05
0
0
0.000501837
1.15901e-05
0
0
0.000569436
1.10578e-05
0
0
0.000640275
1.05496e-05
0
0
0.000712982
1.00647e-05
0
0
0.000785963
9.60191e-06
0
0
0.00085752
9.16036e-06
0
0
0.000925996
8.74236e-06
0
0
0.000989927
8.44268e-06
0
0.000833686
0
0.000625934
0
0.000449441
0
0.000317513
0
0.000228505
0
0.000174524
0
0.000147114
0
0.000139591
0
0.000147474
0
0.000168157
0
0.000200405
0
0.00024387
0
0.000298648
0
0.000364883
0
0.000442365
0
0.000530166
0
0.000626336
0
0.000727777
0
0.000830375
0
0.00092946
0
0
0
0
0
0
0
0
0
0
0
0
0
0
0
0
0
0
0
0
END_LIST
