BEGIN_LIST
6.41922e-05
6.4006e-05
6.38202e-05
6.3635e-05
6.34502e-05
6.3266e-05
6.30822e-05
6.28989e-05
6.2716e-05
6.25336e-05
6.23513e-05
6.2169e-05
6.19855e-05
6.17987e-05
6.16024e-05
6.13818e-05
6.10987e-05
6.06573e-05
5.98148e-05
5.79566e-05
0.00058251
0.000595698
0.000517392
0.000579382
0.000455998
0.000563199
0.000399031
0.000547168
0.000346931
0.000531304
0.000299892
0.000515624
0.000257904
0.000500142
0.000220796
0.000484872
0.000188287
0.000469827
0.000160019
0.000455019
0.000135599
0.00044046
0.00011462
0.00042616
9.6686e-05
0.000412127
8.14239e-05
0.000398371
6.84984e-05
0.000384898
5.76273e-05
0.000371714
4.86102e-05
0.000358826
4.13925e-05
0.000346226
3.62145e-05
0.00033348
3.39598e-05
0.000301457
0
2.40474e-05
3.59377e-05
0.000110799
0.000399569
0
2.75167e-05
2.67391e-05
0.000100116
0.000349244
0
3.01152e-05
2.37719e-05
9.04003e-05
0.000303607
0
3.22008e-05
2.40209e-05
8.15755e-05
0.000262661
0
3.39921e-05
2.60593e-05
7.35701e-05
0.00022627
0
3.56226e-05
2.92377e-05
6.63158e-05
0.000194193
0
3.71748e-05
3.3286e-05
5.97487e-05
0.000166121
0
3.86992e-05
3.81211e-05
5.38091e-05
0.000141707
0
4.02278e-05
4.37547e-05
4.84413e-05
0.000120586
0
4.17805e-05
5.02499e-05
4.35936e-05
0.0001024
0
4.33703e-05
5.77011e-05
3.92182e-05
8.68004e-05
0
4.5006e-05
6.62239e-05
3.52708e-05
7.34654e-05
0
4.66937e-05
7.59515e-05
3.171e-05
6.20984e-05
0
4.84378e-05
8.70321e-05
2.84963e-05
5.24325e-05
0
5.02419e-05
9.96279e-05
2.55905e-05
4.423e-05
0
5.2109e-05
0.000113914
2.29494e-05
3.72819e-05
0
5.40419e-05
0.000130074
2.05185e-05
3.14058e-05
0
5.60432e-05
0.000148303
1.82144e-05
2.64444e-05
0
5.81151e-05
0.000168798
1.58886e-05
2.22643e-05
0
6.02604e-05
0.000191755
1.32488e-05
1.87564e-05
5.90989e-05
1.33248e-05
0.000136065
0.000124982
7.26718e-05
0.000212798
3.8541e-06
5.41425e-05
0
4.37228e-06
5.20389e-05
1.30144e-05
8.59897e-05
0.000162635
4.91304e-05
0.000231337
3.73097e-06
3.90741e-05
0
4.21146e-06
4.57969e-05
1.27112e-05
5.3751e-05
0.000187871
3.35362e-05
0.000251138
3.60766e-06
2.81259e-05
0
4.23658e-06
4.0284e-05
1.2415e-05
3.33671e-05
0.000209154
2.33234e-05
0.000272256
3.48402e-06
2.02071e-05
0
4.31656e-06
3.54194e-05
1.21256e-05
2.06239e-05
0.000229756
1.67276e-05
0.000294735
3.35991e-06
1.44981e-05
0
4.41396e-06
3.11304e-05
1.18429e-05
1.27132e-05
0.000250978
1.25568e-05
0.000318601
3.23516e-06
1.03918e-05
0
4.51813e-06
2.73517e-05
1.15668e-05
7.82385e-06
0.000273349
1.00151e-05
0.000343868
3.10959e-06
7.44334e-06
0
4.62605e-06
2.40245e-05
1.1297e-05
4.80994e-06
0.000297091
8.57614e-06
0.000370533
2.98304e-06
5.32875e-06
0
4.73692e-06
2.10966e-05
1.10335e-05
2.9552e-06
0.000322298
7.89484e-06
0.000398579
2.85532e-06
3.81352e-06
0
4.85054e-06
1.85214e-05
1.0776e-05
1.81495e-06
0.000348999
7.74737e-06
0.000427967
2.72624e-06
2.72843e-06
0
4.96691e-06
1.62572e-05
1.05246e-05
1.1144e-06
0.000377192
7.9908e-06
0.000458643
2.59559e-06
1.95174e-06
0
5.08607e-06
1.42672e-05
1.02789e-05
6.8415e-07
0.000406845
8.5362e-06
0.000490528
2.46318e-06
1.39595e-06
0
5.20807e-06
1.25188e-05
1.0039e-05
4.19976e-07
0.000437903
9.33098e-06
0.000523527
2.32877e-06
9.98342e-07
0
5.333e-06
1.09826e-05
9.80461e-06
2.57794e-07
0.000470286
1.03472e-05
0.00055752
2.19215e-06
7.13934e-07
0
5.4609e-06
9.63232e-06
9.57566e-06
1.58237e-07
0.000503892
1.15739e-05
0.00059237
2.05307e-06
5.10524e-07
0
5.59187e-06
8.44259e-06
9.35201e-06
9.71267e-08
0.000538592
1.30125e-05
0.000627917
1.91127e-06
3.65056e-07
0
5.72596e-06
7.38495e-06
9.13357e-06
5.96189e-08
0.000574235
1.46731e-05
0.000663988
1.7665e-06
2.6104e-07
0
5.86325e-06
6.41529e-06
8.9202e-06
3.66054e-08
0.000610649
1.65733e-05
0.000700392
1.61847e-06
1.86743e-07
0
6.00382e-06
5.43584e-06
8.71186e-06
2.25099e-08
0.000647642
1.87365e-05
0.000736928
1.46689e-06
1.34401e-07
0
6.14774e-06
4.1778e-06
8.5086e-06
1.39619e-08
0.000685006
2.11914e-05
0.000773389
1.31146e-06
1.0444e-07
0
6.2951e-06
2.45013e-06
8.99886e-07
8.35045e-06
9.67008e-09
0
0
2.47976e-05
6.95735e-06
4.43157e-06
6.41425e-06
1.38977e-06
8.63982e-07
8.23542e-06
7.72737e-09
0
0
2.98819e-05
6.63658e-06
3.19586e-06
6.50417e-06
7.88211e-07
8.30335e-07
8.12197e-06
6.22258e-09
0
0
3.60172e-05
6.33053e-06
2.34996e-06
6.59525e-06
4.47061e-07
7.99192e-07
8.01008e-06
5.0943e-09
0
0
4.33964e-05
6.03853e-06
1.77327e-06
6.68753e-06
2.53642e-07
7.70947e-07
7.89971e-06
4.31578e-09
0
0
5.22495e-05
5.75995e-06
1.3825e-06
6.78108e-06
1.44015e-07
7.46199e-07
7.79086e-06
3.90461e-09
0
0
6.28462e-05
5.49417e-06
1.12021e-06
6.87591e-06
8.19131e-08
7.25849e-07
7.6835e-06
3.94319e-09
0
0
7.54982e-05
5.24061e-06
9.46762e-07
6.97205e-06
4.67723e-08
7.11231e-07
7.57761e-06
4.61774e-09
0
0
9.05603e-05
4.99871e-06
8.34873e-07
7.06953e-06
2.69353e-08
7.04312e-07
7.47317e-06
6.28909e-09
0
0
0.000108431
4.76794e-06
7.65735e-07
7.16836e-06
1.57974e-08
7.07968e-07
7.37016e-06
9.61947e-09
0
0
0.000129547
4.54778e-06
7.26402e-07
7.26856e-06
0
0
0.000154379
4.33776e-06
0
0
0.000183416
4.13741e-06
0
0
0.00021714
3.94629e-06
0
0
0.000255999
3.76397e-06
0
0
0.000300362
3.59006e-06
0
0
0.000350464
3.42416e-06
0
0
0.000406347
3.2659e-06
0
0
0.000467798
3.11499e-06
0
0
0.00053429
2.97218e-06
0
0
0.000604947
2.86983e-06
0
0.000469295
0
0.000319384
0
0.000213322
0
0.000142972
0
9.88718e-05
0
7.31321e-05
0
6.0089e-05
0
5.60466e-05
0
5.88046e-05
0
6.72362e-05
0
8.09742e-05
0
0.000100198
0
0.000125489
0
0.000157723
0
0.000197967
0
0.000247357
0
0.000306934
0
0.000377412
0
0.000458894
0
0.000550564
0
0
0
0
0
0
0
0
0
0
0
0
0
0
0
0
0
0
0
0
END_LIST
