BEGIN_LIST
0.000382667
0.000381846
0.000381025
0.000380206
0.000379387
0.000378569
0.000377753
0.000376937
0.000376122
0.000375308
0.000374495
0.000373681
0.000372866
0.000372045
0.000371208
0.000370329
0.000369343
0.000368086
0.000366141
0.000362451
0.00131345
0.00131313
0.00130899
0.00131226
0.0013034
0.00131136
0.0012964
0.00131041
0.00128766
0.00130941
0.00127682
0.00130837
0.00126344
0.00130727
0.00124702
0.00130612
0.00122706
0.00130491
0.00120302
0.00130365
0.00117437
0.00130232
0.00114068
0.00130093
0.00110166
0.00129947
0.00105726
0.00129794
0.00100786
0.00129634
0.000954482
0.00129466
0.000899326
0.0012929
0.000846881
0.00129105
0.00080615
0.00128896
0.00079452
0.00128062
0
0.000611443
0.000898471
0.000925001
0.00132213
0
0.000637071
0.000883793
0.000890352
0.00132009
0
0.000657731
0.00089935
0.000854454
0.00131752
0
0.000675419
0.000930349
0.000817511
0.00131432
0
0.000691309
0.000967811
0.000779746
0.00131031
0
0.000706099
0.00100682
0.000741403
0.0013053
0
0.000720207
0.00104481
0.000702737
0.00129908
0
0.00073388
0.00108047
0.000664007
0.00129137
0
0.000747267
0.0011132
0.000625471
0.00128183
0
0.000760452
0.00114276
0.000587377
0.00127011
0
0.000773486
0.00116913
0.000549955
0.00125577
0
0.000786393
0.00119241
0.000513413
0.00123833
0
0.000799187
0.0012128
0.000477925
0.00121725
0
0.00081187
0.00123052
0.000443618
0.00119191
0
0.000824442
0.00124582
0.000410546
0.00116153
0
0.0008369
0.00125897
0.000378644
0.00112496
0
0.000849238
0.0012702
0.000347611
0.00108008
0
0.000861449
0.00127976
0.000316679
0.00102222
0
0.000873527
0.00128787
0.000284089
0.000939565
0
0.000885465
0.00129473
0.000245906
0.000798433
0.00109282
0.000409897
0.00124933
0.00118576
0.000981834
0.00129963
7.77166e-05
0.000787346
0
0.000207165
0.00106234
0.000403115
0.00117195
0.00124632
0.000803427
0.00130309
7.5429e-05
0.000665173
0
0.00017374
0.00102918
0.000396398
0.00104922
0.0012681
0.000633768
0.00130616
7.31357e-05
0.000545388
0
0.000166385
0.000993402
0.000389746
0.000883639
0.0012791
0.000491702
0.00130889
7.08342e-05
0.000435007
0
0.000166728
0.000955125
0.000383162
0.000695162
0.00128618
0.000383733
0.00131131
6.85217e-05
0.000338706
0
0.000169334
0.000914542
0.000376646
0.000512274
0.00129153
0.000308074
0.00131347
6.61954e-05
0.000258475
0
0.000172634
0.000871918
0.000370199
0.000357225
0.00129594
0.000259291
0.00131537
6.38524e-05
0.000194086
0
0.000176178
0.000827581
0.000363821
0.00023882
0.00129975
0.000231335
0.00131707
6.14895e-05
0.00014391
0
0.000179838
0.00078192
0.000357513
0.000154955
0.0013031
0.000218948
0.00131857
5.91034e-05
0.000105684
0
0.000183578
0.000735363
0.000351276
9.85339e-05
0.00130607
0.000218065
0.0013199
5.66907e-05
7.70542e-05
0
0.000187387
0.000688368
0.00034511
6.18387e-05
0.00130871
0.000225749
0.00132107
5.42479e-05
5.58807e-05
0
0.000191265
0.0006414
0.000339016
3.84857e-05
0.00131107
0.000239966
0.00132212
5.17709e-05
4.03671e-05
0
0.000195209
0.000594913
0.000332994
2.38263e-05
0.00131317
0.000259345
0.00132304
4.9256e-05
2.90773e-05
0
0.000199221
0.000549322
0.000327045
1.47025e-05
0.00131505
0.000282977
0.00132385
4.66988e-05
2.09019e-05
0
0.000203302
0.000504967
0.000321168
9.05411e-06
0.00131672
0.000310261
0.00132458
4.40948e-05
1.50026e-05
0
0.000207451
0.000462028
0.000315365
5.5688e-06
0.0013182
0.00034079
0.00132522
4.14395e-05
1.07569e-05
0
0.000211669
0.000420286
0.000309636
3.42266e-06
0.00131953
0.000374268
0.00132578
3.87277e-05
7.70696e-06
0
0.000215957
0.000378413
0.000303981
2.10321e-06
0.00132071
0.000410456
0.00132628
3.59543e-05
5.52127e-06
0
0.000220315
0.000331724
0.000298402
1.2941e-06
0.00132176
0.000449129
0.00132672
3.31136e-05
3.97784e-06
0
0.000224744
0.000264817
0.000292902
8.03222e-07
0.00132269
0.000490052
0.00132712
3.02e-05
3.0931e-06
0
0.000229245
0.000162991
6.2126e-05
0.000288588
5.56909e-07
0
0
0.000544857
0.000154768
0.00010366
0.000232859
9.54148e-05
5.96684e-05
0.000285427
4.45764e-07
0
0
0.000613447
0.000148377
8.19177e-05
0.000235571
5.51052e-05
5.73198e-05
0.000282292
3.60203e-07
0
0
0.000684572
0.000142219
6.71026e-05
0.000238305
3.15796e-05
5.5083e-05
0.000279182
2.97025e-07
0
0
0.000756602
0.000136287
5.72129e-05
0.000241063
1.80211e-05
5.29633e-05
0.000276097
2.5526e-07
0
0
0.000827831
0.000130577
5.08004e-05
0.000243844
1.0264e-05
5.09705e-05
0.000273039
2.36921e-07
0
0
0.000896586
0.000125082
4.68341e-05
0.000246651
5.84559e-06
4.91197e-05
0.000270005
2.48504e-07
0
0
0.000961355
0.000119796
4.45882e-05
0.000249482
3.3369e-06
4.74347e-05
0.000266997
3.03814e-07
0
0
0.00102091
0.000114713
4.35555e-05
0.000252338
1.9171e-06
4.59515e-05
0.000264015
4.29058e-07
0
0
0.0010744
0.000109827
4.33838e-05
0.000255219
1.11759e-06
4.47234e-05
0.000261058
6.71914e-07
0
0
0.00112136
0.000105131
4.3829e-05
0.000258126
0
0
0.00116173
0.00010062
0
0
0.00119576
9.6288e-05
0
0
0.00122395
9.21289e-05
0
0
0.00124693
8.81372e-05
0
0
0.00126541
8.43069e-05
0
0
0.0012801
8.06327e-05
0
0
0.00129166
7.71091e-05
0
0
0.00130069
7.37315e-05
0
0
0.00130768
7.05202e-05
0
0
0.00131306
6.82105e-05
0
0.00127753
0
0.00119095
0
0.00105826
0
0.000906934
0
0.000772407
0
0.000678761
0
0.000633667
0
0.000633399
0
0.000669137
0
0.000730823
0
0.000808774
0
0.000894216
0
0.000979585
0
0.00105888
0
0.00112801
0
0.00118489
0
0.00122927
0
0.00126227
0
0.00128575
0
0.00130184
0
0
0
0
0
0
0
0
0
0
0
0
0
0
0
0
0
0
0
0
END_LIST
