BEGIN_LIST
0.000399265
0.000398425
0.000397586
0.000396747
0.00039591
0.000395074
0.000394238
0.000393404
0.00039257
0.000391737
0.000390905
0.000390072
0.000389238
0.000388398
0.000387542
0.000386645
0.000385644
0.000384376
0.000382433
0.000378779
0.00131701
0.00131668
0.0013135
0.001316
0.00130908
0.00131529
0.00130353
0.00131453
0.00129658
0.00131374
0.00128791
0.00131292
0.00127716
0.00131205
0.00126387
0.00131114
0.00124759
0.00131018
0.00122778
0.00130918
0.00120392
0.00130812
0.0011755
0.00130702
0.00114211
0.00130586
0.00110352
0.00130464
0.00105983
0.00130337
0.00101177
0.00130203
0.000961177
0.00130063
0.000912156
0.00129916
0.000873207
0.00129749
0.000860893
0.00129071
0
0.000669138
0.000967487
0.000958425
0.0013246
0
0.000691588
0.000960389
0.000925262
0.00132319
0
0.000710317
0.000977695
0.000890678
0.00132142
0
0.000726791
0.00100687
0.000854847
0.0013192
0
0.000741882
0.00104044
0.000817968
0.00131642
0
0.000756106
0.00107439
0.000780266
0.00131294
0
0.000769775
0.00110673
0.000741982
0.0013086
0
0.000783073
0.0011365
0.000703371
0.00130319
0
0.000796108
0.00116335
0.00066469
0.00129646
0
0.000808943
0.00118722
0.000626195
0.00128812
0
0.000821613
0.00120821
0.00058813
0.00127783
0
0.000834136
0.00122651
0.000550722
0.00126517
0
0.00084652
0.00124235
0.000514166
0.00124966
0
0.000858767
0.00125597
0.000478615
0.0012307
0
0.000870874
0.00126764
0.000444147
0.00120749
0
0.000882839
0.00127757
0.000410715
0.00117879
0
0.000894655
0.00128601
0.000378024
0.0011423
0
0.000906319
0.00129314
0.000345285
0.00109301
0
0.000917824
0.00129917
0.000310654
0.00101824
0
0.000929165
0.00130423
0.000269974
0.000880636
0.00114693
0.000458092
0.00126933
0.00121202
0.0010238
0.00130785
8.61304e-05
0.000841092
0
0.000240112
0.00112186
0.0004509
0.00120724
0.00126406
0.000850231
0.00131039
8.36319e-05
0.00072052
0
0.000200895
0.00109418
0.000443765
0.00110299
0.00128205
0.000679864
0.00131264
8.11273e-05
0.000598727
0
0.000192106
0.00106382
0.000436688
0.000952835
0.00129089
0.000534044
0.00131464
7.86137e-05
0.000483387
0
0.000192347
0.00103079
0.000429671
0.000770154
0.00129647
0.000421642
0.00131642
7.60883e-05
0.000380339
0
0.000195242
0.000995128
0.000422714
0.000581836
0.00130063
0.00034228
0.00131799
7.35479e-05
0.000292766
0
0.000198947
0.000956962
0.00041582
0.000414052
0.00130404
0.000291068
0.00131938
7.09894e-05
0.000221356
0
0.000202932
0.000916478
0.000408989
0.000281022
0.00130696
0.000261997
0.00132061
6.84095e-05
0.000165011
0
0.000207046
0.000873939
0.000402221
0.000184267
0.00130953
0.000249629
0.0013217
6.58045e-05
0.000121675
0
0.000211247
0.000829671
0.000395519
0.000117998
0.0013118
0.000249669
0.00132267
6.31708e-05
8.89834e-05
0
0.000215522
0.000784058
0.000388883
7.43918e-05
0.00131382
0.000258966
0.00132353
6.05044e-05
6.46779e-05
0
0.000219869
0.000737526
0.000382314
4.64328e-05
0.00131562
0.00027531
0.00132428
5.78012e-05
4.67997e-05
0
0.000224287
0.000690526
0.000375813
2.8799e-05
0.00131722
0.000297186
0.00132495
5.5057e-05
3.3752e-05
0
0.000228776
0.000643505
0.000369381
1.77916e-05
0.00131865
0.000323572
0.00132555
5.2267e-05
2.42838e-05
0
0.000233336
0.00059686
0.000363018
1.09645e-05
0.00131992
0.000353765
0.00132607
4.94266e-05
1.74414e-05
0
0.000237968
0.000550831
0.000356725
6.74701e-06
0.00132105
0.000387268
0.00132654
4.65305e-05
1.25115e-05
0
0.000242673
0.000505214
0.000350502
4.14809e-06
0.00132206
0.000423701
0.00132695
4.35734e-05
8.96726e-06
0
0.00024745
0.000458497
0.000344351
2.54953e-06
0.00132295
0.000462736
0.00132731
4.05497e-05
6.42584e-06
0
0.000252299
0.00040514
0.000338274
1.56897e-06
0.00132375
0.000504064
0.00132763
3.74532e-05
4.63047e-06
0
0.000257222
0.000326542
0.000332275
9.74019e-07
0.00132446
0.00054736
0.00132791
3.42777e-05
3.60105e-06
0
0.000262219
0.000203567
7.83824e-05
0.000327563
6.75529e-07
0
0
0.00060462
0.000174857
0.000118046
0.000266228
0.000120176
7.53142e-05
0.000324108
5.40949e-07
0
0
0.000675184
0.000167753
9.4626e-05
0.000269233
6.97498e-05
7.23771e-05
0.000320678
4.37514e-07
0
0
0.000747009
0.000160899
7.87155e-05
0.00027226
4.00864e-05
6.95737e-05
0.000317272
3.61447e-07
0
0
0.000818333
0.000154289
6.81612e-05
0.000275312
2.2913e-05
6.691e-05
0.000313893
3.11753e-07
0
0
0.000887438
0.000147917
6.13983e-05
0.000278388
1.30619e-05
6.4396e-05
0.000310538
2.91184e-07
0
0
0.000952771
0.000141778
5.7309e-05
0.000281489
7.44232e-06
6.20483e-05
0.000307209
3.08172e-07
0
0
0.00101305
0.000135865
5.51045e-05
0.000284615
4.24862e-06
5.98926e-05
0.000303905
3.80426e-07
0
0
0.00106737
0.000130173
5.42328e-05
0.000287766
2.43992e-06
5.79678e-05
0.000300626
5.41433e-07
0
0
0.00111521
0.000124695
5.43102e-05
0.000290943
1.42073e-06
5.63321e-05
0.000297373
8.52007e-07
0
0
0.00115645
0.000119425
5.5071e-05
0.000294145
0
0
0.00119131
0.000114358
0
0
0.00122026
0.000109487
0
0
0.00124391
0.000104806
0
0
0.00126297
0.000100309
0
0
0.00127815
9.5991e-05
0
0
0.00129011
9.18452e-05
0
0
0.00129946
8.78661e-05
0
0
0.00130671
8.40492e-05
0
0
0.0013123
8.04175e-05
0
0
0.00131659
7.78041e-05
0
0.00128627
0
0.00120941
0
0.00108724
0
0.000943989
0
0.000814231
0
0.000723114
0
0.000679631
0
0.000680699
0
0.000717421
0
0.000779281
0
0.000856078
0
0.000938727
0
0.00101969
0
0.00109336
0
0.00115622
0
0.00120689
0
0.00124565
0
0.00127395
0
0.00129376
0
0.00130714
0
0
0
0
0
0
0
0
0
0
0
0
0
0
0
0
0
0
0
0
END_LIST
