BEGIN_LIST
0.000399265
0.000398425
0.000397586
0.000396747
0.00039591
0.000395074
0.000394238
0.000393404
0.00039257
0.000391737
0.000390905
0.000390072
0.000389238
0.000388398
0.000387542
0.000386645
0.000385643
0.000384376
0.000382433
0.000378779
0.00131701
0.00131668
0.0013135
0.001316
0.00130908
0.00131529
0.00130353
0.00131453
0.00129658
0.00131374
0.00128791
0.00131292
0.00127715
0.00131205
0.00126387
0.00131114
0.00124759
0.00131018
0.00122778
0.00130917
0.00120392
0.00130812
0.0011755
0.00130702
0.00114211
0.00130586
0.00110351
0.00130464
0.00105982
0.00130337
0.00101175
0.00130203
0.000961161
0.00130063
0.000912137
0.00129916
0.000873187
0.00129749
0.000860873
0.00129071
0
0.000669121
0.00096747
0.000958422
0.0013246
0
0.000691572
0.000960372
0.000925257
0.00132319
0
0.000710302
0.000977679
0.000890672
0.00132142
0
0.000726777
0.00100686
0.000854838
0.0013192
0
0.000741868
0.00104043
0.000817957
0.00131642
0
0.000756093
0.00107438
0.000780253
0.00131294
0
0.000769762
0.00110672
0.000741967
0.0013086
0
0.000783061
0.00113649
0.000703353
0.00130319
0
0.000796096
0.00116335
0.000664669
0.00129646
0
0.000808931
0.00118722
0.000626171
0.00128812
0
0.000821602
0.00120821
0.000588104
0.00127783
0
0.000834125
0.00122651
0.000550693
0.00126517
0
0.00084651
0.00124235
0.000514135
0.00124966
0
0.000858757
0.00125597
0.000478582
0.0012307
0
0.000870865
0.00126763
0.000444112
0.00120748
0
0.00088283
0.00127757
0.000410678
0.00117877
0
0.000894647
0.00128601
0.000377986
0.00114229
0
0.000906311
0.00129314
0.000345247
0.00109299
0
0.000917816
0.00129917
0.000310615
0.00101821
0
0.000929157
0.00130423
0.000269935
0.000880599
0.00114691
0.000458066
0.00126933
0.00121202
0.00102379
0.00130785
8.61159e-05
0.000841005
0
0.000240088
0.00112183
0.000450874
0.00120724
0.00126405
0.000850221
0.00131039
8.36176e-05
0.000720427
0
0.000200868
0.00109414
0.000443739
0.00110298
0.00128205
0.000679853
0.00131264
8.11131e-05
0.000598633
0
0.000192079
0.00106379
0.000436662
0.000952819
0.00129089
0.000534032
0.00131464
7.85996e-05
0.0004833
0
0.00019232
0.00103075
0.000429645
0.000770134
0.00129647
0.00042163
0.00131642
7.60744e-05
0.000380261
0
0.000195215
0.000995086
0.000422688
0.000581817
0.00130063
0.000342268
0.00131799
7.35342e-05
0.0002927
0
0.00019892
0.000956916
0.000415793
0.000414035
0.00130404
0.000291056
0.00131938
7.09759e-05
0.000221303
0
0.000202905
0.000916429
0.000408962
0.000281009
0.00130696
0.000261984
0.00132061
6.83962e-05
0.000164969
0
0.000207019
0.000873887
0.000402194
0.000184257
0.00130953
0.000249616
0.0013217
6.57915e-05
0.000121642
0
0.000211219
0.000829616
0.000395492
0.000117991
0.0013118
0.000249655
0.00132267
6.31581e-05
8.89584e-05
0
0.000215495
0.000784
0.000388856
7.43869e-05
0.00131382
0.000258953
0.00132353
6.0492e-05
6.46591e-05
0
0.000219841
0.000737467
0.000382287
4.64296e-05
0.00131562
0.000275295
0.00132428
5.77893e-05
4.67857e-05
0
0.000224259
0.000690466
0.000375786
2.87969e-05
0.00131722
0.000297171
0.00132495
5.50454e-05
3.37416e-05
0
0.000228748
0.000643444
0.000369353
1.77903e-05
0.00131865
0.000323556
0.00132555
5.22559e-05
2.42762e-05
0
0.000233308
0.000596799
0.00036299
1.09637e-05
0.00131992
0.000353749
0.00132607
4.94159e-05
1.74359e-05
0
0.00023794
0.00055077
0.000356697
6.74645e-06
0.00132105
0.000387252
0.00132654
4.65203e-05
1.25074e-05
0
0.000242644
0.000505155
0.000350474
4.14774e-06
0.00132206
0.000423684
0.00132695
4.35638e-05
8.9643e-06
0
0.000247421
0.000458439
0.000344323
2.5493e-06
0.00132295
0.000462719
0.00132731
4.05406e-05
6.42368e-06
0
0.000252271
0.000405086
0.000338246
1.56883e-06
0.00132375
0.000504047
0.00132763
3.74448e-05
4.62889e-06
0
0.000257194
0.000326494
0.000332247
9.73926e-07
0.00132446
0.000547344
0.00132791
3.42699e-05
3.5998e-06
0
0.00026219
0.000203534
7.8369e-05
0.000327535
6.75462e-07
0
0
0.000604603
0.000174819
0.000118019
0.000266199
0.000120156
7.5301e-05
0.00032408
5.40893e-07
0
0
0.000675169
0.000167716
9.46041e-05
0.000269204
6.97373e-05
7.2364e-05
0.000320649
4.37468e-07
0
0
0.000746995
0.000160863
7.86969e-05
0.000272232
4.00791e-05
6.95608e-05
0.000317244
3.61407e-07
0
0
0.00081832
0.000154254
6.81449e-05
0.000275283
2.29087e-05
6.68972e-05
0.000313864
3.11715e-07
0
0
0.000887427
0.000147883
6.13836e-05
0.000278359
1.30595e-05
6.43834e-05
0.00031051
2.91145e-07
0
0
0.000952762
0.000141745
5.72953e-05
0.00028146
7.44089e-06
6.20359e-05
0.00030718
3.08124e-07
0
0
0.00101304
0.000135833
5.50915e-05
0.000284586
4.24779e-06
5.98803e-05
0.000303876
3.8036e-07
0
0
0.00106736
0.000130141
5.42203e-05
0.000287738
2.43944e-06
5.79556e-05
0.000300598
5.4133e-07
0
0
0.0011152
0.000124665
5.42979e-05
0.000290915
1.42045e-06
5.63199e-05
0.000297345
8.5184e-07
0
0
0.00115645
0.000119396
5.50588e-05
0.000294117
0
0
0.00119131
0.00011433
0
0
0.00122025
0.000109459
0
0
0.00124391
0.000104779
0
0
0.00126297
0.000100284
0
0
0.00127815
9.59662e-05
0
0
0.00129011
9.18212e-05
0
0
0.00129945
8.78429e-05
0
0
0.00130671
8.40267e-05
0
0
0.0013123
8.03958e-05
0
0
0.00131659
7.77829e-05
0
0.00128627
0
0.00120941
0
0.00108724
0
0.000943984
0
0.000814225
0
0.000723107
0
0.000679625
0
0.000680692
0
0.000717416
0
0.000779276
0
0.000856074
0
0.000938724
0
0.00101969
0
0.00109335
0
0.00115622
0
0.00120689
0
0.00124565
0
0.00127395
0
0.00129376
0
0.00130714
0
0
0
0
0
0
0
0
0
0
0
0
0
0
0
0
0
0
0
0
END_LIST
