BEGIN_LIST
4.16291e-05
4.15052e-05
4.13817e-05
4.12585e-05
4.11357e-05
4.10132e-05
4.0891e-05
4.07692e-05
4.06477e-05
4.05264e-05
4.04054e-05
4.02842e-05
4.01622e-05
4.00379e-05
3.99069e-05
3.97587e-05
3.95664e-05
3.92623e-05
3.8675e-05
3.73709e-05
0.000407588
0.000419106
0.000354111
0.000405006
0.000305885
0.000391203
0.000262887
0.000377703
0.000224928
0.000364511
0.000191706
0.000351631
0.000162845
0.000339068
0.000137931
0.000326822
0.000116543
0.000314896
9.82649e-05
0.000303291
8.27072e-05
0.000292006
6.95093e-05
0.000281041
5.83467e-05
0.000270394
4.89321e-05
0.000260063
4.1018e-05
0.000250046
3.44011e-05
0.000240339
2.89346e-05
0.000230938
2.45615e-05
0.000221833
2.1395e-05
0.000212723
1.99127e-05
0.000190483
0
1.40053e-05
2.09214e-05
6.75327e-05
0.000255452
0
1.60249e-05
1.54371e-05
6.08287e-05
0.000219669
0
1.75412e-05
1.36442e-05
5.47675e-05
0.000188233
0
1.87612e-05
1.37469e-05
4.92917e-05
0.000160802
0
1.98114e-05
1.49007e-05
4.43484e-05
0.000137005
0
2.07695e-05
1.67231e-05
3.98886e-05
0.000116464
0
2.16832e-05
1.9056e-05
3.58674e-05
9.88103e-05
0
2.2582e-05
2.18521e-05
3.22436e-05
8.36931e-05
0
2.34844e-05
2.51207e-05
2.89794e-05
7.07882e-05
0
2.44022e-05
2.89027e-05
2.60402e-05
5.98011e-05
0
2.5343e-05
3.32586e-05
2.33946e-05
5.04678e-05
0
2.63121e-05
3.82637e-05
2.10135e-05
4.25544e-05
0
2.7313e-05
4.4006e-05
1.88705e-05
3.58557e-05
0
2.83485e-05
5.05859e-05
1.69403e-05
3.01931e-05
0
2.94208e-05
5.81165e-05
1.51983e-05
2.54121e-05
0
3.05319e-05
6.67239e-05
1.36177e-05
2.13802e-05
0
3.16834e-05
7.65475e-05
1.21652e-05
1.79845e-05
0
3.28771e-05
8.77407e-05
1.07905e-05
1.51308e-05
0
3.41145e-05
0.00010047
9.40478e-06
1.27439e-05
0
3.53973e-05
0.000114915
7.8338e-06
1.07715e-05
3.45729e-05
7.74203e-06
8.07697e-05
7.42942e-05
4.27735e-05
0.000128327
2.27443e-06
3.2175e-05
0
2.51919e-06
3.03804e-05
7.56079e-06
5.03926e-05
9.74555e-05
2.88034e-05
0.000140294
2.20157e-06
2.31259e-05
0
2.43401e-06
2.6688e-05
7.38377e-06
3.12445e-05
0.00011327
1.9618e-05
0.000153227
2.12861e-06
1.6597e-05
0
2.4509e-06
2.34379e-05
7.21087e-06
1.9297e-05
0.000126847
1.36331e-05
0.000167199
2.05548e-06
1.18986e-05
0
2.49796e-06
2.05786e-05
7.042e-06
1.18894e-05
0.000140206
9.7824e-06
0.000182278
1.98207e-06
8.52363e-06
0
2.55466e-06
1.80643e-05
6.87706e-06
7.31444e-06
0.000154177
7.35531e-06
0.000198529
1.90831e-06
6.1026e-06
0
2.61515e-06
1.58542e-05
6.71597e-06
4.49578e-06
0.000169128
5.88167e-06
0.000216011
1.83407e-06
4.3675e-06
0
2.67779e-06
1.39122e-05
6.55864e-06
2.76175e-06
0.000185246
5.05239e-06
0.000234783
1.75926e-06
3.12484e-06
0
2.74213e-06
1.22064e-05
6.40498e-06
1.69595e-06
0.000202643
4.66567e-06
0.000254894
1.68378e-06
2.23529e-06
0
2.80807e-06
1.07083e-05
6.2549e-06
1.04123e-06
0.000221401
4.59101e-06
0.000276389
1.6075e-06
1.59874e-06
0
2.87561e-06
9.39304e-06
6.10832e-06
6.39187e-07
0.000241586
4.74534e-06
0.000299303
1.53032e-06
1.14334e-06
0
2.94478e-06
8.23849e-06
5.96516e-06
3.92349e-07
0.000263252
5.07715e-06
0.00032366
1.45209e-06
8.17601e-07
0
3.0156e-06
7.22515e-06
5.82534e-06
2.40821e-07
0.000286441
5.55616e-06
0.000349475
1.37271e-06
5.84634e-07
0
3.08813e-06
6.33569e-06
5.68879e-06
1.4781e-07
0.000311184
6.16652e-06
0.000376744
1.29202e-06
4.18032e-07
0
3.1624e-06
5.55452e-06
5.55542e-06
9.07211e-08
0.000337496
6.90234e-06
0.00040545
1.20989e-06
2.98898e-07
0
3.23845e-06
4.86674e-06
5.42517e-06
5.56814e-08
0.000365377
7.76491e-06
0.000435557
1.12617e-06
2.13713e-07
0
3.31632e-06
4.25573e-06
5.29797e-06
3.41767e-08
0.000394807
8.76091e-06
0.000467009
1.04071e-06
1.52808e-07
0
3.39606e-06
3.69592e-06
5.17374e-06
2.09829e-08
0.000425742
9.90125e-06
0.000499728
9.53326e-07
1.09308e-07
0
3.47771e-06
3.13085e-06
5.05246e-06
1.29024e-08
0.00045812
1.12005e-05
0.000533616
8.63861e-07
7.86654e-08
0
3.56132e-06
2.40559e-06
4.93415e-06
8.00244e-09
0.000491851
1.26765e-05
0.000568551
7.72129e-07
6.11262e-08
0
3.64694e-06
1.41031e-06
5.17863e-07
4.84211e-06
5.54237e-09
0
0
1.48481e-05
4.09901e-06
2.609e-06
3.71617e-06
7.99781e-07
4.97199e-07
4.77518e-06
4.4289e-09
0
0
1.79162e-05
3.90956e-06
1.87915e-06
3.76843e-06
4.53537e-07
4.77845e-07
4.70916e-06
3.56653e-09
0
0
2.1629e-05
3.72884e-06
1.37965e-06
3.82136e-06
2.57216e-07
4.59948e-07
4.64406e-06
2.92007e-09
0
0
2.61098e-05
3.55646e-06
1.03911e-06
3.875e-06
1.45924e-07
4.43742e-07
4.57985e-06
2.4743e-09
0
0
3.15076e-05
3.39202e-06
8.0831e-07
3.92937e-06
8.28495e-08
4.29579e-07
4.51653e-06
2.23941e-09
0
0
3.80005e-05
3.23518e-06
6.53311e-07
3.98449e-06
4.7121e-08
4.17992e-07
4.45408e-06
2.26289e-09
0
0
4.57987e-05
3.08557e-06
5.5072e-07
4.04038e-06
2.69044e-08
4.09769e-07
4.39249e-06
2.65192e-09
0
0
5.51483e-05
2.94286e-06
4.84427e-07
4.09705e-06
1.54924e-08
4.06068e-07
4.33175e-06
3.61413e-09
0
0
6.63354e-05
2.80674e-06
4.43335e-07
4.15451e-06
9.08483e-09
4.08588e-07
4.27185e-06
5.53052e-09
0
0
7.96893e-05
2.67691e-06
4.19807e-07
4.21277e-06
0
0
9.55836e-05
2.55307e-06
0
0
0.000114437
2.43495e-06
0
0
0.000136709
2.32229e-06
0
0
0.00016289
2.21483e-06
0
0
0.00019349
2.11233e-06
0
0
0.000229008
2.01457e-06
0
0
0.000269902
1.92133e-06
0
0
0.000316542
1.83242e-06
0
0
0.000369149
1.7483e-06
0
0
0.000427734
1.68802e-06
0
0.000322213
0
0.000212259
0
0.00013867
0
9.1536e-05
0
6.26045e-05
0
4.59038e-05
0
3.74538e-05
0
3.47653e-05
0
3.63976e-05
0
4.16342e-05
0
5.02676e-05
0
6.24651e-05
0
7.86896e-05
0
9.96526e-05
0
0.000126281
0
0.000159683
0
0.000201092
0
0.000251772
0
0.000312866
0
0.000385172
0
0
0
0
0
0
0
0
0
0
0
0
0
0
0
0
0
0
0
0
END_LIST
