BEGIN_LIST
0.000242646
0.000242047
0.00024145
0.000240853
0.000240258
0.000239664
0.000239071
0.000238478
0.000237887
0.000237297
0.000236707
0.000236118
0.000235526
0.000234928
0.000234313
0.000233653
0.000232876
0.000231803
0.000229981
0.00022626
0.00122305
0.00122498
0.00119777
0.00122
0.00116771
0.00121481
0.00113244
0.0012094
0.00109165
0.00120378
0.00104525
0.00119792
0.000993391
0.00119183
0.000936518
0.00118551
0.000875374
0.00117893
0.00081097
0.0011721
0.000744523
0.00116502
0.00067737
0.00115767
0.000610874
0.00115005
0.000546349
0.00114215
0.000485028
0.00113397
0.00042814
0.00112551
0.000377173
0.00111676
0.00033455
0.0011077
0.000305152
0.00109779
0.000299539
0.00106506
0
0.000221647
0.000336581
0.000575475
0.00121042
0
0.000246991
0.000286373
0.000538193
0.00118395
0
0.00026574
0.000276134
0.000501886
0.00115284
0
0.000280619
0.000288083
0.000466738
0.00111674
0
0.000293239
0.000312593
0.000432904
0.00107545
0
0.000304567
0.000344778
0.00040051
0.00102895
0
0.000315186
0.000382197
0.000369653
0.00097746
0
0.000325449
0.000423584
0.000340402
0.000921463
0
0.000335568
0.000468191
0.000312798
0.00086169
0
0.000345675
0.000515475
0.000286857
0.000799094
0
0.000355846
0.000564934
0.000262574
0.00073479
0
0.000366129
0.000616044
0.000239923
0.000669972
0
0.000376552
0.000668233
0.000218855
0.000605822
0
0.000387129
0.000720881
0.000199303
0.000543419
0
0.000397869
0.00077334
0.000181164
0.00048365
0
0.000408775
0.000824956
0.000164285
0.000427116
0
0.000419848
0.000875103
0.00014841
0.000373992
0
0.000431086
0.000923207
0.000133064
0.000323753
0
0.000442485
0.000968777
0.000117311
0.000274525
0
0.000454042
0.00101142
9.92004e-05
0.000221516
0.000498154
0.000129897
0.000845852
0.000773233
0.000529165
0.00104454
2.97189e-05
0.00037225
0
4.95937e-05
0.000455846
0.000127128
0.000655616
0.00089633
0.00038584
0.00106958
2.87917e-05
0.000285935
0
4.4904e-05
0.000415517
0.000124412
0.000476779
0.000958266
0.000277101
0.00109303
2.78625e-05
0.000215821
0
4.42739e-05
0.000377375
0.000121749
0.000328998
0.000998734
0.000199067
0.00111489
2.69302e-05
0.000160667
0
4.48248e-05
0.000341565
0.000119137
0.00021827
0.00103036
0.000145446
0.0011352
2.59937e-05
0.000118348
0
4.57299e-05
0.000308172
0.000116576
0.00014088
0.00105763
0.000110032
0.00115398
2.50517e-05
8.64818e-05
0
4.67532e-05
0.000277229
0.000114065
8.92732e-05
0.00108225
8.77093e-05
0.0011713
2.4103e-05
6.28219e-05
0
4.78273e-05
0.00024872
0.000111603
5.59021e-05
0.00110487
7.46282e-05
0.0011872
2.31462e-05
4.54362e-05
0
4.89335e-05
0.000222593
0.00010919
3.4742e-05
0.00112575
6.80508e-05
0.00120175
2.21801e-05
3.27575e-05
0
5.00666e-05
0.000198764
0.000106824
2.14896e-05
0.00114505
6.60999e-05
0.00121502
2.12031e-05
2.35622e-05
0
5.12256e-05
0.000177124
0.000104506
1.32533e-05
0.00116283
6.75257e-05
0.0012271
2.02137e-05
1.69199e-05
0
5.24106e-05
0.00015755
0.000102234
8.15885e-06
0.00117917
7.15199e-05
0.00123805
1.92105e-05
1.21354e-05
0
5.36219e-05
0.000139906
0.000100007
5.01702e-06
0.00119415
7.75785e-05
0.00124795
1.81916e-05
8.69637e-06
0
5.48601e-05
0.000124047
9.78252e-05
3.08293e-06
0.00120783
8.54055e-05
0.00125689
1.71554e-05
6.22803e-06
0
5.61256e-05
0.000109823
9.56874e-05
1.89364e-06
0.00122031
9.4846e-05
0.00126494
1.61001e-05
4.45832e-06
0
5.74191e-05
9.7062e-05
9.35929e-05
1.16285e-06
0.00123164
0.000105842
0.00127218
1.50236e-05
3.19046e-06
0
5.87411e-05
8.5528e-05
9.1541e-05
7.13999e-07
0.00124193
0.000118399
0.00127867
1.39241e-05
2.28271e-06
0
6.00921e-05
7.47825e-05
8.95311e-05
4.3848e-07
0.00125124
0.00013257
0.00128448
1.27993e-05
1.63371e-06
0
6.14727e-05
6.37417e-05
8.75629e-05
2.69678e-07
0.00125965
0.000148436
0.00128967
1.1647e-05
1.17618e-06
0
6.28836e-05
4.92939e-05
8.56373e-05
1.6729e-07
0.00126723
0.000166096
0.00129431
1.04649e-05
9.14182e-07
0
6.43252e-05
2.91313e-05
1.0761e-05
8.41358e-05
1.15877e-07
0
0
0.000191356
5.48797e-05
3.54484e-05
6.54888e-05
1.66084e-05
1.03279e-05
8.30416e-05
9.26039e-08
0
0
0.000225722
5.24355e-05
2.62031e-05
6.63657e-05
9.44697e-06
9.91834e-06
8.19606e-05
7.45782e-08
0
0
0.000265289
5.0096e-05
1.9865e-05
6.72527e-05
5.36711e-06
9.53415e-06
8.08929e-05
6.10656e-08
0
0
0.000310304
4.78572e-05
1.55551e-05
6.81504e-05
3.04797e-06
9.17806e-06
7.98382e-05
5.17483e-08
0
0
0.000360885
4.57149e-05
1.26562e-05
6.90592e-05
1.73156e-06
8.85445e-06
7.87965e-05
4.68406e-08
0
0
0.000416959
4.36655e-05
1.07381e-05
6.99794e-05
9.8519e-07
8.57002e-06
7.77675e-05
4.73366e-08
0
0
0.000478193
4.1705e-05
9.50158e-06
7.0911e-05
5.6264e-07
8.33483e-06
7.67512e-05
5.54785e-08
0
0
0.000543952
3.98299e-05
8.73969e-06
7.18543e-05
3.24036e-07
8.16373e-06
7.57473e-05
7.56092e-08
0
0
0.000613277
3.80368e-05
8.30926e-06
7.28095e-05
1.90037e-07
8.07864e-06
7.47559e-05
1.15697e-07
0
0
0.000684901
3.63222e-05
8.11158e-06
7.37766e-05
0
0
0.000757317
3.46829e-05
0
0
0.000828876
3.31157e-05
0
0
0.000897925
3.16177e-05
0
0
0.000962958
3.0186e-05
0
0
0.00102274
2.88177e-05
0
0
0.00107641
2.75101e-05
0
0
0.00112351
2.62607e-05
0
0
0.00116397
2.50674e-05
0
0
0.00119804
2.39365e-05
0
0
0.00122622
2.3125e-05
0
0.00112309
0
0.000945002
0
0.000748992
0
0.000573682
0
0.000441056
0
0.00035574
0
0.000312744
0
0.000304349
0
0.000323578
0
0.000365135
0
0.000425123
0
0.00050036
0
0.000587684
0
0.000683451
0
0.000783336
0
0.000882508
0
0.000976136
0
0.00106008
0
0.0011315
0
0.00118922
0
0
0
0
0
0
0
0
0
0
0
0
0
0
0
0
0
0
0
0
END_LIST
