time,Integral
0,0
0
1,1.07427e-08
1.07427e-08
2,2.14515e-08
2.14515e-08
3,3.21546e-08
3.21546e-08
4,4.28526e-08
4.28526e-08
5,5.35455e-08
5.35455e-08
6,6.42333e-08
6.42333e-08
7,7.4916e-08
7.4916e-08
8,8.55936e-08
8.55936e-08
9,9.62661e-08
9.62661e-08
10,1.06933e-07
1.06933e-07
11,1.17596e-07
1.17596e-07
12,1.17564e-07
1.17564e-07
13,1.17564e-07
1.17564e-07
14,1.17564e-07
1.17564e-07
15,1.17564e-07
1.17564e-07
16,1.17564e-07
1.17564e-07
17,1.17564e-07
1.17564e-07
18,1.17564e-07
1.17564e-07
19,1.17564e-07
1.17564e-07
20,1.17564e-07
1.17564e-07
