time,branch0,branch1,branch2,branch3,branch4,branch5,branch6,branch7,branch8,branch9,branch10,branch11,branch12,branch13,branch14,branch15,branch16,branch17,branch18,branch19,branch20,branch21,branch22,branch23,branch24,branch25,branch26,branch27,0,0,0,0,0,0,0,0,0,0,0,0,0,0,0,0,0,0,0,0,0,0,0,0,0,0,0,0,0,
1,5.11574e-09,6.08116e-11,8.18777e-11,3.15064e-12,1.30939e-10,1.31745e-11,1.10176e-13,1.2534e-10,1.27872e-09,3.20875e-09,1.20098e-10,2.61799e-09,1.60515e-10,3.68274e-09,8.26492e-10,3.57301e-09,2.00138e-09,2.7666e-09,5.15574e-12,6.43761e-13,5.14684e-13,1.05949e-11,3.60144e-09,3.33459e-09,6.22356e-10,1.22224e-12,2.14671e-12,1.47137e-11,
2,1.00693e-08,1.27486e-10,1.71884e-10,6.67925e-12,2.72218e-10,2.7645e-11,2.31701e-13,2.58777e-10,2.59934e-09,6.44212e-09,2.46196e-10,5.19287e-09,3.30841e-10,7.34704e-09,1.7255e-09,7.27718e-09,3.97369e-09,5.42781e-09,1.13861e-11,1.33843e-12,1.10989e-12,2.32276e-11,7.32083e-09,6.59204e-09,1.27046e-09,2.58474e-12,4.52282e-12,3.08508e-11,
3,1.49007e-08,1.99681e-10,2.69347e-10,1.04977e-11,4.19391e-10,4.27467e-11,3.58542e-13,3.97282e-10,3.9565e-09,9.67379e-09,3.75753e-10,7.74731e-09,5.07609e-10,1.09735e-08,2.68035e-09,1.10383e-08,5.93308e-09,8.03994e-09,1.81717e-11,2.08614e-12,1.748e-12,3.69807e-11,1.11269e-08,9.79565e-09,1.93999e-09,4.01594e-12,7.00402e-12,4.76902e-11,
4,1.96106e-08,2.77935e-10,3.74967e-10,1.46313e-11,5.72609e-10,5.84861e-11,4.90729e-13,5.41004e-10,5.35036e-09,1.2903e-08,5.08846e-10,1.02818e-08,6.91028e-10,1.45606e-08,3.69447e-09,1.48528e-08,7.88005e-09,1.06039e-08,2.55222e-11,2.89633e-12,2.43039e-12,5.18948e-11,1.50185e-08,1.2946e-08,2.63152e-09,5.51694e-12,9.59047e-12,6.52405e-11,
5,2.41991e-08,3.62838e-10,4.89531e-10,1.91106e-11,7.32123e-10,7.48907e-11,6.28496e-13,6.90143e-10,6.78098e-09,1.61288e-08,6.4558e-10,1.27967e-08,8.81352e-10,1.81068e-08,4.77176e-09,1.87178e-08,9.81497e-09,1.31204e-08,3.349e-11,3.77548e-12,3.16079e-12,6.80801e-11,1.89939e-08,1.60434e-08,3.34562e-09,7.09177e-12,1.22867e-11,8.35327e-11,
6,2.86667e-08,4.55037e-10,6.13904e-10,2.39698e-11,8.98194e-10,9.19899e-11,7.72095e-13,8.44905e-10,8.24832e-09,1.93505e-08,7.86062e-10,1.52924e-08,1.07884e-09,2.16102e-08,5.91638e-09,2.26298e-08,1.17382e-08,1.559e-08,4.21352e-11,4.73039e-12,3.94337e-12,8.56612e-11,2.30515e-08,1.90884e-08,4.08288e-09,8.7448e-12,1.50977e-11,1.02599e-10,
7,3.3014e-08,5.55247e-10,7.49044e-10,2.92466e-11,1.07109e-09,1.09814e-10,9.21786e-13,1.0055e-09,9.75229e-09,2.25672e-08,9.304e-10,1.7769e-08,1.28377e-09,2.50694e-08,7.13269e-09,2.65851e-08,1.36501e-08,1.80132e-08,5.15243e-11,5.76854e-12,4.7827e-12,1.04776e-10,2.7189e-08,2.20813e-08,4.84385e-09,1.04807e-11,1.80284e-11,1.22474e-10,
8,3.72414e-08,6.64255e-10,8.96003e-10,3.49828e-11,1.25111e-09,1.28395e-10,1.07784e-12,1.17216e-09,1.12927e-08,2.57781e-08,1.07871e-09,2.02269e-08,1.49641e-09,2.84829e-08,8.42528e-09,3.05794e-08,1.55509e-08,2.03907e-08,6.17307e-11,6.8982e-12,5.68383e-12,1.25577e-10,3.14039e-08,2.50222e-08,5.62912e-09,1.23047e-11,2.10843e-11,1.43193e-10,
9,4.13497e-08,7.82932e-10,1.05594e-09,4.12248e-11,1.43852e-09,1.47766e-10,1.24055e-12,1.3451e-09,1.28694e-08,2.89821e-08,1.2311e-09,2.26665e-08,1.71706e-09,3.18491e-08,9.79896e-09,3.46081e-08,1.74411e-08,2.27231e-08,7.28354e-11,8.12851e-12,6.65228e-12,1.48233e-10,3.56931e-08,2.79116e-08,6.43925e-09,1.42219e-11,2.42707e-11,1.64793e-10,
10,4.53398e-08,9.12233e-10,1.23013e-09,4.80239e-11,1.63364e-09,1.67961e-10,1.41021e-12,1.52456e-09,1.44819e-08,3.21786e-08,1.3877e-09,2.50879e-08,1.94599e-09,3.51667e-08,1.12588e-08,3.86663e-08,1.93208e-08,2.50109e-08,8.49278e-11,9.46953e-12,7.69412e-12,1.72929e-10,4.00532e-08,3.07497e-08,7.2748e-09,1.62385e-11,2.75935e-11,1.87312e-10,
11,4.92125e-08,1.05321e-09,1.41997e-09,5.54369e-11,1.83678e-09,1.89017e-10,1.58713e-12,1.71078e-09,1.613e-08,3.53664e-08,1.54862e-09,2.74914e-08,2.18352e-09,3.84343e-08,1.28099e-08,4.27485e-08,2.11903e-08,2.72548e-08,9.81063e-11,1.09324e-11,8.81602e-12,1.99869e-10,4.44802e-08,3.35367e-08,8.13633e-09,1.83605e-11,3.10587e-11,2.1079e-10,
12,5.29688e-08,1.20702e-09,1.62699e-09,6.35267e-11,2.04826e-09,2.10971e-10,1.77164e-12,1.904e-09,1.78132e-08,3.85447e-08,1.71398e-09,2.98774e-08,2.42995e-09,4.16506e-08,1.44578e-08,4.68489e-08,2.30498e-08,2.94554e-08,1.1248e-10,1.25293e-11,1.00253e-11,2.29278e-10,4.89696e-08,3.62728e-08,9.02438e-09,2.05949e-11,3.46725e-11,2.3527e-10,
13,5.661e-08,1.37493e-09,1.85289e-09,7.23629e-11,2.26843e-09,2.33862e-10,1.96407e-12,2.10448e-09,1.95309e-08,4.17125e-08,1.88393e-09,3.2246e-08,2.6856e-09,4.48143e-08,1.6208e-08,5.09611e-08,2.48997e-08,3.16133e-08,1.28167e-10,1.42737e-11,1.13299e-11,2.61406e-10,5.35163e-08,3.89582e-08,9.93948e-09,2.29488e-11,3.84416e-11,2.60794e-10,
14,6.01372e-08,1.55832e-09,2.09948e-09,8.20225e-11,2.49763e-09,2.5773e-10,2.16479e-12,2.31247e-09,2.12826e-08,4.48688e-08,2.05857e-09,3.45975e-08,2.95079e-09,4.79245e-08,1.80663e-08,5.50785e-08,2.67401e-08,3.3729e-08,1.45299e-10,1.61804e-11,1.27387e-11,2.96523e-10,5.81149e-08,4.1593e-08,1.08822e-08,2.54302e-11,4.23727e-11,2.87409e-10,
15,6.35517e-08,1.75872e-09,2.36879e-09,9.25903e-11,2.73621e-09,2.82619e-10,2.37415e-12,2.52824e-09,2.30676e-08,4.80126e-08,2.23805e-09,3.69322e-08,3.22586e-09,5.098e-08,2.00384e-08,5.91939e-08,2.85712e-08,3.58033e-08,1.6402e-10,1.82655e-11,1.42612e-11,3.34928e-10,6.27591e-08,4.41773e-08,1.18529e-08,2.80475e-11,4.64731e-11,3.15161e-10,
16,6.68551e-08,1.97778e-09,2.66298e-09,1.0416e-10,2.98456e-09,3.08572e-10,2.59256e-12,2.75205e-09,2.48853e-08,5.1143e-08,2.42251e-09,3.92502e-08,3.51113e-09,5.39798e-08,2.21301e-08,6.33e-08,3.03932e-08,3.78366e-08,1.84488e-10,2.05469e-11,1.59078e-11,3.76948e-10,6.74419e-08,4.67113e-08,1.28522e-08,3.08099e-11,5.075e-11,3.441e-10,
17,7.00488e-08,2.21728e-09,2.98441e-09,1.16835e-10,3.24306e-09,3.35636e-10,2.82041e-12,2.9842e-09,2.67348e-08,5.42588e-08,2.61207e-09,4.15519e-08,3.80695e-09,5.69231e-08,2.43473e-08,6.7389e-08,3.22062e-08,3.98296e-08,2.06872e-10,2.30438e-11,1.76899e-11,4.22938e-10,7.2156e-08,4.91952e-08,1.38805e-08,3.37272e-11,5.52112e-11,3.74277e-10,
18,7.31345e-08,2.47918e-09,3.33563e-09,1.30728e-10,3.51211e-09,3.63857e-10,3.05813e-12,3.22494e-09,2.86154e-08,5.7359e-08,2.80688e-09,4.38373e-08,4.11368e-09,5.9809e-08,2.66958e-08,7.14526e-08,3.40104e-08,4.17829e-08,2.31362e-10,2.57773e-11,1.96199e-11,4.73287e-10,7.68931e-08,5.1629e-08,1.49383e-08,3.68101e-11,5.98649e-11,4.05746e-10,
19,7.6114e-08,2.76557e-09,3.71939e-09,1.45963e-10,3.79211e-09,3.93287e-10,3.30616e-12,3.47458e-09,3.05262e-08,6.04425e-08,3.00708e-09,4.61068e-08,4.43165e-09,6.26368e-08,2.91812e-08,7.54827e-08,3.58059e-08,4.36971e-08,2.58159e-10,2.87702e-11,2.17112e-11,5.28414e-10,8.16442e-08,5.40127e-08,1.60259e-08,4.00701e-11,6.47194e-11,4.38562e-10,
20,7.89891e-08,3.0787e-09,4.1386e-09,1.62678e-10,4.0835e-09,4.23978e-10,3.56495e-12,3.73339e-09,3.24663e-08,6.35082e-08,3.21281e-09,4.83605e-08,4.76124e-09,6.54059e-08,3.18089e-08,7.94706e-08,3.75929e-08,4.55727e-08,2.87483e-10,3.20473e-11,2.39781e-11,5.88775e-10,8.63999e-08,5.63466e-08,1.71438e-08,4.35194e-11,6.97836e-11,4.72783e-10,
21,8.17617e-08,3.42098e-09,4.59639e-09,1.8102e-10,4.38671e-09,4.55983e-10,3.83499e-12,4.00168e-09,3.44347e-08,6.65551e-08,3.42423e-09,5.05986e-08,5.1028e-09,6.81157e-08,3.45839e-08,8.34077e-08,3.93714e-08,4.74104e-08,3.1957e-10,3.56351e-11,2.64362e-11,6.54858e-10,9.11498e-08,5.86307e-08,1.82924e-08,4.71712e-11,7.50666e-11,5.0847e-10,
22,8.44337e-08,3.79497e-09,5.09606e-09,2.01152e-10,4.7022e-09,4.89359e-10,4.11677e-12,4.27974e-09,3.64306e-08,6.95821e-08,3.64149e-09,5.28213e-08,5.45669e-09,7.07659e-08,3.75108e-08,8.72853e-08,4.11414e-08,4.92108e-08,3.54673e-10,3.9562e-11,2.91021e-11,7.27188e-10,9.58829e-08,6.08652e-08,1.94718e-08,5.10399e-11,8.0578e-11,5.45686e-10,
23,8.70072e-08,4.20336e-09,5.64107e-09,2.2325e-10,5.03043e-09,5.24165e-10,4.41083e-12,4.56788e-09,3.84527e-08,7.25879e-08,3.86472e-09,5.50288e-08,5.82329e-09,7.33559e-08,4.05938e-08,9.10947e-08,4.29032e-08,5.09744e-08,3.93063e-10,4.38585e-11,3.19935e-11,8.06324e-10,1.00588e-07,6.305e-08,2.06825e-08,5.51406e-11,8.63277e-11,5.84496e-10,
24,8.94844e-08,4.64899e-09,6.23503e-09,2.47502e-10,5.37189e-09,5.60461e-10,4.7177e-12,4.86638e-09,4.05002e-08,7.55714e-08,4.09409e-09,5.72213e-08,6.20296e-09,7.58856e-08,4.38363e-08,9.48274e-08,4.46567e-08,5.27019e-08,4.35025e-10,4.85566e-11,3.51292e-11,8.92856e-10,1.05252e-07,6.51854e-08,2.19246e-08,5.94897e-11,9.23262e-11,6.24968e-10,
25,9.18673e-08,5.13479e-09,6.88164e-09,2.74115e-10,5.72707e-09,5.98313e-10,5.03796e-12,5.17557e-09,4.2572e-08,7.85315e-08,4.32975e-09,5.93989e-08,6.59607e-09,7.83548e-08,4.72408e-08,9.84749e-08,4.6402e-08,5.43938e-08,4.80862e-10,5.36903e-11,3.85288e-11,9.87407e-10,1.09863e-07,6.72714e-08,2.31985e-08,6.41045e-11,9.85843e-11,6.67174e-10,
26,9.41583e-08,5.66379e-09,7.58471e-09,3.03308e-10,6.09648e-09,6.37785e-10,5.37219e-12,5.49574e-09,4.46669e-08,8.14671e-08,4.57186e-09,6.15617e-08,7.003e-09,8.07633e-08,5.08091e-08,1.02029e-07,4.81391e-08,5.60507e-08,5.3089e-10,5.92948e-11,4.22131e-11,1.09063e-09,1.14408e-07,6.93082e-08,2.45042e-08,6.90034e-11,1.05113e-10,7.11187e-10,
27,9.63597e-08,6.23907e-09,8.34805e-09,3.35316e-10,6.48065e-09,6.78948e-10,5.72102e-12,5.82719e-09,4.6784e-08,8.43769e-08,4.82056e-09,6.371e-08,7.42409e-09,8.31111e-08,5.45418e-08,1.05483e-07,4.9868e-08,5.76731e-08,5.85435e-10,6.54068e-11,4.62033e-11,1.20319e-09,1.18874e-07,7.1296e-08,2.58418e-08,7.42061e-11,1.11925e-10,7.57085e-10,
28,9.84736e-08,6.86372e-09,9.17545e-09,3.70387e-10,6.88012e-09,7.21873e-10,6.08508e-12,6.17024e-09,4.89221e-08,8.72597e-08,5.07603e-09,6.58438e-08,7.85973e-09,8.53984e-08,5.84383e-08,1.08828e-07,5.15887e-08,5.92617e-08,6.44833e-10,7.20637e-11,5.05216e-11,1.32578e-09,1.23246e-07,7.32349e-08,2.72115e-08,7.97332e-11,1.19032e-10,8.04947e-10,
29,1.00503e-07,7.54081e-09,1.00706e-08,4.08784e-10,7.29544e-09,7.66634e-10,6.46505e-12,6.52518e-09,5.10801e-08,9.01145e-08,5.33842e-09,6.79634e-08,8.31026e-09,8.76253e-08,6.24967e-08,1.1206e-07,5.33013e-08,6.0817e-08,7.09426e-10,7.93037e-11,5.51903e-11,1.45911e-09,1.27512e-07,7.51251e-08,2.86132e-08,8.56065e-11,1.26446e-10,8.54858e-10,
30,1.02449e-07,8.27332e-09,1.10371e-08,4.50785e-10,7.72719e-09,8.13311e-10,6.86162e-12,6.89232e-09,5.32569e-08,9.294e-08,5.60788e-09,7.00688e-08,8.77604e-09,8.9792e-08,6.67135e-08,1.15171e-07,5.50058e-08,6.23396e-08,7.79557e-10,8.71648e-11,6.02319e-11,1.60387e-09,1.31658e-07,7.69668e-08,3.00469e-08,9.18488e-11,1.34182e-10,9.06903e-10,
31,1.04315e-07,9.06408e-09,1.20781e-08,4.96676e-10,8.17595e-09,8.61983e-10,7.27552e-12,7.27195e-09,5.54515e-08,9.57351e-08,5.88458e-09,7.21602e-08,9.25742e-09,9.18989e-08,7.10839e-08,1.18157e-07,5.6702e-08,6.383e-08,8.55566e-10,9.5685e-11,6.56689e-11,1.76075e-09,1.35673e-07,7.87603e-08,3.15126e-08,9.84839e-11,1.42253e-10,9.61174e-10,
32,1.06103e-07,9.91574e-09,1.31966e-08,5.46758e-10,8.64233e-09,9.12736e-10,7.70751e-12,7.66436e-09,5.76626e-08,9.84985e-08,6.16867e-09,7.42376e-08,9.75474e-09,9.39463e-08,7.56014e-08,1.21013e-07,5.83901e-08,6.52888e-08,9.37786e-10,1.04901e-10,7.15232e-11,1.93042e-09,1.39542e-07,8.05059e-08,3.30101e-08,1.05537e-10,1.50674e-10,1.01776e-09,
33,1.07815e-07,1.08307e-08,1.43952e-08,6.01337e-10,9.12693e-09,9.65656e-10,8.15835e-12,8.06984e-09,5.98893e-08,1.01229e-07,6.46031e-09,7.63013e-08,1.02683e-08,9.59348e-08,8.02576e-08,1.23736e-07,6.007e-08,6.67166e-08,1.02654e-09,1.14848e-10,7.7816e-11,2.11354e-09,1.43257e-07,8.22037e-08,3.45392e-08,1.13032e-10,1.5946e-10,1.07677e-09,
34,1.09454e-07,1.1811e-08,1.56759e-08,6.60729e-10,9.63039e-09,1.02084e-09,8.62887e-12,8.48868e-09,6.21304e-08,1.03926e-07,6.75965e-09,7.83512e-08,1.07985e-08,9.78648e-08,8.50424e-08,1.26325e-07,6.17415e-08,6.81138e-08,1.12211e-09,1.25558e-10,8.45673e-11,2.3107e-09,1.46807e-07,8.38542e-08,3.60996e-08,1.20997e-10,1.68627e-10,1.1383e-09,
35,1.11023e-07,1.28582e-08,1.70401e-08,7.25254e-10,1.01534e-08,1.07837e-09,9.11991e-12,8.92113e-09,6.4385e-08,1.06588e-07,7.06686e-09,8.03875e-08,1.13455e-08,9.97369e-08,8.99442e-08,1.28777e-07,6.34048e-08,6.94811e-08,1.2248e-09,1.37063e-10,9.17957e-11,2.52244e-09,1.50183e-07,8.54578e-08,3.76911e-08,1.29458e-10,1.78191e-10,1.20245e-09,
36,1.12523e-07,1.39737e-08,1.84887e-08,7.95234e-10,1.06965e-08,1.13836e-09,9.63236e-12,9.36746e-09,6.66518e-08,1.09213e-07,7.38209e-09,8.24104e-08,1.19097e-08,1.01552e-07,9.49492e-08,1.31092e-07,6.50598e-08,7.08189e-08,1.33483e-09,1.49388e-10,9.95181e-11,2.74926e-09,1.5338e-07,8.70147e-08,3.93132e-08,1.38443e-10,1.88169e-10,1.26933e-09,
37,1.13957e-07,1.51583e-08,2.0022e-08,8.70993e-10,1.12604e-08,1.2009e-09,1.01671e-11,9.82793e-09,6.893e-08,1.11802e-07,7.70548e-09,8.44198e-08,1.24913e-08,1.03311e-07,1.00042e-07,1.3327e-07,6.67064e-08,7.21279e-08,1.45243e-09,1.62557e-10,1.07749e-10,2.99155e-09,1.56391e-07,8.85254e-08,4.09655e-08,1.47979e-10,1.9858e-10,1.33907e-09,
38,1.15327e-07,1.6412e-08,2.16392e-08,9.52855e-10,1.18459e-08,1.2661e-09,1.07251e-11,1.03028e-08,7.12184e-08,1.14352e-07,8.03719e-09,8.64159e-08,1.30906e-08,1.05013e-07,1.05207e-07,1.35313e-07,6.83445e-08,7.34084e-08,1.57777e-09,1.76587e-10,1.16502e-10,3.24965e-09,1.59213e-07,8.99904e-08,4.26475e-08,1.58094e-10,2.09442e-10,1.41177e-09,
39,1.16635e-07,1.77348e-08,2.33393e-08,1.04114e-09,1.24536e-08,1.33408e-09,1.13074e-11,1.07922e-08,7.35162e-08,1.16862e-07,8.37736e-09,8.83987e-08,1.37078e-08,1.06662e-07,1.10424e-07,1.37223e-07,6.99742e-08,7.46611e-08,1.71097e-09,1.91494e-10,1.25785e-10,3.52381e-09,1.61846e-07,9.14101e-08,4.43587e-08,1.68817e-10,2.20775e-10,1.48757e-09,
40,1.17885e-07,1.91259e-08,2.51202e-08,1.13617e-09,1.30843e-08,1.40495e-09,1.19149e-11,1.12965e-08,7.58222e-08,1.19333e-07,8.72613e-09,9.03683e-08,1.43431e-08,1.08256e-07,1.15674e-07,1.39003e-07,7.15953e-08,7.58865e-08,1.85215e-09,2.07287e-10,1.35608e-10,3.81416e-09,1.6429e-07,9.27851e-08,4.60984e-08,1.80176e-10,2.32599e-10,1.56658e-09,
41,1.19077e-07,2.05839e-08,2.69794e-08,1.23825e-09,1.37385e-08,1.47882e-09,1.25487e-11,1.18158e-08,7.81356e-08,1.21762e-07,9.08365e-09,9.23248e-08,1.49967e-08,1.09797e-07,1.20937e-07,1.40656e-07,7.32078e-08,7.7085e-08,2.00134e-09,2.23969e-10,1.45975e-10,4.12079e-09,1.66548e-07,9.4116e-08,4.78659e-08,1.922e-10,2.44935e-10,1.64895e-09,
42,1.20215e-07,2.21071e-08,2.89136e-08,1.34769e-09,1.44172e-08,1.55583e-09,1.32099e-11,1.23502e-08,8.04553e-08,1.24149e-07,9.45004e-09,9.42682e-08,1.56688e-08,1.11286e-07,1.26191e-07,1.42188e-07,7.48116e-08,7.82572e-08,2.15856e-09,2.41542e-10,1.56889e-10,4.44367e-09,1.68623e-07,9.54033e-08,4.96605e-08,2.04918e-10,2.57805e-10,1.73482e-09,
43,1.21299e-07,2.36935e-08,3.09192e-08,1.4648e-09,1.51211e-08,1.63609e-09,1.38997e-11,1.29001e-08,8.27806e-08,1.26492e-07,9.82545e-09,9.61986e-08,1.63594e-08,1.12724e-07,1.31414e-07,1.43601e-07,7.64068e-08,7.94036e-08,2.32377e-09,2.60001e-10,1.68349e-10,4.78269e-09,1.70522e-07,9.66476e-08,5.14813e-08,2.18359e-10,2.71233e-10,1.82431e-09,
44,1.22333e-07,2.53404e-08,3.29919e-08,1.58987e-09,1.58508e-08,1.71976e-09,1.46192e-11,1.34654e-08,8.51104e-08,1.28792e-07,1.021e-08,9.8116e-08,1.70687e-08,1.14112e-07,1.36584e-07,1.44903e-07,7.79932e-08,8.05246e-08,2.49693e-09,2.79337e-10,1.80355e-10,5.13768e-09,1.72251e-07,9.78496e-08,5.33275e-08,2.32552e-10,2.85242e-10,1.9176e-09,
45,1.23319e-07,2.70451e-08,3.51273e-08,1.72321e-09,1.66071e-08,1.80696e-09,1.53696e-11,1.40464e-08,8.74439e-08,1.31047e-07,1.06038e-08,1.0002e-07,1.77968e-08,1.15452e-07,1.41677e-07,1.46098e-07,7.95707e-08,8.16208e-08,2.67793e-09,2.99541e-10,1.92903e-10,5.5084e-09,1.7382e-07,9.90099e-08,5.51981e-08,2.47527e-10,2.99858e-10,2.01483e-09,
46,1.24257e-07,2.88045e-08,3.73206e-08,1.86512e-09,1.73909e-08,1.89784e-09,1.61524e-11,1.46431e-08,8.97803e-08,1.33257e-07,1.1007e-08,1.01912e-07,1.85436e-08,1.16743e-07,1.46674e-07,1.47191e-07,8.11394e-08,8.26926e-08,2.86665e-09,3.20597e-10,2.05988e-10,5.89455e-09,1.75235e-07,1.00129e-07,5.70923e-08,2.63313e-10,3.15106e-10,2.11616e-09,
47,1.25151e-07,3.06154e-08,3.95669e-08,2.01589e-09,1.82029e-08,1.99255e-09,1.69687e-11,1.52557e-08,9.21186e-08,1.35421e-07,1.14196e-08,1.03791e-07,1.93092e-08,1.17988e-07,1.51552e-07,1.4819e-07,8.26992e-08,8.37404e-08,3.06295e-09,3.42489e-10,2.19603e-10,6.2958e-09,1.76508e-07,1.01209e-07,5.90088e-08,2.79942e-10,3.31015e-10,2.22176e-09,
48,1.26002e-07,3.24745e-08,4.18611e-08,2.17582e-09,1.9044e-08,2.09125e-09,1.78199e-11,1.58841e-08,9.44581e-08,1.37538e-07,1.18419e-08,1.05657e-07,2.00935e-08,1.19187e-07,1.56291e-07,1.49099e-07,8.425e-08,8.47649e-08,3.26668e-09,3.65199e-10,2.33741e-10,6.71178e-09,1.77649e-07,1.02249e-07,6.09466e-08,2.97445e-10,3.47612e-10,2.33181e-09,
49,1.26812e-07,3.43784e-08,4.41984e-08,2.34521e-09,1.99147e-08,2.1941e-09,1.87076e-11,1.65285e-08,9.6798e-08,1.39608e-07,1.22738e-08,1.0751e-07,2.08965e-08,1.20341e-07,1.60874e-07,1.49925e-07,8.57917e-08,8.57664e-08,3.47768e-09,3.88708e-10,2.48396e-10,7.14209e-09,1.78667e-07,1.0325e-07,6.29046e-08,3.15855e-10,3.64926e-10,2.44649e-09,
50,1.27583e-07,3.63238e-08,4.65737e-08,2.52439e-09,2.08161e-08,2.30127e-09,1.96332e-11,1.71889e-08,9.91375e-08,1.41631e-07,1.27155e-08,1.0935e-07,2.17181e-08,1.21453e-07,1.65284e-07,1.50673e-07,8.73243e-08,8.67453e-08,3.69576e-09,4.12996e-10,2.63558e-10,7.58632e-09,1.79572e-07,1.04213e-07,6.48816e-08,3.35203e-10,3.8299e-10,2.56599e-09,
51,1.28316e-07,3.83074e-08,4.89823e-08,2.71368e-09,2.17489e-08,2.41294e-09,2.05983e-11,1.78651e-08,1.01476e-07,1.43605e-07,1.31671e-08,1.11177e-07,2.25581e-08,1.22522e-07,1.69507e-07,1.5135e-07,8.88478e-08,8.77022e-08,3.92075e-09,4.38042e-10,2.79221e-10,8.04408e-09,1.80375e-07,1.0514e-07,6.68762e-08,3.55526e-10,4.01836e-10,2.69049e-09,
52,1.29013e-07,4.03261e-08,5.14195e-08,2.9134e-09,2.27138e-08,2.52927e-09,2.16046e-11,1.85573e-08,1.03812e-07,1.45531e-07,1.36286e-08,1.12992e-07,2.34163e-08,1.2355e-07,1.7353e-07,1.5196e-07,9.03622e-08,8.86374e-08,4.15248e-09,4.63827e-10,2.95376e-10,8.51495e-09,1.81085e-07,1.0603e-07,6.88873e-08,3.76859e-10,4.21496e-10,2.82021e-09,
53,1.29676e-07,4.23767e-08,5.38811e-08,3.12391e-09,2.37117e-08,2.65048e-09,2.26536e-11,1.92654e-08,1.06146e-07,1.47409e-07,1.41001e-08,1.14793e-07,2.42925e-08,1.24538e-07,1.77345e-07,1.52509e-07,9.18673e-08,8.95515e-08,4.39079e-09,4.90332e-10,3.12017e-10,8.99855e-09,1.8171e-07,1.06886e-07,7.09134e-08,3.99238e-10,4.42008e-10,2.95535e-09,
54,1.30306e-07,4.44563e-08,5.63628e-08,3.34555e-09,2.47434e-08,2.77675e-09,2.37473e-11,1.99893e-08,1.08476e-07,1.49237e-07,1.45817e-08,1.16582e-07,2.51864e-08,1.25488e-07,1.80944e-07,1.53003e-07,9.33631e-08,9.04448e-08,4.6355e-09,5.17538e-10,3.29136e-10,9.49448e-09,1.8226e-07,1.07707e-07,7.29533e-08,4.22703e-10,4.63406e-10,3.09613e-09,
55,1.30905e-07,4.65621e-08,5.88606e-08,3.57872e-09,2.58096e-08,2.90828e-09,2.48874e-11,2.07288e-08,1.10803e-07,1.51017e-07,1.50734e-08,1.18358e-07,2.60978e-08,1.264e-07,1.84322e-07,1.53446e-07,9.48496e-08,9.13177e-08,4.88647e-09,5.45428e-10,3.46728e-10,1.00024e-08,1.82743e-07,1.08494e-07,7.50054e-08,4.47294e-10,4.8573e-10,3.24279e-09,
56,1.31474e-07,4.86917e-08,6.1371e-08,3.82378e-09,2.69112e-08,3.04528e-09,2.6076e-11,2.14839e-08,1.13124e-07,1.52748e-07,1.55753e-08,1.20122e-07,2.70263e-08,1.27276e-07,1.87479e-07,1.53842e-07,9.63268e-08,9.21707e-08,5.14355e-09,5.73985e-10,3.64789e-10,1.0522e-08,1.83166e-07,1.09249e-07,7.70684e-08,4.73053e-10,5.0902e-10,3.39555e-09,
57,1.32014e-07,5.08424e-08,6.38904e-08,4.08117e-09,2.80489e-08,3.18799e-09,2.7315e-11,2.22545e-08,1.1544e-07,1.5443e-07,1.60875e-08,1.21872e-07,2.79716e-08,1.28116e-07,1.90415e-07,1.54196e-07,9.77947e-08,9.30042e-08,5.40662e-09,6.03195e-10,3.83312e-10,1.10528e-08,1.83535e-07,1.09973e-07,7.91407e-08,5.00024e-10,5.33317e-10,3.55466e-09,
58,1.32527e-07,5.30122e-08,6.64157e-08,4.35129e-09,2.92235e-08,3.33662e-09,2.86065e-11,2.30403e-08,1.1775e-07,1.56064e-07,1.66099e-08,1.2361e-07,2.89331e-08,1.28922e-07,1.93133e-07,1.54512e-07,9.92531e-08,9.38186e-08,5.67555e-09,6.33044e-10,4.02297e-10,1.15948e-08,1.83857e-07,1.10665e-07,8.12209e-08,5.28254e-10,5.58667e-10,3.72038e-09,
59,1.33015e-07,5.51989e-08,6.89439e-08,4.63459e-09,3.04358e-08,3.49141e-09,2.99528e-11,2.38412e-08,1.20054e-07,1.57649e-07,1.71426e-08,1.25334e-07,2.99105e-08,1.29696e-07,1.95638e-07,1.54793e-07,1.00702e-07,9.46142e-08,5.95023e-09,6.63519e-10,4.21739e-10,1.21474e-08,1.84137e-07,1.11328e-07,8.33074e-08,5.57789e-10,5.85114e-10,3.89296e-09,
60,1.33477e-07,5.74005e-08,7.14721e-08,4.93153e-09,3.16865e-08,3.65261e-09,3.13562e-11,2.46569e-08,1.2235e-07,1.59186e-07,1.76856e-08,1.27046e-07,3.09033e-08,1.30437e-07,1.97937e-07,1.55044e-07,1.02142e-07,9.53916e-08,6.23058e-09,6.94609e-10,4.41638e-10,1.27107e-08,1.84381e-07,1.11962e-07,8.53987e-08,5.8868e-10,6.12706e-10,4.07269e-09,
61,1.33916e-07,5.96154e-08,7.39979e-08,5.24259e-09,3.29764e-08,3.82048e-09,3.28191e-11,2.54873e-08,1.24638e-07,1.60675e-07,1.82389e-08,1.28744e-07,3.19109e-08,1.31147e-07,2.00039e-07,1.55266e-07,1.03572e-07,9.6151e-08,6.51649e-09,7.26304e-10,4.61994e-10,1.32842e-08,1.84592e-07,1.12569e-07,8.74933e-08,6.20978e-10,6.41494e-10,4.25986e-09,
62,1.34333e-07,6.18419e-08,7.65187e-08,5.56826e-09,3.43061e-08,3.99528e-09,3.4344e-11,2.63321e-08,1.26917e-07,1.62116e-07,1.88026e-08,1.3043e-07,3.29329e-08,1.31828e-07,2.01952e-07,1.55463e-07,1.04992e-07,9.68928e-08,6.80791e-09,7.58595e-10,4.82806e-10,1.38678e-08,1.84775e-07,1.13148e-07,8.95895e-08,6.54739e-10,6.71531e-10,4.45474e-09,
63,1.34729e-07,6.40784e-08,7.90324e-08,5.90905e-09,3.56764e-08,4.17728e-09,3.59336e-11,2.71909e-08,1.29188e-07,1.6351e-07,1.93766e-08,1.32103e-07,3.39685e-08,1.3248e-07,2.03687e-07,1.55637e-07,1.06403e-07,9.76174e-08,7.10476e-09,7.91475e-10,5.04076e-10,1.44614e-08,1.84934e-07,1.13701e-07,9.16858e-08,6.90017e-10,7.02871e-10,4.65766e-09,
64,1.35104e-07,6.63237e-08,8.15369e-08,6.26549e-09,3.7088e-08,4.36678e-09,3.75906e-11,2.80637e-08,1.31448e-07,1.64858e-07,1.9961e-08,1.33762e-07,3.50173e-08,1.33104e-07,2.05255e-07,1.55792e-07,1.07805e-07,9.83252e-08,7.40699e-09,8.24937e-10,5.25806e-10,1.50647e-08,1.85071e-07,1.14229e-07,9.37806e-08,7.26872e-10,7.35571e-10,4.86893e-09,
65,1.3546e-07,6.85765e-08,8.40302e-08,6.63813e-09,3.85415e-08,4.56406e-09,3.93181e-11,2.895e-08,1.33698e-07,1.66161e-07,2.05557e-08,1.35409e-07,3.60786e-08,1.33701e-07,2.06668e-07,1.55928e-07,1.09196e-07,9.90165e-08,7.71456e-09,8.58976e-10,5.48e-10,1.56777e-08,1.8519e-07,1.14733e-07,9.58724e-08,7.65363e-10,7.69693e-10,5.08888e-09,
66,1.35797e-07,7.08356e-08,8.65104e-08,7.02751e-09,4.00375e-08,4.76945e-09,4.11189e-11,2.98495e-08,1.35937e-07,1.67417e-07,2.11607e-08,1.37042e-07,3.71516e-08,1.34273e-07,2.07936e-07,1.56048e-07,1.10579e-07,9.96918e-08,8.02743e-09,8.93587e-10,5.70661e-10,1.63002e-08,1.85292e-07,1.15213e-07,9.79594e-08,8.05554e-10,8.05298e-10,5.31786e-09,
67,1.36118e-07,7.30999e-08,8.89759e-08,7.43421e-09,4.15767e-08,4.98326e-09,4.29964e-11,3.07619e-08,1.38165e-07,1.6863e-07,2.1776e-08,1.38662e-07,3.82358e-08,1.3482e-07,2.09072e-07,1.56154e-07,1.11951e-07,1.00351e-07,8.34557e-09,9.28766e-10,5.93794e-10,1.69321e-08,1.8538e-07,1.15671e-07,1.0004e-07,8.47509e-10,8.42454e-10,5.55623e-09,
68,1.36421e-07,7.53685e-08,9.14248e-08,7.8588e-09,4.31596e-08,5.20583e-09,4.49539e-11,3.1687e-08,1.40381e-07,1.69799e-07,2.24017e-08,1.40268e-07,3.93304e-08,1.35343e-07,2.10086e-07,1.56248e-07,1.13315e-07,1.00995e-07,8.66897e-09,9.6451e-10,6.17405e-10,1.75734e-08,1.85456e-07,1.16107e-07,1.02113e-07,8.91296e-10,8.8123e-10,5.80435e-09,
69,1.36709e-07,7.76405e-08,9.38557e-08,8.30189e-09,4.47867e-08,5.4375e-09,4.69949e-11,3.26243e-08,1.42584e-07,1.70924e-07,2.30375e-08,1.41861e-07,4.04347e-08,1.35843e-07,2.1099e-07,1.5633e-07,1.14668e-07,1.01624e-07,8.9976e-09,1.00082e-09,6.415e-10,1.82239e-08,1.85522e-07,1.16522e-07,1.04177e-07,9.36983e-10,9.21698e-10,6.06261e-09,
70,1.36982e-07,7.99151e-08,9.62671e-08,8.76406e-09,4.64586e-08,5.67863e-09,4.91231e-11,3.35735e-08,1.44773e-07,1.72008e-07,2.36836e-08,1.43441e-07,4.1548e-08,1.36321e-07,2.11793e-07,1.56402e-07,1.16012e-07,1.02238e-07,9.33146e-09,1.03768e-09,6.66085e-10,1.88835e-08,1.85578e-07,1.16917e-07,1.06229e-07,9.84641e-10,9.63934e-10,6.33142e-09,
71,1.3724e-07,8.21914e-08,9.86574e-08,9.24593e-09,4.81758e-08,5.92959e-09,5.13425e-11,3.45342e-08,1.46949e-07,1.7305e-07,2.43398e-08,1.45007e-07,4.26694e-08,1.36778e-07,2.12505e-07,1.56466e-07,1.17346e-07,1.02838e-07,9.67054e-09,1.07511e-09,6.9117e-10,1.95524e-08,1.85627e-07,1.17293e-07,1.08269e-07,1.03435e-09,1.00802e-09,6.61117e-09,
72,1.37486e-07,8.44689e-08,1.01025e-07,9.7481e-09,4.99386e-08,6.19078e-09,5.3657e-11,3.55062e-08,1.49111e-07,1.74053e-07,2.50062e-08,1.4656e-07,4.37983e-08,1.37214e-07,2.13134e-07,1.56521e-07,1.18671e-07,1.03424e-07,1.00149e-08,1.1131e-09,7.16762e-10,2.02303e-08,1.85668e-07,1.17651e-07,1.10296e-07,1.08617e-09,1.05404e-09,6.90232e-09,
73,1.37718e-07,8.67468e-08,1.03369e-07,1.02712e-08,5.17474e-08,6.46259e-09,5.60711e-11,3.6489e-08,1.51258e-07,1.75015e-07,2.56827e-08,1.48098e-07,4.49339e-08,1.37631e-07,2.13691e-07,1.5657e-07,1.19986e-07,1.03995e-07,1.03644e-08,1.15164e-09,7.42871e-10,2.09172e-08,1.85704e-07,1.17991e-07,1.12306e-07,1.14019e-09,1.10207e-09,7.20529e-09,
74,1.37938e-07,8.90246e-08,1.05689e-07,1.08158e-08,5.36025e-08,6.74544e-09,5.85893e-11,3.74822e-08,1.53389e-07,1.7594e-07,2.63693e-08,1.49624e-07,4.60753e-08,1.38029e-07,2.14181e-07,1.56613e-07,1.21291e-07,1.04554e-07,1.07192e-08,1.19075e-09,7.69506e-10,2.16132e-08,1.85735e-07,1.18314e-07,1.143e-07,1.1965e-09,1.15222e-09,7.52056e-09,
75,1.38147e-07,9.13016e-08,1.07981e-07,1.13826e-08,5.55043e-08,7.03976e-09,6.12163e-11,3.84856e-08,1.55505e-07,1.76827e-07,2.70658e-08,1.51135e-07,4.72218e-08,1.38409e-07,2.14613e-07,1.56651e-07,1.22587e-07,1.05099e-07,1.10793e-08,1.23041e-09,7.9668e-10,2.23182e-08,1.85761e-07,1.18621e-07,1.16276e-07,1.25516e-09,1.20458e-09,7.8486e-09,
76,1.38344e-07,9.35774e-08,1.10247e-07,1.1972e-08,5.74528e-08,7.346e-09,6.39571e-11,3.94988e-08,1.57604e-07,1.77677e-07,2.77723e-08,1.52632e-07,4.83726e-08,1.38771e-07,2.14992e-07,1.56683e-07,1.23873e-07,1.05631e-07,1.14446e-08,1.27064e-09,8.24403e-10,2.30321e-08,1.85784e-07,1.18913e-07,1.18232e-07,1.31627e-09,1.25925e-09,8.18991e-09,
77,1.38532e-07,9.58515e-08,1.12483e-07,1.25849e-08,5.94484e-08,7.66462e-09,6.68171e-11,4.05213e-08,1.59686e-07,1.78493e-07,2.84888e-08,1.54116e-07,4.9527e-08,1.39118e-07,2.15325e-07,1.56712e-07,1.25149e-07,1.0615e-07,1.18152e-08,1.31143e-09,8.52687e-10,2.37551e-08,1.85803e-07,1.1919e-07,1.20166e-07,1.37991e-09,1.31634e-09,8.54501e-09,
78,1.38709e-07,9.81233e-08,1.1469e-07,1.32216e-08,6.14911e-08,7.99611e-09,6.98019e-11,4.15528e-08,1.61751e-07,1.79274e-07,2.9215e-08,1.55585e-07,5.0684e-08,1.39448e-07,2.15617e-07,1.56737e-07,1.26416e-07,1.06658e-07,1.21912e-08,1.35278e-09,8.81547e-10,2.4487e-08,1.8582e-07,1.19452e-07,1.22079e-07,1.44617e-09,1.37595e-09,8.91442e-09,
79,1.38877e-07,1.00393e-07,1.16866e-07,1.38829e-08,6.35809e-08,8.34097e-09,7.29172e-11,4.25931e-08,1.63798e-07,1.80021e-07,2.9951e-08,1.57041e-07,5.1843e-08,1.39763e-07,2.15873e-07,1.56759e-07,1.27673e-07,1.07153e-07,1.25726e-08,1.3947e-09,9.10997e-10,2.52279e-08,1.85834e-07,1.19701e-07,1.23968e-07,1.51514e-09,1.43821e-09,9.29869e-09,
80,1.39036e-07,1.02659e-07,1.1901e-07,1.45692e-08,6.57178e-08,8.69969e-09,7.61695e-11,4.36417e-08,1.65826e-07,1.80737e-07,3.06968e-08,1.58482e-07,5.30032e-08,1.40063e-07,2.16097e-07,1.56778e-07,1.28921e-07,1.07636e-07,1.29593e-08,1.43718e-09,9.4105e-10,2.59778e-08,1.85846e-07,1.19938e-07,1.25832e-07,1.58691e-09,1.50325e-09,9.6984e-09,
81,1.39187e-07,1.04922e-07,1.21121e-07,1.52811e-08,6.79016e-08,9.07283e-09,7.95651e-11,4.46983e-08,1.67836e-07,1.81421e-07,3.14522e-08,1.59909e-07,5.41638e-08,1.4035e-07,2.16292e-07,1.56795e-07,1.30159e-07,1.08108e-07,1.33514e-08,1.48024e-09,9.71724e-10,2.67367e-08,1.85857e-07,1.20162e-07,1.2767e-07,1.66157e-09,1.57118e-09,1.01141e-08,
82,1.3933e-07,1.07181e-07,1.23198e-07,1.60191e-08,7.01323e-08,9.46092e-09,8.31111e-11,4.57626e-08,1.69825e-07,1.82075e-07,3.22172e-08,1.61321e-07,5.53241e-08,1.40623e-07,2.16462e-07,1.56809e-07,1.31387e-07,1.08568e-07,1.3749e-08,1.52387e-09,1.00304e-09,2.75045e-08,1.85865e-07,1.20374e-07,1.29481e-07,1.73923e-09,1.64215e-09,1.05465e-08,
83,1.39465e-07,1.09436e-07,1.2524e-07,1.67837e-08,7.24094e-08,9.86454e-09,8.68148e-11,4.68342e-08,1.71795e-07,1.82699e-07,3.29917e-08,1.62719e-07,5.64832e-08,1.40884e-07,2.16611e-07,1.56822e-07,1.32605e-07,1.09018e-07,1.41521e-08,1.56807e-09,1.035e-09,2.82814e-08,1.85873e-07,1.20576e-07,1.31264e-07,1.81998e-09,1.7163e-09,1.09961e-08,
84,1.39593e-07,1.11686e-07,1.27246e-07,1.75753e-08,7.47328e-08,1.02843e-08,9.06839e-11,4.79128e-08,1.73745e-07,1.83296e-07,3.37757e-08,1.64103e-07,5.76405e-08,1.41132e-07,2.16741e-07,1.56833e-07,1.33814e-07,1.09456e-07,1.45608e-08,1.61286e-09,1.06764e-09,2.90674e-08,1.8588e-07,1.20766e-07,1.33018e-07,1.90391e-09,1.79377e-09,1.14636e-08,
85,1.39715e-07,1.13932e-07,1.29215e-07,1.83944e-08,7.71019e-08,1.07207e-08,9.47265e-11,4.89982e-08,1.75673e-07,1.83866e-07,3.4569e-08,1.65472e-07,5.87952e-08,1.41368e-07,2.16853e-07,1.56843e-07,1.35013e-07,1.09885e-07,1.4975e-08,1.65822e-09,1.10098e-09,2.98624e-08,1.85885e-07,1.20947e-07,1.34742e-07,1.99114e-09,1.87473e-09,1.19497e-08,
86,1.39829e-07,1.16173e-07,1.31146e-07,1.92413e-08,7.95162e-08,1.11745e-08,9.89514e-11,5.009e-08,1.77581e-07,1.84409e-07,3.53717e-08,1.66826e-07,5.99467e-08,1.41594e-07,2.16952e-07,1.56851e-07,1.36203e-07,1.10302e-07,1.53948e-08,1.70417e-09,1.13503e-09,3.06665e-08,1.8589e-07,1.21118e-07,1.36435e-07,2.08177e-09,1.95935e-09,1.2455e-08,
87,1.39938e-07,1.18409e-07,1.3304e-07,2.01164e-08,8.19751e-08,1.16462e-08,1.03368e-10,5.11879e-08,1.79466e-07,1.84927e-07,3.61836e-08,1.68165e-07,6.10942e-08,1.41808e-07,2.17037e-07,1.56858e-07,1.37383e-07,1.1071e-07,1.58203e-08,1.75071e-09,1.16982e-09,3.14797e-08,1.85894e-07,1.2128e-07,1.38096e-07,2.1759e-09,2.04778e-09,1.29803e-08,
88,1.40041e-07,1.20639e-07,1.34894e-07,2.10199e-08,8.44779e-08,1.21366e-08,1.07985e-10,5.22917e-08,1.81329e-07,1.85421e-07,3.70047e-08,1.6949e-07,6.22371e-08,1.42013e-07,2.17111e-07,1.56865e-07,1.38553e-07,1.11108e-07,1.62516e-08,1.79784e-09,1.20537e-09,3.2302e-08,1.85898e-07,1.21433e-07,1.39725e-07,2.27365e-09,2.14023e-09,1.35262e-08,
89,1.40139e-07,1.22863e-07,1.36709e-07,2.19522e-08,8.70239e-08,1.26463e-08,1.12814e-10,5.3401e-08,1.83169e-07,1.85892e-07,3.78349e-08,1.708e-07,6.33747e-08,1.42208e-07,2.17176e-07,1.5687e-07,1.39714e-07,1.11497e-07,1.66886e-08,1.84556e-09,1.2417e-09,3.31335e-08,1.85901e-07,1.21579e-07,1.4132e-07,2.37512e-09,2.23688e-09,1.40935e-08,
90,1.40231e-07,1.25081e-07,1.38483e-07,2.29135e-08,8.9612e-08,1.3176e-08,1.17864e-10,5.45158e-08,1.84987e-07,1.8634e-07,3.8674e-08,1.72094e-07,6.45064e-08,1.42393e-07,2.17232e-07,1.56875e-07,1.40864e-07,1.11876e-07,1.71314e-08,1.89388e-09,1.27885e-09,3.39742e-08,1.85903e-07,1.21716e-07,1.42882e-07,2.48042e-09,2.33792e-09,1.4683e-08,
91,1.40318e-07,1.27293e-07,1.40217e-07,2.39038e-08,9.22414e-08,1.37264e-08,1.23149e-10,5.56356e-08,1.8678e-07,1.86767e-07,3.95221e-08,1.73374e-07,6.56315e-08,1.4257e-07,2.1728e-07,1.56879e-07,1.42006e-07,1.12246e-07,1.75802e-08,1.9428e-09,1.31685e-09,3.48242e-08,1.85906e-07,1.21846e-07,1.4441e-07,2.58969e-09,2.44358e-09,1.52955e-08,
92,1.40401e-07,1.29498e-07,1.41909e-07,2.49233e-08,9.49108e-08,1.42982e-08,1.28679e-10,5.67603e-08,1.8855e-07,1.87173e-07,4.0379e-08,1.74638e-07,6.67495e-08,1.42738e-07,2.17322e-07,1.56883e-07,1.43137e-07,1.12607e-07,1.80348e-08,1.99233e-09,1.35571e-09,3.56834e-08,1.85908e-07,1.21969e-07,1.45903e-07,2.70303e-09,2.55406e-09,1.59316e-08,
93,1.40479e-07,1.31697e-07,1.4356e-07,2.5972e-08,9.76192e-08,1.48923e-08,1.34469e-10,5.78896e-08,1.90296e-07,1.8756e-07,4.12446e-08,1.75888e-07,6.78598e-08,1.42898e-07,2.17359e-07,1.56886e-07,1.44259e-07,1.12959e-07,1.84955e-08,2.04247e-09,1.39548e-09,3.65519e-08,1.85909e-07,1.22085e-07,1.47361e-07,2.82057e-09,2.66961e-09,1.65923e-08,
94,1.40553e-07,1.33889e-07,1.45169e-07,2.70499e-08,1.00365e-07,1.55092e-08,1.40531e-10,5.90233e-08,1.92016e-07,1.87928e-07,4.21189e-08,1.77122e-07,6.89619e-08,1.4305e-07,2.1739e-07,1.56889e-07,1.45371e-07,1.13303e-07,1.89622e-08,2.09323e-09,1.43619e-09,3.74298e-08,1.85911e-07,1.22195e-07,1.48784e-07,2.94244e-09,2.79047e-09,1.72783e-08,
95,1.40624e-07,1.36074e-07,1.46736e-07,2.8157e-08,1.03147e-07,1.61499e-08,1.4688e-10,6.01613e-08,1.93712e-07,1.88278e-07,4.30017e-08,1.78341e-07,7.00551e-08,1.43195e-07,2.17418e-07,1.56891e-07,1.46473e-07,1.13638e-07,1.94351e-08,2.1446e-09,1.47787e-09,3.83171e-08,1.85912e-07,1.22298e-07,1.50171e-07,3.06876e-09,2.9169e-09,1.79905e-08,
96,1.4069e-07,1.38252e-07,1.4826e-07,2.9293e-08,1.05964e-07,1.68151e-08,1.53532e-10,6.13033e-08,1.95382e-07,1.8861e-07,4.3893e-08,1.79544e-07,7.1139e-08,1.43333e-07,2.17442e-07,1.56894e-07,1.47566e-07,1.13965e-07,1.99141e-08,2.19659e-09,1.52056e-09,3.92137e-08,1.85913e-07,1.22397e-07,1.51522e-07,3.19968e-09,3.04915e-09,1.87297e-08,
97,1.40753e-07,1.40422e-07,1.49742e-07,3.04579e-08,1.08814e-07,1.75055e-08,1.60503e-10,6.24492e-08,1.97027e-07,1.88926e-07,4.47926e-08,1.80732e-07,7.22132e-08,1.43465e-07,2.17462e-07,1.56895e-07,1.48649e-07,1.14285e-07,2.03994e-08,2.24921e-09,1.5643e-09,4.01199e-08,1.85914e-07,1.22489e-07,1.52837e-07,3.33534e-09,3.18752e-09,1.94968e-08,
98,1.40812e-07,1.42585e-07,1.51182e-07,3.16513e-08,1.11695e-07,1.82221e-08,1.67811e-10,6.35988e-08,1.98645e-07,1.89227e-07,4.57005e-08,1.81904e-07,7.3277e-08,1.43589e-07,2.1748e-07,1.56897e-07,1.49722e-07,1.14596e-07,2.0891e-08,2.30246e-09,1.60913e-09,4.10355e-08,1.85915e-07,1.22577e-07,1.54116e-07,3.47588e-09,3.33229e-09,2.02927e-08,
99,1.40869e-07,1.4474e-07,1.52579e-07,3.28729e-08,1.14606e-07,1.89656e-08,1.75474e-10,6.47519e-08,2.00238e-07,1.89512e-07,4.66165e-08,1.83061e-07,7.43302e-08,1.43708e-07,2.17495e-07,1.56898e-07,1.50785e-07,1.149e-07,2.13891e-08,2.35635e-09,1.65511e-09,4.19607e-08,1.85915e-07,1.2266e-07,1.55359e-07,3.62145e-09,3.48379e-09,2.11181e-08,
100,1.40922e-07,1.46887e-07,1.53933e-07,3.41223e-08,1.17544e-07,1.97368e-08,1.83511e-10,6.59084e-08,2.01803e-07,1.89783e-07,4.75405e-08,1.84202e-07,7.53722e-08,1.43821e-07,2.17509e-07,1.569e-07,1.51838e-07,1.15197e-07,2.18936e-08,2.41088e-09,1.70227e-09,4.28955e-08,1.85916e-07,1.22738e-07,1.56566e-07,3.77222e-09,3.64232e-09,2.1974e-08,
101,1.40972e-07,1.49026e-07,1.55246e-07,3.53991e-08,1.20508e-07,2.05367e-08,1.91945e-10,6.70682e-08,2.03342e-07,1.9004e-07,4.84723e-08,1.85328e-07,7.64027e-08,1.43929e-07,2.1752e-07,1.56901e-07,1.52882e-07,1.15486e-07,2.24047e-08,2.46605e-09,1.75067e-09,4.38399e-08,1.85916e-07,1.22812e-07,1.57737e-07,3.92834e-09,3.80822e-09,2.28612e-08,
102,1.40875e-07,1.49034e-07,1.55206e-07,3.54572e-08,1.20626e-07,2.05888e-08,1.92555e-10,6.70981e-08,2.03273e-07,1.89925e-07,4.84969e-08,1.85246e-07,7.64094e-08,1.43835e-07,2.17387e-07,1.56804e-07,1.52826e-07,1.15402e-07,2.24718e-08,2.46595e-09,1.75543e-09,4.39484e-08,1.85791e-07,1.22729e-07,1.5768e-07,3.93813e-09,3.82053e-09,2.29173e-08,
103,1.40875e-07,1.49032e-07,1.55203e-07,3.54586e-08,1.20628e-07,2.05905e-08,1.92578e-10,6.70984e-08,2.0327e-07,1.89922e-07,4.84971e-08,1.85245e-07,7.64087e-08,1.43834e-07,2.17383e-07,1.56801e-07,1.52825e-07,1.15402e-07,2.24768e-08,2.46549e-09,1.75569e-09,4.39554e-08,1.85789e-07,1.22728e-07,1.57677e-07,3.93849e-09,3.82101e-09,2.29191e-08,
104,1.40875e-07,1.49032e-07,1.55203e-07,3.54586e-08,1.20628e-07,2.05906e-08,1.92579e-10,6.70984e-08,2.0327e-07,1.89922e-07,4.84971e-08,1.85245e-07,7.64087e-08,1.43834e-07,2.17383e-07,1.56801e-07,1.52825e-07,1.15402e-07,2.2477e-08,2.46544e-09,1.7557e-09,4.39558e-08,1.85789e-07,1.22728e-07,1.57677e-07,3.9385e-09,3.82102e-09,2.29192e-08,
105,1.40875e-07,1.49032e-07,1.55203e-07,3.54586e-08,1.20628e-07,2.05906e-08,1.92579e-10,6.70984e-08,2.0327e-07,1.89922e-07,4.84971e-08,1.85245e-07,7.64087e-08,1.43834e-07,2.17383e-07,1.56801e-07,1.52825e-07,1.15402e-07,2.2477e-08,2.46544e-09,1.7557e-09,4.39558e-08,1.85789e-07,1.22728e-07,1.57677e-07,3.9385e-09,3.82102e-09,2.29192e-08,
106,1.40875e-07,1.49032e-07,1.55203e-07,3.54586e-08,1.20628e-07,2.05906e-08,1.92579e-10,6.70984e-08,2.0327e-07,1.89922e-07,4.84971e-08,1.85245e-07,7.64087e-08,1.43834e-07,2.17383e-07,1.56801e-07,1.52825e-07,1.15402e-07,2.2477e-08,2.46544e-09,1.7557e-09,4.39558e-08,1.85789e-07,1.22728e-07,1.57677e-07,3.9385e-09,3.82102e-09,2.29192e-08,
107,1.40875e-07,1.49032e-07,1.55203e-07,3.54586e-08,1.20628e-07,2.05906e-08,1.92579e-10,6.70984e-08,2.0327e-07,1.89922e-07,4.84971e-08,1.85245e-07,7.64087e-08,1.43834e-07,2.17383e-07,1.56801e-07,1.52825e-07,1.15402e-07,2.2477e-08,2.46544e-09,1.7557e-09,4.39558e-08,1.85789e-07,1.22728e-07,1.57677e-07,3.9385e-09,3.82102e-09,2.29192e-08,
108,1.40875e-07,1.49032e-07,1.55203e-07,3.54586e-08,1.20628e-07,2.05906e-08,1.92579e-10,6.70984e-08,2.0327e-07,1.89922e-07,4.84971e-08,1.85245e-07,7.64087e-08,1.43834e-07,2.17383e-07,1.56801e-07,1.52825e-07,1.15402e-07,2.2477e-08,2.46544e-09,1.7557e-09,4.39558e-08,1.85789e-07,1.22728e-07,1.57677e-07,3.9385e-09,3.82102e-09,2.29192e-08,
109,1.40875e-07,1.49032e-07,1.55203e-07,3.54586e-08,1.20628e-07,2.05906e-08,1.92579e-10,6.70984e-08,2.0327e-07,1.89922e-07,4.84971e-08,1.85245e-07,7.64087e-08,1.43834e-07,2.17383e-07,1.56801e-07,1.52825e-07,1.15402e-07,2.2477e-08,2.46544e-09,1.7557e-09,4.39558e-08,1.85789e-07,1.22728e-07,1.57677e-07,3.9385e-09,3.82102e-09,2.29192e-08,
110,1.40875e-07,1.49032e-07,1.55203e-07,3.54586e-08,1.20628e-07,2.05906e-08,1.92579e-10,6.70984e-08,2.0327e-07,1.89922e-07,4.84971e-08,1.85245e-07,7.64087e-08,1.43834e-07,2.17383e-07,1.56801e-07,1.52825e-07,1.15402e-07,2.2477e-08,2.46544e-09,1.7557e-09,4.39558e-08,1.85789e-07,1.22728e-07,1.57677e-07,3.9385e-09,3.82102e-09,2.29192e-08,
111,1.40875e-07,1.49032e-07,1.55203e-07,3.54586e-08,1.20628e-07,2.05906e-08,1.92579e-10,6.70984e-08,2.0327e-07,1.89922e-07,4.84971e-08,1.85245e-07,7.64087e-08,1.43834e-07,2.17383e-07,1.56801e-07,1.52825e-07,1.15402e-07,2.2477e-08,2.46544e-09,1.7557e-09,4.39558e-08,1.85789e-07,1.22728e-07,1.57677e-07,3.9385e-09,3.82102e-09,2.29192e-08,
112,1.40875e-07,1.49032e-07,1.55203e-07,3.54586e-08,1.20628e-07,2.05906e-08,1.92579e-10,6.70984e-08,2.0327e-07,1.89922e-07,4.84971e-08,1.85245e-07,7.64087e-08,1.43834e-07,2.17383e-07,1.56801e-07,1.52825e-07,1.15402e-07,2.2477e-08,2.46544e-09,1.7557e-09,4.39558e-08,1.85789e-07,1.22728e-07,1.57677e-07,3.9385e-09,3.82102e-09,2.29192e-08,
113,1.40875e-07,1.49032e-07,1.55203e-07,3.54586e-08,1.20628e-07,2.05906e-08,1.92579e-10,6.70984e-08,2.0327e-07,1.89922e-07,4.84971e-08,1.85245e-07,7.64087e-08,1.43834e-07,2.17383e-07,1.56801e-07,1.52825e-07,1.15402e-07,2.2477e-08,2.46544e-09,1.7557e-09,4.39558e-08,1.85789e-07,1.22728e-07,1.57677e-07,3.9385e-09,3.82102e-09,2.29192e-08,
114,1.40875e-07,1.49032e-07,1.55203e-07,3.54586e-08,1.20628e-07,2.05906e-08,1.92579e-10,6.70984e-08,2.0327e-07,1.89922e-07,4.84971e-08,1.85245e-07,7.64087e-08,1.43834e-07,2.17383e-07,1.56801e-07,1.52825e-07,1.15402e-07,2.2477e-08,2.46544e-09,1.7557e-09,4.39558e-08,1.85789e-07,1.22728e-07,1.57677e-07,3.9385e-09,3.82102e-09,2.29192e-08,
115,1.40875e-07,1.49032e-07,1.55203e-07,3.54586e-08,1.20628e-07,2.05906e-08,1.92579e-10,6.70984e-08,2.0327e-07,1.89922e-07,4.84971e-08,1.85245e-07,7.64087e-08,1.43834e-07,2.17383e-07,1.56801e-07,1.52825e-07,1.15402e-07,2.2477e-08,2.46544e-09,1.7557e-09,4.39558e-08,1.85789e-07,1.22728e-07,1.57677e-07,3.9385e-09,3.82102e-09,2.29192e-08,
116,1.40875e-07,1.49032e-07,1.55203e-07,3.54586e-08,1.20628e-07,2.05906e-08,1.92579e-10,6.70984e-08,2.0327e-07,1.89922e-07,4.84971e-08,1.85245e-07,7.64087e-08,1.43834e-07,2.17383e-07,1.56801e-07,1.52825e-07,1.15402e-07,2.2477e-08,2.46544e-09,1.7557e-09,4.39558e-08,1.85789e-07,1.22728e-07,1.57677e-07,3.9385e-09,3.82102e-09,2.29192e-08,
117,1.40875e-07,1.49032e-07,1.55203e-07,3.54586e-08,1.20628e-07,2.05906e-08,1.92579e-10,6.70984e-08,2.0327e-07,1.89922e-07,4.84971e-08,1.85245e-07,7.64087e-08,1.43834e-07,2.17383e-07,1.56801e-07,1.52825e-07,1.15402e-07,2.2477e-08,2.46544e-09,1.7557e-09,4.39558e-08,1.85789e-07,1.22728e-07,1.57677e-07,3.9385e-09,3.82102e-09,2.29192e-08,
118,1.40875e-07,1.49032e-07,1.55203e-07,3.54586e-08,1.20628e-07,2.05906e-08,1.92579e-10,6.70984e-08,2.0327e-07,1.89922e-07,4.84971e-08,1.85245e-07,7.64087e-08,1.43834e-07,2.17383e-07,1.56801e-07,1.52825e-07,1.15402e-07,2.2477e-08,2.46544e-09,1.7557e-09,4.39558e-08,1.85789e-07,1.22728e-07,1.57677e-07,3.9385e-09,3.82102e-09,2.29192e-08,
119,1.40875e-07,1.49032e-07,1.55203e-07,3.54586e-08,1.20628e-07,2.05906e-08,1.92579e-10,6.70984e-08,2.0327e-07,1.89922e-07,4.84971e-08,1.85245e-07,7.64087e-08,1.43834e-07,2.17383e-07,1.56801e-07,1.52825e-07,1.15402e-07,2.2477e-08,2.46544e-09,1.7557e-09,4.39558e-08,1.85789e-07,1.22728e-07,1.57677e-07,3.9385e-09,3.82102e-09,2.29192e-08,
120,1.40875e-07,1.49032e-07,1.55203e-07,3.54586e-08,1.20628e-07,2.05906e-08,1.92579e-10,6.70984e-08,2.0327e-07,1.89922e-07,4.84971e-08,1.85245e-07,7.64087e-08,1.43834e-07,2.17383e-07,1.56801e-07,1.52825e-07,1.15402e-07,2.2477e-08,2.46544e-09,1.7557e-09,4.39558e-08,1.85789e-07,1.22728e-07,1.57677e-07,3.9385e-09,3.82102e-09,2.29192e-08,
121,1.40875e-07,1.49032e-07,1.55203e-07,3.54586e-08,1.20628e-07,2.05906e-08,1.92579e-10,6.70984e-08,2.0327e-07,1.89922e-07,4.84971e-08,1.85245e-07,7.64087e-08,1.43834e-07,2.17383e-07,1.56801e-07,1.52825e-07,1.15402e-07,2.2477e-08,2.46544e-09,1.7557e-09,4.39558e-08,1.85789e-07,1.22728e-07,1.57677e-07,3.9385e-09,3.82102e-09,2.29192e-08,
122,1.40875e-07,1.49032e-07,1.55203e-07,3.54586e-08,1.20628e-07,2.05906e-08,1.92579e-10,6.70984e-08,2.0327e-07,1.89922e-07,4.84971e-08,1.85245e-07,7.64087e-08,1.43834e-07,2.17383e-07,1.56801e-07,1.52825e-07,1.15402e-07,2.2477e-08,2.46544e-09,1.7557e-09,4.39558e-08,1.85789e-07,1.22728e-07,1.57677e-07,3.9385e-09,3.82102e-09,2.29192e-08,
123,1.40875e-07,1.49032e-07,1.55203e-07,3.54586e-08,1.20628e-07,2.05906e-08,1.92579e-10,6.70984e-08,2.0327e-07,1.89922e-07,4.84971e-08,1.85245e-07,7.64087e-08,1.43834e-07,2.17383e-07,1.56801e-07,1.52825e-07,1.15402e-07,2.2477e-08,2.46544e-09,1.7557e-09,4.39558e-08,1.85789e-07,1.22728e-07,1.57677e-07,3.9385e-09,3.82102e-09,2.29192e-08,
124,1.40875e-07,1.49032e-07,1.55203e-07,3.54586e-08,1.20628e-07,2.05906e-08,1.92579e-10,6.70984e-08,2.0327e-07,1.89922e-07,4.84971e-08,1.85245e-07,7.64087e-08,1.43834e-07,2.17383e-07,1.56801e-07,1.52825e-07,1.15402e-07,2.2477e-08,2.46544e-09,1.7557e-09,4.39558e-08,1.85789e-07,1.22728e-07,1.57677e-07,3.9385e-09,3.82102e-09,2.29192e-08,
125,1.40875e-07,1.49032e-07,1.55203e-07,3.54586e-08,1.20628e-07,2.05906e-08,1.92579e-10,6.70984e-08,2.0327e-07,1.89922e-07,4.84971e-08,1.85245e-07,7.64087e-08,1.43834e-07,2.17383e-07,1.56801e-07,1.52825e-07,1.15402e-07,2.2477e-08,2.46544e-09,1.7557e-09,4.39558e-08,1.85789e-07,1.22728e-07,1.57677e-07,3.9385e-09,3.82102e-09,2.29192e-08,
126,1.40875e-07,1.49032e-07,1.55203e-07,3.54586e-08,1.20628e-07,2.05906e-08,1.92579e-10,6.70984e-08,2.0327e-07,1.89922e-07,4.84971e-08,1.85245e-07,7.64087e-08,1.43834e-07,2.17383e-07,1.56801e-07,1.52825e-07,1.15402e-07,2.2477e-08,2.46544e-09,1.7557e-09,4.39558e-08,1.85789e-07,1.22728e-07,1.57677e-07,3.9385e-09,3.82102e-09,2.29192e-08,
127,1.40875e-07,1.49032e-07,1.55203e-07,3.54586e-08,1.20628e-07,2.05906e-08,1.92579e-10,6.70984e-08,2.0327e-07,1.89922e-07,4.84971e-08,1.85245e-07,7.64087e-08,1.43834e-07,2.17383e-07,1.56801e-07,1.52825e-07,1.15402e-07,2.2477e-08,2.46544e-09,1.7557e-09,4.39558e-08,1.85789e-07,1.22728e-07,1.57677e-07,3.9385e-09,3.82102e-09,2.29192e-08,
128,1.40875e-07,1.49032e-07,1.55203e-07,3.54586e-08,1.20628e-07,2.05906e-08,1.92579e-10,6.70984e-08,2.0327e-07,1.89922e-07,4.84971e-08,1.85245e-07,7.64087e-08,1.43834e-07,2.17383e-07,1.56801e-07,1.52825e-07,1.15402e-07,2.2477e-08,2.46544e-09,1.7557e-09,4.39558e-08,1.85789e-07,1.22728e-07,1.57677e-07,3.9385e-09,3.82102e-09,2.29192e-08,
129,1.40875e-07,1.49032e-07,1.55203e-07,3.54586e-08,1.20628e-07,2.05906e-08,1.92579e-10,6.70984e-08,2.0327e-07,1.89922e-07,4.84971e-08,1.85245e-07,7.64087e-08,1.43834e-07,2.17383e-07,1.56801e-07,1.52825e-07,1.15402e-07,2.2477e-08,2.46544e-09,1.7557e-09,4.39558e-08,1.85789e-07,1.22728e-07,1.57677e-07,3.9385e-09,3.82102e-09,2.29192e-08,
130,1.40875e-07,1.49032e-07,1.55203e-07,3.54586e-08,1.20628e-07,2.05906e-08,1.92579e-10,6.70984e-08,2.0327e-07,1.89922e-07,4.84971e-08,1.85245e-07,7.64087e-08,1.43834e-07,2.17383e-07,1.56801e-07,1.52825e-07,1.15402e-07,2.2477e-08,2.46544e-09,1.7557e-09,4.39558e-08,1.85789e-07,1.22728e-07,1.57677e-07,3.9385e-09,3.82102e-09,2.29192e-08,
131,1.40875e-07,1.49032e-07,1.55203e-07,3.54586e-08,1.20628e-07,2.05906e-08,1.92579e-10,6.70984e-08,2.0327e-07,1.89922e-07,4.84971e-08,1.85245e-07,7.64087e-08,1.43834e-07,2.17383e-07,1.56801e-07,1.52825e-07,1.15402e-07,2.2477e-08,2.46544e-09,1.7557e-09,4.39558e-08,1.85789e-07,1.22728e-07,1.57677e-07,3.9385e-09,3.82102e-09,2.29192e-08,
132,1.40875e-07,1.49032e-07,1.55203e-07,3.54586e-08,1.20628e-07,2.05906e-08,1.92579e-10,6.70984e-08,2.0327e-07,1.89922e-07,4.84971e-08,1.85245e-07,7.64087e-08,1.43834e-07,2.17383e-07,1.56801e-07,1.52825e-07,1.15402e-07,2.2477e-08,2.46544e-09,1.7557e-09,4.39558e-08,1.85789e-07,1.22728e-07,1.57677e-07,3.9385e-09,3.82102e-09,2.29192e-08,
133,1.40875e-07,1.49032e-07,1.55203e-07,3.54586e-08,1.20628e-07,2.05906e-08,1.92579e-10,6.70984e-08,2.0327e-07,1.89922e-07,4.84971e-08,1.85245e-07,7.64087e-08,1.43834e-07,2.17383e-07,1.56801e-07,1.52825e-07,1.15402e-07,2.2477e-08,2.46544e-09,1.7557e-09,4.39558e-08,1.85789e-07,1.22728e-07,1.57677e-07,3.9385e-09,3.82102e-09,2.29192e-08,
134,1.40875e-07,1.49032e-07,1.55203e-07,3.54586e-08,1.20628e-07,2.05906e-08,1.92579e-10,6.70984e-08,2.0327e-07,1.89922e-07,4.84971e-08,1.85245e-07,7.64087e-08,1.43834e-07,2.17383e-07,1.56801e-07,1.52825e-07,1.15402e-07,2.2477e-08,2.46544e-09,1.7557e-09,4.39558e-08,1.85789e-07,1.22728e-07,1.57677e-07,3.9385e-09,3.82102e-09,2.29192e-08,
135,1.40875e-07,1.49032e-07,1.55203e-07,3.54586e-08,1.20628e-07,2.05906e-08,1.92579e-10,6.70984e-08,2.0327e-07,1.89922e-07,4.84971e-08,1.85245e-07,7.64087e-08,1.43834e-07,2.17383e-07,1.56801e-07,1.52825e-07,1.15402e-07,2.2477e-08,2.46544e-09,1.7557e-09,4.39558e-08,1.85789e-07,1.22728e-07,1.57677e-07,3.9385e-09,3.82102e-09,2.29192e-08,
136,1.40875e-07,1.49032e-07,1.55203e-07,3.54586e-08,1.20628e-07,2.05906e-08,1.92579e-10,6.70984e-08,2.0327e-07,1.89922e-07,4.84971e-08,1.85245e-07,7.64087e-08,1.43834e-07,2.17383e-07,1.56801e-07,1.52825e-07,1.15402e-07,2.2477e-08,2.46544e-09,1.7557e-09,4.39558e-08,1.85789e-07,1.22728e-07,1.57677e-07,3.9385e-09,3.82102e-09,2.29192e-08,
137,1.40875e-07,1.49032e-07,1.55203e-07,3.54586e-08,1.20628e-07,2.05906e-08,1.92579e-10,6.70984e-08,2.0327e-07,1.89922e-07,4.84971e-08,1.85245e-07,7.64087e-08,1.43834e-07,2.17383e-07,1.56801e-07,1.52825e-07,1.15402e-07,2.2477e-08,2.46544e-09,1.7557e-09,4.39558e-08,1.85789e-07,1.22728e-07,1.57677e-07,3.9385e-09,3.82102e-09,2.29192e-08,
138,1.40875e-07,1.49032e-07,1.55203e-07,3.54586e-08,1.20628e-07,2.05906e-08,1.92579e-10,6.70984e-08,2.0327e-07,1.89922e-07,4.84971e-08,1.85245e-07,7.64087e-08,1.43834e-07,2.17383e-07,1.56801e-07,1.52825e-07,1.15402e-07,2.2477e-08,2.46544e-09,1.7557e-09,4.39558e-08,1.85789e-07,1.22728e-07,1.57677e-07,3.9385e-09,3.82102e-09,2.29192e-08,
139,1.40875e-07,1.49032e-07,1.55203e-07,3.54586e-08,1.20628e-07,2.05906e-08,1.92579e-10,6.70984e-08,2.0327e-07,1.89922e-07,4.84971e-08,1.85245e-07,7.64087e-08,1.43834e-07,2.17383e-07,1.56801e-07,1.52825e-07,1.15402e-07,2.2477e-08,2.46544e-09,1.7557e-09,4.39558e-08,1.85789e-07,1.22728e-07,1.57677e-07,3.9385e-09,3.82102e-09,2.29192e-08,
140,1.40875e-07,1.49032e-07,1.55203e-07,3.54586e-08,1.20628e-07,2.05906e-08,1.92579e-10,6.70984e-08,2.0327e-07,1.89922e-07,4.84971e-08,1.85245e-07,7.64087e-08,1.43834e-07,2.17383e-07,1.56801e-07,1.52825e-07,1.15402e-07,2.2477e-08,2.46544e-09,1.7557e-09,4.39558e-08,1.85789e-07,1.22728e-07,1.57677e-07,3.9385e-09,3.82102e-09,2.29192e-08,
141,1.40875e-07,1.49032e-07,1.55203e-07,3.54586e-08,1.20628e-07,2.05906e-08,1.92579e-10,6.70984e-08,2.0327e-07,1.89922e-07,4.84971e-08,1.85245e-07,7.64087e-08,1.43834e-07,2.17383e-07,1.56801e-07,1.52825e-07,1.15402e-07,2.2477e-08,2.46544e-09,1.7557e-09,4.39558e-08,1.85789e-07,1.22728e-07,1.57677e-07,3.9385e-09,3.82102e-09,2.29192e-08,
142,1.40875e-07,1.49032e-07,1.55203e-07,3.54586e-08,1.20628e-07,2.05906e-08,1.92579e-10,6.70984e-08,2.0327e-07,1.89922e-07,4.84971e-08,1.85245e-07,7.64087e-08,1.43834e-07,2.17383e-07,1.56801e-07,1.52825e-07,1.15402e-07,2.2477e-08,2.46544e-09,1.7557e-09,4.39558e-08,1.85789e-07,1.22728e-07,1.57677e-07,3.9385e-09,3.82102e-09,2.29192e-08,
143,1.40875e-07,1.49032e-07,1.55203e-07,3.54586e-08,1.20628e-07,2.05906e-08,1.92579e-10,6.70984e-08,2.0327e-07,1.89922e-07,4.84971e-08,1.85245e-07,7.64087e-08,1.43834e-07,2.17383e-07,1.56801e-07,1.52825e-07,1.15402e-07,2.2477e-08,2.46544e-09,1.7557e-09,4.39558e-08,1.85789e-07,1.22728e-07,1.57677e-07,3.9385e-09,3.82102e-09,2.29192e-08,
144,1.40875e-07,1.49032e-07,1.55203e-07,3.54586e-08,1.20628e-07,2.05906e-08,1.92579e-10,6.70984e-08,2.0327e-07,1.89922e-07,4.84971e-08,1.85245e-07,7.64087e-08,1.43834e-07,2.17383e-07,1.56801e-07,1.52825e-07,1.15402e-07,2.2477e-08,2.46544e-09,1.7557e-09,4.39558e-08,1.85789e-07,1.22728e-07,1.57677e-07,3.9385e-09,3.82102e-09,2.29192e-08,
145,1.40875e-07,1.49032e-07,1.55203e-07,3.54586e-08,1.20628e-07,2.05906e-08,1.92579e-10,6.70984e-08,2.0327e-07,1.89922e-07,4.84971e-08,1.85245e-07,7.64087e-08,1.43834e-07,2.17383e-07,1.56801e-07,1.52825e-07,1.15402e-07,2.2477e-08,2.46544e-09,1.7557e-09,4.39558e-08,1.85789e-07,1.22728e-07,1.57677e-07,3.9385e-09,3.82102e-09,2.29192e-08,
146,1.40875e-07,1.49032e-07,1.55203e-07,3.54586e-08,1.20628e-07,2.05906e-08,1.92579e-10,6.70984e-08,2.0327e-07,1.89922e-07,4.84971e-08,1.85245e-07,7.64087e-08,1.43834e-07,2.17383e-07,1.56801e-07,1.52825e-07,1.15402e-07,2.2477e-08,2.46544e-09,1.7557e-09,4.39558e-08,1.85789e-07,1.22728e-07,1.57677e-07,3.9385e-09,3.82102e-09,2.29192e-08,
147,1.40875e-07,1.49032e-07,1.55203e-07,3.54586e-08,1.20628e-07,2.05906e-08,1.92579e-10,6.70984e-08,2.0327e-07,1.89922e-07,4.84971e-08,1.85245e-07,7.64087e-08,1.43834e-07,2.17383e-07,1.56801e-07,1.52825e-07,1.15402e-07,2.2477e-08,2.46544e-09,1.7557e-09,4.39558e-08,1.85789e-07,1.22728e-07,1.57677e-07,3.9385e-09,3.82102e-09,2.29192e-08,
148,1.40875e-07,1.49032e-07,1.55203e-07,3.54586e-08,1.20628e-07,2.05906e-08,1.92579e-10,6.70984e-08,2.0327e-07,1.89922e-07,4.84971e-08,1.85245e-07,7.64087e-08,1.43834e-07,2.17383e-07,1.56801e-07,1.52825e-07,1.15402e-07,2.2477e-08,2.46544e-09,1.7557e-09,4.39558e-08,1.85789e-07,1.22728e-07,1.57677e-07,3.9385e-09,3.82102e-09,2.29192e-08,
149,1.40875e-07,1.49032e-07,1.55203e-07,3.54586e-08,1.20628e-07,2.05906e-08,1.92579e-10,6.70984e-08,2.0327e-07,1.89922e-07,4.84971e-08,1.85245e-07,7.64087e-08,1.43834e-07,2.17383e-07,1.56801e-07,1.52825e-07,1.15402e-07,2.2477e-08,2.46544e-09,1.7557e-09,4.39558e-08,1.85789e-07,1.22728e-07,1.57677e-07,3.9385e-09,3.82102e-09,2.29192e-08,
150,1.40875e-07,1.49032e-07,1.55203e-07,3.54586e-08,1.20628e-07,2.05906e-08,1.92579e-10,6.70984e-08,2.0327e-07,1.89922e-07,4.84971e-08,1.85245e-07,7.64087e-08,1.43834e-07,2.17383e-07,1.56801e-07,1.52825e-07,1.15402e-07,2.2477e-08,2.46544e-09,1.7557e-09,4.39558e-08,1.85789e-07,1.22728e-07,1.57677e-07,3.9385e-09,3.82102e-09,2.29192e-08,
151,1.40875e-07,1.49032e-07,1.55203e-07,3.54586e-08,1.20628e-07,2.05906e-08,1.92579e-10,6.70984e-08,2.0327e-07,1.89922e-07,4.84971e-08,1.85245e-07,7.64087e-08,1.43834e-07,2.17383e-07,1.56801e-07,1.52825e-07,1.15402e-07,2.2477e-08,2.46544e-09,1.7557e-09,4.39558e-08,1.85789e-07,1.22728e-07,1.57677e-07,3.9385e-09,3.82102e-09,2.29192e-08,
152,1.40875e-07,1.49032e-07,1.55203e-07,3.54586e-08,1.20628e-07,2.05906e-08,1.92579e-10,6.70984e-08,2.0327e-07,1.89922e-07,4.84971e-08,1.85245e-07,7.64087e-08,1.43834e-07,2.17383e-07,1.56801e-07,1.52825e-07,1.15402e-07,2.2477e-08,2.46544e-09,1.7557e-09,4.39558e-08,1.85789e-07,1.22728e-07,1.57677e-07,3.9385e-09,3.82102e-09,2.29192e-08,
153,1.40875e-07,1.49032e-07,1.55203e-07,3.54586e-08,1.20628e-07,2.05906e-08,1.92579e-10,6.70984e-08,2.0327e-07,1.89922e-07,4.84971e-08,1.85245e-07,7.64087e-08,1.43834e-07,2.17383e-07,1.56801e-07,1.52825e-07,1.15402e-07,2.2477e-08,2.46544e-09,1.7557e-09,4.39558e-08,1.85789e-07,1.22728e-07,1.57677e-07,3.9385e-09,3.82102e-09,2.29192e-08,
154,1.40875e-07,1.49032e-07,1.55203e-07,3.54586e-08,1.20628e-07,2.05906e-08,1.92579e-10,6.70984e-08,2.0327e-07,1.89922e-07,4.84971e-08,1.85245e-07,7.64087e-08,1.43834e-07,2.17383e-07,1.56801e-07,1.52825e-07,1.15402e-07,2.2477e-08,2.46544e-09,1.7557e-09,4.39558e-08,1.85789e-07,1.22728e-07,1.57677e-07,3.9385e-09,3.82102e-09,2.29192e-08,
155,1.40875e-07,1.49032e-07,1.55203e-07,3.54586e-08,1.20628e-07,2.05906e-08,1.92579e-10,6.70984e-08,2.0327e-07,1.89922e-07,4.84971e-08,1.85245e-07,7.64087e-08,1.43834e-07,2.17383e-07,1.56801e-07,1.52825e-07,1.15402e-07,2.2477e-08,2.46544e-09,1.7557e-09,4.39558e-08,1.85789e-07,1.22728e-07,1.57677e-07,3.9385e-09,3.82102e-09,2.29192e-08,
156,1.40875e-07,1.49032e-07,1.55203e-07,3.54586e-08,1.20628e-07,2.05906e-08,1.92579e-10,6.70984e-08,2.0327e-07,1.89922e-07,4.84971e-08,1.85245e-07,7.64087e-08,1.43834e-07,2.17383e-07,1.56801e-07,1.52825e-07,1.15402e-07,2.2477e-08,2.46544e-09,1.7557e-09,4.39558e-08,1.85789e-07,1.22728e-07,1.57677e-07,3.9385e-09,3.82102e-09,2.29192e-08,
157,1.40875e-07,1.49032e-07,1.55203e-07,3.54586e-08,1.20628e-07,2.05906e-08,1.92579e-10,6.70984e-08,2.0327e-07,1.89922e-07,4.84971e-08,1.85245e-07,7.64087e-08,1.43834e-07,2.17383e-07,1.56801e-07,1.52825e-07,1.15402e-07,2.2477e-08,2.46544e-09,1.7557e-09,4.39558e-08,1.85789e-07,1.22728e-07,1.57677e-07,3.9385e-09,3.82102e-09,2.29192e-08,
158,1.40875e-07,1.49032e-07,1.55203e-07,3.54586e-08,1.20628e-07,2.05906e-08,1.92579e-10,6.70984e-08,2.0327e-07,1.89922e-07,4.84971e-08,1.85245e-07,7.64087e-08,1.43834e-07,2.17383e-07,1.56801e-07,1.52825e-07,1.15402e-07,2.2477e-08,2.46544e-09,1.7557e-09,4.39558e-08,1.85789e-07,1.22728e-07,1.57677e-07,3.9385e-09,3.82102e-09,2.29192e-08,
159,1.40875e-07,1.49032e-07,1.55203e-07,3.54586e-08,1.20628e-07,2.05906e-08,1.92579e-10,6.70984e-08,2.0327e-07,1.89922e-07,4.84971e-08,1.85245e-07,7.64087e-08,1.43834e-07,2.17383e-07,1.56801e-07,1.52825e-07,1.15402e-07,2.2477e-08,2.46544e-09,1.7557e-09,4.39558e-08,1.85789e-07,1.22728e-07,1.57677e-07,3.9385e-09,3.82102e-09,2.29192e-08,
160,1.40875e-07,1.49032e-07,1.55203e-07,3.54586e-08,1.20628e-07,2.05906e-08,1.92579e-10,6.70984e-08,2.0327e-07,1.89922e-07,4.84971e-08,1.85245e-07,7.64087e-08,1.43834e-07,2.17383e-07,1.56801e-07,1.52825e-07,1.15402e-07,2.2477e-08,2.46544e-09,1.7557e-09,4.39558e-08,1.85789e-07,1.22728e-07,1.57677e-07,3.9385e-09,3.82102e-09,2.29192e-08,
161,1.40875e-07,1.49032e-07,1.55203e-07,3.54586e-08,1.20628e-07,2.05906e-08,1.92579e-10,6.70984e-08,2.0327e-07,1.89922e-07,4.84971e-08,1.85245e-07,7.64087e-08,1.43834e-07,2.17383e-07,1.56801e-07,1.52825e-07,1.15402e-07,2.2477e-08,2.46544e-09,1.7557e-09,4.39558e-08,1.85789e-07,1.22728e-07,1.57677e-07,3.9385e-09,3.82102e-09,2.29192e-08,
162,1.40875e-07,1.49032e-07,1.55203e-07,3.54586e-08,1.20628e-07,2.05906e-08,1.92579e-10,6.70984e-08,2.0327e-07,1.89922e-07,4.84971e-08,1.85245e-07,7.64087e-08,1.43834e-07,2.17383e-07,1.56801e-07,1.52825e-07,1.15402e-07,2.2477e-08,2.46544e-09,1.7557e-09,4.39558e-08,1.85789e-07,1.22728e-07,1.57677e-07,3.9385e-09,3.82102e-09,2.29192e-08,
163,1.40875e-07,1.49032e-07,1.55203e-07,3.54586e-08,1.20628e-07,2.05906e-08,1.92579e-10,6.70984e-08,2.0327e-07,1.89922e-07,4.84971e-08,1.85245e-07,7.64087e-08,1.43834e-07,2.17383e-07,1.56801e-07,1.52825e-07,1.15402e-07,2.2477e-08,2.46544e-09,1.7557e-09,4.39558e-08,1.85789e-07,1.22728e-07,1.57677e-07,3.9385e-09,3.82102e-09,2.29192e-08,
164,1.40875e-07,1.49032e-07,1.55203e-07,3.54586e-08,1.20628e-07,2.05906e-08,1.92579e-10,6.70984e-08,2.0327e-07,1.89922e-07,4.84971e-08,1.85245e-07,7.64087e-08,1.43834e-07,2.17383e-07,1.56801e-07,1.52825e-07,1.15402e-07,2.2477e-08,2.46544e-09,1.7557e-09,4.39558e-08,1.85789e-07,1.22728e-07,1.57677e-07,3.9385e-09,3.82102e-09,2.29192e-08,
165,1.40875e-07,1.49032e-07,1.55203e-07,3.54586e-08,1.20628e-07,2.05906e-08,1.92579e-10,6.70984e-08,2.0327e-07,1.89922e-07,4.84971e-08,1.85245e-07,7.64087e-08,1.43834e-07,2.17383e-07,1.56801e-07,1.52825e-07,1.15402e-07,2.2477e-08,2.46544e-09,1.7557e-09,4.39558e-08,1.85789e-07,1.22728e-07,1.57677e-07,3.9385e-09,3.82102e-09,2.29192e-08,
166,1.40875e-07,1.49032e-07,1.55203e-07,3.54586e-08,1.20628e-07,2.05906e-08,1.92579e-10,6.70984e-08,2.0327e-07,1.89922e-07,4.84971e-08,1.85245e-07,7.64087e-08,1.43834e-07,2.17383e-07,1.56801e-07,1.52825e-07,1.15402e-07,2.2477e-08,2.46544e-09,1.7557e-09,4.39558e-08,1.85789e-07,1.22728e-07,1.57677e-07,3.9385e-09,3.82102e-09,2.29192e-08,
167,1.40875e-07,1.49032e-07,1.55203e-07,3.54586e-08,1.20628e-07,2.05906e-08,1.92579e-10,6.70984e-08,2.0327e-07,1.89922e-07,4.84971e-08,1.85245e-07,7.64087e-08,1.43834e-07,2.17383e-07,1.56801e-07,1.52825e-07,1.15402e-07,2.2477e-08,2.46544e-09,1.7557e-09,4.39558e-08,1.85789e-07,1.22728e-07,1.57677e-07,3.9385e-09,3.82102e-09,2.29192e-08,
168,1.40875e-07,1.49032e-07,1.55203e-07,3.54586e-08,1.20628e-07,2.05906e-08,1.92579e-10,6.70984e-08,2.0327e-07,1.89922e-07,4.84971e-08,1.85245e-07,7.64087e-08,1.43834e-07,2.17383e-07,1.56801e-07,1.52825e-07,1.15402e-07,2.2477e-08,2.46544e-09,1.7557e-09,4.39558e-08,1.85789e-07,1.22728e-07,1.57677e-07,3.9385e-09,3.82102e-09,2.29192e-08,
169,1.40875e-07,1.49032e-07,1.55203e-07,3.54586e-08,1.20628e-07,2.05906e-08,1.92579e-10,6.70984e-08,2.0327e-07,1.89922e-07,4.84971e-08,1.85245e-07,7.64087e-08,1.43834e-07,2.17383e-07,1.56801e-07,1.52825e-07,1.15402e-07,2.2477e-08,2.46544e-09,1.7557e-09,4.39558e-08,1.85789e-07,1.22728e-07,1.57677e-07,3.9385e-09,3.82102e-09,2.29192e-08,
170,1.40875e-07,1.49032e-07,1.55203e-07,3.54586e-08,1.20628e-07,2.05906e-08,1.92579e-10,6.70984e-08,2.0327e-07,1.89922e-07,4.84971e-08,1.85245e-07,7.64087e-08,1.43834e-07,2.17383e-07,1.56801e-07,1.52825e-07,1.15402e-07,2.2477e-08,2.46544e-09,1.7557e-09,4.39558e-08,1.85789e-07,1.22728e-07,1.57677e-07,3.9385e-09,3.82102e-09,2.29192e-08,
171,1.40875e-07,1.49032e-07,1.55203e-07,3.54586e-08,1.20628e-07,2.05906e-08,1.92579e-10,6.70984e-08,2.0327e-07,1.89922e-07,4.84971e-08,1.85245e-07,7.64087e-08,1.43834e-07,2.17383e-07,1.56801e-07,1.52825e-07,1.15402e-07,2.2477e-08,2.46544e-09,1.7557e-09,4.39558e-08,1.85789e-07,1.22728e-07,1.57677e-07,3.9385e-09,3.82102e-09,2.29192e-08,
172,1.40875e-07,1.49032e-07,1.55203e-07,3.54586e-08,1.20628e-07,2.05906e-08,1.92579e-10,6.70984e-08,2.0327e-07,1.89922e-07,4.84971e-08,1.85245e-07,7.64087e-08,1.43834e-07,2.17383e-07,1.56801e-07,1.52825e-07,1.15402e-07,2.2477e-08,2.46544e-09,1.7557e-09,4.39558e-08,1.85789e-07,1.22728e-07,1.57677e-07,3.9385e-09,3.82102e-09,2.29192e-08,
173,1.40875e-07,1.49032e-07,1.55203e-07,3.54586e-08,1.20628e-07,2.05906e-08,1.92579e-10,6.70984e-08,2.0327e-07,1.89922e-07,4.84971e-08,1.85245e-07,7.64087e-08,1.43834e-07,2.17383e-07,1.56801e-07,1.52825e-07,1.15402e-07,2.2477e-08,2.46544e-09,1.7557e-09,4.39558e-08,1.85789e-07,1.22728e-07,1.57677e-07,3.9385e-09,3.82102e-09,2.29192e-08,
174,1.40875e-07,1.49032e-07,1.55203e-07,3.54586e-08,1.20628e-07,2.05906e-08,1.92579e-10,6.70984e-08,2.0327e-07,1.89922e-07,4.84971e-08,1.85245e-07,7.64087e-08,1.43834e-07,2.17383e-07,1.56801e-07,1.52825e-07,1.15402e-07,2.2477e-08,2.46544e-09,1.7557e-09,4.39558e-08,1.85789e-07,1.22728e-07,1.57677e-07,3.9385e-09,3.82102e-09,2.29192e-08,
175,1.40875e-07,1.49032e-07,1.55203e-07,3.54586e-08,1.20628e-07,2.05906e-08,1.92579e-10,6.70984e-08,2.0327e-07,1.89922e-07,4.84971e-08,1.85245e-07,7.64087e-08,1.43834e-07,2.17383e-07,1.56801e-07,1.52825e-07,1.15402e-07,2.2477e-08,2.46544e-09,1.7557e-09,4.39558e-08,1.85789e-07,1.22728e-07,1.57677e-07,3.9385e-09,3.82102e-09,2.29192e-08,
176,1.40875e-07,1.49032e-07,1.55203e-07,3.54586e-08,1.20628e-07,2.05906e-08,1.92579e-10,6.70984e-08,2.0327e-07,1.89922e-07,4.84971e-08,1.85245e-07,7.64087e-08,1.43834e-07,2.17383e-07,1.56801e-07,1.52825e-07,1.15402e-07,2.2477e-08,2.46544e-09,1.7557e-09,4.39558e-08,1.85789e-07,1.22728e-07,1.57677e-07,3.9385e-09,3.82102e-09,2.29192e-08,
177,1.40875e-07,1.49032e-07,1.55203e-07,3.54586e-08,1.20628e-07,2.05906e-08,1.92579e-10,6.70984e-08,2.0327e-07,1.89922e-07,4.84971e-08,1.85245e-07,7.64087e-08,1.43834e-07,2.17383e-07,1.56801e-07,1.52825e-07,1.15402e-07,2.2477e-08,2.46544e-09,1.7557e-09,4.39558e-08,1.85789e-07,1.22728e-07,1.57677e-07,3.9385e-09,3.82102e-09,2.29192e-08,
178,1.40875e-07,1.49032e-07,1.55203e-07,3.54586e-08,1.20628e-07,2.05906e-08,1.92579e-10,6.70984e-08,2.0327e-07,1.89922e-07,4.84971e-08,1.85245e-07,7.64087e-08,1.43834e-07,2.17383e-07,1.56801e-07,1.52825e-07,1.15402e-07,2.2477e-08,2.46544e-09,1.7557e-09,4.39558e-08,1.85789e-07,1.22728e-07,1.57677e-07,3.9385e-09,3.82102e-09,2.29192e-08,
179,1.40875e-07,1.49032e-07,1.55203e-07,3.54586e-08,1.20628e-07,2.05906e-08,1.92579e-10,6.70984e-08,2.0327e-07,1.89922e-07,4.84971e-08,1.85245e-07,7.64087e-08,1.43834e-07,2.17383e-07,1.56801e-07,1.52825e-07,1.15402e-07,2.2477e-08,2.46544e-09,1.7557e-09,4.39558e-08,1.85789e-07,1.22728e-07,1.57677e-07,3.9385e-09,3.82102e-09,2.29192e-08,
180,1.40875e-07,1.49032e-07,1.55203e-07,3.54586e-08,1.20628e-07,2.05906e-08,1.92579e-10,6.70984e-08,2.0327e-07,1.89922e-07,4.84971e-08,1.85245e-07,7.64087e-08,1.43834e-07,2.17383e-07,1.56801e-07,1.52825e-07,1.15402e-07,2.2477e-08,2.46544e-09,1.7557e-09,4.39558e-08,1.85789e-07,1.22728e-07,1.57677e-07,3.9385e-09,3.82102e-09,2.29192e-08,
181,1.40875e-07,1.49032e-07,1.55203e-07,3.54586e-08,1.20628e-07,2.05906e-08,1.92579e-10,6.70984e-08,2.0327e-07,1.89922e-07,4.84971e-08,1.85245e-07,7.64087e-08,1.43834e-07,2.17383e-07,1.56801e-07,1.52825e-07,1.15402e-07,2.2477e-08,2.46544e-09,1.7557e-09,4.39558e-08,1.85789e-07,1.22728e-07,1.57677e-07,3.9385e-09,3.82102e-09,2.29192e-08,
182,1.40875e-07,1.49032e-07,1.55203e-07,3.54586e-08,1.20628e-07,2.05906e-08,1.92579e-10,6.70984e-08,2.0327e-07,1.89922e-07,4.84971e-08,1.85245e-07,7.64087e-08,1.43834e-07,2.17383e-07,1.56801e-07,1.52825e-07,1.15402e-07,2.2477e-08,2.46544e-09,1.7557e-09,4.39558e-08,1.85789e-07,1.22728e-07,1.57677e-07,3.9385e-09,3.82102e-09,2.29192e-08,
183,1.40875e-07,1.49032e-07,1.55203e-07,3.54586e-08,1.20628e-07,2.05906e-08,1.92579e-10,6.70984e-08,2.0327e-07,1.89922e-07,4.84971e-08,1.85245e-07,7.64087e-08,1.43834e-07,2.17383e-07,1.56801e-07,1.52825e-07,1.15402e-07,2.2477e-08,2.46544e-09,1.7557e-09,4.39558e-08,1.85789e-07,1.22728e-07,1.57677e-07,3.9385e-09,3.82102e-09,2.29192e-08,
184,1.40875e-07,1.49032e-07,1.55203e-07,3.54586e-08,1.20628e-07,2.05906e-08,1.92579e-10,6.70984e-08,2.0327e-07,1.89922e-07,4.84971e-08,1.85245e-07,7.64087e-08,1.43834e-07,2.17383e-07,1.56801e-07,1.52825e-07,1.15402e-07,2.2477e-08,2.46544e-09,1.7557e-09,4.39558e-08,1.85789e-07,1.22728e-07,1.57677e-07,3.9385e-09,3.82102e-09,2.29192e-08,
185,1.40875e-07,1.49032e-07,1.55203e-07,3.54586e-08,1.20628e-07,2.05906e-08,1.92579e-10,6.70984e-08,2.0327e-07,1.89922e-07,4.84971e-08,1.85245e-07,7.64087e-08,1.43834e-07,2.17383e-07,1.56801e-07,1.52825e-07,1.15402e-07,2.2477e-08,2.46544e-09,1.7557e-09,4.39558e-08,1.85789e-07,1.22728e-07,1.57677e-07,3.9385e-09,3.82102e-09,2.29192e-08,
186,1.40875e-07,1.49032e-07,1.55203e-07,3.54586e-08,1.20628e-07,2.05906e-08,1.92579e-10,6.70984e-08,2.0327e-07,1.89922e-07,4.84971e-08,1.85245e-07,7.64087e-08,1.43834e-07,2.17383e-07,1.56801e-07,1.52825e-07,1.15402e-07,2.2477e-08,2.46544e-09,1.7557e-09,4.39558e-08,1.85789e-07,1.22728e-07,1.57677e-07,3.9385e-09,3.82102e-09,2.29192e-08,
187,1.40875e-07,1.49032e-07,1.55203e-07,3.54586e-08,1.20628e-07,2.05906e-08,1.92579e-10,6.70984e-08,2.0327e-07,1.89922e-07,4.84971e-08,1.85245e-07,7.64087e-08,1.43834e-07,2.17383e-07,1.56801e-07,1.52825e-07,1.15402e-07,2.2477e-08,2.46544e-09,1.7557e-09,4.39558e-08,1.85789e-07,1.22728e-07,1.57677e-07,3.9385e-09,3.82102e-09,2.29192e-08,
188,1.40875e-07,1.49032e-07,1.55203e-07,3.54586e-08,1.20628e-07,2.05906e-08,1.92579e-10,6.70984e-08,2.0327e-07,1.89922e-07,4.84971e-08,1.85245e-07,7.64087e-08,1.43834e-07,2.17383e-07,1.56801e-07,1.52825e-07,1.15402e-07,2.2477e-08,2.46544e-09,1.7557e-09,4.39558e-08,1.85789e-07,1.22728e-07,1.57677e-07,3.9385e-09,3.82102e-09,2.29192e-08,
189,1.40875e-07,1.49032e-07,1.55203e-07,3.54586e-08,1.20628e-07,2.05906e-08,1.92579e-10,6.70984e-08,2.0327e-07,1.89922e-07,4.84971e-08,1.85245e-07,7.64087e-08,1.43834e-07,2.17383e-07,1.56801e-07,1.52825e-07,1.15402e-07,2.2477e-08,2.46544e-09,1.7557e-09,4.39558e-08,1.85789e-07,1.22728e-07,1.57677e-07,3.9385e-09,3.82102e-09,2.29192e-08,
190,1.40875e-07,1.49032e-07,1.55203e-07,3.54586e-08,1.20628e-07,2.05906e-08,1.92579e-10,6.70984e-08,2.0327e-07,1.89922e-07,4.84971e-08,1.85245e-07,7.64087e-08,1.43834e-07,2.17383e-07,1.56801e-07,1.52825e-07,1.15402e-07,2.2477e-08,2.46544e-09,1.7557e-09,4.39558e-08,1.85789e-07,1.22728e-07,1.57677e-07,3.9385e-09,3.82102e-09,2.29192e-08,
191,1.40875e-07,1.49032e-07,1.55203e-07,3.54586e-08,1.20628e-07,2.05906e-08,1.92579e-10,6.70984e-08,2.0327e-07,1.89922e-07,4.84971e-08,1.85245e-07,7.64087e-08,1.43834e-07,2.17383e-07,1.56801e-07,1.52825e-07,1.15402e-07,2.2477e-08,2.46544e-09,1.7557e-09,4.39558e-08,1.85789e-07,1.22728e-07,1.57677e-07,3.9385e-09,3.82102e-09,2.29192e-08,
192,1.40875e-07,1.49032e-07,1.55203e-07,3.54586e-08,1.20628e-07,2.05906e-08,1.92579e-10,6.70984e-08,2.0327e-07,1.89922e-07,4.84971e-08,1.85245e-07,7.64087e-08,1.43834e-07,2.17383e-07,1.56801e-07,1.52825e-07,1.15402e-07,2.2477e-08,2.46544e-09,1.7557e-09,4.39558e-08,1.85789e-07,1.22728e-07,1.57677e-07,3.9385e-09,3.82102e-09,2.29192e-08,
193,1.40875e-07,1.49032e-07,1.55203e-07,3.54586e-08,1.20628e-07,2.05906e-08,1.92579e-10,6.70984e-08,2.0327e-07,1.89922e-07,4.84971e-08,1.85245e-07,7.64087e-08,1.43834e-07,2.17383e-07,1.56801e-07,1.52825e-07,1.15402e-07,2.2477e-08,2.46544e-09,1.7557e-09,4.39558e-08,1.85789e-07,1.22728e-07,1.57677e-07,3.9385e-09,3.82102e-09,2.29192e-08,
194,1.40875e-07,1.49032e-07,1.55203e-07,3.54586e-08,1.20628e-07,2.05906e-08,1.92579e-10,6.70984e-08,2.0327e-07,1.89922e-07,4.84971e-08,1.85245e-07,7.64087e-08,1.43834e-07,2.17383e-07,1.56801e-07,1.52825e-07,1.15402e-07,2.2477e-08,2.46544e-09,1.7557e-09,4.39558e-08,1.85789e-07,1.22728e-07,1.57677e-07,3.9385e-09,3.82102e-09,2.29192e-08,
195,1.40875e-07,1.49032e-07,1.55203e-07,3.54586e-08,1.20628e-07,2.05906e-08,1.92579e-10,6.70984e-08,2.0327e-07,1.89922e-07,4.84971e-08,1.85245e-07,7.64087e-08,1.43834e-07,2.17383e-07,1.56801e-07,1.52825e-07,1.15402e-07,2.2477e-08,2.46544e-09,1.7557e-09,4.39558e-08,1.85789e-07,1.22728e-07,1.57677e-07,3.9385e-09,3.82102e-09,2.29192e-08,
196,1.40875e-07,1.49032e-07,1.55203e-07,3.54586e-08,1.20628e-07,2.05906e-08,1.92579e-10,6.70984e-08,2.0327e-07,1.89922e-07,4.84971e-08,1.85245e-07,7.64087e-08,1.43834e-07,2.17383e-07,1.56801e-07,1.52825e-07,1.15402e-07,2.2477e-08,2.46544e-09,1.7557e-09,4.39558e-08,1.85789e-07,1.22728e-07,1.57677e-07,3.9385e-09,3.82102e-09,2.29192e-08,
197,1.40875e-07,1.49032e-07,1.55203e-07,3.54586e-08,1.20628e-07,2.05906e-08,1.92579e-10,6.70984e-08,2.0327e-07,1.89922e-07,4.84971e-08,1.85245e-07,7.64087e-08,1.43834e-07,2.17383e-07,1.56801e-07,1.52825e-07,1.15402e-07,2.2477e-08,2.46544e-09,1.7557e-09,4.39558e-08,1.85789e-07,1.22728e-07,1.57677e-07,3.9385e-09,3.82102e-09,2.29192e-08,
198,1.40875e-07,1.49032e-07,1.55203e-07,3.54586e-08,1.20628e-07,2.05906e-08,1.92579e-10,6.70984e-08,2.0327e-07,1.89922e-07,4.84971e-08,1.85245e-07,7.64087e-08,1.43834e-07,2.17383e-07,1.56801e-07,1.52825e-07,1.15402e-07,2.2477e-08,2.46544e-09,1.7557e-09,4.39558e-08,1.85789e-07,1.22728e-07,1.57677e-07,3.9385e-09,3.82102e-09,2.29192e-08,
199,1.40875e-07,1.49032e-07,1.55203e-07,3.54586e-08,1.20628e-07,2.05906e-08,1.92579e-10,6.70984e-08,2.0327e-07,1.89922e-07,4.84971e-08,1.85245e-07,7.64087e-08,1.43834e-07,2.17383e-07,1.56801e-07,1.52825e-07,1.15402e-07,2.2477e-08,2.46544e-09,1.7557e-09,4.39558e-08,1.85789e-07,1.22728e-07,1.57677e-07,3.9385e-09,3.82102e-09,2.29192e-08,
200,1.40875e-07,1.49032e-07,1.55203e-07,3.54586e-08,1.20628e-07,2.05906e-08,1.92579e-10,6.70984e-08,2.0327e-07,1.89922e-07,4.84971e-08,1.85245e-07,7.64087e-08,1.43834e-07,2.17383e-07,1.56801e-07,1.52825e-07,1.15402e-07,2.2477e-08,2.46544e-09,1.7557e-09,4.39558e-08,1.85789e-07,1.22728e-07,1.57677e-07,3.9385e-09,3.82102e-09,2.29192e-08,
