time,Integral
0,0
0
1,3.33253e-09
3.33253e-09
2,6.66894e-09
6.66894e-09
3,1.00053e-08
1.00053e-08
4,1.33416e-08
1.33416e-08
5,1.66779e-08
1.66779e-08
6,2.00141e-08
2.00141e-08
7,2.33502e-08
2.33502e-08
8,2.66862e-08
2.66862e-08
9,3.00223e-08
3.00223e-08
10,3.33582e-08
3.33582e-08
11,3.66942e-08
3.66942e-08
12,3.66982e-08
3.66982e-08
13,3.66982e-08
3.66982e-08
14,3.66982e-08
3.66982e-08
15,3.66982e-08
3.66982e-08
16,3.66982e-08
3.66982e-08
17,3.66982e-08
3.66982e-08
18,3.66982e-08
3.66982e-08
19,3.66982e-08
3.66982e-08
20,3.66982e-08
3.66982e-08
