BEGIN_LIST
0
1.77055e-68
6.12205e-68
1.67068e-67
4.23419e-67
1.04314e-66
2.54013e-66
6.15514e-66
1.48842e-65
3.59612e-65
8.68551e-65
2.09753e-64
5.06536e-64
1.22327e-63
2.95426e-63
7.13508e-63
1.72332e-62
4.16252e-62
1.00548e-61
2.42887e-61
5.86759e-61
2.58593e-60
6.05619e-61
6.07587e-60
6.25101e-61
1.19172e-59
6.45227e-61
2.14244e-59
6.66017e-61
3.66075e-59
6.87495e-61
6.05566e-59
7.09684e-61
9.80689e-59
7.32608e-61
1.56695e-58
7.56293e-61
2.48535e-58
7.80764e-61
3.934e-58
8.06049e-61
6.24515e-58
8.32175e-61
9.99016e-58
8.59176e-61
1.61771e-57
8.87262e-61
2.66288e-57
9.24178e-61
4.47186e-57
1.29813e-60
7.68217e-57
1.59724e-59
1.35201e-56
6.39082e-58
2.43754e-56
2.71487e-56
4.49259e-56
1.15507e-54
8.42182e-56
4.91473e-53
8.54533e-56
1.13706e-55
4.81585e-56
1.14227e-52
5.26383e-53
8.61209e-56
1.31853e-55
2.78662e-56
2.15375e-52
5.63315e-53
8.61627e-56
1.42681e-55
1.62923e-56
3.65328e-52
6.02204e-53
8.55403e-56
1.48747e-55
9.61275e-57
5.79647e-52
6.429e-53
8.424e-56
1.51677e-55
5.71718e-57
8.77061e-52
6.85147e-53
8.22756e-56
1.52509e-55
3.4239e-57
1.27989e-51
7.28543e-53
7.96889e-56
1.51911e-55
2.06268e-57
1.81459e-51
7.72506e-53
7.65468e-56
1.50315e-55
1.24885e-57
2.51263e-51
8.16228e-53
7.29367e-56
1.48005e-55
7.59274e-58
3.41165e-51
8.58634e-53
6.89589e-56
1.45173e-55
4.63217e-58
4.55746e-51
8.98342e-53
6.47203e-56
1.4195e-55
2.83395e-58
6.00698e-51
9.33623e-53
6.03265e-56
1.38429e-55
1.73777e-58
7.83291e-51
9.62364e-53
5.5876e-56
1.34681e-55
1.06756e-58
1.01311e-50
9.81993e-53
5.14561e-56
1.30759e-55
6.56787e-59
1.30322e-50
9.89317e-53
4.71398e-56
1.26705e-55
4.04535e-59
1.67207e-50
9.80125e-53
4.29853e-56
1.22556e-55
2.49382e-59
2.14649e-50
9.48321e-53
3.90358e-56
1.18344e-55
1.53833e-59
2.76677e-50
8.84087e-53
3.5321e-56
1.14094e-55
9.49313e-60
3.59499e-50
7.70203e-53
3.18686e-56
1.09832e-55
5.85932e-60
4.72932e-50
5.74659e-53
2.68956e-56
1.05579e-55
3.61619e-60
6.32926e-50
2.34564e-53
2.2569e-56
2.43969e-56
1.07254e-55
4.96452e-56
1.57496e-55
2.63244e-60
6.72162e-50
5.09728e-50
2.15346e-53
6.2043e-54
1.88734e-56
2.21012e-56
1.00498e-55
2.33964e-56
1.93926e-55
1.91533e-60
7.08093e-50
3.93992e-50
1.96185e-53
1.6231e-54
1.57384e-56
1.99982e-56
8.67172e-56
1.10348e-56
2.19611e-55
1.39259e-60
7.40348e-50
2.94786e-50
1.77435e-53
4.23404e-55
1.30939e-56
1.80767e-56
6.93982e-56
5.20667e-57
2.38377e-55
1.01156e-60
7.68565e-50
2.15244e-50
1.59394e-53
1.1046e-55
1.08736e-56
1.63251e-56
5.22104e-56
2.45738e-57
2.53029e-55
7.33867e-61
7.924e-50
1.5443e-50
1.423e-53
2.89211e-56
9.01711e-57
1.47316e-56
3.75044e-56
1.16002e-57
2.65461e-55
5.31526e-61
8.11526e-50
1.09447e-50
1.26323e-53
7.6937e-57
7.47197e-57
1.32843e-56
2.60862e-56
5.47666e-58
2.76864e-55
3.84146e-61
8.25639e-50
7.69179e-51
1.11572e-53
2.18174e-57
6.19754e-57
1.1972e-56
1.77608e-56
2.58579e-58
2.87919e-55
2.76849e-61
8.34457e-50
5.3751e-51
9.80992e-54
7.66043e-58
5.17647e-57
1.07837e-56
1.19283e-56
1.22086e-58
2.98971e-55
1.98787e-61
8.37726e-50
3.74195e-51
8.59096e-54
4.19798e-58
4.45344e-57
9.70872e-57
7.9429e-57
5.76329e-59
3.10142e-55
1.42043e-61
8.35222e-50
2.59844e-51
7.49719e-54
3.54737e-58
4.26442e-57
8.7374e-57
5.26119e-57
2.71962e-59
3.21413e-55
1.00844e-61
8.26752e-50
1.80137e-51
6.52277e-54
3.65797e-58
5.46676e-57
7.86048e-57
3.47367e-57
1.28229e-59
3.32675e-55
7.09769e-62
8.12159e-50
1.24742e-51
5.66005e-54
3.99883e-58
1.09676e-56
7.06939e-57
2.28906e-57
6.03576e-60
3.43761e-55
4.93672e-62
7.91324e-50
8.63188e-52
4.90027e-54
4.43528e-58
3.04658e-56
6.35622e-57
1.50696e-57
2.83156e-60
3.54462e-55
3.37726e-62
7.64166e-50
5.97022e-52
4.2342e-54
4.93628e-58
9.61923e-56
5.71366e-57
9.92474e-58
1.31956e-60
3.64545e-55
2.25564e-62
7.30645e-50
4.12798e-52
3.65256e-54
5.49826e-58
3.15165e-55
5.13502e-57
6.57002e-58
6.06784e-61
3.73754e-55
1.45247e-62
6.90766e-50
2.85362e-52
3.14633e-54
6.12533e-58
1.04267e-54
4.61423e-57
4.46864e-58
2.71418e-61
3.81823e-55
8.8069e-63
6.44577e-50
1.97253e-52
2.70698e-54
6.82413e-58
3.45829e-54
4.14583e-57
3.43454e-58
1.1423e-61
3.88481e-55
4.7679e-63
5.92172e-50
1.36466e-52
2.32666e-54
7.60265e-58
1.14787e-53
3.7253e-57
3.90326e-58
4.11126e-62
3.93457e-55
1.9447e-63
5.33694e-50
9.56849e-53
2.0011e-54
8.46987e-58
3.81099e-53
3.35013e-57
8.00759e-58
7.61929e-63
3.96494e-55
0
4.69331e-50
7.9682e-53
1.85189e-54
9.43587e-58
2.20787e-53
5.78259e-53
3.14535e-57
1.28265e-57
7.90171e-63
4.43377e-63
3.96839e-55
3.87468e-50
3.32932e-50
1.00622e-57
1.27908e-53
8.56063e-53
2.953e-57
2.13224e-57
8.1966e-63
2.58006e-63
3.91475e-55
3.16241e-50
2.36035e-50
1.0725e-57
7.40995e-54
1.24776e-52
2.77232e-57
3.61343e-57
8.50808e-63
1.50134e-63
3.80027e-55
2.55671e-50
1.67269e-50
1.14288e-57
4.29268e-54
1.80028e-52
2.60263e-57
6.18225e-57
8.84679e-63
8.73584e-64
3.62485e-55
2.05112e-50
1.18499e-50
1.21775e-57
2.4868e-54
2.57991e-52
2.44326e-57
1.06265e-56
9.24159e-63
5.08276e-64
3.39253e-55
1.63535e-50
8.39275e-51
1.29746e-57
1.44062e-54
3.68024e-52
2.2936e-57
1.83062e-56
9.77153e-63
2.95688e-64
3.11149e-55
1.29745e-50
5.94277e-51
1.38234e-57
8.34565e-55
5.23342e-52
2.15306e-57
3.15698e-56
1.06546e-62
1.71974e-64
2.79341e-55
1.02539e-50
4.20694e-51
1.47274e-57
4.83473e-55
7.42601e-52
2.02109e-57
5.44711e-56
1.24933e-62
9.99819e-65
2.4523e-55
8.07924e-51
2.97723e-51
1.56903e-57
2.80084e-55
1.05215e-51
1.89718e-57
9.40084e-56
1.69531e-62
5.80887e-65
2.10302e-55
6.35083e-51
2.10616e-51
1.67159e-57
1.62261e-55
1.48917e-51
1.78083e-57
2.86416e-62
3.37122e-65
1.75978e-55
4.98307e-51
6.03042e-62
1.95296e-65
1.43488e-55
3.90439e-51
1.47202e-61
1.12797e-65
1.13786e-55
3.05589e-51
3.86887e-61
6.4823e-66
8.75108e-56
2.38979e-51
1.04924e-60
3.69405e-66
6.49903e-56
1.86769e-51
2.8809e-60
2.07496e-66
4.62798e-56
1.45893e-51
7.94753e-60
1.13616e-66
3.12175e-56
1.13921e-51
2.1964e-59
5.93122e-67
1.94865e-56
8.89298e-52
6.07405e-59
2.80283e-67
1.0676e-56
6.94098e-52
1.68019e-58
1.01269e-67
4.33226e-57
5.4313e-52
4.64816e-58
0
0
4.77742e-52
4.73988e-58
2.65458e-57
4.83341e-58
4.2544e-57
4.92879e-58
5.34808e-57
5.02606e-58
6.0597e-57
5.12524e-58
6.51082e-57
5.22637e-58
6.79263e-57
5.32951e-58
6.95797e-57
5.43468e-58
7.02632e-57
5.54192e-58
6.99387e-57
5.65128e-58
6.84433e-57
5.7628e-58
6.55901e-57
5.87652e-58
6.12537e-57
5.99249e-58
5.54342e-57
6.11074e-58
4.82897e-57
6.23132e-58
4.01333e-57
6.35429e-58
3.13958e-57
6.47968e-58
2.25663e-57
6.60755e-58
1.41276e-57
6.73797e-58
6.49948e-58
6.87028e-58
0
7.05899e-58
7.25288e-58
7.4521e-58
7.65679e-58
7.86711e-58
8.0832e-58
8.30523e-58
8.53335e-58
8.76775e-58
9.00858e-58
9.25602e-58
9.51026e-58
9.77149e-58
1.00399e-57
1.03157e-57
1.05988e-57
1.08912e-57
1.11844e-57
1.15189e-57
1.17093e-57
END_LIST
