BEGIN_LIST
0.1
0.0996389
0.0992447
0.0988147
0.0983465
0.0978372
0.097284
0.096684
0.0960341
0.0953313
0.0945725
0.0937545
0.092874
0.0919272
0.0909093
0.0898125
0.0886216
0.087303
0.0857779
0.0838573
0.0810854
0.0718298
0.0807066
0.0628166
0.0802023
0.0542723
0.0795346
0.0463702
0.0786563
0.0392227
0.0775102
0.0328837
0.0760305
0.0273572
0.0741451
0.0226094
0.0717823
0.0185811
0.0688802
0.015199
0.0654003
0.0123841
0.0613413
0.010058
0.0567513
0.00814739
0.0517318
0.0065858
0.0464312
0.005315
0.0410273
0.00428532
0.035704
0.00345605
0.0306272
0.00279659
0.0259257
0.00229017
0.0216301
0.00194417
0.0160455
0.00164289
0.00202518
0.00205936
0.0140252
0.0131617
0.0013873
0.00214389
0.00233313
0.0122562
0.0107761
0.00117078
0.00229037
0.00272137
0.010708
0.0088093
0.000987541
0.00245923
0.00321088
0.00935361
0.00719243
0.000832623
0.00264774
0.00380389
0.00816915
0.00586627
0.000701752
0.0028548
0.00451099
0.00713365
0.00478058
0.000591269
0.00308028
0.00534795
0.00622861
0.00389313
0.000498051
0.00332465
0.00633426
0.00543778
0.00316864
0.000419439
0.00358879
0.00749249
0.00474689
0.00257778
0.000353169
0.00387381
0.00884787
0.00414341
0.00209631
0.000297323
0.00418108
0.0104278
0.00361633
0.00170422
0.000250276
0.00451206
0.0122616
0.00315599
0.00138505
0.000210649
0.00486837
0.0143789
0.00275383
0.00112528
0.000177281
0.00525175
0.0168094
0.00240225
0.000913701
0.000149186
0.00566405
0.0195804
0.00209422
0.0007409
0.000125536
0.00610721
0.0227149
0.00182285
0.000598533
0.000105629
0.00658329
0.026229
0.00158044
0.000478224
8.88743e-05
0.00709444
0.0301288
0.00135653
0.000369349
7.48129e-05
0.00764292
0.0344078
0.00113363
0.000254113
5.87769e-05
0.00823105
0.0390433
0.000878025
9.60046e-05
4.7114e-05
5.10444e-05
0.00507617
0.0129014
0.00550784
0.0423572
0.000848738
0.000577024
8.05674e-05
2.44388e-05
3.77639e-05
4.43285e-05
0.00310489
0.0161633
0.00374959
0.0457866
0.00081939
0.000379029
6.76109e-05
6.25276e-06
3.02684e-05
3.84958e-05
0.0018895
0.0190564
0.00262612
0.0493139
0.000789943
0.000248893
5.67369e-05
1.63638e-06
2.426e-05
3.34301e-05
0.00114628
0.0219838
0.00192067
0.0529172
0.00076036
0.000163404
4.76109e-05
4.70113e-07
1.94439e-05
2.90307e-05
0.000694084
0.0251026
0.00149172
0.0565713
0.0007306
0.000107263
3.99523e-05
1.81886e-07
1.55837e-05
2.52101e-05
0.00041979
0.0284698
0.00124735
0.0602479
0.000700621
7.04048e-05
3.35253e-05
1.18084e-07
1.24897e-05
2.18921e-05
0.000253716
0.0320976
0.00112821
0.0639173
0.000670379
4.62091e-05
2.81319e-05
1.12761e-07
1.00098e-05
1.90107e-05
0.000153278
0.0359733
0.00109634
0.067549
0.000639829
3.03275e-05
2.36059e-05
1.23954e-07
8.02229e-06
1.65084e-05
9.2577e-05
0.0400673
0.00112783
0.0711129
0.000608923
1.99037e-05
1.9808e-05
1.41247e-07
6.42935e-06
1.43355e-05
5.5906e-05
0.0443362
0.00120806
0.0745804
0.000577611
1.30624e-05
1.6621e-05
1.62281e-07
5.15269e-06
1.24485e-05
3.37577e-05
0.0487251
0.00132856
0.0779249
0.000545841
8.57255e-06
1.39467e-05
1.86788e-07
4.12951e-06
1.08098e-05
2.03828e-05
0.0531706
0.001485
0.0811235
0.000513558
5.6259e-06
1.17027e-05
2.15084e-07
3.30949e-06
9.38685e-06
1.23066e-05
0.0576038
0.00167595
0.0841565
0.000480705
3.69209e-06
9.81969e-06
2.47688e-07
2.65226e-06
8.15117e-06
7.4303e-06
0.0619546
0.001902
0.0870088
0.000447222
2.42299e-06
8.23964e-06
2.8524e-07
2.12543e-06
7.07814e-06
4.48611e-06
0.0661561
0.00216527
0.0896693
0.000413047
1.59012e-06
6.91381e-06
3.28486e-07
1.70285e-06
6.14638e-06
2.70855e-06
0.0701482
0.00246912
0.0921315
0.000378112
1.04354e-06
5.80131e-06
3.7829e-07
1.36297e-06
5.33735e-06
1.63545e-06
0.0738814
0.00281795
0.0943928
0.00034235
6.84877e-07
4.86782e-06
4.35645e-07
1.08645e-06
4.63517e-06
9.8798e-07
0.0773188
0.00321708
0.0964546
0.000305685
4.49882e-07
4.08464e-06
5.01696e-07
8.50831e-07
4.02677e-06
5.9853e-07
0.0804371
0.00367277
0.0983212
0.000268043
2.9964e-07
3.4329e-06
5.77761e-07
6.14544e-07
3.50376e-06
3.68528e-07
0.0832263
0.00419221
0.1
0.000229342
2.42298e-07
3.13842e-06
6.65358e-07
3.47825e-07
6.21892e-07
3.22491e-06
2.90277e-07
0.0824682
0.0840769
0.00511443
0.000175245
0.000154506
7.2396e-07
1.98413e-07
6.51204e-07
2.96826e-06
2.28649e-07
0.0816636
0.084971
0.00623926
0.000133892
0.000104111
7.87066e-07
1.15137e-07
7.11963e-07
2.73203e-06
1.80114e-07
0.0808112
0.0858822
0.00760378
0.000102288
7.01772e-05
8.55363e-07
6.92581e-08
8.1833e-07
2.5146e-06
1.41902e-07
0.0799095
0.0867969
0.00925154
7.81377e-05
4.73288e-05
9.29439e-07
4.46705e-08
9.91397e-07
2.31447e-06
1.1183e-07
0.0789575
0.0877079
0.0112322
5.96864e-05
3.19465e-05
1.00986e-06
3.23841e-08
1.26255e-06
2.13027e-06
8.81906e-08
0.0779541
0.0886114
0.0136006
4.55902e-05
2.15923e-05
1.09721e-06
2.74319e-08
1.67847e-06
1.96073e-06
6.96553e-08
0.0768987
0.0895052
0.0164155
3.4822e-05
1.46247e-05
1.19209e-06
2.71321e-08
2.3085e-06
1.80468e-06
5.52052e-08
0.0757907
0.0903883
0.0197372
2.65966e-05
9.93812e-06
1.29518e-06
3.01189e-08
3.25568e-06
1.66105e-06
4.40888e-08
0.07463
0.0912599
0.0236236
2.03138e-05
6.78802e-06
1.40718e-06
3.58049e-08
4.67309e-06
1.52885e-06
0.0734164
0.0921194
0.0281254
1.55149e-05
0.0721505
0.0929666
0.0332793
1.18495e-05
0.0708329
0.0938011
0.0391006
9.05006e-06
0.069464
0.0946227
0.0455743
6.91191e-06
0.068044
0.0954313
0.0526486
5.2789e-06
0.0665707
0.0962266
0.0602298
4.03168e-06
0.0650343
0.0970086
0.0681822
3.07913e-06
0.0634036
0.097777
0.076334
2.35164e-06
0.061585
0.0985317
0.0844885
1.79613e-06
0.0593064
0.0992728
0.0924415
1.37571e-06
0.0557883
0.1
0.1
1.19578e-06
0.0552323
0.0363018
0.0545832
0.0239096
0.0538291
0.0162864
0.0529577
0.0118264
0.0519567
0.00947827
0.0508148
0.0085854
0.0495221
0.00876116
0.0480714
0.00980031
0.0464587
0.0116202
0.0446846
0.0142223
0.0427548
0.0176664
0.040681
0.0220515
0.0384807
0.0274987
0.0361769
0.0341322
0.0337976
0.0420568
0.031374
0.0513305
0.0289392
0.0619364
0.0265261
0.0737562
0.0241678
0.0865578
0.0218343
0.1
0.0188549
0.0161249
0.0136711
0.0115023
0.00961366
0.0079895
0.00660774
0.00544278
0.00446802
0.0036575
0.00298705
0.00243483
0.00198158
0.00161063
0.00130775
0.00106095
0.000859911
0.000697856
0.000558553
0.000491006
END_LIST
