BEGIN_LIST
0
1.86879e-51
6.43331e-51
1.74376e-50
4.38188e-50
1.06911e-49
2.57635e-49
6.1755e-49
1.47686e-48
3.5283e-48
8.42579e-48
2.01181e-47
4.80326e-47
1.1468e-46
2.73806e-46
6.53758e-46
1.561e-45
3.72738e-45
8.90074e-45
2.12551e-44
5.07594e-44
2.19567e-43
5.28261e-44
5.0466e-43
5.49781e-44
9.58865e-43
5.72189e-44
1.6518e-42
5.95523e-44
2.67315e-42
6.1982e-44
4.13654e-42
6.45123e-44
6.18493e-42
6.71471e-44
8.99989e-42
6.98909e-44
1.28203e-41
7.27483e-44
1.79805e-41
7.57239e-44
2.49892e-41
7.88227e-44
3.46865e-41
8.205e-44
4.85556e-41
8.54112e-44
6.93291e-41
8.89218e-44
1.02177e-40
9.30048e-44
1.57043e-40
1.15417e-43
2.53273e-40
9.1133e-43
4.28805e-40
3.46051e-41
7.58106e-40
1.46781e-39
1.38533e-39
6.24399e-38
1.4059e-39
1.8629e-39
7.93013e-40
1.45026e-37
6.69131e-38
1.41715e-39
2.15665e-39
4.59551e-40
2.73109e-37
7.16488e-38
1.4181e-39
2.33179e-39
2.69243e-40
4.62432e-37
7.6639e-38
1.40812e-39
2.42976e-39
1.59319e-40
7.31993e-37
8.18652e-38
1.38699e-39
2.47692e-39
9.51304e-41
1.10429e-36
8.7295e-38
1.35491e-39
2.49008e-39
5.72752e-41
1.60562e-36
9.28775e-38
1.31257e-39
2.48006e-39
3.47479e-41
2.26642e-36
9.85384e-38
1.26108e-39
2.45385e-39
2.12314e-41
3.12181e-36
1.04175e-37
1.20185e-39
2.41606e-39
1.30602e-41
4.21249e-36
1.09648e-37
1.13654e-39
2.3698e-39
8.08612e-42
5.58614e-36
1.14782e-37
1.06691e-39
2.31718e-39
5.03832e-42
7.29977e-36
1.19354e-37
9.94693e-40
2.25972e-39
3.15913e-42
9.4235e-36
1.23093e-37
9.21514e-40
2.19855e-39
1.99338e-42
1.20469e-35
1.25668e-37
8.4881e-40
2.13455e-39
1.26577e-42
1.52889e-35
1.26666e-37
7.77787e-40
2.06841e-39
8.0881e-43
1.93154e-35
1.25546e-37
7.09405e-40
2.00071e-39
5.2e-43
2.43667e-35
1.21522e-37
6.44378e-40
1.93197e-39
3.36283e-43
3.08057e-35
1.13332e-37
5.83197e-40
1.86263e-39
2.1865e-43
3.91991e-35
9.87627e-38
5.26323e-40
1.79309e-39
1.42837e-43
5.04593e-35
7.37054e-38
4.44306e-40
1.72368e-39
9.36666e-44
6.60993e-35
3.00928e-38
3.72885e-40
4.03097e-40
1.75093e-39
8.10484e-40
2.57139e-39
7.10655e-44
6.99657e-35
5.317e-35
2.76319e-38
7.96281e-39
3.11871e-40
3.65227e-40
1.64055e-39
3.81946e-40
3.16624e-39
5.3937e-44
7.34911e-35
4.10505e-35
2.51775e-38
2.08518e-39
2.60103e-40
3.30531e-40
1.41552e-39
1.80137e-40
3.58567e-39
4.09299e-44
7.66391e-35
3.06799e-35
2.2775e-38
5.45839e-40
2.16428e-40
2.98824e-40
1.13276e-39
8.49933e-41
3.89214e-39
3.10362e-44
7.93748e-35
2.23771e-35
2.04627e-38
1.4441e-40
1.79748e-40
2.69916e-40
8.52174e-40
4.01127e-41
4.13144e-39
2.35007e-44
8.16647e-35
1.60375e-35
1.82712e-38
4.00184e-41
1.49057e-40
2.43613e-40
6.12117e-40
1.89347e-41
4.33452e-39
1.77559e-44
8.34769e-35
1.13538e-35
1.62225e-38
1.30864e-41
1.23457e-40
2.1972e-40
4.25738e-40
8.93905e-42
4.52078e-39
1.33745e-44
8.47821e-35
7.97072e-36
1.43305e-38
6.37113e-42
1.02164e-40
1.98052e-40
2.89851e-40
4.22039e-42
4.70138e-39
1.00332e-44
8.5553e-35
5.56404e-36
1.26021e-38
4.95832e-42
8.45144e-41
1.78425e-40
1.94657e-40
1.99253e-42
4.88193e-39
7.4866e-45
8.5765e-35
3.8693e-36
1.1038e-38
4.96554e-42
6.99994e-41
1.6067e-40
1.29613e-40
9.40574e-43
5.06442e-39
5.54824e-45
8.53967e-35
2.68396e-36
9.63422e-39
5.38551e-42
5.83808e-41
1.44623e-40
8.58477e-41
4.43826e-43
5.24855e-39
4.07581e-45
8.44296e-35
1.85862e-36
8.38342e-39
5.96061e-42
5.01059e-41
1.30134e-40
5.66766e-41
2.09254e-43
5.43254e-39
2.96046e-45
8.28488e-35
1.28565e-36
7.27578e-39
6.62914e-42
4.77064e-41
1.1706e-40
3.73443e-41
9.84926e-44
5.61364e-39
2.11875e-45
8.06427e-35
8.8866e-37
6.30014e-39
7.38102e-42
6.04699e-41
1.05272e-40
2.45771e-41
4.62043e-44
5.78847e-39
1.48664e-45
7.7804e-35
6.13954e-37
5.44469e-39
8.22035e-42
1.19974e-40
9.46489e-41
1.61641e-41
2.15315e-44
5.9532e-39
1.01486e-45
7.43291e-35
4.24028e-37
4.69754e-39
9.15567e-42
3.31707e-40
8.50812e-41
1.063e-41
9.90079e-45
6.10366e-39
6.65494e-46
7.02187e-35
2.92793e-37
4.04715e-39
1.01975e-41
1.04656e-39
7.64683e-41
7.00105e-42
4.42863e-45
6.23551e-39
4.09343e-46
6.54779e-35
2.02158e-37
3.48258e-39
1.13579e-41
3.43055e-39
6.87205e-41
4.65092e-42
1.86385e-45
6.3443e-39
2.23915e-46
6.01161e-35
1.39698e-37
2.99378e-39
1.26502e-41
1.13579e-38
6.17631e-41
3.22368e-42
6.7084e-46
6.42562e-39
9.19015e-47
5.41475e-35
9.7839e-38
2.5753e-39
1.40893e-41
3.77006e-38
5.55549e-41
2.6737e-42
1.24351e-46
6.47527e-39
0
4.75907e-35
8.14226e-38
2.38348e-39
1.56921e-41
2.18234e-38
5.72289e-38
5.21659e-41
2.8031e-42
1.28988e-46
7.23688e-47
6.481e-39
3.92693e-35
3.37137e-35
1.67311e-41
1.26324e-38
8.47821e-38
4.89821e-41
3.35252e-42
1.33872e-46
4.21177e-47
6.39346e-39
3.2034e-35
2.3869e-35
1.78303e-41
7.31204e-39
1.23686e-37
4.59913e-41
4.56922e-42
1.39148e-46
2.45124e-47
6.20657e-39
2.58852e-35
1.68917e-35
1.89975e-41
4.23242e-39
1.78641e-37
4.3182e-41
6.89081e-42
1.45203e-46
1.42662e-47
5.92014e-39
2.07559e-35
1.19501e-35
2.0239e-41
2.44986e-39
2.56299e-37
4.05433e-41
1.1082e-41
1.53093e-46
8.30279e-48
5.54076e-39
1.65401e-35
8.45196e-36
2.15605e-41
1.41808e-39
3.66061e-37
3.8065e-41
1.84712e-41
1.65734e-46
4.8318e-48
5.08181e-39
1.31159e-35
5.97634e-36
2.29676e-41
8.20876e-40
5.21223e-37
3.57375e-41
3.13589e-41
1.91175e-46
2.81141e-48
4.56235e-39
1.03604e-35
4.22477e-36
2.4466e-41
4.75226e-40
7.40583e-37
3.35517e-41
5.3725e-41
2.51676e-46
1.63532e-48
4.00526e-39
8.15905e-36
2.98566e-36
2.60619e-41
2.75181e-40
1.05072e-36
3.1499e-41
9.24491e-41
4.08804e-46
9.50685e-49
3.43481e-39
6.4103e-36
2.10916e-36
2.77615e-41
1.5942e-40
1.48921e-36
2.95714e-41
8.32876e-46
5.52122e-49
2.87422e-39
5.02719e-36
1.99505e-45
3.20102e-49
2.34358e-39
3.93695e-36
5.19884e-45
1.85044e-49
1.85847e-39
3.0798e-36
1.40505e-44
1.06442e-49
1.42932e-39
2.40726e-36
3.85268e-44
6.07174e-50
1.0615e-39
1.88038e-36
1.06229e-43
3.41383e-50
7.55899e-40
1.46809e-36
2.9352e-43
1.87097e-50
5.09884e-40
1.14577e-36
8.11661e-43
9.775e-51
3.18279e-40
8.93958e-37
2.24512e-42
4.6221e-51
1.74374e-40
6.97374e-37
6.21093e-42
1.67066e-51
7.07603e-41
5.45411e-37
1.71827e-41
0
0
4.7961e-37
1.75218e-41
9.81326e-41
1.78676e-41
1.57274e-40
1.82202e-41
1.97704e-40
1.85797e-41
2.24011e-40
1.89464e-41
2.40687e-40
1.93202e-41
2.51105e-40
1.97015e-41
2.57217e-40
2.00903e-41
2.59744e-40
2.04867e-41
2.58544e-40
2.0891e-41
2.53015e-40
2.13033e-41
2.42468e-40
2.17237e-41
2.26437e-40
2.21523e-41
2.04924e-40
2.25895e-41
1.78513e-40
2.30353e-41
1.48361e-40
2.34898e-41
1.16061e-40
2.39534e-41
8.34209e-41
2.4426e-41
5.22257e-41
2.49082e-41
2.40266e-41
2.53973e-41
0
2.60949e-41
2.68117e-41
2.75481e-41
2.83048e-41
2.90823e-41
2.98812e-41
3.07019e-41
3.15453e-41
3.24117e-41
3.3302e-41
3.42168e-41
3.51567e-41
3.61224e-41
3.71145e-41
3.81342e-41
3.91807e-41
4.02616e-41
4.13457e-41
4.25823e-41
4.32862e-41
END_LIST
