BEGIN_LIST
0
2.42147e-16
7.33497e-16
1.61823e-15
3.08888e-15
5.3937e-15
8.84417e-15
1.38233e-14
2.07953e-14
3.0318e-14
4.3064e-14
5.98602e-14
8.17701e-14
1.10283e-13
1.47746e-13
1.98379e-13
2.7066e-13
3.82941e-13
5.76704e-13
9.47784e-13
1.72002e-12
5.65376e-12
1.85798e-12
1.16373e-11
2.00836e-12
2.0166e-11
2.17216e-12
3.17307e-11
2.35048e-12
4.67742e-11
2.54446e-12
6.56353e-11
2.75531e-12
8.84811e-11
2.98432e-12
1.15233e-10
3.23283e-12
1.45497e-10
3.50227e-12
1.78511e-10
3.79412e-12
2.13129e-10
4.10997e-12
2.4786e-10
4.45145e-12
2.80974e-10
4.82029e-12
3.10655e-10
5.2183e-12
3.3518e-10
5.64737e-12
3.53029e-10
6.1095e-12
3.62788e-10
6.6079e-12
3.62544e-10
7.19294e-12
3.48183e-10
9.90773e-12
3.09348e-10
1.01105e-10
3.15401e-10
3.00828e-10
2.85655e-10
2.134e-10
1.12684e-10
3.19226e-10
2.93471e-10
2.68267e-10
3.67483e-10
1.2554e-10
3.20575e-10
2.86801e-10
2.52767e-10
5.66698e-10
1.39734e-10
3.19282e-10
2.80459e-10
2.37198e-10
8.1237e-10
1.55294e-10
3.15275e-10
2.7419e-10
2.20851e-10
1.10363e-09
1.72209e-10
3.08598e-10
2.6782e-10
2.03652e-10
1.43744e-09
1.90408e-10
2.99404e-10
2.61243e-10
1.85838e-10
1.80874e-09
2.09743e-10
2.87951e-10
2.54399e-10
1.67778e-10
2.21076e-09
2.29963e-10
2.7458e-10
2.47264e-10
1.49868e-10
2.63549e-09
2.5069e-10
2.59686e-10
2.39838e-10
1.32474e-10
3.07404e-09
2.71397e-10
2.43694e-10
2.3214e-10
1.15901e-10
3.51718e-09
2.91377e-10
2.27025e-10
2.24202e-10
1.00385e-10
3.95568e-09
3.09715e-10
2.10075e-10
2.1606e-10
8.60865e-11
4.38058e-09
3.25257e-10
1.93193e-10
2.07761e-10
7.30985e-11
4.78333e-09
3.36532e-10
1.76675e-10
1.99348e-10
6.14579e-11
5.15567e-09
3.41605e-10
1.60758e-10
1.9087e-10
5.11538e-11
5.48928e-09
3.37752e-10
1.45618e-10
1.82372e-10
4.214e-11
5.77512e-09
3.20785e-10
1.31377e-10
1.73899e-10
3.43442e-11
6.00257e-09
2.83724e-10
1.18147e-10
1.65493e-10
2.76767e-11
6.15871e-09
2.14152e-10
9.93345e-11
1.57194e-10
2.20375e-11
6.22905e-09
8.85589e-11
8.3176e-11
8.98741e-11
1.65105e-10
1.23379e-10
1.72673e-10
1.88201e-11
6.3036e-09
4.90139e-09
8.19589e-11
2.39233e-11
6.93999e-11
8.11953e-11
1.58739e-10
1.01639e-10
1.81359e-10
1.59703e-11
6.35577e-09
3.70473e-09
7.52593e-11
6.60731e-12
5.77363e-11
7.32582e-11
1.39768e-10
8.5609e-11
1.86591e-10
1.34611e-11
6.38478e-09
2.71228e-09
6.85982e-11
2.06069e-12
4.79172e-11
6.60194e-11
1.13683e-10
7.26861e-11
1.90663e-10
1.12651e-11
6.38989e-09
1.93865e-09
6.20974e-11
9.02083e-13
3.96892e-11
5.94336e-11
8.66729e-11
6.17547e-11
1.94984e-10
9.35505e-12
6.37044e-09
1.36192e-09
5.58576e-11
6.41602e-13
3.28206e-11
5.34546e-11
6.29555e-11
5.23058e-11
2.00315e-10
7.70439e-12
6.32578e-09
9.45212e-10
4.99563e-11
6.23043e-13
2.71043e-11
4.80369e-11
4.41997e-11
4.40788e-11
2.06981e-10
6.28749e-12
6.25537e-09
6.50546e-10
4.44475e-11
6.74278e-13
2.2359e-11
4.31358e-11
3.03306e-11
3.69148e-11
2.15048e-10
5.07986e-12
6.15869e-09
4.45201e-10
3.93639e-11
7.50744e-13
1.84278e-11
3.87087e-11
2.05032e-11
3.06972e-11
2.24426e-10
4.05841e-12
6.03531e-09
3.03502e-10
3.47195e-11
8.41547e-13
1.51763e-11
3.47149e-11
1.37247e-11
2.53285e-11
2.34948e-10
3.20145e-12
5.88485e-09
2.06365e-10
3.05133e-11
9.44752e-13
1.24908e-11
3.11162e-11
9.12776e-12
2.07207e-11
2.46403e-10
2.48886e-12
5.70701e-09
1.40068e-10
2.67327e-11
1.06089e-12
1.02752e-11
2.78768e-11
6.04384e-12
1.67929e-11
2.58558e-10
1.90202e-12
5.50158e-09
9.49541e-11
2.33568e-11
1.19127e-12
8.44906e-12
2.49634e-11
3.9894e-12
1.34695e-11
2.71166e-10
1.4239e-12
5.2684e-09
6.43161e-11
2.03592e-11
1.33753e-12
6.94536e-12
2.23455e-11
2.62719e-12
1.06803e-11
2.83972e-10
1.03897e-12
5.00741e-09
4.35374e-11
1.77102e-11
1.50158e-12
5.7091e-12
1.99946e-11
1.72694e-12
8.36001e-12
2.96706e-10
7.33241e-13
4.71863e-09
2.94585e-11
1.53789e-11
1.68553e-12
4.69706e-12
1.78851e-11
1.13345e-12
6.44885e-12
3.09088e-10
4.94133e-13
4.40216e-09
1.99257e-11
1.33345e-11
1.89177e-12
3.88184e-12
1.59933e-11
7.42984e-13
4.89178e-12
3.20825e-10
3.10486e-13
4.0582e-09
1.34749e-11
1.1547e-11
2.12298e-12
3.26906e-12
1.42983e-11
4.86663e-13
3.63873e-12
3.31617e-10
1.72452e-13
3.68703e-09
9.11891e-12
9.9883e-12
2.38213e-12
2.95867e-12
1.27825e-11
3.1916e-13
2.64435e-12
3.41156e-10
7.14321e-14
3.28905e-09
6.25476e-12
8.64479e-12
2.67255e-12
3.35398e-12
1.14361e-11
2.11532e-13
1.86785e-12
3.49134e-10
0
2.86474e-09
5.14378e-12
8.02679e-12
2.99796e-12
1.93733e-12
4.1481e-12
1.07032e-11
1.73081e-13
2.11696e-12
1.63481e-12
3.57642e-10
2.34285e-09
1.9861e-09
3.2101e-12
1.1205e-12
5.29906e-12
1.00166e-11
1.41631e-13
2.39462e-12
1.39998e-12
3.60903e-10
1.89438e-09
1.3762e-09
3.43524e-12
6.49912e-13
6.96718e-12
9.37324e-12
1.15948e-13
2.70343e-12
1.17764e-12
3.58205e-10
1.5174e-09
9.53262e-10
3.67508e-12
3.79248e-13
9.38432e-12
8.7706e-12
9.50401e-14
3.04614e-12
9.75328e-13
3.49153e-10
1.20616e-09
6.602e-10
3.93104e-12
2.24108e-13
1.28858e-11
8.20612e-12
7.81264e-14
3.42566e-12
7.96307e-13
3.33763e-10
9.52865e-10
4.57242e-10
4.20439e-12
1.35836e-13
1.79566e-11
7.67745e-12
6.46275e-14
3.84509e-12
6.41254e-13
3.12501e-10
7.49086e-10
3.16743e-10
4.49642e-12
8.64093e-14
2.52981e-11
7.18236e-12
5.41728e-14
4.30769e-12
5.09312e-13
2.86256e-10
5.86619e-10
2.19513e-10
4.80842e-12
5.97245e-14
3.59239e-11
6.71877e-12
4.66399e-14
4.81689e-12
3.98766e-13
2.5626e-10
4.58002e-10
1.52246e-10
5.14176e-12
4.65649e-14
5.13e-11
6.2847e-12
4.22434e-14
5.37636e-12
3.07481e-13
2.23954e-10
3.56744e-10
1.05719e-10
5.49788e-12
4.17055e-14
7.35447e-11
5.87832e-12
5.98993e-12
2.33165e-13
1.90836e-10
2.77365e-10
6.66172e-12
1.73536e-13
1.58318e-10
2.15343e-10
7.3962e-12
1.26421e-13
1.27608e-10
1.67007e-10
8.19854e-12
8.98104e-14
9.96346e-11
1.29411e-10
9.07549e-12
6.18841e-14
7.50161e-11
1.00213e-10
1.00378e-11
4.10268e-14
5.40709e-11
7.75629e-11
1.11075e-11
2.5826e-14
3.6851e-11
6.00087e-11
1.23371e-11
1.50664e-14
2.31946e-11
4.64133e-11
1.38656e-11
7.71946e-15
1.2785e-11
3.58916e-11
1.60747e-11
2.9297e-15
5.20742e-12
2.7827e-11
2.00271e-11
0
0
2.43514e-11
2.07809e-11
4.37456e-11
2.15608e-11
5.92787e-11
2.23677e-11
6.8404e-11
2.32023e-11
7.31406e-11
2.40653e-11
7.5227e-11
2.49576e-11
7.58584e-11
2.58799e-11
7.56768e-11
2.68331e-11
7.48918e-11
2.7818e-11
7.34316e-11
2.88355e-11
7.10806e-11
2.98864e-11
6.75947e-11
3.09716e-11
6.27945e-11
3.20921e-11
5.66323e-11
3.32486e-11
4.92265e-11
3.44423e-11
4.08599e-11
3.5674e-11
3.19425e-11
3.69446e-11
2.29522e-11
3.82553e-11
1.43677e-11
3.96074e-11
6.6098e-12
4.09903e-11
0
4.29938e-11
4.50828e-11
4.72603e-11
4.95293e-11
5.18926e-11
5.43535e-11
5.69151e-11
5.95806e-11
6.23533e-11
6.52366e-11
6.8234e-11
7.13489e-11
7.4585e-11
7.79456e-11
8.14359e-11
8.50539e-11
8.88293e-11
9.2648e-11
9.70547e-11
9.95785e-11
END_LIST
