BEGIN_LIST
0.1
0.0999997
0.0999994
0.0999991
0.0999987
0.0999983
0.0999979
0.0999974
0.0999968
0.0999962
0.0999955
0.0999948
0.0999939
0.0999929
0.0999916
0.0999897
0.0999866
0.0999805
0.099967
0.0999352
0.0998574
0.0994815
0.0998574
0.0989798
0.0998575
0.0983146
0.0998575
0.0974399
0.0998575
0.0963004
0.0998576
0.094833
0.0998576
0.0929683
0.0998576
0.0906357
0.0998576
0.0877699
0.0998577
0.084321
0.0998577
0.0802656
0.0998577
0.0756192
0.0998578
0.0704458
0.0998578
0.0648664
0.0998578
0.0590647
0.0998578
0.0532985
0.0998579
0.0479319
0.0998578
0.043522
0.0998555
0.0410242
0.0997533
0.0422432
0.0953072
0.0400107
0.0406888
0.051347
0.0906733
0.095073
0.0376251
0.0403454
0.0583659
0.0858531
0.0947635
0.0351161
0.0407496
0.0641933
0.0808929
0.0943563
0.0325205
0.0416131
0.0692505
0.0758436
0.0938236
0.0298798
0.042756
0.0737292
0.0707588
0.0931309
0.027238
0.044065
0.077714
0.0656922
0.0922373
0.0246382
0.0454681
0.0812436
0.0606962
0.0910946
0.0221204
0.0469187
0.0843419
0.0558189
0.0896484
0.0197189
0.0483861
0.0870316
0.0511033
0.08784
0.0174611
0.0498496
0.0893394
0.0465855
0.085609
0.0153662
0.0512946
0.0912971
0.0422944
0.0828971
0.0134463
0.052711
0.0929403
0.0382509
0.0796519
0.011706
0.054091
0.094306
0.0344675
0.0758282
0.0101441
0.0554291
0.0954314
0.0309484
0.0713819
0.00875484
0.0567209
0.0963514
0.0276878
0.0662491
0.00752862
0.0579633
0.0970987
0.0246664
0.0602962
0.00645374
0.0591539
0.0977021
0.021843
0.0532109
0.00551712
0.060291
0.0981869
0.019135
0.0442794
0.00470675
0.0613736
0.0985748
0.0163753
0.0319162
0.00375319
0.0624014
0.098884
0.0132163
0.0125871
0.0030486
0.00328432
0.0532179
0.0821157
0.0441103
0.0990544
0.0127834
0.00988184
0.0112037
0.00324128
0.00246996
0.00287124
0.0425626
0.0910233
0.0313942
0.0992005
0.0123492
0.00712842
0.0099038
0.000829415
0.00199697
0.00250795
0.031846
0.0950828
0.022778
0.0993255
0.0119131
0.00500058
0.0086991
0.000214205
0.00161182
0.00218899
0.0224259
0.0969786
0.017108
0.0994324
0.0114746
0.00343614
0.00759658
5.81325e-05
0.00129915
0.00190934
0.0150355
0.0979032
0.0135192
0.0995236
0.011033
0.0023266
0.00659898
1.90037e-05
0.00104597
0.00166445
0.00972183
0.098385
0.0113876
0.0996015
0.0105879
0.00155931
0.00570547
9.69683e-06
0.000841366
0.00145024
0.00613107
0.0986588
0.0102776
0.0996679
0.0101385
0.0010378
0.0049124
8.0686e-06
0.000676293
0.00126304
0.00380368
0.0988301
0.00989329
0.0997245
0.00968416
0.000687478
0.00421408
8.50421e-06
0.000543289
0.00109959
0.00233529
0.0989471
0.0100377
0.0997727
0.00922429
0.000453988
0.00360346
9.59325e-06
0.000436235
0.000956962
0.00142446
0.0990325
0.0105827
0.0998137
0.00875811
0.000299176
0.00307274
1.09967e-05
0.000350143
0.000832594
0.000865407
0.0990977
0.0114468
0.0998486
0.00828488
0.000196886
0.0026139
1.26508e-05
0.000280956
0.000724204
0.000524478
0.0991488
0.0125799
0.0998783
0.00780382
0.000129452
0.00221897
1.45653e-05
0.000225383
0.000629785
0.000317385
0.0991896
0.0139525
0.0999035
0.00731408
8.50632e-05
0.00188038
1.67723e-05
0.000180763
0.000547571
0.000191891
0.0992224
0.0155486
0.0999249
0.00681481
5.58735e-05
0.00159104
1.93145e-05
0.000144941
0.000476009
0.000115954
0.0992489
0.0173603
0.0999431
0.00630509
3.66909e-05
0.00134448
2.2242e-05
0.000116158
0.00041374
7.00455e-05
0.0992704
0.0193846
0.0999585
0.00578397
2.40901e-05
0.00113489
2.56131e-05
9.29303e-05
0.000359578
4.23081e-05
0.0992877
0.0216204
0.0999716
0.00525042
1.58159e-05
0.00095708
2.94949e-05
7.3829e-05
0.000312495
2.55639e-05
0.0993018
0.0240665
0.0999827
0.0047034
1.03921e-05
0.000806519
3.39647e-05
5.69111e-05
0.000271646
1.54891e-05
0.0993132
0.0267205
0.0999921
0.00414178
6.9232e-06
0.000680303
3.91115e-05
3.79232e-05
0.000236489
9.53806e-06
0.0993225
0.0295767
0.1
0.00356438
5.59904e-06
0.000623085
4.50377e-05
2.13861e-05
3.62447e-05
0.00021773
7.51333e-06
0.0993213
0.099335
0.0342597
0.00286216
0.00240787
4.90016e-05
1.21003e-05
3.50224e-05
0.000200454
5.91876e-06
0.09932
0.0993633
0.0393531
0.00227482
0.00162743
5.32697e-05
6.89719e-06
3.43971e-05
0.000184546
4.66324e-06
0.0993187
0.0993997
0.0447713
0.00179284
0.00110125
5.78882e-05
3.99567e-06
3.4583e-05
0.000169896
3.67522e-06
0.0993172
0.0994399
0.0504048
0.00140339
0.000746785
6.28969e-05
2.39526e-06
3.59026e-05
0.000156406
2.89862e-06
0.0993156
0.0994815
0.0561244
0.00109258
0.000508195
6.83337e-05
1.5351e-06
3.88394e-05
0.000143986
2.28983e-06
0.0993138
0.0995232
0.0617908
0.000846962
0.000347761
7.42378e-05
1.10201e-06
4.41152e-05
0.000132549
1.8155e-06
0.0993119
0.0995643
0.0672661
0.000654346
0.000240034
8.06503e-05
9.22776e-07
5.28056e-05
0.000122019
1.45112e-06
0.0993098
0.0996046
0.0724262
0.000504208
0.00016785
8.76155e-05
9.03655e-07
6.65111e-05
0.000112324
1.18053e-06
0.0993076
0.0996437
0.0771714
0.000387726
0.000119641
9.5181e-05
9.96601e-07
8.76111e-05
0.000103399
0.0993051
0.0996818
0.0814326
0.000297684
0.0993022
0.0997186
0.0851742
0.000228274
0.0992987
0.0997542
0.088391
0.000174885
0.0992938
0.0997887
0.0911034
0.000133887
0.0992851
0.0998221
0.0933504
0.000102443
0.099266
0.0998543
0.0951824
7.83506e-05
0.0992175
0.0998855
0.0966547
5.9905e-05
0.099085
0.0999156
0.0978231
4.57906e-05
0.0987114
0.0999447
0.0987398
3.49972e-05
0.0976445
0.0999728
0.0994518
2.68198e-05
0.0945835
0.1
0.1
2.33184e-05
0.0945835
0.0717128
0.0945835
0.0546954
0.0945835
0.0427294
0.0945835
0.034991
0.0945834
0.0306726
0.0945834
0.0290689
0.0945834
0.0296223
0.0945834
0.0319159
0.0945834
0.0356348
0.0945834
0.0405194
0.0945834
0.0463263
0.0945834
0.0528022
0.0945834
0.059678
0.0945834
0.0666781
0.0945834
0.0735408
0.0945834
0.0800422
0.0945834
0.0860144
0.0945834
0.0913525
0.0945834
0.0960125
0.0945833
0.1
0.0945833
0.0945833
0.0945833
0.0945833
0.0945833
0.0945833
0.0945833
0.0945833
0.0945833
0.0945833
0.0945832
0.0945832
0.0945832
0.0945832
0.0945832
0.0945832
0.0945832
0.0945831
0.0945831
0.0945831
END_LIST
