BEGIN_LIST
0
1.24741e-104
4.32051e-104
1.18211e-103
3.00564e-103
7.43165e-103
1.81663e-102
4.41941e-102
1.07295e-101
2.60261e-101
6.31072e-101
1.52997e-100
3.70897e-100
8.99108e-100
2.17954e-99
5.28345e-99
1.28076e-98
3.10467e-98
7.52608e-98
1.82439e-97
4.42252e-97
1.95977e-96
4.55343e-97
4.63369e-96
4.68821e-97
9.16857e-96
4.82697e-97
1.66692e-95
4.96985e-97
2.88684e-95
5.11696e-97
4.84927e-95
5.26842e-97
7.98616e-95
5.42436e-97
1.29886e-94
5.58492e-97
2.09776e-94
5.75023e-97
3.38035e-94
5.92045e-97
5.45825e-94
6.09601e-97
8.86828e-94
6.28986e-97
1.45575e-93
7.0468e-97
2.42373e-93
3.15408e-96
4.10717e-93
1.06592e-94
7.10357e-93
4.50725e-93
1.25617e-92
1.91769e-91
2.27197e-92
8.15969e-90
4.19577e-92
3.47204e-88
7.87469e-92
1.47744e-86
7.9901e-92
1.06338e-91
4.50287e-92
3.43499e-86
1.58192e-86
8.05246e-92
1.23318e-91
2.60545e-92
6.48089e-86
1.69241e-86
8.0563e-92
1.33451e-91
1.52325e-92
1.10034e-85
1.80871e-86
7.99803e-92
1.39127e-91
8.98708e-93
1.74801e-85
1.93037e-86
7.87637e-92
1.41869e-91
5.34479e-93
2.64902e-85
2.05661e-86
7.69263e-92
1.42649e-91
3.20069e-93
3.8731e-85
2.18623e-86
7.45071e-92
1.4209e-91
1.92805e-93
5.50395e-85
2.31748e-86
7.15686e-92
1.40597e-91
1.16723e-93
7.64235e-85
2.44793e-86
6.81926e-92
1.38437e-91
7.09574e-94
1.0411e-84
2.57437e-86
6.44729e-92
1.35788e-91
4.32836e-94
1.39615e-84
2.69267e-86
6.05094e-92
1.32774e-91
2.64765e-94
1.84855e-84
2.79765e-86
5.64009e-92
1.29481e-91
1.62321e-94
2.42317e-84
2.88301e-86
5.22394e-92
1.25975e-91
9.96947e-95
3.15324e-84
2.94106e-86
4.81066e-92
1.22306e-91
6.13175e-95
4.0845e-84
2.96227e-86
4.40708e-92
1.18514e-91
3.7755e-95
5.28182e-84
2.93408e-86
4.01864e-92
1.14634e-91
2.32659e-95
6.83986e-84
2.83828e-86
3.64936e-92
1.10694e-91
1.43454e-95
8.90033e-84
2.64555e-86
3.30203e-92
1.06719e-91
8.84821e-96
1.16806e-83
2.30441e-86
2.97924e-92
1.02732e-91
5.45816e-96
1.55222e-83
1.71916e-86
2.51433e-92
9.87542e-92
3.36647e-96
2.09752e-83
7.01643e-87
2.10999e-92
2.28073e-92
1.00321e-91
4.6436e-92
1.47315e-91
2.44954e-96
2.23082e-83
1.69013e-83
6.44102e-87
1.85564e-87
1.7649e-92
2.0661e-92
9.40018e-92
2.1884e-92
1.8139e-91
1.78141e-96
2.35311e-83
1.30704e-83
5.86744e-87
4.8537e-88
1.47315e-92
1.86948e-92
8.11117e-92
1.03215e-92
2.05414e-91
1.29456e-96
2.46312e-83
9.78406e-84
5.30622e-87
1.26567e-88
1.23026e-92
1.68984e-92
6.49122e-92
4.8701e-93
2.22967e-91
9.39864e-97
2.55961e-83
7.14747e-84
4.76632e-87
3.29776e-89
1.03693e-92
1.52609e-92
4.88355e-92
2.29854e-93
2.36672e-91
6.8148e-97
2.64143e-83
5.13049e-84
4.2548e-87
8.5909e-90
9.10272e-93
1.37711e-92
3.50802e-92
1.08504e-93
2.48301e-91
4.93307e-97
2.70744e-83
3.63777e-84
3.77678e-87
2.23799e-90
9.20532e-93
1.24182e-92
2.44e-92
5.12264e-94
2.58966e-91
3.56322e-97
2.7566e-83
2.55777e-84
3.33548e-87
5.83134e-91
1.31244e-92
1.11913e-92
1.6613e-92
2.41865e-94
2.69307e-91
2.5665e-97
2.78794e-83
1.78824e-84
2.93247e-87
1.52084e-91
2.90691e-92
1.00803e-92
1.11578e-92
1.14194e-94
2.79644e-91
1.84178e-97
2.80061e-83
1.24549e-84
2.56787e-87
3.98219e-92
8.4322e-92
9.07543e-93
7.43105e-93
5.39076e-95
2.90093e-91
1.31531e-97
2.79383e-83
8.65289e-85
2.24076e-87
1.06024e-92
2.69366e-91
8.16739e-93
4.92618e-93
2.54383e-95
3.00635e-91
9.33303e-98
2.76693e-83
6.00146e-85
1.94937e-87
3.0173e-93
8.84222e-91
7.34761e-93
3.26566e-93
1.1994e-95
3.11169e-91
6.56547e-98
2.71938e-83
4.15791e-85
1.6914e-87
1.07062e-93
2.92385e-90
6.60808e-93
2.19533e-93
5.64563e-96
3.21538e-91
4.56435e-98
2.65076e-83
2.87857e-85
1.46423e-87
5.96013e-94
9.68866e-90
5.94138e-93
1.58805e-93
2.64854e-96
3.31548e-91
3.12115e-98
2.56079e-83
1.99192e-85
1.26511e-87
5.08579e-94
3.21286e-89
5.34071e-93
1.51665e-93
1.23427e-96
3.40978e-91
2.08378e-98
2.44934e-83
1.37794e-85
1.09123e-87
5.2613e-94
1.0658e-88
4.7998e-93
2.55553e-93
5.67565e-97
3.49592e-91
1.34136e-98
2.31641e-83
9.53021e-86
9.39917e-88
5.75626e-94
3.53638e-88
4.31296e-93
6.8252e-93
2.53875e-97
3.5714e-91
8.1311e-99
2.16217e-83
6.59089e-86
8.08602e-88
6.38565e-94
1.17358e-87
3.8751e-93
2.14785e-92
1.06846e-97
3.63367e-91
4.40119e-99
1.98693e-83
4.56206e-86
6.94939e-88
7.10709e-94
3.89519e-87
3.482e-93
7.02422e-92
3.8455e-98
3.68021e-91
1.79492e-99
1.79118e-83
3.20034e-86
5.97651e-88
7.91603e-94
1.29298e-86
3.1313e-93
2.31563e-91
7.12643e-99
3.70861e-91
0
1.57554e-83
2.66585e-86
5.53064e-88
8.81849e-94
7.49345e-87
1.9615e-86
2.93988e-93
4.0366e-91
7.38967e-99
4.14697e-99
3.71184e-91
1.30102e-83
1.1183e-83
9.40386e-94
4.34269e-87
2.90293e-86
2.76007e-93
6.99846e-91
7.66294e-99
2.41317e-99
3.66167e-91
1.06209e-83
7.93298e-84
1.00233e-93
2.51669e-87
4.22952e-86
2.59118e-93
1.21031e-90
7.94715e-99
1.40422e-99
3.55459e-91
8.58855e-84
5.62511e-84
1.06811e-93
1.45847e-87
6.09967e-86
2.43256e-93
2.09065e-90
8.24425e-99
8.17077e-100
3.39051e-91
6.89167e-84
3.9874e-84
1.13809e-93
8.45211e-88
8.73689e-86
2.2836e-93
3.60932e-90
8.55895e-99
4.75398e-100
3.17321e-91
5.49588e-84
2.82577e-84
1.21259e-93
4.89812e-88
1.24566e-85
2.1437e-93
6.22957e-90
8.90361e-99
2.76562e-100
2.91034e-91
4.36127e-84
2.00208e-84
1.29192e-93
2.83853e-88
1.7704e-85
2.01233e-93
1.07507e-89
9.31179e-99
1.60851e-100
2.61282e-91
3.4475e-84
1.41814e-84
1.37642e-93
1.64497e-88
2.5107e-85
1.88898e-93
1.85522e-89
9.87556e-99
9.35149e-101
2.29376e-91
2.71695e-84
1.00421e-84
1.46643e-93
9.5328e-89
3.5552e-85
1.77315e-93
3.20141e-89
1.08489e-98
5.43314e-101
1.96706e-91
2.13617e-84
7.1083e-85
1.56229e-93
5.52436e-89
5.02894e-85
1.6644e-93
1.29339e-98
3.15316e-101
1.64601e-91
1.67647e-84
1.80717e-98
1.82665e-101
1.34212e-91
1.31385e-84
3.16321e-98
1.05502e-101
1.0643e-91
1.02855e-84
6.84703e-98
6.06303e-102
8.18534e-92
8.04532e-85
1.69683e-97
3.45513e-102
6.07888e-92
6.28902e-85
4.48965e-97
1.94076e-102
4.32879e-92
4.91371e-85
1.22087e-96
1.06267e-102
2.91993e-92
3.83771e-85
3.35561e-96
5.54761e-103
1.82267e-92
2.99648e-85
9.26073e-96
2.62155e-103
9.98577e-93
2.33927e-85
2.5597e-95
9.4719e-104
4.05218e-93
1.83088e-85
7.07921e-95
0
0
1.61065e-85
7.21891e-95
4.0424e-94
7.36136e-95
6.47853e-94
7.50662e-95
8.14394e-94
7.65475e-95
9.22754e-94
7.8058e-95
9.91448e-94
7.95984e-95
1.03436e-93
8.11691e-95
1.05954e-93
8.27708e-95
1.06994e-93
8.44041e-95
1.065e-93
8.60697e-95
1.04223e-93
8.77681e-95
9.98783e-94
8.95001e-95
9.3275e-94
9.12662e-95
8.44132e-94
9.30671e-95
7.35338e-94
9.49036e-95
6.11136e-94
9.67764e-95
4.78084e-94
9.86861e-95
3.43632e-94
1.00633e-94
2.15131e-94
1.0262e-94
9.89717e-95
1.04635e-94
0
1.07509e-94
1.10462e-94
1.13496e-94
1.16613e-94
1.19816e-94
1.23107e-94
1.26489e-94
1.29963e-94
1.33533e-94
1.37201e-94
1.40969e-94
1.44841e-94
1.4882e-94
1.52907e-94
1.57108e-94
1.61419e-94
1.65872e-94
1.70339e-94
1.75433e-94
1.78333e-94
END_LIST
