BEGIN_LIST
0
8.04753e-94
2.7873e-93
7.62601e-93
1.93894e-92
4.794e-92
1.17183e-91
2.85067e-91
6.92064e-91
1.67866e-90
4.07022e-90
9.8675e-90
2.39201e-89
5.79841e-89
1.40555e-88
3.40712e-88
8.25892e-88
2.00198e-87
4.85288e-87
1.17635e-86
2.8515e-86
1.26354e-85
2.93597e-86
2.98736e-85
3.02293e-86
5.9106e-85
3.11247e-86
1.0745e-84
3.20467e-86
1.86066e-84
3.2996e-86
3.12513e-84
3.39734e-86
5.14605e-84
3.49797e-86
8.36834e-84
3.60159e-86
1.35138e-83
3.70828e-86
2.17733e-83
3.81814e-86
3.51531e-83
3.93128e-86
5.71086e-83
4.04926e-86
9.37367e-83
4.23387e-86
1.56053e-82
7.11044e-86
2.64425e-82
1.24392e-84
4.57317e-82
5.10962e-83
8.08678e-82
2.1724e-81
1.46258e-81
9.24322e-80
2.701e-81
3.93306e-78
5.06923e-81
1.6736e-76
5.14353e-81
6.84537e-81
2.89867e-81
3.89089e-76
1.79201e-76
5.18367e-81
7.93845e-81
1.67723e-81
7.34049e-76
1.91724e-76
5.18614e-81
8.59069e-81
9.80572e-82
1.24615e-75
2.04907e-76
5.14863e-81
8.9561e-81
5.78532e-82
1.97934e-75
2.18697e-76
5.07031e-81
9.13262e-81
3.44064e-82
2.99904e-75
2.33007e-76
4.95203e-81
9.18281e-81
2.0604e-82
4.38387e-75
2.47702e-76
4.7963e-81
9.14682e-81
1.24116e-82
6.22807e-75
2.62581e-76
4.60714e-81
9.05074e-81
7.51392e-83
8.64497e-75
2.77372e-76
4.38981e-81
8.91169e-81
4.5678e-83
1.17722e-74
2.91709e-76
4.15036e-81
8.74118e-81
2.78633e-83
1.57797e-74
3.05123e-76
3.89522e-81
8.54712e-81
1.7044e-83
2.08818e-74
3.1703e-76
3.63074e-81
8.33515e-81
1.04492e-83
2.73561e-74
3.26713e-76
3.36285e-81
8.10946e-81
6.41774e-84
3.55728e-74
3.33302e-76
3.09681e-81
7.87328e-81
3.94725e-84
4.60414e-74
3.35715e-76
2.83701e-81
7.62919e-81
2.43044e-84
5.94838e-74
3.32529e-76
2.58695e-81
7.37939e-81
1.49772e-84
7.69533e-74
3.2168e-76
2.34923e-81
7.12574e-81
9.23473e-85
1.00027e-73
2.99843e-76
2.12564e-81
6.86987e-81
5.69597e-85
1.31125e-73
2.61184e-76
1.91785e-81
6.61324e-81
3.51365e-85
1.74053e-73
1.94853e-76
1.61856e-81
6.35716e-81
2.16714e-85
2.34947e-73
7.9527e-77
1.3582e-81
1.46818e-81
6.458e-81
2.98925e-81
9.48321e-81
1.57688e-85
2.49837e-73
1.89303e-73
7.30057e-77
2.10329e-77
1.13584e-81
1.33002e-81
6.05123e-81
1.40875e-81
1.16767e-80
1.14677e-85
2.63495e-73
1.46386e-73
6.65052e-77
5.50152e-78
9.47317e-82
1.20345e-81
5.22145e-81
6.64429e-82
1.32233e-80
8.33368e-86
2.75778e-73
1.09574e-73
6.01446e-77
1.43462e-78
7.88649e-82
1.08781e-81
4.17863e-81
3.13506e-82
1.43532e-80
6.05032e-86
2.8655e-73
8.00422e-74
5.40254e-77
3.73808e-79
6.566e-82
9.82395e-82
3.14371e-81
1.47965e-82
1.52354e-80
4.38699e-86
2.95679e-73
5.74517e-74
4.82279e-77
9.7388e-80
5.50045e-82
8.86493e-82
2.25824e-81
6.98476e-83
1.5984e-80
3.17564e-86
3.0304e-73
4.07339e-74
4.281e-77
2.53785e-80
4.74112e-82
7.99399e-82
1.57071e-81
3.29763e-83
1.66706e-80
2.29381e-86
3.08517e-73
2.86392e-74
3.78083e-77
6.62154e-81
4.53748e-82
7.20423e-82
1.06943e-81
1.55697e-83
1.73362e-80
1.65217e-86
3.12002e-73
2.00217e-74
3.32403e-77
1.73674e-81
5.78576e-82
6.48906e-82
7.18241e-82
7.35109e-84
1.80017e-80
1.18564e-86
3.13398e-73
1.39442e-74
2.91079e-77
4.65654e-82
1.15156e-81
5.84216e-82
4.7828e-82
3.47022e-84
1.86743e-80
8.46724e-87
3.12619e-73
9.68707e-75
2.54001e-77
1.36059e-82
3.18191e-81
5.25763e-82
3.16846e-82
1.63755e-84
1.93529e-80
6.00812e-87
3.09592e-73
6.7184e-75
2.20973e-77
5.1888e-83
1.00197e-80
4.72991e-82
2.09341e-82
7.72099e-85
2.00311e-80
4.22651e-87
3.04256e-73
4.65436e-75
1.91732e-77
3.18394e-83
3.27783e-80
4.25384e-82
1.38428e-82
3.63429e-85
2.06985e-80
2.93829e-87
2.96564e-73
3.22211e-75
1.65983e-77
2.87084e-83
1.08326e-79
3.82467e-82
9.27041e-83
1.70496e-85
2.13429e-80
2.00924e-87
2.86487e-73
2.22952e-75
1.43412e-77
3.0223e-83
3.58986e-79
3.438e-82
6.6239e-83
7.94544e-86
2.195e-80
1.34143e-87
2.74008e-73
1.54222e-75
1.23703e-77
3.32134e-83
1.19069e-78
3.0898e-82
6.0938e-83
3.65362e-86
2.25045e-80
8.63502e-88
2.59128e-73
1.06658e-75
1.0655e-77
3.68844e-83
3.95071e-78
2.7764e-82
9.74814e-83
1.63429e-86
2.29904e-80
5.23439e-88
2.41865e-73
7.37587e-76
9.16653e-78
4.10622e-83
1.3111e-77
2.49454e-82
2.53742e-82
6.87809e-87
2.33912e-80
2.83326e-88
2.22256e-73
5.10512e-76
7.8781e-78
4.57393e-83
4.35172e-77
2.24148e-82
7.93307e-82
2.47549e-87
2.36908e-80
1.15548e-88
2.00353e-73
3.58112e-76
6.77527e-78
5.09553e-83
1.44456e-76
2.01573e-82
2.59119e-81
4.58757e-88
2.38737e-80
0
1.76228e-73
2.98294e-76
6.26984e-78
5.6767e-83
8.37161e-77
2.1915e-76
1.8925e-82
4.51147e-81
4.75712e-88
2.66958e-88
2.38945e-80
1.45519e-73
1.25077e-73
6.05357e-83
4.85143e-77
3.24343e-76
1.77675e-82
7.81749e-81
4.93326e-88
1.55346e-88
2.35715e-80
1.18792e-73
8.87211e-74
6.45232e-83
2.81141e-77
4.72583e-76
1.66804e-82
1.35164e-80
5.11687e-88
9.03956e-89
2.28822e-80
9.60582e-74
6.29062e-74
6.87579e-83
1.6292e-77
6.81576e-76
1.56593e-82
2.33455e-80
5.30991e-88
5.25986e-89
2.18259e-80
7.70778e-74
4.45886e-74
7.32628e-83
9.44116e-78
9.76311e-76
1.47003e-82
4.0303e-80
5.51744e-88
3.06033e-89
2.04271e-80
6.14655e-74
3.15968e-74
7.80585e-83
5.47108e-78
1.39206e-75
1.37998e-82
6.95625e-80
5.75299e-88
1.78034e-89
1.87349e-80
4.87749e-74
2.23852e-74
8.31657e-83
3.17044e-78
1.97858e-75
1.29541e-82
1.20051e-79
6.05362e-88
1.03546e-89
1.68197e-80
3.85548e-74
1.58551e-74
8.86053e-83
1.83724e-78
2.80611e-75
1.216e-82
2.07176e-79
6.52128e-88
6.01994e-90
1.47658e-80
3.0384e-74
1.12266e-74
9.43991e-83
1.06466e-78
3.97375e-75
1.14144e-82
3.5752e-79
7.43768e-88
3.49754e-90
1.26627e-80
2.38885e-74
7.94617e-75
1.0057e-82
6.1696e-79
5.62135e-75
1.07143e-82
9.58159e-88
2.02982e-90
1.05959e-80
1.87473e-74
1.5107e-87
1.17589e-90
8.63968e-81
1.46919e-74
2.99726e-87
6.79157e-91
6.85128e-81
1.15013e-74
7.06632e-87
3.90302e-91
5.26919e-81
8.99611e-75
1.82784e-86
2.22421e-91
3.91319e-81
7.03208e-75
4.92504e-86
1.24934e-91
2.7866e-81
5.49414e-75
1.34888e-85
6.84087e-92
1.87967e-81
4.29095e-75
3.71762e-85
3.57122e-92
1.17332e-81
3.35028e-75
1.02704e-84
1.6876e-92
6.4282e-82
2.61542e-75
2.83988e-84
6.09745e-93
2.60853e-82
2.04696e-75
7.85523e-84
0
0
1.80072e-75
8.01024e-84
4.48584e-83
8.16831e-84
7.18924e-83
8.3295e-84
9.03738e-83
8.49386e-84
1.02399e-82
8.66147e-84
1.10022e-82
8.83239e-84
1.14784e-82
9.00669e-84
1.17578e-82
9.18442e-84
1.18733e-82
9.36566e-84
1.18184e-82
9.55047e-84
1.15657e-82
9.73893e-84
1.10836e-82
9.93111e-84
1.03508e-82
1.01271e-83
9.36742e-83
1.03269e-83
8.16012e-83
1.05307e-83
6.78184e-83
1.07385e-83
5.30535e-83
1.09504e-83
3.81332e-83
1.11665e-83
2.38733e-83
1.13869e-83
1.0983e-83
1.16105e-83
0
1.19294e-83
1.22571e-83
1.25938e-83
1.29397e-83
1.32951e-83
1.36603e-83
1.40355e-83
1.4421e-83
1.48171e-83
1.52241e-83
1.56423e-83
1.60719e-83
1.65134e-83
1.6967e-83
1.74331e-83
1.79115e-83
1.84056e-83
1.89012e-83
1.94665e-83
1.97883e-83
END_LIST
