BEGIN_LIST
0
8.20825e-32
2.74999e-31
7.16187e-31
1.7176e-30
3.99582e-30
9.21335e-30
2.12578e-29
4.92723e-29
1.14844e-28
2.69082e-28
6.33209e-28
1.49505e-27
3.53857e-27
8.38974e-27
1.99153e-26
4.73121e-26
1.12458e-25
2.67403e-25
6.35983e-25
1.51285e-24
6.50346e-24
1.57868e-24
1.48407e-23
1.64741e-24
2.79045e-23
1.71919e-24
4.73871e-23
1.79414e-24
7.52601e-23
1.87243e-24
1.13681e-22
1.95419e-24
1.64826e-22
2.0396e-24
2.3063e-22
2.12882e-24
3.12457e-22
2.22202e-24
4.10725e-22
2.3194e-24
5.24555e-22
2.42115e-24
6.51559e-22
2.52748e-24
7.87872e-22
2.6386e-24
9.28567e-22
2.75475e-24
1.06855e-21
2.87619e-24
1.20404e-21
3.00444e-24
1.33472e-21
3.19301e-24
1.46699e-21
5.70523e-24
1.61876e-21
1.0673e-22
1.82644e-21
4.39477e-21
1.86619e-21
2.15575e-21
1.19107e-21
1.01628e-20
4.72625e-21
1.89414e-21
2.35143e-21
8.21275e-22
1.8998e-20
5.07914e-21
1.90874e-21
2.46156e-21
5.96887e-22
3.18434e-20
5.45317e-21
1.90882e-21
2.51628e-21
4.53568e-22
4.97601e-20
5.84735e-21
1.89374e-21
2.53456e-21
3.56456e-22
7.39016e-20
6.25965e-21
1.86345e-21
2.52837e-21
2.8652e-22
1.05481e-19
6.68666e-21
1.81856e-21
2.50532e-21
2.33308e-22
1.45733e-19
7.12321e-21
1.76025e-21
2.47034e-21
1.91042e-22
1.95878e-19
7.56191e-21
1.69022e-21
2.42665e-21
1.56483e-22
2.57086e-19
7.99267e-21
1.61053e-21
2.37643e-21
1.27761e-22
3.3045e-19
8.40227e-21
1.52347e-21
2.32119e-21
1.03728e-22
4.16981e-19
8.77393e-21
1.43135e-21
2.26206e-21
8.36216e-23
5.17616e-19
9.08678e-21
1.33641e-21
2.19987e-21
6.68725e-23
6.3328e-19
9.31514e-21
1.24068e-21
2.13532e-21
5.30178e-23
7.65003e-19
9.42679e-21
1.1459e-21
2.06897e-21
4.16549e-23
9.14176e-19
9.37914e-21
1.05354e-21
2.00132e-21
3.24227e-23
1.08302e-18
9.11075e-21
9.64704e-22
1.9328e-21
2.4995e-23
1.27549e-18
8.52363e-21
8.80228e-22
1.86382e-21
1.90789e-23
1.49901e-18
7.44777e-21
8.00921e-22
1.79473e-21
1.44145e-23
1.76774e-18
5.57022e-21
6.81826e-22
1.72585e-21
1.07746e-23
2.10904e-18
2.28106e-21
5.74834e-22
6.2194e-22
1.7515e-21
8.16488e-22
2.57103e-21
8.83831e-24
2.19872e-18
1.68629e-18
2.09769e-21
6.07854e-22
4.82967e-22
5.66578e-22
1.64025e-21
3.89256e-22
3.16514e-21
7.20939e-24
2.27827e-18
1.29436e-18
1.91427e-21
1.62868e-22
4.04637e-22
5.15556e-22
1.41497e-21
1.87312e-22
3.58565e-21
5.84622e-24
2.34689e-18
9.61897e-19
1.73424e-21
4.64484e-23
3.38231e-22
4.68658e-22
1.13238e-21
9.13443e-23
3.89487e-21
4.7115e-24
2.40382e-18
6.97682e-19
1.56055e-21
1.6426e-23
2.82193e-22
4.25653e-22
8.52102e-22
4.54004e-23
4.13839e-21
3.77203e-24
2.44832e-18
4.97268e-19
1.39556e-21
9.04645e-24
2.35082e-22
3.86298e-22
6.12339e-22
2.31607e-23
4.34697e-21
2.99848e-24
2.47973e-18
3.50111e-19
1.24098e-21
7.63172e-24
1.95596e-22
3.50347e-22
4.26163e-22
1.22172e-23
4.53982e-21
2.36521e-24
2.4974e-18
2.4444e-19
1.09795e-21
7.82983e-24
1.62582e-22
3.17556e-22
2.90382e-22
6.70433e-24
4.72794e-21
1.84985e-24
2.50077e-18
1.69694e-19
9.67029e-22
8.5101e-24
1.35033e-22
2.87688e-22
1.95216e-22
3.83771e-24
4.91681e-21
1.43306e-24
2.48933e-18
1.17354e-19
8.48335e-22
9.38381e-24
1.12085e-22
2.60513e-22
1.30147e-22
2.28702e-24
5.10829e-21
1.0982e-24
2.46265e-18
8.09492e-20
7.41617e-22
1.03828e-23
9.29991e-23
2.35816e-22
8.63288e-23
1.40976e-24
5.30196e-21
8.31073e-25
2.42034e-18
5.57419e-20
6.4636e-22
1.14972e-23
7.71662e-23
2.13389e-22
5.7092e-23
8.90473e-25
5.49592e-21
6.19604e-25
2.36212e-18
3.83396e-20
5.6186e-22
1.27335e-23
6.41222e-23
1.93038e-22
3.76917e-23
5.70401e-25
5.68731e-21
4.53593e-25
2.28778e-18
2.63495e-20
4.87304e-22
1.4103e-23
5.36488e-23
1.74586e-22
2.48604e-23
3.66812e-25
5.87262e-21
3.24479e-25
2.19719e-18
1.80994e-20
4.21822e-22
1.56196e-23
4.61376e-23
1.57863e-22
1.63898e-23
2.34619e-25
6.04785e-21
2.25113e-25
2.09031e-18
1.24277e-20
3.64535e-22
1.7299e-23
4.38308e-23
1.42715e-22
1.08038e-23
1.47943e-25
6.20872e-21
1.49559e-25
1.96719e-18
8.53103e-21
3.14584e-22
1.91586e-23
5.4983e-23
1.29002e-22
7.12266e-24
9.11092e-26
6.3507e-21
9.2925e-26
1.82798e-18
5.85536e-21
2.71153e-22
2.12176e-23
1.07749e-22
1.16595e-22
4.6994e-24
5.41647e-26
6.46918e-21
5.11958e-26
1.67292e-18
4.02205e-21
2.33488e-22
2.34973e-23
2.96478e-22
1.0539e-22
3.11113e-24
3.05498e-26
6.55955e-21
2.11022e-26
1.50236e-18
2.80005e-21
2.0119e-22
2.60215e-23
9.35995e-22
9.53305e-23
2.09256e-24
1.58361e-26
6.61744e-21
0
1.31674e-18
2.32229e-21
1.86374e-22
2.88161e-23
5.39763e-22
1.41664e-21
8.98179e-23
1.73443e-24
1.8353e-26
1.2941e-26
6.63377e-21
1.08363e-18
9.26487e-19
3.0618e-23
3.11271e-22
2.09931e-21
8.46215e-23
1.45041e-24
2.12694e-26
1.04029e-26
6.55386e-21
8.81655e-19
6.51484e-19
3.25184e-23
1.79519e-22
3.06989e-21
7.97237e-23
1.23488e-24
2.46476e-26
8.23862e-27
6.3711e-21
7.10568e-19
4.57893e-19
3.45297e-23
1.03557e-22
4.45073e-21
7.51075e-23
1.08881e-24
2.856e-26
6.43429e-27
6.08496e-21
5.68284e-19
3.21712e-19
3.66619e-23
5.97672e-23
6.41609e-21
7.0757e-23
1.02266e-24
3.30916e-26
4.95862e-27
5.70194e-21
4.51687e-19
2.25966e-19
3.89237e-23
3.45308e-23
9.2142e-21
6.66571e-23
1.06182e-24
3.83439e-26
3.7719e-27
5.23559e-21
3.57251e-19
1.58673e-19
4.13239e-23
1.99951e-23
1.31985e-20
6.27936e-23
1.25625e-24
4.44457e-26
2.83201e-27
4.70542e-21
2.81468e-19
1.1139e-19
4.38712e-23
1.16328e-23
1.88724e-20
5.91529e-23
1.6975e-24
5.15778e-26
2.09814e-27
4.13497e-21
2.21089e-19
7.81746e-20
4.65749e-23
6.83386e-24
2.69525e-20
5.57224e-23
2.54835e-24
6.00404e-26
1.53289e-27
3.54932e-21
1.73253e-19
5.48441e-20
4.94444e-23
4.09443e-24
3.8459e-20
5.249e-23
7.04336e-26
1.10329e-27
2.97258e-21
1.35519e-19
8.41552e-26
7.81128e-28
2.42569e-21
1.05854e-19
1.04773e-25
5.42838e-28
1.92495e-21
8.25922e-20
1.41812e-25
3.69114e-28
1.48139e-21
6.4388e-20
2.21233e-25
2.44419e-28
1.10078e-21
5.01637e-20
4.14408e-25
1.56443e-28
7.84252e-22
3.90622e-20
9.18262e-25
9.55798e-29
5.2922e-22
3.04058e-20
2.27697e-24
5.44359e-29
3.30452e-22
2.36607e-20
5.9952e-24
2.7404e-29
1.81084e-22
1.84087e-20
1.62345e-23
1.0289e-29
7.34929e-23
1.43593e-20
4.45063e-23
0
0
1.26084e-20
4.54e-23
2.52925e-22
4.63123e-23
4.05069e-22
4.72435e-23
5.08916e-22
4.8194e-23
5.76299e-22
4.91643e-23
6.18823e-22
5.01548e-23
6.45201e-22
5.1166e-23
6.60491e-22
5.21983e-23
6.66579e-22
5.32523e-23
6.63131e-22
5.43283e-23
6.48627e-22
5.5427e-23
6.21312e-22
5.65489e-23
5.80012e-22
5.76944e-23
5.24734e-22
5.88642e-23
4.56979e-22
6.00587e-23
3.79707e-22
6.12787e-23
2.96986e-22
6.25246e-23
2.13435e-22
6.37971e-23
1.33608e-22
6.50972e-23
6.14634e-23
6.64177e-23
0
6.83057e-23
7.02505e-23
7.22539e-23
7.4318e-23
7.64447e-23
7.86362e-23
8.08949e-23
8.32229e-23
8.56229e-23
8.80972e-23
9.06485e-23
9.32797e-23
9.59935e-23
9.87928e-23
1.01682e-22
1.04659e-22
1.07749e-22
1.10859e-22
1.1443e-22
1.16469e-22
END_LIST
