BEGIN_LIST
0.1
0.0976735
0.0952509
0.0927382
0.0901422
0.0874707
0.0847327
0.0819376
0.0790957
0.0762177
0.0733146
0.0703977
0.0674781
0.0645662
0.0616714
0.0587996
0.0559498
0.0531032
0.0501963
0.0470532
0.0432098
0.035637
0.0388573
0.0292359
0.0343966
0.0238785
0.0299828
0.0194315
0.0257575
0.015765
0.0218336
0.0127589
0.0182869
0.0103052
0.0151564
0.00830977
0.0124491
0.00669187
0.0101476
0.00538322
0.00821924
0.00432676
0.00662247
0.00347523
0.00531306
0.00278977
0.00424774
0.00223861
0.0033865
0.00179596
0.00269379
0.00144107
0.00213891
0.00115762
0.00169589
0.000933591
0.00134306
0.000762174
0.00106129
0.000644874
0.000765621
0.00054298
0.00066357
0.000703006
0.000668036
0.000621959
0.000457116
0.000697837
0.000808138
0.000582881
0.000505203
0.00038478
0.000743128
0.000949997
0.000508576
0.000410331
0.000323856
0.000796932
0.0011267
0.000443738
0.000333253
0.000272552
0.000857939
0.00134078
0.000387164
0.000270639
0.000229359
0.000925563
0.00159741
0.000337799
0.00021978
0.000192998
0.000999649
0.00190371
0.000294727
0.000178472
0.000162392
0.00108031
0.00226855
0.000257145
0.000144924
0.000136634
0.00116785
0.00270259
0.000224354
0.000117679
0.000114957
0.00126267
0.00321845
0.000195742
9.55531e-05
9.67154e-05
0.00136527
0.00383096
0.000170777
7.75852e-05
8.13665e-05
0.00147623
0.00455741
0.000148989
6.29923e-05
6.84519e-05
0.00159619
0.00541789
0.000129969
5.11366e-05
5.7586e-05
0.00172583
0.00643559
0.000113351
4.14949e-05
4.84441e-05
0.00186593
0.00763706
9.87981e-05
3.363e-05
4.0753e-05
0.0020173
0.0090525
8.59834e-05
2.71572e-05
3.42825e-05
0.00218081
0.0107158
7.45403e-05
2.16923e-05
2.8839e-05
0.00235743
0.0126647
6.39728e-05
1.67512e-05
2.42722e-05
0.00254817
0.0149401
5.34549e-05
1.15259e-05
1.90661e-05
0.00275414
0.0175861
4.13917e-05
4.3607e-06
1.52805e-05
1.65563e-05
0.00167059
0.00433798
0.00187062
0.0196126
4.0013e-05
2.71664e-05
3.65905e-06
1.11993e-06
1.22464e-05
1.43769e-05
0.00101147
0.0054955
0.00130716
0.0218336
3.86313e-05
1.78296e-05
3.07029e-06
2.9791e-07
9.8147e-06
1.24843e-05
0.000611715
0.00658748
0.000953753
0.0242651
3.72449e-05
1.17015e-05
2.57627e-06
9.09733e-08
7.86581e-06
1.08408e-05
0.000369702
0.00776158
0.000738937
0.0269215
3.5852e-05
7.67959e-06
2.16173e-06
4.06852e-08
6.30387e-06
9.41368e-06
0.000223346
0.00908789
0.000616464
0.0298157
3.44507e-05
5.04001e-06
1.81389e-06
3.05655e-08
5.05208e-06
8.17441e-06
0.000134895
0.010609
0.000556552
0.0329584
3.3039e-05
3.30768e-06
1.52202e-06
3.10596e-08
4.04885e-06
7.09827e-06
8.14608e-05
0.0123584
0.000540185
0.0363577
3.16149e-05
2.17077e-06
1.27712e-06
3.47164e-08
3.24484e-06
6.16379e-06
4.91884e-05
0.0143673
0.000555409
0.0400192
3.01761e-05
1.42463e-06
1.07162e-06
3.97125e-08
2.60048e-06
5.35233e-06
2.96998e-05
0.0166661
0.000594923
0.0439445
2.87206e-05
9.34956e-07
8.99189e-07
4.56657e-08
2.08407e-06
4.64769e-06
1.7932e-05
0.0192849
0.00065452
0.0481312
2.72458e-05
6.13592e-07
7.54502e-07
5.25722e-08
1.67021e-06
4.03581e-06
1.08267e-05
0.0222527
0.000732081
0.052572
2.57494e-05
4.02687e-07
6.33096e-07
6.05387e-08
1.33853e-06
3.50449e-06
6.53672e-06
0.0255954
0.000826933
0.0572542
2.42289e-05
2.64275e-07
5.31225e-07
6.97164e-08
1.07271e-06
3.04312e-06
3.94657e-06
0.0293341
0.000939446
0.0621594
2.26814e-05
1.73438e-07
4.45746e-07
8.02863e-08
8.59666e-07
2.64248e-06
2.38275e-06
0.0334829
0.00107078
0.0672631
2.11042e-05
1.13823e-07
3.74022e-07
9.24592e-08
6.88865e-07
2.29459e-06
1.43859e-06
0.0380459
0.00122273
0.072535
1.94944e-05
7.46998e-08
3.13838e-07
1.06478e-07
5.51779e-07
1.99251e-06
8.68561e-07
0.0430146
0.00139768
0.0779392
1.78487e-05
4.9024e-08
2.63339e-07
1.22622e-07
4.41231e-07
1.73022e-06
5.24446e-07
0.0483657
0.00159852
0.0834342
1.6164e-05
3.21753e-08
2.20965e-07
1.41213e-07
3.50309e-07
1.50258e-06
3.16819e-07
0.054059
0.00182869
0.0889751
1.44368e-05
2.11359e-08
1.85415e-07
1.62624e-07
2.69559e-07
1.30534e-06
1.91933e-07
0.0600363
0.0020922
0.0945136
1.26636e-05
1.40777e-08
1.55831e-07
1.8728e-07
1.78124e-07
1.13579e-06
1.18177e-07
0.0662227
0.00239367
0.1
1.08404e-05
1.13838e-08
1.42464e-07
2.15676e-07
1.00885e-07
1.69027e-07
1.0454e-06
9.30845e-08
0.0639284
0.0682814
0.00293188
8.27945e-06
7.31908e-06
2.34671e-07
5.76345e-08
1.61562e-07
9.62196e-07
7.33215e-08
0.0616302
0.0701047
0.003594
6.32344e-06
4.94887e-06
2.55128e-07
3.35519e-08
1.56138e-07
8.85616e-07
5.77574e-08
0.0593351
0.0718056
0.00440575
4.82951e-06
3.35397e-06
2.77266e-07
2.03145e-08
1.53387e-07
8.15131e-07
4.55027e-08
0.0570495
0.0734461
0.00539876
3.68851e-06
2.28132e-06
3.01279e-07
1.32591e-08
1.54269e-07
7.50256e-07
3.58579e-08
0.0547802
0.0750601
0.0066113
2.81707e-06
1.56047e-06
3.27348e-07
9.78557e-09
1.60232e-07
6.90544e-07
2.82748e-08
0.0525331
0.0766662
0.00808921
2.15151e-06
1.07663e-06
3.55662e-07
8.45979e-09
1.73443e-07
6.35584e-07
2.23263e-08
0.0503143
0.0782742
0.00988679
1.64319e-06
7.52536e-07
3.86421e-07
8.51118e-09
1.97143e-07
5.84999e-07
1.76842e-08
0.0481293
0.0798891
0.0120677
1.25497e-06
5.36128e-07
4.19837e-07
9.55195e-09
2.36158e-07
5.38439e-07
1.41047e-08
0.0459832
0.0815136
0.014706
9.58468e-07
3.9237e-07
4.56142e-07
1.1422e-08
2.97673e-07
4.95585e-07
0.0438806
0.0831487
0.0178858
7.32017e-07
0.0418258
0.0847945
0.0217016
5.59069e-07
0.0398224
0.086451
0.0262565
4.26981e-07
0.0378735
0.0881175
0.0316592
3.26101e-07
0.0359811
0.0897934
0.0380191
2.49055e-07
0.0341459
0.0914779
0.0454386
1.90212e-07
0.0323644
0.0931702
0.0540024
1.45272e-07
0.0306225
0.0948696
0.0637647
1.10949e-07
0.0288749
0.0965749
0.0747332
8.4741e-08
0.0269849
0.0982854
0.0868545
6.49061e-08
0.0245421
0.1
0.1
5.64173e-08
0.0225156
0.0158037
0.0205289
0.0105003
0.0186064
0.00739887
0.016769
0.00572863
0.0150331
0.00502086
0.0134107
0.0050034
0.0119092
0.00553297
0.0105321
0.00655351
0.00927939
0.00807152
0.00814815
0.0101423
0.00713325
0.0128632
0.00622804
0.016371
0.0054248
0.0208413
0.00471528
0.0264883
0.00409104
0.0335621
0.00354373
0.0423419
0.00306534
0.0531214
0.00264827
0.0661839
0.00228592
0.0817646
0.0019619
0.1
0.00159621
0.00129709
0.00105296
0.00085409
0.000692319
0.000560887
0.000454208
0.000367689
0.000297565
0.000240758
0.00019476
0.000157526
0.000127395
0.000103016
8.32962e-05
6.73489e-05
5.44381e-05
4.40816e-05
3.52175e-05
3.09279e-05
END_LIST
