BEGIN_LIST
0
9.88668e-42
3.40097e-41
9.20786e-41
2.31049e-40
5.6279e-40
1.3538e-39
3.23897e-39
7.731e-39
1.84336e-38
4.39326e-38
1.04685e-37
2.49428e-37
5.94289e-37
1.41594e-36
3.37366e-36
8.03818e-36
1.91522e-35
4.56342e-35
1.08734e-34
2.59087e-34
1.11659e-33
2.7007e-34
2.55505e-33
2.8152e-34
4.82272e-33
2.93458e-34
8.23158e-33
3.05905e-34
1.31571e-32
3.18881e-34
2.00295e-32
3.3241e-34
2.93154e-32
3.46515e-34
4.14874e-32
3.61222e-34
5.69901e-32
3.76555e-34
7.62123e-32
3.92542e-34
9.94958e-32
4.0921e-34
1.27227e-31
4.26589e-34
1.60095e-31
4.44709e-34
1.99661e-31
4.63605e-34
2.49492e-31
4.83416e-34
3.1737e-31
5.08717e-34
4.19574e-31
7.3263e-34
5.8922e-31
9.36722e-33
8.92362e-31
3.75687e-31
1.45752e-30
1.59555e-29
1.48051e-30
1.92013e-30
8.44227e-31
3.70235e-29
1.71127e-29
1.49374e-30
2.2039e-30
4.97923e-31
6.95977e-29
1.83393e-29
1.49617e-30
2.3724e-30
2.99245e-31
1.17547e-28
1.96332e-29
1.48709e-30
2.46593e-30
1.83475e-31
1.85455e-28
2.099e-29
1.46623e-30
2.5101e-30
1.14923e-31
2.78636e-28
2.24016e-29
1.43377e-30
2.52124e-30
7.36257e-32
4.03127e-28
2.38549e-29
1.39041e-30
2.5098e-30
4.82752e-32
5.65686e-28
2.53309e-29
1.33727e-30
2.48258e-30
3.23897e-32
7.73803e-28
2.68031e-29
1.27583e-30
2.44403e-30
2.22108e-32
1.03575e-27
2.82358e-29
1.20783e-30
2.39715e-30
1.55334e-32
1.36068e-27
2.95832e-29
1.13511e-30
2.34399e-30
1.10472e-32
1.75894e-27
3.07877e-29
1.05948e-30
2.28604e-30
7.96311e-33
2.24247e-27
3.17784e-29
9.82686e-31
2.22439e-30
5.79783e-33
2.82574e-27
3.2469e-29
9.06237e-31
2.15989e-30
4.24984e-33
3.52723e-27
3.27521e-29
8.31422e-31
2.09325e-30
3.12692e-33
4.37211e-27
3.2486e-29
7.59271e-31
2.02502e-30
2.3034e-33
5.39689e-27
3.14658e-29
6.90553e-31
1.95574e-30
1.69499e-33
6.65753e-27
2.93624e-29
6.25805e-31
1.88582e-30
1.24364e-33
8.24393e-27
2.56003e-29
5.65532e-31
1.81568e-30
9.08331e-34
1.03058e-26
1.91127e-29
4.78073e-31
1.74565e-30
6.59455e-34
1.31006e-26
7.80731e-30
4.01532e-31
4.34127e-31
1.77242e-30
8.20651e-31
2.60512e-30
5.31894e-34
1.38012e-26
1.05195e-26
7.17081e-30
2.06802e-30
3.36089e-31
3.93706e-31
1.66e-30
3.86667e-31
3.20842e-30
4.27255e-34
1.44355e-26
8.10783e-27
6.53567e-30
5.43278e-31
2.8052e-31
3.56639e-31
1.43175e-30
1.82338e-31
3.63405e-30
3.41653e-34
1.4997e-26
6.0495e-27
5.91363e-30
1.43975e-31
2.336e-31
3.22735e-31
1.14534e-30
8.60251e-32
3.94529e-30
2.71846e-34
1.54795e-26
4.40516e-27
5.31469e-30
3.99966e-32
1.94164e-31
2.91796e-31
8.61343e-31
4.06008e-32
4.18854e-30
2.15117e-34
1.58769e-26
3.15204e-27
4.74679e-30
1.31584e-32
1.6114e-31
2.63619e-31
6.185e-31
1.91686e-32
4.39515e-30
1.69193e-34
1.61839e-26
2.22791e-27
4.21569e-30
6.46722e-33
1.3357e-31
2.38002e-31
4.30037e-31
9.05317e-33
4.58478e-30
1.32173e-34
1.6395e-26
1.56155e-27
3.72504e-30
5.0625e-33
1.10609e-31
2.14748e-31
2.92683e-31
4.27741e-33
4.76872e-30
1.02466e-34
1.65056e-26
1.0883e-27
3.27665e-30
5.0739e-33
9.153e-32
1.93667e-31
1.96494e-31
2.02186e-33
4.95266e-30
7.87488e-35
1.65113e-26
7.55591e-28
2.87076e-30
5.49677e-33
7.57169e-32
1.74578e-31
1.30792e-31
9.56135e-34
5.1386e-30
5.99157e-35
1.64083e-26
5.23265e-28
2.50636e-30
6.07398e-33
6.26825e-32
1.5731e-31
8.65998e-32
4.52346e-34
5.32623e-30
4.50514e-35
1.61936e-26
3.61762e-28
2.18156e-30
6.7438e-33
5.2132e-32
1.41702e-31
5.71535e-32
2.14046e-34
5.51374e-30
3.33972e-35
1.58644e-26
2.49825e-28
1.89385e-30
7.49602e-33
4.42094e-32
1.27607e-31
3.76453e-32
1.01241e-34
5.69834e-30
2.43275e-35
1.54189e-26
1.72394e-28
1.64035e-30
8.33451e-33
4.03402e-32
1.14885e-31
2.47662e-32
4.77966e-35
5.87657e-30
1.73282e-35
1.48558e-26
1.18903e-28
1.41801e-30
9.26757e-33
4.6055e-32
1.03409e-31
1.62816e-32
2.24529e-35
6.04455e-30
1.19784e-35
1.41746e-26
8.19808e-29
1.22376e-30
1.03054e-32
8.04007e-32
9.30633e-32
1.06998e-32
1.04268e-35
6.19805e-30
7.93477e-36
1.33755e-26
5.65111e-29
1.05462e-30
1.14598e-32
2.07249e-31
8.37406e-32
7.03246e-33
4.72046e-36
6.33263e-30
4.91884e-36
1.24594e-26
3.89505e-29
9.07758e-31
1.27437e-32
6.39413e-31
7.53456e-32
4.63036e-33
2.01777e-36
6.44379e-30
2.70556e-36
1.14282e-26
2.68691e-29
7.80569e-31
1.41717e-32
2.08489e-30
6.77993e-32
3.07818e-33
7.44994e-37
6.52704e-30
1.11411e-36
1.02844e-26
1.87852e-29
6.71646e-31
1.57598e-32
6.89827e-30
6.1058e-32
2.14405e-33
1.53839e-37
6.57809e-30
0
9.03144e-27
1.56177e-29
6.21713e-31
1.75262e-32
3.98815e-30
1.04752e-29
5.73753e-32
1.86784e-33
1.62923e-37
9.508e-38
6.5848e-30
7.44641e-27
6.38491e-27
1.86699e-32
2.30563e-30
1.55323e-29
5.39135e-32
1.72072e-33
1.7299e-37
5.95084e-38
6.49667e-30
6.06969e-27
4.51118e-27
1.98791e-32
1.33291e-30
2.26878e-29
5.06594e-32
1.73751e-33
1.84375e-37
3.77384e-38
6.30749e-30
4.90085e-27
3.18589e-27
2.11621e-32
7.70583e-31
3.28179e-29
4.76009e-32
1.98919e-33
1.97819e-37
2.42481e-38
6.01704e-30
3.92668e-27
2.24919e-27
2.25258e-32
4.45512e-31
4.71641e-29
4.47262e-32
2.60724e-33
2.15159e-37
1.57736e-38
5.63201e-30
3.12672e-27
1.58745e-27
2.39764e-32
2.57603e-31
6.74861e-29
4.20245e-32
3.82634e-33
2.41226e-37
1.03727e-38
5.16597e-30
2.47751e-27
1.12012e-27
2.55198e-32
1.48991e-31
9.62773e-29
3.94855e-32
6.05831e-33
2.89103e-37
6.88089e-39
4.6383e-30
1.95551e-27
7.90162e-28
2.71623e-32
8.62241e-32
1.3707e-28
3.70995e-32
1.00205e-32
3.94655e-37
4.59252e-39
4.07226e-30
1.53883e-27
5.57231e-28
2.89103e-32
4.99622e-32
1.94871e-28
3.48573e-32
1.69579e-32
6.56724e-37
3.07473e-39
3.49252e-30
1.20808e-27
3.92815e-28
3.07706e-32
2.90271e-32
2.76771e-28
3.27504e-32
1.34833e-36
2.05812e-39
2.92271e-30
9.4669e-28
3.22424e-36
1.37236e-39
2.38327e-30
7.40811e-28
8.37205e-36
9.07898e-40
1.89005e-30
5.79075e-28
2.25664e-35
5.93058e-40
1.45368e-30
4.52271e-28
6.17826e-35
3.80189e-40
1.07963e-30
3.53006e-28
1.70215e-34
2.37154e-40
7.68841e-31
2.75392e-28
4.70132e-34
1.42021e-40
5.1863e-31
2.14762e-28
1.29979e-33
7.96876e-41
3.23746e-31
1.67431e-28
3.595e-33
3.97042e-41
1.77372e-31
1.30509e-28
9.94478e-33
1.48171e-41
7.19776e-32
1.0199e-28
2.75119e-32
0
0
8.96464e-29
2.80549e-32
1.57121e-31
2.86087e-32
2.5181e-31
2.91733e-32
3.16539e-31
2.97492e-32
3.58652e-31
3.03364e-32
3.85344e-31
3.09352e-32
4.02015e-31
3.15458e-32
4.11791e-31
3.21684e-32
4.15827e-31
3.28034e-32
4.13897e-31
3.34509e-32
4.05039e-31
3.41112e-32
3.88147e-31
3.47846e-32
3.62479e-31
3.54712e-32
3.28037e-31
3.61714e-32
2.85755e-31
3.68854e-32
2.37487e-31
3.76135e-32
1.85782e-31
3.8356e-32
1.33533e-31
3.91131e-32
8.3598e-32
3.98854e-32
3.84595e-32
4.06689e-32
0
4.17864e-32
4.29346e-32
4.41144e-32
4.53267e-32
4.65722e-32
4.7852e-32
4.9167e-32
5.05182e-32
5.19065e-32
5.3333e-32
5.47987e-32
5.63048e-32
5.78523e-32
5.94422e-32
6.10764e-32
6.27535e-32
6.44859e-32
6.62234e-32
6.82055e-32
6.93338e-32
END_LIST
