BEGIN_LIST
0.1
0.0999925
0.0999842
0.0999751
0.099965
0.099954
0.0999418
0.0999284
0.0999137
0.0998975
0.0998797
0.0998601
0.0998383
0.099814
0.0997864
0.0997535
0.0997111
0.099649
0.0995415
0.0993255
0.0988438
0.0966494
0.0988438
0.0939225
0.0988437
0.0905995
0.0988437
0.086638
0.0988436
0.0820281
0.0988436
0.0768029
0.0988435
0.0710434
0.0988434
0.0648768
0.0988433
0.0584667
0.0988431
0.0519965
0.0988429
0.0456494
0.0988426
0.03959
0.0988422
0.0339511
0.0988416
0.0288274
0.0988409
0.0242796
0.0988399
0.020347
0.0988385
0.0170761
0.0988366
0.0145773
0.0988293
0.0131477
0.0986202
0.0135491
0.089749
0.011852
0.0142715
0.015479
0.0822988
0.0867451
0.0103148
0.0151298
0.0178388
0.0751365
0.0831916
0.0089361
0.0160929
0.0205882
0.0683126
0.0790795
0.00771037
0.0171429
0.0237098
0.0618659
0.0744329
0.00662904
0.0182691
0.0271923
0.0558231
0.0693126
0.00568155
0.0194658
0.0310201
0.0502002
0.063816
0.00485624
0.0207293
0.0351678
0.0450029
0.0580702
0.00414104
0.0220574
0.0395961
0.0402284
0.0522211
0.003524
0.0234487
0.0442508
0.0358668
0.0464185
0.00299366
0.0249015
0.0490633
0.0319023
0.0408024
0.00253933
0.0264145
0.0539527
0.0283151
0.0354905
0.0021512
0.0279858
0.0588311
0.025082
0.0305708
0.00182041
0.0296133
0.0636084
0.0221777
0.0260982
0.00153906
0.0312942
0.0681994
0.0195748
0.0220942
0.00130017
0.0330254
0.072529
0.0172433
0.0185473
0.00109763
0.0348032
0.0765375
0.0151484
0.0154098
0.000926119
0.0366232
0.080183
0.0132441
0.0125817
0.000781031
0.0384808
0.0834423
0.0114594
0.00986488
0.000658729
0.0403707
0.0863102
0.00966686
0.00684583
0.000518626
0.042287
0.0887966
0.0076131
0.00260501
0.000416497
0.000450882
0.0299619
0.0611869
0.0285812
0.0902594
0.00736163
0.00525305
0.00220796
0.00066378
0.000334343
0.000391927
0.0201816
0.0713131
0.0194207
0.0915687
0.00710945
0.00356715
0.00186853
0.000169177
0.000268306
0.000340634
0.0130918
0.0773337
0.0133895
0.0927345
0.00685625
0.00239549
0.0015792
4.34279e-05
0.000215255
0.000296018
0.00827426
0.0813446
0.00948221
0.0937675
0.00660171
0.00159647
0.00133318
1.15214e-05
0.000172656
0.000257221
0.00514042
0.0842909
0.00700482
0.0946789
0.00634548
0.00105851
0.00112442
3.48378e-06
0.000138465
0.000223488
0.00315872
0.0866052
0.00548823
0.0954797
0.00608721
0.000699424
0.000947587
1.52477e-06
0.000111029
0.000194164
0.00192776
0.0884935
0.00462031
0.0961807
0.00582653
0.000461101
0.000798021
1.12372e-06
8.90199e-05
0.000168677
0.00117155
0.0900621
0.00419605
0.0967924
0.00556304
0.000303527
0.000671676
1.13338e-06
7.13673e-05
0.000146526
0.000710151
0.0913738
0.00408254
0.0973244
0.00529636
0.000199603
0.000565061
1.26436e-06
5.7211e-05
0.000127278
0.000429793
0.0924712
0.00419498
0.0977858
0.00502604
0.000131175
0.000475174
1.44567e-06
4.58602e-05
0.000110553
0.000259869
0.0933874
0.00448058
0.0981849
0.00475165
8.61687e-05
0.000399449
1.66221e-06
3.67598e-05
9.60227e-05
0.000157036
0.0941498
0.00490787
0.0985294
0.00447272
5.6588e-05
0.000335695
1.91355e-06
2.9464e-05
8.33992e-05
9.48621e-05
0.0947821
0.00545963
0.098826
0.00418877
3.71551e-05
0.000282047
2.2035e-06
2.36153e-05
7.24331e-05
5.72922e-05
0.0953046
0.00612824
0.099081
0.00389929
2.43927e-05
0.000236924
2.53753e-06
1.89261e-05
6.29074e-05
3.45975e-05
0.0957351
0.00691265
0.0992997
0.00360373
1.60127e-05
0.000198986
2.92223e-06
1.51642e-05
5.46335e-05
2.08914e-05
0.0960889
0.00781634
0.0994871
0.00330153
1.05112e-05
0.000167099
3.36526e-06
1.2138e-05
4.74476e-05
1.26155e-05
0.0963789
0.0088459
0.0996473
0.00299211
6.89993e-06
0.000140304
3.87545e-06
9.67528e-06
4.12095e-05
7.62153e-06
0.0966162
0.0100102
0.0997841
0.00267483
4.53328e-06
0.000117798
4.46299e-06
7.57543e-06
3.58035e-05
4.61742e-06
0.0968099
0.0113195
0.0999007
0.00234905
3.01987e-06
9.90503e-05
5.13959e-06
5.46536e-06
3.11555e-05
2.84315e-06
0.0969678
0.0127851
0.1
0.00201407
2.44221e-06
9.0576e-05
5.91876e-06
3.09079e-06
5.52711e-06
2.86771e-05
2.2395e-06
0.0969407
0.0970445
0.0153191
0.00156713
0.00135769
6.44e-06
1.75987e-06
5.78258e-06
2.63958e-05
1.76407e-06
0.0969114
0.0971794
0.0182903
0.00121428
0.000915279
7.0013e-06
1.01715e-06
6.31529e-06
2.42959e-05
1.38966e-06
0.0968797
0.0973437
0.0217287
0.000937802
0.000617175
7.60876e-06
6.06816e-07
7.24993e-06
2.2363e-05
1.09489e-06
0.0968453
0.0975213
0.0256554
0.000722427
0.000416358
8.2676e-06
3.85412e-07
8.77221e-06
2.05838e-05
8.6294e-07
0.0968081
0.0977038
0.0300747
0.000555414
0.000281111
8.98287e-06
2.72788e-07
1.11585e-05
1.89461e-05
6.80664e-07
0.0967677
0.0978863
0.0349686
0.00042636
0.000190046
9.75972e-06
2.24552e-07
1.48195e-05
1.74386e-05
5.3784e-07
0.0967241
0.0980664
0.0402915
0.000326906
0.000128752
1.06036e-05
2.16599e-07
2.03656e-05
1.60511e-05
4.26671e-07
0.0966768
0.0982427
0.0459671
0.000250425
8.75159e-05
1.15204e-05
2.36472e-07
2.87036e-05
1.4774e-05
3.41469e-07
0.0966256
0.0984147
0.0518898
0.000191703
5.97944e-05
1.25163e-05
2.78558e-07
4.118e-05
1.35984e-05
0.0965701
0.0985819
0.0579296
0.000146672
0.09651
0.0987443
0.063942
0.000112173
0.0964444
0.0989019
0.0697802
8.57622e-05
0.096372
0.0990548
0.075309
6.55538e-05
0.0962897
0.0992029
0.0804165
5.0098e-05
0.0961892
0.0993465
0.0850226
3.82809e-05
0.0960474
0.0994857
0.0890818
2.92481e-05
0.0957988
0.0996205
0.0925824
2.23449e-05
0.0952576
0.099751
0.0955414
1.70709e-05
0.0938913
0.0998775
0.0979966
1.30779e-05
0.0901782
0.1
0.1
1.13687e-05
0.0901781
0.0634613
0.090178
0.0446319
0.0901778
0.0320535
0.0901777
0.0241929
0.0901775
0.0197879
0.0901773
0.0179074
0.0901771
0.0179232
0.0901768
0.0194431
0.0901765
0.0222392
0.0901762
0.0261844
0.0901758
0.0312006
0.0901754
0.0372155
0.0901749
0.0441297
0.0901743
0.0517943
0.0901735
0.0600026
0.0901727
0.0684989
0.0901717
0.0770013
0.0901705
0.0852337
0.0901691
0.0929586
0.0901673
0.1
0.0901644
0.0901606
0.0901558
0.0901495
0.0901414
0.0901309
0.0901173
0.0900997
0.0900768
0.0900471
0.0900086
0.0899585
0.0898935
0.0898089
0.0896991
0.0895567
0.0893707
0.0891367
0.0887945
0.0885806
END_LIST
