BEGIN_LIST
0.1
0.0999992
0.0999982
0.0999972
0.0999961
0.0999948
0.0999934
0.0999919
0.0999902
0.0999884
0.0999863
0.099984
0.0999815
0.0999786
0.099975
0.0999703
0.0999632
0.0999504
0.0999238
0.0998632
0.0997179
0.0990234
0.0997179
0.0981103
0.0997179
0.0969218
0.0997179
0.0953926
0.099718
0.0934522
0.099718
0.091029
0.099718
0.0880578
0.099718
0.0844898
0.099718
0.0803033
0.0997181
0.0755148
0.0997181
0.0701859
0.0997181
0.0644255
0.0997181
0.0583854
0.0997182
0.0522507
0.0997182
0.0462304
0.0997182
0.0405583
0.0997182
0.0355204
0.0997182
0.0315415
0.0997153
0.0293977
0.0995883
0.0306932
0.0940653
0.0282345
0.0303688
0.0372657
0.0885456
0.0934766
0.0257686
0.0307847
0.0429632
0.0829377
0.0927126
0.0233361
0.0316638
0.0482795
0.0773014
0.0917293
0.0209748
0.032836
0.0534074
0.0716966
0.0904765
0.0187175
0.0341959
0.0583925
0.0661806
0.0888989
0.0165908
0.0356775
0.0632112
0.0608061
0.0869388
0.0146137
0.0372383
0.0678112
0.0556195
0.0845409
0.0127985
0.0388502
0.0721345
0.0506597
0.0816583
0.0111505
0.0404935
0.0761298
0.0459575
0.0782596
0.00966936
0.042154
0.07976
0.0415349
0.0743369
0.00835011
0.0438204
0.0830042
0.0374062
0.0699113
0.00718439
0.0454837
0.0858585
0.0335776
0.0650346
0.00616152
0.0471358
0.0883331
0.0300483
0.0597859
0.00526945
0.0487699
0.0904501
0.0268102
0.0542573
0.00449558
0.0503796
0.0922391
0.0238476
0.0485295
0.0038273
0.0519592
0.0937346
0.021134
0.042627
0.00325247
0.0535035
0.0949727
0.0186246
0.0364377
0.0027597
0.0550077
0.0959892
0.0162391
0.0295552
0.00233945
0.0564678
0.0968174
0.0138221
0.0209395
0.00185228
0.0578802
0.0974881
0.0110555
0.00811874
0.00149501
0.00161497
0.0466496
0.0783545
0.0401974
0.0978621
0.0106922
0.00801917
0.00705964
0.00207961
0.00120499
0.00140733
0.0351654
0.0879315
0.028054
0.0981851
0.0103278
0.00564896
0.0061092
0.000530946
0.000970144
0.00122583
0.0249217
0.0925253
0.0199004
0.0984634
0.00996187
0.00389344
0.00526415
0.000136558
0.000780369
0.00106731
0.0167908
0.0948408
0.0145572
0.0987027
0.00959392
0.00264185
0.00451894
3.64768e-05
0.00062726
0.000928958
0.0108946
0.0960978
0.0111635
0.0989082
0.00922347
0.00177317
0.00386646
1.12992e-05
0.000503897
0.000808298
0.00688664
0.0968459
0.00911239
0.0990844
0.00885002
0.00118131
0.00329872
5.20605e-06
0.000404605
0.000703123
0.00427883
0.0973352
0.00798771
0.0992353
0.00847304
0.00078306
0.00280739
4.01098e-06
0.000324755
0.000611492
0.00262948
0.0976816
0.00751032
0.0993644
0.00809198
0.000517336
0.00238414
4.11466e-06
0.000260584
0.000531696
0.00160485
0.0979414
0.00749649
0.0994746
0.00770625
0.000341022
0.00202101
4.61026e-06
0.000209042
0.000462231
0.000975346
0.0981434
0.00782767
0.0995687
0.00731526
0.000224468
0.00171051
5.27662e-06
0.000167662
0.000401781
0.000591234
0.0983038
0.00842932
0.099649
0.00691836
0.000147606
0.00144578
6.0683e-06
0.000134452
0.00034919
0.000357829
0.0984326
0.00925632
0.0997174
0.00651489
9.70005e-05
0.00122064
6.98617e-06
0.000107806
0.000303448
0.00021636
0.0985368
0.0102832
0.0997757
0.00610415
6.37181e-05
0.00102957
8.04475e-06
8.64302e-05
0.000263672
0.000130746
0.0986213
0.0114973
0.0998253
0.00568541
4.18438e-05
0.000867705
9.26419e-06
6.92815e-05
0.000229089
7.89821e-05
0.0986898
0.0128946
0.0998675
0.00525789
2.74739e-05
0.000730782
1.06686e-05
5.55122e-05
0.000199028
4.77028e-05
0.0987455
0.0144761
0.0999033
0.00482079
1.80368e-05
0.000615108
1.22858e-05
4.44114e-05
0.000172904
2.88097e-05
0.0987907
0.0162459
0.0999337
0.00437327
1.1841e-05
0.00051749
1.41482e-05
3.5306e-05
0.000150211
1.74066e-05
0.0988274
0.0182094
0.0999595
0.00391441
7.78003e-06
0.000435197
1.62927e-05
2.73096e-05
0.000130536
1.05462e-05
0.0988572
0.020372
0.0999814
0.00344329
5.1829e-06
0.000366453
1.87623e-05
1.85378e-05
0.000113612
6.49401e-06
0.0988814
0.0227377
0.1
0.00295891
4.19155e-06
0.000335339
2.16061e-05
1.04649e-05
1.79637e-05
0.000104585
5.11535e-06
0.098878
0.0989035
0.0267017
0.00234719
0.00199678
2.35083e-05
5.93484e-06
1.77166e-05
9.62745e-05
4.02955e-06
0.0988743
0.0989509
0.031146
0.00184698
0.00134779
2.55567e-05
3.40036e-06
1.79164e-05
8.86233e-05
3.17454e-06
0.0988703
0.0990111
0.036034
0.00144396
0.000910314
2.77734e-05
1.9918e-06
1.87442e-05
8.15793e-05
2.50152e-06
0.098866
0.0990773
0.0413039
0.00112304
0.000615576
3.01775e-05
1.22102e-06
2.04704e-05
7.50945e-05
1.9722e-06
0.0988613
0.0991457
0.0468663
0.000869886
0.000417111
3.27874e-05
8.14695e-07
2.34992e-05
6.91246e-05
1.55669e-06
0.0988563
0.0992142
0.0526063
0.000671644
0.000283555
3.56218e-05
6.20679e-07
2.84324e-05
6.36287e-05
1.23196e-06
0.0988508
0.0992819
0.058391
0.000517289
0.000193753
3.87005e-05
5.55366e-07
3.61653e-05
5.85694e-05
9.80679e-07
0.0988448
0.0993481
0.0640793
0.000397638
0.000133445
4.20449e-05
5.74245e-07
4.80291e-05
5.3912e-05
7.90778e-07
0.0988384
0.0994125
0.069535
0.000305207
9.30192e-05
4.5678e-05
6.55465e-07
6.60013e-05
4.96247e-05
0.0988313
0.099475
0.0746391
0.000233992
0.0988235
0.0995357
0.0792993
0.000179235
0.0988146
0.0995944
0.0834556
0.000137199
0.0988037
0.0996512
0.0870814
0.000104967
0.0987883
0.0997062
0.0901796
8.0275e-05
0.0987613
0.0997594
0.0927773
6.13728e-05
0.098702
0.0998108
0.0949179
4.69104e-05
0.0985519
0.0998605
0.0966547
3.58498e-05
0.0981419
0.0999086
0.0980442
2.73949e-05
0.0969866
0.0999551
0.0991421
2.0991e-05
0.0936903
0.1
0.1
1.82494e-05
0.0936903
0.0692564
0.0936903
0.0513391
0.0936903
0.0389273
0.0936903
0.0309809
0.0936903
0.0265311
0.0936903
0.02478
0.0936902
0.0251344
0.0936902
0.027181
0.0936902
0.0306352
0.0936902
0.0352853
0.0936902
0.040944
0.0936902
0.0474137
0.0936902
0.054468
0.0936901
0.0618515
0.0936901
0.0692946
0.0936901
0.0765391
0.0936901
0.0833639
0.0936901
0.0896049
0.0936901
0.0951629
0.09369
0.1
0.09369
0.09369
0.0936899
0.0936899
0.0936899
0.0936899
0.0936898
0.0936898
0.0936897
0.0936897
0.0936896
0.0936895
0.0936894
0.0936892
0.0936891
0.0936889
0.0936886
0.0936882
0.0936877
0.0936874
END_LIST
