BEGIN_LIST
0.1
0.0999989
0.0999978
0.0999965
0.0999951
0.0999935
0.0999918
0.0999899
0.0999878
0.0999855
0.099983
0.0999801
0.099977
0.0999733
0.099969
0.0999634
0.0999549
0.09994
0.0999095
0.0998407
0.0996762
0.0988929
0.0996762
0.0978671
0.0996762
0.096538
0.0996763
0.0948373
0.0996763
0.0926931
0.0996763
0.0900354
0.0996763
0.0868044
0.0996763
0.0829615
0.0996764
0.0784999
0.0996764
0.0734546
0.0996764
0.067907
0.0996764
0.0619843
0.0996765
0.0558507
0.0996765
0.049696
0.0996765
0.0437242
0.0996765
0.0381543
0.0996765
0.0332483
0.0996765
0.0293965
0.0996734
0.0273259
0.0995406
0.0285687
0.0937662
0.0261266
0.0284462
0.0345809
0.0880594
0.093063
0.0237074
0.0289764
0.0399346
0.0822906
0.0921551
0.0213493
0.0299175
0.0450482
0.0765215
0.0909939
0.0190864
0.0311217
0.0500785
0.0708125
0.0895256
0.0169465
0.0324977
0.0550531
0.0652206
0.0876927
0.0149506
0.033988
0.059937
0.0597968
0.0854385
0.0131124
0.0355558
0.064668
0.0545855
0.0827128
0.0114388
0.0371764
0.0691766
0.0496225
0.0794786
0.00993082
0.0388325
0.0733991
0.0449353
0.0757206
0.00858473
0.0405111
0.0772845
0.0405428
0.0714514
0.00739296
0.042202
0.0807985
0.0364558
0.0667159
0.00634542
0.0438964
0.0839247
0.0326776
0.0615908
0.00543047
0.0455866
0.086663
0.0292045
0.0561766
0.00463572
0.0472655
0.0890274
0.0260263
0.0505828
0.00394864
0.0489267
0.0910424
0.0231252
0.0449014
0.00335707
0.050564
0.0927395
0.0204737
0.0391659
0.00284954
0.0521717
0.0941539
0.0180266
0.033279
0.00241539
0.0537447
0.0953217
0.0157041
0.026869
0.00204586
0.0552783
0.0962782
0.0133532
0.0189805
0.00161831
0.056768
0.0970559
0.0106623
0.00733883
0.00130508
0.00141031
0.0451921
0.0773224
0.0392983
0.0974911
0.0103117
0.00769041
0.00635733
0.00187831
0.00105119
0.00122847
0.03366
0.0870272
0.0273327
0.0978677
0.00996004
0.0053942
0.00548294
0.000479407
0.000845862
0.00106964
0.0236106
0.0917497
0.0193139
0.0981929
0.00960691
0.00370628
0.00471052
0.000123246
0.000680099
0.000931018
0.0157819
0.0941801
0.0140642
0.098473
0.00925185
0.00250935
0.00403318
3.2864e-05
0.000546469
0.000810112
0.0101824
0.0955352
0.0107288
0.0987138
0.0088944
0.00168171
0.00344304
1.01182e-05
0.00043887
0.000704718
0.00641225
0.0963658
0.0087078
0.0989206
0.00853405
0.00111923
0.00293174
4.60354e-06
0.000352311
0.000612892
0.00397441
0.0969237
0.00759123
0.0990979
0.0081703
0.000741403
0.00249086
3.50969e-06
0.000282729
0.000532922
0.00243867
0.0973271
0.00710476
0.0992497
0.00780262
0.000489591
0.00211228
3.58633e-06
0.000226829
0.000463305
0.00148698
0.0976338
0.00706813
0.0993796
0.00743044
0.000322636
0.00178834
4.01427e-06
0.000181942
0.00040272
0.000903187
0.0978745
0.00736523
0.0994905
0.00705317
0.000212323
0.00151199
4.59344e-06
0.000145913
0.00035001
0.000547299
0.0980668
0.0079231
0.0995852
0.00667021
0.000139602
0.00127684
5.28236e-06
0.000117002
0.000304164
0.000331167
0.0982217
0.0086977
0.0996659
0.00628092
9.17327e-05
0.00107719
6.08129e-06
9.38084e-05
0.000264296
0.000200213
0.0983472
0.00966423
0.0997347
0.0058846
6.02543e-05
0.000907991
7.00275e-06
7.52044e-05
0.000229633
0.000120979
0.0984491
0.0108107
0.0997933
0.00548057
3.95677e-05
0.000764821
8.06425e-06
6.02808e-05
0.000199502
7.30784e-05
0.0985319
0.0121333
0.0998432
0.00506807
2.59789e-05
0.000643837
9.28674e-06
4.82994e-05
0.000173313
4.41358e-05
0.0985992
0.0136338
0.0998855
0.00464632
1.7055e-05
0.000541715
1.06945e-05
3.86418e-05
0.000150556
2.6655e-05
0.0986539
0.0153167
0.0999215
0.00421451
1.11964e-05
0.000455595
1.23157e-05
3.07249e-05
0.00013079
1.61045e-05
0.0986983
0.0171885
0.0999521
0.00377176
7.35642e-06
0.000383039
1.41826e-05
2.37869e-05
0.000113655
9.75724e-06
0.0987343
0.0192553
0.099978
0.00331717
4.90068e-06
0.000322458
1.63324e-05
1.62207e-05
9.89159e-05
6.00818e-06
0.0987636
0.0215227
0.1
0.00284978
3.96329e-06
0.000295044
1.88079e-05
9.15874e-06
1.57712e-05
9.10553e-05
4.73264e-06
0.0987594
0.0987885
0.0253367
0.00225561
0.00192284
2.04639e-05
5.19657e-06
1.56299e-05
8.38184e-05
3.72806e-06
0.0987549
0.0988411
0.0296361
0.00177172
0.00129765
2.22471e-05
2.98047e-06
1.59131e-05
7.7156e-05
2.93698e-06
0.0987499
0.0989076
0.0343935
0.00138312
0.000876223
2.41769e-05
1.74971e-06
1.67952e-05
7.10225e-05
2.31427e-06
0.0987446
0.0989807
0.0395569
0.0010745
0.0005923
2.62698e-05
1.07732e-06
1.85372e-05
6.5376e-05
1.82448e-06
0.0987389
0.0990562
0.0450469
0.000831541
0.000401111
2.85418e-05
7.24304e-07
2.15287e-05
6.0178e-05
1.43993e-06
0.0987326
0.0991319
0.0507568
0.000641589
0.000272437
3.10094e-05
5.57685e-07
2.63496e-05
5.53929e-05
1.13926e-06
0.0987258
0.0992066
0.0565587
0.000493873
0.000185904
3.36896e-05
5.04504e-07
3.38624e-05
5.09879e-05
9.06376e-07
0.0987185
0.0992797
0.0623125
0.000379479
0.000127774
3.66013e-05
5.26044e-07
4.53494e-05
4.6933e-05
7.29958e-07
0.0987105
0.0993508
0.0678787
0.000291175
8.87899e-05
3.97642e-05
6.0348e-07
6.27155e-05
4.32003e-05
0.0987018
0.0994199
0.0731305
0.000223179
0.0986922
0.0994869
0.0779655
0.00017092
0.0986814
0.0995517
0.0823119
0.000130814
0.0986684
0.0996145
0.0861317
0.000100071
0.0986507
0.0996752
0.0894183
7.65242e-05
0.098621
0.099734
0.0921911
5.85013e-05
0.0985585
0.0997908
0.0944891
4.47134e-05
0.0984036
0.0998458
0.0963629
3.41694e-05
0.0979854
0.0998989
0.0978688
2.61101e-05
0.0968121
0.0999503
0.0990633
2.00061e-05
0.0934706
0.1
0.1
1.73929e-05
0.0934705
0.0687502
0.0934705
0.0506828
0.0934705
0.0382074
0.0934705
0.0302378
0.0934705
0.0257727
0.0934705
0.0239975
0.0934704
0.024313
0.0934704
0.0263069
0.0934704
0.0297008
0.0934704
0.034292
0.0934704
0.0399048
0.0934703
0.0463538
0.0934703
0.0534234
0.0934703
0.060865
0.0934703
0.0684103
0.0934703
0.0757965
0.0934703
0.0827929
0.0934702
0.089223
0.0934702
0.0949749
0.0934702
0.1
0.0934701
0.0934701
0.0934701
0.09347
0.09347
0.0934699
0.0934699
0.0934698
0.0934697
0.0934696
0.0934695
0.0934693
0.0934691
0.0934689
0.0934686
0.0934681
0.0934676
0.093467
0.093466
0.0934654
END_LIST
