BEGIN_LIST
0
1.59751e-176
5.52984e-176
1.51112e-175
3.83385e-175
9.44733e-175
2.29806e-174
5.55339e-174
1.33655e-173
3.20646e-173
7.66946e-173
1.82872e-172
4.34537e-172
1.02852e-171
2.4236e-171
5.68147e-171
1.32379e-170
3.06231e-170
7.02292e-170
1.59357e-169
4.01779e-169
1.76504e-168
4.21823e-169
4.13352e-168
4.41976e-169
8.12385e-168
4.62252e-169
1.47029e-167
4.82659e-169
2.53868e-167
5.03211e-169
4.25615e-167
5.23918e-169
7.00064e-167
5.44794e-169
1.13768e-166
5.65889e-169
1.83655e-166
5.88807e-169
2.95856e-166
6.81263e-169
4.77636e-166
3.72418e-168
7.7596e-166
1.32316e-166
1.27369e-165
5.60362e-165
2.12055e-165
2.38405e-163
3.59336e-165
1.01451e-161
6.21488e-165
4.317e-160
1.09902e-164
1.83705e-158
1.98773e-164
7.81665e-157
3.67087e-164
3.32611e-155
6.88954e-164
1.41536e-153
6.99052e-164
9.3035e-164
3.93955e-164
3.29079e-153
1.51539e-153
7.04507e-164
1.07891e-163
2.2795e-164
6.20934e-153
1.62117e-153
7.04843e-164
1.16756e-163
1.33268e-164
1.05436e-152
1.73251e-153
6.99744e-164
1.21722e-163
7.86275e-165
1.67523e-152
1.84897e-153
6.89101e-164
1.24121e-163
4.67613e-165
2.53923e-152
1.96982e-153
6.73025e-164
1.24803e-163
2.80026e-165
3.71349e-152
2.09389e-153
6.51859e-164
1.24314e-163
1.68684e-165
5.27867e-152
2.21951e-153
6.26151e-164
1.23008e-163
1.0212e-165
7.33213e-152
2.34436e-153
5.96613e-164
1.21119e-163
6.20801e-166
9.99251e-152
2.46536e-153
5.6407e-164
1.18801e-163
3.78685e-166
1.34068e-151
2.57856e-153
5.29394e-164
1.16164e-163
2.31641e-166
1.77612e-151
2.679e-153
4.93448e-164
1.13283e-163
1.42013e-166
2.32976e-151
2.76064e-153
4.5704e-164
1.10216e-163
8.72221e-167
3.03398e-151
2.81614e-153
4.20882e-164
1.07006e-163
5.36461e-167
3.93338e-151
2.83636e-153
3.85573e-164
1.03688e-163
3.30315e-167
5.0913e-151
2.80928e-153
3.51588e-164
1.00293e-163
2.03551e-167
6.60012e-151
2.71749e-153
3.1928e-164
9.68459e-164
1.25507e-167
8.59816e-151
2.5329e-153
2.88914e-164
9.33684e-164
7.74121e-168
1.12975e-150
2.20625e-153
2.58507e-164
8.98807e-164
4.77529e-168
1.50308e-150
1.6459e-153
4.39099e-164
8.64002e-164
2.94529e-168
2.03342e-150
6.71734e-154
1.66537e-163
3.96572e-164
8.77827e-164
4.0627e-164
1.28885e-163
2.14308e-168
2.16301e-150
1.63858e-150
6.16639e-154
1.77652e-154
5.61717e-163
3.577e-164
8.22793e-164
1.91463e-164
1.58696e-163
1.55853e-168
2.28192e-150
1.26724e-150
5.61721e-154
4.64668e-155
1.85034e-162
3.22271e-164
7.10572e-164
9.03026e-165
1.79714e-163
1.1326e-168
2.38892e-150
9.48671e-151
5.07987e-154
1.21167e-155
6.07361e-162
2.9006e-164
5.70203e-164
4.26085e-165
1.95071e-163
8.22276e-169
2.4828e-150
6.93064e-151
4.56295e-154
3.157e-156
1.99554e-161
2.6084e-164
4.33214e-164
2.01099e-165
2.0706e-163
5.96218e-169
2.56243e-150
4.97512e-151
4.07321e-154
8.22397e-157
6.5679e-161
2.34384e-164
3.23483e-164
9.49297e-166
2.17234e-163
4.31588e-169
2.62672e-150
3.52779e-151
3.61556e-154
2.14223e-157
2.16524e-160
2.1047e-164
2.6228e-164
4.4818e-166
2.26565e-163
3.11741e-169
2.67464e-150
2.48058e-151
3.19307e-154
5.58017e-158
7.14809e-160
1.88885e-164
2.95191e-164
2.11607e-166
2.35612e-163
2.2454e-169
2.70527e-150
1.73436e-151
2.80723e-154
1.45354e-158
2.36249e-159
1.69428e-164
5.70534e-164
9.99083e-167
2.44656e-163
1.61135e-169
2.71776e-150
1.20803e-151
2.45818e-154
3.78626e-159
7.81542e-159
1.51907e-164
1.584e-163
4.71636e-167
2.53797e-163
1.15074e-169
2.71135e-150
8.39312e-152
2.14502e-154
9.86263e-160
2.58736e-158
1.36147e-164
4.97573e-163
2.22559e-167
2.63021e-163
8.16535e-170
2.68541e-150
5.82161e-152
1.86606e-154
2.56909e-160
8.57079e-158
1.21981e-164
1.61546e-162
1.04936e-167
2.72237e-163
5.74404e-170
2.6394e-150
4.03352e-152
1.6191e-154
6.69222e-161
2.8405e-157
1.09257e-164
5.29562e-162
4.93935e-168
2.81308e-163
3.99329e-170
2.57293e-150
2.79261e-152
1.40163e-154
1.74331e-161
9.41758e-157
9.78364e-165
1.74224e-161
2.3172e-168
2.90065e-163
2.73065e-170
2.48572e-150
1.93255e-152
1.211e-154
4.54172e-162
3.12333e-156
8.75909e-165
5.74188e-161
1.07986e-168
2.98316e-163
1.82307e-170
2.37763e-150
1.33694e-152
1.04455e-154
1.18369e-162
1.03611e-155
7.84041e-165
1.89416e-160
4.9656e-169
3.05852e-163
1.17354e-170
2.24868e-150
9.24718e-153
8.997e-155
3.09015e-163
3.43779e-155
7.01707e-165
6.25206e-160
2.22114e-169
3.12456e-163
7.11379e-171
2.09902e-150
6.39551e-153
7.73996e-155
8.12441e-164
1.14084e-154
6.27969e-165
2.06431e-159
9.34794e-170
3.17904e-163
3.85054e-171
1.92896e-150
4.42708e-153
6.6519e-155
2.19976e-164
3.78641e-154
5.62047e-165
6.8173e-159
3.3644e-170
3.21975e-163
1.57035e-171
1.73896e-150
3.10583e-153
5.72061e-155
6.66218e-165
1.25684e-153
5.03496e-165
2.25166e-158
6.23481e-171
3.2446e-163
0
1.52966e-150
2.5872e-153
5.2938e-155
2.77728e-165
7.28429e-154
1.90663e-153
4.71626e-165
3.92593e-158
6.46496e-171
3.62812e-171
3.24743e-163
1.26316e-150
1.08581e-150
2.13147e-165
4.22165e-154
2.82162e-153
4.41763e-165
6.80713e-158
6.70361e-171
2.11125e-171
3.20353e-163
1.03121e-150
7.70298e-151
1.87543e-165
2.44664e-154
4.11088e-153
4.13781e-165
1.17724e-157
6.95109e-171
1.22853e-171
3.10985e-163
8.33906e-151
5.46239e-151
1.81023e-165
1.41793e-154
5.92826e-153
3.87563e-165
2.03349e-157
7.20776e-171
7.14848e-172
2.9663e-163
6.69164e-151
3.87231e-151
1.84058e-165
8.21751e-155
8.4909e-153
3.63001e-165
3.51054e-157
7.47404e-171
4.15919e-172
2.77619e-163
5.3365e-151
2.7444e-151
1.92099e-165
4.76236e-155
1.21052e-152
3.39991e-165
6.05887e-157
7.75057e-171
2.41959e-172
2.54621e-163
4.23489e-151
1.94457e-151
2.02989e-165
2.75997e-155
1.72034e-152
3.18438e-165
1.04557e-156
8.03848e-171
1.40726e-172
2.28591e-163
3.34769e-151
1.37749e-151
2.15723e-165
1.59951e-155
2.43956e-152
2.98254e-165
1.80424e-156
8.34026e-171
8.18146e-173
2.00678e-163
2.63835e-151
9.75497e-152
2.2985e-165
9.26971e-156
3.45423e-152
2.79359e-165
3.11332e-156
8.66218e-171
4.75337e-173
1.72095e-163
2.07442e-151
6.90549e-152
2.45189e-165
5.37212e-156
4.88578e-152
2.61687e-165
9.02091e-171
2.75865e-173
1.44007e-163
1.62806e-151
9.46186e-171
1.5981e-173
1.1742e-163
1.27594e-151
1.01099e-170
9.23015e-174
9.31139e-164
9.98895e-152
1.13099e-170
5.30444e-174
7.16121e-164
7.81354e-152
1.40151e-170
3.02283e-174
5.31831e-164
6.10799e-152
2.08617e-170
1.69793e-174
3.78719e-164
4.77239e-152
3.91423e-170
9.29714e-175
2.5546e-164
3.72743e-152
8.9032e-170
4.8535e-175
1.59463e-164
2.91045e-152
2.26345e-169
2.29355e-175
8.73638e-165
2.27217e-152
6.05498e-169
8.28679e-176
3.54518e-165
1.7784e-152
1.6537e-168
0
0
1.56451e-152
1.68631e-168
9.38546e-168
1.71957e-168
1.50336e-167
1.75348e-168
1.88944e-167
1.78806e-168
2.1406e-167
1.82332e-168
2.29979e-167
1.85927e-168
2.39922e-167
1.89594e-168
2.45753e-167
1.93333e-168
2.48161e-167
1.97145e-168
2.47011e-167
2.01033e-168
2.41726e-167
2.04997e-168
2.31647e-167
2.0904e-168
2.1633e-167
2.13162e-168
1.95776e-167
2.17366e-168
1.70543e-167
2.21653e-168
1.41737e-167
2.26024e-168
1.10879e-167
2.30481e-168
7.96962e-168
2.35026e-168
4.98938e-168
2.39662e-168
2.29538e-168
2.44365e-168
0
2.51073e-168
2.57965e-168
2.65046e-168
2.72321e-168
2.79796e-168
2.87477e-168
2.95368e-168
3.03476e-168
3.11806e-168
3.20366e-168
3.2916e-168
3.38195e-168
3.47479e-168
3.57017e-168
3.66819e-168
3.76879e-168
3.8727e-168
3.9769e-168
4.09577e-168
4.16343e-168
END_LIST
