BEGIN_LIST
0
2.39748e-183
8.30402e-183
2.27147e-182
5.7708e-182
1.42449e-181
3.47231e-181
8.41191e-181
2.03045e-180
4.88786e-180
1.1738e-179
2.81191e-179
6.71814e-179
1.60034e-178
3.79943e-178
8.98612e-178
2.116e-177
4.95733e-177
1.15449e-176
2.66962e-176
4.38256e-176
1.34661e-175
4.60847e-176
2.88295e-175
4.83499e-176
5.43161e-175
5.06225e-176
9.59469e-175
5.29038e-176
1.6316e-174
5.51948e-176
2.70806e-174
5.7497e-176
4.42402e-174
5.98118e-176
7.1558e-174
6.21479e-176
1.15139e-173
6.48229e-176
1.85059e-173
8.12939e-176
2.98289e-173
6.84132e-175
4.84069e-173
2.62393e-173
7.93984e-173
1.11364e-171
1.32125e-172
4.73819e-170
2.23821e-172
2.0163e-168
3.87033e-172
8.57987e-167
6.84335e-172
3.65106e-165
1.23764e-171
1.55353e-163
2.28554e-171
6.61052e-162
4.28947e-171
2.81297e-160
4.35233e-171
5.7924e-171
2.45278e-171
6.54031e-160
3.01177e-160
4.38629e-171
6.71734e-171
1.41922e-171
1.23408e-159
3.22202e-160
4.38838e-171
7.26925e-171
8.29733e-172
2.09551e-159
3.4433e-160
4.35663e-171
7.57845e-171
4.89537e-172
3.32945e-159
3.67476e-160
4.29036e-171
7.72783e-171
2.91137e-172
5.04663e-159
3.91493e-160
4.19027e-171
7.7703e-171
1.74344e-172
7.38044e-159
4.16152e-160
4.05849e-171
7.73986e-171
1.05023e-172
1.04912e-158
4.41118e-160
3.89843e-171
7.65856e-171
6.35801e-173
1.45724e-158
4.65932e-160
3.71453e-171
7.5409e-171
3.8651e-173
1.98599e-158
4.89981e-160
3.51191e-171
7.39662e-171
2.35769e-173
2.66458e-158
5.12477e-160
3.29601e-171
7.23242e-171
1.44219e-173
3.53002e-158
5.32439e-160
3.07221e-171
7.05306e-171
8.8417e-174
4.63039e-158
5.48666e-160
2.84553e-171
6.86209e-171
5.43041e-174
6.03004e-158
5.59695e-160
2.62041e-171
6.66224e-171
3.33998e-174
7.81763e-158
5.63714e-160
2.40058e-171
6.45571e-171
2.05652e-174
1.0119e-157
5.58333e-160
2.18899e-171
6.24433e-171
1.2673e-174
1.31179e-157
5.40089e-160
1.98783e-171
6.0297e-171
7.81396e-175
1.70892e-157
5.03402e-160
1.79906e-171
5.8132e-171
4.81963e-175
2.24542e-157
4.38482e-160
1.58017e-171
5.59605e-171
2.97306e-175
2.98747e-157
3.27115e-160
5.72486e-171
5.37936e-171
1.83371e-175
4.04156e-157
1.33504e-160
3.05813e-170
5.15855e-171
5.46706e-171
2.52947e-171
8.0243e-171
1.33426e-175
4.29913e-157
3.25678e-157
1.22554e-160
3.53075e-161
1.0954e-169
4.64226e-171
5.12783e-171
1.19206e-171
9.88022e-171
9.70329e-176
4.53548e-157
2.51873e-157
1.11639e-160
9.23506e-162
3.66015e-169
4.17287e-171
4.43671e-171
5.6223e-172
1.11887e-170
7.05146e-176
4.74814e-157
1.88555e-157
1.0096e-160
2.40813e-162
1.20573e-168
3.74719e-171
3.58133e-171
2.65283e-172
1.21448e-170
5.11941e-176
4.93475e-157
1.37751e-157
9.06865e-161
6.2744e-163
3.96512e-168
3.36197e-171
2.77847e-171
1.25205e-172
1.28912e-170
3.712e-176
5.09302e-157
9.88839e-158
8.09533e-161
1.63448e-163
1.30533e-167
3.01404e-171
2.24015e-171
5.91037e-173
1.35246e-170
2.68703e-176
5.2208e-157
7.01174e-158
7.18575e-161
4.25759e-164
4.30354e-167
2.70029e-171
2.29916e-171
2.79039e-173
1.41055e-170
1.94087e-176
5.31605e-157
4.93033e-158
6.34607e-161
1.10903e-164
1.42074e-166
2.41779e-171
3.88328e-171
1.31748e-173
1.46687e-170
1.39796e-176
5.37694e-157
3.44717e-158
5.57924e-161
2.88885e-165
4.69566e-166
2.16373e-171
1.00075e-170
6.22033e-174
1.52318e-170
1.00321e-176
5.40175e-157
2.40106e-158
4.88552e-161
7.52502e-166
1.55339e-165
1.9355e-171
3.05964e-170
2.93642e-174
1.58009e-170
7.16441e-177
5.38902e-157
1.66819e-158
4.26312e-161
1.96015e-166
5.14261e-165
1.73068e-171
9.83103e-170
1.38566e-174
1.63751e-170
5.08366e-177
5.33745e-157
1.15709e-158
3.7087e-161
5.10594e-167
1.70352e-164
1.54702e-171
3.20701e-169
6.5333e-175
1.69489e-170
3.57618e-177
5.24601e-157
8.01692e-159
3.21788e-161
1.33004e-167
5.64576e-164
1.38244e-171
1.0523e-168
3.07524e-175
1.75137e-170
2.48618e-177
5.11389e-157
5.55053e-159
2.78567e-161
3.4647e-168
1.87183e-163
1.23506e-171
3.46272e-168
1.44269e-175
1.80589e-170
1.70007e-177
4.94056e-157
3.84108e-159
2.40681e-161
9.02592e-169
6.2079e-163
1.10316e-171
1.14125e-167
6.7232e-176
1.85726e-170
1.13502e-177
4.72573e-157
2.65728e-159
2.076e-161
2.35192e-169
2.05936e-162
9.85158e-172
3.76483e-167
3.09159e-176
1.90417e-170
7.30633e-178
4.46943e-157
1.83795e-159
1.78811e-161
6.13471e-170
6.83293e-162
8.79651e-172
1.24266e-166
1.38288e-176
1.94529e-170
4.42896e-178
4.17197e-157
1.27116e-159
1.53828e-161
1.60707e-170
2.26752e-161
7.85378e-172
4.10302e-166
5.82002e-177
1.9792e-170
2.3973e-178
3.83396e-157
8.79915e-160
1.32204e-161
4.2871e-171
7.52584e-161
7.01296e-172
1.35501e-165
2.09467e-177
2.00455e-170
9.77684e-179
3.45633e-157
6.17308e-160
1.13694e-161
1.22957e-171
2.49809e-160
6.26802e-172
4.47539e-165
3.88178e-178
2.02002e-170
0
3.04031e-157
5.14227e-160
1.05212e-161
4.46682e-172
1.44782e-160
3.7896e-160
5.86318e-172
7.80317e-165
4.02507e-178
2.25886e-178
2.02178e-170
2.51063e-157
2.15813e-157
3.11339e-172
8.39091e-161
5.60824e-160
5.48434e-172
1.35298e-164
4.17365e-178
1.31446e-178
1.99445e-170
2.04962e-157
1.53103e-157
2.53057e-172
4.86293e-161
8.17074e-160
5.12986e-172
2.33988e-164
4.32773e-178
7.64882e-179
1.93613e-170
1.65745e-157
1.0857e-157
2.32244e-172
2.81827e-161
1.1783e-159
4.79819e-172
4.04176e-164
4.48751e-178
4.45062e-179
1.84676e-170
1.33002e-157
7.69654e-158
2.2992e-172
1.63331e-161
1.68764e-159
4.48789e-172
6.97754e-164
4.65325e-178
2.5895e-179
1.7284e-170
1.06067e-157
5.45473e-158
2.37005e-172
9.46564e-162
2.40601e-159
4.19761e-172
1.20426e-163
4.82528e-178
1.50643e-179
1.58522e-170
8.41719e-158
3.86499e-158
2.49176e-172
5.48569e-162
3.41934e-159
3.9261e-172
2.07818e-163
5.00418e-178
8.76153e-180
1.42316e-170
6.6538e-158
2.73788e-158
2.64395e-172
3.17917e-162
4.84884e-159
3.67224e-172
3.5861e-163
5.19107e-178
5.09375e-180
1.24938e-170
5.24394e-158
1.93888e-158
2.81726e-172
1.84244e-162
6.86559e-159
3.43501e-172
6.18801e-163
5.38877e-178
2.95943e-180
1.07143e-170
4.12308e-158
1.37253e-158
3.00765e-172
1.06776e-162
9.71092e-159
3.21363e-172
5.60455e-178
1.71752e-180
8.96556e-171
3.23589e-158
5.85816e-178
9.94972e-181
7.3103e-171
2.53603e-158
6.20376e-178
5.74665e-181
5.79708e-171
1.98539e-158
6.79075e-178
3.30252e-181
4.45843e-171
1.55301e-158
8.03194e-178
1.882e-181
3.31107e-171
1.21401e-158
1.10689e-177
1.05713e-181
2.35783e-171
9.48552e-159
1.90595e-177
5.78836e-182
1.59044e-171
7.40859e-159
4.07394e-177
3.02177e-182
9.92782e-172
5.78476e-159
1.00276e-176
1.42795e-182
5.4391e-172
4.51612e-159
2.64532e-176
5.15932e-183
2.20716e-172
3.53472e-159
7.18487e-176
0
0
3.10959e-159
7.32651e-176
4.0666e-175
7.47095e-176
6.51232e-175
7.61824e-176
8.18399e-175
7.76843e-176
9.27141e-175
7.92158e-176
9.9606e-175
8.07775e-176
1.0391e-174
8.23699e-176
1.06434e-174
8.39938e-176
1.07476e-174
8.56497e-176
1.06976e-174
8.73383e-176
1.04687e-174
8.90601e-176
1.00321e-174
9.08159e-176
9.36879e-175
9.26063e-176
8.47862e-175
9.4432e-176
7.38583e-175
9.62937e-176
6.1383e-175
9.81922e-176
4.8019e-175
1.00128e-175
3.45144e-175
1.02102e-175
2.16077e-175
1.04115e-175
9.94072e-176
1.06158e-175
0
1.09071e-175
1.12064e-175
1.1514e-175
1.18299e-175
1.21546e-175
1.24881e-175
1.28308e-175
1.31829e-175
1.35447e-175
1.39164e-175
1.42983e-175
1.46907e-175
1.50938e-175
1.5508e-175
1.59337e-175
1.63705e-175
1.68218e-175
1.72743e-175
1.77905e-175
1.80843e-175
END_LIST
