BEGIN_LIST
0.1
0.0999972
0.0999941
0.0999906
0.0999868
0.0999827
0.0999781
0.099973
0.0999674
0.0999613
0.0999546
0.0999471
0.0999388
0.0999294
0.0999185
0.0999051
0.0998865
0.0998565
0.0997997
0.0996775
0.0993935
0.0980649
0.0993935
0.0963623
0.0993935
0.0942126
0.0993935
0.0915439
0.0993935
0.0882948
0.0993936
0.0844244
0.0993936
0.0799236
0.0993936
0.074825
0.0993936
0.0692081
0.0993936
0.0631972
0.0993936
0.0569524
0.0993936
0.0506537
0.0993936
0.044483
0.0993935
0.0386081
0.0993935
0.0331752
0.0993935
0.0283147
0.0993934
0.0241716
0.0993932
0.0209813
0.0993893
0.0192416
0.0992255
0.0201022
0.0921188
0.0179379
0.0206218
0.023759
0.0855427
0.090609
0.015899
0.0214682
0.0275031
0.0790532
0.0887237
0.0140039
0.022533
0.0314663
0.0727141
0.0864053
0.012264
0.023751
0.0356884
0.066582
0.0836035
0.0106845
0.0250822
0.0401585
0.060705
0.0802827
0.00926496
0.0265019
0.0448338
0.0551216
0.0764299
0.00800069
0.027994
0.0496497
0.0498607
0.0720623
0.00688361
0.0295474
0.0545271
0.0449414
0.0672318
0.00590346
0.0311542
0.0593787
0.0403738
0.0620248
0.00504869
0.0328076
0.0641156
0.0361603
0.0565573
0.00430719
0.0345017
0.0686544
0.0322962
0.0509646
0.00366688
0.0362308
0.0729226
0.028771
0.0453872
0.00311613
0.0379893
0.0768632
0.0255693
0.0399556
0.002644
0.0397712
0.0804376
0.0226715
0.0347754
0.00224044
0.0415706
0.0836256
0.0200526
0.0299118
0.00189634
0.0433813
0.0864245
0.0176806
0.0253701
0.00160355
0.0451967
0.0888461
0.0155091
0.021059
0.00135486
0.0470106
0.0909136
0.0134619
0.0167089
0.00114448
0.0488163
0.0926576
0.0113985
0.0116771
0.000902602
0.0506076
0.094113
0.00903563
0.00447093
0.000725962
0.000785387
0.0380129
0.0709901
0.0345755
0.0949437
0.00873779
0.00636512
0.00382143
0.00114113
0.00058348
0.000683212
0.0268552
0.0811466
0.0237279
0.0956722
0.00843909
0.00438705
0.00325739
0.000290977
0.000468695
0.000594189
0.0180489
0.0865268
0.0165226
0.0963087
0.00813916
0.00297677
0.00277007
7.4716e-05
0.000376319
0.000516661
0.01169
0.0896365
0.0118287
0.0968629
0.00783762
0.00199796
0.00235089
1.9838e-05
0.000302039
0.000449169
0.0073806
0.0916209
0.00884611
0.0973442
0.00753405
0.00133105
0.00199168
6.01525e-06
0.000242349
0.000390433
0.00458217
0.0930074
0.00702453
0.0977611
0.00722805
0.000882321
0.00168487
2.64893e-06
0.000194409
0.000339333
0.0028145
0.0940441
0.00599306
0.0981213
0.00691919
0.000582911
0.00142352
1.963e-06
0.000155922
0.000294886
0.00171724
0.094854
0.00550601
0.0984318
0.00660699
0.000384249
0.00120143
1.98417e-06
0.000125036
0.000256235
0.00104345
0.0955025
0.00540308
0.0986991
0.00629098
0.00025292
0.00101307
2.21472e-06
0.000100255
0.00022263
0.000632445
0.0960285
0.00558154
0.0989287
0.00597067
0.000166315
0.000853578
2.53264e-06
8.03777e-05
0.000193417
0.000382743
0.0964577
0.00597713
0.0991256
0.00564552
0.000109296
0.000718732
2.91207e-06
6.44363e-05
0.000168027
0.000231414
0.0968085
0.00655133
0.0992943
0.005315
7.17948e-05
0.000604856
3.35241e-06
5.16531e-05
0.000145961
0.000139839
0.0970955
0.00728274
0.0994386
0.00497852
4.71479e-05
0.000508788
3.86037e-06
4.14031e-05
0.000126787
8.44732e-05
0.09733
0.00816147
0.0995618
0.00463548
3.09565e-05
0.000427811
4.44556e-06
3.31834e-05
0.000110126
5.10178e-05
0.0975216
0.00918532
0.099667
0.00428525
2.03231e-05
0.000359604
5.11951e-06
2.65869e-05
9.56518e-05
3.0809e-05
0.0976778
0.0103572
0.0997566
0.00392716
1.33413e-05
0.000302188
5.89564e-06
2.12747e-05
8.30786e-05
1.86053e-05
0.0978051
0.0116835
0.099833
0.00356052
8.75799e-06
0.00025388
6.78942e-06
1.69336e-05
7.21616e-05
1.12406e-05
0.0979088
0.0131726
0.0998979
0.00318458
5.75416e-06
0.00021326
7.81868e-06
1.3173e-05
6.26995e-05
6.81013e-06
0.0979931
0.0148338
0.0999531
0.00279858
3.83322e-06
0.000179395
9.00394e-06
9.20625e-06
5.4563e-05
4.19336e-06
0.0980616
0.0166769
0.1
0.00240169
3.09999e-06
0.000164081
1.03689e-05
5.20281e-06
9.10984e-06
5.02242e-05
3.30307e-06
0.0980509
0.0981047
0.0198249
0.00188357
0.00161962
1.12819e-05
2.95794e-06
9.25529e-06
4.62301e-05
2.60189e-06
0.0980393
0.0981887
0.0234516
0.00146863
0.00109232
1.22652e-05
1.70396e-06
9.74156e-06
4.25534e-05
2.0497e-06
0.0980267
0.0982933
0.0275644
0.00113982
0.00073695
1.33292e-05
1.0096e-06
1.07167e-05
3.91689e-05
1.61499e-06
0.0980131
0.0984075
0.0321531
0.000881425
0.000497541
1.44833e-05
6.329e-07
1.24017e-05
3.60535e-05
1.27298e-06
0.0979983
0.0985251
0.0371833
0.000679674
0.000336309
1.57362e-05
4.38589e-07
1.51256e-05
3.31856e-05
1.0043e-06
0.0979823
0.098643
0.042592
0.000522949
0.000227765
1.70969e-05
3.51585e-07
1.9378e-05
3.05458e-05
7.93929e-07
0.097965
0.0987593
0.0482871
0.000401677
0.000154729
1.8575e-05
3.30938e-07
2.58862e-05
2.81159e-05
6.30464e-07
0.0979462
0.0988732
0.0541504
0.000308123
0.00010562
2.01808e-05
3.55234e-07
3.57316e-05
2.58792e-05
5.05689e-07
0.0979258
0.0989841
0.0600454
0.000236119
7.26357e-05
2.19252e-05
4.14487e-07
5.05199e-05
2.38203e-05
0.0979037
0.0990918
0.0658283
0.000180801
0.0978796
0.0991963
0.0713613
0.00013836
0.097853
0.0992976
0.076525
0.000105833
0.0978229
0.0993957
0.0812283
8.09245e-05
0.0977864
0.0994908
0.0854129
6.18618e-05
0.0977358
0.0995827
0.0890548
4.72799e-05
0.0976491
0.0996718
0.0921595
3.61295e-05
0.0974634
0.0997579
0.0947567
2.76055e-05
0.0969987
0.0998413
0.096892
2.10919e-05
0.0957387
0.099922
0.0986205
1.61596e-05
0.092202
0.1
0.1
1.40482e-05
0.092202
0.0663277
0.092202
0.0477288
0.0922019
0.0350862
0.0922019
0.0270936
0.0922019
0.0226106
0.0922018
0.0207546
0.0922018
0.0209054
0.0922017
0.0226585
0.0922017
0.0257609
0.0922016
0.03005
0.0922016
0.0354008
0.0922015
0.0416845
0.0922015
0.0487402
0.0922014
0.0563614
0.0922013
0.0642996
0.0922013
0.0722833
0.0922012
0.0800463
0.0922011
0.0873578
0.092201
0.0940443
0.0922008
0.1
0.0922006
0.0922004
0.0922001
0.0921997
0.0921992
0.0921986
0.0921979
0.0921969
0.0921956
0.092194
0.0921919
0.0921891
0.0921856
0.092181
0.092175
0.0921673
0.0921571
0.0921443
0.0921253
0.0921134
END_LIST
