BEGIN_LIST
0.1
0.0994484
0.098849
0.0981987
0.0974944
0.0967329
0.0959111
0.0950258
0.0940742
0.0930534
0.0919607
0.0907935
0.0895495
0.0882263
0.0868206
0.0853266
0.0837317
0.0820057
0.0800749
0.0777588
0.074619
0.0649783
0.0737544
0.0559175
0.0726276
0.0476033
0.0711759
0.040136
0.0693321
0.0335544
0.0670302
0.0278471
0.0642158
0.0229664
0.0608582
0.0188415
0.0569635
0.0153894
0.0525846
0.012524
0.0478239
0.0101614
0.0428252
0.00822422
0.0377568
0.00664304
0.0327891
0.00535729
0.028073
0.00431513
0.0237247
0.00347311
0.0198187
0.00279573
0.0163891
0.00225554
0.0134355
0.00183486
0.0109123
0.00153106
0.00798127
0.00129229
0.00158397
0.00162384
0.00696933
0.00651364
0.00109017
0.00167045
0.00184178
0.00608493
0.00531081
0.000919255
0.00178108
0.0021505
0.00531218
0.0043267
0.000774838
0.00191064
0.00254007
0.00463711
0.0035227
0.0006529
0.00205647
0.00301281
0.0040475
0.00286661
0.000550001
0.00221737
0.00357782
0.0035326
0.00233172
0.000463213
0.00239307
0.00424851
0.003083
0.00189598
0.000390045
0.00258386
0.00504164
0.00269047
0.00154123
0.000328381
0.00279041
0.00597688
0.0023478
0.00125257
0.000276428
0.00301359
0.00707666
0.00204868
0.00101778
0.000232668
0.00325451
0.00836608
0.00178757
0.000826864
0.000195816
0.00351436
0.00987269
0.00155964
0.000671644
0.000164787
0.00379449
0.0116261
0.00136061
0.000545432
0.000138666
0.00409634
0.0136572
0.00118667
0.00044272
0.000116678
0.00442147
0.0159976
0.00103433
0.000358888
9.81725e-05
0.00477152
0.0186773
0.000900166
0.000289861
8.25984e-05
0.00514826
0.0217238
0.000780353
0.000231557
6.94923e-05
0.00555353
0.0251585
0.000669704
0.000178819
5.84943e-05
0.0059893
0.0289949
0.00055958
0.000123022
4.59535e-05
0.00645763
0.0332344
0.000433294
4.64826e-05
3.68333e-05
3.99069e-05
0.00396124
0.0101468
0.00433117
0.0363233
0.000418838
0.000284552
3.90055e-05
1.18429e-05
2.95222e-05
3.46554e-05
0.00241491
0.0127592
0.00296185
0.0395696
0.000404353
0.000186825
3.27307e-05
3.04218e-06
2.36618e-05
3.00948e-05
0.00146662
0.0151212
0.00208997
0.0429641
0.000389819
0.000122643
2.74651e-05
8.10035e-07
1.89643e-05
2.61341e-05
0.000888634
0.0175573
0.00154559
0.0464926
0.000375218
8.05011e-05
2.30464e-05
2.48242e-07
1.51992e-05
2.26945e-05
0.00053767
0.0202004
0.00121804
0.0501365
0.00036053
5.28363e-05
1.93385e-05
1.11867e-07
1.21815e-05
1.97074e-05
0.000325041
0.0231072
0.00103557
0.0538727
0.000345735
3.46771e-05
1.6227e-05
8.45977e-08
9.76278e-06
1.71135e-05
0.000196397
0.0263005
0.000951974
0.0576749
0.00033081
2.27584e-05
1.36161e-05
8.61816e-08
7.82428e-06
1.48608e-05
0.00011863
0.0297845
0.000937794
0.0615136
0.000315733
1.49359e-05
1.14252e-05
9.63906e-08
6.27065e-06
1.29047e-05
7.16427e-05
0.0335496
0.000974573
0.0653577
0.000300481
9.80203e-06
9.58686e-06
1.10279e-07
5.02549e-06
1.1206e-05
4.32614e-05
0.037573
0.00105112
0.0691749
0.000285029
6.43275e-06
8.04426e-06
1.26814e-07
4.02757e-06
9.73084e-06
2.61216e-05
0.0418193
0.0011611
0.072933
0.000269351
4.22158e-06
6.74987e-06
1.45995e-07
3.22779e-06
8.44987e-06
1.57718e-05
0.0462411
0.00130146
0.076601
0.000253421
2.77046e-06
5.66374e-06
1.68118e-07
2.58681e-06
7.33751e-06
9.52248e-06
0.0507798
0.0014714
0.0801498
0.000237209
1.81814e-06
4.75237e-06
1.93604e-07
2.07308e-06
6.37158e-06
5.74929e-06
0.0553686
0.00167181
0.0835537
0.000220687
1.19317e-06
3.98765e-06
2.22957e-07
1.66125e-06
5.53279e-06
3.47117e-06
0.0599357
0.0019048
0.0867903
0.000203823
7.8303e-07
3.34598e-06
2.56761e-07
1.33083e-06
4.80444e-06
2.09576e-06
0.0644084
0.00217352
0.089842
0.000186585
5.13871e-07
2.80756e-06
2.9569e-07
1.06477e-06
4.17204e-06
1.26544e-06
0.0687177
0.00248201
0.0926953
0.000168939
3.37252e-07
2.35578e-06
3.40522e-07
8.47288e-07
3.62315e-06
7.64454e-07
0.0728024
0.00283515
0.0953415
0.000150848
2.21533e-07
1.97675e-06
3.92151e-07
6.58562e-07
3.14758e-06
4.63115e-07
0.0766126
0.00323864
0.0977765
0.000132274
1.47549e-07
1.66133e-06
4.51607e-07
4.58413e-07
2.73875e-06
2.85149e-07
0.0801114
0.00369901
0.1
0.000113178
1.19312e-07
1.51882e-06
5.20078e-07
2.59518e-07
4.52208e-07
2.52079e-06
2.24603e-07
0.079094
0.081184
0.00451761
8.64594e-05
7.6263e-05
5.65884e-07
1.48117e-07
4.57457e-07
2.32017e-06
1.76917e-07
0.0780233
0.0822598
0.00551838
6.60442e-05
5.14057e-05
6.15211e-07
8.60473e-08
4.78802e-07
2.13551e-06
1.39363e-07
0.0768987
0.0833316
0.00673588
5.04472e-05
3.4669e-05
6.68596e-07
5.18791e-08
5.2319e-07
1.96555e-06
1.09795e-07
0.0757201
0.0843963
0.00821121
3.85322e-05
2.34013e-05
7.26498e-07
3.36025e-08
6.0099e-07
1.80912e-06
8.65255e-08
0.0744876
0.0854525
0.00999208
2.94306e-05
1.5817e-05
7.8936e-07
2.45166e-08
7.27654e-07
1.66514e-06
6.82324e-08
0.0732016
0.0864997
0.0121325
2.24784e-05
1.07133e-05
8.57636e-07
2.09214e-08
9.26173e-07
1.53262e-06
5.38864e-08
0.0718629
0.0875372
0.014692
1.71682e-05
7.28043e-06
9.31804e-07
2.08225e-08
1.23073e-06
1.41064e-06
4.26981e-08
0.0704726
0.0885649
0.0177344
1.31123e-05
4.97308e-06
1.01238e-06
2.32085e-08
1.69213e-06
1.29837e-06
3.40835e-08
0.0690325
0.0895824
0.0213249
1.00145e-05
3.42398e-06
1.09992e-06
2.76501e-08
2.38584e-06
1.19504e-06
0.0675444
0.0905892
0.0255267
7.64849e-06
0.0660106
0.0915851
0.0303948
5.84145e-06
0.0644338
0.0925698
0.0359693
4.46132e-06
0.0628167
0.0935427
0.0422669
3.40726e-06
0.0611616
0.0945037
0.0492721
2.60223e-06
0.0594689
0.0954523
0.0569286
1.9874e-06
0.0577331
0.0963883
0.0651351
1.51783e-06
0.0559305
0.0973113
0.0737443
1.15921e-06
0.0539856
0.0982211
0.082569
8.85375e-07
0.0516735
0.0991174
0.0913952
6.78132e-07
0.0483419
0.1
0.1
5.89438e-07
0.0474076
0.0312967
0.0463427
0.020578
0.0451387
0.0140499
0.0437893
0.0102774
0.0422917
0.00833895
0.0406472
0.00766801
0.0388618
0.00793668
0.0369471
0.00897671
0.0349197
0.0107284
0.0328015
0.0132078
0.0306183
0.0164859
0.028399
0.0206737
0.0261738
0.0259085
0.0239725
0.0323393
0.0218236
0.0401071
0.0197518
0.0493205
0.0177782
0.0600253
0.0159191
0.0721729
0.0141875
0.0855964
0.0125449
0.1
0.0105568
0.00882483
0.00733502
0.00606723
0.00499811
0.00410337
0.00335927
0.00274367
0.00223656
0.00182031
0.00147961
0.00120141
0.000974674
0.00079018
0.000640241
0.000518532
0.000419696
0.000340222
0.000272055
0.000239035
END_LIST
