BEGIN_LIST
0.1
0.099984
0.0999663
0.0999469
0.0999255
0.099902
0.0998761
0.0998477
0.0998164
0.0997821
0.0997443
0.0997027
0.0996568
0.0996058
0.0995484
0.0994819
0.0993999
0.0992876
0.0991085
0.0987726
0.0980576
0.0948939
0.0980575
0.0910847
0.0980573
0.0866046
0.098057
0.0814685
0.0980567
0.0757399
0.0980562
0.0695315
0.0980557
0.0629988
0.0980549
0.0563254
0.0980538
0.0497029
0.0980524
0.0433108
0.0980506
0.037299
0.098048
0.0317782
0.0980446
0.026817
0.09804
0.0224456
0.0980337
0.0186655
0.0980252
0.0154638
0.0980137
0.0128359
0.0979979
0.0108254
0.0979706
0.0096088
0.0976873
0.00968774
0.0870614
0.00837499
0.0103428
0.0107802
0.0789897
0.0822719
0.00721264
0.0110666
0.0123537
0.0713954
0.0769366
0.00619089
0.0118527
0.0143121
0.0643043
0.0711466
0.0052984
0.0126981
0.0166218
0.0577294
0.065029
0.00452311
0.0136017
0.0192765
0.051672
0.0587367
0.00385282
0.0145638
0.0222796
0.0461243
0.0524329
0.00327568
0.0155852
0.0256333
0.0410702
0.0462758
0.00278051
0.0166668
0.029333
0.036488
0.0404038
0.00235693
0.01781
0.0333628
0.0323515
0.0349262
0.00199553
0.0190158
0.0376922
0.0286319
0.0299179
0.00168785
0.0202852
0.042275
0.0252984
0.0254198
0.00142639
0.0216188
0.0470494
0.0223199
0.0214424
0.00120456
0.0230171
0.0519398
0.0196648
0.0179718
0.00101661
0.02448
0.0568605
0.0173017
0.0149747
0.00085754
0.026007
0.0617212
0.0151979
0.0124028
0.000723044
0.0275974
0.0664333
0.0133181
0.0101912
0.000609416
0.0292495
0.0709158
0.0116175
0.00824922
0.000513483
0.0309615
0.075101
0.0100301
0.0064287
0.000432754
0.0327307
0.078938
0.00843951
0.0044456
0.000340434
0.0345541
0.082395
0.0066163
0.00168657
0.000273197
0.000295843
0.0234888
0.051172
0.0232061
0.0844937
0.00639744
0.00450102
0.00142366
0.000429414
0.000219181
0.000257066
0.0153375
0.0606669
0.0156886
0.0864137
0.00617798
0.00302638
0.00120061
0.000109424
0.000175807
0.000223353
0.00973656
0.0669113
0.0107713
0.0881588
0.00595765
0.00201862
0.00101171
2.8091e-05
0.000140992
0.000194045
0.00606623
0.0715682
0.00760049
0.0897351
0.00573616
0.00133917
0.000851961
7.45606e-06
0.000113056
0.000168573
0.00373435
0.0753529
0.00559669
0.0911508
0.00551321
0.000885203
0.000717033
2.2585e-06
9.06456e-05
0.000146435
0.00228161
0.0785733
0.00437286
0.0924156
0.00528849
0.000583722
0.000603188
9.92361e-07
7.26708e-05
0.000127199
0.00138754
0.0813657
0.00367356
0.0935397
0.00506168
0.000384307
0.000507215
7.3393e-07
5.82562e-05
0.000110484
0.000841425
0.0837963
0.00333203
0.0945342
0.00483244
0.000252752
0.000426368
7.41267e-07
4.66982e-05
9.59625e-05
0.000509368
0.085905
0.00324061
0.0954103
0.00460042
0.000166115
0.000358306
8.27234e-07
3.74315e-05
8.33466e-05
0.000308029
0.0877227
0.00333092
0.0961789
0.00436524
0.000109126
0.000301038
9.45939e-07
3.00026e-05
7.23873e-05
0.000186155
0.0892783
0.00356061
0.0968508
0.00412653
7.16664e-05
0.000252871
1.08765e-06
2.40474e-05
6.28675e-05
0.000112458
0.0906
0.00390463
0.0974361
0.00388387
4.70563e-05
0.000212376
1.25212e-06
1.92737e-05
5.45985e-05
6.79211e-05
0.0917153
0.00434953
0.0979445
0.00363683
3.08933e-05
0.00017834
1.44184e-06
1.54472e-05
4.74162e-05
4.10165e-05
0.0926508
0.00488975
0.0983848
0.00338499
2.02803e-05
0.000149741
1.66042e-06
1.23798e-05
4.11781e-05
2.47672e-05
0.0934312
0.0055251
0.0987651
0.00312785
1.33125e-05
0.000125716
1.91215e-06
9.91963e-06
3.57603e-05
1.49548e-05
0.0940792
0.00625928
0.0990928
0.00286494
8.73838e-06
0.000105536
2.20205e-06
7.94267e-06
3.10555e-05
9.03037e-06
0.0946151
0.00709872
0.0993745
0.00259574
5.73609e-06
8.85897e-05
2.5359e-06
6.34056e-06
2.69714e-05
5.45549e-06
0.0950566
0.00805197
0.0996162
0.00231971
3.76858e-06
7.43621e-05
2.92036e-06
4.99675e-06
2.34325e-05
3.30511e-06
0.0954193
0.00912907
0.0998231
0.00203627
2.51044e-06
6.25154e-05
3.36311e-06
3.71716e-06
2.03899e-05
2.03508e-06
0.0957164
0.0103412
0.1
0.00174482
2.03021e-06
5.71613e-05
3.87298e-06
2.10275e-06
3.83496e-06
1.87676e-05
1.60298e-06
0.0956616
0.0958388
0.0124532
0.00135041
0.00117591
4.21407e-06
1.19805e-06
4.11646e-06
1.72744e-05
1.26267e-06
0.0956023
0.0960348
0.0149572
0.001042
0.000792543
4.58138e-06
6.93393e-07
4.63425e-06
1.58999e-05
9.94672e-07
0.095538
0.0962676
0.017893
0.000802132
0.000534255
4.97889e-06
4.14851e-07
5.49656e-06
1.46348e-05
7.83669e-07
0.0954685
0.096517
0.0212969
0.00061636
0.000360271
5.41004e-06
2.64904e-07
6.86446e-06
1.34703e-05
6.17631e-07
0.0953932
0.0967722
0.0251955
0.000472947
0.000243095
5.87811e-06
1.89088e-07
8.97748e-06
1.23985e-05
4.87135e-07
0.0953118
0.0970271
0.0296
0.00036251
0.000164193
6.38648e-06
1.57258e-07
1.21916e-05
1.14119e-05
3.84857e-07
0.0952238
0.0972787
0.0344994
0.00027763
0.000111077
6.93873e-06
1.53083e-07
1.70356e-05
1.05038e-05
3.052e-07
0.0951286
0.0975252
0.0398552
0.000212488
7.53322e-05
7.53868e-06
1.6816e-07
2.4295e-05
9.66795e-06
2.44063e-07
0.0950256
0.0977657
0.0455979
0.000162552
5.12914e-05
8.19048e-06
1.98764e-07
3.51363e-05
8.89861e-06
0.0949143
0.098
0.0516269
0.000124304
0.0947939
0.0982278
0.0578145
9.50286e-05
0.0946633
0.0984491
0.0640149
7.2632e-05
0.0945208
0.0986641
0.0700763
5.55046e-05
0.0943629
0.0988727
0.0758549
4.24105e-05
0.0941809
0.0990752
0.0812278
3.24023e-05
0.093951
0.0992717
0.0861029
2.4754e-05
0.0936073
0.0994622
0.0904239
1.891e-05
0.0929628
0.099647
0.0941697
1.44459e-05
0.0914855
0.0998263
0.0973503
1.10664e-05
0.087659
0.1
0.1
9.61985e-06
0.0876585
0.0606499
0.0876578
0.0419455
0.087657
0.0296326
0.0876561
0.0220134
0.0876551
0.0177548
0.0876538
0.0159081
0.0876523
0.0158515
0.0876506
0.0172079
0.0876485
0.0197694
0.0876461
0.0234341
0.0876432
0.0281565
0.0876397
0.0339058
0.0876355
0.0406315
0.0876305
0.0482369
0.0876246
0.0565623
0.0876174
0.0653828
0.0876089
0.0744235
0.0875986
0.0833873
0.0875862
0.0919914
0.0875714
0.1
0.0875457
0.0875124
0.0874695
0.0874139
0.0873421
0.087249
0.0871287
0.086973
0.0867717
0.0865118
0.0861767
0.0857456
0.0851925
0.0844857
0.0835867
0.0824525
0.0810229
0.0792937
0.0769295
0.0754998
END_LIST
