BEGIN_LIST
0
1.87428e-133
6.49176e-133
1.77617e-132
4.5161e-132
1.11664e-131
2.72956e-131
6.64034e-131
1.61215e-130
3.91054e-130
9.48216e-130
2.29886e-129
5.57294e-129
1.35097e-128
3.27493e-128
7.93888e-128
1.92448e-127
4.66518e-127
1.13091e-126
2.74148e-126
6.64404e-126
2.94383e-125
6.84066e-126
6.96029e-125
7.04309e-126
1.37722e-124
7.25152e-126
2.50391e-124
7.46613e-126
4.33642e-124
7.68708e-126
7.28435e-124
7.91459e-126
1.19966e-123
8.14882e-126
1.95115e-123
8.39e-126
3.15133e-123
8.63834e-126
5.07816e-123
8.89516e-126
8.19984e-123
9.20744e-126
1.33229e-122
1.15658e-125
2.18702e-122
1.0067e-124
3.64128e-122
3.88042e-123
6.17043e-122
1.64713e-121
1.06721e-121
7.00852e-120
1.88724e-121
2.98238e-118
3.41335e-121
1.269e-116
6.30364e-121
5.3998e-115
1.18308e-120
2.29777e-113
1.20042e-120
1.5976e-120
6.76503e-121
5.34241e-113
2.46018e-113
1.20979e-120
1.85271e-120
3.91438e-121
1.00804e-112
2.63193e-113
1.21036e-120
2.00494e-120
2.2885e-121
1.71164e-112
2.81271e-113
1.20161e-120
2.09022e-120
1.3502e-121
2.71948e-112
3.0018e-113
1.18333e-120
2.13141e-120
8.02991e-122
4.12192e-112
3.19801e-113
1.15573e-120
2.14313e-120
4.80865e-122
6.02785e-112
3.39946e-113
1.11938e-120
2.13473e-120
2.89667e-122
8.56809e-112
3.60343e-113
1.07523e-120
2.1123e-120
1.75363e-122
1.19005e-111
3.80615e-113
1.02451e-120
2.07985e-120
1.06605e-122
1.62174e-111
4.00263e-113
9.68628e-121
2.04006e-120
6.50284e-123
2.17569e-111
4.18643e-113
9.09082e-121
1.99477e-120
3.97777e-123
2.88206e-111
4.34952e-113
8.47356e-121
1.9453e-120
2.43868e-123
3.78004e-111
4.4821e-113
7.84835e-121
1.89262e-120
1.49779e-123
4.92202e-111
4.57223e-113
7.22744e-121
1.8375e-120
9.21221e-124
6.38023e-111
4.60508e-113
6.62111e-121
1.78054e-120
5.67223e-124
8.25716e-111
4.56115e-113
6.03752e-121
1.72224e-120
3.49541e-124
1.07024e-110
4.41213e-113
5.48273e-121
1.66304e-120
2.15522e-124
1.39397e-110
4.11244e-113
4.96091e-121
1.60332e-120
1.32934e-124
1.83124e-110
3.5821e-113
4.47592e-121
1.54343e-120
8.20023e-125
2.43592e-110
2.67232e-113
3.781e-121
1.48366e-120
5.05771e-125
3.29479e-110
1.09064e-113
3.19375e-121
3.42968e-121
1.5072e-120
6.97646e-121
2.21324e-120
3.68014e-125
3.50467e-110
2.65499e-110
1.00119e-113
2.88441e-114
2.73918e-121
3.1069e-121
1.41227e-120
3.2878e-121
2.72517e-120
2.67635e-125
3.69725e-110
2.0533e-110
9.12026e-114
7.54449e-115
2.50797e-121
2.81122e-121
1.21861e-120
1.55068e-121
3.08611e-120
1.94493e-125
3.87053e-110
1.53711e-110
8.24784e-114
1.9673e-115
2.82084e-121
2.54107e-121
9.75232e-121
7.31675e-122
3.34982e-120
1.41203e-125
4.02256e-110
1.12294e-110
7.40856e-114
5.12583e-116
4.75741e-121
2.29481e-121
7.33704e-121
3.45328e-122
3.55571e-120
1.02384e-125
4.1515e-110
8.0609e-111
6.61342e-114
1.33528e-116
1.19017e-120
2.07077e-121
5.27065e-121
1.63014e-122
3.73042e-120
7.41133e-126
4.25559e-110
5.71584e-111
5.87036e-114
3.47823e-117
3.61141e-120
1.86731e-121
3.6666e-121
7.69616e-123
3.89065e-120
5.35329e-126
4.33318e-110
4.01908e-111
5.1844e-114
9.06027e-118
1.16632e-119
1.68282e-121
2.4983e-121
3.63373e-123
4.04601e-120
3.85585e-126
4.38274e-110
2.81002e-111
4.55794e-114
2.36009e-118
3.8333e-119
1.51575e-121
1.68391e-121
1.71563e-123
4.20132e-120
2.76705e-126
4.40292e-110
1.95724e-111
3.99122e-114
6.14799e-119
1.26633e-118
1.36464e-121
1.14079e-121
8.09897e-124
4.3583e-120
1.97608e-126
4.39249e-110
1.35983e-111
3.48276e-114
1.6018e-119
4.19085e-118
1.22809e-121
8.19208e-122
3.8218e-124
4.51668e-120
1.40217e-126
4.35042e-110
9.43193e-112
3.02983e-114
4.17634e-120
1.38813e-117
1.10482e-121
7.49254e-122
1.80196e-124
4.67495e-120
9.86381e-127
4.27585e-110
6.53489e-112
2.62886e-114
1.09217e-120
4.60042e-117
9.93609e-122
1.17883e-121
8.48189e-125
4.83072e-120
6.85737e-127
4.16813e-110
4.5244e-112
2.27576e-114
2.89269e-121
1.52525e-116
8.93357e-122
3.03263e-121
3.97911e-125
4.98111e-120
4.68914e-127
4.02682e-110
3.13095e-112
1.96626e-114
8.06643e-122
5.05848e-116
8.03033e-122
9.4368e-121
1.85434e-125
5.12279e-120
3.13062e-127
3.8517e-110
2.16599e-112
1.696e-114
2.69308e-122
1.67807e-115
7.21696e-122
3.07636e-120
8.52699e-126
5.2522e-120
2.01523e-127
3.64278e-110
1.49812e-112
1.46081e-114
1.36089e-122
5.56783e-115
6.48491e-122
1.01301e-119
3.81417e-126
5.3656e-120
1.2216e-127
3.40031e-110
1.03612e-112
1.25671e-114
1.08911e-122
1.8477e-114
5.82651e-122
3.34324e-119
1.60524e-126
5.45915e-120
6.61224e-128
3.12481e-110
7.17211e-113
1.08005e-114
1.10213e-122
6.1325e-114
5.23541e-122
1.104e-118
5.77739e-127
5.52908e-120
2.69665e-128
2.81701e-110
5.03157e-113
9.28842e-115
1.19889e-122
2.0356e-113
4.70808e-122
3.64634e-118
1.07065e-127
5.57175e-120
0
2.47794e-110
4.19136e-113
8.59543e-115
1.32809e-122
1.17977e-113
3.08802e-113
4.42025e-122
6.3577e-118
1.11018e-127
6.23028e-128
5.5766e-120
2.04622e-110
1.75891e-110
1.41492e-122
6.83736e-114
4.56999e-113
4.14989e-122
1.10236e-117
1.15118e-127
3.62547e-128
5.50122e-120
1.67048e-110
1.2478e-110
1.50748e-122
3.96254e-114
6.65815e-113
3.89594e-122
1.90647e-117
1.19372e-127
2.10966e-128
5.34035e-120
1.35085e-110
8.84841e-111
1.60611e-122
2.29645e-114
9.60174e-113
3.65744e-122
3.29312e-117
1.23791e-127
1.22755e-128
5.09384e-120
1.08398e-110
6.27261e-111
1.7112e-122
1.33088e-114
1.37525e-112
3.43345e-122
5.68517e-117
1.28397e-127
7.14223e-129
4.76737e-120
8.64458e-111
4.4455e-111
1.82315e-122
7.7129e-115
1.96066e-112
3.2231e-122
9.81214e-117
1.33237e-127
4.15497e-129
4.37244e-120
6.86006e-111
3.14986e-111
1.9424e-122
4.46988e-115
2.78645e-112
3.02557e-122
1.69328e-116
1.38435e-127
2.41657e-129
3.92546e-120
5.42287e-111
2.23127e-111
2.06944e-122
2.59045e-115
3.9514e-112
2.84009e-122
2.92195e-116
1.44318e-127
1.40494e-129
3.44611e-120
4.27381e-111
1.5801e-111
2.20476e-122
1.50125e-115
5.59495e-112
2.66594e-122
5.04201e-116
1.51785e-127
8.16258e-130
2.95527e-120
3.3603e-111
1.11853e-111
2.3489e-122
8.70019e-116
7.91377e-112
2.50242e-122
1.6331e-127
4.7372e-130
2.47293e-120
2.63723e-111
1.85725e-127
2.74429e-130
2.01637e-120
2.06684e-111
2.37918e-127
1.58502e-130
1.59898e-120
1.61806e-111
3.72129e-127
9.10889e-131
1.22975e-120
1.26567e-111
7.32879e-127
5.19086e-131
9.13279e-121
9.89396e-112
1.71997e-126
2.91573e-131
6.50349e-121
7.73047e-112
4.43948e-126
1.59653e-131
4.38685e-121
6.0378e-112
1.19515e-125
8.33454e-132
2.73835e-121
4.7144e-112
3.27217e-125
3.93853e-132
1.50024e-121
3.68049e-112
9.01722e-125
1.42303e-132
6.08792e-122
2.88067e-112
2.49102e-124
0
0
2.5342e-112
2.54017e-124
1.42165e-123
2.59029e-124
2.2783e-123
2.6414e-124
2.86392e-123
2.69352e-124
3.24495e-123
2.74667e-124
3.48649e-123
2.80087e-124
3.63738e-123
2.85614e-124
3.7259e-123
2.91249e-124
3.7625e-123
2.96996e-124
3.74511e-123
3.02857e-124
3.66503e-123
3.08833e-124
3.51224e-123
3.14926e-124
3.28003e-123
3.21141e-124
2.9684e-123
3.27477e-124
2.58583e-123
3.33939e-124
2.14907e-123
3.40528e-124
1.68119e-123
3.47248e-124
1.20838e-123
3.541e-124
7.56509e-124
3.61088e-124
3.48035e-124
3.68178e-124
0
3.7829e-124
3.88681e-124
3.99356e-124
4.10325e-124
4.21594e-124
4.33174e-124
4.45071e-124
4.57296e-124
4.69855e-124
4.8276e-124
4.9602e-124
5.09643e-124
5.23641e-124
5.38023e-124
5.52803e-124
5.67972e-124
5.8364e-124
5.99354e-124
6.17278e-124
6.27481e-124
END_LIST
