BEGIN_LIST
0
2.94284e-153
1.01911e-152
2.78758e-152
7.08518e-152
1.7511e-151
4.27834e-151
1.04023e-150
2.52389e-150
6.11793e-150
1.48234e-149
3.59088e-149
8.69743e-149
2.1064e-148
5.10097e-148
1.2352e-147
2.99077e-147
7.24096e-147
1.75299e-146
4.24351e-146
1.02192e-145
4.50842e-145
1.05262e-145
1.06488e-144
1.08422e-145
2.106e-144
1.11675e-145
3.82773e-144
1.15023e-145
6.62773e-144
1.1847e-145
1.11318e-143
1.22018e-145
1.83312e-143
1.2567e-145
2.98121e-143
1.29429e-145
4.81475e-143
1.33309e-145
7.7584e-143
1.3772e-145
1.25274e-142
1.60049e-145
2.03538e-142
9.40004e-145
3.34115e-142
3.39557e-143
5.56281e-142
1.43858e-141
9.42658e-142
6.12113e-140
1.63038e-141
2.60469e-138
2.88312e-141
1.10839e-136
5.21455e-141
4.71622e-135
9.63003e-141
2.00683e-133
1.80738e-140
8.53962e-132
1.83387e-140
2.44065e-140
1.03349e-140
1.98551e-131
9.14318e-132
1.84818e-140
2.83038e-140
5.97997e-141
3.74641e-131
9.78145e-132
1.84906e-140
3.06293e-140
3.49613e-141
6.36148e-131
1.04532e-131
1.83569e-140
3.19321e-140
2.06269e-141
1.01074e-130
1.11559e-131
1.80777e-140
3.25615e-140
1.22672e-141
1.53202e-130
1.18851e-131
1.7656e-140
3.27404e-140
7.34614e-142
2.24047e-130
1.26337e-131
1.71007e-140
3.26121e-140
4.42522e-142
3.18477e-130
1.33916e-131
1.64263e-140
3.22696e-140
2.679e-142
4.42361e-130
1.4145e-131
1.56514e-140
3.17738e-140
1.6286e-142
6.02857e-130
1.48751e-131
1.47977e-140
3.11658e-140
9.93435e-143
8.08829e-130
1.55581e-131
1.3888e-140
3.04739e-140
6.07682e-143
1.0715e-129
1.61641e-131
1.2945e-140
2.97182e-140
3.72555e-143
1.40547e-129
1.66567e-131
1.19899e-140
2.89135e-140
2.28817e-143
1.83025e-129
1.69916e-131
1.10413e-140
2.80714e-140
1.40734e-143
2.37273e-129
1.71136e-131
1.0115e-140
2.72012e-140
8.66543e-144
3.0711e-129
1.69503e-131
9.22348e-141
2.63105e-140
5.33992e-144
3.98106e-129
1.63965e-131
8.37593e-141
2.54061e-140
3.29252e-144
5.186e-129
1.52827e-131
7.57877e-141
2.44939e-140
2.03082e-144
6.81377e-129
1.33118e-131
6.8366e-141
2.35789e-140
1.25274e-144
9.06504e-129
9.93086e-132
5.90292e-141
2.26658e-140
7.72664e-145
1.22629e-128
4.05304e-132
5.73535e-141
5.35344e-141
2.30255e-140
1.06579e-140
3.38115e-140
5.62213e-145
1.30444e-128
9.88172e-129
3.72061e-132
1.0719e-132
7.34352e-141
4.84871e-141
2.15753e-140
5.02276e-141
4.16322e-140
4.08864e-145
1.37614e-128
7.64231e-129
3.38926e-132
2.80367e-133
1.44566e-140
4.38646e-141
1.86171e-140
2.36896e-141
4.71463e-140
2.97125e-145
1.44066e-128
5.7211e-129
3.06505e-132
7.31084e-134
3.93683e-140
3.96421e-141
1.48999e-140
1.11777e-141
5.11749e-140
2.15715e-145
1.49727e-128
4.17961e-129
2.75315e-132
1.90484e-134
1.22609e-139
3.57939e-141
1.12122e-140
5.27555e-142
5.43203e-140
1.56411e-145
1.54528e-128
3.0003e-129
2.45766e-132
4.96211e-135
3.97931e-139
3.22937e-141
8.06151e-141
2.49035e-142
5.69894e-140
1.13222e-145
1.58404e-128
2.12747e-129
2.18152e-132
1.29256e-135
1.3072e-138
2.91156e-141
5.62966e-141
1.17574e-142
5.94373e-140
8.1782e-146
1.61294e-128
1.49594e-129
1.92661e-132
3.36692e-136
4.31157e-138
2.62344e-141
3.90329e-141
5.55123e-143
6.18106e-140
5.89055e-146
1.6314e-128
1.04592e-129
1.6938e-132
8.77029e-137
1.42468e-137
2.36258e-141
2.84595e-141
2.62096e-143
6.41832e-140
4.2272e-146
1.63893e-128
7.28513e-130
1.4832e-132
2.28453e-137
4.71277e-137
2.12667e-141
2.6211e-141
1.23728e-143
6.65814e-140
3.01885e-146
1.63506e-128
5.06152e-130
1.29424e-132
5.95091e-138
1.56018e-136
1.91355e-141
4.10372e-141
5.83854e-144
6.90011e-140
2.14209e-146
1.61941e-128
3.51075e-130
1.12593e-132
1.55019e-138
5.16819e-136
1.72118e-141
1.04693e-140
2.75285e-144
7.14188e-140
1.50689e-146
1.59166e-128
2.43243e-130
9.76918e-133
4.03875e-139
1.71282e-135
1.54768e-141
3.2411e-140
1.29577e-144
7.37987e-140
1.0476e-146
1.55158e-128
1.68409e-130
8.45704e-133
1.0528e-139
5.67881e-135
1.39129e-141
1.05368e-139
6.07887e-145
7.6096e-140
7.16357e-147
1.49898e-128
1.16542e-130
7.30685e-133
2.7507e-140
1.88337e-134
1.25042e-141
3.46428e-139
2.83287e-145
7.82605e-140
4.78263e-147
1.4338e-128
8.06243e-131
6.30256e-133
7.25732e-141
6.24776e-134
1.12358e-141
1.14227e-138
1.30266e-145
8.02376e-140
3.07866e-147
1.35603e-128
5.57649e-131
5.42855e-133
1.99288e-141
2.073e-133
1.00945e-141
3.76995e-138
5.82689e-146
8.19699e-140
1.86623e-147
1.26578e-128
3.85679e-131
4.67009e-133
6.33207e-142
6.87929e-133
9.06821e-142
1.24474e-137
2.45231e-146
8.33991e-140
1.01015e-147
1.16323e-128
2.66972e-131
4.01359e-133
2.92045e-142
2.28322e-132
8.14695e-142
4.11072e-137
8.82609e-147
8.44674e-140
4.11965e-148
1.04865e-128
1.87295e-131
3.45167e-133
2.1769e-142
7.57881e-132
7.32523e-142
1.35771e-136
1.63562e-147
8.51193e-140
0
9.22434e-129
1.56019e-131
3.19415e-133
2.14495e-142
4.39245e-132
1.14971e-131
6.87678e-142
2.36728e-136
1.69601e-147
9.51794e-148
8.51934e-140
7.61726e-129
6.54776e-129
2.23726e-142
2.54566e-132
1.70146e-131
6.45557e-142
4.10461e-136
1.75862e-147
5.5386e-148
8.40417e-140
6.21853e-129
4.64513e-129
2.36071e-142
1.47533e-132
2.47889e-131
6.05999e-142
7.09863e-136
1.82356e-147
3.22291e-148
8.15842e-140
5.02871e-129
3.29398e-129
2.50429e-142
8.55015e-133
3.57479e-131
5.68849e-142
1.22617e-135
1.89095e-147
1.87532e-148
7.78183e-140
4.03527e-129
2.33511e-129
2.66304e-142
4.95516e-133
5.12009e-131
5.33963e-142
2.11682e-135
1.96095e-147
1.09111e-148
7.28308e-140
3.21807e-129
1.65494e-129
2.83494e-142
2.8717e-133
7.29956e-131
5.01205e-142
3.65345e-135
2.0339e-147
6.34751e-149
6.67975e-140
2.55376e-129
1.17262e-129
3.01942e-142
1.66425e-133
1.03739e-130
4.70448e-142
6.30473e-135
2.11054e-147
3.69177e-149
5.99689e-140
2.01875e-129
8.30658e-130
3.21658e-142
9.64497e-134
1.47109e-130
4.41569e-142
1.08795e-134
2.19279e-147
2.14631e-149
5.2646e-140
1.591e-129
5.88245e-130
3.42692e-142
5.5896e-134
2.08296e-130
4.14457e-142
1.87731e-134
2.28577e-147
1.24699e-149
4.51475e-140
1.25093e-129
4.16414e-130
3.65114e-142
3.23936e-134
2.94621e-130
3.89005e-142
2.40347e-147
7.23699e-150
3.77788e-140
9.81762e-130
2.58442e-147
4.19243e-150
3.0804e-140
7.69425e-130
2.935e-147
2.42142e-150
2.44276e-140
6.0236e-130
3.74935e-147
1.39156e-150
1.87868e-140
4.71176e-130
5.84106e-147
7.93004e-151
1.39521e-140
3.68327e-130
1.14607e-146
4.45433e-151
9.93534e-141
2.87786e-130
2.68343e-146
2.439e-151
6.70177e-141
2.24773e-130
6.91871e-146
1.27326e-151
4.18336e-141
1.75507e-130
1.86173e-145
6.01686e-152
2.29191e-141
1.37017e-130
5.09632e-145
2.17394e-152
9.30048e-142
1.07242e-130
1.40432e-144
0
0
9.43432e-131
1.43202e-144
8.00481e-144
1.46028e-144
1.28269e-143
1.48909e-144
1.61233e-143
1.51847e-144
1.8268e-143
1.54842e-144
1.96276e-143
1.57897e-144
2.04768e-143
1.61013e-144
2.0975e-143
1.64189e-144
2.11809e-143
1.67429e-144
2.1083e-143
1.70732e-144
2.06321e-143
1.741e-144
1.9772e-143
1.77535e-144
1.84647e-143
1.81038e-144
1.67104e-143
1.8461e-144
1.45567e-143
1.88252e-144
1.2098e-143
1.91966e-144
9.46411e-144
1.95753e-144
6.8025e-144
1.99615e-144
4.25871e-144
2.03555e-144
1.95924e-144
2.07551e-144
0
2.13251e-144
2.19107e-144
2.25124e-144
2.31307e-144
2.37659e-144
2.44186e-144
2.50891e-144
2.57782e-144
2.64861e-144
2.72135e-144
2.79608e-144
2.87287e-144
2.95176e-144
3.03282e-144
3.11613e-144
3.20162e-144
3.28993e-144
3.3785e-144
3.47952e-144
3.53703e-144
END_LIST
