BEGIN_LIST
0.00132997
0.00132997
0.00132997
0.00132997
0.00132996
0.00132996
0.00132995
0.00132995
0.00132994
0.00132994
0.00132993
0.00132993
0.00132992
0.00132991
0.0013299
0.00132989
0.00132988
0.00132987
0.00132985
0.00132983
0.0013229
0.00133
0.00132031
0.00133
0.00131682
0.00133
0.00131211
0.00133
0.00130578
0.00133
0.00129731
0.00133
0.00128608
0.00133
0.0012713
0.00133
0.00125206
0.00133
0.00122733
0.00133
0.00119606
0.00133
0.00115728
0.00133
0.00111026
0.00133
0.00105477
0.00133
0.000991295
0.00133
0.000921443
0.00133
0.000848516
0.00133
0.000778768
0.00133
0.000724156
0.00133
0.000707442
0.00133
0.0010388
0.000781376
0.00087575
0.000991429
0.0013255
0.000993542
0.000789235
0.000949573
0.000950514
0.00132396
0.0009441
0.000805002
0.00101044
0.000907139
0.00132191
0.000890883
0.0008254
0.00106248
0.000861645
0.00131919
0.000834487
0.000848346
0.00110743
0.000814445
0.00131557
0.000775686
0.000872539
0.00114616
0.000766012
0.00131079
0.000715389
0.000897173
0.00117925
0.00071686
0.00130448
0.000654588
0.000921738
0.00120722
0.000667524
0.00129621
0.000594291
0.000945911
0.00123062
0.000618532
0.00128542
0.000535455
0.000969484
0.00124999
0.000570388
0.00127145
0.000478936
0.000992316
0.00126588
0.000523551
0.00125352
0.000425439
0.00101431
0.00127882
0.000478416
0.00123074
0.000375496
0.00103542
0.00128928
0.000435306
0.00120215
0.000329461
0.00105558
0.00129769
0.00039445
0.00116668
0.000287517
0.00107478
0.00130442
0.000355974
0.00112309
0.0002497
0.00109301
0.00130979
0.000319855
0.00106962
0.000215921
0.00111026
0.00131405
0.000285841
0.00100289
0.000185997
0.00112655
0.00131743
0.00025325
0.000914668
0.00015971
0.00114187
0.00132011
0.000220524
0.00078185
0.000132914
0.00115627
0.00132222
0.000184173
0.000529309
0.00014693
0.000116864
0.00120525
0.00127649
0.000934253
0.00132364
4.34414e-05
0.000616814
0.000592052
0.000291892
0.000119965
0.000102527
0.00109408
0.0013077
0.000750602
0.00132459
4.20076e-05
0.000470238
0.000532325
8.15626e-05
9.7608e-05
8.98345e-05
0.000933868
0.0013165
0.000583087
0.0013254
4.05672e-05
0.000344567
0.000475053
2.13465e-05
7.91909e-05
7.86249e-05
0.000741664
0.00132035
0.000447941
0.00132609
3.91182e-05
0.000244607
0.000420963
5.57691e-06
6.40985e-05
6.87459e-05
0.00054834
0.00132258
0.000348812
0.00132668
3.76587e-05
0.000169541
0.000370593
1.55433e-06
5.17836e-05
6.00559e-05
0.000381196
0.00132411
0.000281994
0.00132718
3.61868e-05
0.000115497
0.000324291
5.50107e-07
4.17698e-05
5.24244e-05
0.000252749
0.00132527
0.00024115
0.0013276
3.47002e-05
7.77322e-05
0.00028223
3.18168e-07
3.36502e-05
4.5732e-05
0.000162064
0.00132617
0.000220014
0.00132796
3.3197e-05
5.18825e-05
0.000244422
2.86225e-07
2.70815e-05
3.98705e-05
0.000101616
0.00132689
0.000213461
0.00132827
3.16746e-05
3.44349e-05
0.000210759
3.09226e-07
2.17771e-05
3.47425e-05
6.28039e-05
0.00132748
0.000217692
0.00132853
3.01306e-05
2.27689e-05
0.000181034
3.50909e-07
1.75001e-05
3.02605e-05
3.84668e-05
0.00132795
0.000230048
0.00132875
2.85626e-05
1.50175e-05
0.000154978
4.02771e-07
1.40556e-05
2.63465e-05
2.34292e-05
0.00132834
0.000248741
0.00132894
2.69678e-05
9.88863e-06
0.000132284
4.63472e-07
1.12843e-05
2.29308e-05
1.42214e-05
0.00132865
0.000272593
0.0013291
2.53434e-05
6.50427e-06
0.000112627
5.33618e-07
9.0561e-06
1.99521e-05
8.61428e-06
0.0013289
0.000300836
0.00132924
2.36865e-05
4.27512e-06
9.5682e-05
6.14453e-07
7.26557e-06
1.73558e-05
5.21132e-06
0.00132911
0.000332964
0.00132935
2.19938e-05
2.80861e-06
8.11336e-05
7.07546e-07
5.82665e-06
1.50939e-05
3.15026e-06
0.00132928
0.000368615
0.00132945
2.02621e-05
1.84459e-06
6.8687e-05
8.14741e-07
4.6681e-06
1.31244e-05
1.90353e-06
0.00132941
0.000407502
0.00132954
1.84879e-05
1.21124e-06
5.80703e-05
9.38168e-07
3.72658e-06
1.14105e-05
1.15015e-06
0.00132952
0.000449352
0.00132961
1.66675e-05
7.95555e-07
4.90381e-05
1.08028e-06
2.93121e-06
9.92087e-06
6.9578e-07
0.00132961
0.000493874
0.00132967
1.47971e-05
5.25651e-07
4.14007e-05
1.2439e-06
2.1576e-06
8.63253e-06
4.2421e-07
0.00132969
0.000540727
0.00132972
1.28725e-05
3.80161e-07
3.63242e-05
1.43228e-06
7.18199e-07
4.13127e-07
7.71817e-06
2.89035e-07
0.00132988
0.00131381
0.000602971
0.000340525
6.60155e-05
1.60052e-06
4.06184e-07
4.07333e-07
7.10689e-06
2.27687e-07
0.00132987
0.00131439
0.00067982
0.000275002
4.48962e-05
1.74054e-06
2.31251e-07
4.1176e-07
6.5438e-06
1.79372e-07
0.00132985
0.00131493
0.000758063
0.000219612
3.04635e-05
1.89168e-06
1.33603e-07
4.30537e-07
6.02516e-06
1.4133e-07
0.00132984
0.00131544
0.00083546
0.000173758
2.06487e-05
2.05541e-06
7.96322e-08
4.69847e-07
5.54746e-06
1.11396e-07
0.00132983
0.00131593
0.000909827
0.000136442
1.3997e-05
2.23303e-06
5.04861e-08
5.38917e-07
5.10752e-06
8.78717e-08
0.00132981
0.00131641
0.000979234
0.000106492
9.50001e-06
2.42587e-06
3.56291e-08
6.51487e-07
4.70235e-06
6.944e-08
0.0013298
0.00131687
0.00104217
8.27152e-05
6.46567e-06
2.63527e-06
2.92229e-08
8.27994e-07
4.32923e-06
5.50961e-08
0.00132978
0.00131731
0.00109767
6.40037e-05
4.42173e-06
2.86269e-06
2.80954e-08
1.0988e-06
3.98565e-06
4.4108e-08
0.00132976
0.00131773
0.00114532
4.93781e-05
3.04743e-06
3.10968e-06
3.06041e-08
1.509e-06
3.66926e-06
3.6005e-08
0.00132974
0.00131815
0.00118523
3.80067e-05
2.12549e-06
3.37793e-06
0.00132972
0.00131855
0.00121793
2.92017e-05
0.0013297
0.00131893
0.00124419
2.24055e-05
0.00132967
0.00131931
0.00126491
1.71728e-05
0.00132965
0.00131967
0.00128102
1.31514e-05
0.00132962
0.00132002
0.00129339
1.00654e-05
0.00132958
0.00132036
0.00130279
7.69978e-06
0.00132955
0.00132068
0.00130987
5.88799e-06
0.0013295
0.001321
0.00131517
4.50137e-06
0.00132942
0.0013213
0.00131911
3.44488e-06
0.00132923
0.0013216
0.00132204
2.79428e-06
0.00133
0.00121708
0.00133
0.00109225
0.00133
0.00093877
0.00133
0.000792847
0.00133
0.00068312
0.00133
0.000621565
0.00133
0.000606933
0.00133
0.000631427
0.00133
0.000685324
0.00133
0.000759016
0.00133
0.000843639
0.00133
0.00093131
0.00133
0.00101541
0.00133
0.00109098
0.00133
0.00115496
0.00133
0.00120626
0.00133
0.00124536
0.00133
0.00127382
0.00133
0.00129372
0.00133
0.00130713
0.00133
0.00133
0.00133
0.00133
0.00133
0.00133
0.00133
0.00133
0.00133
0.00133
0.00133
0.00133
0.00133
0.00133
0.00133
0.00133
0.00133
0.00133
0.00133
0.00133
END_LIST
