BEGIN_LIST
0.00130685
0.00130453
0.001302
0.00129923
0.00129622
0.00129292
0.00128933
0.00128542
0.00128116
0.00127652
0.00127147
0.00126599
0.00126003
0.00125356
0.00124654
0.00123888
0.00123045
0.00122097
0.00120965
0.00119439
0.000952579
0.00132677
0.00087627
0.00132564
0.000795112
0.00132412
0.000711538
0.00132208
0.000628139
0.00131933
0.000547352
0.00131563
0.000471218
0.00131068
0.000401235
0.00130406
0.000338313
0.00129524
0.000282823
0.00128353
0.000234694
0.0012681
0.000193535
0.00124796
0.000158755
0.00122194
0.000129657
0.00118884
0.000105517
0.00114747
8.5642e-05
0.00109693
6.94058e-05
0.00103676
5.62967e-05
0.000967214
4.59835e-05
0.000888691
3.84699e-05
0.000777619
6.64871e-05
4.14475e-05
4.67666e-05
8.18032e-05
0.000290413
5.63282e-05
4.34118e-05
5.16333e-05
7.18193e-05
0.000243722
4.76692e-05
4.60798e-05
5.94787e-05
6.30047e-05
0.000203399
4.03035e-05
4.92768e-05
6.96925e-05
5.52339e-05
0.000168947
3.40489e-05
5.29082e-05
8.21477e-05
4.83923e-05
0.000139772
2.87456e-05
5.69274e-05
9.69575e-05
4.23756e-05
0.000115251
2.42545e-05
6.13159e-05
0.000114361
3.70897e-05
9.47688e-05
2.04552e-05
6.60726e-05
0.000134664
3.24498e-05
7.77479e-05
1.7244e-05
7.1207e-05
0.000158214
2.83802e-05
6.36633e-05
1.45319e-05
7.67351e-05
0.00018537
2.48131e-05
5.20489e-05
1.22428e-05
8.26772e-05
0.000216482
2.16882e-05
4.24986e-05
1.03118e-05
8.90567e-05
0.000251869
1.89518e-05
3.46632e-05
8.68356e-06
9.58991e-05
0.000291786
1.65561e-05
2.82458e-05
7.31115e-06
0.000103232
0.000336384
1.44584e-05
2.29943e-05
6.15473e-06
0.000111082
0.00038568
1.26193e-05
1.86941e-05
5.18059e-06
0.000119481
0.000439512
1.10015e-05
1.51562e-05
4.36018e-06
0.000128458
0.000497505
9.56485e-06
1.21991e-05
3.66936e-06
0.000138043
0.000559056
8.2593e-06
9.61274e-06
3.08849e-06
0.000148267
0.000623325
7.00698e-06
7.07795e-06
2.52099e-06
0.000159162
0.000689265
5.66447e-06
3.97935e-06
2.77679e-06
2.18618e-06
0.000172445
0.000258615
9.86994e-05
0.000744497
1.24833e-06
2.24694e-05
4.45018e-06
1.91222e-06
2.22612e-06
1.89871e-06
0.000108325
0.000343212
6.7757e-05
0.0007891
1.20598e-06
1.48122e-05
3.73577e-06
4.8783e-07
1.78453e-06
1.649e-06
6.70257e-05
0.000405404
4.75617e-05
0.00083289
1.16351e-06
9.74946e-06
3.13583e-06
1.25765e-07
1.43046e-06
1.4321e-06
4.10797e-05
0.000461829
3.46828e-05
0.000875544
1.12087e-06
6.41069e-06
2.63207e-06
3.39841e-08
1.14659e-06
1.2437e-06
2.503e-05
0.000518027
2.6744e-05
0.000916745
1.078e-06
4.2125e-06
2.20912e-06
1.09598e-08
9.19018e-07
1.08008e-06
1.5196e-05
0.000575592
2.21421e-05
0.000956198
1.03484e-06
2.76684e-06
1.85406e-06
5.45936e-09
7.36596e-07
9.37961e-07
9.20539e-06
0.000634603
1.98164e-05
0.000993647
9.91331e-07
1.81679e-06
1.556e-06
4.46662e-09
5.90371e-07
8.14536e-07
5.569e-06
0.000694514
1.90771e-05
0.00102889
9.47404e-07
1.19273e-06
1.30583e-06
4.68111e-09
4.73165e-07
7.07345e-07
3.36637e-06
0.000754506
1.94837e-05
0.00106177
9.02994e-07
7.8294e-07
1.09584e-06
5.27325e-09
3.79222e-07
6.14254e-07
2.03392e-06
0.000813656
2.07631e-05
0.00109219
8.58031e-07
5.13899e-07
9.19609e-07
6.04289e-09
3.03927e-07
5.33411e-07
1.22851e-06
0.000871041
2.27544e-05
0.00112013
8.1244e-07
3.3729e-07
7.71702e-07
6.95152e-09
2.4358e-07
4.63204e-07
7.41899e-07
0.000925812
2.5372e-05
0.00114558
7.66145e-07
2.21368e-07
6.47574e-07
8.00358e-09
1.95213e-07
4.02235e-07
4.47987e-07
0.00097725
2.85824e-05
0.00116861
7.19064e-07
1.45283e-07
5.43406e-07
9.21659e-09
1.56448e-07
3.49289e-07
2.70494e-07
0.0010248
3.23885e-05
0.0011893
6.71113e-07
9.53477e-08
4.55988e-07
1.06139e-08
1.25376e-07
3.03312e-07
1.63318e-07
0.00106811
3.68201e-05
0.00120779
6.22204e-07
6.2575e-08
3.82631e-07
1.22231e-08
1.00459e-07
2.63386e-07
9.86059e-08
0.001107
4.19275e-05
0.0012242
5.72242e-07
4.10666e-08
3.21072e-07
1.40764e-08
8.04401e-08
2.28717e-07
5.95365e-08
0.00114145
4.7778e-05
0.0012387
5.21129e-07
2.69517e-08
2.69415e-07
1.62107e-08
6.42299e-08
1.9862e-07
3.59552e-08
0.00117162
5.44537e-05
0.00125145
4.68764e-07
1.76949e-08
2.26072e-07
1.86685e-08
5.06737e-08
1.72518e-07
2.17437e-08
0.00119775
6.205e-05
0.00126261
4.15037e-07
1.16879e-08
1.8984e-07
2.1499e-08
3.78951e-08
1.49984e-07
1.32538e-08
0.00122017
7.06748e-05
0.00127234
3.59835e-07
8.45094e-09
1.65947e-07
2.47587e-08
1.28527e-08
7.46508e-09
1.34014e-07
9.02903e-09
0.00124996
0.000990069
8.33532e-05
1.07284e-05
1.87787e-06
2.76705e-08
7.29693e-09
7.5551e-09
1.23348e-07
7.11193e-09
0.00124368
0.00100045
0.0001012
8.20645e-06
1.26566e-06
3.00946e-08
4.19076e-09
7.91224e-09
1.13532e-07
5.60211e-09
0.00123697
0.00100978
0.000122668
6.27501e-06
8.53268e-07
3.27117e-08
2.46726e-09
8.65189e-09
1.04496e-07
4.4132e-09
0.00122979
0.00101849
0.000148303
4.79679e-06
5.75523e-07
3.55474e-08
1.52771e-09
9.94626e-09
9.61799e-08
3.47731e-09
0.00122212
0.0010268
0.000178692
3.66602e-06
3.88501e-07
3.86245e-08
1.03709e-09
1.20519e-08
8.85253e-08
2.74115e-09
0.00121394
0.00103484
0.000214422
2.80134e-06
2.62598e-07
4.1966e-08
8.09112e-10
1.53507e-08
8.14799e-08
2.16306e-09
0.00120522
0.00104266
0.000256032
2.14035e-06
1.77867e-07
4.55955e-08
7.4179e-10
2.04101e-08
7.49952e-08
1.71085e-09
0.00119593
0.0010503
0.000303954
1.63516e-06
1.2087e-07
4.95385e-08
7.81234e-10
2.80738e-08
6.90265e-08
1.3602e-09
0.00118606
0.00105777
0.000358432
1.24912e-06
8.25583e-08
5.38223e-08
9.01566e-10
3.95949e-08
6.35329e-08
1.09385e-09
0.00117557
0.0010651
0.000419434
9.54163e-07
5.68349e-08
5.84764e-08
0.00116446
0.00107228
0.000486568
7.28825e-07
0.00115268
0.00107931
0.000559009
5.56686e-07
0.00114023
0.0010862
0.000635478
4.25193e-07
0.00112707
0.00109295
0.000714267
3.24753e-07
0.00111318
0.00109956
0.000793351
2.48036e-07
0.00109849
0.00110603
0.000870563
1.89439e-07
0.00108283
0.00111236
0.00094381
1.44685e-07
0.00106569
0.00111856
0.0010113
1.10506e-07
0.00104549
0.00112461
0.00107171
8.4506e-08
0.00101721
0.00113054
0.00112429
6.85119e-08
0.00131241
0.000493377
0.00130898
0.000346968
0.00130491
0.00024475
0.00130007
0.000179814
0.00129432
0.00014341
0.00128752
0.000128142
0.00127947
0.000128803
0.00126997
0.000142204
0.0012588
0.000166701
0.0012457
0.000201711
0.0012304
0.000247301
0.00121262
0.000303812
0.00119207
0.000371498
0.00116846
0.000450173
0.00114153
0.000538859
0.00111107
0.000635523
0.00107692
0.000736979
0.00103902
0.000839073
0.000997447
0.000937162
0.000951801
0.00102685
0.000893495
0.000821521
0.000746203
0.000669488
0.000593407
0.000519871
0.00045049
0.000386466
0.000328558
0.000277102
0.000232081
0.000193212
0.000160034
0.000131983
0.000108458
8.88601e-05
7.26165e-05
5.92607e-05
4.80461e-05
4.02824e-05
END_LIST
