BEGIN_LIST
0.00132122
0.00132033
0.00131936
0.00131829
0.00131712
0.00131584
0.00131444
0.0013129
0.00131123
0.00130939
0.00130738
0.00130519
0.00130279
0.00130016
0.00129729
0.00129412
0.0012906
0.00128657
0.00128163
0.0012747
0.00110547
0.00132975
0.00104811
0.00132966
0.000982268
0.00132954
0.000908951
0.00132937
0.000829877
0.00132916
0.0007473
0.00132886
0.000663756
0.00132846
0.000581768
0.00132792
0.000503564
0.00132718
0.000430886
0.00132619
0.000364904
0.00132485
0.000306219
0.00132303
0.000254949
0.00132057
0.000210841
0.00131725
0.000173395
0.00131277
0.000141984
0.00130674
0.000115968
0.00129865
9.48163e-05
0.00128785
7.83104e-05
0.00127307
6.69561e-05
0.00123679
0.000116689
7.35688e-05
8.23981e-05
0.000230676
0.000704038
9.94062e-05
7.76054e-05
9.06952e-05
0.000205071
0.00062491
8.45228e-05
8.26346e-05
0.000104029
0.000181919
0.000548342
7.17508e-05
8.84384e-05
0.000121258
0.000161072
0.000476045
6.0824e-05
9.49005e-05
0.00014205
0.000142371
0.000409279
5.15001e-05
0.000101965
0.000166456
0.000125649
0.000348829
4.35614e-05
0.00010961
0.000194694
0.000110741
0.000295037
3.68148e-05
0.000117837
0.000227043
9.74839e-05
0.000247884
3.10904e-05
0.00012666
0.000263772
8.57224e-05
0.000207078
2.62399e-05
0.000136098
0.000305093
7.53086e-05
0.000172149
2.21346e-05
0.000146177
0.000351113
6.61043e-05
0.000142524
1.86633e-05
0.000156924
0.000401791
5.79811e-05
0.000117588
1.57305e-05
0.000168368
0.000456897
5.08201e-05
9.67286e-05
1.32544e-05
0.000180538
0.000515988
4.45113e-05
7.93595e-05
1.11651e-05
0.000193462
0.000578383
3.89508e-05
6.49308e-05
9.40307e-06
0.000207167
0.000643175
3.40355e-05
5.29173e-05
7.91759e-06
0.00022168
0.000709263
2.96523e-05
4.27742e-05
6.66571e-06
0.000237023
0.000775411
2.56537e-05
3.38235e-05
5.61233e-06
0.000253216
0.000840327
2.18056e-05
2.498e-05
4.58251e-06
0.000270278
0.000902767
1.76696e-05
1.40891e-05
5.0478e-06
3.97477e-06
0.000292573
0.000423865
0.000170253
0.000952082
3.91124e-06
6.93903e-05
1.57572e-05
6.78342e-06
4.0479e-06
3.45265e-06
0.000189348
0.000544334
0.000117366
0.000989852
3.77896e-06
4.61959e-05
1.32436e-05
1.73032e-06
3.24567e-06
2.99898e-06
0.000119442
0.000625453
8.20934e-05
0.00102532
3.64627e-06
3.06067e-05
1.1128e-05
4.43226e-07
2.60217e-06
2.60482e-06
7.41024e-05
0.000693313
5.91848e-05
0.00105837
3.51301e-06
2.02131e-05
9.34831e-06
1.16346e-07
2.08608e-06
2.26239e-06
4.5493e-05
0.000756115
4.47782e-05
0.00108895
3.37899e-06
1.33207e-05
7.8518e-06
3.38007e-08
1.67224e-06
1.96491e-06
2.77476e-05
0.000816156
3.61685e-05
0.00111702
3.24404e-06
8.76613e-06
6.59382e-06
1.34588e-08
1.34044e-06
1.70651e-06
1.68565e-05
0.000873692
3.15208e-05
0.0011426
3.10795e-06
5.7635e-06
5.53666e-06
9.02599e-09
1.07442e-06
1.48205e-06
1.02152e-05
0.000928313
2.96199e-05
0.00116575
2.97053e-06
3.78704e-06
4.64848e-06
8.74904e-09
8.6117e-07
1.28709e-06
6.18139e-06
0.000979472
2.9678e-05
0.00118658
2.83157e-06
2.48736e-06
3.90242e-06
9.6573e-09
6.90226e-07
1.11776e-06
3.73709e-06
0.00102669
3.11977e-05
0.00120519
2.69084e-06
1.63329e-06
3.27584e-06
1.10152e-08
5.53203e-07
9.70695e-07
2.25811e-06
0.00106964
3.3877e-05
0.00122173
2.54811e-06
1.07229e-06
2.74969e-06
1.26583e-08
4.43375e-07
8.42967e-07
1.364e-06
0.00110818
3.75457e-05
0.00123635
2.40316e-06
7.039e-07
2.30792e-06
1.45707e-08
3.55345e-07
7.32037e-07
8.23751e-07
0.0011423
4.21234e-05
0.00124922
2.25571e-06
4.62039e-07
1.93703e-06
1.67781e-08
2.84789e-07
6.357e-07
4.97424e-07
0.00117216
4.75915e-05
0.00126049
2.1055e-06
3.03266e-07
1.62569e-06
1.93215e-08
2.28235e-07
5.52036e-07
3.0035e-07
0.00119801
5.39758e-05
0.00127033
1.95227e-06
1.99047e-07
1.36434e-06
2.22508e-08
1.82894e-07
4.79381e-07
1.81347e-07
0.00122017
6.13343e-05
0.00127889
1.79571e-06
1.30641e-07
1.14498e-06
2.56244e-08
1.46503e-07
4.16289e-07
1.09497e-07
0.00123902
6.97506e-05
0.0012863
1.63552e-06
8.57446e-08
9.60863e-07
2.95095e-08
1.17159e-07
3.61515e-07
6.61283e-08
0.00125493
7.93279e-05
0.00129272
1.47137e-06
5.62985e-08
8.0635e-07
3.39836e-08
9.30398e-08
3.14011e-07
3.99911e-08
0.00126828
9.0187e-05
0.00129825
1.30293e-06
3.71887e-08
6.77172e-07
3.9136e-08
7.16681e-08
2.73e-07
2.43766e-08
0.00127942
0.000102463
0.00130301
1.12984e-06
2.68908e-08
5.91977e-07
4.50696e-08
2.50906e-08
1.48451e-08
2.43934e-07
1.66065e-08
0.0012961
0.00110356
0.000120396
3.34476e-05
5.88973e-06
5.03701e-08
1.42371e-08
1.56748e-08
2.24522e-07
1.30806e-08
0.00129332
0.00111095
0.000145427
2.56734e-05
3.97084e-06
5.47826e-08
8.16695e-09
1.73098e-08
2.06655e-07
1.03037e-08
0.00129033
0.00111769
0.000175196
1.96832e-05
2.677e-06
5.95465e-08
4.79614e-09
2.01152e-08
1.90209e-07
8.11711e-09
0.00128711
0.00112401
0.000210263
1.50772e-05
1.805e-06
6.47082e-08
2.95509e-09
2.46344e-08
1.75072e-07
6.39592e-09
0.00128364
0.00113004
0.000251159
1.1541e-05
1.21751e-06
7.03095e-08
1.98916e-09
3.1676e-08
1.6114e-07
5.04214e-09
0.00127991
0.00113587
0.000298319
8.82959e-06
8.21806e-07
7.63918e-08
1.53412e-09
4.24417e-08
1.48316e-07
3.97926e-09
0.0012759
0.00114151
0.000352002
6.75244e-06
5.55356e-07
8.29986e-08
1.3902e-09
5.87176e-08
1.36512e-07
3.14816e-09
0.00127159
0.00114701
0.000412205
5.16235e-06
3.76002e-07
9.01759e-08
1.45144e-09
8.31563e-08
1.25648e-07
2.50435e-09
0.00126696
0.00115236
0.000478572
3.94576e-06
2.55329e-07
9.79734e-08
1.6664e-09
1.19698e-07
1.15649e-07
2.01649e-09
0.00126199
0.00115758
0.000550327
3.01533e-06
1.74193e-07
1.06445e-07
0.00125665
0.00116266
0.000626238
2.30399e-06
0.00125094
0.00116762
0.000704645
1.76027e-06
0.00124481
0.00117246
0.000783561
1.34475e-06
0.00123825
0.00117718
0.000860836
1.02726e-06
0.00123121
0.00118178
0.000934376
7.84686e-07
0.00122363
0.00118626
0.00100236
5.99372e-07
0.00121538
0.00119062
0.00106343
4.5781e-07
0.00120604
0.00119488
0.00111677
3.49685e-07
0.0011944
0.00119902
0.00116215
2.67427e-07
0.00117656
0.00120305
0.00119982
2.16821e-07
0.0013282
0.000665654
0.00132784
0.000486218
0.00132742
0.000350701
0.0013269
0.000259579
0.00132629
0.000205803
0.00132556
0.000181059
0.00132468
0.00017856
0.00132362
0.000193678
0.00132236
0.000223658
0.00132084
0.000267066
0.00131903
0.000323209
0.00131686
0.000391601
0.00131426
0.000471471
0.00131115
0.000561348
0.00130743
0.000658766
0.00130299
0.000760197
0.00129769
0.000861282
0.00129138
0.000957365
0.00128389
0.00104423
0.0012749
0.00111881
0.001262
0.00124363
0.00122077
0.00119263
0.0011584
0.00111742
0.0010692
0.00101363
0.000951024
0.00088225
0.000808684
0.000732126
0.000654627
0.000578265
0.000504935
0.000436189
0.000373096
0.000316534
0.000265335
0.000227919
END_LIST
