BEGIN_LIST
0.00132887
0.00132875
0.00132863
0.00132849
0.00132834
0.00132817
0.00132798
0.00132778
0.00132756
0.00132732
0.00132705
0.00132676
0.00132644
0.00132609
0.00132571
0.00132528
0.0013248
0.00132424
0.00132353
0.00132249
0.00126118
0.00133
0.00123874
0.00133
0.00121013
0.00133
0.00117431
0.00133
0.00113038
0.00133
0.00107781
0.00133
0.00101656
0.00132999
0.000947282
0.00132999
0.000871301
0.00132999
0.000790586
0.00132999
0.000707534
0.00132998
0.000624694
0.00132998
0.000544476
0.00132997
0.000468921
0.00132996
0.000399575
0.00132994
0.000337504
0.00132992
0.000283476
0.00132989
0.000238396
0.00132986
0.00020423
0.0013298
0.000186018
0.0013295
0.000326347
0.000212776
0.000237945
0.000579484
0.00120112
0.000284702
0.000225411
0.000263303
0.000531996
0.00116527
0.000247178
0.00023967
0.000298702
0.000486211
0.00112202
0.00021368
0.000255246
0.000341341
0.000442476
0.00107101
0.000184021
0.000271962
0.000389842
0.000401062
0.0010123
0.00015795
0.000289718
0.000443384
0.000362164
0.00094651
0.000135178
0.000308456
0.000501281
0.000325904
0.000874797
0.000115397
0.000328138
0.000562773
0.000292335
0.000798825
9.82959e-05
0.00034874
0.000626943
0.000261455
0.000720599
8.35713e-05
0.000370236
0.000692706
0.000233211
0.000642254
7.09378e-05
0.000392603
0.000758838
0.000207512
0.000565833
6.0131e-05
0.000415811
0.000824053
0.000184236
0.000493099
5.09106e-05
0.000439825
0.000887087
0.000163239
0.000425396
4.30608e-05
0.000464601
0.000946794
0.000144358
0.000363588
3.63903e-05
0.00049009
0.00100223
0.000127409
0.000308028
3.0731e-05
0.000516233
0.0010527
0.000112182
0.000258524
2.59359e-05
0.000542964
0.00109781
9.84041e-05
0.000214181
2.18776e-05
0.000570209
0.00113742
8.56727e-05
0.000172912
1.84504e-05
0.000597887
0.00117165
7.32842e-05
0.000130078
1.50884e-05
0.00062591
0.0012008
5.98562e-05
7.48518e-05
1.66257e-05
1.31019e-05
0.000673602
0.000866648
0.000421344
0.00122157
1.34592e-05
0.000226331
8.37854e-05
3.65376e-05
1.33517e-05
1.13899e-05
0.000486329
0.00100617
0.000300544
0.00123616
1.30071e-05
0.000156093
7.09448e-05
9.39627e-06
1.0718e-05
9.90012e-06
0.000331738
0.00107656
0.000213447
0.00124896
1.25534e-05
0.000105958
5.9988e-05
2.40552e-06
8.60098e-06
8.6041e-06
0.000216947
0.00112276
0.000153605
0.00126015
1.20975e-05
7.1136e-05
5.06631e-05
6.24058e-07
6.90031e-06
7.47691e-06
0.000137808
0.00115795
0.00011419
0.00126992
1.16388e-05
4.7399e-05
4.27444e-05
1.72674e-07
5.53474e-06
6.49674e-06
8.58799e-05
0.00118665
8.94416e-05
0.0012784
1.11767e-05
3.14227e-05
3.60325e-05
6.00355e-08
4.43867e-06
5.64459e-06
5.28718e-05
0.0012107
7.50002e-05
0.00128576
1.07104e-05
2.07608e-05
3.03526e-05
3.38492e-08
3.55917e-06
4.90385e-06
3.23043e-05
0.00123098
6.77708e-05
0.00129212
1.02394e-05
1.36856e-05
2.55523e-05
3.00111e-08
2.85363e-06
4.26004e-06
1.96457e-05
0.00124807
6.56467e-05
0.00129761
9.76293e-06
9.00825e-06
2.15001e-05
3.2281e-08
2.28775e-06
3.70055e-06
1.19134e-05
0.0012624
6.72412e-05
0.00130234
9.28017e-06
5.92364e-06
1.80826e-05
3.65957e-08
1.83395e-06
3.21438e-06
7.21187e-06
0.00127438
7.16713e-05
0.0013064
8.79036e-06
3.89274e-06
1.52028e-05
4.19968e-08
1.47009e-06
2.79197e-06
4.36117e-06
0.00128435
7.84001e-05
0.00130989
8.29268e-06
2.55704e-06
1.27776e-05
4.83266e-08
1.17837e-06
2.42498e-06
2.63561e-06
0.0012926
8.71249e-05
0.00131288
7.78624e-06
1.67919e-06
1.07365e-05
5.5644e-08
9.44491e-07
2.10616e-06
1.59219e-06
0.00129942
9.77019e-05
0.00131544
7.27014e-06
1.1025e-06
9.01949e-06
6.40778e-08
7.56998e-07
1.8292e-06
9.61623e-07
0.00130503
0.000110095
0.00131762
6.74342e-06
7.23784e-07
7.57566e-06
7.3792e-08
6.06659e-07
1.58864e-06
5.80709e-07
0.00130964
0.00012434
0.00131949
6.20507e-06
4.7512e-07
6.36198e-06
8.49794e-08
4.85994e-07
1.37969e-06
3.50665e-07
0.00131342
0.000140522
0.00132108
5.65403e-06
3.11879e-07
5.34204e-06
9.78629e-08
3.88735e-07
1.19826e-06
2.11791e-07
0.00131652
0.000158759
0.00132244
5.08918e-06
2.04796e-07
4.48519e-06
1.127e-07
3.0894e-07
1.04088e-06
1.28086e-07
0.00131905
0.000179188
0.0013236
4.50935e-06
1.35292e-07
3.76821e-06
1.29785e-07
2.38742e-07
9.04995e-07
7.80774e-08
0.00132111
0.000201951
0.00132458
3.91331e-06
9.78347e-08
3.29507e-06
1.49461e-07
8.38562e-08
4.97123e-08
8.08677e-07
5.31911e-08
0.00132503
0.00123831
0.00023455
0.000112818
2.03209e-05
1.67037e-07
4.75658e-08
5.27109e-08
7.44347e-07
4.18979e-08
0.00132461
0.00124149
0.000278844
8.76939e-05
1.37266e-05
1.81668e-07
2.72639e-08
5.84987e-08
6.85132e-07
3.30038e-08
0.00132416
0.00124444
0.000329692
6.78953e-05
9.26602e-06
1.97465e-07
1.59838e-08
6.83434e-08
6.30626e-07
2.60003e-08
0.00132367
0.00124723
0.00038714
5.24036e-05
6.25318e-06
2.1458e-07
9.81501e-09
8.41319e-08
5.80454e-07
2.04876e-08
0.00132314
0.0012499
0.000450946
4.03491e-05
4.22028e-06
2.33152e-07
6.56817e-09
1.08671e-07
5.34273e-07
1.61519e-08
0.00132257
0.00125247
0.000520487
3.10094e-05
2.84963e-06
2.53319e-07
5.02466e-09
1.46134e-07
4.91764e-07
1.27482e-08
0.00132195
0.00125496
0.000594707
2.37972e-05
1.92602e-06
2.75224e-07
4.51532e-09
2.02718e-07
4.52637e-07
1.00877e-08
0.00132128
0.00125737
0.000672107
1.82421e-05
1.304e-06
2.99021e-07
4.6843e-09
2.87628e-07
4.16622e-07
8.02822e-09
0.00132055
0.0012597
0.00075082
1.39717e-05
8.85319e-07
3.24873e-07
5.35758e-09
4.14534e-07
3.83472e-07
6.47035e-09
0.00131977
0.00126196
0.000828749
1.0694e-05
6.03726e-07
3.52959e-07
0.00131892
0.00126416
0.000903767
8.18114e-06
0.001318
0.00126629
0.000973936
6.25631e-06
0.00131701
0.00126835
0.00103771
4.78294e-06
0.00131594
0.00127035
0.00109406
3.65572e-06
0.00131477
0.00127229
0.00114254
2.79368e-06
0.0013135
0.00127417
0.00118322
2.13463e-06
0.00131206
0.001276
0.00121657
1.63089e-06
0.00131035
0.00127777
0.00124337
1.24596e-06
0.00130797
0.00127948
0.00126452
9.53023e-07
0.00130359
0.00128114
0.00128096
7.72765e-07
0.00132999
0.00095679
0.00132999
0.000760793
0.00132999
0.000583684
0.00132999
0.000448609
0.00132999
0.000361005
0.00132999
0.000316205
0.00132998
0.000306509
0.00132998
0.000324838
0.00132998
0.000365778
0.00132997
0.000425333
0.00132996
0.000500248
0.00132996
0.000587315
0.00132995
0.000682861
0.00132994
0.000782554
0.00132993
0.000881562
0.00132991
0.000975063
0.00132989
0.00105893
0.00132987
0.00113033
0.00132985
0.00118808
0.00132982
0.00123253
0.00132977
0.0013297
0.00132961
0.0013295
0.00132935
0.00132915
0.0013289
0.00132858
0.00132815
0.00132759
0.00132687
0.00132594
0.00132472
0.00132313
0.00132107
0.00131839
0.00131491
0.00131044
0.00130444
0.00129834
END_LIST
