BEGIN_LIST
0.00125432
0.00124713
0.00123934
0.00123092
0.00122183
0.00121203
0.00120148
0.00119015
0.001178
0.00116499
0.00115108
0.00113626
0.00112049
0.00110374
0.00108597
0.00106711
0.00104699
0.00102513
0.00100023
0.000968594
0.000672774
0.00128071
0.000589871
0.00126451
0.000510702
0.00124351
0.000437066
0.00121659
0.000370175
0.00118259
0.000310659
0.0011404
0.000258645
0.00108917
0.000213881
0.00102854
0.00017585
0.000958826
0.000143889
0.000881211
0.000117268
0.000797692
9.52581e-05
0.000710916
7.71718e-05
0.00062384
6.2384e-05
0.000539339
5.03443e-05
0.000459855
4.05806e-05
0.000387179
3.26998e-05
0.000322374
2.63923e-05
0.000265831
2.14506e-05
0.000217263
1.78266e-05
0.000169634
3.08412e-05
1.90773e-05
2.17569e-05
1.31462e-05
4.97683e-05
2.60277e-05
1.98825e-05
2.42591e-05
1.14799e-05
4.06271e-05
2.19541e-05
2.10571e-05
2.81216e-05
1.00235e-05
3.31316e-05
1.85101e-05
2.25043e-05
3.31158e-05
8.75095e-06
2.69968e-05
1.56007e-05
2.41715e-05
3.9225e-05
7.6392e-06
2.19833e-05
1.31445e-05
2.60324e-05
4.65445e-05
6.66812e-06
1.7891e-05
1.10721e-05
2.80766e-05
5.5236e-05
5.82005e-06
1.4554e-05
9.3244e-06
3.03031e-05
6.55083e-05
5.07951e-06
1.18352e-05
7.85112e-06
3.27171e-05
7.76083e-05
4.43294e-06
9.62137e-06
6.60959e-06
3.53276e-05
9.18173e-05
3.86846e-06
7.81977e-06
5.56366e-06
3.81463e-05
0.000108448
3.37569e-06
6.35421e-06
4.68272e-06
4.11868e-05
0.00012784
2.9455e-06
5.16236e-06
3.9409e-06
4.44642e-05
0.000150353
2.56989e-06
4.19315e-06
3.31633e-06
4.79953e-05
0.000176358
2.24177e-06
3.40466e-06
2.79057e-06
5.17977e-05
0.000206219
1.9547e-06
2.76208e-06
2.34803e-06
5.58907e-05
0.000240274
1.70262e-06
2.2355e-06
1.97557e-06
6.02943e-05
0.000278806
1.47915e-06
1.79683e-06
1.66213e-06
6.503e-05
0.000322012
1.27635e-06
1.41428e-06
1.3987e-06
7.01203e-05
0.000369959
1.08207e-06
1.04037e-06
1.14145e-06
7.55889e-05
0.000422553
8.73993e-07
5.84428e-07
1.25721e-06
9.8971e-07
8.19371e-05
0.000125932
4.64411e-05
0.000469507
1.92293e-07
3.48039e-06
6.53843e-07
2.80982e-07
1.0077e-06
8.59476e-07
5.03829e-05
0.000171264
3.19596e-05
0.000509783
1.85765e-07
2.28562e-06
5.48665e-07
7.21137e-08
8.07679e-07
7.4637e-07
3.076e-05
0.000206891
2.26759e-05
0.000551498
1.79219e-07
1.50065e-06
4.60401e-07
1.9122e-08
6.47345e-07
6.48142e-07
1.86975e-05
0.000241349
1.68628e-05
0.000594443
1.72648e-07
9.85111e-07
3.86333e-07
5.77221e-09
5.18829e-07
5.62837e-07
1.13349e-05
0.00027783
1.33687e-05
0.000638345
1.66042e-07
6.46616e-07
3.24178e-07
2.51715e-09
4.15821e-07
4.88757e-07
6.86037e-06
0.000317562
1.14363e-05
0.000682882
1.59391e-07
4.24404e-07
2.72021e-07
1.84898e-09
3.3326e-07
4.24423e-07
4.14809e-06
0.000360988
1.05734e-05
0.000727694
1.52687e-07
2.78543e-07
2.28255e-07
1.86249e-09
2.67088e-07
3.68556e-07
2.50662e-06
0.00040818
1.04648e-05
0.000772396
1.4592e-07
1.82807e-07
1.91529e-07
2.07706e-09
2.14054e-07
3.20041e-07
1.51416e-06
0.000458977
1.09125e-05
0.000816595
1.39078e-07
1.19974e-07
1.60712e-07
2.37476e-09
1.71549e-07
2.77911e-07
9.14452e-07
0.000513026
1.17965e-05
0.000859902
1.32152e-07
7.87361e-08
1.34853e-07
2.73045e-09
1.37484e-07
2.41327e-07
5.52196e-07
0.0005698
1.30491e-05
0.000901948
1.2513e-07
5.16723e-08
1.13154e-07
3.14335e-09
1.10183e-07
2.09557e-07
3.33419e-07
0.000628608
1.46382e-05
0.000942396
1.17999e-07
3.39109e-08
9.49468e-08
3.61968e-09
8.83024e-08
1.8197e-07
2.01311e-07
0.000688623
1.65565e-05
0.000980951
1.10749e-07
2.22546e-08
7.9669e-08
4.16844e-09
7.0766e-08
1.58014e-07
1.21544e-07
0.000748924
1.88144e-05
0.00101737
1.03364e-07
1.46049e-08
6.68495e-08
4.80047e-09
5.67093e-08
1.37211e-07
7.33821e-08
0.000808539
2.1436e-05
0.00105148
9.58329e-08
9.58465e-09
5.60926e-08
5.52834e-09
4.54348e-08
1.19147e-07
4.43044e-08
0.000866516
2.44568e-05
0.00108314
8.81398e-08
6.29006e-09
4.70666e-08
6.36658e-09
3.63687e-08
1.03462e-07
2.67497e-08
0.000921972
2.79216e-05
0.00111229
8.02701e-08
4.12804e-09
3.9493e-08
7.33191e-09
2.89992e-08
8.98463e-08
1.61544e-08
0.000974159
3.18845e-05
0.00113892
7.22079e-08
2.71019e-09
3.31385e-08
8.44362e-09
2.27418e-08
7.80379e-08
9.76912e-09
0.00102249
3.64083e-05
0.00116307
6.39366e-08
1.79011e-09
2.78269e-08
9.72388e-09
1.65357e-08
6.78441e-08
5.95466e-09
0.00106657
4.1565e-05
0.00118481
5.54386e-08
1.29433e-09
2.43243e-08
1.11983e-08
5.43193e-09
3.09361e-09
6.06195e-08
4.05653e-09
0.0011178
0.00078921
4.91881e-05
1.65758e-06
2.89572e-07
1.25153e-08
3.0857e-09
2.98426e-09
5.57948e-08
3.1952e-09
0.00110322
0.000803244
6.00022e-05
1.26625e-06
1.9535e-07
1.36118e-08
1.77446e-09
2.92379e-09
5.13541e-08
2.51685e-09
0.0010879
0.000815649
7.31468e-05
9.67247e-07
1.31915e-07
1.47956e-08
1.04754e-09
2.92945e-09
4.72668e-08
1.98268e-09
0.00107184
0.000827149
8.90435e-05
7.38817e-07
8.92188e-08
1.60782e-08
6.52087e-10
3.02727e-09
4.35048e-08
1.56219e-09
0.00105503
0.000838128
0.000108178
5.64315e-07
6.04903e-08
1.747e-08
4.46654e-10
3.25628e-09
4.00422e-08
1.2314e-09
0.00103749
0.000848787
0.000131093
4.31019e-07
4.11705e-08
1.89815e-08
3.52664e-10
3.67478e-09
3.68552e-08
9.71594e-10
0.00101921
0.000859233
0.000158372
3.29201e-07
2.8189e-08
2.06232e-08
3.27159e-10
4.36971e-09
3.39218e-08
7.68276e-10
0.00100021
0.000869522
0.00019062
2.51432e-07
1.94781e-08
2.24068e-08
3.47546e-10
5.47045e-09
3.12219e-08
6.10472e-10
0.00098051
0.00087968
0.000228425
1.92033e-07
1.36451e-08
2.43445e-08
4.03107e-10
7.16943e-09
2.87369e-08
4.90337e-10
0.000960126
0.000889722
0.000272309
1.46665e-07
9.75266e-09
2.64497e-08
0.000939089
0.000899651
0.000322658
1.12014e-07
0.000917433
0.000909469
0.000379642
8.55499e-08
0.000895194
0.000919174
0.000443123
6.53376e-08
0.000872411
0.000928766
0.00051257
4.99006e-08
0.000849116
0.00093824
0.000587005
3.81107e-08
0.000825306
0.000947595
0.000664982
2.91064e-08
0.000800864
0.000956828
0.000744653
2.22295e-08
0.000775311
0.000965936
0.000823893
1.69778e-08
0.000747036
0.000974916
0.000900498
1.2983e-08
0.000710845
0.000983766
0.000972418
1.05257e-08
0.00118282
0.000287803
0.00115807
0.000195346
0.00113001
0.000135816
0.00109844
0.000100339
0.00106326
8.19006e-05
0.00102443
7.56609e-05
0.000982049
7.86228e-05
0.000936326
8.91691e-05
0.000887607
0.00010667
0.000836367
0.00013119
0.000783195
0.000163268
0.000728769
0.000203742
0.000673821
0.000253566
0.000619097
0.000313614
0.00056532
0.00038442
0.000513148
0.000465893
0.000463151
0.000557013
0.000415792
0.00065561
0.000371433
0.000758321
0.000329728
0.000860827
0.000285001
0.000239095
0.00019934
0.000165315
0.000136484
0.000112256
9.20399e-05
7.5268e-05
6.14202e-05
5.00316e-05
4.06958e-05
3.30629e-05
2.68357e-05
2.17643e-05
1.764e-05
1.429e-05
1.15702e-05
9.37132e-06
7.55067e-06
6.30268e-06
END_LIST
