BEGIN_LIST
0.00122553
0.00121587
0.00120547
0.00119429
0.0011823
0.00116944
0.00115571
0.00114105
0.00112545
0.00110889
0.00109134
0.0010728
0.00105327
0.00103273
0.00101118
0.000988572
0.000964741
0.000939197
0.000910529
0.000874709
0.000582859
0.00123789
0.000503964
0.00120932
0.000430777
0.00117341
0.000364451
0.00112912
0.000305561
0.00107569
0.00025419
0.00101291
0.000210047
0.0009413
0.000172595
0.000862212
0.000141154
0.000777808
0.00011499
0.000690821
9.33755e-05
0.000604205
7.56244e-05
0.000520752
6.1117e-05
0.00044276
4.93081e-05
0.000371857
3.97286e-05
0.000308946
3.19834e-05
0.000254289
2.57485e-05
0.000207646
2.07725e-05
0.000168433
1.68921e-05
0.000135791
1.40804e-05
0.000104819
2.44491e-05
1.51116e-05
1.72841e-05
7.92865e-06
3.01591e-05
2.06189e-05
1.57502e-05
1.93477e-05
6.92106e-06
2.45671e-05
1.73817e-05
1.6683e-05
2.2474e-05
6.04105e-06
1.99996e-05
1.46477e-05
1.78329e-05
2.64985e-05
5.27258e-06
1.62733e-05
1.23402e-05
1.91583e-05
3.14191e-05
4.60159e-06
1.32358e-05
1.03936e-05
2.06385e-05
3.73202e-05
4.01579e-06
1.07618e-05
8.75232e-06
2.22653e-05
4.43398e-05
3.5044e-06
8.74779e-06
7.36893e-06
2.40384e-05
5.26552e-05
3.05802e-06
7.10917e-06
6.2033e-06
2.5962e-05
6.24776e-05
2.6684e-06
5.77646e-06
5.2214e-06
2.80436e-05
7.4051e-05
2.32834e-06
4.69289e-06
4.39447e-06
3.02928e-05
8.76507e-05
2.03155e-06
3.81209e-06
3.69818e-06
3.2721e-05
0.000103583
1.7725e-06
3.09622e-06
3.11199e-06
3.53407e-05
0.000122182
1.54637e-06
2.51437e-06
2.61855e-06
3.81658e-05
0.000143804
1.34884e-06
2.0412e-06
2.20324e-06
4.12111e-05
0.000168819
1.17606e-06
1.65572e-06
1.85372e-06
4.44926e-05
0.000197597
1.02435e-06
1.33991e-06
1.55958e-06
4.80274e-05
0.000230487
8.89871e-07
1.07688e-06
1.31208e-06
5.18335e-05
0.000267794
7.67845e-07
8.47552e-07
1.10408e-06
5.59302e-05
0.000309743
6.50946e-07
6.23446e-07
9.00989e-07
6.03378e-05
0.000356445
5.25757e-07
3.50235e-07
9.92353e-07
7.81191e-07
6.54099e-05
0.000100956
3.70248e-05
0.000398751
1.15664e-07
2.09429e-06
3.91918e-07
1.68476e-07
7.95376e-07
6.78381e-07
4.00674e-05
0.000137893
2.55208e-05
0.00043556
1.11739e-07
1.37498e-06
3.28866e-07
4.33681e-08
6.37482e-07
5.89097e-07
2.44047e-05
0.000167283
1.81742e-05
0.000474185
1.07803e-07
9.026e-07
2.75955e-07
1.16483e-08
5.10923e-07
5.11559e-07
1.48132e-05
0.000196054
1.35948e-05
0.000514503
1.03851e-07
5.92451e-07
2.31556e-07
3.68026e-09
4.09483e-07
4.44225e-07
8.97227e-06
0.000226875
1.0862e-05
0.000556327
9.98782e-08
3.8885e-07
1.943e-07
1.76401e-09
3.28179e-07
3.85751e-07
5.42749e-06
0.000260855
9.37298e-06
0.000599412
9.58788e-08
2.55208e-07
1.63037e-07
1.40258e-09
2.63016e-07
3.34972e-07
3.28064e-06
0.00029849
8.73743e-06
0.00064346
9.18471e-08
1.67493e-07
1.36804e-07
1.45539e-09
2.1079e-07
2.90877e-07
1.98204e-06
0.00033999
8.70605e-06
0.000688133
8.77773e-08
1.09923e-07
1.14792e-07
1.63543e-09
1.68933e-07
2.52585e-07
1.19714e-06
0.000385382
9.12296e-06
0.00073306
8.3663e-08
7.21403e-08
9.63213e-08
1.87308e-09
1.35387e-07
2.19333e-07
7.22937e-07
0.00043454
9.89438e-06
0.000777849
7.94976e-08
4.73438e-08
8.08225e-08
2.15447e-09
1.08502e-07
1.90459e-07
4.36528e-07
0.000487173
1.09682e-05
0.000822102
7.52745e-08
3.10703e-08
6.78175e-08
2.48048e-09
8.69555e-08
1.65385e-07
2.63571e-07
0.000542828
1.23205e-05
0.000865428
7.09863e-08
2.03905e-08
5.6905e-08
2.85642e-09
6.96873e-08
1.43611e-07
1.59135e-07
0.000600886
1.39474e-05
0.000907455
6.66257e-08
1.33816e-08
4.77483e-08
3.2895e-09
5.58475e-08
1.24705e-07
9.6078e-08
0.000660578
1.58595e-05
0.000947849
6.21848e-08
8.78191e-09
4.00651e-08
3.78827e-09
4.47539e-08
1.08287e-07
5.80067e-08
0.000721019
1.80782e-05
0.000986315
5.76554e-08
5.76327e-09
3.36181e-08
4.36267e-09
3.58559e-08
9.40303e-08
3.50212e-08
0.000781249
2.06346e-05
0.00102262
5.30288e-08
3.78224e-09
2.82085e-08
5.02417e-09
2.86999e-08
8.16516e-08
2.11446e-08
0.000840295
2.35676e-05
0.00105657
4.82959e-08
2.48222e-09
2.36694e-08
5.78598e-09
2.28804e-08
7.09056e-08
1.27694e-08
0.000897226
2.6924e-05
0.00108806
4.34473e-08
1.62966e-09
1.98609e-08
6.6633e-09
1.793e-08
6.15863e-08
7.72204e-09
0.000951219
3.07582e-05
0.00111703
3.84729e-08
1.07641e-09
1.66776e-08
7.67364e-09
1.29911e-08
5.35413e-08
4.70686e-09
0.0010016
3.51326e-05
0.00114346
3.33622e-08
7.78299e-10
1.45784e-08
8.83717e-09
4.24986e-09
2.41403e-09
4.78397e-08
3.20647e-09
0.00105831
0.000721114
4.16072e-05
9.97768e-07
1.74306e-07
9.87656e-09
2.41445e-09
2.31321e-09
4.4032e-08
2.52563e-09
0.00104078
0.000735836
5.08079e-05
7.62135e-07
1.17651e-07
1.07418e-08
1.38876e-09
2.24401e-09
4.05274e-08
1.98943e-09
0.00102252
0.000748791
6.20172e-05
5.8213e-07
7.9514e-08
1.16761e-08
8.20228e-10
2.21665e-09
3.73018e-08
1.56719e-09
0.00100353
0.000760782
7.56118e-05
4.44627e-07
5.38491e-08
1.26883e-08
5.11053e-10
2.24667e-09
3.43328e-08
1.23481e-09
0.000983833
0.000772236
9.20316e-05
3.39597e-07
3.65853e-08
1.37867e-08
3.50587e-10
2.35741e-09
3.16002e-08
9.73331e-10
0.000963451
0.000783377
0.000111777
2.59373e-07
2.49808e-08
1.49795e-08
2.77371e-10
2.58383e-09
2.90851e-08
7.6796e-10
0.000942411
0.000794323
0.000135401
1.98098e-07
1.7189e-08
1.62751e-08
2.57817e-10
2.97808e-09
2.67701e-08
6.0723e-10
0.000920748
0.000805136
0.000163496
1.51298e-07
1.19663e-08
1.76826e-08
2.74273e-10
3.61788e-09
2.46394e-08
4.82461e-10
0.000898501
0.000815845
0.000196671
1.15553e-07
8.47555e-09
1.92118e-08
3.18382e-10
4.61885e-09
2.26783e-08
3.8744e-10
0.000875713
0.000826464
0.000235509
8.82526e-08
6.15292e-09
2.08732e-08
0.000852434
0.000836999
0.000280518
6.74019e-08
0.000828719
0.00084745
0.00033206
5.14773e-08
0.000804622
0.000857814
0.000390262
3.9315e-08
0.000780201
0.00086809
0.000454931
3.00262e-08
0.000755503
0.000878272
0.000525466
2.2932e-08
0.00073054
0.000888358
0.000600809
1.75139e-08
0.000705213
0.000898343
0.000679437
1.33759e-08
0.000679071
0.000908224
0.000759435
1.02158e-08
0.000650575
0.000917996
0.000838636
7.81215e-09
0.000614758
0.000927656
0.000914829
6.3335e-09
0.00110255
0.000238484
0.00106772
0.000160791
0.00102925
0.00011168
0.000987222
8.28875e-05
0.000941836
6.82868e-05
0.00089342
6.38055e-05
0.000842435
6.69909e-05
0.000789457
7.65697e-05
0.000735151
9.21065e-05
0.000680244
0.000113762
0.000625479
0.00014212
0.000571579
0.000178056
0.00051921
0.0002226
0.000468954
0.000276781
0.000421283
0.000341419
0.000376554
0.000416865
0.000335006
0.000502708
0.000296769
0.000597491
0.000261891
0.000698546
0.000229877
0.000802057
0.000196377
0.000162801
0.000134369
0.00011049
9.05736e-05
7.40566e-05
6.04235e-05
4.92144e-05
4.00275e-05
3.25176e-05
2.63916e-05
2.14031e-05
1.73466e-05
1.40517e-05
1.1378e-05
9.20998e-06
7.45237e-06
6.03296e-06
4.85884e-06
4.05456e-06
END_LIST
