BEGIN_LIST
0.00121369
0.00120306
0.00119164
0.00117939
0.00116628
0.00115227
0.00113733
0.00112144
0.00110458
0.00108673
0.00106789
0.00104806
0.00102723
0.00100542
0.000982633
0.000958822
0.000933837
0.000907186
0.00087743
0.00084045
0.000552326
0.00121814
0.000475374
0.00118436
0.000404657
0.00114247
0.000341098
0.00109162
0.00028507
0.00103142
0.000236495
0.000962166
0.000194972
0.000884988
0.000159896
0.000801829
0.000130557
0.000715287
0.000106216
0.000628292
8.61558e-05
0.000543712
6.97148e-05
0.000464008
5.63e-05
0.000391005
4.5395e-05
0.000325805
3.65584e-05
0.00026884
2.94204e-05
0.000219995
2.36792e-05
0.000178767
1.91019e-05
0.000144422
1.55391e-05
0.000116049
1.29718e-05
8.93368e-05
2.25593e-05
1.39418e-05
1.59611e-05
6.71948e-06
2.55879e-05
1.90212e-05
1.45333e-05
1.78921e-05
5.86505e-06
2.0833e-05
1.60321e-05
1.53959e-05
2.07979e-05
5.11893e-06
1.6953e-05
1.35084e-05
1.64588e-05
2.45325e-05
4.46747e-06
1.37897e-05
1.13789e-05
1.76837e-05
2.90973e-05
3.89873e-06
1.12128e-05
9.58301e-06
1.90517e-05
3.45732e-05
3.40224e-06
9.11491e-06
8.06901e-06
2.05554e-05
4.10901e-05
2.96886e-06
7.40783e-06
6.79312e-06
2.21944e-05
4.88152e-05
2.5906e-06
6.01934e-06
5.7182e-06
2.39728e-05
5.79482e-05
2.26047e-06
4.89036e-06
4.81284e-06
2.58977e-05
6.87199e-05
1.97235e-06
3.97263e-06
4.05043e-06
2.7978e-05
8.13927e-05
1.7209e-06
3.22677e-06
3.40852e-06
3.02244e-05
9.626e-05
1.50144e-06
2.62066e-06
2.86815e-06
3.26486e-05
0.000113644
1.30986e-06
2.12807e-06
2.41331e-06
3.52635e-05
0.000133893
1.14254e-06
1.72753e-06
2.0305e-06
3.80831e-05
0.000157374
9.96174e-07
1.40124e-06
1.70835e-06
4.11225e-05
0.000184457
8.67663e-07
1.13393e-06
1.43726e-06
4.43975e-05
0.000215506
7.53748e-07
9.11324e-07
1.20915e-06
4.79252e-05
0.000250848
6.50385e-07
7.1724e-07
1.01746e-06
5.17238e-05
0.000290749
5.51366e-07
5.27587e-07
8.30288e-07
5.58124e-05
0.000335378
4.45327e-07
2.96391e-07
9.1448e-07
7.19884e-07
6.05054e-05
9.35007e-05
3.42367e-05
0.000375991
9.79683e-08
1.77404e-06
3.31693e-07
1.42604e-07
7.32953e-07
6.25139e-07
3.70214e-05
0.000127872
2.36132e-05
0.000411484
9.46437e-08
1.16465e-06
2.78328e-07
3.67488e-08
5.87446e-07
5.42859e-07
2.25338e-05
0.000155322
1.68371e-05
0.000448883
9.13101e-08
7.64498e-07
2.33547e-07
9.91665e-09
4.70817e-07
4.71405e-07
1.36718e-05
0.00018229
1.26196e-05
0.000488096
8.79632e-08
5.0179e-07
1.95971e-07
3.1836e-09
3.77338e-07
4.09354e-07
8.27881e-06
0.000211283
1.01089e-05
0.000528965
8.45984e-08
3.2934e-07
1.64439e-07
1.57269e-09
3.02415e-07
3.55469e-07
5.00722e-06
0.000243366
8.74788e-06
0.000571276
8.12112e-08
2.16149e-07
1.37981e-07
1.27899e-09
2.42367e-07
3.08676e-07
3.02631e-06
0.000279043
8.17641e-06
0.000614761
7.77967e-08
1.41857e-07
1.15779e-07
1.33766e-09
1.9424e-07
2.68041e-07
1.82828e-06
0.00031856
8.16456e-06
0.000659104
7.43497e-08
9.30987e-08
9.71498e-08
1.50611e-09
1.55669e-07
2.32755e-07
1.10423e-06
0.000361999
8.5688e-06
0.000703953
7.08651e-08
6.10986e-08
8.15178e-08
1.72574e-09
1.24757e-07
2.02113e-07
6.66815e-07
0.000409301
9.30298e-06
0.000748926
6.73373e-08
4.00974e-08
6.84009e-08
1.98519e-09
9.99826e-08
1.75505e-07
4.02635e-07
0.000460254
1.03194e-05
0.000793626
6.37605e-08
2.63148e-08
5.73946e-08
2.28564e-09
8.01277e-08
1.52399e-07
2.43104e-07
0.000514489
1.15967e-05
0.000837655
6.01287e-08
1.72696e-08
4.81592e-08
2.63207e-09
6.42153e-08
1.32335e-07
1.46777e-07
0.000571466
1.31317e-05
0.000880625
5.64355e-08
1.13335e-08
4.04098e-08
3.03113e-09
5.14622e-08
1.14913e-07
8.86164e-08
0.000630492
1.49348e-05
0.000922176
5.26743e-08
7.43778e-09
3.39074e-08
3.49072e-09
4.12396e-08
9.97839e-08
5.35015e-08
0.000690732
1.70268e-05
0.000961983
4.88381e-08
4.88117e-09
2.84513e-08
4.02002e-09
3.30402e-08
8.66469e-08
3.23012e-08
0.000751258
1.94371e-05
0.000999772
4.49196e-08
3.20335e-09
2.38731e-08
4.62957e-09
2.64458e-08
7.524e-08
1.95023e-08
0.000811092
2.22028e-05
0.00103532
4.09111e-08
2.10231e-09
2.00316e-08
5.33155e-09
2.10825e-08
6.53377e-08
1.17775e-08
0.000869274
2.53682e-05
0.00106847
3.68046e-08
1.38024e-09
1.68085e-08
6.13996e-09
1.65179e-08
5.67502e-08
7.12224e-09
0.000924915
2.89851e-05
0.00109913
3.25915e-08
9.11669e-10
1.41144e-08
7.07096e-09
1.1957e-08
4.93369e-08
4.34125e-09
0.000977259
3.31126e-05
0.00112724
2.8263e-08
6.59181e-10
1.23378e-08
8.14312e-09
3.90732e-09
2.21793e-09
4.40829e-08
2.95741e-09
0.00103559
0.00069712
3.92242e-05
8.45322e-07
1.47678e-07
9.10088e-09
2.21991e-09
2.12155e-09
4.05743e-08
2.32945e-09
0.00101707
0.000712013
4.79138e-05
6.45677e-07
9.96978e-08
9.8982e-09
1.27695e-09
2.05266e-09
3.73449e-08
1.83489e-09
0.00099782
0.000725097
5.8508e-05
4.93169e-07
6.7401e-08
1.07591e-08
7.54304e-10
2.01986e-09
3.43725e-08
1.44545e-09
0.000977873
0.000737203
7.13681e-05
3.76675e-07
4.56681e-08
1.16918e-08
4.70111e-10
2.03626e-09
3.16367e-08
1.13889e-09
0.000957248
0.000748769
8.69176e-05
2.87694e-07
3.10508e-08
1.27039e-08
3.22653e-10
2.1216e-09
2.91186e-08
8.97718e-10
0.000935975
0.000760027
0.000105641
2.19729e-07
2.12268e-08
1.3803e-08
2.55431e-10
2.30545e-09
2.6801e-08
7.08296e-10
0.00091409
0.000771099
0.000128077
1.67819e-07
1.46322e-08
1.49969e-08
2.37568e-10
2.63194e-09
2.46678e-08
5.60046e-10
0.000891634
0.000782047
0.000154812
1.28172e-07
1.02139e-08
1.62939e-08
2.52842e-10
3.16688e-09
2.27044e-08
4.44959e-10
0.000868654
0.000792902
0.000186451
9.78903e-08
7.26277e-09
1.77031e-08
2.93579e-10
4.00815e-09
2.08973e-08
3.57303e-10
0.000845199
0.000803678
0.000223593
7.47628e-08
5.30133e-09
1.9234e-08
0.000821327
0.000814382
0.000266776
5.70992e-08
0.000797095
0.000825011
0.000316413
4.36087e-08
0.000772566
0.000835566
0.000372712
3.33055e-08
0.0007478
0.000846042
0.000435584
2.54365e-08
0.000722847
0.000856435
0.000504556
1.94267e-08
0.000697723
0.000866742
0.000578706
1.48368e-08
0.000672333
0.000876957
0.000656644
1.13313e-08
0.000646237
0.000887076
0.000736554
8.6543e-09
0.000617925
0.000897095
0.000816318
6.61802e-09
0.000582533
0.000907011
0.00089371
5.36539e-09
0.00107057
0.000222976
0.00103232
0.000150046
0.000990513
0.000104212
0.000945328
7.7485e-05
0.000897089
6.4049e-05
0.000846248
6.00819e-05
0.000793372
6.33019e-05
0.000739124
7.25405e-05
0.000684223
8.74186e-05
0.000629415
0.000108121
0.000575424
0.000135242
0.000522921
0.000169657
0.000472493
0.000212412
0.000424621
0.000264574
0.000379671
0.000327041
0.000337889
0.000400299
0.000299412
0.000484129
0.000264278
0.000577316
0.000232457
0.000677451
0.000203433
0.000780936
0.000173256
0.000143195
0.000117884
9.67273e-05
7.91511e-05
6.46224e-05
5.26626e-05
4.28509e-05
3.48238e-05
2.82716e-05
2.29332e-05
1.85903e-05
1.50616e-05
1.21973e-05
9.87407e-06
7.99115e-06
6.46515e-06
5.23312e-06
4.21424e-06
3.51641e-06
END_LIST
