BEGIN_LIST
0.00132934
0.00132927
0.0013292
0.00132912
0.00132903
0.00132893
0.00132882
0.00132871
0.00132858
0.00132844
0.00132828
0.00132811
0.00132792
0.00132772
0.00132749
0.00132724
0.00132696
0.00132663
0.00132622
0.0013256
0.00128005
0.00133
0.00126324
0.00133
0.00124145
0.00133
0.00121362
0.00133
0.0011787
0.00133
0.00113578
0.00133
0.00108428
0.00133
0.00102408
0.00133
0.000955742
0.00133
0.000880515
0.00133
0.000800298
0.00133
0.00071745
0.00133
0.000634525
0.00132999
0.000553989
0.00132999
0.000478005
0.00132999
0.000408345
0.00132998
0.000346535
0.00132998
0.000294348
0.00132997
0.000255007
0.00132996
0.000235848
0.00132988
0.000410696
0.00027086
0.000303905
0.000656844
0.00124845
0.000361863
0.000285885
0.000337156
0.000607644
0.00122402
0.000317002
0.00030287
0.000380686
0.000559446
0.00119356
0.000276252
0.000321376
0.000431379
0.000512701
0.00115627
0.000239612
0.000341141
0.000487498
0.0004678
0.00111152
0.000206962
0.000362004
0.000547827
0.000425058
0.00105901
0.000178102
0.000383861
0.000611265
0.000384715
0.000998912
0.00015277
0.000406637
0.000676662
0.000346935
0.000931947
0.00013067
0.000430271
0.000742777
0.000311813
0.000859373
0.000111494
0.000454708
0.000808306
0.000279378
0.000782922
9.49302e-05
0.000479892
0.000871962
0.000249606
0.000704626
8.06802e-05
0.00050576
0.000932558
0.000222428
0.0006266
6.84623e-05
0.000532247
0.000989092
0.000197734
0.000550815
5.80172e-05
0.00055928
0.00104081
0.000175386
0.000478897
4.91096e-05
0.00058678
0.00108723
0.000155209
0.000411957
4.15295e-05
0.00061466
0.00112817
0.000136987
0.00035042
3.50905e-05
0.000642829
0.00116368
0.000120424
0.000293717
2.96291e-05
0.000671191
0.00119403
0.000105054
0.000239536
2.50086e-05
0.000699646
0.00121961
9.00457e-05
0.000181874
2.04679e-05
0.00072809
0.00124093
7.37335e-05
0.000105747
2.25569e-05
1.77831e-05
0.000781237
0.00096954
0.000502209
0.00125586
1.66663e-05
0.00027523
0.000118413
5.19932e-05
1.81282e-05
1.54657e-05
0.000585002
0.00109554
0.00036341
0.0012662
1.61076e-05
0.000192023
0.00010065
1.34323e-05
1.4561e-05
1.34476e-05
0.000410863
0.0011537
0.00026047
0.00127518
1.55467e-05
0.000131423
8.53853e-05
3.44212e-06
1.16905e-05
1.16908e-05
0.000274456
0.00118935
0.000188354
0.00128297
1.49831e-05
8.87351e-05
7.23141e-05
8.924e-07
9.38256e-06
1.0162e-05
0.000176875
0.00121518
0.000140192
0.00128971
1.4416e-05
5.9355e-05
6.11564e-05
2.45981e-07
7.52808e-06
8.83188e-06
0.000111267
0.00123554
0.000109611
0.00129552
1.38445e-05
3.94514e-05
5.16574e-05
8.45072e-08
6.03875e-06
7.675e-06
6.89102e-05
0.00125217
9.15501e-05
0.00130053
1.32679e-05
2.61106e-05
4.35887e-05
4.67904e-08
4.84317e-06
6.66898e-06
4.22596e-05
0.00126593
8.23139e-05
0.00130484
1.26854e-05
1.72322e-05
3.67482e-05
4.104e-08
3.88372e-06
5.79433e-06
2.57584e-05
0.00127734
7.93414e-05
0.00130853
1.2096e-05
1.13514e-05
3.09582e-05
4.39972e-08
3.11397e-06
5.034e-06
1.56419e-05
0.0012868
8.09246e-05
0.0013117
1.14988e-05
7.4682e-06
2.60641e-05
4.98378e-08
2.49654e-06
4.37316e-06
9.47695e-06
0.00129463
8.59637e-05
0.00131442
1.08928e-05
4.9094e-06
2.19321e-05
5.71828e-08
2.00138e-06
3.79885e-06
5.73386e-06
0.00130108
9.37798e-05
0.00131674
1.0277e-05
3.22558e-06
1.8447e-05
6.57987e-08
1.60433e-06
3.29979e-06
3.46626e-06
0.00130639
0.00010398
0.00131873
9.65025e-06
2.11852e-06
1.55098e-05
7.57609e-08
1.28598e-06
2.86618e-06
2.09438e-06
0.00131074
0.000116366
0.00132042
9.01153e-06
1.39109e-06
1.30362e-05
8.72434e-08
1.03074e-06
2.48945e-06
1.26508e-06
0.00131431
0.000130868
0.00132187
8.35959e-06
9.13302e-07
1.09541e-05
1.00469e-07
8.26047e-07
2.16217e-06
7.64014e-07
0.00131723
0.000147501
0.0013231
7.69319e-06
5.99555e-07
9.20256e-06
1.15701e-07
6.61712e-07
1.87789e-06
4.61376e-07
0.00131962
0.000166337
0.00132415
7.01101e-06
3.93573e-07
7.72961e-06
1.33241e-07
5.29122e-07
1.63101e-06
2.78664e-07
0.00132157
0.000187481
0.00132504
6.31167e-06
2.58446e-07
6.49148e-06
1.53441e-07
4.19915e-07
1.41685e-06
1.68533e-07
0.00132316
0.000211055
0.0013258
5.5937e-06
1.70737e-07
5.45498e-06
1.76703e-07
3.22448e-07
1.23192e-06
1.02734e-07
0.00132445
0.000237184
0.00132645
4.85558e-06
1.23468e-07
4.77076e-06
2.0349e-07
1.12506e-07
6.64521e-08
1.10084e-06
6.9989e-08
0.00132704
0.00125818
0.00027433
0.000138723
2.51808e-05
2.27419e-07
6.38067e-08
6.9876e-08
1.01328e-06
5.51297e-08
0.00132679
0.00126068
0.00032432
0.000108285
1.7021e-05
2.47338e-07
3.65599e-08
7.6782e-08
9.32684e-07
4.3427e-08
0.00132652
0.00126302
0.000380994
8.41153e-05
1.14955e-05
2.68844e-07
2.14174e-08
8.87426e-08
8.58494e-07
3.42119e-08
0.00132623
0.00126523
0.000444104
6.50913e-05
7.76065e-06
2.92144e-07
1.31317e-08
1.081e-07
7.90203e-07
2.69584e-08
0.00132592
0.00126735
0.000513051
5.02194e-05
5.23939e-06
3.17428e-07
8.76455e-09
1.38338e-07
7.27342e-07
2.12537e-08
0.00132557
0.00126939
0.000586812
3.86554e-05
3.53893e-06
3.44883e-07
6.68021e-09
1.84634e-07
6.69479e-07
1.67757e-08
0.0013252
0.00127136
0.000663927
2.97007e-05
2.39288e-06
3.74705e-07
5.97999e-09
2.54684e-07
6.16218e-07
1.32758e-08
0.0013248
0.00127327
0.000742559
2.27887e-05
1.62097e-06
4.071e-07
6.18547e-09
3.59915e-07
5.67192e-07
1.05676e-08
0.00132437
0.00127511
0.000820628
1.74665e-05
1.10141e-06
4.42294e-07
7.06189e-09
5.17292e-07
5.22065e-07
8.52077e-09
0.0013239
0.0012769
0.000896001
1.33763e-05
7.52e-07
4.80528e-07
0.00132339
0.00127863
0.000966712
1.02375e-05
0.00132285
0.00128031
0.00103117
7.83137e-06
0.00132225
0.00128194
0.00108829
5.98856e-06
0.00132161
0.00128352
0.00113758
4.57808e-06
0.00132091
0.00128505
0.00117903
3.49905e-06
0.00132014
0.00128653
0.00121311
2.6739e-06
0.00131927
0.00128796
0.00124055
2.04308e-06
0.00131822
0.00128935
0.00126225
1.56097e-06
0.00131672
0.0012907
0.00127915
1.19403e-06
0.00131386
0.001292
0.00129213
9.68219e-07
0.00133
0.00101304
0.00133
0.000822456
0.00133
0.000641946
0.00133
0.00049964
0.00133
0.000405208
0.00133
0.000356025
0.00133
0.000344797
0.00133
0.000364039
0.00133
0.000407633
0.00132999
0.000470785
0.00132999
0.000549408
0.00132999
0.000639462
0.00132999
0.000736514
0.00132999
0.000835665
0.00132999
0.000931847
0.00132998
0.00102041
0.00132998
0.0010978
0.00132997
0.00116199
0.00132997
0.00121259
0.00132996
0.00125063
0.00132995
0.00132994
0.00132992
0.0013299
0.00132987
0.00132983
0.00132978
0.00132972
0.00132964
0.00132953
0.00132938
0.0013292
0.00132896
0.00132864
0.00132823
0.00132769
0.00132699
0.00132609
0.00132486
0.00132361
END_LIST
