BEGIN_LIST
0.00132952
0.00132947
0.00132942
0.00132936
0.0013293
0.00132923
0.00132915
0.00132906
0.00132897
0.00132887
0.00132876
0.00132863
0.0013285
0.00132835
0.00132818
0.001328
0.0013278
0.00132756
0.00132726
0.00132681
0.00128883
0.00133
0.00127476
0.00133
0.00125638
0.00133
0.00123267
0.00133
0.00120256
0.00133
0.00116504
0.00133
0.00111928
0.00133
0.00106484
0.00133
0.00100183
0.00133
0.00093102
0.00133
0.000853903
0.00133
0.000772556
0.00133
0.000689445
0.00133
0.000607149
0.00133
0.000528108
0.00133
0.000454499
0.00132999
0.000388335
0.00132999
0.000332001
0.00132999
0.000289617
0.00132998
0.000270116
0.00132995
0.000467037
0.000310425
0.000349111
0.000700014
0.00126833
0.000414294
0.000326604
0.000387782
0.000650407
0.00124925
0.000365191
0.000345032
0.000436321
0.000601359
0.0012251
0.000320044
0.000365141
0.000491537
0.000553367
0.001195
0.000279003
0.000386584
0.000551521
0.000506877
0.00115811
0.000242075
0.000409144
0.000614842
0.000462267
0.0011138
0.000209149
0.000432678
0.00068019
0.000419845
0.00106175
0.000180029
0.000457079
0.000746249
0.000379841
0.00100212
0.000154456
0.000482262
0.000811683
0.00034241
0.000935561
0.000132138
0.000508148
0.000875191
0.000307638
0.000863318
0.000112764
0.00053466
0.000935587
0.000275548
0.000787085
9.60256e-05
0.000561718
0.000991879
0.000246108
0.00070887
8.16211e-05
0.00058924
0.00104332
0.00021924
0.000630762
6.92679e-05
0.000617137
0.00108946
0.000194826
0.000554686
5.8705e-05
0.000645316
0.00113011
0.000172704
0.000482159
4.96957e-05
0.000673679
0.00116534
0.00015266
0.000414002
4.20278e-05
0.000702126
0.00119542
0.000134386
0.000349906
3.55134e-05
0.000730554
0.00122077
0.000117384
0.000287467
2.99943e-05
0.000758859
0.00124188
0.000100744
0.000219769
2.45633e-05
0.000786939
0.00125928
8.26274e-05
0.000128777
2.70735e-05
2.13504e-05
0.000842591
0.00102381
0.000551271
0.00127136
1.87394e-05
0.000305861
0.000144238
6.36644e-05
2.17703e-05
1.8574e-05
0.000645191
0.00113952
0.000402679
0.00127967
1.81119e-05
0.000214971
0.000122955
1.65052e-05
1.74944e-05
1.61547e-05
0.000461724
0.00119014
0.000290449
0.00128686
1.7482e-05
0.000147912
0.000104566
4.23302e-06
1.40508e-05
1.40475e-05
0.000312832
0.00121995
0.00021084
0.00129307
1.68489e-05
0.00010024
8.87466e-05
1.09726e-06
1.12802e-05
1.2213e-05
0.000203609
0.00124096
0.00015721
0.00129842
1.62118e-05
6.72219e-05
7.51894e-05
3.01966e-07
9.05276e-06
1.06163e-05
0.000128926
0.0012572
0.000122934
0.00130302
1.55699e-05
4.47572e-05
6.36087e-05
1.03212e-07
7.26317e-06
9.22714e-06
8.0181e-05
0.0012703
0.000102567
0.00130697
1.49221e-05
2.96564e-05
5.37436e-05
5.66946e-08
5.82606e-06
8.01876e-06
4.93002e-05
0.00128104
9.20552e-05
0.00131036
1.42676e-05
1.95873e-05
4.53597e-05
4.94878e-08
4.67247e-06
6.96789e-06
3.00984e-05
0.00128988
8.85551e-05
0.00131326
1.36054e-05
1.29093e-05
3.82488e-05
5.29738e-08
3.74675e-06
6.05419e-06
1.82954e-05
0.00129717
9.01546e-05
0.00131575
1.29343e-05
8.49604e-06
3.22278e-05
5.99842e-08
3.0041e-06
5.25988e-06
1.10913e-05
0.00130317
9.5614e-05
0.00131787
1.22533e-05
5.58632e-06
2.71369e-05
6.88189e-08
2.40842e-06
4.56948e-06
6.71307e-06
0.0013081
0.000104162
0.00131969
1.15612e-05
3.67086e-06
2.28376e-05
7.91866e-08
1.93072e-06
3.96945e-06
4.05912e-06
0.00131215
0.000115345
0.00132123
1.08568e-05
2.41121e-06
1.92105e-05
9.11752e-08
1.54766e-06
3.44804e-06
2.45293e-06
0.00131546
0.000128927
0.00132256
1.01389e-05
1.58339e-06
1.61531e-05
1.04994e-07
1.24052e-06
2.99498e-06
1.48178e-06
0.00131816
0.000144813
0.00132368
9.4061e-06
1.03959e-06
1.35779e-05
1.2091e-07
9.9418e-07
2.60136e-06
8.9493e-07
0.00132037
0.000163004
0.00132464
8.65698e-06
6.82482e-07
1.141e-05
1.3924e-07
7.96371e-07
2.25941e-06
5.40451e-07
0.00132218
0.000183557
0.00132546
7.89007e-06
4.48019e-07
9.58603e-06
1.60349e-07
6.36668e-07
1.96245e-06
3.26431e-07
0.00132365
0.000206567
0.00132615
7.10382e-06
2.94203e-07
8.05215e-06
1.84658e-07
5.04789e-07
1.70481e-06
1.97424e-07
0.00132485
0.000232141
0.00132674
6.29658e-06
1.94361e-07
6.7676e-06
2.12652e-07
3.85977e-07
1.48234e-06
1.20346e-07
0.00132582
0.000260383
0.00132725
5.46663e-06
1.40552e-07
5.91943e-06
2.44888e-07
1.34066e-07
7.89888e-08
1.32463e-06
8.19881e-08
0.00132784
0.00126802
0.00030034
0.000155267
2.83254e-05
2.73684e-07
7.60238e-08
8.2583e-08
1.21929e-06
6.45815e-08
0.00132766
0.00127019
0.000353768
0.000121526
1.91551e-05
2.97655e-07
4.35466e-08
9.01157e-08
1.12232e-06
5.08725e-08
0.00132746
0.00127221
0.000413846
9.46041e-05
1.2941e-05
3.23534e-07
2.54936e-08
1.03357e-07
1.03305e-06
4.00777e-08
0.00132725
0.00127413
0.000480119
7.33312e-05
8.73873e-06
3.51574e-07
1.56105e-08
1.24944e-07
9.50887e-07
3.15808e-08
0.00132701
0.00127597
0.000551753
5.66512e-05
5.90106e-06
3.82e-07
1.03951e-08
1.58798e-07
8.7525e-07
2.48984e-08
0.00132676
0.00127774
0.000627482
4.36507e-05
3.98682e-06
4.15038e-07
7.89748e-09
2.10753e-07
8.05627e-07
1.96532e-08
0.00132649
0.00127945
0.00070563
3.35653e-05
2.69654e-06
4.50924e-07
7.04575e-09
2.89472e-07
7.41539e-07
1.55543e-08
0.0013262
0.00128111
0.000784209
2.57697e-05
1.82744e-06
4.89907e-07
7.26877e-09
4.07823e-07
6.82548e-07
1.23836e-08
0.00132588
0.00128271
0.000861082
1.97606e-05
1.24247e-06
5.32256e-07
8.28551e-09
5.84914e-07
6.28247e-07
9.98892e-09
0.00132554
0.00128426
0.00093418
1.51387e-05
8.49103e-07
5.78264e-07
0.00132517
0.00128576
0.00100172
1.15895e-05
0.00132477
0.00128721
0.00106236
8.8675e-06
0.00132433
0.00128862
0.00111533
6.78198e-06
0.00132386
0.00128999
0.00116041
5.18528e-06
0.00132334
0.00129131
0.00119786
3.96351e-06
0.00132278
0.00129259
0.0012283
3.02905e-06
0.00132214
0.00129383
0.00125258
2.31457e-06
0.00132136
0.00129503
0.00127162
1.76847e-06
0.00132023
0.0012962
0.00128634
1.3528e-06
0.00131803
0.00129733
0.00129758
1.09699e-06
0.00133
0.00104306
0.00133
0.000857023
0.00133
0.000675838
0.00133
0.000530157
0.00133
0.000432176
0.00133
0.00038064
0.00133
0.000368612
0.00133
0.000388419
0.00133
0.000433526
0.00133
0.000498645
0.00133
0.000579174
0.00133
0.000670571
0.00133
0.000767982
0.00133
0.000866232
0.00132999
0.000960207
0.00132999
0.00104546
0.00132999
0.00111882
0.00132999
0.00117875
0.00132999
0.00122532
0.00132999
0.00125985
0.00132998
0.00132998
0.00132997
0.00132996
0.00132995
0.00132994
0.00132992
0.0013299
0.00132986
0.00132982
0.00132977
0.0013297
0.00132961
0.00132949
0.00132934
0.00132914
0.00132888
0.00132854
0.00132808
0.00132761
END_LIST
