BEGIN_LIST
0.00128581
0.00128148
0.00127676
0.00127163
0.00126606
0.00126001
0.00125345
0.00124633
0.00123864
0.00123032
0.00122133
0.00121165
0.00120122
0.00119001
0.00117795
0.00116497
0.00115088
0.00113529
0.00111711
0.00109337
0.000811832
0.00131466
0.000728265
0.00130937
0.0006444
0.00130234
0.00056274
0.001293
0.000485424
0.00128068
0.000414061
0.00126452
0.000349668
0.00124351
0.000292705
0.00121653
0.00024317
0.00118238
0.000200716
0.00113992
0.000164773
0.00108832
0.000134654
0.00102721
0.000109628
0.000956948
8.89796e-05
0.000878767
7.20437e-05
0.000794732
5.82263e-05
0.000707552
4.70183e-05
0.000620227
3.80097e-05
0.000535638
3.09222e-05
0.000455879
2.56915e-05
0.000368883
4.43291e-05
2.74916e-05
3.11998e-05
3.10233e-05
0.000115538
3.74653e-05
2.86911e-05
3.46015e-05
2.71278e-05
9.50045e-05
3.16409e-05
3.04032e-05
3.99875e-05
2.37144e-05
7.79412e-05
2.67054e-05
3.24952e-05
4.69868e-05
2.07251e-05
6.38215e-05
2.25278e-05
3.48948e-05
5.55461e-05
1.81084e-05
5.21783e-05
1.89952e-05
3.75662e-05
6.57748e-05
1.5819e-05
4.26047e-05
1.60105e-05
4.04949e-05
7.78741e-05
1.38165e-05
3.47511e-05
1.34906e-05
4.36796e-05
9.21044e-05
1.20657e-05
2.8321e-05
1.13642e-05
4.71269e-05
0.000108768
1.05354e-05
2.30645e-05
9.57074e-06
5.08489e-05
0.0001282
9.198e-06
1.87728e-05
8.05882e-06
5.48611e-05
0.000150758
8.0295e-06
1.52724e-05
6.78465e-06
5.91813e-05
0.000176809
7.00865e-06
1.24197e-05
5.71116e-06
6.38297e-05
0.000206716
6.11674e-06
1.00958e-05
4.80697e-06
6.88276e-05
0.000240812
5.33713e-06
8.20254e-06
4.04554e-06
7.41982e-05
0.000279378
4.65474e-06
6.65783e-06
3.40445e-06
7.99656e-05
0.000322605
4.05525e-06
5.39075e-06
2.86476e-06
8.61554e-05
0.000370555
3.52359e-06
4.33438e-06
2.41048e-06
9.27941e-05
0.000423126
3.04096e-06
3.41248e-06
2.02861e-06
9.99093e-05
0.000480013
2.57846e-06
2.5108e-06
1.65565e-06
0.00010753
0.000540683
2.08302e-06
1.41061e-06
1.82359e-06
1.43563e-06
0.000116541
0.000177485
6.62744e-05
0.000593395
4.58475e-07
8.28667e-06
1.57774e-06
6.77822e-07
1.46177e-06
1.24677e-06
7.22407e-05
0.000239151
4.55215e-05
0.000637446
4.42909e-07
5.44714e-06
1.32407e-06
1.73319e-07
1.17169e-06
1.08273e-06
4.43261e-05
0.000286387
3.21202e-05
0.000682012
4.27301e-07
3.57859e-06
1.11115e-06
4.52055e-08
9.3914e-07
9.40268e-07
2.70268e-05
0.000330954
2.3662e-05
0.000726778
4.11631e-07
2.35015e-06
9.32452e-07
1.28135e-08
7.52724e-07
8.16538e-07
1.64152e-05
0.000377018
1.85184e-05
0.000771387
3.95877e-07
1.54302e-06
7.82477e-07
4.7806e-09
6.03297e-07
7.09082e-07
9.94651e-06
0.00042597
1.5608e-05
0.000815465
3.80018e-07
1.01293e-06
6.56615e-07
2.96981e-09
4.83524e-07
6.15762e-07
6.01828e-06
0.000478096
1.42234e-05
0.000858635
3.64032e-07
6.6488e-07
5.5099e-07
2.77559e-09
3.87525e-07
5.34719e-07
3.63828e-06
0.000533167
1.39083e-05
0.000900536
3.47894e-07
4.36391e-07
4.62351e-07
3.03262e-09
3.10581e-07
4.64339e-07
2.19832e-06
0.000590664
1.43743e-05
0.000940838
3.31579e-07
2.86411e-07
3.87969e-07
3.45079e-09
2.48913e-07
4.0322e-07
1.32785e-06
0.000649871
1.54446e-05
0.000979253
3.15063e-07
1.8797e-07
3.2555e-07
3.96343e-09
1.99487e-07
3.50144e-07
8.01907e-07
0.000709931
1.70174e-05
0.00101554
2.98317e-07
1.23362e-07
2.73172e-07
4.56168e-09
1.59875e-07
3.04053e-07
4.84226e-07
0.000769908
1.90416e-05
0.00104953
2.81313e-07
8.09594e-08
2.2922e-07
5.25266e-09
1.28128e-07
2.64028e-07
2.92376e-07
0.000828836
2.1501e-05
0.00108108
2.64022e-07
5.31312e-08
1.92339e-07
6.04891e-09
1.02683e-07
2.29271e-07
1.76529e-07
0.000885788
2.44044e-05
0.00111015
2.46413e-07
3.48682e-08
1.61391e-07
6.96601e-09
8.22875e-08
1.99089e-07
1.06582e-07
0.000939935
2.77794e-05
0.00113671
2.28452e-07
2.28828e-08
1.35422e-07
8.02221e-09
6.59298e-08
1.72881e-07
6.43494e-08
0.000990589
3.16687e-05
0.0011608
2.10106e-07
1.50171e-08
1.13632e-07
9.23856e-09
5.278e-08
1.50123e-07
3.88525e-08
0.00103724
3.61272e-05
0.0011825
1.91338e-07
9.85542e-09
9.53476e-08
1.06393e-08
4.21047e-08
1.30367e-07
2.34636e-08
0.00107957
4.12217e-05
0.00120193
1.72111e-07
6.47038e-09
8.00063e-08
1.22525e-08
3.30854e-08
1.13234e-07
1.41894e-08
0.00111744
4.70296e-05
0.00121921
1.52386e-07
4.27376e-09
6.71828e-08
1.41102e-08
2.42852e-08
9.84429e-08
8.64902e-09
0.00115089
5.36393e-05
0.00123451
1.32119e-07
3.09011e-09
5.87266e-08
1.62497e-08
8.06559e-09
4.62516e-09
8.79603e-08
5.89205e-09
0.00119209
0.000889795
6.33874e-05
3.94733e-06
6.89827e-07
1.81608e-08
4.58081e-09
4.53871e-09
8.09598e-08
4.641e-09
0.00118187
0.000902283
7.71719e-05
3.0164e-06
4.65077e-07
1.97518e-08
2.63299e-09
4.55781e-09
7.45164e-08
3.65572e-09
0.00117102
0.000913409
9.38544e-05
2.30471e-06
3.13733e-07
2.14695e-08
1.55282e-09
4.72431e-09
6.85858e-08
2.87986e-09
0.00115953
0.000923754
0.000113924
1.76076e-06
2.11838e-07
2.33307e-08
9.64746e-10
5.10095e-09
6.31271e-08
2.26911e-09
0.00114736
0.000933625
0.000137927
1.34508e-06
1.43251e-07
2.53503e-08
6.5866e-10
5.78142e-09
5.81029e-08
1.78866e-09
0.00113451
0.000943187
0.000166452
1.02747e-06
9.70999e-08
2.75435e-08
5.17813e-10
6.90541e-09
5.34786e-08
1.41135e-09
0.00112095
0.000952523
0.000200097
7.84826e-07
6.60616e-08
2.99257e-08
4.78334e-10
8.68077e-09
4.92222e-08
1.11611e-09
0.00110668
0.000961681
0.000239433
5.99461e-07
4.52042e-08
3.25137e-08
5.06578e-10
1.14166e-08
4.53047e-08
8.87033e-10
0.00109167
0.000970682
0.000284949
4.57864e-07
3.12062e-08
3.53254e-08
5.86511e-10
1.55725e-08
4.16989e-08
7.1278e-10
0.00107594
0.000979539
0.000336975
3.49706e-07
2.1831e-08
3.83801e-08
0.00105946
0.000988257
0.000395602
2.67093e-07
0.00104224
0.000996837
0.000460587
2.03994e-07
0.00102428
0.00100528
0.000531284
1.558e-07
0.00100559
0.00101359
0.000606585
1.18992e-07
0.000986164
0.00102175
0.000684935
9.08786e-08
0.000965966
0.00102978
0.000764406
6.94073e-08
0.000944844
0.00103767
0.000842846
5.30088e-08
0.000922286
0.00104542
0.00091809
4.04856e-08
0.000896635
0.00105303
0.000988189
3.09597e-08
0.000862582
0.0010605
0.00105161
2.50998e-08
0.00126797
0.000377791
0.00125649
0.00026008
0.00124306
0.000181645
0.00122742
0.000133563
0.0012093
0.000107637
0.00118841
9.77612e-05
0.00116448
9.99511e-05
0.00113726
0.000111926
0.00110655
0.000132649
0.0010722
0.000161951
0.00103418
0.000200216
0.000992527
0.000248126
0.000947439
0.000306403
0.000899233
0.000375523
0.000848362
0.00045541
0.000795402
0.000545121
0.000741022
0.000642606
0.000685956
0.000744633
0.000630984
0.000846993
0.000576104
0.000945015
0.000513359
0.00044469
0.000381384
0.000324166
0.000273351
0.000228909
0.000190552
0.000157818
0.000130149
0.000106946
8.76173e-05
7.1605e-05
5.83999e-05
4.75505e-05
3.86637e-05
3.1403e-05
2.54802e-05
2.06732e-05
1.66804e-05
1.39374e-05
END_LIST
