BEGIN_LIST
0.1
0.1
0.1
0.1
0.1
0.1
0.1
0.1
0.1
0.1
0.1
0.1
0.1
0.1
0.1
0.1
0.1
0.1
0.100001
0.100001
0.100001
0.100001
0.100001
0.100001
0.100001
0.100001
0.100001
0.100001
0.100001
0.100001
0.100001
0.100002
0.100001
0.100002
0.100001
0.100002
0.100001
0.100002
0.100001
0.100002
0.100001
0.100002
0.100001
0.100002
0.100001
0.100003
0.100001
0.100003
0.100001
0.100003
0.100001
0.100003
0.100001
0.100003
0.100001
0.100003
0.100001
0.100003
0.100001
0.100003
0.100001
0.100003
0.100004
0.100003
0.100002
0.100001
0.100004
0.100004
0.100003
0.100002
0.100001
0.100004
0.100004
0.100003
0.100002
0.100002
0.100004
0.100004
0.100003
0.100002
0.100002
0.100004
0.100004
0.100003
0.100002
0.100002
0.100004
0.100004
0.100003
0.100003
0.100002
0.100004
0.100004
0.100002
0.100003
0.100002
0.100004
0.100004
0.100002
0.100003
0.100002
0.100004
0.100004
0.100002
0.100003
0.100002
0.100004
0.100003
0.100002
0.100003
0.100002
0.100004
0.100003
0.100002
0.100004
0.100002
0.100004
0.100003
0.100002
0.100004
0.100002
0.100004
0.100003
0.100002
0.100004
0.100002
0.100004
0.100003
0.100002
0.100004
0.100003
0.100004
0.100003
0.100002
0.100004
0.100003
0.100004
0.100003
0.100002
0.100005
0.100003
0.100004
0.100003
0.100002
0.100005
0.100003
0.100004
0.100003
0.100001
0.100005
0.100003
0.100004
0.100003
0.100001
0.100005
0.100004
0.100004
0.100003
0.100001
0.100006
0.100005
0.100004
0.100004
0.100003
0.100002
0.100004
0.100001
0.100006
0.100006
0.100005
0.100006
0.100004
0.100004
0.100004
0.100002
0.100004
0.100001
0.100006
0.100006
0.100005
0.100006
0.100005
0.100004
0.100004
0.100002
0.100005
0.100001
0.100006
0.100006
0.100005
0.100006
0.100005
0.100005
0.100004
0.100002
0.100005
0.100001
0.100006
0.100006
0.100005
0.100006
0.100005
0.100005
0.100005
0.100002
0.100005
0.100001
0.100006
0.100006
0.100005
0.100006
0.100005
0.100005
0.100005
0.100001
0.100005
0.100001
0.100006
0.100006
0.100005
0.100006
0.100005
0.100005
0.100005
0.100001
0.100005
0.100001
0.100006
0.100007
0.100005
0.100006
0.100005
0.100005
0.100006
0.100001
0.100005
0.100001
0.100006
0.100007
0.100005
0.100006
0.100005
0.100005
0.100006
0.100001
0.100005
0.100001
0.100007
0.100007
0.100005
0.100006
0.100005
0.100005
0.100006
0.100001
0.100005
0.100001
0.100007
0.100007
0.100005
0.100006
0.100005
0.100005
0.100006
0.100001
0.100005
0.100001
0.100007
0.100007
0.100005
0.100006
0.100005
0.100005
0.100007
0.100001
0.100005
0.100001
0.100007
0.100007
0.100006
0.100006
0.100005
0.100005
0.100007
0.100001
0.100005
0.1
0.100007
0.100007
0.100006
0.100006
0.100005
0.100005
0.100007
0.100001
0.100005
0.1
0.100007
0.100007
0.100006
0.100006
0.100005
0.100005
0.100008
0.100001
0.100004
0.1
0.100007
0.100008
0.100006
0.100006
0.100005
0.100005
0.100008
0.100001
0.100004
0.1
0.100007
0.100008
0.100006
0.100006
0.100005
0.100005
0.100008
0.100001
0.100004
0.1
0.100007
0.100008
0.100006
0.100006
0.100005
0.100005
0.100008
0.100001
0.100004
0.1
0.100007
0.100008
0.100006
0.100006
0.100006
0.100005
0.100009
0.1
0.100004
0.1
0.100007
0.100008
0.100006
0.100005
0.100007
0.100005
0.100009
0.1
0.100004
0.1
0.100007
0.100008
0.100006
0.100005
0.100008
0.100007
0.100005
0.100009
0.1
0.1
0.100004
0.100007
0.100007
0.100005
0.100009
0.100007
0.100005
0.100009
0.1
0.1
0.100004
0.100007
0.100007
0.100005
0.100009
0.100007
0.100005
0.100009
0.1
0.1
0.100003
0.100007
0.100007
0.100005
0.10001
0.100007
0.100005
0.100009
0.100001
0.1
0.100003
0.100007
0.100007
0.100005
0.10001
0.100007
0.100005
0.10001
0.100001
0.1
0.100003
0.100007
0.100007
0.100005
0.10001
0.100007
0.100005
0.10001
0.100001
0.1
0.100003
0.100007
0.100007
0.100005
0.10001
0.100007
0.100005
0.10001
0.100001
0.1
0.100003
0.100007
0.100007
0.100005
0.10001
0.100007
0.100005
0.10001
0.100001
0.1
0.100002
0.100008
0.100007
0.100005
0.10001
0.100007
0.100005
0.10001
0.100001
0.1
0.100002
0.100008
0.100007
0.100005
0.10001
0.100007
0.100005
0.100001
0.1
0.100002
0.100008
0.1
0.1
0.100002
0.100008
0.0999997
0.1
0.100002
0.100008
0.0999977
0.1
0.100001
0.100008
0.0999921
0.1
0.100001
0.100008
0.0999758
0.1
0.100001
0.100008
0.0999288
0.1
0.100001
0.100008
0.0997935
0.1
0.100001
0.100008
0.0994038
0.1
0.1
0.100008
0.0982819
0.1
0.1
0.100008
0.0950517
0.1
0.1
0.100008
0.0950517
0.070787
0.0950517
0.0525081
0.0950517
0.0393966
0.0950517
0.0306115
0.0950517
0.0253087
0.0950517
0.0227384
0.0950517
0.0223126
0.0950517
0.023614
0.0950517
0.0263646
0.0950517
0.0303788
0.0950518
0.035515
0.0950518
0.0416346
0.0950518
0.0485718
0.0950518
0.0561181
0.0950518
0.0640231
0.0950518
0.072012
0.0950518
0.0798133
0.0950518
0.0871885
0.0950518
0.0939556
0.0950518
0.1
0.0950518
0.0950518
0.0950518
0.0950518
0.0950518
0.0950519
0.0950519
0.0950519
0.0950519
0.0950519
0.0950519
0.0950519
0.0950519
0.0950519
0.0950519
0.0950519
0.095052
0.095052
0.095052
0.095052
END_LIST
