BEGIN_LIST
0
2.66264e-157
9.29943e-157
2.57692e-156
6.65674e-156
1.6756e-155
4.17476e-155
1.03586e-154
2.56591e-154
6.35158e-154
1.57182e-153
3.8894e-153
9.62375e-153
2.38124e-152
5.89203e-152
1.45792e-151
3.6075e-151
8.92656e-151
2.20889e-150
5.46595e-150
1.35388e-149
6.2031e-149
1.3729e-149
1.52388e-148
1.3922e-149
3.18006e-148
1.41178e-149
6.18694e-148
1.43163e-149
1.16153e-147
1.45177e-149
2.1382e-147
1.4722e-149
3.89191e-147
1.49293e-149
7.03695e-147
1.51395e-149
1.26731e-146
1.53534e-149
2.27689e-146
1.55966e-149
4.08488e-146
1.69707e-149
7.32217e-146
6.67105e-149
1.31183e-145
2.19048e-147
2.34953e-145
9.32472e-146
4.20733e-145
3.99815e-144
7.53338e-145
1.7145e-142
1.34881e-144
7.35239e-141
2.41489e-144
3.1527e-139
4.32359e-144
1.35193e-137
7.74091e-144
5.79745e-136
7.96674e-144
1.02495e-143
4.47442e-144
1.37938e-135
6.05627e-136
8.19916e-144
1.17477e-143
2.58633e-144
2.6987e-135
6.32661e-136
8.43838e-144
1.25916e-143
1.49497e-144
4.8043e-135
6.60898e-136
8.68459e-144
1.30131e-143
8.64136e-145
8.0811e-135
6.90386e-136
8.938e-144
1.31629e-143
4.99498e-145
1.30788e-134
7.21173e-136
9.19881e-144
1.31391e-143
2.88727e-145
2.05744e-134
7.53302e-136
9.46725e-144
1.30055e-143
1.66896e-145
3.16551e-134
7.86805e-136
9.74353e-144
1.28034e-143
9.64723e-146
4.78268e-134
8.21687e-136
1.00279e-143
1.25597e-143
5.57651e-146
7.11545e-134
8.57913e-136
1.03206e-143
1.22918e-143
3.22348e-146
1.04441e-133
8.95352e-136
1.06218e-143
1.20111e-143
1.86332e-146
1.51447e-133
9.33709e-136
1.09318e-143
1.17247e-143
1.07709e-146
2.17162e-133
9.72365e-136
1.12509e-143
1.14373e-143
6.2261e-147
3.08117e-133
1.0101e-135
1.15794e-143
1.11519e-143
3.59898e-147
4.32737e-133
1.04458e-135
1.19174e-143
1.08703e-143
2.08037e-147
6.017e-133
1.07132e-135
1.22653e-143
1.05936e-143
1.20253e-147
8.28264e-133
1.08191e-135
1.26234e-143
1.03227e-143
6.95083e-148
1.12846e-132
1.06049e-135
1.29929e-143
1.00577e-143
4.01749e-148
1.52099e-132
9.77323e-136
1.32922e-143
9.79901e-144
2.32186e-148
2.02662e-132
7.76626e-136
2.07513e-143
9.54656e-144
1.34168e-148
2.6666e-132
3.5391e-136
5.42222e-143
2.11708e-143
6.47849e-143
4.30465e-144
7.80663e-144
9.35169e-149
2.77968e-132
2.82186e-132
3.58956e-136
1.05689e-136
1.43316e-142
2.15987e-143
1.74794e-142
1.94101e-144
6.3876e-144
6.51685e-149
2.8821e-132
2.98617e-132
3.64075e-136
3.15623e-137
3.80508e-142
2.20353e-143
3.88802e-142
8.75226e-145
5.2297e-144
4.53999e-149
2.97291e-132
3.16004e-132
3.69266e-136
9.42557e-138
1.01201e-141
2.24808e-143
7.99716e-142
3.9465e-145
4.28435e-144
3.16149e-149
3.0512e-132
3.34404e-132
3.74532e-136
2.8148e-138
2.6934e-141
2.29352e-143
1.5828e-141
1.77952e-145
3.51209e-144
2.20028e-149
3.1161e-132
3.53875e-132
3.79872e-136
8.40628e-139
7.17008e-141
2.33989e-143
3.06862e-141
8.02399e-146
2.88085e-144
1.53007e-149
3.16678e-132
3.7448e-132
3.85289e-136
2.51075e-139
1.90893e-140
2.38719e-143
5.88054e-141
3.61806e-146
2.36454e-144
1.06281e-149
3.20244e-132
3.96285e-132
3.90783e-136
7.50142e-140
5.08245e-140
2.43546e-143
1.1194e-140
1.63137e-146
1.94197e-144
7.37082e-150
3.22233e-132
4.19359e-132
3.96355e-136
2.24363e-140
1.3532e-139
2.4847e-143
2.12252e-140
7.35541e-147
1.59587e-144
5.10049e-150
3.22579e-132
4.43777e-132
4.02007e-136
6.73412e-141
3.60292e-139
2.53493e-143
4.01529e-140
3.316e-147
1.31222e-144
3.51843e-150
3.21219e-132
4.69617e-132
4.0774e-136
2.04429e-141
9.59281e-139
2.58619e-143
7.58554e-140
1.4946e-147
1.07959e-144
2.41636e-150
3.18097e-132
4.96961e-132
4.13554e-136
6.43102e-142
2.5541e-138
2.63848e-143
1.43187e-139
6.73318e-148
8.88659e-145
1.64898e-150
3.13166e-132
5.25898e-132
4.19451e-136
2.24018e-142
6.80031e-138
2.69183e-143
2.70151e-139
3.03012e-148
7.31845e-145
1.11497e-150
3.06386e-132
5.56519e-132
4.25432e-136
9.82326e-143
1.81059e-137
2.74626e-143
5.09547e-139
1.36056e-148
6.02961e-145
7.43696e-151
2.97725e-132
5.88923e-132
4.31498e-136
6.00475e-143
4.82072e-137
2.80179e-143
9.60917e-139
6.07945e-149
4.96958e-145
4.8587e-151
2.87161e-132
6.23212e-132
4.37651e-136
4.80351e-143
1.28352e-136
2.85845e-143
1.81193e-138
2.68788e-149
4.09715e-145
3.07126e-151
2.7468e-132
6.59484e-132
4.43892e-136
4.38508e-143
3.41739e-136
2.91626e-143
3.41641e-138
1.16057e-149
3.37866e-145
1.83505e-151
2.60278e-132
6.97784e-132
4.50222e-136
4.2016e-143
9.09881e-136
2.97525e-143
6.44142e-138
4.73825e-150
2.78657e-145
9.82916e-152
2.43963e-132
7.37768e-132
4.56639e-136
4.08945e-143
2.42257e-135
3.03546e-143
1.21446e-137
1.66029e-150
2.29836e-145
3.98319e-152
2.2575e-132
7.76572e-132
4.63062e-136
3.99974e-143
6.45009e-135
3.097e-143
2.28968e-137
2.90393e-151
1.8956e-145
0
2.05668e-132
7.95046e-132
4.66255e-136
3.91785e-143
4.86595e-135
8.78937e-135
3.13358e-143
3.0378e-137
2.95411e-151
1.64669e-151
1.40782e-145
2.09424e-132
1.55078e-132
3.8717e-143
3.67085e-135
1.19025e-134
3.1706e-143
4.0296e-137
3.00516e-151
9.3376e-152
1.04506e-145
2.1325e-132
1.16924e-132
3.82628e-143
2.76926e-135
1.60423e-134
3.20805e-143
5.34447e-137
3.0571e-151
5.29482e-152
7.75046e-146
2.17145e-132
8.81481e-133
3.78149e-143
2.0891e-135
2.15438e-134
3.24594e-143
7.08755e-137
3.10993e-151
3.00228e-152
5.73943e-146
2.21112e-132
6.64462e-133
3.73728e-143
1.57599e-135
2.88513e-134
3.28429e-143
9.39829e-137
3.16368e-151
1.70229e-152
4.24129e-146
2.25151e-132
5.00796e-133
3.69361e-143
1.18889e-135
3.8554e-134
3.32308e-143
1.24615e-136
3.21836e-151
9.65116e-153
3.1254e-146
2.29263e-132
3.7737e-133
3.65046e-143
8.96864e-136
5.14331e-134
3.36234e-143
1.65221e-136
3.27399e-151
5.47093e-153
2.29472e-146
2.33451e-132
2.84294e-133
3.60783e-143
6.7656e-136
6.8524e-134
3.40206e-143
2.19048e-136
3.33058e-151
3.1005e-153
1.67704e-146
2.37716e-132
2.14107e-133
3.5657e-143
5.10363e-136
9.12003e-134
3.44225e-143
2.90401e-136
3.38815e-151
1.75635e-153
1.2185e-146
2.42058e-132
1.61184e-133
3.52406e-143
3.84985e-136
1.21283e-133
3.48292e-143
3.44671e-151
9.94167e-154
8.78878e-147
2.4648e-132
3.50628e-151
5.61997e-154
6.28106e-147
2.50982e-132
3.56687e-151
3.16966e-154
4.43658e-147
2.55567e-132
3.62844e-151
1.78055e-154
3.08658e-147
2.60235e-132
3.69092e-151
9.93201e-155
2.10455e-147
2.64989e-132
3.75402e-151
5.47085e-155
1.39563e-147
2.69829e-132
3.81691e-151
2.94462e-155
8.88764e-148
2.74758e-132
3.87721e-151
1.51555e-155
5.30729e-148
2.79777e-132
3.92814e-151
7.08598e-156
2.81764e-148
2.84884e-132
3.95046e-151
2.54335e-156
1.12207e-148
2.89987e-132
3.88971e-151
0
0
2.92516e-132
3.92313e-151
3.1325e-151
3.95684e-151
2.45658e-151
3.99084e-151
1.88137e-151
4.02513e-151
1.41579e-151
4.05972e-151
1.05551e-151
4.0946e-151
7.86183e-152
4.12979e-151
5.89266e-152
4.16527e-151
4.46677e-152
4.20107e-151
3.43217e-152
4.23717e-151
2.67171e-152
4.27358e-151
2.10004e-152
4.3103e-151
1.65748e-152
4.34734e-151
1.30371e-152
4.38471e-151
1.01252e-152
4.42239e-151
7.67523e-153
4.46039e-151
5.58841e-153
4.49873e-151
3.807e-153
4.53739e-151
2.29644e-153
4.57639e-151
1.03367e-153
4.61564e-151
0
4.67074e-151
4.72651e-151
4.78294e-151
4.84005e-151
4.89783e-151
4.95631e-151
5.0155e-151
5.07538e-151
5.13599e-151
5.19732e-151
5.25938e-151
5.32219e-151
5.38575e-151
5.45007e-151
5.51517e-151
5.58098e-151
5.6479e-151
5.71411e-151
5.7882e-151
5.82995e-151
END_LIST
