BEGIN_LIST
0
5.75732e-79
2.00471e-78
5.52966e-78
1.42028e-77
3.55208e-77
8.78948e-77
2.16544e-76
5.32533e-76
1.30863e-75
3.21475e-75
7.89635e-75
1.93944e-74
4.76343e-74
1.16992e-73
2.87339e-73
7.05713e-73
1.73325e-72
4.25695e-72
1.04552e-71
2.56782e-71
1.16193e-70
2.6184e-71
2.81445e-70
2.66999e-71
5.7597e-70
2.72258e-71
1.0932e-69
2.77622e-71
1.99306e-69
2.83091e-71
3.54917e-69
2.88668e-71
6.22952e-69
2.94354e-71
1.08343e-68
3.00153e-71
1.87314e-68
3.06066e-71
3.22593e-68
3.12095e-71
5.5415e-68
3.18244e-71
9.50301e-68
3.24518e-71
1.62781e-67
3.31134e-71
2.78624e-67
3.47185e-71
4.76663e-67
7.62641e-71
8.1519e-67
1.83001e-69
1.39382e-66
7.7009e-68
2.3828e-66
3.30066e-66
4.0731e-66
1.41536e-64
6.96196e-66
6.06947e-63
7.2485e-66
9.03776e-66
4.11585e-66
1.44411e-62
6.34039e-63
7.54682e-66
1.02402e-65
2.43325e-66
2.82538e-62
6.62339e-63
7.85742e-66
1.08738e-65
1.43851e-66
5.0299e-62
6.91896e-63
8.18081e-66
1.11386e-65
8.50434e-67
8.46075e-62
7.22764e-63
8.5175e-66
1.11663e-65
5.02767e-67
1.36936e-61
7.54991e-63
8.86806e-66
1.10433e-65
2.9723e-67
2.15422e-61
7.88622e-63
9.23304e-66
1.08262e-65
1.75719e-67
3.31452e-61
8.23691e-63
9.61304e-66
1.05523e-65
1.03882e-67
5.008e-61
8.60206e-63
1.00087e-65
1.02458e-65
6.14137e-68
7.45097e-61
8.98127e-63
1.04206e-65
9.92238e-66
3.63068e-68
1.0937e-60
9.37321e-63
1.08495e-65
9.5924e-66
2.14639e-68
1.58602e-60
9.77479e-63
1.1296e-65
9.2624e-66
1.26889e-68
2.27433e-60
1.01796e-62
1.17609e-65
8.93654e-66
7.50132e-69
3.22706e-60
1.05749e-62
1.2245e-65
8.6174e-66
4.43448e-69
4.53249e-60
1.09363e-62
1.27489e-65
8.30654e-66
2.62145e-69
6.30254e-60
1.12173e-62
1.32736e-65
8.00485e-66
1.54961e-69
8.67616e-60
1.133e-62
1.38199e-65
7.71277e-66
9.15961e-70
1.18214e-59
1.11093e-62
1.43887e-65
7.43046e-66
5.4137e-70
1.59343e-59
1.02452e-62
1.49795e-65
7.1579e-66
3.19927e-70
2.12325e-59
8.15634e-63
1.57263e-65
6.89496e-66
1.89022e-70
2.79388e-59
3.75339e-63
1.61766e-65
1.61751e-65
8.3006e-66
3.16055e-66
1.02597e-65
1.33697e-70
2.91239e-59
2.95657e-59
3.80718e-63
1.16625e-63
1.66403e-65
1.66367e-65
9.99314e-66
1.44875e-66
1.2539e-65
9.45359e-71
3.01972e-59
3.12873e-59
3.86175e-63
3.9242e-64
1.71188e-65
1.71114e-65
1.20314e-65
6.64083e-67
1.39596e-65
6.68165e-71
3.11488e-59
3.31092e-59
3.91711e-63
1.60113e-64
1.76151e-65
1.75997e-65
1.44866e-65
3.04405e-67
1.47098e-65
4.71977e-71
3.19694e-59
3.50371e-59
3.97326e-63
8.9551e-65
1.81365e-65
1.8102e-65
1.74451e-65
1.39533e-67
1.49442e-65
3.33135e-71
3.26496e-59
3.70774e-59
4.03021e-63
6.73218e-65
1.87017e-65
1.86186e-65
2.1012e-65
6.39585e-68
1.47894e-65
2.34887e-71
3.31807e-59
3.92364e-59
4.08798e-63
5.95578e-65
1.93599e-65
1.91499e-65
2.53161e-65
2.93166e-68
1.43483e-65
1.65377e-71
3.35545e-59
4.15212e-59
4.14659e-63
5.61446e-65
2.02419e-65
1.96964e-65
3.05169e-65
1.34374e-68
1.37037e-65
1.1621e-71
3.37632e-59
4.3939e-59
4.20603e-63
5.40611e-65
2.16946e-65
2.02585e-65
3.68146e-65
6.15866e-69
1.29217e-65
8.14434e-72
3.37996e-59
4.64976e-59
4.26633e-63
5.24041e-65
2.4641e-65
2.08366e-65
4.44653e-65
2.82225e-69
1.20548e-65
5.68687e-72
3.36572e-59
4.92052e-59
4.3275e-63
5.09032e-65
3.15379e-65
2.14312e-65
5.38069e-65
1.29293e-69
1.11437e-65
3.95084e-72
3.33302e-59
5.20705e-59
4.38954e-63
4.94768e-65
4.8926e-65
2.20428e-65
6.53007e-65
5.91961e-70
1.02198e-65
2.72534e-72
3.28137e-59
5.51026e-59
4.45248e-63
4.80999e-65
9.42177e-65
2.26719e-65
7.96064e-65
2.70685e-70
9.30671e-66
1.86111e-72
3.21034e-59
5.83113e-59
4.51632e-63
4.6764e-65
2.13773e-64
2.33189e-65
9.77139e-65
1.23453e-70
8.42178e-66
1.2525e-72
3.11961e-59
6.17069e-59
4.58108e-63
4.54662e-65
5.31018e-64
2.39844e-65
1.21185e-64
5.59974e-71
7.57733e-66
8.24695e-73
3.00893e-59
6.52999e-59
4.64677e-63
4.42045e-65
1.37457e-63
2.46688e-65
1.526e-64
2.5109e-71
6.78162e-66
5.24745e-73
2.87816e-59
6.91008e-59
4.7134e-63
4.2978e-65
3.61934e-63
2.53729e-65
1.96381e-64
1.09803e-71
6.03975e-66
3.15179e-73
2.72727e-59
7.31142e-59
4.78099e-63
4.17855e-65
9.59469e-63
2.60972e-65
2.60344e-64
4.5323e-72
5.35429e-66
1.69466e-73
2.55632e-59
7.73042e-59
4.84953e-63
4.06261e-65
2.55025e-62
2.68428e-65
3.58595e-64
1.60345e-72
4.72595e-66
6.88345e-74
2.36549e-59
8.13703e-59
4.91813e-63
3.94989e-65
6.78543e-62
2.76115e-65
5.16977e-64
2.8629e-73
4.15399e-66
0
2.15507e-59
8.33063e-59
4.95223e-63
3.8403e-65
5.14205e-62
9.23871e-62
2.80709e-65
6.18744e-64
2.93262e-73
1.63867e-73
3.37944e-66
2.19444e-59
1.625e-59
3.77769e-65
3.90079e-62
1.2503e-61
2.8538e-65
7.47665e-64
3.00404e-73
9.37935e-74
2.72532e-66
2.23453e-59
1.22522e-59
3.71599e-65
2.96293e-62
1.68432e-61
2.90128e-65
9.12064e-64
3.0772e-73
5.36839e-74
2.17909e-66
2.27535e-59
9.23708e-60
3.65524e-65
2.25399e-62
2.26105e-61
2.94955e-65
1.12292e-63
3.15214e-73
3.07253e-74
1.72762e-66
2.31692e-59
6.96312e-60
3.59545e-65
1.71782e-62
3.02703e-61
2.99863e-65
1.39476e-63
3.22891e-73
1.75842e-74
1.35799e-66
2.35924e-59
5.24819e-60
3.53662e-65
1.31205e-62
4.04401e-61
3.04853e-65
1.74677e-63
3.30754e-73
1.00625e-74
1.05809e-66
2.40234e-59
3.95488e-60
3.47875e-65
1.00472e-62
5.39383e-61
3.09925e-65
2.20435e-63
3.38809e-73
5.75717e-75
8.16871e-67
2.44623e-59
2.97957e-60
3.42182e-65
7.71729e-63
7.18501e-61
3.15082e-65
2.80115e-63
3.47061e-73
3.29291e-75
6.24493e-67
2.49092e-59
2.2441e-60
3.36582e-65
5.94891e-63
9.56145e-61
3.20325e-65
3.58167e-63
3.55513e-73
1.88247e-75
4.72364e-67
2.53643e-59
1.68953e-60
3.31073e-65
4.60487e-63
1.27139e-60
3.25655e-65
3.6417e-73
1.07522e-75
3.53098e-67
2.58276e-59
3.73038e-73
6.13226e-76
2.60424e-67
2.62995e-59
3.82119e-73
3.48854e-76
1.89084e-67
2.67799e-59
3.91416e-73
1.97596e-76
1.34715e-67
2.72691e-59
4.00922e-73
1.11083e-76
9.37318e-68
2.77673e-59
4.10612e-73
6.16266e-77
6.32145e-68
2.82746e-59
4.20403e-73
3.33792e-77
4.08073e-68
2.87911e-59
4.30055e-73
1.72697e-77
2.46245e-68
2.93171e-59
4.38878e-73
8.10622e-78
1.31704e-68
2.98523e-59
4.44926e-73
2.91665e-78
5.26812e-69
3.03871e-59
4.42713e-73
0
0
3.06521e-59
4.48035e-73
3.79012e-73
4.53421e-73
3.14868e-73
4.58872e-73
2.55166e-73
4.64388e-73
2.03392e-73
4.69971e-73
1.6105e-73
4.7562e-73
1.2789e-73
4.81338e-73
1.02603e-73
4.87125e-73
8.35073e-74
4.92981e-73
6.89796e-74
4.98907e-73
5.76563e-74
5.04905e-73
4.8484e-74
5.10975e-73
4.07054e-74
5.17118e-73
3.38184e-74
5.23335e-73
2.75287e-74
5.29626e-73
2.16996e-74
5.35994e-73
1.63031e-74
5.42438e-73
1.13752e-74
5.48959e-73
6.97813e-75
5.5556e-73
3.17249e-75
5.62219e-73
0
5.71614e-73
5.81167e-73
5.90879e-73
6.00753e-73
6.10793e-73
6.21e-73
6.31378e-73
6.4193e-73
6.52658e-73
6.63565e-73
6.74655e-73
6.85931e-73
6.97395e-73
7.0905e-73
7.20903e-73
7.32941e-73
7.45242e-73
7.57463e-73
7.71219e-73
7.78995e-73
END_LIST
