BEGIN_LIST
0.1
0.1
0.1
0.1
0.1
0.1
0.1
0.1
0.1
0.1
0.1
0.1
0.1
0.1
0.1
0.1
0.1
0.1
0.100001
0.100001
0.100001
0.100001
0.100001
0.100001
0.100001
0.100001
0.100001
0.100001
0.100001
0.100001
0.100001
0.100002
0.100001
0.100002
0.100001
0.100002
0.100001
0.100002
0.100001
0.100002
0.100001
0.100002
0.100001
0.100002
0.100001
0.100003
0.100001
0.100003
0.100001
0.100003
0.100001
0.100003
0.100001
0.100003
0.100001
0.100003
0.100001
0.100003
0.100001
0.100003
0.100001
0.100003
0.100004
0.100003
0.100002
0.100001
0.100004
0.100004
0.100003
0.100002
0.100001
0.100004
0.100004
0.100003
0.100002
0.100002
0.100004
0.100004
0.100003
0.100002
0.100002
0.100004
0.100004
0.100003
0.100002
0.100002
0.100004
0.100004
0.100003
0.100003
0.100002
0.100004
0.100004
0.100002
0.100003
0.100002
0.100004
0.100004
0.100002
0.100003
0.100002
0.100004
0.100004
0.100002
0.100003
0.100002
0.100004
0.100003
0.100002
0.100003
0.100002
0.100004
0.100003
0.100002
0.100004
0.100002
0.100004
0.100003
0.100002
0.100004
0.100002
0.100004
0.100003
0.100002
0.100004
0.100002
0.100004
0.100003
0.100002
0.100004
0.100003
0.100004
0.100003
0.100002
0.100004
0.100003
0.100004
0.100003
0.100002
0.100005
0.100003
0.100004
0.100003
0.100002
0.100005
0.100003
0.100004
0.100003
0.100001
0.100005
0.100003
0.100004
0.100003
0.100001
0.100005
0.100004
0.100004
0.100003
0.100001
0.100006
0.100005
0.100004
0.100004
0.100003
0.100002
0.100004
0.100001
0.100006
0.100006
0.100005
0.100006
0.100004
0.100004
0.100004
0.100002
0.100004
0.100001
0.100006
0.100006
0.100005
0.100006
0.100005
0.100004
0.100004
0.100002
0.100005
0.100001
0.100006
0.100006
0.100005
0.100006
0.100005
0.100005
0.100004
0.100002
0.100005
0.100001
0.100006
0.100006
0.100005
0.100006
0.100005
0.100005
0.100005
0.100002
0.100005
0.100001
0.100006
0.100006
0.100005
0.100006
0.100005
0.100005
0.100005
0.100001
0.100005
0.100001
0.100006
0.100006
0.100005
0.100006
0.100005
0.100005
0.100005
0.100001
0.100005
0.100001
0.100006
0.100007
0.100005
0.100006
0.100005
0.100005
0.100006
0.100001
0.100005
0.100001
0.100006
0.100007
0.100005
0.100006
0.100005
0.100005
0.100006
0.100001
0.100005
0.100001
0.100007
0.100007
0.100005
0.100006
0.100005
0.100005
0.100006
0.100001
0.100005
0.100001
0.100007
0.100007
0.100005
0.100006
0.100005
0.100005
0.100006
0.100001
0.100005
0.100001
0.100007
0.100007
0.100005
0.100006
0.100005
0.100005
0.100007
0.100001
0.100005
0.100001
0.100007
0.100007
0.100006
0.100006
0.100005
0.100005
0.100007
0.100001
0.100005
0.1
0.100007
0.100007
0.100006
0.100006
0.100005
0.100005
0.100007
0.100001
0.100005
0.1
0.100007
0.100007
0.100006
0.100006
0.100005
0.100005
0.100008
0.100001
0.100004
0.1
0.100007
0.100008
0.100006
0.100006
0.100005
0.100005
0.100008
0.100001
0.100004
0.1
0.100007
0.100008
0.100006
0.100006
0.100005
0.100005
0.100008
0.100001
0.100004
0.1
0.100007
0.100008
0.100006
0.100006
0.100005
0.100005
0.100008
0.100001
0.100004
0.1
0.100007
0.100008
0.100006
0.100006
0.100006
0.100005
0.100009
0.1
0.100004
0.1
0.100007
0.100008
0.100006
0.100005
0.100007
0.100005
0.100009
0.1
0.100004
0.1
0.100007
0.100008
0.100006
0.100005
0.100008
0.100007
0.100005
0.100009
0.1
0.1
0.100004
0.100007
0.100007
0.100005
0.100009
0.100007
0.100005
0.100009
0.1
0.1
0.100004
0.100007
0.100007
0.100005
0.100009
0.100007
0.100005
0.100009
0.1
0.1
0.100003
0.100007
0.100007
0.100005
0.10001
0.100007
0.100005
0.100009
0.100001
0.1
0.100003
0.100007
0.100007
0.100005
0.10001
0.100007
0.100005
0.10001
0.100001
0.1
0.100003
0.100007
0.100007
0.100005
0.10001
0.100007
0.100005
0.10001
0.100001
0.1
0.100003
0.100007
0.100007
0.100005
0.10001
0.100007
0.100005
0.10001
0.100001
0.1
0.100003
0.100007
0.100007
0.100005
0.10001
0.100007
0.100005
0.10001
0.100001
0.1
0.100002
0.100008
0.100007
0.100005
0.10001
0.100007
0.100005
0.10001
0.100001
0.1
0.100002
0.100008
0.100007
0.100005
0.10001
0.100007
0.100005
0.100001
0.1
0.100002
0.100008
0.1
0.1
0.100002
0.100008
0.0999995
0.1
0.100002
0.100008
0.0999973
0.1
0.100001
0.100008
0.0999909
0.1
0.100001
0.100008
0.0999724
0.1
0.100001
0.100008
0.0999192
0.1
0.100001
0.100008
0.0997659
0.1
0.100001
0.100008
0.0993243
0.1
0.1
0.100008
0.0980531
0.1
0.1
0.100008
0.0943929
0.1
0.1
0.100008
0.0943929
0.0672953
0.0943929
0.0475057
0.0943929
0.033766
0.0943929
0.0247846
0.0943929
0.019386
0.0943929
0.0166313
0.0943929
0.0158496
0.0943929
0.016606
0.094393
0.0186469
0.094393
0.0218428
0.094393
0.0261402
0.094393
0.031518
0.094393
0.0379522
0.094393
0.0453834
0.094393
0.0536936
0.094393
0.0626939
0.094393
0.0721287
0.094393
0.081696
0.094393
0.0910822
0.094393
0.1
0.094393
0.094393
0.094393
0.094393
0.0943931
0.0943931
0.0943931
0.0943931
0.0943931
0.0943931
0.0943931
0.0943931
0.0943931
0.0943931
0.0943931
0.0943932
0.0943932
0.0943932
0.0943932
0.0943932
END_LIST
