BEGIN_LIST
0
5.86255e-48
2.04145e-47
5.63141e-47
1.44654e-46
3.61814e-46
8.95391e-46
2.2062e-45
5.42617e-45
1.33356e-44
3.27637e-44
8.04859e-44
1.97706e-43
4.85635e-43
1.19288e-42
2.93009e-42
7.19719e-42
1.76784e-41
4.34237e-41
1.06661e-40
2.61991e-40
1.1857e-39
2.67131e-40
2.87261e-39
2.72372e-40
5.88035e-39
2.77715e-40
1.11649e-38
2.83163e-40
2.03635e-38
2.88718e-40
3.62793e-38
2.94382e-40
6.37091e-38
3.00157e-40
1.10859e-37
3.06045e-40
1.91767e-37
3.12048e-40
3.30437e-37
3.18169e-40
5.67925e-37
3.2441e-40
9.74425e-37
3.30773e-40
1.66997e-36
3.37262e-40
2.85976e-36
3.43896e-40
4.89463e-36
3.51479e-40
8.37441e-36
3.94307e-40
1.43244e-35
1.94298e-39
2.44975e-35
6.80546e-38
4.18901e-35
2.90265e-36
7.16241e-35
1.24455e-34
7.45677e-35
9.29906e-35
4.23382e-35
2.9608e-34
1.30025e-34
7.76322e-35
1.0537e-34
2.50267e-35
5.79152e-34
1.35847e-34
8.08225e-35
1.11894e-34
1.47935e-35
1.03075e-33
1.41931e-34
8.41439e-35
1.14625e-34
8.74453e-36
1.73324e-33
1.48292e-34
8.76016e-35
1.14914e-34
5.16891e-36
2.80419e-33
1.54946e-34
9.12014e-35
1.13653e-34
3.05533e-36
4.40977e-33
1.6191e-34
9.4949e-35
1.11424e-34
1.80599e-36
6.78245e-33
1.6921e-34
9.88505e-35
1.0861e-34
1.0675e-36
1.02444e-32
1.76879e-34
1.02912e-34
1.05459e-34
6.30983e-37
1.52377e-32
1.84967e-34
1.07141e-34
1.02136e-34
3.72961e-37
2.23631e-32
1.93556e-34
1.11543e-34
9.87435e-35
2.20447e-37
3.24282e-32
2.02778e-34
1.16125e-34
9.53508e-35
1.30298e-37
4.65067e-32
2.12865e-34
1.20896e-34
9.20004e-35
7.70135e-38
6.60086e-32
2.24222e-34
1.25863e-34
8.87189e-35
4.55181e-38
9.27593e-32
2.37568e-34
1.31034e-34
8.55223e-35
2.69024e-38
1.29085e-31
2.54195e-34
1.36417e-34
8.24197e-35
1.58992e-38
1.7789e-31
2.76419e-34
1.42021e-34
7.94158e-35
9.39582e-39
2.42714e-31
3.08418e-34
1.47855e-34
7.65122e-35
5.55202e-39
3.27731e-31
3.57726e-34
1.53913e-34
7.37088e-35
3.28023e-39
4.37642e-31
4.37932e-34
1.6157e-34
7.1004e-35
1.93757e-39
5.77366e-31
5.73545e-34
1.66183e-34
1.66172e-34
8.54313e-35
3.25453e-35
1.0567e-34
1.37024e-39
6.02146e-31
6.1094e-31
5.84586e-34
6.35587e-34
1.70928e-34
1.70904e-34
1.02782e-34
1.49174e-35
1.29155e-34
9.68721e-40
6.24628e-31
6.46463e-31
5.95841e-34
6.4159e-34
1.75808e-34
1.75771e-34
1.23644e-34
6.83746e-36
1.43797e-34
6.84561e-40
6.44609e-31
6.84049e-31
6.07315e-34
6.30986e-34
1.80828e-34
1.80776e-34
1.48725e-34
3.13398e-36
1.51532e-34
4.83477e-40
6.61889e-31
7.23818e-31
6.19012e-34
6.15698e-34
1.85991e-34
1.85924e-34
1.78874e-34
1.43646e-36
1.53955e-34
3.41194e-40
6.76277e-31
7.65895e-31
6.30936e-34
5.99328e-34
1.91303e-34
1.91219e-34
2.15104e-34
6.58393e-37
1.5237e-34
2.40528e-40
6.87591e-31
8.10416e-31
6.43091e-34
5.82953e-34
1.96771e-34
1.96664e-34
2.58636e-34
3.01767e-37
1.47834e-34
1.69321e-40
6.95657e-31
8.57521e-31
6.55483e-34
5.66893e-34
2.02407e-34
2.02264e-34
3.10925e-34
1.38306e-37
1.41202e-34
1.18962e-40
7.00314e-31
9.0736e-31
6.68115e-34
5.51235e-34
2.08235e-34
2.08023e-34
3.73717e-34
6.33842e-38
1.33155e-34
8.33583e-41
7.0141e-31
9.60091e-31
6.80993e-34
5.35996e-34
2.1431e-34
2.13946e-34
4.49097e-34
2.90441e-38
1.24231e-34
5.81968e-41
6.98809e-31
1.01588e-30
6.94121e-34
5.21174e-34
2.20774e-34
2.20037e-34
5.39554e-34
1.33047e-38
1.14852e-34
4.0425e-41
6.9239e-31
1.07491e-30
7.07505e-34
5.06761e-34
2.27996e-34
2.26302e-34
6.48057e-34
6.09101e-39
1.05339e-34
2.78818e-41
6.82045e-31
1.13736e-30
7.21149e-34
4.92745e-34
2.36942e-34
2.32745e-34
7.7814e-34
2.78501e-39
9.59358e-35
1.90378e-41
6.67686e-31
1.20344e-30
7.35057e-34
4.79117e-34
2.50168e-34
2.39371e-34
9.33993e-34
1.27008e-39
8.68221e-35
1.28106e-41
6.49242e-31
1.27335e-30
7.49237e-34
4.65864e-34
2.74433e-34
2.46186e-34
1.12057e-33
5.76054e-40
7.81244e-35
8.43415e-42
6.26661e-31
1.3473e-30
7.63692e-34
4.52978e-34
3.27649e-34
2.53195e-34
1.34371e-33
2.58282e-40
6.99277e-35
5.36609e-42
5.9991e-31
1.42552e-30
7.78428e-34
4.40448e-34
4.57264e-34
2.60403e-34
1.61019e-33
1.12941e-40
6.22846e-35
3.22282e-42
5.68979e-31
1.50809e-30
7.9345e-34
4.28264e-34
7.89017e-34
2.67818e-34
1.92785e-33
4.66154e-41
5.5222e-35
1.73277e-42
5.33879e-31
1.59427e-30
8.08759e-34
4.16417e-34
1.65612e-33
2.7545e-34
2.30551e-33
1.64909e-41
4.87471e-35
7.03802e-43
4.94644e-31
1.67789e-30
8.24157e-34
4.04897e-34
3.94159e-33
2.83318e-34
2.75286e-33
2.94404e-42
4.28524e-35
0
4.51331e-31
1.7177e-30
8.3183e-34
3.93695e-34
5.21147e-33
4.62975e-33
2.8802e-34
2.98139e-33
3.01562e-42
1.68502e-42
3.48686e-35
4.596e-31
3.42081e-31
3.87295e-34
6.02937e-33
5.49683e-33
2.928e-34
3.22569e-33
3.08894e-42
9.64412e-43
2.81247e-35
4.6802e-31
2.59585e-31
3.80988e-34
6.50848e-33
6.59785e-33
2.97659e-34
3.4859e-33
3.16404e-42
5.51963e-43
2.2492e-35
4.76595e-31
1.97268e-31
3.74777e-34
6.73605e-33
8.0055e-33
3.02599e-34
3.76184e-33
3.24097e-42
3.15891e-43
1.78353e-35
4.85327e-31
1.50175e-31
3.68664e-34
6.77916e-33
9.81594e-33
3.0762e-34
4.05288e-33
3.31977e-42
1.80776e-43
1.40221e-35
4.94219e-31
1.14568e-31
3.62649e-34
6.68921e-33
1.21565e-32
3.12725e-34
4.35775e-33
3.40049e-42
1.03442e-43
1.09274e-35
5.03274e-31
8.76284e-32
3.56731e-34
6.50542e-33
1.51956e-32
3.17915e-34
4.67434e-33
3.48321e-42
5.91801e-44
8.43773e-36
5.12495e-31
6.723e-32
3.50909e-34
6.2576e-33
1.91564e-32
3.23191e-34
4.99943e-33
3.568e-42
3.38471e-44
6.4517e-36
5.21885e-31
5.17694e-32
3.45182e-34
5.96828e-33
2.43345e-32
3.28554e-34
5.32832e-33
3.65505e-42
1.93484e-44
4.88084e-36
5.31447e-31
4.00374e-32
3.39548e-34
5.65434e-33
3.11218e-32
3.34005e-34
3.74477e-42
1.10507e-44
3.64905e-36
5.41184e-31
3.83819e-42
6.30211e-45
2.69171e-36
5.51099e-31
3.93811e-42
3.58496e-45
1.95461e-36
5.61196e-31
4.05217e-42
2.03047e-45
1.39275e-36
5.71479e-31
4.20141e-42
1.14141e-45
9.69149e-37
5.81949e-31
4.44409e-42
6.33201e-46
6.53672e-37
5.92612e-31
4.94135e-42
3.4295e-46
4.22002e-37
6.0347e-31
6.13947e-42
1.77429e-46
2.54666e-37
6.14526e-31
9.27423e-42
8.32809e-47
1.36214e-37
6.25777e-31
1.77681e-41
2.99644e-47
5.44864e-38
6.37021e-31
4.10995e-41
0
0
6.42593e-31
4.18547e-41
2.12825e-40
4.2624e-41
3.36856e-40
4.34076e-41
4.18267e-40
4.42058e-41
4.6616e-40
4.50189e-41
4.90735e-40
4.58472e-41
5.00572e-40
4.6691e-41
5.01316e-40
4.75505e-41
4.95721e-40
4.84261e-41
4.84386e-40
4.9318e-41
4.66658e-40
5.02266e-41
4.41467e-40
5.11521e-41
4.08001e-40
5.2095e-41
3.66181e-40
5.30554e-41
3.16907e-40
5.40339e-41
2.62046e-40
5.50306e-41
2.04207e-40
5.60459e-41
1.46364e-40
5.70803e-41
9.14548e-41
5.81342e-41
4.20271e-41
5.92026e-41
0
6.07242e-41
6.22855e-41
6.38875e-41
6.55312e-41
6.72177e-41
6.89482e-41
7.07238e-41
7.25457e-41
7.44152e-41
7.63334e-41
7.83017e-41
8.03213e-41
8.23937e-41
8.45201e-41
8.67026e-41
8.89395e-41
9.1247e-41
9.35585e-41
9.61908e-41
9.76879e-41
END_LIST
