BEGIN_LIST
0
9.67754e-171
3.37947e-170
9.36263e-170
2.41789e-169
6.08416e-169
1.51531e-168
3.75832e-168
9.3056e-168
2.30241e-167
5.69492e-167
1.40844e-166
3.48301e-166
8.61306e-166
2.12983e-165
5.26657e-165
1.30226e-164
3.22e-164
7.96175e-164
1.96856e-163
5.0373e-163
2.34745e-162
5.109e-163
5.78428e-162
5.18169e-163
1.20871e-161
5.25539e-163
2.35372e-161
5.33011e-163
4.42214e-161
5.40586e-163
8.14611e-161
5.48267e-163
1.48372e-160
5.56055e-163
2.68446e-160
5.63951e-163
4.83764e-160
5.71981e-163
8.69692e-160
5.8114e-163
1.56123e-159
6.34098e-163
2.80017e-159
2.56065e-162
5.01961e-159
8.48312e-161
8.99525e-159
3.6122e-159
1.61164e-158
1.54881e-157
2.88717e-158
6.64165e-156
5.17181e-158
2.84818e-154
9.26388e-158
1.2213e-152
1.65933e-157
5.23713e-151
2.97211e-157
2.24583e-149
3.05849e-157
3.93596e-157
1.7176e-157
5.34347e-149
2.34609e-149
3.14739e-157
4.51174e-157
9.92605e-158
1.04543e-148
2.45081e-149
3.23888e-157
4.83624e-157
5.7363e-158
1.8611e-148
2.5602e-149
3.33302e-157
4.99852e-157
3.31504e-158
3.13047e-148
2.67443e-149
3.4299e-157
5.05645e-157
1.91577e-158
5.0665e-148
2.79369e-149
3.52959e-157
5.0477e-157
1.10713e-158
7.97017e-148
2.91816e-149
3.63219e-157
4.99676e-157
6.39814e-159
1.22626e-147
3.04794e-149
3.73776e-157
4.91951e-157
3.6975e-159
1.85272e-147
3.18307e-149
3.84641e-157
4.82627e-157
2.13679e-159
2.7564e-147
3.3234e-149
3.95821e-157
4.72375e-157
1.23486e-159
4.04585e-147
3.46843e-149
4.07327e-157
4.61625e-157
7.13622e-160
5.86678e-147
3.61702e-149
4.19166e-157
4.50656e-157
4.124e-160
8.41246e-147
3.76677e-149
4.3135e-157
4.39647e-157
2.38324e-160
1.19359e-146
3.91296e-149
4.43889e-157
4.28713e-157
1.37725e-160
1.67634e-146
4.0465e-149
4.56791e-157
4.17923e-157
7.9589e-161
2.33088e-146
4.1501e-149
4.70069e-157
4.07322e-157
4.59921e-161
3.20855e-146
4.19112e-149
4.83733e-157
3.96937e-157
2.65765e-161
4.37145e-146
4.10816e-149
4.97829e-157
3.86781e-157
1.53563e-161
5.89205e-146
3.78597e-149
5.09197e-157
3.76863e-157
8.8723e-162
7.85077e-146
3.00851e-149
7.97865e-157
3.67184e-157
5.12526e-162
1.03299e-145
1.37098e-149
2.09429e-156
8.13942e-157
2.50648e-156
1.65548e-157
2.98497e-157
3.57163e-162
1.0768e-145
1.09314e-145
1.39053e-149
4.09421e-150
5.54546e-156
8.30344e-157
6.76738e-156
7.46382e-158
2.42657e-157
2.48842e-162
1.11647e-145
1.15679e-145
1.41036e-149
1.22267e-150
1.47337e-155
8.47076e-157
1.50569e-155
3.36511e-158
1.97259e-157
1.7332e-162
1.15165e-145
1.22414e-145
1.43047e-149
3.6513e-151
3.91968e-155
8.64145e-157
3.0974e-155
1.51718e-158
1.60352e-157
1.20668e-162
1.18198e-145
1.29542e-145
1.45087e-149
1.0904e-151
1.0433e-154
8.81558e-157
6.13082e-155
6.84027e-159
1.30346e-157
8.3963e-163
1.20712e-145
1.37085e-145
1.47156e-149
3.25644e-152
2.77749e-154
8.99322e-157
1.18865e-154
3.08393e-159
1.05952e-157
5.83754e-163
1.22675e-145
1.45067e-145
1.49254e-149
9.72615e-153
7.39478e-154
9.17444e-157
2.27792e-154
1.39038e-159
8.61197e-158
4.05401e-163
1.24057e-145
1.53514e-145
1.51382e-149
2.90589e-153
1.96884e-153
9.35931e-157
4.33624e-154
6.26832e-160
6.99961e-158
2.81095e-163
1.24827e-145
1.62452e-145
1.53541e-149
8.69119e-154
5.24204e-153
9.54791e-157
8.22214e-154
2.82584e-160
5.68876e-158
1.94474e-163
1.24961e-145
1.71911e-145
1.5573e-149
2.60848e-154
1.3957e-152
9.74031e-157
1.55543e-153
1.27378e-160
4.62306e-158
1.34126e-163
1.24434e-145
1.81921e-145
1.57951e-149
7.91726e-155
3.71608e-152
9.93659e-157
2.93848e-153
5.74043e-161
3.75666e-158
9.20968e-164
1.23225e-145
1.92514e-145
1.60203e-149
2.48937e-155
9.89411e-152
1.01368e-156
5.54676e-153
2.58571e-161
3.0523e-158
6.28378e-164
1.21315e-145
2.03723e-145
1.62488e-149
8.6597e-156
2.63432e-151
1.03411e-156
1.04651e-152
1.16348e-161
2.4797e-158
4.24814e-164
1.18688e-145
2.15585e-145
1.64805e-149
3.7875e-156
7.01391e-151
1.05495e-156
1.97389e-152
5.22344e-162
2.01421e-158
2.83312e-164
1.15333e-145
2.28138e-145
1.67155e-149
2.30877e-156
1.86746e-150
1.07621e-156
3.72241e-152
2.33369e-162
1.63582e-158
1.85068e-164
1.11241e-145
2.41421e-145
1.69538e-149
1.84392e-156
4.97214e-150
1.09789e-156
7.01909e-152
1.03165e-162
1.32824e-158
1.16971e-164
1.06406e-145
2.55472e-145
1.71956e-149
1.68229e-156
1.32383e-149
1.12002e-156
1.32346e-151
4.45392e-163
1.07823e-158
6.9883e-165
1.00827e-145
2.70309e-145
1.74408e-149
1.61167e-156
3.52471e-149
1.14259e-156
2.49529e-151
1.81821e-163
8.75035e-159
3.74293e-165
9.45068e-146
2.85798e-145
1.76894e-149
1.56867e-156
9.38458e-149
1.16563e-156
4.70458e-151
6.37042e-164
7.09904e-159
1.51673e-165
8.74515e-146
3.0083e-145
1.79382e-149
1.53435e-156
2.49865e-148
1.18918e-156
8.86982e-151
1.114e-164
5.75718e-159
0
7.96719e-146
3.07986e-145
1.80619e-149
1.50304e-156
1.88498e-148
3.40484e-148
1.20318e-156
1.17679e-150
1.13317e-164
6.31642e-165
4.16334e-159
8.11272e-146
6.00744e-146
1.4854e-156
1.42202e-148
4.61082e-148
1.21734e-156
1.56099e-150
1.15268e-164
3.5814e-165
3.00784e-159
8.26091e-146
4.52942e-146
1.46804e-156
1.07276e-148
6.21449e-148
1.23166e-156
2.07035e-150
1.17252e-164
2.03062e-165
2.1704e-159
8.41181e-146
3.4147e-146
1.45093e-156
8.0928e-149
8.34567e-148
1.24616e-156
2.74559e-150
1.1927e-164
1.1513e-165
1.56374e-159
8.56547e-146
2.574e-146
1.43403e-156
6.10509e-149
1.11765e-147
1.26082e-156
3.64073e-150
1.21323e-164
6.52724e-166
1.12451e-159
8.72193e-146
1.93999e-146
1.41733e-156
4.60555e-149
1.49351e-147
1.27566e-156
4.82735e-150
1.23411e-164
3.70027e-166
8.06738e-160
8.88125e-146
1.46186e-146
1.40084e-156
3.47429e-149
1.99242e-147
1.29068e-156
6.40034e-150
1.25535e-164
2.09736e-166
5.77048e-160
9.04348e-146
1.1013e-146
1.38454e-156
2.62087e-149
2.6545e-147
1.30587e-156
8.48552e-150
1.27696e-164
1.18851e-166
4.1122e-160
9.20868e-146
8.29412e-147
1.36844e-156
1.97705e-149
3.53294e-147
1.32123e-156
1.12496e-149
1.29893e-164
6.73191e-167
2.91672e-160
9.37689e-146
6.24399e-147
1.35252e-156
1.49136e-149
4.69827e-147
1.33678e-156
1.32129e-164
3.81017e-167
2.05647e-160
9.54817e-146
1.34403e-164
2.15366e-167
1.43886e-160
9.72259e-146
1.36715e-164
1.21455e-167
9.96719e-161
9.90019e-146
1.39065e-164
6.82209e-168
6.81338e-161
1.0081e-145
1.41449e-164
3.80507e-168
4.57393e-161
1.02652e-145
1.43856e-164
2.09578e-168
2.99287e-161
1.04527e-145
1.46255e-164
1.12795e-168
1.88487e-161
1.06436e-145
1.48554e-164
5.80504e-169
1.11577e-161
1.0838e-145
1.50494e-164
2.71403e-169
5.88649e-162
1.10359e-145
1.51336e-164
9.74111e-170
2.33531e-162
1.12336e-145
1.48993e-164
0
0
1.13315e-145
1.50267e-164
1.19914e-164
1.51552e-164
9.39842e-165
1.52849e-164
7.19353e-165
1.54156e-164
5.41005e-165
1.55474e-164
4.03072e-165
1.56804e-164
3.00014e-165
1.58145e-164
2.24698e-165
1.59498e-164
1.70187e-165
1.60862e-164
1.30655e-165
1.62238e-164
1.01617e-165
1.63626e-164
7.98041e-166
1.65026e-164
6.29338e-166
1.66437e-164
4.94638e-166
1.67861e-164
3.83901e-166
1.69296e-164
2.90841e-166
1.70745e-164
2.11664e-166
1.72205e-164
1.44139e-166
1.73678e-164
8.69244e-167
1.75164e-164
3.91201e-167
1.76659e-164
0
1.78757e-164
1.80881e-164
1.8303e-164
1.85205e-164
1.87405e-164
1.89632e-164
1.91885e-164
1.94165e-164
1.96472e-164
1.98806e-164
2.01168e-164
2.03558e-164
2.05977e-164
2.08424e-164
2.10901e-164
2.13404e-164
2.1595e-164
2.18468e-164
2.21286e-164
2.22874e-164
END_LIST
