BEGIN_LIST
0
2.42165e-16
7.33556e-16
1.61838e-15
3.08919e-15
5.39437e-15
8.84558e-15
1.38263e-14
2.08018e-14
3.03325e-14
4.30969e-14
5.99365e-14
8.19499e-14
1.10711e-13
1.48773e-13
2.00852e-13
2.76633e-13
3.97393e-13
6.11704e-13
1.03259e-12
1.9256e-12
6.56351e-12
2.06959e-12
1.37774e-11
2.22617e-12
2.43625e-11
2.39636e-12
3.92544e-11
2.58124e-12
5.9544e-11
2.78198e-12
8.64973e-11
2.99979e-12
1.21585e-10
3.23596e-12
1.66529e-10
3.49184e-12
2.23377e-10
3.76885e-12
2.94646e-10
4.0685e-12
3.83559e-10
4.39237e-12
4.94497e-10
4.7421e-12
6.33813e-10
5.11943e-12
8.11327e-10
5.52617e-12
1.04306e-09
5.96423e-12
1.3563e-09
6.43564e-12
1.79875e-09
6.94553e-12
2.45545e-09
7.6255e-12
3.47951e-09
1.39958e-11
5.14817e-09
2.61247e-10
5.32638e-09
6.48245e-09
3.17802e-09
5.88718e-10
2.81475e-10
5.51053e-09
7.26162e-09
2.01326e-09
1.08042e-09
3.03676e-10
5.70082e-09
7.68184e-09
1.31724e-09
1.78454e-09
3.28077e-10
5.89744e-09
7.87077e-09
8.94776e-10
2.75716e-09
3.54962e-10
6.10057e-09
7.91145e-09
6.32684e-10
4.06277e-09
3.84706e-10
6.31041e-09
7.85784e-09
4.65281e-10
5.77484e-09
4.17854e-10
6.52716e-09
7.74503e-09
3.54408e-10
7.97644e-09
4.55248e-10
6.75102e-09
7.5958e-09
2.77842e-10
1.0761e-08
4.98284e-10
6.98219e-09
7.42489e-09
2.22593e-10
1.42334e-08
5.49385e-10
7.2209e-09
7.24188e-09
1.81017e-10
1.8511e-08
6.12891e-10
7.46736e-09
7.05294e-09
1.48571e-10
2.37265e-08
6.96729e-10
7.7218e-09
6.86201e-09
1.22509e-10
3.00306e-08
8.15534e-10
7.98443e-09
6.67165e-09
1.01133e-10
3.75981e-08
9.9652e-10
8.25549e-09
6.48344e-09
8.33595e-11
4.6637e-08
1.29046e-09
8.53523e-09
6.2984e-09
6.84631e-11
5.74043e-08
1.79228e-09
8.82387e-09
6.11711e-09
5.59355e-11
7.02328e-08
2.67957e-09
9.12167e-09
5.93994e-09
4.53998e-11
8.55752e-08
4.28479e-09
9.42889e-09
5.76707e-09
3.65615e-11
1.04079e-07
7.23028e-09
9.74501e-09
5.59858e-09
2.91803e-11
1.26711e-07
1.26808e-08
1.01388e-08
5.43448e-09
2.30531e-11
1.54962e-07
2.28162e-08
1.03741e-08
1.03738e-08
6.21634e-09
2.51285e-09
8.21059e-09
1.96024e-11
1.60075e-07
1.61228e-07
2.31536e-08
2.81273e-08
1.06145e-08
1.06139e-08
7.09726e-09
1.18368e-09
1.01317e-08
1.65712e-11
1.6477e-07
1.67712e-07
2.34955e-08
2.92789e-08
1.086e-08
1.08591e-08
8.08761e-09
5.75802e-10
1.13826e-08
1.39213e-11
1.69016e-07
1.74421e-07
2.38418e-08
2.9196e-08
1.11108e-08
1.11096e-08
9.19852e-09
2.94955e-10
1.21124e-08
1.16164e-11
1.72784e-07
1.8136e-07
2.41927e-08
2.87522e-08
1.1367e-08
1.13655e-08
1.04419e-08
1.62708e-10
1.24408e-08
9.62217e-12
1.76042e-07
1.88536e-07
2.45481e-08
2.82081e-08
1.16286e-08
1.16267e-08
1.18305e-08
9.8296e-11
1.24641e-08
7.90665e-12
1.78763e-07
1.95955e-07
2.4908e-08
2.76415e-08
1.18957e-08
1.18935e-08
1.33778e-08
6.51403e-11
1.22589e-08
6.4399e-12
1.80917e-07
2.03624e-07
2.52727e-08
2.70755e-08
1.21686e-08
1.21659e-08
1.50982e-08
4.66466e-11
1.18862e-08
5.19407e-12
1.82476e-07
2.1155e-07
2.5642e-08
2.6517e-08
1.24474e-08
1.24441e-08
1.70071e-08
3.52612e-11
1.13945e-08
4.14343e-12
1.83415e-07
2.19738e-07
2.60161e-08
2.59677e-08
1.27325e-08
1.27281e-08
1.91206e-08
2.75205e-11
1.08217e-08
3.26425e-12
1.83706e-07
2.28196e-07
2.6395e-08
2.54282e-08
1.3025e-08
1.3018e-08
2.14557e-08
2.18124e-11
1.01976e-08
2.53481e-12
1.83326e-07
2.36931e-07
2.67788e-08
2.48986e-08
1.3327e-08
1.3314e-08
2.40306e-08
1.7365e-11
9.5454e-09
1.93526e-12
1.8225e-07
2.4595e-07
2.71674e-08
2.43787e-08
1.36447e-08
1.36161e-08
2.68641e-08
1.37892e-11
8.88286e-09
1.44757e-12
1.80458e-07
2.5526e-07
2.7561e-08
2.38684e-08
1.39943e-08
1.39245e-08
2.99761e-08
1.08719e-11
8.22351e-09
1.05551e-12
1.77928e-07
2.64869e-07
2.79596e-08
2.33676e-08
1.44186e-08
1.42392e-08
3.33871e-08
8.48286e-12
7.5775e-09
7.4448e-13
1.74641e-07
2.74782e-07
2.83633e-08
2.28761e-08
1.50326e-08
1.45604e-08
3.71184e-08
6.53188e-12
6.95224e-09
5.01475e-13
1.70581e-07
2.85007e-07
2.87721e-08
2.23939e-08
1.61433e-08
1.48882e-08
4.11916e-08
4.94995e-12
6.35304e-09
3.14988e-13
1.65731e-07
2.95532e-07
2.9186e-08
2.19206e-08
1.8572e-08
1.52228e-08
4.56277e-08
3.68028e-12
5.78351e-09
1.74908e-13
1.6008e-07
3.06255e-07
2.9605e-08
2.14563e-08
2.45165e-08
1.55643e-08
5.04459e-08
2.67418e-12
5.24593e-09
7.24387e-14
1.53615e-07
3.16448e-07
3.00236e-08
2.10007e-08
3.98561e-08
1.59134e-08
5.56607e-08
1.88915e-12
4.74157e-09
0
1.46329e-07
3.21253e-07
3.02316e-08
2.05538e-08
5.83462e-08
4.15705e-08
1.61209e-08
5.81867e-08
2.14071e-12
1.65354e-12
4.03245e-09
1.48241e-07
1.27502e-07
2.02963e-08
7.08942e-08
4.33618e-08
1.63308e-08
6.07858e-08
2.42107e-12
1.41593e-12
3.40253e-09
1.50175e-07
1.12888e-07
2.00415e-08
7.90746e-08
4.52377e-08
1.65432e-08
6.34513e-08
2.73286e-12
1.1909e-12
2.84814e-09
1.5213e-07
1.01406e-07
1.97893e-08
8.40548e-08
4.72083e-08
1.67581e-08
6.61733e-08
3.07883e-12
9.8612e-13
2.36441e-09
1.54108e-07
9.22578e-08
1.95399e-08
8.66999e-08
4.92864e-08
1.69755e-08
6.89374e-08
3.46194e-12
8.04938e-13
1.94579e-09
1.56109e-07
8.4853e-08
1.92932e-08
8.76506e-08
5.14892e-08
1.71954e-08
7.17233e-08
3.88528e-12
6.48046e-13
1.58644e-09
1.58132e-07
7.87555e-08
1.90493e-08
8.73807e-08
5.38391e-08
1.74179e-08
7.45022e-08
4.35217e-12
5.14573e-13
1.28051e-09
1.60177e-07
7.36429e-08
1.88082e-08
8.62407e-08
5.63659e-08
1.7643e-08
7.72341e-08
4.86606e-12
4.0278e-13
1.02225e-09
1.62246e-07
6.92769e-08
1.85697e-08
8.44891e-08
5.91098e-08
1.78707e-08
7.98641e-08
5.43065e-12
3.10494e-13
8.06152e-10
1.64338e-07
6.54808e-08
1.83341e-08
8.23168e-08
6.21241e-08
1.8101e-08
6.04984e-12
2.35389e-13
6.27052e-10
1.66454e-07
6.72781e-12
1.75149e-13
4.8013e-10
1.68593e-07
7.46924e-12
1.27567e-13
3.6095e-10
1.70756e-07
8.2797e-12
9.06043e-14
2.65469e-10
1.72943e-07
9.16705e-12
6.24189e-14
1.90034e-10
1.75155e-07
1.01451e-11
4.13742e-14
1.31372e-10
1.77391e-07
1.12441e-11
2.60408e-14
8.65822e-11
1.79652e-07
1.25396e-11
1.51899e-14
5.31135e-11
1.81938e-07
1.42345e-11
7.78203e-15
2.8749e-11
1.84247e-07
1.68872e-11
2.95328e-15
1.1583e-11
1.86539e-07
2.20514e-11
0
0
1.87671e-07
2.28448e-11
5.46257e-11
2.36651e-11
7.62453e-11
2.45131e-11
8.87403e-11
2.53896e-11
9.45628e-11
2.62954e-11
9.61361e-11
2.72313e-11
9.53426e-11
2.8198e-11
9.33438e-11
2.91965e-11
9.06637e-11
3.02276e-11
8.73804e-11
3.12922e-11
8.33251e-11
3.23911e-11
7.82481e-11
3.35253e-11
7.19465e-11
3.46956e-11
6.43509e-11
3.5903e-11
5.55699e-11
3.71485e-11
4.58898e-11
3.8433e-11
3.57351e-11
3.97575e-11
2.56039e-11
4.1123e-11
1.59963e-11
4.25311e-11
7.35063e-12
4.39707e-11
0
4.6055e-11
4.8227e-11
5.04896e-11
5.2846e-11
5.5299e-11
5.78519e-11
6.05079e-11
6.32702e-11
6.61423e-11
6.91276e-11
7.22295e-11
7.54516e-11
7.87977e-11
8.22712e-11
8.58771e-11
8.96135e-11
9.3511e-11
9.74519e-11
1.01998e-10
1.046e-10
END_LIST
