BEGIN_LIST
0
2.50324e-46
8.71684e-46
2.4046e-45
6.17681e-45
1.54499e-44
3.82352e-44
9.42116e-44
2.3172e-43
5.69497e-43
1.39921e-42
3.43732e-42
8.44365e-42
2.07411e-41
5.0948e-41
1.25148e-40
3.07409e-40
7.55106e-40
1.85482e-39
4.5561e-39
1.11914e-38
5.06511e-38
1.14107e-38
1.22719e-37
1.16344e-38
2.51229e-37
1.18624e-38
4.77044e-37
1.20949e-38
8.7017e-37
1.23319e-38
1.55047e-36
1.25736e-38
2.72312e-36
1.282e-38
4.73914e-36
1.30712e-38
8.19915e-36
1.33274e-38
1.41304e-35
1.35886e-38
2.42901e-35
1.38549e-38
4.16829e-35
1.41264e-38
7.14479e-35
1.44032e-38
1.22372e-34
1.4686e-38
2.0948e-34
1.49998e-38
3.58461e-34
1.64068e-38
6.13239e-34
6.4459e-38
1.0489e-33
2.11232e-36
1.79384e-33
8.99108e-35
3.0675e-33
3.85477e-33
3.1935e-33
3.98277e-33
1.81316e-33
9.1698e-33
4.02761e-33
3.32466e-33
4.51308e-33
1.07172e-33
1.7934e-32
4.20827e-33
3.46121e-33
4.79263e-33
6.33472e-34
3.19116e-32
4.39715e-33
3.60336e-33
4.90966e-33
3.74428e-34
5.36467e-32
4.59471e-33
3.75134e-33
4.92216e-33
2.21312e-34
8.6769e-32
4.8015e-33
3.90539e-33
4.86823e-33
1.30809e-34
1.36405e-31
5.0182e-33
4.06577e-33
4.77284e-33
7.73156e-35
2.09724e-31
5.24578e-33
4.23272e-33
4.65237e-33
4.56974e-35
3.16657e-31
5.48565e-33
4.40652e-33
4.5175e-33
2.70092e-35
4.70827e-31
5.74009e-33
4.58745e-33
4.3752e-33
1.59635e-35
6.90743e-31
6.01283e-33
4.77581e-33
4.22997e-33
9.43488e-36
1.00129e-30
6.31035e-33
4.97189e-33
4.08471e-33
5.57619e-36
1.43555e-30
6.64406e-33
5.17601e-33
3.94125e-33
3.29558e-36
2.03699e-30
7.03432e-33
5.3885e-33
3.80074e-33
1.94767e-36
2.86193e-30
7.51781e-33
5.6097e-33
3.66387e-33
1.15103e-36
3.98219e-30
8.16088e-33
5.83998e-33
3.53101e-33
6.80198e-37
5.4876e-30
9.08385e-33
6.0797e-33
3.40238e-33
4.01935e-37
7.48787e-30
1.05052e-32
6.32925e-33
3.27804e-33
2.37484e-37
1.01127e-29
1.28219e-32
6.58838e-33
3.15798e-33
1.40297e-37
1.35088e-29
1.67556e-32
6.91587e-33
3.04215e-33
8.28632e-38
1.78307e-29
2.36179e-32
7.11317e-33
7.11267e-33
3.65961e-33
1.39436e-33
4.52767e-33
5.85968e-38
1.85979e-29
1.88664e-29
2.40764e-32
2.68966e-32
7.31609e-33
7.31506e-33
4.40189e-33
6.391e-34
5.53408e-33
4.14236e-38
1.92943e-29
1.99622e-29
2.45439e-32
2.73411e-32
7.52479e-33
7.52321e-33
5.29408e-33
2.92928e-34
6.16161e-33
2.92708e-38
1.99136e-29
2.11215e-29
2.50205e-32
2.69447e-32
7.73944e-33
7.73726e-33
6.36622e-33
1.34261e-34
6.49322e-33
2.06715e-38
2.04497e-29
2.2348e-29
2.55063e-32
2.63091e-32
7.96024e-33
7.9574e-33
7.6543e-33
6.15371e-35
6.59721e-33
1.45871e-38
2.08966e-29
2.36457e-29
2.60017e-32
2.56153e-32
8.18739e-33
8.1838e-33
9.20143e-33
2.82043e-35
6.52942e-33
1.02827e-38
2.12487e-29
2.50185e-29
2.65067e-32
2.49179e-32
8.42117e-33
8.41663e-33
1.10592e-32
1.29268e-35
6.33522e-33
7.23814e-39
2.15006e-29
2.64708e-29
2.70216e-32
2.42327e-32
8.66206e-33
8.65607e-33
1.32892e-32
5.92444e-36
6.05118e-33
5.08509e-39
2.16472e-29
2.80073e-29
2.75466e-32
2.35644e-32
8.91097e-33
8.90232e-33
1.59652e-32
2.71503e-36
5.70649e-33
3.563e-39
2.16841e-29
2.96328e-29
2.80818e-32
2.29139e-32
9.17005e-33
9.15556e-33
1.91751e-32
1.24405e-36
5.32423e-33
2.48738e-39
2.16068e-29
3.13524e-29
2.86275e-32
2.22811e-32
9.4447e-33
9.416e-33
2.30238e-32
5.69865e-37
4.9224e-33
1.72771e-39
2.14117e-29
3.31716e-29
2.91838e-32
2.16657e-32
9.74885e-33
9.68383e-33
2.7636e-32
2.60881e-37
4.51484e-33
1.19157e-39
2.10954e-29
3.50961e-29
2.9751e-32
2.10673e-32
1.01191e-32
9.95928e-33
3.31599e-32
1.19279e-37
4.112e-33
8.13574e-40
2.06551e-29
3.7132e-29
3.03293e-32
2.04853e-32
1.06519e-32
1.02425e-32
3.97712e-32
5.43945e-38
3.72151e-33
5.47437e-40
2.00887e-29
3.92858e-29
3.09188e-32
1.99194e-32
1.16027e-32
1.05339e-32
4.76768e-32
2.46703e-38
3.34883e-33
3.60404e-40
1.93944e-29
4.1564e-29
3.15199e-32
1.93691e-32
1.36477e-32
1.08334e-32
5.71198e-32
1.1061e-38
2.99761e-33
2.29294e-40
1.85713e-29
4.39731e-29
3.21328e-32
1.8834e-32
1.85776e-32
1.11416e-32
6.83824e-32
4.83657e-39
2.67009e-33
1.37709e-40
1.76191e-29
4.65159e-29
3.27576e-32
1.83136e-32
3.11356e-32
1.14585e-32
8.17888e-32
1.99621e-39
2.36743e-33
7.40388e-41
1.65379e-29
4.91697e-29
3.33943e-32
1.78076e-32
6.38863e-32
1.17847e-32
9.7703e-32
7.06173e-40
2.08994e-33
3.00721e-41
1.5329e-29
5.17443e-29
3.40349e-32
1.73155e-32
1.50113e-31
1.2121e-32
1.1652e-31
1.26064e-40
1.8373e-33
0
1.39938e-29
5.29699e-29
3.4354e-32
1.6837e-32
2.07421e-31
1.73314e-31
1.23219e-32
1.26122e-31
1.29127e-40
7.21512e-41
1.49511e-33
1.42503e-29
1.0625e-29
1.65637e-32
2.44776e-31
2.02152e-31
1.25262e-32
1.36376e-31
1.32264e-40
4.12943e-41
1.20603e-33
1.45114e-29
8.08014e-30
1.62942e-32
2.67174e-31
2.38328e-31
1.27339e-32
1.47285e-31
1.35478e-40
2.36335e-41
9.64567e-34
1.47773e-29
6.15683e-30
1.60289e-32
2.78459e-31
2.84085e-31
1.2945e-32
1.58841e-31
1.3877e-40
1.35253e-41
7.64926e-34
1.5048e-29
4.70243e-30
1.57677e-32
2.81584e-31
3.42389e-31
1.31596e-32
1.71011e-31
1.42141e-40
7.73996e-42
6.01428e-34
1.53238e-29
3.60184e-30
1.55108e-32
2.78807e-31
4.17164e-31
1.33777e-32
1.83737e-31
1.45596e-40
4.42879e-42
4.6873e-34
1.56046e-29
2.76826e-30
1.52579e-32
2.71853e-31
5.13602e-31
1.35995e-32
1.96926e-31
1.49136e-40
2.53369e-42
3.61961e-34
1.58905e-29
2.13624e-30
1.50092e-32
2.6203e-31
6.38576e-31
1.38249e-32
2.10432e-31
1.52766e-40
1.44907e-42
2.76784e-34
1.61817e-29
1.6564e-30
1.47645e-32
2.50326e-31
8.01192e-31
1.4054e-32
2.24049e-31
1.56498e-40
8.28327e-43
2.09407e-34
1.64782e-29
1.29152e-30
1.45238e-32
2.37482e-31
1.01351e-30
1.4287e-32
1.60358e-40
4.7308e-43
1.56568e-34
1.67801e-29
1.64415e-40
2.69788e-43
1.15499e-34
1.70876e-29
1.68856e-40
1.53466e-43
8.3875e-35
1.74007e-29
1.74195e-40
8.69186e-44
5.97678e-35
1.77195e-29
1.81853e-40
4.88596e-44
4.15913e-35
1.80442e-29
1.95762e-40
2.71044e-44
2.80536e-35
1.83748e-29
2.26806e-40
1.46799e-44
1.81116e-35
1.87115e-29
3.05125e-40
7.59468e-45
1.09301e-35
1.90543e-29
5.1419e-40
3.56473e-45
5.8463e-36
1.94032e-29
1.08518e-39
1.28258e-45
2.33858e-36
1.97519e-29
2.65835e-39
0
0
1.99246e-29
2.70791e-39
1.42493e-38
2.7584e-39
2.26256e-38
2.80984e-39
2.81281e-38
2.86225e-39
3.13692e-38
2.91565e-39
3.30364e-38
2.97005e-39
3.37077e-38
3.02548e-39
3.37642e-38
3.08195e-39
3.33919e-38
3.13949e-39
3.26316e-38
3.19811e-39
3.14395e-38
3.25784e-39
2.97438e-38
3.31869e-39
2.74901e-38
3.38069e-39
2.4673e-38
3.44386e-39
2.13534e-38
3.50822e-39
1.76571e-38
3.57379e-39
1.37599e-38
3.64061e-39
9.86242e-39
3.70868e-39
6.16252e-39
3.77805e-39
2.83193e-39
3.84838e-39
0
3.94857e-39
4.0514e-39
4.15692e-39
4.26522e-39
4.37637e-39
4.49043e-39
4.60749e-39
4.72763e-39
4.85093e-39
4.97748e-39
5.10735e-39
5.24063e-39
5.37743e-39
5.51781e-39
5.66193e-39
5.80967e-39
5.9621e-39
6.11481e-39
6.28877e-39
6.38772e-39
END_LIST
