BEGIN_LIST
0
5.0331e-92
1.75254e-91
4.83408e-91
1.24162e-90
3.10526e-90
7.68385e-90
1.89305e-89
4.65546e-89
1.14401e-88
2.81037e-88
6.90307e-88
1.69548e-87
4.16424e-87
1.02276e-86
2.51195e-86
6.16943e-86
1.51523e-85
3.72148e-85
9.14005e-85
2.24482e-84
1.01577e-83
2.28904e-84
2.46044e-83
2.33414e-84
5.03523e-83
2.38012e-84
9.55693e-83
2.42701e-84
1.74237e-82
2.47482e-84
3.10275e-82
2.52357e-84
5.44599e-82
2.57328e-84
9.47158e-82
2.62398e-84
1.63755e-81
2.67567e-84
2.8202e-81
2.72838e-84
4.84456e-81
2.78214e-84
8.30786e-81
2.83757e-84
1.4231e-80
2.92009e-84
2.43585e-80
4.11928e-84
4.16721e-80
5.31601e-83
7.1268e-80
2.15372e-81
1.21855e-79
9.22308e-80
2.08319e-79
3.95473e-78
3.56097e-79
1.69585e-76
6.08664e-79
7.27228e-75
6.33714e-79
7.90147e-79
3.59836e-79
1.73029e-74
7.59693e-75
6.59794e-79
8.95277e-79
2.12731e-79
3.38524e-74
7.93604e-75
6.86948e-79
9.50668e-79
1.25764e-79
6.02652e-74
8.29023e-75
7.15219e-79
9.73823e-79
7.43501e-80
1.0137e-73
8.66011e-75
7.44654e-79
9.76245e-79
4.39548e-80
1.64063e-73
9.04629e-75
7.75301e-79
9.6549e-79
2.59855e-80
2.5809e-73
9.4493e-75
8.07208e-79
9.46516e-79
1.53623e-80
3.97091e-73
9.86954e-75
8.40429e-79
9.22568e-79
9.08193e-81
5.99958e-73
1.03071e-74
8.75017e-79
8.95769e-79
5.36908e-81
8.92598e-73
1.07615e-74
9.11029e-79
8.67498e-79
3.17411e-81
1.31017e-72
1.12311e-74
9.48522e-79
8.3865e-79
1.87647e-81
1.89986e-72
1.17122e-74
9.87559e-79
8.098e-79
1.10932e-81
2.72426e-72
1.21971e-74
1.0282e-78
7.81312e-79
6.55795e-82
3.86532e-72
1.26705e-74
1.07052e-78
7.53411e-79
3.8768e-82
5.42872e-72
1.3103e-74
1.11458e-78
7.26235e-79
2.29176e-82
7.54846e-72
1.34385e-74
1.16045e-78
6.99859e-79
1.35472e-82
1.03909e-71
1.35715e-74
1.20821e-78
6.74324e-79
8.00763e-83
1.41571e-71
1.33032e-74
1.25793e-78
6.49643e-79
4.73283e-83
1.90818e-71
1.22605e-74
1.30957e-78
6.25815e-79
2.7969e-83
2.54255e-71
9.74405e-75
1.37494e-78
6.02827e-79
1.65248e-83
3.34547e-71
4.44357e-75
1.41469e-78
1.41418e-78
7.26343e-79
2.76326e-79
8.96936e-79
1.16882e-83
3.48736e-71
3.54027e-71
4.50695e-75
1.33096e-75
1.45627e-78
1.45453e-78
8.75575e-79
1.26663e-79
1.09615e-78
8.26458e-84
3.61585e-71
3.74641e-71
4.57124e-75
4.01328e-76
1.50086e-78
1.49604e-78
1.05624e-78
5.80604e-80
1.22033e-78
5.84126e-84
3.72978e-71
3.96455e-71
4.63645e-75
1.23602e-76
1.55158e-78
1.53873e-78
1.27564e-78
2.66138e-80
1.28589e-78
4.12614e-84
3.82801e-71
4.1954e-71
4.70259e-75
4.05602e-77
1.61671e-78
1.58264e-78
1.54337e-78
1.21992e-80
1.30637e-78
2.91234e-84
3.90944e-71
4.43968e-71
4.76967e-75
1.56602e-77
1.71818e-78
1.6278e-78
1.87245e-78
5.59181e-81
1.29283e-78
2.05343e-84
3.97302e-71
4.69819e-71
4.83771e-75
8.12586e-78
1.91435e-78
1.67425e-78
2.28141e-78
2.56311e-81
1.25427e-78
1.44576e-84
4.01776e-71
4.97176e-71
4.90672e-75
5.78017e-78
2.36054e-78
1.72203e-78
2.79785e-78
1.17481e-81
1.19791e-78
1.01593e-84
4.04273e-71
5.26125e-71
4.97671e-75
4.98663e-78
3.47023e-78
1.77117e-78
3.46504e-78
5.38439e-82
1.12956e-78
7.11995e-85
4.04707e-71
5.5676e-71
5.0477e-75
4.65919e-78
6.34427e-78
1.82171e-78
4.354e-78
2.46743e-82
1.05377e-78
4.97158e-85
4.03001e-71
5.89179e-71
5.11971e-75
4.47346e-78
1.39136e-77
1.8737e-78
5.58588e-78
1.13038e-82
9.74129e-79
3.4539e-85
3.99085e-71
6.23486e-71
5.19274e-75
4.33248e-78
3.39817e-77
1.92717e-78
7.37378e-78
5.17535e-83
8.93363e-79
2.38255e-85
3.92899e-71
6.5979e-71
5.26682e-75
4.20724e-78
8.73255e-77
1.98216e-78
1.01011e-77
2.36652e-83
8.13544e-79
1.62702e-85
3.84392e-71
6.98208e-71
5.34195e-75
4.089e-78
2.29264e-76
2.03873e-78
1.44684e-77
1.07931e-83
7.36187e-79
1.09496e-85
3.73527e-71
7.38863e-71
5.41815e-75
3.9751e-78
6.07082e-76
2.0969e-78
2.177e-77
4.89567e-84
6.62369e-79
7.20963e-86
3.60273e-71
7.81883e-71
5.49544e-75
3.86468e-78
1.61293e-75
2.15674e-78
3.44142e-77
2.1952e-84
5.92812e-79
4.58741e-86
3.44615e-71
8.27391e-71
5.57383e-75
3.75741e-78
4.2909e-75
2.2183e-78
5.69027e-77
9.5997e-85
5.27961e-79
2.75534e-86
3.26547e-71
8.75442e-71
5.65334e-75
3.65315e-78
1.14209e-74
2.28162e-78
9.76771e-77
3.96242e-85
4.68042e-79
1.4815e-86
3.06077e-71
9.25608e-71
5.73396e-75
3.55179e-78
3.04044e-74
2.3468e-78
1.72597e-76
1.40184e-85
4.13116e-79
6.01762e-87
2.83227e-71
9.74291e-71
5.81465e-75
3.45325e-78
8.09476e-74
2.414e-78
3.11497e-76
2.50292e-86
3.63118e-79
0
2.58032e-71
9.9747e-71
5.85475e-75
3.35744e-78
6.10871e-74
1.10299e-73
2.45416e-78
4.07402e-76
2.56387e-86
1.43262e-86
2.95411e-79
2.62745e-71
1.94562e-71
3.3027e-78
4.61029e-74
1.49359e-73
2.495e-78
5.34024e-76
2.62631e-86
8.19997e-87
2.38231e-79
2.67545e-71
1.46694e-71
3.24876e-78
3.47974e-74
2.01299e-73
2.53651e-78
7.0132e-76
2.69027e-86
4.69335e-87
1.90483e-79
2.72432e-71
1.10592e-71
3.19565e-78
2.62672e-74
2.70324e-73
2.57871e-78
9.2248e-76
2.75578e-86
2.68617e-87
1.51018e-79
2.77409e-71
8.33646e-72
3.14338e-78
1.98309e-74
3.62007e-73
2.62162e-78
1.21499e-75
2.82289e-86
1.53731e-87
1.18708e-79
2.82476e-71
6.2831e-72
3.09195e-78
1.49741e-74
4.83742e-73
2.66524e-78
1.60202e-75
2.89164e-86
8.79716e-88
9.24922e-80
2.87636e-71
4.73458e-72
3.04136e-78
1.13091e-74
6.45327e-73
2.70959e-78
2.11429e-75
2.96206e-86
5.03322e-88
7.1406e-80
2.9289e-71
3.56684e-72
2.99159e-78
8.54325e-75
8.59756e-73
2.75467e-78
2.79249e-75
3.03419e-86
2.87884e-88
5.45894e-80
2.98241e-71
2.68627e-72
2.94263e-78
6.45574e-75
1.14426e-72
2.8005e-78
3.69058e-75
3.10808e-86
1.64575e-88
4.12912e-80
3.03689e-71
2.02229e-72
2.89447e-78
4.88006e-75
1.52168e-72
2.8471e-78
3.18377e-86
9.4001e-89
3.08656e-80
3.09236e-71
3.26129e-86
5.36112e-89
2.27646e-80
3.14885e-71
3.34068e-86
3.04985e-89
1.65285e-80
3.20637e-71
3.42195e-86
1.72748e-89
1.1776e-80
3.26494e-71
3.50505e-86
9.7114e-90
8.19345e-81
3.32458e-71
3.58973e-86
5.38768e-90
5.52582e-81
3.38531e-71
3.67527e-86
2.91816e-90
3.56712e-81
3.44715e-71
3.75948e-86
1.50979e-90
2.15252e-81
3.51012e-71
3.83615e-86
7.08682e-91
1.15128e-81
3.57419e-71
3.88772e-86
2.54987e-91
4.60506e-82
3.63822e-71
3.8648e-86
0
0
3.66995e-71
3.91121e-86
3.28145e-86
3.95819e-86
2.70154e-86
4.00573e-86
2.16703e-86
4.05384e-86
1.70697e-86
4.10253e-86
1.33297e-86
4.1518e-86
1.04151e-86
4.20166e-86
8.20289e-87
4.25213e-86
6.54172e-87
4.3032e-86
5.28882e-87
4.35488e-86
4.3259e-87
4.40719e-86
3.56251e-87
4.46012e-86
2.93367e-87
4.51369e-86
2.39561e-87
4.5679e-86
1.92119e-87
4.62276e-86
1.49561e-87
4.67828e-86
1.11243e-87
4.73447e-86
7.70227e-88
4.79133e-86
4.6994e-88
4.84889e-86
2.12962e-88
4.90695e-86
0
4.98886e-86
5.07215e-86
5.15682e-86
5.24291e-86
5.33043e-86
5.41942e-86
5.50989e-86
5.60187e-86
5.69539e-86
5.79046e-86
5.88713e-86
5.98541e-86
6.08533e-86
6.18691e-86
6.29022e-86
6.39513e-86
6.50233e-86
6.60883e-86
6.72871e-86
6.79647e-86
END_LIST
