BEGIN_LIST
0
2.46898e-77
8.59706e-77
2.37135e-76
6.09075e-76
1.52328e-75
3.7693e-75
9.28633e-75
2.28373e-74
5.61194e-74
1.37862e-73
3.38629e-73
8.31716e-73
2.04276e-72
5.01712e-72
1.23223e-71
3.0264e-71
7.43293e-71
1.82556e-70
4.48363e-70
1.10119e-69
4.98284e-69
1.12288e-69
1.20696e-68
1.145e-69
2.47001e-68
1.16756e-69
4.68811e-68
1.19056e-69
8.54709e-68
1.21401e-69
1.52204e-67
1.23793e-69
2.67149e-67
1.26232e-69
4.64621e-67
1.28718e-69
8.03285e-67
1.31254e-69
1.38342e-66
1.3384e-69
2.37644e-66
1.36476e-69
4.07531e-66
1.39167e-69
6.98078e-66
1.41977e-69
1.19486e-65
1.47719e-69
2.04414e-65
2.7695e-69
3.4959e-65
5.69936e-68
5.97733e-65
2.38111e-66
1.02185e-64
1.02038e-64
1.74673e-64
4.37549e-63
2.9856e-64
1.87633e-61
3.10848e-64
3.8758e-64
1.76506e-64
4.46437e-61
1.96009e-61
3.23642e-64
4.39147e-64
1.04349e-64
8.7345e-61
2.04757e-61
3.36962e-64
4.66316e-64
6.16899e-65
1.55497e-60
2.13894e-61
3.5083e-64
4.77674e-64
3.64704e-65
2.61561e-60
2.23437e-61
3.65269e-64
4.78861e-64
2.15609e-65
4.23336e-60
2.33399e-61
3.80302e-64
4.73585e-64
1.27465e-65
6.65979e-60
2.43796e-61
3.95954e-64
4.64277e-64
7.5356e-66
1.02469e-59
2.54637e-61
4.1225e-64
4.5253e-64
4.45494e-66
1.54825e-59
2.65925e-61
4.29217e-64
4.39384e-64
2.63369e-66
2.30352e-59
2.77648e-61
4.46882e-64
4.25516e-64
1.557e-66
3.38129e-59
2.89765e-61
4.65275e-64
4.11365e-64
9.20466e-67
4.9034e-59
3.0218e-61
4.84424e-64
3.97213e-64
5.44157e-67
7.03146e-59
3.14695e-61
5.04361e-64
3.83239e-64
3.2169e-67
9.97709e-59
3.26919e-61
5.25119e-64
3.69553e-64
1.9017e-67
1.40132e-58
3.38098e-61
5.46731e-64
3.56222e-64
1.12419e-67
1.9486e-58
3.46796e-61
5.69233e-64
3.43284e-64
6.6454e-68
2.6825e-58
3.50304e-61
5.92661e-64
3.30758e-64
3.92805e-68
3.65498e-58
3.43526e-61
6.17054e-64
3.18651e-64
2.32164e-68
4.92668e-58
3.16891e-61
6.42386e-64
3.06963e-64
1.37199e-68
6.56491e-58
2.5246e-61
6.74412e-64
2.95687e-64
8.10609e-69
8.63855e-58
1.16613e-61
6.93718e-64
6.93658e-64
3.5596e-64
1.35539e-64
4.39985e-64
5.73354e-69
9.00499e-58
9.14158e-58
1.18288e-61
3.677e-62
7.13594e-64
7.13454e-64
4.2853e-64
6.21288e-65
5.37728e-64
4.05412e-69
9.33686e-58
9.6739e-58
1.19987e-61
1.28736e-62
7.34086e-64
7.33814e-64
5.15914e-64
2.84789e-65
5.98653e-64
2.86539e-69
9.63113e-58
1.02372e-57
1.2171e-61
5.68525e-63
7.5529e-64
7.54755e-64
6.21153e-64
1.30542e-65
6.30824e-64
2.02405e-69
9.88485e-58
1.08333e-57
1.23458e-61
3.48762e-63
7.77438e-64
7.76294e-64
7.47927e-64
5.98382e-66
6.40876e-64
1.42863e-69
1.00952e-57
1.14642e-57
1.25231e-61
2.78172e-63
8.01114e-64
7.98447e-64
9.00703e-64
2.74283e-66
6.34239e-64
1.0073e-69
1.02594e-57
1.21318e-57
1.2703e-61
2.52264e-63
8.2785e-64
8.21233e-64
1.08493e-63
1.25723e-66
6.15321e-64
7.0921e-70
1.0375e-57
1.28382e-57
1.28855e-61
2.39833e-63
8.61694e-64
8.44669e-64
1.3073e-63
5.76256e-67
5.87677e-64
4.98361e-70
1.04396e-57
1.35858e-57
1.30706e-61
2.31557e-63
9.13397e-64
8.68774e-64
1.57611e-63
2.64111e-67
5.54144e-64
3.49265e-70
1.04508e-57
1.43769e-57
1.32584e-61
2.24648e-63
1.01155e-63
8.93566e-64
1.90183e-63
1.21031e-67
5.16967e-64
2.43878e-70
1.04068e-57
1.52141e-57
1.34488e-61
2.1827e-63
1.23222e-63
9.19066e-64
2.29795e-63
5.54468e-68
4.77895e-64
1.69429e-70
1.03057e-57
1.61001e-57
1.36421e-61
2.12171e-63
1.77796e-63
9.45294e-64
2.78241e-63
2.53859e-68
4.38273e-64
1.16875e-70
1.0146e-57
1.70376e-57
1.38381e-61
2.06271e-63
3.18792e-63
9.72271e-64
3.37996e-63
1.16082e-68
3.99115e-64
7.98127e-71
9.92642e-58
1.80298e-57
1.40369e-61
2.00544e-63
6.89758e-63
1.00002e-63
4.12645e-63
5.29421e-69
3.61165e-64
5.37128e-71
9.64587e-58
1.90797e-57
1.42386e-61
1.94979e-63
1.67286e-62
1.02856e-63
5.07638e-63
2.40142e-69
3.24951e-64
3.53666e-71
9.30366e-58
2.01907e-57
1.44432e-61
1.89568e-63
4.28561e-62
1.05791e-63
6.31683e-63
1.07679e-69
2.90828e-64
2.25034e-71
8.89933e-58
2.13659e-57
1.46508e-61
1.84309e-63
1.12369e-61
1.0881e-63
7.99314e-63
4.70885e-70
2.59013e-64
1.35162e-71
8.43278e-58
2.26069e-57
1.48613e-61
1.79195e-63
2.97391e-61
1.11916e-63
1.03568e-62
1.94365e-70
2.29617e-64
7.26747e-72
7.90422e-58
2.39025e-57
1.50748e-61
1.74223e-63
7.89942e-61
1.15114e-63
1.38551e-62
6.87632e-71
2.02671e-64
2.95192e-72
7.31418e-58
2.51597e-57
1.52885e-61
1.69389e-63
2.10125e-60
1.1841e-63
1.9299e-62
1.22774e-71
1.78142e-64
0
6.66357e-58
2.57583e-57
1.53948e-61
1.64689e-63
1.59509e-60
2.86005e-60
1.2038e-63
2.27251e-62
1.25764e-71
7.02737e-72
1.44926e-64
6.7853e-58
5.0246e-58
1.62004e-63
1.21261e-60
3.86964e-60
1.22383e-63
2.70103e-62
1.28827e-71
4.02229e-72
1.16874e-64
6.90926e-58
3.78848e-58
1.59358e-63
9.23448e-61
5.21192e-60
1.2442e-63
3.24118e-62
1.31964e-71
2.30221e-72
9.34497e-65
7.03549e-58
2.8562e-58
1.56753e-63
7.04697e-61
6.99546e-60
1.2649e-63
3.92687e-62
1.35178e-71
1.31764e-72
7.40883e-65
7.16402e-58
2.15309e-58
1.54189e-63
5.39093e-61
9.3642e-60
1.28595e-63
4.8029e-62
1.3847e-71
7.54091e-73
5.82371e-65
7.29489e-58
1.62283e-58
1.51666e-63
4.1361e-61
1.25091e-59
1.30734e-63
5.92843e-62
1.41842e-71
4.31524e-73
4.53761e-65
7.42816e-58
1.22293e-58
1.49184e-63
3.18424e-61
1.66831e-59
1.3291e-63
7.38166e-62
1.45297e-71
2.46893e-73
3.50313e-65
7.56387e-58
9.21364e-59
1.46743e-63
2.46127e-61
2.22218e-59
1.35121e-63
9.26611e-62
1.48835e-71
1.41215e-73
2.67812e-65
7.70205e-58
6.93953e-59
1.44341e-63
1.91128e-61
2.95702e-59
1.37369e-63
1.17187e-61
1.5246e-71
8.07288e-74
2.02572e-65
7.84276e-58
5.22474e-59
1.41979e-63
1.49209e-61
3.93181e-59
1.39655e-63
1.56173e-71
4.61102e-74
1.51425e-65
7.98604e-58
1.59975e-71
2.62979e-74
1.11682e-65
8.13193e-58
1.6387e-71
1.49604e-74
8.10882e-66
8.28049e-58
1.67857e-71
8.47382e-75
5.77723e-66
8.43177e-58
1.71934e-71
4.76374e-75
4.01967e-66
8.58581e-58
1.7609e-71
2.64283e-75
2.71094e-66
8.74266e-58
1.8029e-71
1.43145e-75
1.75001e-66
8.90238e-58
1.84434e-71
7.40602e-76
1.05602e-66
9.06502e-58
1.88232e-71
3.47631e-76
5.64811e-67
9.23051e-58
1.90862e-71
1.25079e-76
2.25922e-67
9.39588e-58
1.90017e-71
0
0
9.47782e-58
1.92302e-71
1.6346e-71
1.94615e-71
1.36503e-71
1.96956e-71
1.11263e-71
1.99325e-71
8.92734e-72
2.01722e-71
7.1226e-72
2.04148e-71
5.70504e-72
2.06604e-71
4.62107e-72
2.09089e-71
3.79976e-72
2.11604e-71
3.17181e-72
2.14149e-71
2.67844e-72
2.16725e-71
2.274e-72
2.19332e-71
1.92567e-72
2.2197e-71
1.61189e-72
2.2464e-71
1.32042e-72
2.27342e-71
1.04623e-72
2.30077e-71
7.8928e-73
2.32845e-71
5.52422e-73
2.35646e-71
3.39621e-73
2.38481e-71
1.54601e-73
2.41341e-71
0
2.45376e-71
2.49479e-71
2.53651e-71
2.57892e-71
2.62204e-71
2.66589e-71
2.71047e-71
2.7558e-71
2.80188e-71
2.84874e-71
2.89638e-71
2.94481e-71
2.99406e-71
3.04414e-71
3.09506e-71
3.14678e-71
3.19962e-71
3.25213e-71
3.31123e-71
3.34464e-71
END_LIST
