BEGIN_LIST
0
6.71225e-128
2.33779e-127
6.45078e-127
1.65763e-126
4.14788e-126
1.02695e-125
2.53156e-125
6.22944e-125
1.53173e-124
3.76515e-124
9.25406e-124
2.27435e-123
5.58953e-123
1.37369e-122
3.37605e-122
8.29711e-122
2.03914e-121
5.01154e-121
1.23167e-120
3.02938e-120
1.37286e-119
3.0875e-120
3.32998e-119
3.14674e-120
6.82755e-119
3.20712e-120
1.299e-118
3.26868e-120
2.3752e-118
3.33142e-120
4.24406e-118
3.39538e-120
7.47783e-118
3.46058e-120
1.30606e-117
3.52704e-120
2.26849e-117
3.5948e-120
3.92623e-117
3.66441e-120
6.78024e-117
3.75859e-120
1.16926e-116
4.85054e-120
2.01474e-116
4.86747e-119
3.46998e-116
1.92477e-117
5.97504e-116
8.2377e-116
1.02882e-115
3.53236e-114
1.77159e-115
1.5148e-112
3.05108e-115
6.49548e-111
5.25575e-115
2.78536e-109
9.05568e-115
1.19444e-107
9.40927e-115
1.17971e-114
5.33264e-115
2.84192e-107
1.24776e-107
9.77686e-115
1.33944e-114
3.14047e-115
5.5601e-107
1.30346e-107
1.0159e-114
1.42472e-114
1.8496e-115
9.89824e-107
1.36164e-107
1.05563e-114
1.46178e-114
1.08941e-115
1.66494e-106
1.42239e-107
1.09693e-114
1.46784e-114
6.41705e-116
2.69461e-106
1.48582e-107
1.13987e-114
1.45416e-114
3.78015e-116
4.23893e-106
1.55202e-107
1.18452e-114
1.42815e-114
2.22696e-116
6.52187e-106
1.62104e-107
1.23093e-114
1.39463e-114
1.31203e-116
9.85369e-106
1.69291e-107
1.27919e-114
1.35675e-114
7.73038e-117
1.46599e-105
1.76755e-107
1.32937e-114
1.31658e-114
4.55498e-117
2.15178e-105
1.84468e-107
1.38153e-114
1.27544e-114
2.6841e-117
3.12024e-105
1.92371e-107
1.43577e-114
1.23417e-114
1.58173e-117
4.47416e-105
2.00335e-107
1.49217e-114
1.19333e-114
9.32163e-118
6.3481e-105
2.0811e-107
1.55081e-114
1.15325e-114
5.49376e-118
8.91563e-105
2.15212e-107
1.61178e-114
1.11413e-114
3.23792e-118
1.23968e-104
2.20722e-107
1.67518e-114
1.0761e-114
1.90841e-118
1.70646e-104
2.22904e-107
1.74111e-114
1.03922e-114
1.12481e-118
2.32495e-104
2.18492e-107
1.80968e-114
1.0035e-114
6.62939e-119
3.13369e-104
2.01357e-107
1.87915e-114
9.68965e-115
3.90691e-119
4.17543e-104
1.60007e-107
2.11285e-114
9.35585e-115
2.30211e-119
5.49396e-104
7.29156e-108
2.85067e-114
2.16959e-114
2.22423e-114
4.27389e-115
1.26033e-114
1.62546e-119
5.72696e-104
5.81386e-104
7.39553e-108
2.17751e-108
4.73586e-114
2.22787e-114
4.672e-114
1.95246e-115
1.47535e-114
1.14738e-119
5.93796e-104
6.15238e-104
7.50099e-108
6.50281e-109
9.67372e-114
2.28775e-114
9.29939e-114
8.91988e-116
1.60375e-114
8.09587e-120
6.12506e-104
6.5106e-104
7.60795e-108
1.942e-109
2.2737e-113
2.34926e-114
1.80281e-113
4.07525e-116
1.66466e-114
5.70938e-120
6.28636e-104
6.88969e-104
7.71643e-108
5.79995e-110
5.74325e-113
2.41244e-114
3.44781e-113
1.86195e-116
1.67387e-114
4.02342e-120
6.42008e-104
7.29086e-104
7.82646e-108
1.73256e-110
1.49721e-112
2.47736e-114
6.54709e-113
8.50731e-117
1.64428e-114
2.83244e-120
6.52449e-104
7.71538e-104
7.93806e-108
5.17896e-111
3.95349e-112
2.54404e-114
1.23863e-112
3.88715e-117
1.58637e-114
1.99127e-120
6.59795e-104
8.16462e-104
8.05126e-108
1.55144e-111
1.04924e-111
2.61255e-114
2.33887e-112
1.77613e-117
1.50858e-114
1.39725e-120
6.63894e-104
8.64002e-104
8.16606e-108
4.6802e-112
2.79015e-111
2.68293e-114
4.41224e-112
8.11538e-118
1.41765e-114
9.77888e-121
6.64607e-104
9.1431e-104
8.28251e-108
1.44351e-112
7.4253e-111
2.75524e-114
8.31987e-112
3.70766e-118
1.31891e-114
6.81935e-121
6.61804e-104
9.67547e-104
8.40061e-108
4.75711e-113
1.97663e-110
2.82952e-114
1.56852e-111
1.69351e-118
1.21647e-114
4.73183e-121
6.55372e-104
1.02388e-103
8.5204e-108
1.85513e-113
5.26242e-110
2.90584e-114
2.9569e-111
7.73101e-119
1.11353e-114
3.26041e-121
6.45213e-104
1.0835e-103
8.6419e-108
9.76991e-114
1.40109e-109
2.98425e-114
5.57413e-111
3.5251e-119
1.01244e-114
2.22422e-121
6.31244e-104
1.14659e-103
8.76513e-108
7.03535e-114
3.73038e-109
3.0648e-114
1.05081e-110
1.6033e-119
9.14953e-115
1.49549e-121
6.13401e-104
1.21335e-103
8.89011e-108
6.10958e-114
9.93212e-109
3.14755e-114
1.98096e-110
7.25353e-120
8.22273e-115
9.83905e-122
5.91635e-104
1.284e-103
9.01688e-108
5.72689e-114
2.64444e-108
3.23258e-114
3.73454e-110
3.24461e-120
7.35203e-115
6.25631e-122
5.65921e-104
1.35873e-103
9.14546e-108
5.50925e-114
7.04082e-108
3.31994e-114
7.04053e-110
1.41582e-120
6.54218e-115
3.75575e-122
5.36249e-104
1.43764e-103
9.27586e-108
5.34365e-114
1.87462e-107
3.40972e-114
1.32733e-109
5.83328e-121
5.7954e-115
2.01863e-122
5.02634e-104
1.52002e-103
9.40809e-108
5.1963e-114
4.99119e-107
3.50202e-114
2.50238e-109
2.06042e-121
5.11198e-115
8.19745e-123
4.65111e-104
1.59996e-103
9.54042e-108
5.05701e-114
1.32891e-106
3.59708e-114
4.71771e-109
3.66634e-122
4.49072e-115
0
4.23735e-104
1.63803e-103
9.6062e-108
4.92269e-114
1.00253e-106
1.81087e-106
3.65385e-114
6.25907e-109
3.7514e-122
2.09536e-122
3.65062e-115
4.31475e-104
3.19506e-104
4.84609e-114
7.56303e-107
2.45227e-106
3.71153e-114
8.3025e-109
3.83845e-122
1.19753e-122
2.94215e-115
4.39357e-104
2.40897e-104
4.77061e-114
5.7055e-107
3.30518e-106
3.77014e-114
1.10115e-108
3.92756e-122
6.84396e-123
2.35122e-115
4.47382e-104
1.81611e-104
4.69628e-114
4.30417e-107
4.43864e-106
3.82968e-114
1.46028e-108
4.01875e-122
3.91126e-123
1.86324e-115
4.55554e-104
1.36898e-104
4.6231e-114
3.247e-107
5.9442e-106
3.89017e-114
1.93636e-108
4.1121e-122
2.23515e-123
1.46405e-115
4.63876e-104
1.03179e-104
4.55105e-114
2.44947e-107
7.94324e-106
3.95164e-114
2.56747e-108
4.20763e-122
1.2772e-123
1.14036e-115
4.72349e-104
7.77492e-105
4.48014e-114
1.84781e-107
1.05967e-105
4.01408e-114
3.40408e-108
4.30542e-122
7.29688e-124
8.80137e-116
4.80978e-104
5.85728e-105
4.41035e-114
1.39392e-107
1.41179e-105
4.07753e-114
4.51308e-108
4.4055e-122
4.16767e-124
6.72699e-116
4.89764e-104
4.41123e-105
4.34165e-114
1.0515e-107
1.87899e-105
4.142e-114
5.98316e-108
4.50794e-122
2.37923e-124
5.08724e-116
4.9871e-104
3.32087e-105
4.27404e-114
7.93187e-108
2.49877e-105
4.20749e-114
4.61278e-122
1.3571e-124
3.80211e-116
5.0782e-104
4.72009e-122
7.72957e-125
2.8038e-116
5.17096e-104
4.82989e-122
4.39157e-125
2.03548e-116
5.26542e-104
4.9422e-122
2.48441e-125
1.45005e-116
5.3616e-104
5.05694e-122
1.39506e-125
1.00882e-116
5.45954e-104
5.17375e-122
7.73143e-126
6.80319e-117
5.55926e-104
5.29156e-122
4.1838e-126
4.39146e-117
5.66081e-104
5.40721e-122
2.16297e-126
2.64984e-117
5.76422e-104
5.51167e-122
1.0147e-126
1.41723e-117
5.86943e-104
5.57945e-122
3.64967e-127
5.66875e-118
5.97458e-104
5.53872e-122
0
0
6.02667e-104
5.6025e-122
4.66676e-122
5.66703e-122
3.81602e-122
5.7323e-122
3.04187e-122
5.79834e-122
2.38175e-122
5.86515e-122
1.84894e-122
5.93273e-122
1.43612e-122
6.0011e-122
1.12437e-122
6.07027e-122
8.91386e-123
6.14025e-122
7.16542e-123
6.21104e-122
5.82928e-123
6.28265e-122
4.777e-123
6.3551e-122
3.91668e-123
6.4284e-122
3.18636e-123
6.50254e-122
2.54734e-123
6.57756e-122
1.978e-123
6.65344e-122
1.46827e-123
6.73022e-122
1.01506e-123
6.80788e-122
6.18668e-124
6.88647e-122
2.80187e-124
6.96572e-122
0
7.07749e-122
7.19106e-122
7.30648e-122
7.42377e-122
7.54296e-122
7.66408e-122
7.78717e-122
7.91226e-122
8.03937e-122
8.16855e-122
8.29983e-122
8.43324e-122
8.56881e-122
8.70658e-122
8.84662e-122
8.98878e-122
9.13397e-122
9.27816e-122
9.44037e-122
9.53202e-122
END_LIST
