BEGIN_LIST
0
3.61058e-38
1.25675e-37
3.46459e-37
8.89264e-37
2.22237e-36
5.49492e-36
1.35273e-35
3.32417e-35
8.16271e-35
2.00383e-34
4.91866e-34
1.20731e-33
2.96342e-33
7.27401e-33
1.78554e-32
4.38299e-32
1.07593e-31
2.64126e-31
6.48402e-31
1.5918e-30
7.19809e-30
1.62366e-30
1.74232e-29
1.65617e-30
3.56245e-29
1.68936e-30
6.75481e-29
1.72323e-30
1.23026e-28
1.75781e-30
2.18884e-28
1.79311e-30
3.83918e-28
1.82914e-30
6.67423e-28
1.86592e-30
1.1538e-27
1.90346e-30
1.98761e-27
1.94179e-30
3.41641e-27
1.98093e-30
5.8643e-27
2.02088e-30
1.00578e-26
2.06167e-30
1.72413e-26
2.10334e-30
2.95465e-26
2.14663e-30
5.06248e-26
2.22293e-30
8.67296e-26
3.67667e-30
1.4857e-25
6.41376e-29
2.54482e-25
2.65406e-27
4.35859e-25
1.13679e-25
4.53601e-25
5.66278e-25
2.57432e-25
2.70106e-25
1.189e-25
4.72062e-25
6.41919e-25
1.52043e-25
5.27129e-25
1.24372e-25
4.9127e-25
6.8188e-25
8.97955e-26
9.35189e-25
1.30115e-25
5.11257e-25
6.98718e-25
5.30313e-26
1.56635e-24
1.36156e-25
5.32052e-25
7.00683e-25
3.13182e-26
2.52247e-24
1.42535e-25
5.53689e-25
6.93191e-25
1.84948e-26
3.94602e-24
1.49317e-25
5.76202e-25
6.79795e-25
1.09218e-26
6.03443e-24
1.5661e-25
5.99625e-25
6.62821e-25
6.44954e-27
9.05887e-24
1.64601e-25
6.23996e-25
6.43789e-25
3.80852e-27
1.33885e-23
1.73625e-25
6.49351e-25
6.23688e-25
2.24896e-27
1.95216e-23
1.84283e-25
6.75731e-25
6.03159e-25
1.32802e-27
2.8125e-23
1.9767e-25
7.03178e-25
5.82614e-25
7.84206e-28
4.00826e-23
2.15783e-25
7.31732e-25
5.62314e-25
4.63089e-28
5.65556e-23
2.42279e-25
7.6144e-25
5.42422e-25
2.73469e-28
7.90527e-23
2.8386e-25
7.92347e-25
5.23036e-25
1.61499e-28
1.0951e-22
3.52831e-25
8.24501e-25
5.04211e-25
9.53784e-29
1.50377e-22
4.71777e-25
8.57952e-25
4.85977e-25
5.63314e-29
2.04698e-22
6.82173e-25
8.92753e-25
4.68345e-25
3.32712e-29
2.76165e-22
1.06019e-24
9.28866e-25
4.51313e-25
1.96514e-29
3.69121e-22
1.74569e-24
9.74459e-25
4.34874e-25
1.16066e-29
4.88433e-22
2.99559e-24
1.00191e-24
1.00184e-24
5.21769e-25
1.99248e-25
6.47776e-25
8.20844e-30
5.09797e-22
5.16329e-22
3.05384e-24
3.6278e-24
1.03013e-24
1.02999e-24
6.25755e-25
9.12889e-26
7.9212e-25
5.80393e-30
5.29275e-22
5.45805e-22
3.11321e-24
3.74437e-24
1.05914e-24
1.05893e-24
7.50114e-25
4.18251e-26
8.82254e-25
4.10243e-30
5.46693e-22
5.76949e-22
3.17373e-24
3.7077e-24
1.08896e-24
1.08867e-24
8.98735e-25
1.91624e-26
9.30052e-25
2.89839e-30
5.61886e-22
6.09855e-22
3.23541e-24
3.62683e-24
1.11962e-24
1.11924e-24
1.07623e-24
8.77918e-27
9.45277e-25
2.04635e-30
5.74691e-22
6.4462e-22
3.29829e-24
3.53453e-24
1.15114e-24
1.15067e-24
1.28803e-24
4.02204e-27
9.35913e-25
1.44341e-30
5.84954e-22
6.81348e-22
3.36238e-24
3.4406e-24
1.18355e-24
1.18297e-24
1.54059e-24
1.84259e-27
9.08443e-25
1.01676e-30
5.92526e-22
7.2015e-22
3.4277e-24
3.34797e-24
1.21692e-24
1.21617e-24
1.8415e-24
8.44095e-28
8.6809e-25
7.14897e-31
5.97269e-22
7.6114e-22
3.49428e-24
3.25744e-24
1.25131e-24
1.2503e-24
2.19971e-24
3.8665e-28
8.19024e-25
5.01355e-31
5.99052e-22
8.04441e-22
3.56214e-24
3.16924e-24
1.28694e-24
1.28538e-24
2.62573e-24
1.77083e-28
7.64542e-25
3.50334e-31
5.97758e-22
8.50181e-22
3.63131e-24
3.08337e-24
1.32428e-24
1.32143e-24
3.13193e-24
8.10783e-29
7.07216e-25
2.43578e-31
5.93277e-22
8.98495e-22
3.70181e-24
2.9998e-24
1.36458e-24
1.35849e-24
3.73279e-24
3.70992e-29
6.49026e-25
1.6816e-31
5.85517e-22
9.49526e-22
3.77367e-24
2.91847e-24
1.41105e-24
1.39659e-24
4.44526e-24
1.69542e-29
5.91466e-25
1.14928e-31
5.74396e-22
1.00343e-21
3.84691e-24
2.83933e-24
1.4722e-24
1.43574e-24
5.28906e-24
7.72781e-30
5.35631e-25
7.7405e-32
5.59846e-22
1.06035e-21
3.92156e-24
2.76231e-24
1.57051e-24
1.47598e-24
6.2871e-24
3.50326e-30
4.82304e-25
5.10033e-32
5.41817e-22
1.12047e-21
3.99764e-24
2.68736e-24
1.76546e-24
1.51735e-24
7.46577e-24
1.56999e-30
4.3201e-25
3.24736e-32
5.20274e-22
1.18394e-21
4.07519e-24
2.61443e-24
2.21455e-24
1.55986e-24
8.8552e-24
6.86227e-31
3.85076e-25
1.9515e-32
4.95199e-22
1.25081e-21
4.15423e-24
2.54347e-24
3.33486e-24
1.60357e-24
1.04893e-23
2.83131e-31
3.4167e-25
1.0497e-32
4.66592e-22
1.32049e-21
4.23476e-24
2.47441e-24
6.23101e-24
1.64853e-24
1.24052e-23
1.00131e-31
3.01843e-25
4.26477e-33
4.34471e-22
1.388e-21
4.31574e-24
2.40721e-24
1.38285e-23
1.69484e-24
1.46422e-23
1.78656e-32
2.65554e-25
0
3.98873e-22
1.42012e-21
4.35608e-24
2.34182e-24
2.15896e-23
1.50813e-23
1.72251e-24
1.57746e-23
1.82961e-32
1.02231e-32
2.16351e-25
4.06128e-22
3.08698e-22
2.30444e-24
2.67669e-23
1.65196e-23
1.75063e-24
1.6977e-23
1.8737e-32
5.85002e-33
1.7473e-25
4.13514e-22
2.40307e-22
2.26759e-24
3.001e-23
1.81897e-23
1.7792e-24
1.82487e-23
1.91887e-32
3.34769e-33
1.39916e-25
4.21034e-22
1.88344e-22
2.23128e-24
3.18159e-23
2.01519e-23
1.80823e-24
1.95874e-23
1.96514e-32
1.91576e-33
1.11092e-25
4.2869e-22
1.48774e-22
2.19553e-24
3.25641e-23
2.24852e-23
1.83774e-24
2.0988e-23
2.01258e-32
1.09634e-33
8.74514e-26
4.36484e-22
1.18559e-22
2.16034e-24
3.25436e-23
2.52938e-23
1.86772e-24
2.24423e-23
2.06126e-32
6.27403e-34
6.82366e-26
4.44419e-22
9.54109e-23
2.12571e-24
3.19738e-23
2.87151e-23
1.89819e-24
2.39374e-23
2.11138e-32
3.59021e-34
5.27539e-26
4.52498e-22
7.76055e-23
2.09162e-24
3.10209e-23
3.29301e-23
1.92915e-24
2.54544e-23
2.1634e-32
2.05409e-34
4.03844e-26
4.60722e-22
6.38439e-23
2.05808e-24
2.98101e-23
3.81787e-23
1.96061e-24
2.69662e-23
2.21858e-32
1.17479e-34
3.05859e-26
4.69095e-22
5.31473e-23
2.02507e-24
2.84353e-23
4.47778e-23
1.99258e-24
2.28031e-32
6.71419e-35
2.28911e-26
4.77619e-22
2.35796e-32
3.83227e-35
1.69022e-26
4.86298e-22
2.47737e-32
2.18219e-35
1.22849e-26
4.95133e-22
2.71007e-32
1.23739e-35
8.76072e-27
5.04127e-22
3.2541e-32
6.96464e-36
6.10058e-27
5.13284e-22
4.65789e-32
3.86871e-36
4.11729e-27
5.22606e-22
8.44036e-32
2.09801e-36
2.65944e-27
5.32096e-22
1.88084e-31
1.08667e-36
1.60555e-27
5.41757e-22
4.74135e-31
5.1052e-37
8.59014e-28
5.51586e-22
1.26527e-30
1.83792e-37
3.43672e-28
5.61405e-22
3.4553e-30
0
0
5.6627e-22
3.52135e-30
1.9617e-29
3.58867e-30
3.13059e-29
3.65728e-30
3.89935e-29
3.72721e-30
4.353e-29
3.79847e-30
4.58712e-29
3.8711e-30
4.68216e-29
3.94512e-30
4.69121e-29
4.02056e-30
4.64028e-29
4.09744e-30
4.53512e-29
4.17579e-30
4.36976e-29
4.25565e-30
4.13427e-29
4.33703e-30
3.82111e-29
4.41998e-30
3.4296e-29
4.50451e-30
2.96819e-29
4.59066e-30
2.45441e-29
4.67847e-30
1.91269e-29
4.76795e-30
1.37092e-29
4.85915e-30
8.56615e-30
4.95212e-30
3.93649e-30
5.0464e-30
0
5.18076e-30
5.3187e-30
5.46032e-30
5.60572e-30
5.75501e-30
5.90827e-30
6.06563e-30
6.22718e-30
6.39305e-30
6.56334e-30
6.73818e-30
6.91769e-30
7.102e-30
7.29121e-30
7.48554e-30
7.68481e-30
7.8905e-30
8.09665e-30
8.33159e-30
8.46526e-30
END_LIST
