BEGIN_LIST
0
8.67496e-147
3.02896e-146
8.38993e-146
2.16619e-145
5.44949e-145
1.35692e-144
3.36473e-144
8.32945e-144
2.06053e-143
5.09593e-143
1.26016e-142
3.11606e-142
7.70521e-142
1.9053e-141
4.7114e-141
1.16503e-140
2.88089e-140
7.12402e-140
1.76167e-139
4.32066e-139
1.96705e-138
4.38437e-139
4.81892e-138
4.44904e-139
1.00256e-137
4.51469e-139
1.94352e-137
4.58132e-139
3.63383e-137
4.64897e-139
6.65942e-137
4.71764e-139
1.20638e-136
4.78735e-139
2.17055e-136
4.85812e-139
3.88956e-136
4.93012e-139
6.95338e-136
5.01032e-139
1.24134e-135
5.39617e-139
2.21439e-135
1.88436e-138
3.94863e-135
5.92386e-137
7.0399e-135
2.51824e-135
1.25509e-134
1.07971e-133
2.23773e-134
4.63003e-132
3.99013e-134
1.98553e-130
7.1158e-134
8.51394e-129
1.26919e-133
3.65091e-127
2.2641e-133
1.56561e-125
2.33223e-133
2.99332e-133
1.31099e-133
3.72504e-125
1.63551e-125
2.40244e-133
3.4279e-133
7.59134e-134
7.2879e-125
1.70851e-125
2.47478e-133
3.67161e-133
4.39599e-134
1.29741e-124
1.78477e-125
2.54934e-133
3.79204e-133
2.54574e-134
2.18232e-124
1.8644e-125
2.62617e-133
3.83319e-133
1.47431e-134
3.53196e-124
1.94754e-125
2.70535e-133
3.8237e-133
8.53851e-135
5.55617e-124
2.03431e-125
2.78694e-133
3.78219e-133
4.94533e-135
8.54852e-124
2.12478e-125
2.87103e-133
3.72078e-133
2.86436e-135
1.29157e-123
2.21898e-125
2.95769e-133
3.64732e-133
1.65913e-135
1.92154e-123
2.31681e-125
3.047e-133
3.56692e-133
9.61065e-136
2.82044e-123
2.41792e-125
3.13905e-133
3.48287e-133
5.5673e-136
4.08985e-123
2.5215e-125
3.23391e-133
3.3973e-133
3.22519e-136
5.8645e-123
2.62589e-125
3.33168e-133
3.31156e-133
1.86847e-136
8.32076e-123
2.7278e-125
3.43245e-133
3.22652e-133
1.08252e-136
1.16861e-122
2.8209e-125
3.53631e-133
3.14272e-133
6.27195e-137
1.6249e-122
2.89312e-125
3.64336e-133
3.06049e-133
3.63396e-137
2.23674e-122
2.92171e-125
3.75369e-133
2.98003e-133
2.10555e-137
3.04742e-122
2.86388e-125
3.86766e-133
2.90144e-133
1.21996e-137
4.10747e-122
2.63928e-125
3.96322e-133
2.82478e-133
7.0682e-138
5.47294e-122
2.09729e-125
5.99619e-133
2.75004e-133
4.09471e-138
7.2012e-122
9.55739e-126
1.50463e-132
6.12066e-133
1.77023e-132
1.24131e-133
2.3641e-133
2.85892e-138
7.50659e-122
7.62049e-122
9.69368e-126
2.85416e-126
3.91178e-132
6.24774e-133
4.74526e-132
5.6031e-134
2.03774e-133
1.99569e-138
7.78317e-122
8.06421e-122
9.8319e-126
8.52346e-127
1.03184e-131
6.37749e-133
1.05297e-131
2.5292e-134
1.76048e-133
1.39269e-138
8.0284e-122
8.53375e-122
9.9721e-126
2.5454e-127
2.73735e-131
6.50996e-133
2.16326e-131
1.14169e-134
1.5239e-133
9.71491e-139
8.23983e-122
9.03064e-122
1.01143e-125
7.60145e-128
7.27809e-131
6.64521e-133
4.27873e-131
5.15366e-135
1.32119e-133
6.77283e-139
8.4151e-122
9.55647e-122
1.02585e-125
2.27015e-128
1.93676e-130
6.78331e-133
8.2921e-131
2.32642e-135
1.14687e-133
4.71786e-139
8.55195e-122
1.01129e-121
1.04048e-125
6.78046e-129
5.15558e-130
6.92431e-133
1.58868e-130
1.05019e-135
9.96432e-134
3.28265e-139
8.64824e-122
1.07017e-121
1.05532e-125
2.02591e-129
1.37257e-129
7.06827e-133
3.02372e-130
4.7407e-136
8.66237e-134
2.28036e-139
8.70197e-122
1.13249e-121
1.07037e-125
6.06029e-130
3.65439e-129
7.21526e-133
5.73283e-130
2.13995e-136
7.53271e-134
1.58054e-139
8.71131e-122
1.19843e-121
1.08563e-125
1.81987e-130
9.7298e-129
7.36535e-133
1.08445e-129
9.65887e-137
6.55048e-134
1.09201e-139
8.67457e-122
1.26821e-121
1.10111e-125
5.53333e-131
2.59056e-128
7.51859e-133
2.04862e-129
4.35868e-137
5.69499e-134
7.51087e-140
8.59027e-122
1.34205e-121
1.11681e-125
1.74905e-131
6.89739e-128
7.67506e-133
3.86694e-129
1.96596e-137
4.94893e-134
5.13287e-140
8.45711e-122
1.4202e-121
1.13273e-125
6.16962e-132
1.83644e-127
7.83482e-133
7.29568e-129
8.85805e-138
4.2977e-134
3.47522e-140
8.27401e-122
1.50289e-121
1.14889e-125
2.76943e-132
4.88954e-127
7.99795e-133
1.37607e-128
3.98215e-138
3.72892e-134
2.32078e-140
8.04013e-122
1.5904e-121
1.16527e-125
1.735e-132
1.30184e-126
8.16452e-133
2.595e-128
1.78144e-138
3.23203e-134
1.5178e-140
7.75484e-122
1.683e-121
1.18189e-125
1.40746e-132
3.46618e-126
8.3346e-133
4.89319e-128
7.88495e-139
2.79796e-134
9.60286e-141
7.41779e-122
1.78095e-121
1.19874e-125
1.2914e-132
9.22872e-126
8.50828e-133
9.22613e-128
3.40802e-139
2.41889e-134
5.74173e-141
7.02887e-122
1.88438e-121
1.21583e-125
1.23888e-132
2.45715e-125
8.68564e-133
1.73952e-127
1.39262e-139
2.08802e-134
3.07708e-141
6.58826e-122
1.99236e-121
1.23316e-125
1.2057e-132
6.54219e-125
8.86685e-133
3.27967e-127
4.88357e-140
1.79945e-134
1.24736e-141
6.09642e-122
2.09715e-121
1.25051e-125
1.17866e-132
1.74186e-124
9.05222e-133
6.18334e-127
8.55619e-141
1.54802e-134
0
5.55409e-122
2.14704e-121
1.25913e-125
1.15381e-132
1.31406e-124
2.37359e-124
9.16246e-133
8.20364e-127
8.7091e-141
4.85565e-141
1.2231e-134
5.65555e-122
4.18791e-122
1.13979e-132
9.91321e-125
3.2143e-124
9.27407e-133
1.0882e-126
8.86478e-141
2.75558e-141
9.61987e-135
5.75885e-122
3.15755e-122
1.12598e-132
7.47845e-125
4.33225e-124
9.38705e-133
1.44329e-126
9.02328e-141
1.56378e-141
7.52825e-135
5.86405e-122
2.38046e-122
1.11237e-132
5.64166e-125
5.81794e-124
9.50143e-133
1.91401e-126
9.18466e-141
8.87409e-142
5.85907e-135
5.97116e-122
1.79439e-122
1.09894e-132
4.25599e-125
7.79134e-124
9.61722e-133
2.53803e-126
9.34896e-141
5.03567e-142
4.53255e-135
6.08024e-122
1.35241e-122
1.08568e-132
3.21062e-125
1.04116e-123
9.73443e-133
3.36525e-126
9.51624e-141
2.8573e-142
3.48318e-135
6.1913e-122
1.01909e-122
1.07258e-132
2.422e-125
1.38896e-123
9.8531e-133
4.46181e-126
9.68655e-141
1.62103e-142
2.65718e-135
6.3044e-122
7.67741e-123
1.05965e-132
1.82706e-125
1.85051e-123
9.97322e-133
5.91543e-126
9.85995e-141
9.1943e-143
2.01053e-135
6.41956e-122
5.782e-123
1.04688e-132
1.37825e-125
2.46288e-123
1.00948e-132
7.84234e-126
1.00365e-140
5.21259e-143
1.50725e-135
6.53682e-122
4.35282e-123
1.03426e-132
1.03966e-125
3.27526e-123
1.02179e-132
1.02162e-140
2.95295e-143
1.11806e-135
6.65623e-122
1.03992e-140
1.67064e-143
8.19185e-136
6.77782e-122
1.05855e-140
9.42987e-144
5.91434e-136
6.90163e-122
1.0775e-140
5.30127e-144
4.19368e-136
7.0277e-122
1.09674e-140
2.95923e-144
2.90625e-136
7.15607e-122
1.1162e-140
1.63113e-144
1.95362e-136
7.28679e-122
1.13562e-140
8.78457e-145
1.25785e-136
7.41989e-122
1.15431e-140
4.52353e-145
7.57523e-137
7.55543e-122
1.17025e-140
2.11577e-145
4.04595e-137
7.69334e-122
1.17775e-140
7.59585e-146
1.61702e-137
7.83116e-122
1.16068e-140
0
0
7.89944e-122
1.17103e-140
9.39533e-141
1.18148e-140
7.40441e-141
1.19201e-140
5.69846e-141
1.20265e-140
4.30982e-141
1.21338e-140
3.23014e-141
1.2242e-140
2.41966e-141
1.23513e-140
1.82476e-141
1.24615e-140
1.39231e-141
1.25727e-140
1.07718e-141
1.2685e-140
8.44364e-142
1.27982e-140
6.68234e-142
1.29125e-140
5.30816e-142
1.30278e-140
4.19979e-142
1.31442e-140
3.27868e-142
1.32616e-140
2.49628e-142
1.33801e-140
1.8241e-142
1.34996e-140
1.24608e-142
1.36202e-140
7.5314e-143
1.3742e-140
3.394e-143
1.38645e-140
0
1.40367e-140
1.42111e-140
1.43876e-140
1.45664e-140
1.47474e-140
1.49307e-140
1.51164e-140
1.53043e-140
1.54947e-140
1.56874e-140
1.58826e-140
1.60803e-140
1.62804e-140
1.64831e-140
1.66884e-140
1.6896e-140
1.71073e-140
1.73165e-140
1.75508e-140
1.76829e-140
END_LIST
