BEGIN_LIST
0
1.37179e-49
4.77679e-49
1.31767e-48
3.38465e-48
8.46562e-48
2.09496e-47
5.16176e-47
1.26951e-46
3.11993e-46
7.66506e-46
1.88292e-45
4.62511e-45
1.13606e-44
2.79046e-44
6.85413e-44
1.68354e-43
4.13517e-43
1.0157e-42
2.4948e-42
6.12781e-42
2.77317e-41
6.24814e-42
6.71829e-41
6.37083e-42
1.37518e-40
6.49593e-42
2.6108e-40
6.62349e-42
4.76137e-40
6.75354e-42
8.48185e-40
6.88615e-42
1.4893e-39
7.02136e-42
2.59118e-39
7.15922e-42
4.4817e-39
7.29979e-42
7.7215e-39
7.44311e-42
1.32692e-38
7.58924e-42
2.27638e-38
7.73825e-42
3.90076e-38
7.89018e-42
6.67906e-38
8.04572e-42
1.14302e-37
8.23075e-42
1.95541e-37
9.55351e-42
3.34435e-37
5.95359e-41
5.71889e-37
2.19587e-39
9.77819e-37
9.37973e-38
1.67173e-36
4.02187e-36
1.74046e-36
2.17036e-36
9.88225e-37
9.56863e-36
4.20166e-36
1.81202e-36
2.45924e-36
5.84174e-37
1.87189e-35
4.38953e-36
1.88652e-36
2.61148e-36
3.45324e-37
3.33197e-35
4.58584e-36
1.96408e-36
2.67517e-36
2.04132e-37
5.60379e-35
4.79102e-36
2.04483e-36
2.6819e-36
1.20668e-37
9.06816e-35
5.00551e-36
2.12889e-36
2.65243e-36
7.13296e-38
1.42634e-34
5.22983e-36
2.21641e-36
2.60038e-36
4.21645e-38
2.1943e-34
5.46462e-36
2.30753e-36
2.53467e-36
2.49242e-38
3.31514e-34
5.71068e-36
2.40239e-36
2.46111e-36
1.4733e-38
4.93219e-34
5.96911e-36
2.50114e-36
2.38351e-36
8.70882e-39
7.24022e-34
6.24154e-36
2.60396e-36
2.30432e-36
5.14781e-39
1.05011e-33
6.53056e-36
2.711e-36
2.22512e-36
3.04285e-39
1.50628e-33
6.84036e-36
2.82243e-36
2.1469e-36
1.79859e-39
2.13822e-33
7.17808e-36
2.93845e-36
2.0703e-36
1.0631e-39
3.00504e-33
7.55607e-36
3.05923e-36
1.99568e-36
6.28359e-40
4.18198e-33
7.99594e-36
3.18497e-36
1.92326e-36
3.71382e-40
5.7629e-33
8.53574e-36
3.31588e-36
1.85314e-36
2.19486e-40
7.862e-33
9.24275e-36
3.45217e-36
1.78536e-36
1.29703e-40
1.06136e-32
1.0236e-35
3.5937e-36
1.71992e-36
7.6636e-41
1.41685e-32
1.17263e-35
3.77259e-36
1.65679e-36
4.52707e-41
1.86838e-32
1.40859e-35
3.88037e-36
3.88009e-36
1.99371e-36
7.59417e-37
2.46558e-36
3.20167e-41
1.94839e-32
1.9771e-32
1.43539e-35
1.50599e-35
3.99122e-36
3.99066e-36
2.39899e-36
3.4809e-37
3.01348e-36
2.26359e-41
2.02096e-32
2.09214e-32
1.4627e-35
1.50578e-35
4.10524e-36
4.10437e-36
2.88645e-36
1.59552e-37
3.35505e-36
1.59967e-41
2.08542e-32
2.21387e-32
1.49055e-35
1.4767e-35
4.22253e-36
4.22133e-36
3.47268e-36
7.31327e-38
3.53548e-36
1.12984e-41
2.14113e-32
2.34268e-32
1.51892e-35
1.43966e-35
4.34318e-36
4.34161e-36
4.17761e-36
3.35211e-38
3.59197e-36
7.97372e-42
2.18747e-32
2.47898e-32
1.54785e-35
1.40098e-35
4.46731e-36
4.46532e-36
5.02511e-36
1.53645e-38
3.55491e-36
5.62142e-42
2.22386e-32
2.6232e-32
1.57733e-35
1.36256e-35
4.59511e-36
4.59255e-36
6.04385e-36
7.04226e-39
3.44903e-36
3.95741e-42
2.24973e-32
2.7758e-32
1.60738e-35
1.32495e-35
4.72687e-36
4.7234e-36
7.26818e-36
3.22769e-39
3.29424e-36
2.78053e-42
2.26455e-32
2.93727e-32
1.63801e-35
1.28831e-35
4.86322e-36
4.85798e-36
8.73924e-36
1.47924e-39
3.10643e-36
1.94844e-42
2.26785e-32
3.10813e-32
1.66923e-35
1.25266e-35
5.00566e-36
4.9964e-36
1.05063e-35
6.77838e-40
2.89818e-36
1.36037e-42
2.25918e-32
3.28891e-32
1.70106e-35
1.21798e-35
5.15799e-36
5.13875e-36
1.26282e-35
3.10516e-40
2.6793e-36
9.44986e-43
2.23815e-32
3.4802e-32
1.73349e-35
1.18427e-35
5.3301e-36
5.28515e-36
1.51753e-35
1.4216e-40
2.45731e-36
6.51798e-43
2.20442e-32
3.6826e-32
1.76656e-35
1.15149e-35
5.54804e-36
5.43573e-36
1.82314e-35
6.50016e-41
2.23791e-36
4.45065e-43
2.1577e-32
3.89676e-32
1.80026e-35
1.11961e-35
5.88071e-36
5.59059e-36
2.1896e-35
2.9644e-41
2.02525e-36
2.99496e-43
2.09777e-32
4.12335e-32
1.83461e-35
1.08861e-35
6.51053e-36
5.74986e-36
2.62873e-35
1.34456e-41
1.82231e-36
1.97185e-43
2.02444e-32
4.3631e-32
1.86962e-35
1.05847e-35
7.921e-36
5.91367e-36
3.15442e-35
6.02866e-42
1.63107e-36
1.25459e-43
1.93764e-32
4.61667e-32
1.90531e-35
1.02917e-35
1.13938e-35
6.08215e-36
3.78295e-35
2.63624e-42
1.45275e-36
7.53508e-44
1.83732e-32
4.88438e-32
1.94169e-35
1.00067e-35
2.03269e-35
6.25547e-36
4.53311e-35
1.08811e-42
1.28798e-36
4.05134e-44
1.72351e-32
5.16383e-32
1.97876e-35
9.72968e-36
4.37296e-35
6.43386e-36
5.42627e-35
3.84939e-43
1.13692e-36
1.64555e-44
1.59634e-32
5.43498e-32
2.01603e-35
9.46029e-36
1.05489e-34
6.61776e-36
6.48602e-35
6.87237e-44
9.99405e-37
0
1.45599e-32
5.56408e-32
2.03461e-35
9.19834e-36
1.3254e-34
1.26222e-34
6.72767e-36
7.02811e-35
7.03954e-44
3.93347e-44
8.13163e-37
1.48266e-32
1.10209e-32
9.04869e-36
1.49625e-34
1.52654e-34
6.83941e-36
7.60819e-35
7.21078e-44
2.25133e-44
6.55855e-37
1.50982e-32
8.34935e-33
8.9012e-36
1.5924e-34
1.86565e-34
6.953e-36
8.22679e-35
7.38618e-44
1.28853e-44
5.24474e-37
1.53748e-32
6.33204e-33
8.75597e-36
1.63316e-34
2.30308e-34
7.06848e-36
8.88371e-35
7.56585e-44
7.37443e-45
4.15866e-37
1.56564e-32
4.80831e-33
8.61304e-36
1.63339e-34
2.86996e-34
7.18587e-36
9.57772e-35
7.74989e-44
4.22025e-45
3.26935e-37
1.59432e-32
3.65697e-33
8.4724e-36
1.60448e-34
3.60753e-34
7.30521e-36
1.03062e-34
7.93842e-44
2.41492e-45
2.54768e-37
1.62352e-32
2.78658e-33
8.33403e-36
1.55516e-34
4.57041e-34
7.42653e-36
1.10646e-34
8.13158e-44
1.38162e-45
1.96711e-37
1.65326e-32
2.12822e-33
8.19791e-36
1.49204e-34
5.83094e-34
7.54987e-36
1.1846e-34
8.32953e-44
7.90209e-46
1.50403e-37
1.68354e-32
1.62986e-33
8.064e-36
1.42013e-34
7.48498e-34
7.67524e-36
1.264e-34
8.53259e-44
4.51723e-46
1.13777e-37
1.71438e-32
1.2523e-33
7.93228e-36
1.34319e-34
9.65956e-34
7.80271e-36
8.7414e-44
2.58002e-46
8.50592e-38
1.74578e-32
8.95755e-44
1.47139e-46
6.2741e-38
1.77776e-32
9.1852e-44
8.37015e-47
4.55582e-38
1.81033e-32
9.43571e-44
4.7408e-47
3.24612e-38
1.84349e-32
9.74025e-44
2.66505e-47
2.25875e-38
1.87726e-32
1.0185e-43
1.47846e-47
1.52344e-38
1.91164e-32
1.10083e-43
8.00765e-48
9.83491e-39
1.94666e-32
1.28702e-43
4.14288e-48
5.93498e-39
1.98232e-32
1.7598e-43
1.94459e-48
3.17442e-39
2.01861e-32
3.0252e-43
6.99663e-49
1.26978e-39
2.05487e-32
6.4846e-43
0
0
2.07284e-32
6.60129e-43
3.19053e-42
6.72012e-43
5.02499e-42
6.84114e-43
6.22755e-42
6.96439e-43
6.93354e-42
7.0899e-43
7.29443e-42
7.21772e-43
7.43747e-42
7.3479e-43
7.4463e-42
7.48047e-43
7.36163e-42
7.61549e-43
7.1922e-42
7.75299e-43
6.9282e-42
7.89302e-43
6.55368e-42
8.03564e-43
6.05651e-42
8.18089e-43
5.43549e-42
8.32882e-43
4.70392e-42
8.47947e-43
3.88952e-42
8.63291e-43
3.03097e-42
8.78917e-43
2.1724e-42
8.94832e-43
1.3574e-42
9.11045e-43
6.23776e-43
9.27477e-43
0
9.50873e-43
9.7487e-43
9.99485e-43
1.02473e-42
1.05063e-42
1.0772e-42
1.10445e-42
1.1324e-42
1.16107e-42
1.19048e-42
1.22065e-42
1.2516e-42
1.28335e-42
1.31591e-42
1.34932e-42
1.38356e-42
1.41887e-42
1.45423e-42
1.49448e-42
1.51737e-42
END_LIST
