BEGIN_LIST
0.1
0.1
0.1
0.1
0.1
0.1
0.1
0.1
0.1
0.1
0.1
0.1
0.1
0.1
0.1
0.1
0.1
0.1
0.100001
0.100001
0.100001
0.100001
0.100001
0.100001
0.100001
0.100001
0.100001
0.100001
0.100001
0.100001
0.100001
0.100002
0.100001
0.100002
0.100001
0.100002
0.100001
0.100002
0.100001
0.100002
0.100001
0.100002
0.100001
0.100002
0.100001
0.100003
0.100001
0.100003
0.100001
0.100003
0.100001
0.100003
0.100001
0.100003
0.100001
0.100003
0.100001
0.100003
0.100001
0.100003
0.100001
0.100003
0.100004
0.100003
0.100002
0.100001
0.100004
0.100004
0.100003
0.100002
0.100001
0.100004
0.100004
0.100003
0.100002
0.100002
0.100004
0.100004
0.100003
0.100002
0.100002
0.100004
0.100004
0.100003
0.100002
0.100002
0.100004
0.100004
0.100003
0.100003
0.100002
0.100004
0.100004
0.100002
0.100003
0.100002
0.100004
0.100004
0.100002
0.100003
0.100002
0.100004
0.100004
0.100002
0.100003
0.100002
0.100004
0.100003
0.100002
0.100003
0.100002
0.100004
0.100003
0.100002
0.100004
0.100002
0.100004
0.100003
0.100002
0.100004
0.100002
0.100004
0.100003
0.100002
0.100004
0.100002
0.100004
0.100003
0.100002
0.100004
0.100003
0.100004
0.100003
0.100002
0.100004
0.100003
0.100004
0.100003
0.100002
0.100005
0.100003
0.100004
0.100003
0.100002
0.100005
0.100003
0.100004
0.100003
0.100001
0.100005
0.100003
0.100004
0.100003
0.100001
0.100005
0.100004
0.100004
0.100003
0.100001
0.100006
0.100005
0.100004
0.100004
0.100003
0.100002
0.100004
0.100001
0.100006
0.100006
0.100005
0.100006
0.100004
0.100004
0.100004
0.100002
0.100004
0.100001
0.100006
0.100006
0.100005
0.100006
0.100005
0.100004
0.100004
0.100002
0.100005
0.100001
0.100006
0.100006
0.100005
0.100006
0.100005
0.100005
0.100004
0.100002
0.100005
0.100001
0.100006
0.100006
0.100005
0.100006
0.100005
0.100005
0.100005
0.100002
0.100005
0.100001
0.100006
0.100006
0.100005
0.100006
0.100005
0.100005
0.100005
0.100001
0.100005
0.100001
0.100006
0.100006
0.100005
0.100006
0.100005
0.100005
0.100005
0.100001
0.100005
0.100001
0.100006
0.100007
0.100005
0.100006
0.100005
0.100005
0.100006
0.100001
0.100005
0.100001
0.100006
0.100007
0.100005
0.100006
0.100005
0.100005
0.100006
0.100001
0.100005
0.100001
0.100007
0.100007
0.100005
0.100006
0.100005
0.100005
0.100006
0.100001
0.100005
0.100001
0.100007
0.100007
0.100005
0.100006
0.100005
0.100005
0.100006
0.100001
0.100005
0.100001
0.100007
0.100007
0.100005
0.100006
0.100005
0.100005
0.100007
0.100001
0.100005
0.100001
0.100007
0.100007
0.100006
0.100006
0.100005
0.100005
0.100007
0.100001
0.100005
0.1
0.100007
0.100007
0.100006
0.100006
0.100005
0.100005
0.100007
0.100001
0.100005
0.1
0.100007
0.100007
0.100006
0.100006
0.100005
0.100005
0.100008
0.100001
0.100004
0.1
0.100007
0.100008
0.100006
0.100006
0.100005
0.100005
0.100008
0.100001
0.100004
0.1
0.100007
0.100008
0.100006
0.100006
0.100005
0.100005
0.100008
0.100001
0.100004
0.1
0.100007
0.100008
0.100006
0.100006
0.100005
0.100005
0.100008
0.100001
0.100004
0.1
0.100007
0.100008
0.100006
0.100006
0.100006
0.100005
0.100009
0.1
0.100004
0.1
0.100007
0.100008
0.100006
0.100005
0.100007
0.100005
0.100009
0.1
0.100004
0.1
0.100007
0.100008
0.100006
0.100005
0.100008
0.100007
0.100005
0.100009
0.1
0.1
0.100004
0.100007
0.100007
0.100005
0.100009
0.100007
0.100005
0.100009
0.1
0.1
0.100004
0.100007
0.100007
0.100005
0.100009
0.100007
0.100005
0.100009
0.1
0.1
0.100003
0.100007
0.100007
0.100005
0.10001
0.100007
0.100005
0.100009
0.100001
0.1
0.100003
0.100007
0.100007
0.100005
0.10001
0.100007
0.100005
0.10001
0.100001
0.1
0.100003
0.100007
0.100007
0.100005
0.10001
0.100007
0.100005
0.10001
0.100001
0.1
0.100003
0.100007
0.100007
0.100005
0.10001
0.100007
0.100005
0.10001
0.100001
0.1
0.100003
0.100007
0.100007
0.100005
0.10001
0.100007
0.100005
0.10001
0.100001
0.1
0.100002
0.100008
0.100007
0.100005
0.10001
0.100007
0.100005
0.10001
0.100001
0.1
0.100002
0.100008
0.100007
0.100005
0.10001
0.100007
0.100005
0.100001
0.1
0.100002
0.100008
0.1
0.1
0.100002
0.100008
0.0999994
0.1
0.100002
0.100008
0.0999969
0.1
0.100001
0.100008
0.0999898
0.1
0.100001
0.100008
0.0999693
0.1
0.100001
0.100008
0.0999101
0.1
0.100001
0.100008
0.0997397
0.1
0.100001
0.100008
0.099249
0.1
0.1
0.100008
0.0978361
0.1
0.1
0.100008
0.0937682
0.1
0.1
0.100008
0.0937682
0.0642845
0.0937682
0.0435958
0.0937682
0.0297372
0.0937682
0.0209022
0.0937682
0.0156298
0.0937682
0.0128561
0.0937682
0.0118694
0.0937682
0.0122312
0.0937682
0.0137009
0.0937682
0.016175
0.0937682
0.019642
0.0937682
0.0241481
0.0937682
0.0297682
0.0937683
0.0365781
0.0937683
0.0446256
0.0937683
0.0539019
0.0937683
0.0643154
0.0937683
0.0756753
0.0937683
0.0876923
0.0937683
0.1
0.0937683
0.0937683
0.0937683
0.0937683
0.0937683
0.0937683
0.0937683
0.0937683
0.0937683
0.0937683
0.0937683
0.0937683
0.0937683
0.0937684
0.0937684
0.0937684
0.0937684
0.0937684
0.0937684
0.0937684
END_LIST
