BEGIN_LIST
0
1.94462e-41
6.77126e-41
1.86775e-40
4.79734e-40
1.19983e-39
2.96901e-39
7.31491e-39
1.79898e-38
4.42096e-38
1.08611e-37
2.66794e-37
6.55324e-37
1.60964e-36
3.95367e-36
9.71125e-36
2.38533e-35
5.85898e-35
1.43914e-34
3.53492e-34
8.68279e-34
3.92964e-33
8.8531e-34
9.52067e-33
9.02676e-34
1.94904e-32
9.20386e-34
3.701e-32
9.38445e-34
6.75136e-32
9.56861e-34
1.20311e-31
9.75642e-34
2.11345e-31
9.94793e-34
3.67913e-31
1.01432e-33
6.36752e-31
1.03424e-33
1.09787e-30
1.05455e-33
1.8882e-30
1.07526e-33
3.24216e-30
1.09639e-33
5.56092e-30
1.11793e-33
9.531e-30
1.13992e-33
1.63272e-29
1.1631e-33
2.79597e-29
1.2194e-33
4.78679e-29
2.67706e-33
8.19353e-29
6.41956e-32
1.40228e-28
2.70078e-30
2.39961e-28
1.15745e-28
2.49782e-28
3.11645e-28
1.41794e-28
2.752e-28
1.20989e-28
2.60004e-28
3.53196e-28
8.37846e-29
5.37738e-28
1.26476e-28
2.70643e-28
3.75118e-28
4.95067e-29
9.55645e-28
1.32223e-28
2.81716e-28
3.8432e-28
2.9252e-29
1.60404e-27
1.38248e-28
2.93241e-28
3.85339e-28
1.72837e-29
2.58969e-27
1.4458e-28
3.05237e-28
3.81158e-28
1.0212e-29
4.06278e-27
1.51258e-28
3.17722e-28
3.7373e-28
6.03361e-30
6.23265e-27
1.58347e-28
3.30716e-28
3.64337e-28
3.56479e-30
9.3883e-27
1.65952e-28
3.4424e-28
3.53815e-28
2.10611e-30
1.39251e-26
1.74261e-28
3.58316e-28
3.42709e-28
1.24429e-30
2.03791e-26
1.83599e-28
3.72965e-28
3.31371e-28
7.35104e-31
2.94697e-26
1.9456e-28
3.88212e-28
3.20028e-28
4.34277e-31
4.21535e-26
2.08211e-28
4.04081e-28
3.08824e-28
2.56552e-31
5.96878e-26
2.26504e-28
4.20596e-28
2.97848e-28
1.51555e-31
8.37053e-26
2.52998e-28
4.37784e-28
2.87153e-28
8.9527e-32
1.16296e-25
2.94206e-28
4.55672e-28
2.76772e-28
5.2883e-32
1.6009e-25
3.62053e-28
4.74289e-28
2.66718e-28
3.12357e-32
2.18328e-25
4.7838e-28
4.93664e-28
2.56999e-28
1.84479e-32
2.94891e-25
6.832e-28
5.13778e-28
2.47612e-28
1.08939e-32
3.94254e-25
1.04983e-27
5.39187e-28
2.38555e-28
6.43176e-33
5.21275e-25
1.71259e-27
5.54492e-28
5.54454e-28
2.86662e-28
1.09325e-28
3.55165e-28
4.5471e-33
5.43923e-25
5.51347e-25
1.74613e-27
2.04417e-27
5.70229e-28
5.7015e-28
3.44382e-28
5.01008e-29
4.34189e-28
3.2137e-33
5.64525e-25
5.83145e-25
1.78032e-27
2.10222e-27
5.86411e-28
5.8629e-28
4.13608e-28
2.29598e-29
4.83492e-28
2.27035e-33
5.82898e-25
6.16769e-25
1.81518e-27
2.07902e-27
6.03051e-28
6.02885e-28
4.96597e-28
1.05217e-29
5.09582e-28
1.60302e-33
5.98862e-25
6.52321e-25
1.85071e-27
2.03244e-27
6.20164e-28
6.19949e-28
5.96038e-28
4.82172e-30
5.17814e-28
1.13097e-33
6.12243e-25
6.89912e-25
1.88695e-27
1.9799e-27
6.37763e-28
6.37493e-28
7.15134e-28
2.20957e-30
5.12569e-28
7.97095e-34
6.22877e-25
7.29658e-25
1.92389e-27
1.92661e-27
6.5587e-28
6.55532e-28
8.57693e-28
1.01252e-30
4.97404e-28
5.60991e-34
6.30606e-25
7.71682e-25
1.96155e-27
1.87412e-27
6.74515e-28
6.7408e-28
1.02824e-27
4.63965e-31
4.75184e-28
3.9406e-34
6.3528e-25
8.16113e-25
1.99995e-27
1.82286e-27
6.93753e-28
6.9315e-28
1.23214e-27
2.12585e-31
4.48199e-28
2.76071e-34
6.36763e-25
8.63088e-25
2.03909e-27
1.77294e-27
7.13716e-28
7.12759e-28
1.47577e-27
9.73901e-32
4.18258e-28
1.92707e-34
6.3493e-25
9.12751e-25
2.079e-27
1.72437e-27
7.34717e-28
7.32919e-28
1.76665e-27
4.46033e-32
3.86772e-28
1.33839e-34
6.29666e-25
9.65256e-25
2.11969e-27
1.67711e-27
7.57569e-28
7.53648e-28
2.11368e-27
2.04152e-32
3.54828e-28
9.22986e-35
6.20874e-25
1.02076e-24
2.16118e-27
1.63114e-27
7.84399e-28
7.74961e-28
2.52735e-27
9.33235e-33
3.23243e-28
6.30145e-35
6.08469e-25
1.07944e-24
2.20347e-27
1.58642e-27
8.20808e-28
7.96874e-28
3.01998e-27
4.25496e-33
2.92618e-28
4.23987e-35
5.92383e-25
1.14148e-24
2.24659e-27
1.54292e-27
8.81602e-28
8.19405e-28
3.60596e-27
1.92945e-33
2.63382e-28
2.79118e-35
5.72565e-25
1.20705e-24
2.29055e-27
1.50061e-27
1.00596e-27
8.42571e-28
4.30206e-27
8.64914e-34
2.35821e-28
1.77573e-35
5.48982e-25
1.27634e-24
2.33537e-27
1.45946e-27
1.29756e-27
8.6639e-28
5.12755e-27
3.78133e-34
2.10113e-28
1.06644e-35
5.21619e-25
1.34942e-24
2.38106e-27
1.41942e-27
2.03094e-27
8.90886e-28
6.10433e-27
1.56045e-34
1.86348e-28
5.73357e-36
4.90481e-25
1.42564e-24
2.42762e-27
1.38049e-27
3.93291e-27
9.1609e-28
7.25665e-27
5.51949e-35
1.64554e-28
2.32876e-36
4.55592e-25
1.49953e-24
2.47446e-27
1.34261e-27
8.92782e-27
9.42065e-28
8.61037e-27
9.85038e-36
1.44705e-28
0
4.16999e-25
1.5347e-24
2.4978e-27
1.30577e-27
1.35004e-26
9.90498e-27
9.57586e-28
9.29824e-27
1.00888e-35
5.63702e-36
1.17809e-28
4.24626e-25
3.19437e-25
1.28471e-27
1.65333e-26
1.1063e-26
9.73362e-28
1.00305e-26
1.03329e-35
3.22582e-36
9.50758e-29
4.32393e-25
2.45601e-25
1.26396e-27
1.84126e-26
1.24514e-26
9.89396e-28
1.08072e-26
1.05829e-35
1.84595e-36
7.60766e-29
4.40301e-25
1.89658e-25
1.24352e-27
1.94343e-26
1.41354e-26
1.00569e-27
1.16269e-26
1.08391e-35
1.05629e-36
6.03595e-29
4.48354e-25
1.47216e-25
1.2234e-27
1.98251e-26
1.62009e-26
1.02226e-27
1.2487e-26
1.11014e-35
6.04392e-37
4.74805e-29
4.56554e-25
1.14964e-25
1.2036e-27
1.97579e-26
1.87612e-26
1.03909e-27
1.33827e-26
1.13703e-35
3.45788e-37
3.70217e-29
4.64903e-25
9.04044e-26
1.18411e-27
1.93644e-26
2.19659e-26
1.05621e-27
1.43063e-26
1.16462e-35
1.97799e-37
2.86017e-29
4.73405e-25
7.16575e-26
1.16494e-27
1.87444e-26
2.60127e-26
1.0736e-27
1.52467e-26
1.19303e-35
1.13112e-37
2.18807e-29
4.82061e-25
5.73044e-26
1.14607e-27
1.7973e-26
3.11635e-26
1.09128e-27
1.61877e-26
1.22253e-35
6.465e-38
1.65612e-29
4.90876e-25
4.62756e-26
1.12751e-27
1.71068e-26
3.77648e-26
1.10925e-27
1.25389e-35
3.69193e-38
1.23872e-29
4.99851e-25
1.28917e-35
2.10521e-38
9.14129e-30
5.0899e-25
1.33407e-35
1.1974e-38
6.64063e-30
5.18296e-25
1.40432e-35
6.78116e-39
4.73344e-30
5.27771e-25
1.5435e-35
3.81159e-39
3.2948e-30
5.3742e-25
1.87225e-35
2.11431e-39
2.22287e-30
5.47244e-25
2.72468e-35
1.14505e-39
1.43538e-30
5.57247e-25
5.02613e-35
5.92369e-40
8.66359e-31
5.67432e-25
1.13395e-34
2.78032e-40
4.6345e-31
5.77796e-25
2.87632e-34
1.00033e-40
1.85397e-31
5.88152e-25
7.69574e-34
0
0
5.93283e-25
7.84216e-34
4.32522e-33
7.99139e-34
6.89652e-33
8.14345e-34
8.58737e-33
8.29842e-34
9.58496e-33
8.45635e-34
1.00996e-32
8.61729e-34
1.03084e-32
8.7813e-34
1.03282e-32
8.94844e-34
1.0216e-32
9.11878e-34
9.98449e-33
9.29236e-34
9.62053e-33
9.46926e-34
9.10219e-33
9.64954e-34
8.41284e-33
9.83325e-34
7.55095e-33
1.00205e-33
6.53514e-33
1.02113e-33
5.40399e-33
1.04057e-33
4.2113e-33
1.06039e-33
3.01846e-33
1.08058e-33
1.88609e-33
1.10116e-33
8.66738e-34
1.12204e-33
0
1.15178e-33
1.18231e-33
1.21366e-33
1.24584e-33
1.27887e-33
1.31278e-33
1.34759e-33
1.38333e-33
1.42002e-33
1.45769e-33
1.49635e-33
1.53605e-33
1.5768e-33
1.61863e-33
1.66158e-33
1.70563e-33
1.75109e-33
1.79664e-33
1.84855e-33
1.87808e-33
END_LIST
