BEGIN_LIST
0.1
0.1
0.1
0.1
0.1
0.1
0.1
0.1
0.1
0.1
0.1
0.1
0.1
0.1
0.1
0.1
0.1
0.1
0.100001
0.100001
0.100001
0.100001
0.100001
0.100001
0.100001
0.100001
0.100001
0.100001
0.100001
0.100001
0.100001
0.100002
0.100001
0.100002
0.100001
0.100002
0.100001
0.100002
0.100001
0.100002
0.100001
0.100002
0.100001
0.100002
0.100001
0.100003
0.100001
0.100003
0.100001
0.100003
0.100001
0.100003
0.100001
0.100003
0.100001
0.100003
0.100001
0.100003
0.100001
0.100003
0.100001
0.100003
0.100004
0.100003
0.100002
0.100001
0.100004
0.100004
0.100003
0.100002
0.100001
0.100004
0.100004
0.100003
0.100002
0.100002
0.100004
0.100004
0.100003
0.100002
0.100002
0.100004
0.100004
0.100003
0.100002
0.100002
0.100004
0.100004
0.100003
0.100003
0.100002
0.100004
0.100004
0.100002
0.100003
0.100002
0.100004
0.100004
0.100002
0.100003
0.100002
0.100004
0.100004
0.100002
0.100003
0.100002
0.100004
0.100003
0.100002
0.100003
0.100002
0.100004
0.100003
0.100002
0.100004
0.100002
0.100004
0.100003
0.100002
0.100004
0.100002
0.100004
0.100003
0.100002
0.100004
0.100002
0.100004
0.100003
0.100002
0.100004
0.100003
0.100004
0.100003
0.100002
0.100004
0.100003
0.100004
0.100003
0.100002
0.100005
0.100003
0.100004
0.100003
0.100002
0.100005
0.100003
0.100004
0.100003
0.100001
0.100005
0.100003
0.100004
0.100003
0.100001
0.100005
0.100004
0.100004
0.100003
0.100001
0.100006
0.100005
0.100004
0.100004
0.100003
0.100002
0.100004
0.100001
0.100006
0.100006
0.100005
0.100006
0.100004
0.100004
0.100004
0.100002
0.100004
0.100001
0.100006
0.100006
0.100005
0.100006
0.100005
0.100004
0.100004
0.100002
0.100005
0.100001
0.100006
0.100006
0.100005
0.100006
0.100005
0.100005
0.100004
0.100002
0.100005
0.100001
0.100006
0.100006
0.100005
0.100006
0.100005
0.100005
0.100005
0.100002
0.100005
0.100001
0.100006
0.100006
0.100005
0.100006
0.100005
0.100005
0.100005
0.100001
0.100005
0.100001
0.100006
0.100006
0.100005
0.100006
0.100005
0.100005
0.100005
0.100001
0.100005
0.100001
0.100006
0.100007
0.100005
0.100006
0.100005
0.100005
0.100006
0.100001
0.100005
0.100001
0.100006
0.100007
0.100005
0.100006
0.100005
0.100005
0.100006
0.100001
0.100005
0.100001
0.100007
0.100007
0.100005
0.100006
0.100005
0.100005
0.100006
0.100001
0.100005
0.100001
0.100007
0.100007
0.100005
0.100006
0.100005
0.100005
0.100006
0.100001
0.100005
0.100001
0.100007
0.100007
0.100005
0.100006
0.100005
0.100005
0.100007
0.100001
0.100005
0.100001
0.100007
0.100007
0.100006
0.100006
0.100005
0.100005
0.100007
0.100001
0.100005
0.1
0.100007
0.100007
0.100006
0.100006
0.100005
0.100005
0.100007
0.100001
0.100005
0.1
0.100007
0.100007
0.100006
0.100006
0.100005
0.100005
0.100008
0.100001
0.100004
0.1
0.100007
0.100008
0.100006
0.100006
0.100005
0.100005
0.100008
0.100001
0.100004
0.1
0.100007
0.100008
0.100006
0.100006
0.100005
0.100005
0.100008
0.100001
0.100004
0.1
0.100007
0.100008
0.100006
0.100006
0.100005
0.100005
0.100008
0.100001
0.100004
0.1
0.100007
0.100008
0.100006
0.100006
0.100006
0.100005
0.100009
0.1
0.100004
0.1
0.100007
0.100008
0.100006
0.100005
0.100007
0.100005
0.100009
0.1
0.100004
0.1
0.100007
0.100008
0.100006
0.100005
0.100008
0.100007
0.100005
0.100009
0.1
0.1
0.100004
0.100007
0.100007
0.100005
0.100009
0.100007
0.100005
0.100009
0.1
0.1
0.100004
0.100007
0.100007
0.100005
0.100009
0.100007
0.100005
0.100009
0.1
0.1
0.100003
0.100007
0.100007
0.100005
0.10001
0.100007
0.100005
0.100009
0.100001
0.1
0.100003
0.100007
0.100007
0.100005
0.10001
0.100007
0.100005
0.10001
0.100001
0.1
0.100003
0.100007
0.100007
0.100005
0.10001
0.100007
0.100005
0.10001
0.100001
0.1
0.100003
0.100007
0.100007
0.100005
0.10001
0.100007
0.100005
0.10001
0.100001
0.1
0.100003
0.100007
0.100007
0.100005
0.10001
0.100007
0.100005
0.10001
0.100001
0.1
0.100002
0.100008
0.100007
0.100005
0.10001
0.100007
0.100005
0.10001
0.100001
0.1
0.100002
0.100008
0.100007
0.100005
0.10001
0.100007
0.100005
0.1
0.1
0.100002
0.100008
0.1
0.1
0.100002
0.100008
0.0999993
0.1
0.100002
0.100008
0.0999965
0.1
0.100001
0.100008
0.0999887
0.1
0.100001
0.100008
0.0999659
0.1
0.100001
0.100008
0.0999003
0.1
0.100001
0.100008
0.0997116
0.1
0.100001
0.100008
0.099168
0.1
0.1
0.100008
0.0976029
0.1
0.1
0.100008
0.0930968
0.1
0.1
0.100008
0.0930968
0.0613707
0.0930969
0.0401819
0.0930969
0.026521
0.0930969
0.0180251
0.0930969
0.0129988
0.0930969
0.0103042
0.0930969
0.00921881
0.0930969
0.00931211
0.0930969
0.0103539
0.0930969
0.0122516
0.0930969
0.0150099
0.0930969
0.0187039
0.0930969
0.0234619
0.0930969
0.0294496
0.0930969
0.0368543
0.0930969
0.0458641
0.0930969
0.0566402
0.0930969
0.0692808
0.0930969
0.0837819
0.0930969
0.1
0.0930969
0.0930969
0.0930969
0.0930969
0.0930969
0.0930969
0.0930969
0.0930969
0.0930969
0.0930969
0.0930969
0.0930969
0.0930969
0.0930969
0.0930969
0.0930969
0.0930969
0.0930969
0.0930969
0.0930969
END_LIST
