BEGIN_LIST
0
1.06799e-44
3.71901e-44
1.02592e-43
2.63535e-43
6.59181e-43
1.63134e-42
4.01968e-42
9.88681e-42
2.42991e-41
5.97018e-41
1.46667e-40
3.60287e-40
8.85028e-40
2.174e-39
5.34028e-39
1.31179e-38
3.22229e-38
7.91531e-38
1.94432e-37
4.77603e-37
2.16166e-36
4.86956e-37
5.23756e-36
4.96492e-37
1.07229e-35
5.06215e-37
2.03628e-35
5.16128e-37
3.71473e-35
5.26235e-37
6.61971e-35
5.36541e-37
1.16279e-34
5.47048e-37
2.02396e-34
5.57761e-37
3.50224e-34
5.68684e-37
6.03685e-34
5.79821e-37
1.03793e-33
5.91176e-37
1.78149e-33
6.02753e-37
3.05423e-33
6.14558e-37
5.23217e-33
6.26612e-37
8.95838e-33
6.39689e-37
1.53326e-32
6.86743e-37
2.62354e-32
2.18069e-36
4.48823e-32
6.57021e-35
7.67716e-32
2.78885e-33
1.31304e-31
1.19556e-31
1.36692e-31
1.70492e-31
7.76063e-32
2.84369e-31
1.2493e-31
1.42302e-31
1.93201e-31
4.58682e-32
5.56041e-31
1.30548e-31
1.48141e-31
2.05174e-31
2.71095e-32
9.89123e-31
1.36425e-31
1.5422e-31
2.10189e-31
1.60224e-32
1.66221e-30
1.42575e-31
1.60548e-31
2.10729e-31
9.46955e-33
2.68736e-30
1.49019e-31
1.67135e-31
2.08425e-31
5.59661e-33
4.22266e-30
1.55782e-31
1.73993e-31
2.04347e-31
3.30763e-33
6.48906e-30
1.62904e-31
1.81131e-31
1.99194e-31
1.9548e-33
9.7924e-30
1.70443e-31
1.88561e-31
1.93424e-31
1.15526e-33
1.4552e-29
1.785e-31
1.96296e-31
1.87336e-31
6.82737e-34
2.13374e-29
1.87244e-31
2.04348e-31
1.81122e-31
4.03477e-34
3.09141e-29
1.96975e-31
2.12729e-31
1.74907e-31
2.38438e-34
4.42999e-29
2.08225e-31
2.21454e-31
1.68769e-31
1.40904e-34
6.28327e-29
2.21958e-31
2.30536e-31
1.62756e-31
8.32646e-35
8.82472e-29
2.39921e-31
2.3999e-31
1.56899e-31
4.9202e-35
1.22758e-28
2.65288e-31
2.49831e-31
1.51213e-31
2.90725e-35
1.6914e-28
3.03845e-31
2.60075e-31
1.45708e-31
1.71772e-35
2.3079e-28
3.66145e-31
2.70739e-31
1.40387e-31
1.0148e-35
3.11739e-28
4.71438e-31
2.81811e-31
1.35249e-31
5.99436e-36
4.16569e-28
6.54852e-31
2.95803e-31
1.30291e-31
3.54002e-36
5.50147e-28
9.80492e-31
3.04232e-31
3.04211e-31
1.56695e-31
5.97165e-32
1.93929e-31
2.50314e-36
5.73889e-28
5.82054e-28
9.99631e-31
1.13971e-30
3.129e-31
3.12857e-31
1.88423e-31
2.73698e-32
2.37045e-31
1.76939e-36
5.95451e-28
6.15806e-28
1.01915e-30
1.16449e-30
3.21816e-31
3.21748e-31
2.26538e-31
1.25444e-32
2.63933e-31
1.25019e-36
6.14641e-28
6.51511e-28
1.03904e-30
1.14934e-30
3.30985e-31
3.30892e-31
2.72313e-31
5.74939e-33
2.78146e-31
8.82837e-37
6.31269e-28
6.89281e-28
1.05933e-30
1.12278e-30
3.40416e-31
3.40295e-31
3.27273e-31
2.63507e-33
2.82609e-31
6.2294e-37
6.45151e-28
7.29234e-28
1.08001e-30
1.09338e-30
3.50117e-31
3.49965e-31
3.93237e-31
1.20769e-33
2.79715e-31
4.39089e-37
6.56114e-28
7.71496e-28
1.1011e-30
1.06371e-30
3.60101e-31
3.59909e-31
4.72383e-31
5.53491e-34
2.71406e-31
3.09058e-37
6.63992e-28
8.16202e-28
1.1226e-30
1.03454e-30
3.70385e-31
3.70135e-31
5.67307e-31
2.53659e-34
2.59247e-31
2.17111e-37
6.68628e-28
8.6349e-28
1.14452e-30
1.00606e-30
3.81007e-31
3.80652e-31
6.81109e-31
1.16241e-34
2.4449e-31
1.52114e-37
6.6988e-28
9.13509e-28
1.16687e-30
9.7834e-31
3.92049e-31
3.91466e-31
8.17477e-31
5.32604e-35
2.28123e-31
1.06186e-37
6.67615e-28
9.66418e-28
1.18966e-30
9.51372e-31
4.03719e-31
4.02587e-31
9.80803e-31
2.43961e-35
2.10916e-31
7.37516e-38
6.61717e-28
1.02238e-27
1.21289e-30
9.25143e-31
4.16553e-31
4.14023e-31
1.1763e-30
1.11679e-35
1.93463e-31
5.08625e-38
6.52082e-28
1.08158e-27
1.23658e-30
8.99635e-31
4.31955e-31
4.25784e-31
1.41016e-30
5.10593e-36
1.7621e-31
3.47258e-38
6.38624e-28
1.14419e-27
1.26073e-30
8.74828e-31
4.53629e-31
4.37878e-31
1.68968e-30
2.32833e-36
1.59485e-31
2.33652e-38
6.21274e-28
1.21041e-27
1.28536e-30
8.50702e-31
4.91369e-31
4.50315e-31
2.02345e-30
1.05596e-36
1.43522e-31
1.53818e-38
5.9998e-28
1.28044e-27
1.31046e-30
8.27241e-31
5.71099e-31
4.63105e-31
2.42153e-30
4.7342e-37
1.28478e-31
9.78583e-39
5.7471e-28
1.35449e-27
1.33606e-30
8.04425e-31
7.61448e-31
4.76258e-31
2.89558e-30
2.07002e-37
1.14447e-31
5.87698e-39
5.45453e-28
1.43264e-27
1.36216e-30
7.82237e-31
1.24415e-30
4.89787e-31
3.45893e-30
8.54334e-38
1.01481e-31
3.15969e-39
5.12215e-28
1.51418e-27
1.38876e-30
7.60659e-31
2.50047e-30
5.0371e-31
4.12648e-30
3.02218e-38
8.95921e-32
1.28334e-39
4.75029e-28
1.59328e-27
1.41552e-30
7.39675e-31
5.80488e-30
5.18061e-31
4.91432e-30
5.39473e-39
7.87671e-32
0
4.33944e-28
1.63093e-27
1.42886e-30
7.19269e-31
8.32164e-30
6.59992e-30
5.26638e-31
5.3158e-30
5.52569e-39
3.08752e-39
6.41037e-32
4.41894e-28
3.30226e-28
7.07609e-31
9.97509e-30
7.57333e-30
5.35356e-31
5.74413e-30
5.65982e-39
1.76703e-39
5.17151e-32
4.49991e-28
2.51839e-28
6.96116e-31
1.09814e-29
8.77755e-30
5.44218e-31
6.19941e-30
5.79721e-39
1.01127e-39
4.13655e-32
4.58235e-28
1.92558e-28
6.84799e-31
1.15068e-29
1.02817e-29
5.53227e-31
6.68106e-30
5.93793e-39
5.78723e-40
3.28074e-32
4.6663e-28
1.47692e-28
6.7366e-31
1.16787e-29
1.21772e-29
5.62384e-31
7.18768e-30
6.08208e-39
3.31169e-40
2.57978e-32
4.7518e-28
1.13705e-28
6.62698e-31
1.15945e-29
1.45848e-29
5.71693e-31
7.71669e-30
6.22977e-39
1.89488e-40
2.0108e-32
4.83885e-28
8.79269e-29
6.51913e-31
1.13285e-29
1.7664e-29
5.81156e-31
8.26392e-30
6.38115e-39
1.08402e-40
1.55293e-32
4.9275e-28
6.83481e-29
6.41302e-31
1.09371e-29
2.16262e-29
5.90774e-31
8.82313e-30
6.53653e-39
6.19953e-41
1.18761e-32
5.01778e-28
5.34514e-29
6.30863e-31
1.04629e-29
2.67513e-29
6.00552e-31
9.38528e-30
6.69658e-39
3.5437e-41
8.98596e-33
5.10971e-28
4.20928e-29
6.20594e-31
9.93769e-30
3.34098e-29
6.10491e-31
6.86302e-39
2.02384e-41
6.71918e-33
5.20332e-28
7.04045e-39
1.15412e-41
4.95708e-33
5.29864e-28
7.24145e-39
6.56484e-42
3.6001e-33
5.39571e-28
7.50067e-39
3.71803e-42
2.56555e-33
5.49456e-28
7.91396e-39
2.08995e-42
1.78543e-33
5.59521e-28
8.74657e-39
1.15935e-42
1.20434e-33
5.69771e-28
1.0733e-38
6.27897e-43
7.77566e-34
5.80208e-28
1.59074e-38
3.24838e-43
4.69266e-34
5.90837e-28
2.99033e-38
1.52468e-43
2.51008e-34
6.01652e-28
6.83237e-38
5.48567e-44
1.00407e-34
6.1246e-28
1.74382e-37
0
0
6.17815e-28
1.77665e-37
9.56325e-37
1.8101e-37
1.5216e-36
1.84418e-37
1.89312e-36
1.87891e-37
2.11214e-36
1.9143e-37
2.22496e-36
1.95036e-37
2.27057e-36
1.9871e-37
2.27465e-36
2.02454e-37
2.24976e-36
2.06269e-37
2.19866e-36
2.10156e-37
2.11843e-36
2.14117e-37
2.00424e-36
2.18153e-37
1.85241e-36
2.22265e-37
1.66262e-36
2.26456e-37
1.43894e-36
2.30726e-37
1.18987e-36
2.35077e-37
9.27254e-37
2.3951e-37
6.64611e-37
2.44028e-37
4.15283e-37
2.48633e-37
1.90839e-37
2.53301e-37
0
2.59953e-37
2.6678e-37
2.73788e-37
2.80981e-37
2.88363e-37
2.95941e-37
3.0372e-37
3.11704e-37
3.19898e-37
3.2831e-37
3.36944e-37
3.45806e-37
3.54902e-37
3.64239e-37
3.73825e-37
3.83653e-37
3.93794e-37
4.03956e-37
4.15533e-37
4.22118e-37
END_LIST
