BEGIN_LIST
0
2.3961e-108
8.34334e-108
2.30138e-107
5.91109e-107
1.47837e-106
3.6582e-106
9.0127e-106
2.21646e-105
5.44671e-105
1.33805e-104
3.28666e-104
8.07256e-104
1.98271e-103
4.86968e-103
1.19604e-102
2.93754e-102
7.21477e-102
1.772e-101
4.35214e-101
1.06896e-100
4.83722e-100
1.09001e-100
1.17172e-99
1.11147e-100
2.398e-99
1.13335e-100
4.55167e-99
1.15567e-100
8.29888e-99
1.17842e-100
1.47794e-98
1.20163e-100
2.59431e-98
1.22529e-100
4.51239e-98
1.24941e-100
7.80229e-98
1.27401e-100
1.34386e-97
1.2991e-100
2.30875e-97
1.32486e-100
3.95972e-97
1.35873e-100
6.78367e-97
1.71911e-100
1.16129e-96
1.60587e-99
1.987e-96
6.29868e-98
3.39869e-96
2.69503e-96
5.81207e-96
1.15567e-94
9.9377e-96
4.95549e-93
1.69903e-95
2.12499e-91
2.90463e-95
9.11257e-90
3.02403e-95
3.77099e-95
1.71703e-95
2.16814e-89
9.51938e-90
3.14834e-95
4.27293e-95
1.015e-95
4.24188e-89
9.94431e-90
3.27776e-95
4.53747e-95
6.00004e-96
7.55152e-89
1.03881e-89
3.4125e-95
4.64816e-95
3.54685e-96
1.27021e-88
1.08516e-89
3.55278e-95
4.6599e-95
2.09668e-96
2.05576e-88
1.13356e-89
3.69884e-95
4.60875e-95
1.23943e-96
3.23395e-88
1.18406e-89
3.8509e-95
4.51836e-95
7.32677e-97
4.97564e-88
1.23672e-89
4.00921e-95
4.40424e-95
4.33114e-97
7.51756e-88
1.29155e-89
4.17404e-95
4.27649e-95
2.56031e-97
1.11843e-87
1.34849e-89
4.34564e-95
4.14172e-95
1.5135e-97
1.64164e-87
1.40733e-89
4.5243e-95
4.00419e-95
8.94684e-98
2.3805e-87
1.46762e-89
4.7103e-95
3.86663e-95
5.28876e-98
3.41343e-87
1.52838e-89
4.90396e-95
3.73079e-95
3.12635e-98
4.84311e-87
1.5877e-89
5.10558e-95
3.59775e-95
1.84805e-98
6.80194e-87
1.64188e-89
5.3155e-95
3.46816e-95
1.0924e-98
9.45778e-87
1.68392e-89
5.53404e-95
3.34238e-95
6.45703e-99
1.3019e-86
1.70057e-89
5.76158e-95
3.22061e-95
3.81646e-99
1.77377e-86
1.66691e-89
5.99848e-95
3.1029e-95
2.25554e-99
2.39077e-86
1.53618e-89
6.24437e-95
2.98925e-95
1.33285e-99
3.18555e-86
1.22073e-89
6.56635e-95
2.87961e-95
7.87437e-100
4.1915e-86
5.56302e-90
6.80589e-95
6.75347e-95
3.55021e-95
1.31986e-95
4.27485e-95
5.56943e-100
4.36926e-86
4.43556e-86
5.64235e-90
1.66149e-90
7.13822e-95
6.94592e-95
4.42585e-95
6.04954e-96
5.21957e-95
3.93793e-100
4.53024e-86
4.69382e-86
5.7228e-90
4.9636e-91
7.70883e-95
7.14385e-95
5.60817e-95
2.77279e-96
5.808e-95
2.78316e-100
4.67298e-86
4.96713e-86
5.80441e-90
1.48408e-91
8.90492e-95
7.34744e-95
7.27237e-95
1.2709e-96
6.11819e-95
1.9659e-100
4.79605e-86
5.25634e-86
5.88718e-90
4.44932e-92
1.17571e-94
7.55682e-95
9.72906e-95
5.82509e-97
6.21437e-95
1.38754e-100
4.89806e-86
5.5624e-86
5.97113e-90
1.34563e-92
1.90092e-94
7.77217e-95
1.35401e-94
2.66986e-97
6.14907e-95
9.7829e-101
4.97772e-86
5.88628e-86
6.05627e-90
4.18296e-93
3.79662e-94
7.99367e-95
1.97361e-94
1.22369e-97
5.96498e-95
6.88765e-101
5.03377e-86
6.22902e-86
6.14263e-90
1.40909e-93
8.80777e-94
8.22148e-95
3.0226e-94
5.60841e-98
5.6965e-95
4.83979e-101
5.06504e-86
6.59172e-86
6.23022e-90
5.76291e-94
2.21128e-93
8.45578e-95
4.85668e-94
2.57027e-98
5.37109e-95
3.39176e-101
5.07048e-86
6.97553e-86
6.31906e-90
3.2328e-94
5.74998e-93
8.69677e-95
8.14151e-94
1.17776e-98
5.01047e-95
2.36826e-101
5.0491e-86
7.3817e-86
6.40917e-90
2.43533e-94
1.51678e-92
8.94462e-95
1.41261e-93
5.39518e-99
4.63157e-95
1.64526e-101
5.00003e-86
7.81151e-86
6.50056e-90
2.15644e-94
4.02389e-92
9.19954e-95
2.51579e-93
2.46998e-99
4.24741e-95
1.13489e-101
4.92252e-86
8.26635e-86
6.59326e-90
2.03354e-94
1.06987e-91
9.46173e-95
4.56543e-93
1.12937e-99
3.8678e-95
7.74993e-102
4.81595e-86
8.74768e-86
6.68728e-90
1.95832e-94
2.847e-91
9.7314e-95
8.39324e-93
5.15043e-100
3.49994e-95
5.21548e-102
4.67981e-86
9.25702e-86
6.78264e-90
1.89841e-94
7.57858e-91
1.00088e-94
1.55661e-92
2.33606e-100
3.14893e-95
3.43402e-102
4.51376e-86
9.796e-86
6.87935e-90
1.84411e-94
2.01764e-90
1.0294e-94
2.90364e-92
1.04742e-100
2.8182e-95
2.185e-102
4.31757e-86
1.03661e-85
6.97745e-90
1.79249e-94
5.37182e-90
1.05874e-94
5.43688e-92
4.5802e-101
2.50986e-95
1.31236e-102
4.0912e-86
1.09682e-85
7.07695e-90
1.74266e-94
1.43023e-89
1.08893e-94
1.02052e-91
1.89047e-101
2.22498e-95
7.05631e-103
3.83475e-86
1.15967e-85
7.17783e-90
1.69432e-94
3.80799e-89
1.12e-94
1.91858e-91
6.6879e-102
1.96385e-95
2.86614e-103
3.54847e-86
1.22066e-85
7.27879e-90
1.64734e-94
1.01387e-88
1.15203e-94
3.61059e-91
1.194e-102
1.72615e-95
0
3.2328e-86
1.2497e-85
7.32897e-90
1.60168e-94
7.64877e-89
1.38158e-88
1.17118e-94
4.78749e-91
1.22305e-102
6.83403e-103
1.40427e-95
3.29185e-86
2.43761e-86
1.5756e-94
5.77029e-89
1.87092e-88
1.19064e-94
6.34751e-91
1.2528e-102
3.91149e-103
1.13245e-95
3.35198e-86
1.83787e-86
1.54989e-94
4.35315e-89
2.52164e-88
1.21043e-94
8.41542e-91
1.28328e-102
2.23871e-103
9.05466e-96
3.41321e-86
1.38556e-86
1.52458e-94
3.28405e-89
3.38639e-88
1.23055e-94
1.11565e-90
1.3145e-102
1.28125e-103
7.1786e-96
3.47556e-86
1.04444e-86
1.49967e-94
2.47751e-89
4.53503e-88
1.251e-94
1.47899e-90
1.34648e-102
7.33243e-104
5.64269e-96
3.53905e-86
7.87181e-87
1.47516e-94
1.86905e-89
6.06016e-88
1.27179e-94
1.96061e-90
1.37923e-102
4.1958e-104
4.39653e-96
3.60369e-86
5.93172e-87
1.45105e-94
1.41002e-89
8.08457e-88
1.29292e-94
2.59901e-90
1.41279e-102
2.40051e-104
3.3942e-96
3.66952e-86
4.4687e-87
1.42733e-94
1.06372e-89
1.0771e-87
1.31441e-94
3.44524e-90
1.44716e-102
1.37297e-104
2.59483e-96
3.73655e-86
3.36546e-87
1.40399e-94
8.0247e-90
1.43354e-87
1.33626e-94
4.56695e-90
1.48236e-102
7.84866e-105
1.96271e-96
3.80481e-86
2.53359e-87
1.38104e-94
6.05381e-90
1.90639e-87
1.35847e-94
1.51843e-102
4.48281e-105
1.46715e-96
3.87431e-86
1.55536e-102
2.55659e-105
1.08208e-96
3.94508e-86
1.59319e-102
1.45436e-105
7.85652e-97
4.01714e-86
1.63191e-102
8.23748e-106
5.59746e-97
4.09052e-86
1.6715e-102
4.63075e-106
3.89458e-97
4.16524e-86
1.71184e-102
2.56899e-106
2.62658e-97
4.24133e-86
1.75259e-102
1.39143e-106
1.69555e-97
4.31881e-86
1.7927e-102
7.19883e-107
1.02315e-97
4.39769e-86
1.82921e-102
3.37901e-107
5.47233e-98
4.47797e-86
1.85375e-102
1.21577e-107
2.18891e-98
4.55819e-86
1.84271e-102
0
0
4.59793e-86
1.86482e-102
1.56396e-102
1.8872e-102
1.28707e-102
1.90984e-102
1.03198e-102
1.93276e-102
8.12523e-103
1.95595e-102
6.34169e-103
1.97942e-102
4.95215e-103
2.00317e-102
3.89771e-103
2.02721e-102
3.10613e-103
2.05154e-102
2.50929e-103
2.07615e-102
2.05083e-103
2.10107e-102
1.68763e-103
2.12628e-102
1.38875e-103
2.15179e-102
1.1333e-103
2.17761e-102
9.08356e-104
2.20374e-102
7.06801e-104
2.23019e-102
5.25513e-104
2.25695e-102
3.63748e-104
2.28403e-102
2.21887e-104
2.31145e-102
1.0054e-104
2.3391e-102
0
2.37811e-102
2.41778e-102
2.4581e-102
2.4991e-102
2.54079e-102
2.58317e-102
2.62625e-102
2.67006e-102
2.71459e-102
2.75987e-102
2.80591e-102
2.85271e-102
2.90029e-102
2.94867e-102
2.99786e-102
3.04782e-102
3.09887e-102
3.14958e-102
3.20667e-102
3.23893e-102
END_LIST
