BEGIN_LIST
0
3.91609e-131
1.36421e-130
3.76551e-130
9.67992e-130
2.42328e-129
6.00254e-129
1.48043e-128
3.64476e-128
8.96657e-128
2.20523e-127
5.42288e-127
1.33347e-126
3.27894e-126
8.06272e-126
1.9826e-125
4.87515e-125
1.19879e-124
2.94787e-124
7.24892e-124
1.78426e-123
8.09391e-123
1.81776e-123
1.96529e-122
1.85189e-123
4.03531e-122
1.88668e-123
7.69176e-122
1.92212e-123
1.40957e-121
1.95825e-123
2.52516e-121
1.99506e-123
4.46214e-121
2.03257e-123
7.81829e-121
2.07079e-123
1.36263e-120
2.10976e-123
2.36706e-120
2.15004e-123
4.10356e-120
2.21538e-123
7.10545e-120
3.32386e-123
1.22953e-119
4.91353e-122
2.12697e-119
2.01175e-120
3.67925e-119
8.61754e-119
6.3651e-119
3.69531e-117
1.1014e-118
1.58468e-115
1.9064e-118
6.79513e-114
3.30092e-118
2.91386e-112
5.71771e-118
1.24954e-110
5.93304e-118
7.46574e-118
3.35829e-118
2.97302e-110
1.30533e-110
6.15665e-118
8.48804e-118
1.97269e-118
5.8166e-110
1.3636e-110
6.38887e-118
9.03843e-118
1.1589e-118
1.03549e-109
1.42446e-110
6.63003e-118
9.28331e-118
6.80889e-119
1.74175e-109
1.48801e-110
6.88048e-118
9.3317e-118
4.00084e-119
2.81892e-109
1.55437e-110
7.14059e-118
9.25502e-118
2.35109e-119
4.43448e-109
1.62362e-110
7.41073e-118
9.09997e-118
1.38175e-119
6.82273e-109
1.69583e-110
7.6913e-118
8.89708e-118
8.12144e-120
1.03083e-108
1.77101e-110
7.98271e-118
8.66626e-118
4.77395e-120
1.53362e-108
1.84909e-110
8.28538e-118
8.42044e-118
2.80649e-120
2.25105e-108
1.92978e-110
8.59975e-118
8.16801e-118
1.65002e-120
3.26419e-108
2.01245e-110
8.9263e-118
7.91434e-118
9.70177e-121
4.68057e-108
2.09577e-110
9.26548e-118
7.66286e-118
5.70495e-121
6.64095e-108
2.17711e-110
9.61781e-118
7.41572e-118
3.35495e-121
9.32692e-108
2.25141e-110
9.98379e-118
7.17423e-118
1.97311e-121
1.29686e-107
2.30905e-110
1.0364e-117
6.93913e-118
1.16049e-121
1.78519e-107
2.33187e-110
1.07589e-117
6.71084e-118
6.82568e-122
2.43221e-107
2.28571e-110
1.11694e-117
6.48954e-118
4.0147e-122
3.27825e-107
2.10646e-110
1.15775e-117
6.27525e-118
2.36125e-122
4.36805e-107
1.67389e-110
1.36195e-117
6.0679e-118
1.3886e-122
5.74741e-107
7.62793e-111
2.10953e-117
1.39709e-117
1.87909e-117
2.76606e-118
7.64998e-118
9.79193e-123
5.99115e-107
6.08206e-107
7.7367e-111
2.27796e-111
4.05672e-117
1.43316e-117
4.34853e-117
1.26099e-118
8.6698e-118
6.90315e-123
6.21189e-107
6.4362e-107
7.84702e-111
6.80276e-112
9.19669e-117
1.47019e-117
9.07955e-117
5.7489e-119
9.24656e-118
4.86481e-123
6.40762e-107
6.81095e-107
7.95892e-111
2.03156e-112
2.28362e-116
1.50819e-117
1.80787e-116
2.62111e-119
9.47914e-118
3.4266e-123
6.57636e-107
7.20753e-107
8.07241e-111
6.06719e-113
5.9105e-116
1.5472e-117
3.51284e-116
1.19511e-119
9.44903e-118
2.41187e-123
6.71625e-107
7.6272e-107
8.18751e-111
1.81217e-113
1.55623e-115
1.58724e-117
6.73594e-116
5.44945e-120
9.22295e-118
1.69597e-123
6.82547e-107
8.0713e-107
8.30426e-111
5.4148e-114
4.12553e-115
1.62834e-117
1.28214e-115
2.48495e-120
8.85509e-118
1.19097e-123
6.90232e-107
8.54127e-107
8.42268e-111
1.62003e-114
1.09658e-114
1.67053e-117
2.43037e-115
1.13317e-120
8.38908e-118
8.34788e-124
6.94521e-107
9.0386e-107
8.54278e-111
4.86707e-115
2.91778e-114
1.71383e-117
4.59604e-115
5.16739e-121
7.85969e-118
5.83638e-124
6.95266e-107
9.56488e-107
8.6646e-111
1.48187e-115
7.76671e-114
1.75829e-117
8.67992e-115
2.35621e-121
7.29433e-118
4.06604e-124
6.92334e-107
1.01218e-106
8.78815e-111
4.70207e-116
2.0677e-113
1.80392e-117
1.63802e-114
1.07414e-121
6.71426e-118
2.81876e-124
6.85606e-107
1.07112e-106
8.91346e-111
1.67384e-116
5.50506e-113
1.85076e-117
3.08986e-114
4.89425e-122
6.13572e-118
1.94057e-124
6.74978e-107
1.13349e-106
9.04057e-111
7.62589e-117
1.46571e-112
1.89885e-117
5.82713e-114
2.22748e-122
5.57084e-118
1.32281e-124
6.60365e-107
1.19949e-106
9.16948e-111
4.83717e-117
3.90245e-112
1.94821e-117
1.09878e-113
1.01129e-122
5.02835e-118
8.88795e-125
6.41698e-107
1.26933e-106
9.30023e-111
3.93868e-117
1.03903e-111
1.99889e-117
2.07175e-113
4.5673e-123
4.51434e-118
5.84396e-125
6.18928e-107
1.34323e-106
9.43285e-111
3.6064e-117
2.76643e-111
2.05091e-117
3.9061e-113
2.03975e-123
4.03273e-118
3.71408e-125
5.92028e-107
1.42141e-106
9.56735e-111
3.44488e-117
7.36562e-111
2.10432e-117
7.36445e-113
8.88791e-124
3.58574e-118
2.22872e-125
5.60987e-107
1.50396e-106
9.70378e-111
3.33597e-117
1.9611e-110
2.15916e-117
1.38846e-112
3.65738e-124
3.1743e-118
1.19753e-125
5.25822e-107
1.59014e-106
9.8421e-111
3.24437e-117
5.22145e-110
2.21551e-117
2.6177e-112
1.29046e-124
2.79831e-118
4.86219e-126
4.86567e-107
1.67377e-106
9.98054e-111
3.15947e-117
1.39021e-109
2.27348e-117
4.9352e-112
2.29105e-125
2.45695e-118
0
4.43283e-107
1.71359e-106
1.00494e-110
3.07808e-117
1.04878e-109
1.8944e-109
2.30809e-117
6.54765e-112
2.34241e-125
1.30802e-125
1.99594e-118
4.5138e-107
3.34245e-107
3.03171e-117
7.91192e-110
2.56539e-109
2.34323e-117
8.68533e-112
2.39496e-125
7.46789e-126
1.60766e-118
4.59625e-107
2.5201e-107
2.98604e-117
5.9687e-110
3.45765e-109
2.37892e-117
1.15193e-111
2.4487e-125
4.26363e-126
1.28414e-118
4.68021e-107
1.89989e-107
2.94105e-117
4.50272e-110
4.64341e-109
2.41517e-117
1.52763e-111
2.50368e-125
2.43417e-126
1.01721e-118
4.7657e-107
1.43214e-107
2.89674e-117
3.39679e-110
6.21842e-109
2.45198e-117
2.02567e-111
2.55991e-125
1.38966e-126
7.98995e-119
4.85275e-107
1.07938e-107
2.85312e-117
2.56246e-110
8.30968e-109
2.48936e-117
2.68589e-111
2.61744e-125
7.93281e-127
6.22159e-119
4.9414e-107
8.13359e-108
2.81015e-117
1.93305e-110
1.10856e-108
2.52732e-117
3.56109e-111
2.67628e-125
4.52772e-127
4.80065e-119
5.03166e-107
6.12748e-108
2.76785e-117
1.45822e-110
1.47692e-108
2.56588e-117
4.72125e-111
2.73647e-125
2.58353e-127
3.6684e-119
5.12357e-107
4.61473e-108
2.7262e-117
1.10001e-110
1.96567e-108
2.60503e-117
6.25915e-111
2.79803e-125
1.47346e-127
2.77369e-119
5.21716e-107
3.47407e-108
2.68519e-117
8.29775e-111
2.61405e-108
2.6448e-117
2.86101e-125
8.39658e-128
2.07267e-119
5.31246e-107
2.92543e-125
4.77801e-128
1.52825e-119
5.4095e-107
2.99131e-125
2.71222e-128
1.10934e-119
5.50832e-107
3.05865e-125
1.53305e-128
7.90199e-120
5.60894e-107
3.1274e-125
8.60163e-129
5.4971e-120
5.71139e-107
3.19734e-125
4.76356e-129
3.70684e-120
5.81572e-107
3.26781e-125
2.57611e-129
2.39264e-120
5.92196e-107
3.33683e-125
1.33112e-129
1.44368e-120
6.03013e-107
3.3988e-125
6.24211e-130
7.72107e-121
6.1402e-107
3.43791e-125
2.2446e-130
3.08829e-121
6.2502e-107
3.4095e-125
0
0
6.30469e-107
3.44758e-125
2.85772e-125
3.4861e-125
2.32589e-125
3.52505e-125
1.84607e-125
3.56445e-125
1.43951e-125
3.6043e-125
1.11296e-125
3.6446e-125
8.60977e-126
3.68535e-125
6.71354e-126
3.72657e-125
5.30117e-126
3.76826e-125
4.24492e-126
3.81043e-125
3.44087e-126
3.85307e-125
2.81047e-126
3.8962e-125
2.29764e-126
3.93982e-125
1.86458e-126
3.98394e-125
1.48756e-126
4.02856e-125
1.15314e-126
4.07369e-125
8.54847e-127
4.11934e-125
5.90399e-127
4.1655e-125
3.59593e-127
4.21219e-125
1.62789e-127
4.25928e-125
0
4.32565e-125
4.39308e-125
4.46157e-125
4.53115e-125
4.60184e-125
4.67364e-125
4.74658e-125
4.82068e-125
4.89596e-125
4.97243e-125
5.05012e-125
5.12904e-125
5.20921e-125
5.29065e-125
5.37341e-125
5.45739e-125
5.54313e-125
5.62826e-125
5.72398e-125
5.77805e-125
END_LIST
