BEGIN_LIST
0.1
0.1
0.1
0.1
0.1
0.1
0.1
0.1
0.1
0.1
0.1
0.1
0.1
0.1
0.1
0.1
0.1
0.1
0.100001
0.100001
0.100001
0.100001
0.100001
0.100001
0.100001
0.100001
0.100001
0.100001
0.100001
0.100001
0.100001
0.100002
0.100001
0.100002
0.100001
0.100002
0.100001
0.100002
0.100001
0.100002
0.100001
0.100002
0.100001
0.100002
0.100001
0.100003
0.100001
0.100003
0.100001
0.100003
0.100001
0.100003
0.100001
0.100003
0.100001
0.100003
0.100001
0.100003
0.100001
0.100003
0.100001
0.100003
0.100004
0.100003
0.100002
0.100001
0.100004
0.100004
0.100003
0.100002
0.100001
0.100004
0.100004
0.100003
0.100002
0.100002
0.100004
0.100004
0.100003
0.100002
0.100002
0.100004
0.100004
0.100003
0.100002
0.100002
0.100004
0.100004
0.100003
0.100003
0.100002
0.100004
0.100004
0.100002
0.100003
0.100002
0.100004
0.100004
0.100002
0.100003
0.100002
0.100004
0.100004
0.100002
0.100003
0.100002
0.100004
0.100003
0.100002
0.100003
0.100002
0.100004
0.100003
0.100002
0.100004
0.100002
0.100004
0.100003
0.100002
0.100004
0.100002
0.100004
0.100003
0.100002
0.100004
0.100002
0.100004
0.100003
0.100002
0.100004
0.100003
0.100004
0.100003
0.100002
0.100004
0.100003
0.100004
0.100003
0.100002
0.100005
0.100003
0.100004
0.100003
0.100002
0.100005
0.100003
0.100004
0.100003
0.100001
0.100005
0.100003
0.100004
0.100003
0.100001
0.100005
0.100004
0.100004
0.100003
0.100001
0.100006
0.100005
0.100004
0.100004
0.100003
0.100002
0.100004
0.100001
0.100006
0.100006
0.100005
0.100006
0.100004
0.100004
0.100004
0.100002
0.100004
0.100001
0.100006
0.100006
0.100005
0.100006
0.100005
0.100004
0.100004
0.100002
0.100005
0.100001
0.100006
0.100006
0.100005
0.100006
0.100005
0.100005
0.100004
0.100002
0.100005
0.100001
0.100006
0.100006
0.100005
0.100006
0.100005
0.100005
0.100005
0.100002
0.100005
0.100001
0.100006
0.100006
0.100005
0.100006
0.100005
0.100005
0.100005
0.100001
0.100005
0.100001
0.100006
0.100006
0.100005
0.100006
0.100005
0.100005
0.100005
0.100001
0.100005
0.100001
0.100006
0.100007
0.100005
0.100006
0.100005
0.100005
0.100006
0.100001
0.100005
0.100001
0.100006
0.100007
0.100005
0.100006
0.100005
0.100005
0.100006
0.100001
0.100005
0.100001
0.100007
0.100007
0.100005
0.100006
0.100005
0.100005
0.100006
0.100001
0.100005
0.100001
0.100007
0.100007
0.100005
0.100006
0.100005
0.100005
0.100006
0.100001
0.100005
0.100001
0.100007
0.100007
0.100005
0.100006
0.100005
0.100005
0.100007
0.100001
0.100005
0.100001
0.100007
0.100007
0.100006
0.100006
0.100005
0.100005
0.100007
0.100001
0.100005
0.1
0.100007
0.100007
0.100006
0.100006
0.100005
0.100005
0.100007
0.100001
0.100005
0.1
0.100007
0.100007
0.100006
0.100006
0.100005
0.100005
0.100008
0.100001
0.100004
0.1
0.100007
0.100008
0.100006
0.100006
0.100005
0.100005
0.100008
0.100001
0.100004
0.1
0.100007
0.100008
0.100006
0.100006
0.100005
0.100005
0.100008
0.100001
0.100004
0.1
0.100007
0.100008
0.100006
0.100006
0.100005
0.100005
0.100008
0.100001
0.100004
0.1
0.100007
0.100008
0.100006
0.100006
0.100006
0.100005
0.100009
0.1
0.100004
0.1
0.100007
0.100008
0.100006
0.100005
0.100007
0.100005
0.100009
0.1
0.100004
0.1
0.100007
0.100008
0.100006
0.100005
0.100008
0.100007
0.100005
0.100009
0.1
0.1
0.100004
0.100007
0.100007
0.100005
0.100009
0.100007
0.100005
0.100009
0.1
0.1
0.100004
0.100007
0.100007
0.100005
0.100009
0.100007
0.100005
0.100009
0.1
0.1
0.100003
0.100007
0.100007
0.100005
0.10001
0.100007
0.100005
0.100009
0.100001
0.1
0.100003
0.100007
0.100007
0.100005
0.10001
0.100007
0.100005
0.10001
0.100001
0.1
0.100003
0.100007
0.100007
0.100005
0.10001
0.100007
0.100005
0.10001
0.100001
0.1
0.100003
0.100007
0.100007
0.100005
0.10001
0.100007
0.100005
0.10001
0.100001
0.1
0.100003
0.100007
0.100007
0.100005
0.10001
0.100007
0.100005
0.10001
0.100001
0.1
0.100002
0.100008
0.100007
0.100005
0.10001
0.100007
0.100005
0.10001
0.100001
0.1
0.100002
0.100008
0.100007
0.100005
0.10001
0.100007
0.100005
0.100001
0.1
0.100002
0.100008
0.1
0.1
0.100002
0.100008
0.0999996
0.1
0.100002
0.100008
0.0999976
0.1
0.100001
0.100008
0.0999917
0.1
0.100001
0.100008
0.0999747
0.1
0.100001
0.100008
0.0999256
0.1
0.100001
0.100008
0.0997844
0.1
0.100001
0.100008
0.0993776
0.1
0.1
0.100008
0.0982063
0.1
0.1
0.100008
0.094834
0.1
0.1
0.100008
0.094834
0.069601
0.094834
0.0507592
0.094834
0.0373762
0.094834
0.0284776
0.094834
0.0231109
0.094834
0.0204591
0.094834
0.0199028
0.094834
0.0210175
0.094834
0.0235349
0.094834
0.0272913
0.0948341
0.0321789
0.0948341
0.0381012
0.0948341
0.0449397
0.0948341
0.05253
0.0948341
0.0606542
0.0948341
0.0690497
0.0948341
0.0774327
0.0948341
0.0855295
0.0948341
0.0931082
0.0948341
0.1
0.0948341
0.0948341
0.0948341
0.0948341
0.0948341
0.0948342
0.0948342
0.0948342
0.0948342
0.0948342
0.0948342
0.0948342
0.0948342
0.0948342
0.0948342
0.0948343
0.0948343
0.0948343
0.0948343
0.0948343
END_LIST
