BEGIN_LIST
0
4.75506e-19
1.45564e-18
3.26483e-18
6.36643e-18
1.14005e-17
1.92287e-17
3.09908e-17
4.81826e-17
7.27777e-17
1.07452e-16
1.56037e-16
2.24528e-16
3.23375e-16
4.72855e-16
7.15716e-16
1.1471e-15
1.98555e-15
3.74154e-15
7.61767e-15
1.64599e-14
6.51731e-14
1.74077e-14
1.4452e-13
1.84274e-14
2.66231e-13
1.95252e-14
4.45052e-13
2.07078e-14
6.99359e-13
2.19827e-14
1.05199e-12
2.33574e-14
1.53144e-12
2.48406e-14
2.17373e-12
2.64413e-14
3.02545e-12
2.81691e-14
4.14894e-12
3.00345e-14
5.63133e-12
3.20485e-14
7.60054e-12
3.42231e-14
1.02539e-11
3.65708e-14
1.39093e-11
3.91053e-14
1.90975e-11
4.18408e-14
2.67281e-11
4.47945e-14
3.83866e-11
4.80576e-14
5.68692e-11
5.48501e-14
8.71398e-11
2.01924e-13
1.38041e-10
6.32696e-12
1.42934e-10
1.77044e-10
8.27803e-11
1.46598e-11
6.73721e-12
1.47995e-10
1.99881e-10
5.02811e-11
2.75983e-11
7.18195e-12
1.53231e-10
2.12238e-10
3.10716e-11
4.67796e-11
7.66585e-12
1.58648e-10
2.17829e-10
1.9632e-11
7.42208e-11
8.19517e-12
1.64251e-10
2.19073e-10
1.27455e-11
1.12371e-10
8.77905e-12
1.70047e-10
2.1755e-10
8.53674e-12
1.64171e-10
9.43167e-12
1.76041e-10
2.14288e-10
5.91179e-12
2.33113e-10
1.01764e-11
1.82241e-10
2.09956e-10
4.23148e-12
3.23321e-10
1.10536e-11
1.88653e-10
2.04988e-10
3.12163e-12
4.39632e-10
1.2135e-11
1.95284e-10
1.99668e-10
2.3623e-12
5.87712e-10
1.35506e-11
2.02142e-10
1.94178e-10
1.82346e-12
7.74202e-10
1.5539e-11
2.09233e-10
1.88635e-10
1.42755e-12
1.00693e-09
1.85409e-11
2.16564e-10
1.83115e-10
1.12768e-12
1.2952e-09
2.33744e-11
2.24145e-10
1.77664e-10
8.94923e-13
1.65032e-09
3.15602e-11
2.31982e-10
1.72312e-10
7.10978e-13
2.08628e-09
4.593e-11
2.40084e-10
1.67077e-10
5.63857e-13
2.62097e-09
7.17588e-11
2.48459e-10
1.61969e-10
4.45389e-13
3.27806e-09
1.18876e-10
2.57116e-10
1.56993e-10
3.49743e-13
4.09003e-09
2.05595e-10
2.66042e-10
1.52152e-10
2.7258e-13
5.10297e-09
3.66041e-10
2.77197e-10
1.47445e-10
2.10535e-13
6.38425e-09
6.63779e-10
2.83876e-10
2.83865e-10
1.70268e-10
6.74092e-11
2.22783e-10
1.765e-13
6.61683e-09
6.66761e-09
6.74343e-10
8.18915e-10
2.90709e-10
2.90688e-10
1.96261e-10
3.0993e-11
2.74675e-10
1.47163e-13
6.83059e-09
6.96231e-09
6.85062e-10
8.51685e-10
2.977e-10
2.97668e-10
2.25809e-10
1.4396e-11
3.08125e-10
1.2198e-13
7.02405e-09
7.26873e-09
6.95939e-10
8.48116e-10
3.04852e-10
3.04809e-10
2.59331e-10
6.80682e-12
3.27204e-10
1.00462e-13
7.19573e-09
7.58728e-09
7.06976e-10
8.33946e-10
3.12169e-10
3.12114e-10
2.9729e-10
3.31481e-12
3.35209e-10
8.21646e-14
7.34422e-09
7.91837e-09
7.18174e-10
8.16873e-10
3.19655e-10
3.19587e-10
3.4019e-10
1.68948e-12
3.348e-10
6.66893e-14
7.46809e-09
8.26241e-09
7.29536e-10
7.99193e-10
3.27313e-10
3.27231e-10
3.88581e-10
9.1748e-13
3.28115e-10
5.3676e-14
7.56599e-09
8.61984e-09
7.41064e-10
7.81589e-10
3.35148e-10
3.35049e-10
4.43061e-10
5.38109e-13
3.16861e-10
4.28005e-14
7.63661e-09
8.9911e-09
7.5276e-10
7.64262e-10
3.4317e-10
3.43046e-10
5.04278e-10
3.41614e-13
3.02394e-10
3.37728e-14
7.67867e-09
9.37665e-09
7.64627e-10
7.47267e-10
3.51393e-10
3.51225e-10
5.72936e-10
2.32202e-13
2.85788e-10
2.63334e-14
7.69097e-09
9.77696e-09
7.76665e-10
7.30615e-10
3.59853e-10
3.5959e-10
6.49792e-10
1.65853e-13
2.67881e-10
2.02519e-14
7.67237e-09
1.01925e-08
7.88879e-10
7.14306e-10
3.68638e-10
3.68145e-10
7.35664e-10
1.2209e-13
2.49324e-10
1.53237e-14
7.62181e-09
1.06238e-08
8.01269e-10
6.98334e-10
3.77979e-10
3.76893e-10
8.31428e-10
9.11735e-14
2.30617e-10
1.13688e-14
7.5383e-09
1.10712e-08
8.13838e-10
6.82695e-10
3.88481e-10
3.85839e-10
9.38026e-10
6.82826e-14
2.12136e-10
8.22929e-15
7.42094e-09
1.15355e-08
8.26588e-10
6.67382e-10
4.01761e-10
3.94987e-10
1.05646e-09
5.08763e-14
1.94162e-10
5.76754e-15
7.26891e-09
1.20169e-08
8.39522e-10
6.52389e-10
4.22123e-10
4.04341e-10
1.18777e-09
3.74906e-14
1.76895e-10
3.86429e-15
7.0815e-09
1.2516e-08
8.52642e-10
6.37711e-10
4.61055e-10
4.13906e-10
1.33308e-09
2.71898e-14
1.60474e-10
2.41698e-15
6.85812e-09
1.30325e-08
8.6595e-10
6.23342e-10
5.4923e-10
4.23686e-10
1.49349e-09
1.93148e-14
1.4499e-10
1.33799e-15
6.59826e-09
1.35613e-08
8.79444e-10
6.09275e-10
7.6853e-10
4.33691e-10
1.67008e-09
1.33652e-14
1.30495e-10
5.531e-16
6.30155e-09
1.4066e-08
8.9295e-10
5.95505e-10
1.33758e-09
4.43939e-10
1.86379e-09
8.94302e-15
1.17012e-10
0
5.96775e-09
1.43044e-08
8.99664e-10
5.82027e-10
2.02607e-09
1.40097e-09
4.50039e-10
1.95834e-09
1.0225e-14
7.71785e-15
9.82553e-11
6.05299e-09
5.10737e-09
5.74279e-10
2.49293e-09
1.46771e-09
4.56217e-10
2.05618e-09
1.1673e-14
6.51384e-15
8.18335e-11
6.13934e-09
4.44179e-09
5.66617e-10
2.79623e-09
1.53817e-09
4.62476e-10
2.15705e-09
1.33054e-14
5.39692e-15
6.75977e-11
6.22681e-09
3.92163e-09
5.59046e-10
2.97928e-09
1.61285e-09
4.68816e-10
2.26062e-09
1.51421e-14
4.39966e-15
5.53698e-11
6.31541e-09
3.51022e-09
5.51566e-10
3.07436e-09
1.69239e-09
4.75238e-10
2.36633e-09
1.72048e-14
3.53373e-15
4.49576e-11
6.40516e-09
3.18037e-09
5.44179e-10
3.10551e-09
1.77763e-09
4.81743e-10
2.47342e-09
1.95168e-14
2.79809e-15
3.61666e-11
6.49606e-09
2.91187e-09
5.36884e-10
3.0906e-09
1.86965e-09
4.88332e-10
2.58079e-09
2.21035e-14
2.18448e-15
2.88071e-11
6.58814e-09
2.68972e-09
5.29681e-10
3.04293e-09
1.9699e-09
4.95005e-10
2.6869e-09
2.49924e-14
1.68089e-15
2.2699e-11
6.6814e-09
2.50278e-09
5.22568e-10
2.97233e-09
2.08032e-09
5.01765e-10
2.78964e-09
2.8213e-14
1.27379e-15
1.76746e-11
6.77586e-09
2.34274e-09
5.15545e-10
2.88611e-09
2.20345e-09
5.08611e-10
3.17979e-14
9.49469e-16
1.35805e-11
6.87152e-09
3.57835e-14
6.94898e-16
1.02777e-11
6.96842e-09
4.0213e-14
4.98123e-16
7.64207e-12
7.06655e-09
4.51449e-14
3.48503e-16
5.56368e-12
7.16593e-09
5.06753e-14
2.36765e-16
3.9462e-12
7.26658e-09
5.69999e-14
1.54983e-16
2.70601e-12
7.36851e-09
6.45887e-14
9.64937e-17
1.77121e-12
7.47173e-09
7.46678e-14
5.57898e-17
1.08057e-12
7.57625e-09
9.05638e-14
2.83949e-17
5.82532e-13
7.68203e-09
1.2144e-13
1.07322e-17
2.34128e-13
7.78718e-09
1.92685e-13
0
0
7.83913e-09
1.99094e-13
6.81673e-13
2.05733e-13
1.02136e-12
2.12611e-13
1.23159e-12
2.19735e-13
1.34321e-12
2.27113e-13
1.38885e-12
2.34753e-13
1.39502e-12
2.42666e-13
1.37877e-12
2.50858e-13
1.34835e-12
2.5934e-13
1.30558e-12
2.68121e-13
1.24864e-12
2.7721e-13
1.17448e-12
2.86618e-13
1.08064e-12
2.96354e-13
9.66609e-13
3.06429e-13
8.34421e-13
3.16854e-13
6.88679e-13
3.2764e-13
5.35944e-13
3.38797e-13
3.83768e-13
3.50337e-13
2.39646e-13
3.62278e-13
1.10088e-13
3.74516e-13
0
3.92322e-13
4.10969e-13
4.30491e-13
4.50925e-13
4.72309e-13
4.94681e-13
5.1808e-13
5.42549e-13
5.68128e-13
5.94864e-13
6.228e-13
6.51982e-13
6.8246e-13
7.1428e-13
7.47506e-13
7.82133e-13
8.18472e-13
8.55407e-13
8.98332e-13
9.2301e-13
END_LIST
