time,branch0,branch1,branch2,branch3,branch4,branch5,branch6,branch7,branch8,branch9,branch10,branch11,branch12,branch13,branch14,branch15,branch16,branch17,branch18,branch19,branch20,branch21,branch22,branch23,branch24,branch25,branch26,branch27,
0,0.00959407,0.00483791,0.00742265,0.00473521,0.00478807,0.00318236,0.00211841,0.00286654,0.00557313,0.00607475,0.00397393,0.00716721,0.00350085,0.00798103,0.00703044,0.00778339,0.00935501,0.00959351,0.00183058,0.00200879,0.00206257,0.00179563,0.00851893,0.00909707,0.00712512,0.00154583,0.00192566,0.00313543,
1,0.00963192,0.00505671,0.00764861,0.00497741,0.00507926,0.00346028,0.00232261,0.00307036,0.00595185,0.00624859,0.00415624,0.00727948,0.00372406,0.00813298,0.00725079,0.00796112,0.00942601,0.00964095,0.00205079,0.0022247,0.0022825,0.00198274,0.00865693,0.00915941,0.00730031,0.00171552,0.00214105,0.00341247,
2,0.00963244,0.00506648,0.00765489,0.00498771,0.00509358,0.00347697,0.00233567,0.00308171,0.00597669,0.00625526,0.00416537,0.00728438,0.00373593,0.00813652,0.00725669,0.00796515,0.00942686,0.00964142,0.00206701,0.00223982,0.00229748,0.00199577,0.00866029,0.00916079,0.00730553,0.00172849,0.00215649,0.00342928,
3,0.00963281,0.00507022,0.00765671,0.00498983,0.005097,0.00348048,0.00233908,0.00308569,0.00597978,0.00625881,0.00417021,0.00728794,0.00373979,0.00813843,0.00725901,0.00796697,0.00942732,0.0096417,0.00207014,0.0022431,0.00230074,0.00199883,0.00866148,0.00916183,0.00730822,0.00173086,0.00215951,0.00343277,
4,0.00963318,0.00507379,0.00765842,0.00499163,0.00509998,0.00348343,0.00234216,0.00308946,0.00598156,0.0062623,0.00417498,0.00729148,0.00374339,0.00814033,0.00726128,0.00796877,0.00942778,0.00964199,0.00207268,0.00224585,0.0023035,0.00200148,0.0086626,0.00916287,0.00731088,0.00173268,0.00216195,0.0034357,
5,0.00963355,0.00507736,0.00766011,0.00499342,0.00510295,0.00348637,0.00234523,0.00309324,0.00598325,0.0062658,0.00417975,0.00729502,0.00374698,0.00814223,0.00726355,0.00797057,0.00942823,0.00964227,0.0020752,0.0022486,0.00230625,0.00200411,0.00866371,0.0091639,0.00731352,0.00173448,0.00216436,0.00343861,
6,0.00963393,0.00508093,0.00766181,0.0049952,0.00510591,0.00348931,0.0023483,0.00309701,0.00598494,0.00626929,0.00418452,0.00729855,0.00375058,0.00814412,0.00726583,0.00797237,0.00942869,0.00964255,0.00207772,0.00225134,0.002309,0.00200675,0.00866481,0.00916493,0.00731617,0.00173628,0.00216677,0.00344151,
7,0.00963429,0.0050845,0.00766351,0.00499699,0.00510888,0.00349224,0.00235138,0.00310079,0.00598663,0.00627279,0.00418929,0.00730209,0.00375417,0.00814602,0.0072681,0.00797416,0.00942914,0.00964284,0.00208024,0.00225409,0.00231176,0.00200938,0.00866592,0.00916597,0.00731882,0.00173808,0.00216919,0.00344442,
8,0.00963466,0.00508807,0.0076652,0.00499878,0.00511184,0.00349518,0.00235446,0.00310457,0.00598832,0.00627628,0.00419406,0.00730562,0.00375777,0.00814791,0.00727037,0.00797596,0.00942959,0.00964312,0.00208277,0.00225684,0.00231451,0.00201202,0.00866702,0.009167,0.00732146,0.00173988,0.0021716,0.00344733,
9,0.00963503,0.00509164,0.00766689,0.00500056,0.00511481,0.00349812,0.00235754,0.00310836,0.00599001,0.00627977,0.00419884,0.00730915,0.00376137,0.0081498,0.00727264,0.00797775,0.00943005,0.00964341,0.00208529,0.00225959,0.00231727,0.00201467,0.00866813,0.00916803,0.00732411,0.00174168,0.00217402,0.00345024,
10,0.0096354,0.00509521,0.00766858,0.00500235,0.00511777,0.00350106,0.00236062,0.00311214,0.0059917,0.00628326,0.00420362,0.00731268,0.00376497,0.00815169,0.0072749,0.00797955,0.0094305,0.00964369,0.00208782,0.00226234,0.00232003,0.00201731,0.00866923,0.00916905,0.00732675,0.00174349,0.00217645,0.00345316,
11,3.7657e-05,0.000223816,0.000229635,0.000250745,0.000302249,0.000292361,0.000214802,0.000210975,0.000403465,0.000175121,0.000184581,0.000111063,0.000230976,0.000152198,0.000222636,0.000178735,7.10088e-05,4.73674e-05,0.000235394,0.000229406,0.000233238,0.000198412,0.000139505,6.17782e-05,0.000175988,0.000182226,0.000229718,0.000291673,
12,1.48237e-07,6.46111e-06,4.7283e-06,8.94419e-06,1.192e-05,1.45224e-05,1.05279e-05,7.92411e-06,2.47747e-05,3.25882e-06,4.51159e-06,1.38426e-06,8.67042e-06,1.65734e-06,3.67907e-06,2.2538e-06,4.01476e-07,1.83814e-07,1.45707e-05,1.31362e-05,1.29545e-05,1.10348e-05,2.34592e-06,3.43359e-07,2.62146e-06,1.19725e-05,1.38643e-05,1.46846e-05,
13,2.78736e-09,1.82858e-07,1.35004e-07,3.48323e-07,4.70343e-07,6.07619e-07,3.64787e-07,2.16674e-07,1.50642e-06,5.12867e-08,8.09334e-08,1.4599e-08,2.78528e-07,1.38754e-08,4.36097e-08,2.13032e-08,1.90274e-09,6.25625e-10,6.57688e-07,5.65031e-07,5.34491e-07,4.64789e-07,9.18067e-08,1.65218e-09,3.96921e-08,6.18774e-07,6.5446e-07,6.23639e-07,
14,1.54818e-10,6.72858e-09,6.4354e-09,1.56969e-08,2.19212e-08,2.62664e-08,1.01815e-08,4.90068e-09,9.15435e-08,7.45764e-10,1.20277e-09,1.36741e-10,9.5776e-09,1.00267e-10,4.17816e-10,1.69772e-10,8.37662e-12,2.14271e-12,2.54183e-08,2.14163e-08,1.95955e-08,1.74338e-08,5.28756e-09,7.25408e-12,1.0718e-09,2.87797e-08,2.90416e-08,2.73188e-08,
15,9.42152e-12,3.33696e-10,3.72704e-10,7.73549e-10,1.18346e-09,1.2901e-09,2.55771e-10,1.0263e-10,5.56559e-09,1.09773e-11,1.63311e-11,1.17545e-12,4.07174e-10,6.7257e-13,3.46089e-12,1.21727e-12,3.7563e-14,8.86824e-15,9.72245e-10,8.23632e-10,7.52531e-10,6.67207e-10,3.21346e-10,3.00221e-14,5.13492e-11,1.34631e-09,1.37043e-09,1.35252e-09,
16,5.74634e-13,1.91644e-11,2.2426e-11,4.08914e-11,6.88296e-11,7.09403e-11,6.76567e-12,2.3785e-12,3.38491e-10,2.01231e-13,2.4503e-13,9.48478e-15,2.10941e-11,4.45285e-15,2.59404e-14,8.22179e-15,1.84387e-16,5.13977e-17,4.17223e-11,3.59781e-11,3.39256e-11,2.89216e-11,1.95971e-11,1.19537e-16,2.96567e-12,6.7847e-11,7.17284e-11,7.45949e-11,
17,3.50067e-14,1.15064e-12,1.35953e-12,2.29575e-12,4.12231e-12,4.14738e-12,2.29753e-13,7.69817e-14,2.05904e-11,6.14454e-15,5.9618e-15,7.29939e-17,1.21223e-12,3.09517e-17,1.82615e-16,5.46266e-17,1.03116e-18,4.07794e-19,2.09316e-12,1.83143e-12,1.79014e-12,1.45591e-12,1.19396e-12,4.63974e-19,1.78168e-13,3.71581e-12,4.06584e-12,4.36382e-12,
18,2.13103e-15,6.98222e-14,8.25988e-14,1.34302e-13,2.49482e-13,2.48766e-13,1.06211e-14,3.58974e-15,1.25262e-12,2.95269e-16,2.61616e-16,5.42173e-19,7.24429e-14,2.45302e-19,1.25596e-18,3.7729e-19,6.75924e-21,4.2927e-21,1.17292e-13,1.0333e-13,1.03233e-13,8.13838e-14,7.26869e-14,1.77277e-21,1.08009e-14,2.15331e-13,2.40389e-13,2.61743e-13,
19,1.29681e-16,4.24627e-15,5.02258e-15,8.03381e-15,1.51522e-14,1.50623e-14,5.89055e-16,2.01596e-16,7.62066e-14,1.6945e-17,1.47919e-17,3.93431e-21,4.384e-15,2.76921e-21,9.02597e-21,3.05855e-21,5.80761e-23,7.67309e-23,6.92828e-15,6.11778e-15,6.17127e-15,4.79284e-15,4.4234e-15,6.83363e-24,6.56397e-16,1.2843e-14,1.44714e-14,1.58465e-14,
20,7.8904e-18,2.58338e-16,3.0551e-16,4.85517e-16,9.21336e-16,9.14942e-16,3.4917e-17,1.20128e-17,4.63629e-15,1.01736e-18,8.8707e-19,2.89767e-23,2.66307e-16,6.81178e-23,8.49689e-23,4.25957e-23,9.70061e-25,2.85697e-24,4.17485e-16,3.68888e-16,3.73447e-16,2.88299e-16,2.69144e-16,3.44262e-26,3.99209e-17,7.75541e-16,8.77177e-16,9.62512e-16,
