time,branch0,branch1,branch2,branch3,branch4,branch5,branch6,branch7,branch8,branch9,branch10,branch11,branch12,branch13,branch14,branch15,branch16,branch17,branch18,branch19,branch20,branch21,branch22,branch23,branch24,branch25,branch26,branch27,
0,0,0,0,0,0,0,0,0,0,0,0,0,0,0,0,0,0,0,0,0,0,0,0,0,0,0,0,0,
1,5.65934e+06,109507,279343,73782.8,196822,21083,15811.6,98189.7,51967.1,537203,311620,1.70755e+06,64832.1,1.08489e+06,341240,1.23816e+06,3.50992e+06,4.17826e+06,3165.84,1644.68,10961.3,4988.2,1.73013e+06,3.03793e+06,976888,6358.4,6105.57,20328.2,
2,1.09946e+07,237316,602795,160866,417379,45399.3,34017.2,208250,111825,1.11533e+06,649268,3.40848e+06,137533,2.23952e+06,727224,2.58652e+06,6.93171e+06,8.17575e+06,6908.95,3626.19,23750.3,11076.5,3.61775e+06,5.98766e+06,2.00607e+06,13880.7,13288.1,43791.7,
3,1.59831e+07,382071,968273,260122,652780,71587,53514.3,325435,176982,1.72337e+06,1.00229e+06,5.08513e+06,215028,3.44652e+06,1.15341e+06,4.02477e+06,1.02438e+07,1.1976e+07,10956.5,5847.27,37506.6,18015.6,5.63833e+06,8.83326e+06,3.06849e+06,22316.8,21041.2,69065.4,
4,2.06223e+07,545619,1.38019e+06,373056,903383,99697.1,74323.9,449924,247416,2.36109e+06,1.37097e+06,6.73726e+06,297431,4.70425e+06,1.62368e+06,5.5539e+06,1.3443e+07,1.55798e+07,15312.4,8329.21,52241.4,25896.7,7.78585e+06,1.15751e+07,4.16321e+06,31755.6,29370.4,96197.7,
5,2.49127e+07,729994,1.84326e+06,501390,1.16991e+06,129857,96519.8,582053,323206,3.02821e+06,1.75582e+06,8.36478e+06,384973,6.01068e+06,2.14231e+06,7.17416e+06,1.65263e+07,1.89885e+07,19998.6,11101.7,68015.7,34837.4,1.00514e+07,1.42136e+07,5.28936e+06,42312.6,38314.4,125312,
6,2.88575e+07,937324,2.36232e+06,647012,1.45311e+06,162203,120180,722165,404388,3.72426e+06,2.15735e+06,9.96755e+06,477888,7.36325e+06,2.71389e+06,8.88466e+06,1.94907e+07,2.22041e+07,25038.8,14197.5,84895.3,44967,1.24227e+07,1.67496e+07,6.44586e+06,54114.5,47915.2,156541,
7,3.24634e+07,1.16981e+06,2.94225e+06,811971,1.75371e+06,196879,145385,870599,490942,4.44853e+06,2.57607e+06,1.15454e+07,576410,8.75887e+06,3.34329e+06,1.06833e+07,2.23337e+07,2.52297e+07,30458.1,17652,102949,56426.3,1.48844e+07,1.91839e+07,7.63142e+06,67299,58217.4,190025,
8,3.57404e+07,1.42968e+06,3.58781e+06,998478,2.07244e+06,234037,172217,1.02769e+06,582792,5.20014e+06,3.01246e+06,1.30981e+07,680771,1.0194e+07,4.0356e+06,1.25664e+07,2.50528e+07,2.80688e+07,36283.1,21503.5,122249,69367.6,1.74182e+07,2.15174e+07,8.84455e+06,82014.3,69268,225910,
9,3.87013e+07,1.71915e+06,4.30355e+06,1.2089e+06,2.41e+06,273836,200763,1.19378e+06,679811,5.978e+06,3.46699e+06,1.46255e+07,791200,1.16645e+07,4.79613e+06,1.45289e+07,2.76461e+07,3.07258e+07,42541.9,25792.8,142871,83954.2,2.00034e+07,2.37515e+07,1.00835e+07,98419.3,81116.6,264351,
10,4.13616e+07,2.04037e+06,5.09357e+06,1.44572e+06,2.7671e+06,316444,231111,1.3692e+06,781824,6.78083e+06,3.94011e+06,1.61274e+07,907924,1.3166e+07,5.63032e+06,1.65641e+07,3.01123e+07,3.32058e+07,49264.1,30563.7,164895,100360,2.26174e+07,2.58873e+07,1.13465e+07,116682,93815.8,305511,
11,4.37389e+07,2.39537e+06,5.96142e+06,1.71159e+06,3.14442e+06,362037,263353,1.55427e+06,888621,7.60721e+06,4.43224e+06,1.76034e+07,1.03117e+06,1.46937e+07,6.54361e+06,1.86636e+07,3.24503e+07,3.55145e+07,56481.1,35862,188403,118770,2.52365e+07,2.79266e+07,1.26313e+07,136982,107422,349563,
12,4.58523e+07,2.78597e+06,6.90985e+06,2.0092e+06,3.54263e+06,410803,297584,1.74932e+06,999961,8.45557e+06,4.94379e+06,1.90533e+07,1.16115e+06,1.62424e+07,7.54138e+06,2.08173e+07,3.466e+07,3.76583e+07,64225.7,41736.2,213485,139375,2.78367e+07,2.9871e+07,1.39358e+07,159502,121993,396689,
13,4.77222e+07,3.21374e+06,7.94062e+06,2.34133e+06,3.96238e+06,462942,333903,1.95468e+06,1.11558e+06,9.32421e+06,5.4751e+06,2.04768e+07,1.29809e+06,1.78068e+07,8.62874e+06,2.30136e+07,3.67419e+07,3.96438e+07,72532.7,48236.4,240231,162377,3.03942e+07,3.17224e+07,1.52574e+07,184435,137594,447082,
14,4.93689e+07,3.67993e+06,9.05437e+06,2.71079e+06,4.40431e+06,518666,372413,2.17066e+06,1.23521e+06,1.02113e+07,6.02651e+06,2.18736e+07,1.4422e+06,1.93815e+07,9.81035e+06,2.52394e+07,3.86971e+07,4.14784e+07,81438.7,55414.4,268743,187981,3.28869e+07,3.34828e+07,1.65936e+07,211976,154292,500950,
15,5.08133e+07,4.1854e+06,1.02504e+07,3.12034e+06,4.86903e+06,578198,413222,2.39757e+06,1.35858e+06,1.11151e+07,6.5983e+06,2.32434e+07,1.5937e+06,2.09609e+07,1.10902e+07,2.74803e+07,4.05274e+07,4.31695e+07,90982.2,63323.2,299122,216396,3.52943e+07,3.51545e+07,1.79416e+07,242322,172160,558510,
16,5.20753e+07,4.7306e+06,1.15266e+07,3.57268e+06,5.35712e+06,641777,456441,2.63573e+06,1.48541e+06,1.20336e+07,7.19071e+06,2.45859e+07,1.75279e+06,2.25394e+07,1.24715e+07,2.9721e+07,4.22354e+07,4.47247e+07,101204,72016.9,331480,247837,3.75984e+07,3.67397e+07,1.92985e+07,275672,191274,619996,
17,5.31742e+07,5.31551e+06,1.28795e+07,4.0704e+06,5.86914e+06,709660,502189,2.88545e+06,1.61545e+06,1.29649e+07,7.80391e+06,2.59007e+07,1.91967e+06,2.41117e+07,1.39559e+07,3.19455e+07,4.38242e+07,4.61521e+07,112146,81549.7,365935,282515,3.97846e+07,3.82411e+07,2.06615e+07,312217,211718,685656,
18,5.41281e+07,5.93962e+06,1.43041e+07,4.61587e+06,6.4056e+06,782114,550589,3.14703e+06,1.74844e+06,1.39071e+07,8.43803e+06,2.71876e+07,2.09455e+06,2.56724e+07,1.55439e+07,3.41377e+07,4.52976e+07,4.74593e+07,123853,91976.6,402611,320643,4.18412e+07,3.96611e+07,2.20275e+07,352145,233580,755753,
19,5.49539e+07,6.60199e+06,1.57939e+07,5.21126e+06,6.96698e+06,859428,601772,3.42078e+06,1.88417e+06,1.48582e+07,9.09315e+06,2.84463e+07,2.27761e+06,2.72164e+07,1.72341e+07,3.62815e+07,4.66598e+07,4.86541e+07,136373,103352,441642,362433,4.37601e+07,4.10025e+07,2.33933e+07,395635,256955,830568,
20,5.56669e+07,7.30123e+06,1.73414e+07,5.85844e+06,7.55371e+06,941907,655874,3.707e+06,2.02243e+06,1.58163e+07,9.76925e+06,2.96765e+07,2.46905e+06,2.8739e+07,1.90229e+07,3.83616e+07,4.79156e+07,4.97443e+07,149756,115731,483169,408093,4.55364e+07,4.2268e+07,2.4756e+07,442854,281946,910398,
21,5.62814e+07,8.03553e+06,1.89379e+07,6.55892e+06,8.16613e+06,1.02987e+06,713041,4.00599e+06,2.16302e+06,1.67797e+07,1.04663e+07,3.08779e+07,2.66904e+06,3.02358e+07,2.09044e+07,4.03639e+07,4.90699e+07,5.07373e+07,164053,129167,527342,457828,4.71685e+07,4.34605e+07,2.61124e+07,493956,308660,995559,
22,5.68099e+07,8.80279e+06,2.05738e+07,7.31387e+06,8.80456e+06,1.12367e+06,773426,4.31806e+06,2.30578e+06,1.77466e+07,1.11841e+07,3.20503e+07,2.87776e+06,3.17025e+07,2.28703e+07,4.22755e+07,5.01282e+07,5.16403e+07,179319,143716,574322,511841,4.86574e+07,4.45829e+07,2.74595e+07,549079,337213,1.08639e+06,
23,5.72636e+07,9.60062e+06,2.22393e+07,8.12401e+06,9.4692e+06,1.22365e+06,837191,4.6435e+06,2.45056e+06,1.87153e+07,1.19224e+07,3.31933e+07,3.09537e+06,3.31355e+07,2.49096e+07,4.40857e+07,5.10958e+07,5.24603e+07,195614,159430,624280,570333,5.00068e+07,4.5638e+07,2.87942e+07,608343,367730,1.18323e+06,
24,5.76527e+07,1.04264e+07,2.39238e+07,8.98962e+06,1.01602e+07,1.33021e+06,904508,4.98263e+06,2.59723e+06,1.96841e+07,1.2681e+07,3.43069e+07,3.32203e+06,3.45316e+07,2.70088e+07,4.57859e+07,5.19785e+07,5.32038e+07,212998,176366,677396,633504,5.12222e+07,4.66288e+07,3.01135e+07,671851,400340,1.28646e+06,
25,5.79858e+07,1.12775e+07,2.56172e+07,9.91053e+06,1.08776e+07,1.44374e+06,975558,5.33572e+06,2.74567e+06,2.06516e+07,1.34595e+07,3.53909e+07,3.55787e+06,3.58878e+07,2.91519e+07,4.73696e+07,5.27817e+07,5.38771e+07,231538,194579,733863,701555,5.23107e+07,4.75582e+07,3.14148e+07,739685,435186,1.39648e+06,
26,5.82708e+07,1.21511e+07,2.73093e+07,1.0886e+07,1.16212e+07,1.56466e+06,1.05054e+06,5.70308e+06,2.89579e+06,2.16163e+07,1.42573e+07,3.64451e+07,3.80303e+06,3.72017e+07,3.13209e+07,4.88331e+07,5.35112e+07,5.44862e+07,251301,214124,793887,774685,5.32805e+07,4.84291e+07,3.26952e+07,811909,472415,1.51369e+06,
27,5.85143e+07,1.30445e+07,2.89905e+07,1.1915e+07,1.2391e+07,1.69341e+06,1.12965e+06,6.08499e+06,3.04748e+06,2.25768e+07,1.5074e+07,3.74694e+07,4.05763e+06,3.84713e+07,3.34961e+07,5.01747e+07,5.41722e+07,5.50365e+07,272362,235060,857685,853102,5.41405e+07,4.92444e+07,3.39522e+07,888567,512186,1.63852e+06,
28,5.87223e+07,1.39549e+07,3.06516e+07,1.29957e+07,1.31866e+07,1.83045e+06,1.2131e+06,6.48175e+06,3.20069e+06,2.3532e+07,1.59087e+07,3.84637e+07,4.32176e+06,3.96951e+07,3.56571e+07,5.13953e+07,5.47701e+07,5.55332e+07,294798,257447,925487,937013,5.48997e+07,5.0007e+07,3.51835e+07,969682,554666,1.77143e+06,
29,5.88998e+07,1.48799e+07,3.22845e+07,1.41261e+07,1.40076e+07,1.97626e+06,1.30114e+06,6.89363e+06,3.35533e+06,2.44805e+07,1.67609e+07,3.9428e+07,4.59552e+06,4.08717e+07,3.77827e+07,5.24974e+07,5.531e+07,5.59812e+07,318692,281347,997539,1.02664e+06,5.55675e+07,5.07195e+07,3.63867e+07,1.05526e+06,600034,1.91289e+06,
30,5.90511e+07,1.58168e+07,3.38817e+07,1.53034e+07,1.48534e+07,2.13135e+06,1.394e+06,7.32091e+06,3.51134e+06,2.54214e+07,1.76297e+07,4.03624e+07,4.87897e+06,4.20005e+07,3.98524e+07,5.34854e+07,5.57968e+07,5.63849e+07,344133,306823,1.0741e+06,1.12219e+06,5.61528e+07,5.13847e+07,3.756e+07,1.14529e+06,648477,2.06339e+06,
31,5.91801e+07,1.67635e+07,3.54368e+07,1.65245e+07,1.57234e+07,2.29623e+06,1.49194e+06,7.76385e+06,3.66867e+06,2.63537e+07,1.8514e+07,4.12669e+07,5.17216e+06,4.30809e+07,4.18471e+07,5.43652e+07,5.62349e+07,5.67484e+07,371213,333944,1.15544e+06,1.22391e+06,5.66642e+07,5.20053e+07,3.87015e+07,1.23974e+06,700195,2.22343e+06,
32,5.929e+07,1.77176e+07,3.69441e+07,1.7786e+07,1.66166e+07,2.47144e+06,1.59524e+06,8.2227e+06,3.82728e+06,2.72764e+07,1.9413e+07,4.21416e+07,5.47514e+06,4.41128e+07,4.37495e+07,5.51436e+07,5.66288e+07,5.70755e+07,400032,362780,1.24186e+06,1.33205e+06,5.71098e+07,5.25837e+07,3.98096e+07,1.33858e+06,755396,2.39355e+06,
33,5.93836e+07,1.86773e+07,3.83991e+07,1.90839e+07,1.75322e+07,2.65752e+06,1.70419e+06,8.6977e+06,3.9871e+06,2.81887e+07,2.03254e+07,4.29866e+07,5.78791e+06,4.50964e+07,4.55448e+07,5.58281e+07,5.69824e+07,5.73696e+07,430697,393405,1.33366e+06,1.44684e+06,5.74972e+07,5.31224e+07,4.08831e+07,1.44174e+06,814303,2.5743e+06,
34,5.94633e+07,1.96408e+07,3.97981e+07,2.04139e+07,1.8469e+07,2.85506e+06,1.81909e+06,9.18908e+06,4.1481e+06,2.90898e+07,2.12501e+07,4.38022e+07,6.11047e+06,4.60322e+07,4.72215e+07,5.64266e+07,5.72995e+07,5.76338e+07,463319,425897,1.43116e+06,1.56856e+06,5.78333e+07,5.36239e+07,4.19207e+07,1.54915e+06,877149,2.76622e+06,
35,5.95312e+07,2.06062e+07,4.11382e+07,2.17713e+07,1.94258e+07,3.06464e+06,1.94027e+06,9.69704e+06,4.31023e+06,2.99791e+07,2.21859e+07,4.45886e+07,6.4428e+06,4.69208e+07,4.87716e+07,5.69471e+07,5.75836e+07,5.78712e+07,498018,460337,1.53471e+06,1.69748e+06,5.81243e+07,5.40903e+07,4.29215e+07,1.66074e+06,944178,2.9699e+06,
36,5.95889e+07,2.15721e+07,4.24175e+07,2.31513e+07,2.04012e+07,3.28684e+06,2.06808e+06,1.02218e+07,4.47345e+06,3.08559e+07,2.31313e+07,4.53461e+07,6.78485e+06,4.77632e+07,5.01902e+07,5.73975e+07,5.78378e+07,5.80844e+07,534920,496811,1.64467e+06,1.83389e+06,5.83758e+07,5.45239e+07,4.38849e+07,1.77643e+06,1.01565e+06,3.18593e+06,
37,5.9638e+07,2.2537e+07,4.36348e+07,2.45489e+07,2.13937e+07,3.52228e+06,2.20287e+06,1.07634e+07,4.63772e+06,3.17197e+07,2.4085e+07,4.6075e+07,7.13657e+06,4.85603e+07,5.1476e+07,5.77856e+07,5.80652e+07,5.82757e+07,574161,535408,1.76141e+06,1.97808e+06,5.8593e+07,5.49267e+07,4.48104e+07,1.89614e+06,1.09183e+06,3.4149e+06,
38,5.96798e+07,2.34997e+07,4.47895e+07,2.59586e+07,2.24016e+07,3.77158e+06,2.34504e+06,1.13221e+07,4.80301e+06,3.257e+07,2.50455e+07,4.67758e+07,7.49787e+06,4.93135e+07,5.26308e+07,5.81185e+07,5.82683e+07,5.84473e+07,615883,576222,1.88534e+06,2.13037e+06,5.87802e+07,5.53008e+07,4.56978e+07,2.01976e+06,1.173e+06,3.65743e+06,
39,5.97154e+07,2.44591e+07,4.58817e+07,2.73753e+07,2.34234e+07,4.03535e+06,2.49498e+06,1.1898e+07,4.96925e+06,3.34062e+07,2.60112e+07,4.74488e+07,7.86865e+06,5.00242e+07,5.36589e+07,5.8403e+07,5.84497e+07,5.86011e+07,660237,619349,2.01688e+06,2.29109e+06,5.89414e+07,5.56479e+07,4.6547e+07,2.14721e+06,1.25947e+06,3.91413e+06,
40,5.97456e+07,2.54139e+07,4.69119e+07,2.87935e+07,2.44571e+07,4.31421e+06,2.65312e+06,1.24912e+07,5.13643e+06,3.4228e+07,2.69807e+07,4.80946e+07,8.24879e+06,5.06936e+07,5.45667e+07,5.86453e+07,5.86116e+07,5.87391e+07,707383,664891,2.15645e+06,2.46055e+06,5.90802e+07,5.59699e+07,4.73581e+07,2.2784e+06,1.35153e+06,4.18562e+06,
41,5.97713e+07,2.63633e+07,4.78811e+07,3.02079e+07,2.55008e+07,4.60879e+06,2.81992e+06,1.31016e+07,5.30449e+06,3.50351e+07,2.79523e+07,4.87135e+07,8.63815e+06,5.13235e+07,5.53622e+07,5.8851e+07,5.87559e+07,5.88627e+07,757492,712953,2.30453e+06,2.63911e+06,5.91995e+07,5.62684e+07,4.81315e+07,2.41326e+06,1.44952e+06,4.47252e+06,
42,5.97932e+07,2.73064e+07,4.87909e+07,3.16133e+07,2.65526e+07,4.91969e+06,2.99583e+06,1.37293e+07,5.47339e+06,3.58272e+07,2.89243e+07,4.93063e+07,9.03657e+06,5.19154e+07,5.60545e+07,5.9025e+07,5.88846e+07,5.89735e+07,810744,763645,2.4616e+06,2.82712e+06,5.9302e+07,5.65451e+07,4.88677e+07,2.55171e+06,1.55375e+06,4.77543e+06,
43,5.98118e+07,2.82422e+07,4.9643e+07,3.30046e+07,2.76103e+07,5.24752e+06,3.18136e+06,1.43742e+07,5.64308e+06,3.66039e+07,2.98953e+07,4.98734e+07,9.44387e+06,5.24709e+07,5.66531e+07,5.91719e+07,5.89992e+07,5.90727e+07,867328,817079,2.62815e+06,3.02494e+06,5.939e+07,5.68014e+07,4.95671e+07,2.69368e+06,1.6646e+06,5.09496e+06,
44,5.98276e+07,2.917e+07,5.04393e+07,3.43769e+07,2.86719e+07,5.59287e+06,3.37702e+06,1.50363e+07,5.81354e+06,3.73651e+07,3.08634e+07,5.04154e+07,9.85987e+06,5.29917e+07,5.71678e+07,5.92956e+07,5.91012e+07,5.91616e+07,927445,873371,2.80472e+06,3.23294e+06,5.94655e+07,5.70387e+07,5.02307e+07,2.83911e+06,1.7824e+06,5.4317e+06,
45,5.9841e+07,3.00891e+07,5.1182e+07,3.57258e+07,2.97352e+07,5.95632e+06,3.58336e+06,1.57154e+07,5.9847e+06,3.81105e+07,3.18271e+07,5.09331e+07,1.02844e+07,5.34794e+07,5.76079e+07,5.93994e+07,5.91921e+07,5.92412e+07,991308,932641,2.99184e+06,3.45149e+06,5.95303e+07,5.72585e+07,5.08592e+07,2.98796e+06,1.90754e+06,5.78623e+06,
46,5.98524e+07,3.09988e+07,5.18736e+07,3.70469e+07,3.07981e+07,6.33839e+06,3.80094e+06,1.64113e+07,6.15654e+06,3.884e+07,3.27849e+07,5.14269e+07,1.07171e+07,5.39357e+07,5.79825e+07,5.94865e+07,5.9273e+07,5.93124e+07,1.05914e+06,995012,3.19008e+06,3.68097e+06,5.95859e+07,5.74618e+07,5.14537e+07,3.1402e+06,2.04039e+06,6.1591e+06,
47,5.98621e+07,3.18983e+07,5.25164e+07,3.83364e+07,3.18583e+07,6.7396e+06,4.03035e+06,1.71238e+07,6.329e+06,3.95535e+07,3.3735e+07,5.18977e+07,1.11578e+07,5.43622e+07,5.83001e+07,5.95594e+07,5.93449e+07,5.93762e+07,1.13118e+06,1.06061e+06,3.40004e+06,3.92177e+06,5.96335e+07,5.76499e+07,5.20151e+07,3.29581e+06,2.18136e+06,6.55083e+06,
48,5.98704e+07,3.27872e+07,5.3113e+07,3.95907e+07,3.29138e+07,7.16043e+06,4.2722e+06,1.78525e+07,6.50204e+06,4.02508e+07,3.46759e+07,5.23462e+07,1.16063e+07,5.47605e+07,5.85683e+07,5.96202e+07,5.94088e+07,5.94333e+07,1.20767e+06,1.12956e+06,3.62231e+06,4.17427e+06,5.96743e+07,5.78239e+07,5.25445e+07,3.4548e+06,2.33085e+06,6.9619e+06,
49,5.98774e+07,3.36647e+07,5.36658e+07,4.08067e+07,3.39623e+07,7.6013e+06,4.52714e+06,1.85972e+07,6.67562e+06,4.0932e+07,3.56062e+07,5.27729e+07,1.20623e+07,5.51322e+07,5.87941e+07,5.9671e+07,5.94657e+07,5.94844e+07,1.28889e+06,1.202e+06,3.85754e+06,4.43885e+06,5.97093e+07,5.79848e+07,5.30432e+07,3.61716e+06,2.48928e+06,7.39275e+06,
50,5.98833e+07,3.45304e+07,5.41774e+07,4.19818e+07,3.50018e+07,8.0626e+06,4.79582e+06,1.93574e+07,6.84969e+06,4.15969e+07,3.65244e+07,5.31787e+07,1.25255e+07,5.54787e+07,5.89836e+07,5.97133e+07,5.95163e+07,5.95301e+07,1.37509e+06,1.27806e+06,4.10636e+06,4.71589e+06,5.97392e+07,5.81336e+07,5.35123e+07,3.78294e+06,2.65706e+06,7.8438e+06,
51,5.98884e+07,3.53837e+07,5.46502e+07,4.31137e+07,3.60302e+07,8.54465e+06,5.07893e+06,2.01325e+07,7.02422e+06,4.22456e+07,3.74292e+07,5.35643e+07,1.29956e+07,5.58016e+07,5.91422e+07,5.97484e+07,5.95612e+07,5.9571e+07,1.46659e+06,1.35787e+06,4.36944e+06,5.00579e+06,5.97649e+07,5.8271e+07,5.39531e+07,3.95217e+06,2.83463e+06,8.31538e+06,
52,5.98927e+07,3.6224e+07,5.50867e+07,4.42007e+07,3.70454e+07,9.04771e+06,5.37716e+06,2.09221e+07,7.19917e+06,4.2878e+07,3.83192e+07,5.39303e+07,1.34723e+07,5.61023e+07,5.92747e+07,5.97776e+07,5.96011e+07,5.96076e+07,1.56368e+06,1.44157e+06,4.64747e+06,5.3089e+06,5.97868e+07,5.83981e+07,5.43667e+07,4.12492e+06,3.02243e+06,8.80777e+06,
53,5.98964e+07,3.70509e+07,5.54893e+07,4.52414e+07,3.80456e+07,9.57197e+06,5.69124e+06,2.17256e+07,7.37449e+06,4.34942e+07,3.91932e+07,5.42776e+07,1.39553e+07,5.63821e+07,5.93851e+07,5.98018e+07,5.96366e+07,5.96403e+07,1.66668e+06,1.5293e+06,4.94115e+06,5.62559e+06,5.98056e+07,5.85154e+07,5.47546e+07,4.30126e+06,3.22089e+06,9.3212e+06,
54,5.98995e+07,3.7864e+07,5.58602e+07,4.62349e+07,3.9029e+07,1.01176e+07,6.0219e+06,2.25421e+07,7.55014e+06,4.40943e+07,4.00501e+07,5.46068e+07,1.44442e+07,5.66423e+07,5.9477e+07,5.98219e+07,5.96681e+07,5.96696e+07,1.77594e+06,1.62119e+06,5.25117e+06,5.95621e+06,5.98217e+07,5.86238e+07,5.51178e+07,4.48128e+06,3.43047e+06,9.85582e+06,
55,5.99021e+07,3.86627e+07,5.62016e+07,4.71806e+07,3.99938e+07,1.06845e+07,6.3699e+06,2.33711e+07,7.72608e+06,4.46783e+07,4.08888e+07,5.49187e+07,1.49387e+07,5.68842e+07,5.95534e+07,5.98385e+07,5.96961e+07,5.96958e+07,1.89182e+06,1.71739e+06,5.57828e+06,6.30111e+06,5.98355e+07,5.8724e+07,5.54576e+07,4.66509e+06,3.65161e+06,1.04117e+07,
56,5.99044e+07,3.94466e+07,5.65156e+07,4.80785e+07,4.09384e+07,1.12727e+07,6.73599e+06,2.42116e+07,7.90229e+06,4.52462e+07,4.17084e+07,5.52139e+07,1.54385e+07,5.71089e+07,5.96167e+07,5.98523e+07,5.97209e+07,5.97192e+07,2.01467e+06,1.81803e+06,5.9232e+06,6.66062e+06,5.98473e+07,5.88164e+07,5.57753e+07,4.85281e+06,3.88474e+06,1.09888e+07,
57,5.99063e+07,4.02153e+07,5.68041e+07,4.89286e+07,4.18613e+07,1.18822e+07,7.12095e+06,2.50628e+07,8.07871e+06,4.57983e+07,4.2508e+07,5.54933e+07,1.59432e+07,5.73175e+07,5.96692e+07,5.98637e+07,5.9743e+07,5.97402e+07,2.14491e+06,1.92324e+06,6.28668e+06,7.03502e+06,5.98574e+07,5.89018e+07,5.60721e+07,5.04458e+06,4.13032e+06,1.15871e+07,
58,5.99079e+07,4.09685e+07,5.70691e+07,4.97316e+07,4.27612e+07,1.25125e+07,7.52554e+06,2.59237e+07,8.25532e+06,4.63346e+07,4.3287e+07,5.57574e+07,1.64524e+07,5.75112e+07,5.97127e+07,5.98731e+07,5.97626e+07,5.97589e+07,2.28294e+06,2.03318e+06,6.66945e+06,7.42462e+06,5.9866e+07,5.89806e+07,5.6349e+07,5.24054e+06,4.38878e+06,1.22063e+07,
59,5.99093e+07,4.17058e+07,5.73122e+07,5.04882e+07,4.36368e+07,1.31635e+07,7.95053e+06,2.67933e+07,8.43209e+06,4.68553e+07,4.40446e+07,5.6007e+07,1.69657e+07,5.76909e+07,5.97486e+07,5.98808e+07,5.978e+07,5.97756e+07,2.42919e+06,2.14796e+06,7.07227e+06,7.82967e+06,5.98734e+07,5.90533e+07,5.66073e+07,5.44085e+06,4.66055e+06,1.28462e+07,
60,5.99104e+07,4.24267e+07,5.75353e+07,5.11995e+07,4.4487e+07,1.38346e+07,8.3967e+06,2.76706e+07,8.60898e+06,4.73606e+07,4.47803e+07,5.62428e+07,1.74828e+07,5.78575e+07,5.97783e+07,5.98872e+07,5.97954e+07,5.97906e+07,2.58412e+06,2.26773e+06,7.49588e+06,8.25041e+06,5.98797e+07,5.91204e+07,5.6848e+07,5.64569e+06,4.94604e+06,1.35064e+07,
61,5.99114e+07,4.31311e+07,5.77398e+07,5.18666e+07,4.5311e+07,1.45255e+07,8.86478e+06,2.85543e+07,8.78596e+06,4.78506e+07,4.54937e+07,5.64653e+07,1.80034e+07,5.8012e+07,5.98028e+07,5.98925e+07,5.98091e+07,5.9804e+07,2.7482e+06,2.39261e+06,7.94101e+06,8.68704e+06,5.98851e+07,5.91824e+07,5.70721e+07,5.85523e+06,5.24567e+06,1.41864e+07,
62,5.99123e+07,4.38187e+07,5.79271e+07,5.24911e+07,4.61078e+07,1.52353e+07,9.3555e+06,2.94432e+07,8.963e+06,4.83255e+07,4.61844e+07,5.66752e+07,1.8527e+07,5.81552e+07,5.9823e+07,5.98969e+07,5.98213e+07,5.9816e+07,2.92194e+06,2.52274e+06,8.40839e+06,9.13975e+06,5.98898e+07,5.92395e+07,5.72807e+07,6.06966e+06,5.55983e+06,1.48857e+07,
63,5.9913e+07,4.44891e+07,5.80987e+07,5.30745e+07,4.68769e+07,1.59636e+07,9.86957e+06,3.03363e+07,9.14008e+06,4.87855e+07,4.68523e+07,5.68732e+07,1.90532e+07,5.82879e+07,5.98397e+07,5.99005e+07,5.98321e+07,5.98267e+07,3.10585e+06,2.65824e+06,8.89874e+06,9.60867e+06,5.98937e+07,5.92923e+07,5.74747e+07,6.2892e+06,5.88889e+06,1.56036e+07,
64,5.99136e+07,4.51422e+07,5.82558e+07,5.36185e+07,4.76178e+07,1.67093e+07,1.04076e+07,3.1232e+07,9.31716e+06,4.92308e+07,4.74971e+07,5.70597e+07,1.95816e+07,5.84108e+07,5.98534e+07,5.99034e+07,5.98417e+07,5.98363e+07,3.30049e+06,2.79925e+06,9.41274e+06,1.00939e+07,5.98971e+07,5.93409e+07,5.76551e+07,6.51404e+06,6.23321e+06,1.63393e+07,
65,5.99141e+07,4.57778e+07,5.83995e+07,5.41248e+07,4.83302e+07,1.74717e+07,1.09703e+07,3.21292e+07,9.49422e+06,4.96618e+07,4.81187e+07,5.72355e+07,2.0112e+07,5.85246e+07,5.98647e+07,5.99058e+07,5.98502e+07,5.98449e+07,3.50642e+06,2.94586e+06,9.95107e+06,1.05955e+07,5.99e+07,5.93858e+07,5.78227e+07,6.7444e+06,6.59311e+06,1.70921e+07,
66,5.99146e+07,4.63957e+07,5.8531e+07,5.45954e+07,4.90137e+07,1.82498e+07,1.15582e+07,3.30264e+07,9.67124e+06,5.00785e+07,4.87173e+07,5.7401e+07,2.06438e+07,5.863e+07,5.98741e+07,5.99078e+07,5.98577e+07,5.98525e+07,3.72425e+06,3.09822e+06,1.05143e+07,1.11136e+07,5.99025e+07,5.94272e+07,5.79784e+07,6.98051e+06,6.96891e+06,1.78609e+07,
67,5.9915e+07,4.69958e+07,5.86513e+07,5.50319e+07,4.96684e+07,1.90425e+07,1.21718e+07,3.39223e+07,9.84819e+06,5.04812e+07,4.92929e+07,5.75568e+07,2.11767e+07,5.87275e+07,5.98817e+07,5.99095e+07,5.98644e+07,5.98594e+07,3.95461e+06,3.25643e+06,1.11032e+07,1.1648e+07,5.99046e+07,5.94654e+07,5.81229e+07,7.2226e+06,7.36089e+06,1.86448e+07,
68,5.99153e+07,4.7578e+07,5.87613e+07,5.54363e+07,5.02943e+07,1.98487e+07,1.28115e+07,3.48155e+07,1.00251e+07,5.08703e+07,4.98457e+07,5.77034e+07,2.17104e+07,5.88178e+07,5.9888e+07,5.99108e+07,5.98703e+07,5.98655e+07,4.19815e+06,3.4206e+06,1.17181e+07,1.21989e+07,5.99064e+07,5.95007e+07,5.82569e+07,7.47089e+06,7.76929e+06,1.94426e+07,
69,5.99155e+07,4.81423e+07,5.88618e+07,5.58103e+07,5.08917e+07,2.06671e+07,1.34776e+07,3.57045e+07,1.02018e+07,5.1246e+07,5.03759e+07,5.78412e+07,2.22444e+07,5.89013e+07,5.98932e+07,5.9912e+07,5.98756e+07,5.9871e+07,4.45557e+06,3.59085e+06,1.23597e+07,1.27659e+07,5.99079e+07,5.95331e+07,5.83813e+07,7.72563e+06,8.19434e+06,2.02533e+07,
70,5.99158e+07,4.86886e+07,5.89536e+07,5.6156e+07,5.14607e+07,2.14966e+07,1.41704e+07,3.65879e+07,1.03784e+07,5.16085e+07,5.0884e+07,5.79709e+07,2.27785e+07,5.89785e+07,5.98975e+07,5.99129e+07,5.98803e+07,5.98758e+07,4.72758e+06,3.76727e+06,1.30283e+07,1.33491e+07,5.99093e+07,5.95631e+07,5.84966e+07,7.98706e+06,8.63621e+06,2.10756e+07,
71,5.9916e+07,4.92169e+07,5.90376e+07,5.64749e+07,5.20018e+07,2.23359e+07,1.489e+07,3.74643e+07,1.05549e+07,5.19581e+07,5.13701e+07,5.80927e+07,2.33122e+07,5.905e+07,5.9901e+07,5.99136e+07,5.98844e+07,5.98802e+07,5.01492e+06,3.94998e+06,1.37244e+07,1.39482e+07,5.99104e+07,5.95907e+07,5.86035e+07,8.25542e+06,9.09505e+06,2.19083e+07,
72,5.99161e+07,4.97274e+07,5.91142e+07,5.67688e+07,5.25156e+07,2.31836e+07,1.56365e+07,3.83322e+07,1.07312e+07,5.22952e+07,5.18348e+07,5.82072e+07,2.38452e+07,5.9116e+07,5.99039e+07,5.99142e+07,5.98881e+07,5.98841e+07,5.31839e+06,4.13908e+06,1.44481e+07,1.4563e+07,5.99114e+07,5.96162e+07,5.87025e+07,8.53096e+06,9.57096e+06,2.275e+07,
73,5.99163e+07,5.022e+07,5.91843e+07,5.70394e+07,5.30025e+07,2.40384e+07,1.64096e+07,3.91903e+07,1.09073e+07,5.262e+07,5.22786e+07,5.83147e+07,2.43772e+07,5.91771e+07,5.99062e+07,5.99148e+07,5.98914e+07,5.98876e+07,5.63878e+06,4.33466e+06,1.51999e+07,1.51932e+07,5.99122e+07,5.96397e+07,5.87943e+07,8.81391e+06,1.0064e+07,2.35994e+07,
74,5.99164e+07,5.0695e+07,5.92482e+07,5.72883e+07,5.34634e+07,2.48989e+07,1.72092e+07,4.00373e+07,1.10832e+07,5.29328e+07,5.27019e+07,5.84157e+07,2.49078e+07,5.92336e+07,5.99082e+07,5.99152e+07,5.98943e+07,5.98907e+07,5.97696e+06,4.53683e+06,1.59797e+07,1.58385e+07,5.99129e+07,5.96614e+07,5.88792e+07,9.10454e+06,1.05742e+07,2.44552e+07,
75,5.99165e+07,5.11525e+07,5.93066e+07,5.7517e+07,5.38988e+07,2.57637e+07,1.80348e+07,4.08717e+07,1.1259e+07,5.32339e+07,5.31053e+07,5.85105e+07,2.54368e+07,5.92858e+07,5.99098e+07,5.99155e+07,5.98969e+07,5.98935e+07,6.33378e+06,4.74568e+06,1.67875e+07,1.64985e+07,5.99135e+07,5.96814e+07,5.89579e+07,9.40309e+06,1.11016e+07,2.5316e+07,
76,5.99166e+07,5.15926e+07,5.93599e+07,5.7727e+07,5.43096e+07,2.66314e+07,1.88859e+07,4.16924e+07,1.14344e+07,5.35237e+07,5.34893e+07,5.85995e+07,2.59638e+07,5.9334e+07,5.99111e+07,5.99158e+07,5.98991e+07,5.9896e+07,6.71017e+06,4.9613e+06,1.76234e+07,1.71728e+07,5.9914e+07,5.96998e+07,5.90307e+07,9.70979e+06,1.1646e+07,2.61804e+07,
77,5.99167e+07,5.20156e+07,5.94086e+07,5.79196e+07,5.46967e+07,2.75007e+07,1.97617e+07,4.24981e+07,1.16097e+07,5.38023e+07,5.38546e+07,5.8683e+07,2.64884e+07,5.93786e+07,5.99122e+07,5.9916e+07,5.99012e+07,5.98983e+07,7.10705e+06,5.1838e+06,1.8487e+07,1.78609e+07,5.99145e+07,5.97168e+07,5.9098e+07,1.00249e+07,1.22074e+07,2.7047e+07,
78,5.99167e+07,5.24218e+07,5.94531e+07,5.80962e+07,5.50609e+07,2.83701e+07,2.06612e+07,4.32877e+07,1.17846e+07,5.40702e+07,5.42017e+07,5.87614e+07,2.70106e+07,5.94198e+07,5.99131e+07,5.99162e+07,5.9903e+07,5.99003e+07,7.52537e+06,5.41327e+06,1.93779e+07,1.85625e+07,5.99148e+07,5.97324e+07,5.91604e+07,1.03486e+07,1.27856e+07,2.79145e+07,
79,5.99168e+07,5.28114e+07,5.94936e+07,5.82579e+07,5.54031e+07,2.92384e+07,2.15835e+07,4.40601e+07,1.19593e+07,5.43277e+07,5.45313e+07,5.88349e+07,2.75299e+07,5.94579e+07,5.99138e+07,5.99164e+07,5.99046e+07,5.9902e+07,7.96614e+06,5.64981e+06,2.02958e+07,1.92768e+07,5.99152e+07,5.97469e+07,5.9218e+07,1.06813e+07,1.33804e+07,2.87814e+07,
80,5.99168e+07,5.31847e+07,5.95306e+07,5.84059e+07,5.57242e+07,3.01042e+07,2.25271e+07,4.48142e+07,1.21338e+07,5.45749e+07,5.4844e+07,5.89038e+07,2.80461e+07,5.94931e+07,5.99144e+07,5.99165e+07,5.9906e+07,5.99036e+07,8.43034e+06,5.89351e+06,2.12398e+07,2.00034e+07,5.99154e+07,5.97602e+07,5.92713e+07,1.1023e+07,1.39914e+07,2.96466e+07,
81,5.99169e+07,5.35422e+07,5.95644e+07,5.85413e+07,5.60252e+07,3.09662e+07,2.34907e+07,4.55492e+07,1.23079e+07,5.48124e+07,5.51405e+07,5.89684e+07,2.85589e+07,5.95256e+07,5.99149e+07,5.99166e+07,5.99072e+07,5.99051e+07,8.919e+06,6.14448e+06,2.22092e+07,2.07416e+07,5.99157e+07,5.97725e+07,5.93207e+07,1.13741e+07,1.46185e+07,3.05086e+07,
82,5.99169e+07,5.3884e+07,5.95953e+07,5.86651e+07,5.6307e+07,3.18233e+07,2.44727e+07,4.62643e+07,1.24818e+07,5.50403e+07,5.54213e+07,5.9029e+07,2.90682e+07,5.95556e+07,5.99153e+07,5.99167e+07,5.99083e+07,5.99063e+07,9.43314e+06,6.40281e+06,2.32029e+07,2.14908e+07,5.99159e+07,5.97838e+07,5.93662e+07,1.17347e+07,1.52613e+07,3.13661e+07,
83,5.99169e+07,5.42107e+07,5.96234e+07,5.87782e+07,5.65705e+07,3.26742e+07,2.54712e+07,4.69586e+07,1.26553e+07,5.52589e+07,5.56871e+07,5.90857e+07,2.95737e+07,5.95833e+07,5.99156e+07,5.99168e+07,5.99093e+07,5.99075e+07,9.97379e+06,6.6686e+06,2.42197e+07,2.22504e+07,5.99161e+07,5.97942e+07,5.94084e+07,1.2105e+07,1.59192e+07,3.22181e+07,
84,5.99169e+07,5.45225e+07,5.96491e+07,5.88815e+07,5.68167e+07,3.35177e+07,2.64842e+07,4.76316e+07,1.28285e+07,5.54686e+07,5.59386e+07,5.91389e+07,3.00752e+07,5.96089e+07,5.99159e+07,5.99168e+07,5.99102e+07,5.99085e+07,1.05419e+07,6.94195e+06,2.52583e+07,2.30195e+07,5.99162e+07,5.98038e+07,5.94473e+07,1.24854e+07,1.65919e+07,3.30633e+07,
85,5.9917e+07,5.48199e+07,5.96725e+07,5.89757e+07,5.70464e+07,3.43529e+07,2.75098e+07,4.82828e+07,1.30014e+07,5.56696e+07,5.61764e+07,5.91888e+07,3.05726e+07,5.96326e+07,5.99161e+07,5.99169e+07,5.9911e+07,5.99094e+07,1.11386e+07,7.22298e+06,2.63169e+07,2.37975e+07,5.99163e+07,5.98127e+07,5.94833e+07,1.28758e+07,1.72788e+07,3.39006e+07,
86,5.9917e+07,5.51034e+07,5.96939e+07,5.90617e+07,5.72605e+07,3.51786e+07,2.85456e+07,4.89117e+07,1.31739e+07,5.58623e+07,5.6401e+07,5.92355e+07,3.10655e+07,5.96544e+07,5.99163e+07,5.99169e+07,5.99117e+07,5.99102e+07,1.17648e+07,7.51176e+06,2.73937e+07,2.45836e+07,5.99164e+07,5.98208e+07,5.95166e+07,1.32766e+07,1.79794e+07,3.47289e+07,
87,5.9917e+07,5.53733e+07,5.97134e+07,5.91402e+07,5.746e+07,3.59939e+07,2.95892e+07,4.95179e+07,1.33461e+07,5.60469e+07,5.66132e+07,5.92792e+07,3.1554e+07,5.96746e+07,5.99164e+07,5.99169e+07,5.99123e+07,5.9911e+07,1.24213e+07,7.80841e+06,2.84869e+07,2.53771e+07,5.99165e+07,5.98284e+07,5.95473e+07,1.36879e+07,1.86931e+07,3.55472e+07,
88,5.9917e+07,5.563e+07,5.97312e+07,5.92116e+07,5.76456e+07,3.6798e+07,3.06383e+07,5.01014e+07,1.3518e+07,5.62237e+07,5.68134e+07,5.93202e+07,3.20377e+07,5.96932e+07,5.99165e+07,5.9917e+07,5.99128e+07,5.99116e+07,1.31091e+07,8.11303e+06,2.9594e+07,2.6177e+07,5.99166e+07,5.98353e+07,5.95757e+07,1.41098e+07,1.94191e+07,3.63546e+07,
89,5.9917e+07,5.58741e+07,5.97475e+07,5.92768e+07,5.78182e+07,3.75899e+07,3.16902e+07,5.06618e+07,1.36895e+07,5.63929e+07,5.70022e+07,5.93586e+07,3.25166e+07,5.97104e+07,5.99166e+07,5.9917e+07,5.99133e+07,5.99122e+07,1.38289e+07,8.42569e+06,3.07128e+07,2.69827e+07,5.99167e+07,5.98417e+07,5.9602e+07,1.45425e+07,2.01568e+07,3.71503e+07,
90,5.9917e+07,5.6106e+07,5.97623e+07,5.93361e+07,5.79786e+07,3.83688e+07,3.27424e+07,5.11993e+07,1.38606e+07,5.6555e+07,5.71802e+07,5.93945e+07,3.29906e+07,5.97263e+07,5.99167e+07,5.9917e+07,5.99137e+07,5.99127e+07,1.45814e+07,8.7465e+06,3.18406e+07,2.77931e+07,5.99167e+07,5.98476e+07,5.96262e+07,1.49861e+07,2.09055e+07,3.79333e+07,
91,5.9917e+07,5.63261e+07,5.97758e+07,5.93901e+07,5.81275e+07,3.91342e+07,3.37922e+07,5.17138e+07,1.40314e+07,5.671e+07,5.7348e+07,5.94282e+07,3.34594e+07,5.9741e+07,5.99168e+07,5.9917e+07,5.99141e+07,5.99132e+07,1.53671e+07,9.07552e+06,3.29746e+07,2.86075e+07,5.99168e+07,5.9853e+07,5.96486e+07,1.54407e+07,2.16642e+07,3.87029e+07,
92,5.9917e+07,5.65349e+07,5.97882e+07,5.94392e+07,5.82656e+07,3.98852e+07,3.48371e+07,5.22055e+07,1.42017e+07,5.68584e+07,5.7506e+07,5.94597e+07,3.39231e+07,5.97545e+07,5.99168e+07,5.9917e+07,5.99144e+07,5.99136e+07,1.61865e+07,9.41284e+06,3.41119e+07,2.9425e+07,5.99168e+07,5.98581e+07,5.96692e+07,1.59064e+07,2.24323e+07,3.94585e+07,
93,5.99171e+07,5.67327e+07,5.97994e+07,5.94839e+07,5.83937e+07,4.06213e+07,3.58743e+07,5.26747e+07,1.43718e+07,5.70002e+07,5.76548e+07,5.94892e+07,3.43815e+07,5.9767e+07,5.99169e+07,5.9917e+07,5.99147e+07,5.9914e+07,1.70398e+07,9.75849e+06,3.52495e+07,3.02447e+07,5.99169e+07,5.98627e+07,5.96883e+07,1.63831e+07,2.32087e+07,4.01995e+07,
94,5.99171e+07,5.69202e+07,5.98097e+07,5.95246e+07,5.85123e+07,4.1342e+07,3.69015e+07,5.31217e+07,1.45414e+07,5.71359e+07,5.77949e+07,5.95168e+07,3.48345e+07,5.97786e+07,5.99169e+07,5.9917e+07,5.9915e+07,5.99143e+07,1.7927e+07,1.01125e+07,3.6384e+07,3.10657e+07,5.99169e+07,5.98669e+07,5.97059e+07,1.68711e+07,2.39927e+07,4.09252e+07,
95,5.99171e+07,5.70976e+07,5.98191e+07,5.95616e+07,5.86222e+07,4.20469e+07,3.79159e+07,5.35468e+07,1.47106e+07,5.72655e+07,5.79266e+07,5.95426e+07,3.5282e+07,5.97893e+07,5.99169e+07,5.99171e+07,5.99152e+07,5.99146e+07,1.88479e+07,1.0475e+07,3.75123e+07,3.18869e+07,5.99169e+07,5.98709e+07,5.97222e+07,1.73702e+07,2.47832e+07,4.16352e+07,
96,5.99171e+07,5.72654e+07,5.98277e+07,5.95952e+07,5.87239e+07,4.27354e+07,3.89154e+07,5.39506e+07,1.48794e+07,5.73895e+07,5.80505e+07,5.95668e+07,3.5724e+07,5.97991e+07,5.9917e+07,5.99171e+07,5.99155e+07,5.99148e+07,1.98022e+07,1.08458e+07,3.86311e+07,3.27076e+07,5.9917e+07,5.98745e+07,5.97372e+07,1.78804e+07,2.55794e+07,4.2329e+07,
97,5.99171e+07,5.74241e+07,5.98355e+07,5.96257e+07,5.88179e+07,4.34073e+07,3.98976e+07,5.43334e+07,1.50479e+07,5.75079e+07,5.8167e+07,5.95894e+07,3.61604e+07,5.98082e+07,5.9917e+07,5.99171e+07,5.99156e+07,5.99151e+07,2.07892e+07,1.1225e+07,3.97371e+07,3.35267e+07,5.9917e+07,5.98778e+07,5.97511e+07,1.84018e+07,2.63801e+07,4.30063e+07,
98,5.99171e+07,5.75741e+07,5.98426e+07,5.96534e+07,5.89049e+07,4.40622e+07,4.08604e+07,5.4696e+07,1.52159e+07,5.7621e+07,5.82765e+07,5.96106e+07,3.65912e+07,5.98166e+07,5.9917e+07,5.99171e+07,5.99158e+07,5.99153e+07,2.18079e+07,1.16126e+07,4.08269e+07,3.43433e+07,5.9917e+07,5.98809e+07,5.97639e+07,1.89342e+07,2.71845e+07,4.36668e+07,
99,5.99171e+07,5.77157e+07,5.98491e+07,5.96786e+07,5.89852e+07,4.46999e+07,4.18018e+07,5.50388e+07,1.53835e+07,5.7729e+07,5.83794e+07,5.96304e+07,3.70163e+07,5.98243e+07,5.9917e+07,5.99171e+07,5.99159e+07,5.99155e+07,2.28571e+07,1.20084e+07,4.18974e+07,3.51565e+07,5.9917e+07,5.98837e+07,5.97757e+07,1.94776e+07,2.79914e+07,4.43103e+07,
100,5.99171e+07,5.78493e+07,5.9855e+07,5.97015e+07,5.90594e+07,4.53203e+07,4.272e+07,5.53625e+07,1.55507e+07,5.78322e+07,5.8476e+07,5.9649e+07,3.74357e+07,5.98314e+07,5.9917e+07,5.99171e+07,5.99161e+07,5.99157e+07,2.39351e+07,1.24124e+07,4.29455e+07,3.59652e+07,5.9917e+07,5.98863e+07,5.97867e+07,2.00317e+07,2.87999e+07,4.49365e+07,
101,5.99171e+07,5.79754e+07,5.98605e+07,5.97222e+07,5.91279e+07,4.59232e+07,4.36134e+07,5.56678e+07,1.57175e+07,5.79306e+07,5.85667e+07,5.96663e+07,3.78494e+07,5.9838e+07,5.9917e+07,5.99171e+07,5.99162e+07,5.99158e+07,2.50402e+07,1.28243e+07,4.39682e+07,3.67685e+07,5.9917e+07,5.98887e+07,5.97967e+07,2.05965e+07,2.96089e+07,4.55453e+07,
102,5.99171e+07,5.7983e+07,5.98606e+07,5.97232e+07,5.91321e+07,4.59761e+07,4.36964e+07,5.56903e+07,1.57302e+07,5.79344e+07,5.8571e+07,5.96667e+07,3.78769e+07,5.98382e+07,5.9917e+07,5.99171e+07,5.99162e+07,5.99158e+07,2.51704e+07,1.28672e+07,4.40724e+07,3.68499e+07,5.9917e+07,5.98888e+07,5.9797e+07,2.06636e+07,2.96974e+07,4.55993e+07,
103,5.99171e+07,5.79833e+07,5.98606e+07,5.97232e+07,5.91323e+07,4.59789e+07,4.37007e+07,5.56913e+07,1.5731e+07,5.79345e+07,5.85711e+07,5.96667e+07,3.7878e+07,5.98382e+07,5.9917e+07,5.99171e+07,5.99162e+07,5.99158e+07,2.51788e+07,1.28697e+07,4.40785e+07,3.68546e+07,5.9917e+07,5.98888e+07,5.9797e+07,2.06684e+07,2.9703e+07,4.56023e+07,
104,5.99171e+07,5.79833e+07,5.98606e+07,5.97232e+07,5.91323e+07,4.59791e+07,4.37009e+07,5.56913e+07,1.57311e+07,5.79345e+07,5.85711e+07,5.96667e+07,3.7878e+07,5.98382e+07,5.9917e+07,5.99171e+07,5.99162e+07,5.99158e+07,2.51792e+07,1.28698e+07,4.40788e+07,3.68548e+07,5.9917e+07,5.98888e+07,5.9797e+07,2.06686e+07,2.97032e+07,4.56024e+07,
105,5.99171e+07,5.79833e+07,5.98606e+07,5.97232e+07,5.91323e+07,4.59791e+07,4.37009e+07,5.56913e+07,1.57311e+07,5.79345e+07,5.85711e+07,5.96667e+07,3.7878e+07,5.98382e+07,5.9917e+07,5.99171e+07,5.99162e+07,5.99158e+07,2.51792e+07,1.28698e+07,4.40788e+07,3.68548e+07,5.9917e+07,5.98888e+07,5.9797e+07,2.06686e+07,2.97033e+07,4.56024e+07,
106,5.99171e+07,5.79833e+07,5.98606e+07,5.97232e+07,5.91323e+07,4.59791e+07,4.37009e+07,5.56913e+07,1.57311e+07,5.79345e+07,5.85711e+07,5.96667e+07,3.7878e+07,5.98382e+07,5.9917e+07,5.99171e+07,5.99162e+07,5.99158e+07,2.51792e+07,1.28698e+07,4.40788e+07,3.68548e+07,5.9917e+07,5.98888e+07,5.9797e+07,2.06686e+07,2.97033e+07,4.56024e+07,
107,5.99171e+07,5.79833e+07,5.98606e+07,5.97232e+07,5.91323e+07,4.59791e+07,4.37009e+07,5.56913e+07,1.57311e+07,5.79345e+07,5.85711e+07,5.96667e+07,3.7878e+07,5.98382e+07,5.9917e+07,5.99171e+07,5.99162e+07,5.99158e+07,2.51792e+07,1.28698e+07,4.40788e+07,3.68548e+07,5.9917e+07,5.98888e+07,5.9797e+07,2.06686e+07,2.97033e+07,4.56024e+07,
108,5.99171e+07,5.79833e+07,5.98606e+07,5.97232e+07,5.91323e+07,4.59791e+07,4.37009e+07,5.56913e+07,1.57311e+07,5.79345e+07,5.85711e+07,5.96667e+07,3.7878e+07,5.98382e+07,5.9917e+07,5.99171e+07,5.99162e+07,5.99158e+07,2.51792e+07,1.28698e+07,4.40788e+07,3.68548e+07,5.9917e+07,5.98888e+07,5.9797e+07,2.06686e+07,2.97033e+07,4.56024e+07,
109,5.99171e+07,5.79833e+07,5.98606e+07,5.97232e+07,5.91323e+07,4.59791e+07,4.37009e+07,5.56913e+07,1.57311e+07,5.79345e+07,5.85711e+07,5.96667e+07,3.7878e+07,5.98382e+07,5.9917e+07,5.99171e+07,5.99162e+07,5.99158e+07,2.51792e+07,1.28698e+07,4.40788e+07,3.68548e+07,5.9917e+07,5.98888e+07,5.9797e+07,2.06686e+07,2.97033e+07,4.56024e+07,
110,5.99171e+07,5.79833e+07,5.98606e+07,5.97232e+07,5.91323e+07,4.59791e+07,4.37009e+07,5.56913e+07,1.57311e+07,5.79345e+07,5.85711e+07,5.96667e+07,3.7878e+07,5.98382e+07,5.9917e+07,5.99171e+07,5.99162e+07,5.99158e+07,2.51792e+07,1.28698e+07,4.40788e+07,3.68548e+07,5.9917e+07,5.98888e+07,5.9797e+07,2.06686e+07,2.97033e+07,4.56024e+07,
111,5.99171e+07,5.79833e+07,5.98606e+07,5.97232e+07,5.91323e+07,4.59791e+07,4.37009e+07,5.56913e+07,1.57311e+07,5.79345e+07,5.85711e+07,5.96667e+07,3.7878e+07,5.98382e+07,5.9917e+07,5.99171e+07,5.99162e+07,5.99158e+07,2.51792e+07,1.28698e+07,4.40788e+07,3.68548e+07,5.9917e+07,5.98888e+07,5.9797e+07,2.06686e+07,2.97033e+07,4.56024e+07,
112,5.99171e+07,5.79833e+07,5.98606e+07,5.97232e+07,5.91323e+07,4.59791e+07,4.37009e+07,5.56913e+07,1.57311e+07,5.79345e+07,5.85711e+07,5.96667e+07,3.7878e+07,5.98382e+07,5.9917e+07,5.99171e+07,5.99162e+07,5.99158e+07,2.51792e+07,1.28698e+07,4.40788e+07,3.68548e+07,5.9917e+07,5.98888e+07,5.9797e+07,2.06686e+07,2.97033e+07,4.56024e+07,
113,5.99171e+07,5.79833e+07,5.98606e+07,5.97232e+07,5.91323e+07,4.59791e+07,4.37009e+07,5.56913e+07,1.57311e+07,5.79345e+07,5.85711e+07,5.96667e+07,3.7878e+07,5.98382e+07,5.9917e+07,5.99171e+07,5.99162e+07,5.99158e+07,2.51792e+07,1.28698e+07,4.40788e+07,3.68548e+07,5.9917e+07,5.98888e+07,5.9797e+07,2.06686e+07,2.97033e+07,4.56024e+07,
114,5.99171e+07,5.79833e+07,5.98606e+07,5.97232e+07,5.91323e+07,4.59791e+07,4.37009e+07,5.56913e+07,1.57311e+07,5.79345e+07,5.85711e+07,5.96667e+07,3.7878e+07,5.98382e+07,5.9917e+07,5.99171e+07,5.99162e+07,5.99158e+07,2.51792e+07,1.28698e+07,4.40788e+07,3.68548e+07,5.9917e+07,5.98888e+07,5.9797e+07,2.06686e+07,2.97033e+07,4.56024e+07,
115,5.99171e+07,5.79833e+07,5.98606e+07,5.97232e+07,5.91323e+07,4.59791e+07,4.37009e+07,5.56913e+07,1.57311e+07,5.79345e+07,5.85711e+07,5.96667e+07,3.7878e+07,5.98382e+07,5.9917e+07,5.99171e+07,5.99162e+07,5.99158e+07,2.51792e+07,1.28698e+07,4.40788e+07,3.68548e+07,5.9917e+07,5.98888e+07,5.9797e+07,2.06686e+07,2.97033e+07,4.56024e+07,
116,5.99171e+07,5.79833e+07,5.98606e+07,5.97232e+07,5.91323e+07,4.59791e+07,4.37009e+07,5.56913e+07,1.57311e+07,5.79345e+07,5.85711e+07,5.96667e+07,3.7878e+07,5.98382e+07,5.9917e+07,5.99171e+07,5.99162e+07,5.99158e+07,2.51792e+07,1.28698e+07,4.40788e+07,3.68548e+07,5.9917e+07,5.98888e+07,5.9797e+07,2.06686e+07,2.97033e+07,4.56024e+07,
117,5.99171e+07,5.79833e+07,5.98606e+07,5.97232e+07,5.91323e+07,4.59791e+07,4.37009e+07,5.56913e+07,1.57311e+07,5.79345e+07,5.85711e+07,5.96667e+07,3.7878e+07,5.98382e+07,5.9917e+07,5.99171e+07,5.99162e+07,5.99158e+07,2.51792e+07,1.28698e+07,4.40788e+07,3.68548e+07,5.9917e+07,5.98888e+07,5.9797e+07,2.06686e+07,2.97033e+07,4.56024e+07,
118,5.99171e+07,5.79833e+07,5.98606e+07,5.97232e+07,5.91323e+07,4.59791e+07,4.37009e+07,5.56913e+07,1.57311e+07,5.79345e+07,5.85711e+07,5.96667e+07,3.7878e+07,5.98382e+07,5.9917e+07,5.99171e+07,5.99162e+07,5.99158e+07,2.51792e+07,1.28698e+07,4.40788e+07,3.68548e+07,5.9917e+07,5.98888e+07,5.9797e+07,2.06686e+07,2.97033e+07,4.56024e+07,
119,5.99171e+07,5.79833e+07,5.98606e+07,5.97232e+07,5.91323e+07,4.59791e+07,4.37009e+07,5.56913e+07,1.57311e+07,5.79345e+07,5.85711e+07,5.96667e+07,3.7878e+07,5.98382e+07,5.9917e+07,5.99171e+07,5.99162e+07,5.99158e+07,2.51792e+07,1.28698e+07,4.40788e+07,3.68548e+07,5.9917e+07,5.98888e+07,5.9797e+07,2.06686e+07,2.97033e+07,4.56024e+07,
120,5.99171e+07,5.79833e+07,5.98606e+07,5.97232e+07,5.91323e+07,4.59791e+07,4.37009e+07,5.56913e+07,1.57311e+07,5.79345e+07,5.85711e+07,5.96667e+07,3.7878e+07,5.98382e+07,5.9917e+07,5.99171e+07,5.99162e+07,5.99158e+07,2.51792e+07,1.28698e+07,4.40788e+07,3.68548e+07,5.9917e+07,5.98888e+07,5.9797e+07,2.06686e+07,2.97033e+07,4.56024e+07,
121,5.99171e+07,5.79833e+07,5.98606e+07,5.97232e+07,5.91323e+07,4.59791e+07,4.37009e+07,5.56913e+07,1.57311e+07,5.79345e+07,5.85711e+07,5.96667e+07,3.7878e+07,5.98382e+07,5.9917e+07,5.99171e+07,5.99162e+07,5.99158e+07,2.51792e+07,1.28698e+07,4.40788e+07,3.68548e+07,5.9917e+07,5.98888e+07,5.9797e+07,2.06686e+07,2.97033e+07,4.56024e+07,
122,5.99171e+07,5.79833e+07,5.98606e+07,5.97232e+07,5.91323e+07,4.59791e+07,4.37009e+07,5.56913e+07,1.57311e+07,5.79345e+07,5.85711e+07,5.96667e+07,3.7878e+07,5.98382e+07,5.9917e+07,5.99171e+07,5.99162e+07,5.99158e+07,2.51792e+07,1.28698e+07,4.40788e+07,3.68548e+07,5.9917e+07,5.98888e+07,5.9797e+07,2.06686e+07,2.97033e+07,4.56024e+07,
123,5.99171e+07,5.79833e+07,5.98606e+07,5.97232e+07,5.91323e+07,4.59791e+07,4.37009e+07,5.56913e+07,1.57311e+07,5.79345e+07,5.85711e+07,5.96667e+07,3.7878e+07,5.98382e+07,5.9917e+07,5.99171e+07,5.99162e+07,5.99158e+07,2.51792e+07,1.28698e+07,4.40788e+07,3.68548e+07,5.9917e+07,5.98888e+07,5.9797e+07,2.06686e+07,2.97033e+07,4.56024e+07,
124,5.99171e+07,5.79833e+07,5.98606e+07,5.97232e+07,5.91323e+07,4.59791e+07,4.37009e+07,5.56913e+07,1.57311e+07,5.79345e+07,5.85711e+07,5.96667e+07,3.7878e+07,5.98382e+07,5.9917e+07,5.99171e+07,5.99162e+07,5.99158e+07,2.51792e+07,1.28698e+07,4.40788e+07,3.68548e+07,5.9917e+07,5.98888e+07,5.9797e+07,2.06686e+07,2.97033e+07,4.56024e+07,
125,5.99171e+07,5.79833e+07,5.98606e+07,5.97232e+07,5.91323e+07,4.59791e+07,4.37009e+07,5.56913e+07,1.57311e+07,5.79345e+07,5.85711e+07,5.96667e+07,3.7878e+07,5.98382e+07,5.9917e+07,5.99171e+07,5.99162e+07,5.99158e+07,2.51792e+07,1.28698e+07,4.40788e+07,3.68548e+07,5.9917e+07,5.98888e+07,5.9797e+07,2.06686e+07,2.97033e+07,4.56024e+07,
126,5.99171e+07,5.79833e+07,5.98606e+07,5.97232e+07,5.91323e+07,4.59791e+07,4.37009e+07,5.56913e+07,1.57311e+07,5.79345e+07,5.85711e+07,5.96667e+07,3.7878e+07,5.98382e+07,5.9917e+07,5.99171e+07,5.99162e+07,5.99158e+07,2.51792e+07,1.28698e+07,4.40788e+07,3.68548e+07,5.9917e+07,5.98888e+07,5.9797e+07,2.06686e+07,2.97033e+07,4.56024e+07,
127,5.99171e+07,5.79833e+07,5.98606e+07,5.97232e+07,5.91323e+07,4.59791e+07,4.37009e+07,5.56913e+07,1.57311e+07,5.79345e+07,5.85711e+07,5.96667e+07,3.7878e+07,5.98382e+07,5.9917e+07,5.99171e+07,5.99162e+07,5.99158e+07,2.51792e+07,1.28698e+07,4.40788e+07,3.68548e+07,5.9917e+07,5.98888e+07,5.9797e+07,2.06686e+07,2.97033e+07,4.56024e+07,
128,5.99171e+07,5.79833e+07,5.98606e+07,5.97232e+07,5.91323e+07,4.59791e+07,4.37009e+07,5.56913e+07,1.57311e+07,5.79345e+07,5.85711e+07,5.96667e+07,3.7878e+07,5.98382e+07,5.9917e+07,5.99171e+07,5.99162e+07,5.99158e+07,2.51792e+07,1.28698e+07,4.40788e+07,3.68548e+07,5.9917e+07,5.98888e+07,5.9797e+07,2.06686e+07,2.97033e+07,4.56024e+07,
129,5.99171e+07,5.79833e+07,5.98606e+07,5.97232e+07,5.91323e+07,4.59791e+07,4.37009e+07,5.56913e+07,1.57311e+07,5.79345e+07,5.85711e+07,5.96667e+07,3.7878e+07,5.98382e+07,5.9917e+07,5.99171e+07,5.99162e+07,5.99158e+07,2.51792e+07,1.28698e+07,4.40788e+07,3.68548e+07,5.9917e+07,5.98888e+07,5.9797e+07,2.06686e+07,2.97033e+07,4.56024e+07,
130,5.99171e+07,5.79833e+07,5.98606e+07,5.97232e+07,5.91323e+07,4.59791e+07,4.37009e+07,5.56913e+07,1.57311e+07,5.79345e+07,5.85711e+07,5.96667e+07,3.7878e+07,5.98382e+07,5.9917e+07,5.99171e+07,5.99162e+07,5.99158e+07,2.51792e+07,1.28698e+07,4.40788e+07,3.68548e+07,5.9917e+07,5.98888e+07,5.9797e+07,2.06686e+07,2.97033e+07,4.56024e+07,
131,5.99171e+07,5.79833e+07,5.98606e+07,5.97232e+07,5.91323e+07,4.59791e+07,4.37009e+07,5.56913e+07,1.57311e+07,5.79345e+07,5.85711e+07,5.96667e+07,3.7878e+07,5.98382e+07,5.9917e+07,5.99171e+07,5.99162e+07,5.99158e+07,2.51792e+07,1.28698e+07,4.40788e+07,3.68548e+07,5.9917e+07,5.98888e+07,5.9797e+07,2.06686e+07,2.97033e+07,4.56024e+07,
132,5.99171e+07,5.79833e+07,5.98606e+07,5.97232e+07,5.91323e+07,4.59791e+07,4.37009e+07,5.56913e+07,1.57311e+07,5.79345e+07,5.85711e+07,5.96667e+07,3.7878e+07,5.98382e+07,5.9917e+07,5.99171e+07,5.99162e+07,5.99158e+07,2.51792e+07,1.28698e+07,4.40788e+07,3.68548e+07,5.9917e+07,5.98888e+07,5.9797e+07,2.06686e+07,2.97033e+07,4.56024e+07,
133,5.99171e+07,5.79833e+07,5.98606e+07,5.97232e+07,5.91323e+07,4.59791e+07,4.37009e+07,5.56913e+07,1.57311e+07,5.79345e+07,5.85711e+07,5.96667e+07,3.7878e+07,5.98382e+07,5.9917e+07,5.99171e+07,5.99162e+07,5.99158e+07,2.51792e+07,1.28698e+07,4.40788e+07,3.68548e+07,5.9917e+07,5.98888e+07,5.9797e+07,2.06686e+07,2.97033e+07,4.56024e+07,
134,5.99171e+07,5.79833e+07,5.98606e+07,5.97232e+07,5.91323e+07,4.59791e+07,4.37009e+07,5.56913e+07,1.57311e+07,5.79345e+07,5.85711e+07,5.96667e+07,3.7878e+07,5.98382e+07,5.9917e+07,5.99171e+07,5.99162e+07,5.99158e+07,2.51792e+07,1.28698e+07,4.40788e+07,3.68548e+07,5.9917e+07,5.98888e+07,5.9797e+07,2.06686e+07,2.97033e+07,4.56024e+07,
135,5.99171e+07,5.79833e+07,5.98606e+07,5.97232e+07,5.91323e+07,4.59791e+07,4.37009e+07,5.56913e+07,1.57311e+07,5.79345e+07,5.85711e+07,5.96667e+07,3.7878e+07,5.98382e+07,5.9917e+07,5.99171e+07,5.99162e+07,5.99158e+07,2.51792e+07,1.28698e+07,4.40788e+07,3.68548e+07,5.9917e+07,5.98888e+07,5.9797e+07,2.06686e+07,2.97033e+07,4.56024e+07,
136,5.99171e+07,5.79833e+07,5.98606e+07,5.97232e+07,5.91323e+07,4.59791e+07,4.37009e+07,5.56913e+07,1.57311e+07,5.79345e+07,5.85711e+07,5.96667e+07,3.7878e+07,5.98382e+07,5.9917e+07,5.99171e+07,5.99162e+07,5.99158e+07,2.51792e+07,1.28698e+07,4.40788e+07,3.68548e+07,5.9917e+07,5.98888e+07,5.9797e+07,2.06686e+07,2.97033e+07,4.56024e+07,
137,5.99171e+07,5.79833e+07,5.98606e+07,5.97232e+07,5.91323e+07,4.59791e+07,4.37009e+07,5.56913e+07,1.57311e+07,5.79345e+07,5.85711e+07,5.96667e+07,3.7878e+07,5.98382e+07,5.9917e+07,5.99171e+07,5.99162e+07,5.99158e+07,2.51792e+07,1.28698e+07,4.40788e+07,3.68548e+07,5.9917e+07,5.98888e+07,5.9797e+07,2.06686e+07,2.97033e+07,4.56024e+07,
138,5.99171e+07,5.79833e+07,5.98606e+07,5.97232e+07,5.91323e+07,4.59791e+07,4.37009e+07,5.56913e+07,1.57311e+07,5.79345e+07,5.85711e+07,5.96667e+07,3.7878e+07,5.98382e+07,5.9917e+07,5.99171e+07,5.99162e+07,5.99158e+07,2.51792e+07,1.28698e+07,4.40788e+07,3.68548e+07,5.9917e+07,5.98888e+07,5.9797e+07,2.06686e+07,2.97033e+07,4.56024e+07,
139,5.99171e+07,5.79833e+07,5.98606e+07,5.97232e+07,5.91323e+07,4.59791e+07,4.37009e+07,5.56913e+07,1.57311e+07,5.79345e+07,5.85711e+07,5.96667e+07,3.7878e+07,5.98382e+07,5.9917e+07,5.99171e+07,5.99162e+07,5.99158e+07,2.51792e+07,1.28698e+07,4.40788e+07,3.68548e+07,5.9917e+07,5.98888e+07,5.9797e+07,2.06686e+07,2.97033e+07,4.56024e+07,
140,5.99171e+07,5.79833e+07,5.98606e+07,5.97232e+07,5.91323e+07,4.59791e+07,4.37009e+07,5.56913e+07,1.57311e+07,5.79345e+07,5.85711e+07,5.96667e+07,3.7878e+07,5.98382e+07,5.9917e+07,5.99171e+07,5.99162e+07,5.99158e+07,2.51792e+07,1.28698e+07,4.40788e+07,3.68548e+07,5.9917e+07,5.98888e+07,5.9797e+07,2.06686e+07,2.97033e+07,4.56024e+07,
141,5.99171e+07,5.79833e+07,5.98606e+07,5.97232e+07,5.91323e+07,4.59791e+07,4.37009e+07,5.56913e+07,1.57311e+07,5.79345e+07,5.85711e+07,5.96667e+07,3.7878e+07,5.98382e+07,5.9917e+07,5.99171e+07,5.99162e+07,5.99158e+07,2.51792e+07,1.28698e+07,4.40788e+07,3.68548e+07,5.9917e+07,5.98888e+07,5.9797e+07,2.06686e+07,2.97033e+07,4.56024e+07,
142,5.99171e+07,5.79833e+07,5.98606e+07,5.97232e+07,5.91323e+07,4.59791e+07,4.37009e+07,5.56913e+07,1.57311e+07,5.79345e+07,5.85711e+07,5.96667e+07,3.7878e+07,5.98382e+07,5.9917e+07,5.99171e+07,5.99162e+07,5.99158e+07,2.51792e+07,1.28698e+07,4.40788e+07,3.68548e+07,5.9917e+07,5.98888e+07,5.9797e+07,2.06686e+07,2.97033e+07,4.56024e+07,
143,5.99171e+07,5.79833e+07,5.98606e+07,5.97232e+07,5.91323e+07,4.59791e+07,4.37009e+07,5.56913e+07,1.57311e+07,5.79345e+07,5.85711e+07,5.96667e+07,3.7878e+07,5.98382e+07,5.9917e+07,5.99171e+07,5.99162e+07,5.99158e+07,2.51792e+07,1.28698e+07,4.40788e+07,3.68548e+07,5.9917e+07,5.98888e+07,5.9797e+07,2.06686e+07,2.97033e+07,4.56024e+07,
144,5.99171e+07,5.79833e+07,5.98606e+07,5.97232e+07,5.91323e+07,4.59791e+07,4.37009e+07,5.56913e+07,1.57311e+07,5.79345e+07,5.85711e+07,5.96667e+07,3.7878e+07,5.98382e+07,5.9917e+07,5.99171e+07,5.99162e+07,5.99158e+07,2.51792e+07,1.28698e+07,4.40788e+07,3.68548e+07,5.9917e+07,5.98888e+07,5.9797e+07,2.06686e+07,2.97033e+07,4.56024e+07,
145,5.99171e+07,5.79833e+07,5.98606e+07,5.97232e+07,5.91323e+07,4.59791e+07,4.37009e+07,5.56913e+07,1.57311e+07,5.79345e+07,5.85711e+07,5.96667e+07,3.7878e+07,5.98382e+07,5.9917e+07,5.99171e+07,5.99162e+07,5.99158e+07,2.51792e+07,1.28698e+07,4.40788e+07,3.68548e+07,5.9917e+07,5.98888e+07,5.9797e+07,2.06686e+07,2.97033e+07,4.56024e+07,
146,5.99171e+07,5.79833e+07,5.98606e+07,5.97232e+07,5.91323e+07,4.59791e+07,4.37009e+07,5.56913e+07,1.57311e+07,5.79345e+07,5.85711e+07,5.96667e+07,3.7878e+07,5.98382e+07,5.9917e+07,5.99171e+07,5.99162e+07,5.99158e+07,2.51792e+07,1.28698e+07,4.40788e+07,3.68548e+07,5.9917e+07,5.98888e+07,5.9797e+07,2.06686e+07,2.97033e+07,4.56024e+07,
147,5.99171e+07,5.79833e+07,5.98606e+07,5.97232e+07,5.91323e+07,4.59791e+07,4.37009e+07,5.56913e+07,1.57311e+07,5.79345e+07,5.85711e+07,5.96667e+07,3.7878e+07,5.98382e+07,5.9917e+07,5.99171e+07,5.99162e+07,5.99158e+07,2.51792e+07,1.28698e+07,4.40788e+07,3.68548e+07,5.9917e+07,5.98888e+07,5.9797e+07,2.06686e+07,2.97033e+07,4.56024e+07,
148,5.99171e+07,5.79833e+07,5.98606e+07,5.97232e+07,5.91323e+07,4.59791e+07,4.37009e+07,5.56913e+07,1.57311e+07,5.79345e+07,5.85711e+07,5.96667e+07,3.7878e+07,5.98382e+07,5.9917e+07,5.99171e+07,5.99162e+07,5.99158e+07,2.51792e+07,1.28698e+07,4.40788e+07,3.68548e+07,5.9917e+07,5.98888e+07,5.9797e+07,2.06686e+07,2.97033e+07,4.56024e+07,
149,5.99171e+07,5.79833e+07,5.98606e+07,5.97232e+07,5.91323e+07,4.59791e+07,4.37009e+07,5.56913e+07,1.57311e+07,5.79345e+07,5.85711e+07,5.96667e+07,3.7878e+07,5.98382e+07,5.9917e+07,5.99171e+07,5.99162e+07,5.99158e+07,2.51792e+07,1.28698e+07,4.40788e+07,3.68548e+07,5.9917e+07,5.98888e+07,5.9797e+07,2.06686e+07,2.97033e+07,4.56024e+07,
150,5.99171e+07,5.79833e+07,5.98606e+07,5.97232e+07,5.91323e+07,4.59791e+07,4.37009e+07,5.56913e+07,1.57311e+07,5.79345e+07,5.85711e+07,5.96667e+07,3.7878e+07,5.98382e+07,5.9917e+07,5.99171e+07,5.99162e+07,5.99158e+07,2.51792e+07,1.28698e+07,4.40788e+07,3.68548e+07,5.9917e+07,5.98888e+07,5.9797e+07,2.06686e+07,2.97033e+07,4.56024e+07,
151,5.99171e+07,5.79833e+07,5.98606e+07,5.97232e+07,5.91323e+07,4.59791e+07,4.37009e+07,5.56913e+07,1.57311e+07,5.79345e+07,5.85711e+07,5.96667e+07,3.7878e+07,5.98382e+07,5.9917e+07,5.99171e+07,5.99162e+07,5.99158e+07,2.51792e+07,1.28698e+07,4.40788e+07,3.68548e+07,5.9917e+07,5.98888e+07,5.9797e+07,2.06686e+07,2.97033e+07,4.56024e+07,
152,5.99171e+07,5.79833e+07,5.98606e+07,5.97232e+07,5.91323e+07,4.59791e+07,4.37009e+07,5.56913e+07,1.57311e+07,5.79345e+07,5.85711e+07,5.96667e+07,3.7878e+07,5.98382e+07,5.9917e+07,5.99171e+07,5.99162e+07,5.99158e+07,2.51792e+07,1.28698e+07,4.40788e+07,3.68548e+07,5.9917e+07,5.98888e+07,5.9797e+07,2.06686e+07,2.97033e+07,4.56024e+07,
153,5.99171e+07,5.79833e+07,5.98606e+07,5.97232e+07,5.91323e+07,4.59791e+07,4.37009e+07,5.56913e+07,1.57311e+07,5.79345e+07,5.85711e+07,5.96667e+07,3.7878e+07,5.98382e+07,5.9917e+07,5.99171e+07,5.99162e+07,5.99158e+07,2.51792e+07,1.28698e+07,4.40788e+07,3.68548e+07,5.9917e+07,5.98888e+07,5.9797e+07,2.06686e+07,2.97033e+07,4.56024e+07,
154,5.99171e+07,5.79833e+07,5.98606e+07,5.97232e+07,5.91323e+07,4.59791e+07,4.37009e+07,5.56913e+07,1.57311e+07,5.79345e+07,5.85711e+07,5.96667e+07,3.7878e+07,5.98382e+07,5.9917e+07,5.99171e+07,5.99162e+07,5.99158e+07,2.51792e+07,1.28698e+07,4.40788e+07,3.68548e+07,5.9917e+07,5.98888e+07,5.9797e+07,2.06686e+07,2.97033e+07,4.56024e+07,
155,5.99171e+07,5.79833e+07,5.98606e+07,5.97232e+07,5.91323e+07,4.59791e+07,4.37009e+07,5.56913e+07,1.57311e+07,5.79345e+07,5.85711e+07,5.96667e+07,3.7878e+07,5.98382e+07,5.9917e+07,5.99171e+07,5.99162e+07,5.99158e+07,2.51792e+07,1.28698e+07,4.40788e+07,3.68548e+07,5.9917e+07,5.98888e+07,5.9797e+07,2.06686e+07,2.97033e+07,4.56024e+07,
156,5.99171e+07,5.79833e+07,5.98606e+07,5.97232e+07,5.91323e+07,4.59791e+07,4.37009e+07,5.56913e+07,1.57311e+07,5.79345e+07,5.85711e+07,5.96667e+07,3.7878e+07,5.98382e+07,5.9917e+07,5.99171e+07,5.99162e+07,5.99158e+07,2.51792e+07,1.28698e+07,4.40788e+07,3.68548e+07,5.9917e+07,5.98888e+07,5.9797e+07,2.06686e+07,2.97033e+07,4.56024e+07,
157,5.99171e+07,5.79833e+07,5.98606e+07,5.97232e+07,5.91323e+07,4.59791e+07,4.37009e+07,5.56913e+07,1.57311e+07,5.79345e+07,5.85711e+07,5.96667e+07,3.7878e+07,5.98382e+07,5.9917e+07,5.99171e+07,5.99162e+07,5.99158e+07,2.51792e+07,1.28698e+07,4.40788e+07,3.68548e+07,5.9917e+07,5.98888e+07,5.9797e+07,2.06686e+07,2.97033e+07,4.56024e+07,
158,5.99171e+07,5.79833e+07,5.98606e+07,5.97232e+07,5.91323e+07,4.59791e+07,4.37009e+07,5.56913e+07,1.57311e+07,5.79345e+07,5.85711e+07,5.96667e+07,3.7878e+07,5.98382e+07,5.9917e+07,5.99171e+07,5.99162e+07,5.99158e+07,2.51792e+07,1.28698e+07,4.40788e+07,3.68548e+07,5.9917e+07,5.98888e+07,5.9797e+07,2.06686e+07,2.97033e+07,4.56024e+07,
159,5.99171e+07,5.79833e+07,5.98606e+07,5.97232e+07,5.91323e+07,4.59791e+07,4.37009e+07,5.56913e+07,1.57311e+07,5.79345e+07,5.85711e+07,5.96667e+07,3.7878e+07,5.98382e+07,5.9917e+07,5.99171e+07,5.99162e+07,5.99158e+07,2.51792e+07,1.28698e+07,4.40788e+07,3.68548e+07,5.9917e+07,5.98888e+07,5.9797e+07,2.06686e+07,2.97033e+07,4.56024e+07,
160,5.99171e+07,5.79833e+07,5.98606e+07,5.97232e+07,5.91323e+07,4.59791e+07,4.37009e+07,5.56913e+07,1.57311e+07,5.79345e+07,5.85711e+07,5.96667e+07,3.7878e+07,5.98382e+07,5.9917e+07,5.99171e+07,5.99162e+07,5.99158e+07,2.51792e+07,1.28698e+07,4.40788e+07,3.68548e+07,5.9917e+07,5.98888e+07,5.9797e+07,2.06686e+07,2.97033e+07,4.56024e+07,
161,5.99171e+07,5.79833e+07,5.98606e+07,5.97232e+07,5.91323e+07,4.59791e+07,4.37009e+07,5.56913e+07,1.57311e+07,5.79345e+07,5.85711e+07,5.96667e+07,3.7878e+07,5.98382e+07,5.9917e+07,5.99171e+07,5.99162e+07,5.99158e+07,2.51792e+07,1.28698e+07,4.40788e+07,3.68548e+07,5.9917e+07,5.98888e+07,5.9797e+07,2.06686e+07,2.97033e+07,4.56024e+07,
162,5.99171e+07,5.79833e+07,5.98606e+07,5.97232e+07,5.91323e+07,4.59791e+07,4.37009e+07,5.56913e+07,1.57311e+07,5.79345e+07,5.85711e+07,5.96667e+07,3.7878e+07,5.98382e+07,5.9917e+07,5.99171e+07,5.99162e+07,5.99158e+07,2.51792e+07,1.28698e+07,4.40788e+07,3.68548e+07,5.9917e+07,5.98888e+07,5.9797e+07,2.06686e+07,2.97033e+07,4.56024e+07,
163,5.99171e+07,5.79833e+07,5.98606e+07,5.97232e+07,5.91323e+07,4.59791e+07,4.37009e+07,5.56913e+07,1.57311e+07,5.79345e+07,5.85711e+07,5.96667e+07,3.7878e+07,5.98382e+07,5.9917e+07,5.99171e+07,5.99162e+07,5.99158e+07,2.51792e+07,1.28698e+07,4.40788e+07,3.68548e+07,5.9917e+07,5.98888e+07,5.9797e+07,2.06686e+07,2.97033e+07,4.56024e+07,
164,5.99171e+07,5.79833e+07,5.98606e+07,5.97232e+07,5.91323e+07,4.59791e+07,4.37009e+07,5.56913e+07,1.57311e+07,5.79345e+07,5.85711e+07,5.96667e+07,3.7878e+07,5.98382e+07,5.9917e+07,5.99171e+07,5.99162e+07,5.99158e+07,2.51792e+07,1.28698e+07,4.40788e+07,3.68548e+07,5.9917e+07,5.98888e+07,5.9797e+07,2.06686e+07,2.97033e+07,4.56024e+07,
165,5.99171e+07,5.79833e+07,5.98606e+07,5.97232e+07,5.91323e+07,4.59791e+07,4.37009e+07,5.56913e+07,1.57311e+07,5.79345e+07,5.85711e+07,5.96667e+07,3.7878e+07,5.98382e+07,5.9917e+07,5.99171e+07,5.99162e+07,5.99158e+07,2.51792e+07,1.28698e+07,4.40788e+07,3.68548e+07,5.9917e+07,5.98888e+07,5.9797e+07,2.06686e+07,2.97033e+07,4.56024e+07,
166,5.99171e+07,5.79833e+07,5.98606e+07,5.97232e+07,5.91323e+07,4.59791e+07,4.37009e+07,5.56913e+07,1.57311e+07,5.79345e+07,5.85711e+07,5.96667e+07,3.7878e+07,5.98382e+07,5.9917e+07,5.99171e+07,5.99162e+07,5.99158e+07,2.51792e+07,1.28698e+07,4.40788e+07,3.68548e+07,5.9917e+07,5.98888e+07,5.9797e+07,2.06686e+07,2.97033e+07,4.56024e+07,
167,5.99171e+07,5.79833e+07,5.98606e+07,5.97232e+07,5.91323e+07,4.59791e+07,4.37009e+07,5.56913e+07,1.57311e+07,5.79345e+07,5.85711e+07,5.96667e+07,3.7878e+07,5.98382e+07,5.9917e+07,5.99171e+07,5.99162e+07,5.99158e+07,2.51792e+07,1.28698e+07,4.40788e+07,3.68548e+07,5.9917e+07,5.98888e+07,5.9797e+07,2.06686e+07,2.97033e+07,4.56024e+07,
168,5.99171e+07,5.79833e+07,5.98606e+07,5.97232e+07,5.91323e+07,4.59791e+07,4.37009e+07,5.56913e+07,1.57311e+07,5.79345e+07,5.85711e+07,5.96667e+07,3.7878e+07,5.98382e+07,5.9917e+07,5.99171e+07,5.99162e+07,5.99158e+07,2.51792e+07,1.28698e+07,4.40788e+07,3.68548e+07,5.9917e+07,5.98888e+07,5.9797e+07,2.06686e+07,2.97033e+07,4.56024e+07,
169,5.99171e+07,5.79833e+07,5.98606e+07,5.97232e+07,5.91323e+07,4.59791e+07,4.37009e+07,5.56913e+07,1.57311e+07,5.79345e+07,5.85711e+07,5.96667e+07,3.7878e+07,5.98382e+07,5.9917e+07,5.99171e+07,5.99162e+07,5.99158e+07,2.51792e+07,1.28698e+07,4.40788e+07,3.68548e+07,5.9917e+07,5.98888e+07,5.9797e+07,2.06686e+07,2.97033e+07,4.56024e+07,
170,5.99171e+07,5.79833e+07,5.98606e+07,5.97232e+07,5.91323e+07,4.59791e+07,4.37009e+07,5.56913e+07,1.57311e+07,5.79345e+07,5.85711e+07,5.96667e+07,3.7878e+07,5.98382e+07,5.9917e+07,5.99171e+07,5.99162e+07,5.99158e+07,2.51792e+07,1.28698e+07,4.40788e+07,3.68548e+07,5.9917e+07,5.98888e+07,5.9797e+07,2.06686e+07,2.97033e+07,4.56024e+07,
171,5.99171e+07,5.79833e+07,5.98606e+07,5.97232e+07,5.91323e+07,4.59791e+07,4.37009e+07,5.56913e+07,1.57311e+07,5.79345e+07,5.85711e+07,5.96667e+07,3.7878e+07,5.98382e+07,5.9917e+07,5.99171e+07,5.99162e+07,5.99158e+07,2.51792e+07,1.28698e+07,4.40788e+07,3.68548e+07,5.9917e+07,5.98888e+07,5.9797e+07,2.06686e+07,2.97033e+07,4.56024e+07,
172,5.99171e+07,5.79833e+07,5.98606e+07,5.97232e+07,5.91323e+07,4.59791e+07,4.37009e+07,5.56913e+07,1.57311e+07,5.79345e+07,5.85711e+07,5.96667e+07,3.7878e+07,5.98382e+07,5.9917e+07,5.99171e+07,5.99162e+07,5.99158e+07,2.51792e+07,1.28698e+07,4.40788e+07,3.68548e+07,5.9917e+07,5.98888e+07,5.9797e+07,2.06686e+07,2.97033e+07,4.56024e+07,
173,5.99171e+07,5.79833e+07,5.98606e+07,5.97232e+07,5.91323e+07,4.59791e+07,4.37009e+07,5.56913e+07,1.57311e+07,5.79345e+07,5.85711e+07,5.96667e+07,3.7878e+07,5.98382e+07,5.9917e+07,5.99171e+07,5.99162e+07,5.99158e+07,2.51792e+07,1.28698e+07,4.40788e+07,3.68548e+07,5.9917e+07,5.98888e+07,5.9797e+07,2.06686e+07,2.97033e+07,4.56024e+07,
174,5.99171e+07,5.79833e+07,5.98606e+07,5.97232e+07,5.91323e+07,4.59791e+07,4.37009e+07,5.56913e+07,1.57311e+07,5.79345e+07,5.85711e+07,5.96667e+07,3.7878e+07,5.98382e+07,5.9917e+07,5.99171e+07,5.99162e+07,5.99158e+07,2.51792e+07,1.28698e+07,4.40788e+07,3.68548e+07,5.9917e+07,5.98888e+07,5.9797e+07,2.06686e+07,2.97033e+07,4.56024e+07,
175,5.99171e+07,5.79833e+07,5.98606e+07,5.97232e+07,5.91323e+07,4.59791e+07,4.37009e+07,5.56913e+07,1.57311e+07,5.79345e+07,5.85711e+07,5.96667e+07,3.7878e+07,5.98382e+07,5.9917e+07,5.99171e+07,5.99162e+07,5.99158e+07,2.51792e+07,1.28698e+07,4.40788e+07,3.68548e+07,5.9917e+07,5.98888e+07,5.9797e+07,2.06686e+07,2.97033e+07,4.56024e+07,
176,5.99171e+07,5.79833e+07,5.98606e+07,5.97232e+07,5.91323e+07,4.59791e+07,4.37009e+07,5.56913e+07,1.57311e+07,5.79345e+07,5.85711e+07,5.96667e+07,3.7878e+07,5.98382e+07,5.9917e+07,5.99171e+07,5.99162e+07,5.99158e+07,2.51792e+07,1.28698e+07,4.40788e+07,3.68548e+07,5.9917e+07,5.98888e+07,5.9797e+07,2.06686e+07,2.97033e+07,4.56024e+07,
177,5.99171e+07,5.79833e+07,5.98606e+07,5.97232e+07,5.91323e+07,4.59791e+07,4.37009e+07,5.56913e+07,1.57311e+07,5.79345e+07,5.85711e+07,5.96667e+07,3.7878e+07,5.98382e+07,5.9917e+07,5.99171e+07,5.99162e+07,5.99158e+07,2.51792e+07,1.28698e+07,4.40788e+07,3.68548e+07,5.9917e+07,5.98888e+07,5.9797e+07,2.06686e+07,2.97033e+07,4.56024e+07,
178,5.99171e+07,5.79833e+07,5.98606e+07,5.97232e+07,5.91323e+07,4.59791e+07,4.37009e+07,5.56913e+07,1.57311e+07,5.79345e+07,5.85711e+07,5.96667e+07,3.7878e+07,5.98382e+07,5.9917e+07,5.99171e+07,5.99162e+07,5.99158e+07,2.51792e+07,1.28698e+07,4.40788e+07,3.68548e+07,5.9917e+07,5.98888e+07,5.9797e+07,2.06686e+07,2.97033e+07,4.56024e+07,
179,5.99171e+07,5.79833e+07,5.98606e+07,5.97232e+07,5.91323e+07,4.59791e+07,4.37009e+07,5.56913e+07,1.57311e+07,5.79345e+07,5.85711e+07,5.96667e+07,3.7878e+07,5.98382e+07,5.9917e+07,5.99171e+07,5.99162e+07,5.99158e+07,2.51792e+07,1.28698e+07,4.40788e+07,3.68548e+07,5.9917e+07,5.98888e+07,5.9797e+07,2.06686e+07,2.97033e+07,4.56024e+07,
180,5.99171e+07,5.79833e+07,5.98606e+07,5.97232e+07,5.91323e+07,4.59791e+07,4.37009e+07,5.56913e+07,1.57311e+07,5.79345e+07,5.85711e+07,5.96667e+07,3.7878e+07,5.98382e+07,5.9917e+07,5.99171e+07,5.99162e+07,5.99158e+07,2.51792e+07,1.28698e+07,4.40788e+07,3.68548e+07,5.9917e+07,5.98888e+07,5.9797e+07,2.06686e+07,2.97033e+07,4.56024e+07,
181,5.99171e+07,5.79833e+07,5.98606e+07,5.97232e+07,5.91323e+07,4.59791e+07,4.37009e+07,5.56913e+07,1.57311e+07,5.79345e+07,5.85711e+07,5.96667e+07,3.7878e+07,5.98382e+07,5.9917e+07,5.99171e+07,5.99162e+07,5.99158e+07,2.51792e+07,1.28698e+07,4.40788e+07,3.68548e+07,5.9917e+07,5.98888e+07,5.9797e+07,2.06686e+07,2.97033e+07,4.56024e+07,
182,5.99171e+07,5.79833e+07,5.98606e+07,5.97232e+07,5.91323e+07,4.59791e+07,4.37009e+07,5.56913e+07,1.57311e+07,5.79345e+07,5.85711e+07,5.96667e+07,3.7878e+07,5.98382e+07,5.9917e+07,5.99171e+07,5.99162e+07,5.99158e+07,2.51792e+07,1.28698e+07,4.40788e+07,3.68548e+07,5.9917e+07,5.98888e+07,5.9797e+07,2.06686e+07,2.97033e+07,4.56024e+07,
183,5.99171e+07,5.79833e+07,5.98606e+07,5.97232e+07,5.91323e+07,4.59791e+07,4.37009e+07,5.56913e+07,1.57311e+07,5.79345e+07,5.85711e+07,5.96667e+07,3.7878e+07,5.98382e+07,5.9917e+07,5.99171e+07,5.99162e+07,5.99158e+07,2.51792e+07,1.28698e+07,4.40788e+07,3.68548e+07,5.9917e+07,5.98888e+07,5.9797e+07,2.06686e+07,2.97033e+07,4.56024e+07,
184,5.99171e+07,5.79833e+07,5.98606e+07,5.97232e+07,5.91323e+07,4.59791e+07,4.37009e+07,5.56913e+07,1.57311e+07,5.79345e+07,5.85711e+07,5.96667e+07,3.7878e+07,5.98382e+07,5.9917e+07,5.99171e+07,5.99162e+07,5.99158e+07,2.51792e+07,1.28698e+07,4.40788e+07,3.68548e+07,5.9917e+07,5.98888e+07,5.9797e+07,2.06686e+07,2.97033e+07,4.56024e+07,
185,5.99171e+07,5.79833e+07,5.98606e+07,5.97232e+07,5.91323e+07,4.59791e+07,4.37009e+07,5.56913e+07,1.57311e+07,5.79345e+07,5.85711e+07,5.96667e+07,3.7878e+07,5.98382e+07,5.9917e+07,5.99171e+07,5.99162e+07,5.99158e+07,2.51792e+07,1.28698e+07,4.40788e+07,3.68548e+07,5.9917e+07,5.98888e+07,5.9797e+07,2.06686e+07,2.97033e+07,4.56024e+07,
186,5.99171e+07,5.79833e+07,5.98606e+07,5.97232e+07,5.91323e+07,4.59791e+07,4.37009e+07,5.56913e+07,1.57311e+07,5.79345e+07,5.85711e+07,5.96667e+07,3.7878e+07,5.98382e+07,5.9917e+07,5.99171e+07,5.99162e+07,5.99158e+07,2.51792e+07,1.28698e+07,4.40788e+07,3.68548e+07,5.9917e+07,5.98888e+07,5.9797e+07,2.06686e+07,2.97033e+07,4.56024e+07,
187,5.99171e+07,5.79833e+07,5.98606e+07,5.97232e+07,5.91323e+07,4.59791e+07,4.37009e+07,5.56913e+07,1.57311e+07,5.79345e+07,5.85711e+07,5.96667e+07,3.7878e+07,5.98382e+07,5.9917e+07,5.99171e+07,5.99162e+07,5.99158e+07,2.51792e+07,1.28698e+07,4.40788e+07,3.68548e+07,5.9917e+07,5.98888e+07,5.9797e+07,2.06686e+07,2.97033e+07,4.56024e+07,
188,5.99171e+07,5.79833e+07,5.98606e+07,5.97232e+07,5.91323e+07,4.59791e+07,4.37009e+07,5.56913e+07,1.57311e+07,5.79345e+07,5.85711e+07,5.96667e+07,3.7878e+07,5.98382e+07,5.9917e+07,5.99171e+07,5.99162e+07,5.99158e+07,2.51792e+07,1.28698e+07,4.40788e+07,3.68548e+07,5.9917e+07,5.98888e+07,5.9797e+07,2.06686e+07,2.97033e+07,4.56024e+07,
189,5.99171e+07,5.79833e+07,5.98606e+07,5.97232e+07,5.91323e+07,4.59791e+07,4.37009e+07,5.56913e+07,1.57311e+07,5.79345e+07,5.85711e+07,5.96667e+07,3.7878e+07,5.98382e+07,5.9917e+07,5.99171e+07,5.99162e+07,5.99158e+07,2.51792e+07,1.28698e+07,4.40788e+07,3.68548e+07,5.9917e+07,5.98888e+07,5.9797e+07,2.06686e+07,2.97033e+07,4.56024e+07,
190,5.99171e+07,5.79833e+07,5.98606e+07,5.97232e+07,5.91323e+07,4.59791e+07,4.37009e+07,5.56913e+07,1.57311e+07,5.79345e+07,5.85711e+07,5.96667e+07,3.7878e+07,5.98382e+07,5.9917e+07,5.99171e+07,5.99162e+07,5.99158e+07,2.51792e+07,1.28698e+07,4.40788e+07,3.68548e+07,5.9917e+07,5.98888e+07,5.9797e+07,2.06686e+07,2.97033e+07,4.56024e+07,
191,5.99171e+07,5.79833e+07,5.98606e+07,5.97232e+07,5.91323e+07,4.59791e+07,4.37009e+07,5.56913e+07,1.57311e+07,5.79345e+07,5.85711e+07,5.96667e+07,3.7878e+07,5.98382e+07,5.9917e+07,5.99171e+07,5.99162e+07,5.99158e+07,2.51792e+07,1.28698e+07,4.40788e+07,3.68548e+07,5.9917e+07,5.98888e+07,5.9797e+07,2.06686e+07,2.97033e+07,4.56024e+07,
192,5.99171e+07,5.79833e+07,5.98606e+07,5.97232e+07,5.91323e+07,4.59791e+07,4.37009e+07,5.56913e+07,1.57311e+07,5.79345e+07,5.85711e+07,5.96667e+07,3.7878e+07,5.98382e+07,5.9917e+07,5.99171e+07,5.99162e+07,5.99158e+07,2.51792e+07,1.28698e+07,4.40788e+07,3.68548e+07,5.9917e+07,5.98888e+07,5.9797e+07,2.06686e+07,2.97033e+07,4.56024e+07,
193,5.99171e+07,5.79833e+07,5.98606e+07,5.97232e+07,5.91323e+07,4.59791e+07,4.37009e+07,5.56913e+07,1.57311e+07,5.79345e+07,5.85711e+07,5.96667e+07,3.7878e+07,5.98382e+07,5.9917e+07,5.99171e+07,5.99162e+07,5.99158e+07,2.51792e+07,1.28698e+07,4.40788e+07,3.68548e+07,5.9917e+07,5.98888e+07,5.9797e+07,2.06686e+07,2.97033e+07,4.56024e+07,
194,5.99171e+07,5.79833e+07,5.98606e+07,5.97232e+07,5.91323e+07,4.59791e+07,4.37009e+07,5.56913e+07,1.57311e+07,5.79345e+07,5.85711e+07,5.96667e+07,3.7878e+07,5.98382e+07,5.9917e+07,5.99171e+07,5.99162e+07,5.99158e+07,2.51792e+07,1.28698e+07,4.40788e+07,3.68548e+07,5.9917e+07,5.98888e+07,5.9797e+07,2.06686e+07,2.97033e+07,4.56024e+07,
195,5.99171e+07,5.79833e+07,5.98606e+07,5.97232e+07,5.91323e+07,4.59791e+07,4.37009e+07,5.56913e+07,1.57311e+07,5.79345e+07,5.85711e+07,5.96667e+07,3.7878e+07,5.98382e+07,5.9917e+07,5.99171e+07,5.99162e+07,5.99158e+07,2.51792e+07,1.28698e+07,4.40788e+07,3.68548e+07,5.9917e+07,5.98888e+07,5.9797e+07,2.06686e+07,2.97033e+07,4.56024e+07,
196,5.99171e+07,5.79833e+07,5.98606e+07,5.97232e+07,5.91323e+07,4.59791e+07,4.37009e+07,5.56913e+07,1.57311e+07,5.79345e+07,5.85711e+07,5.96667e+07,3.7878e+07,5.98382e+07,5.9917e+07,5.99171e+07,5.99162e+07,5.99158e+07,2.51792e+07,1.28698e+07,4.40788e+07,3.68548e+07,5.9917e+07,5.98888e+07,5.9797e+07,2.06686e+07,2.97033e+07,4.56024e+07,
197,5.99171e+07,5.79833e+07,5.98606e+07,5.97232e+07,5.91323e+07,4.59791e+07,4.37009e+07,5.56913e+07,1.57311e+07,5.79345e+07,5.85711e+07,5.96667e+07,3.7878e+07,5.98382e+07,5.9917e+07,5.99171e+07,5.99162e+07,5.99158e+07,2.51792e+07,1.28698e+07,4.40788e+07,3.68548e+07,5.9917e+07,5.98888e+07,5.9797e+07,2.06686e+07,2.97033e+07,4.56024e+07,
198,5.99171e+07,5.79833e+07,5.98606e+07,5.97232e+07,5.91323e+07,4.59791e+07,4.37009e+07,5.56913e+07,1.57311e+07,5.79345e+07,5.85711e+07,5.96667e+07,3.7878e+07,5.98382e+07,5.9917e+07,5.99171e+07,5.99162e+07,5.99158e+07,2.51792e+07,1.28698e+07,4.40788e+07,3.68548e+07,5.9917e+07,5.98888e+07,5.9797e+07,2.06686e+07,2.97033e+07,4.56024e+07,
199,5.99171e+07,5.79833e+07,5.98606e+07,5.97232e+07,5.91323e+07,4.59791e+07,4.37009e+07,5.56913e+07,1.57311e+07,5.79345e+07,5.85711e+07,5.96667e+07,3.7878e+07,5.98382e+07,5.9917e+07,5.99171e+07,5.99162e+07,5.99158e+07,2.51792e+07,1.28698e+07,4.40788e+07,3.68548e+07,5.9917e+07,5.98888e+07,5.9797e+07,2.06686e+07,2.97033e+07,4.56024e+07,
200,5.99171e+07,5.79833e+07,5.98606e+07,5.97232e+07,5.91323e+07,4.59791e+07,4.37009e+07,5.56913e+07,1.57311e+07,5.79345e+07,5.85711e+07,5.96667e+07,3.7878e+07,5.98382e+07,5.9917e+07,5.99171e+07,5.99162e+07,5.99158e+07,2.51792e+07,1.28698e+07,4.40788e+07,3.68548e+07,5.9917e+07,5.98888e+07,5.9797e+07,2.06686e+07,2.97033e+07,4.56024e+07,
