time,Integral
0,0
0
1,6.59843e-09
6.59843e-09
2,1.31987e-08
1.31987e-08
3,1.97991e-08
1.97991e-08
4,2.63996e-08
2.63996e-08
5,3.30002e-08
3.30002e-08
6,3.9601e-08
3.9601e-08
7,4.62019e-08
4.62019e-08
8,5.28028e-08
5.28028e-08
9,5.94038e-08
5.94038e-08
10,6.6005e-08
6.6005e-08
11,7.26061e-08
7.26061e-08
12,7.26077e-08
7.26077e-08
13,7.26077e-08
7.26077e-08
14,7.26077e-08
7.26077e-08
15,7.26077e-08
7.26077e-08
16,7.26077e-08
7.26077e-08
17,7.26077e-08
7.26077e-08
18,7.26077e-08
7.26077e-08
19,7.26077e-08
7.26077e-08
20,7.26077e-08
7.26077e-08
