BEGIN_LIST
-0.984451
-0.983706
-0.983076
-0.98309
-0.98383
-0.984504
-0.983023
-0.982945
-0.982364
-0.983415
-0.982613
-0.981901
-0.982099
-0.98273
-0.982771
-0.98184
-0.981196
-0.981201
-0.982306
-0.981511
-0.981472
-0.981777
-0.98172
-0.980916
-0.981058
-0.980411
-0.980523
-0.983637
-0.981946
-0.98151
-0.981707
-0.983076
-0.982199
-0.981941
-0.98099
-0.980924
-0.980302
-0.980527
-0.979817
-0.97999
-0.981491
-0.980535
-0.980298
-0.983021
-0.98216
-0.981365
-0.981856
-0.97981
-0.98042
-0.979558
-0.979958
-0.980622
-0.980654
-0.979609
-0.97888
-0.978877
-0.980264
-0.97928
-0.979256
-0.979731
-0.979663
-0.981009
-0.980046
-0.980096
-0.978663
-0.97877
-0.978135
-0.978222
-0.979561
-0.978807
-0.978682
-0.980702
-0.980528
-0.979644
-0.979137
-0.979089
-0.978247
-0.978566
-0.977904
-0.97807
-0.983474
-0.979691
-0.97912
-0.979279
-0.980941
-0.979868
-0.979645
-0.979146
-0.980868
-0.979755
-0.981644
-0.979003
-0.979436
-0.981476
-0.980388
-0.979811
-0.981272
-0.983102
-0.982157
-0.978613
-0.978565
-0.977815
-0.977984
-0.977179
-0.977312
-0.977967
-0.977771
-0.97724
-0.977773
-0.97697
-0.977328
-0.97943
-0.978217
-0.977771
-0.983647
-0.982767
-0.981981
-0.983021
-0.980898
-0.979596
-0.980529
-0.977324
-0.978376
-0.977216
-0.977746
-0.978288
-0.978311
-0.977198
-0.976298
-0.976289
-0.977805
-0.97665
-0.976647
-0.977185
-0.977104
-0.978786
-0.977603
-0.977677
-0.975914
-0.975954
-0.97522
-0.975257
-0.977062
-0.975985
-0.975911
-0.978503
-0.978314
-0.979987
-0.978813
-0.979006
-0.977206
-0.976679
-0.976598
-0.978347
-0.977277
-0.977352
-0.97545
-0.975667
-0.975083
-0.975207
-0.976975
-0.976132
-0.975986
-0.980042
-0.979717
-0.97877
-0.97834
-0.978085
-0.977139
-0.976837
-0.976701
-0.975779
-0.976075
-0.975663
-0.975728
-0.984408
-0.977253
-0.976456
-0.976571
-0.978311
-0.977087
-0.976915
-0.976228
-0.978024
-0.976711
-0.978924
-0.975841
-0.976187
-0.97869
-0.977288
-0.976806
-0.97835
-0.980587
-0.979361
-0.981112
-0.97984
-0.982523
-0.979192
-0.980047
-0.983135
-0.98188
-0.980637
-0.976408
-0.977693
-0.97661
-0.977476
-0.980392
-0.978807
-0.97777
-0.981772
-0.984339
-0.983357
-0.976105
-0.976074
-0.97511
-0.975223
-0.974214
-0.974303
-0.974867
-0.974731
-0.973993
-0.974371
-0.973456
-0.973716
-0.974836
-0.974477
-0.974026
-0.97494
-0.973942
-0.97444
-0.977183
-0.97565
-0.97513
-0.985912
-0.985199
-0.985085
-0.987448
-0.983767
-0.981197
-0.983112
-0.97954
-0.977326
-0.978374
-0.974869
-0.975869
-0.974977
-0.97531
-0.975946
-0.97596
-0.974833
-0.973692
-0.973681
-0.975125
-0.973856
-0.973871
-0.974317
-0.974226
-0.97608
-0.97469
-0.974796
-0.972891
-0.972863
-0.971897
-0.971875
-0.973943
-0.972517
-0.972522
-0.975736
-0.975519
-0.977602
-0.976169
-0.976402
-0.97419
-0.973488
-0.973334
-0.975652
-0.974197
-0.974347
-0.971848
-0.971867
-0.971193
-0.971199
-0.973818
-0.97242
-0.972378
-0.977733
-0.977378
-0.979436
-0.978044
-0.978414
-0.976183
-0.975745
-0.975437
-0.977684
-0.976295
-0.976616
-0.974143
-0.973825
-0.973622
-0.976081
-0.974756
-0.974969
-0.972201
-0.972305
-0.972112
-0.972116
-0.974769
-0.973603
-0.973626
-0.979954
-0.979467
-0.978498
-0.978234
-0.977773
-0.976786
-0.976689
-0.976264
-0.975271
-0.975428
-0.975066
-0.974093
-0.973911
-0.974586
-0.974318
-0.986872
-0.974867
-0.973785
-0.97386
-0.975458
-0.974151
-0.974026
-0.973037
-0.974835
-0.973401
-0.975606
-0.972248
-0.972512
-0.975077
-0.973429
-0.973065
-0.975082
-0.977371
-0.975952
-0.977545
-0.976001
-0.979076
-0.97516
-0.975814
-0.979481
-0.977809
-0.976834
-0.972365
-0.973329
-0.972174
-0.972835
-0.976753
-0.974656
-0.97376
-0.978069
-0.981165
-0.979752
-0.982604
-0.981189
-0.985341
-0.981365
-0.982829
-0.988837
-0.987424
-0.984466
-0.979508
-0.977835
-0.979791
-0.983748
-0.981389
-0.979264
-0.973278
-0.975536
-0.9736
-0.974718
-0.978027
-0.97602
-0.974996
-0.983389
-0.987114
-0.986206
-0.973711
-0.973692
-0.97245
-0.972519
-0.971218
-0.971273
-0.971561
-0.971478
-0.970377
-0.97061
-0.969361
-0.969517
-0.97049
-0.970266
-0.969508
-0.970099
-0.969027
-0.969364
-0.971133
-0.970722
-0.970572
-0.971435
-0.970852
-0.971187
-0.97453
-0.973006
-0.972768
-0.990945
-0.991811
-0.99529
-1.00296
-0.993273
-0.984684
-0.987673
-0.982165
-0.978044
-0.979448
-0.976229
-0.974793
-0.975339
-0.973395
-0.973586
-0.974229
-0.974082
-0.973825
-0.973833
-0.972749
-0.971319
-0.971312
-0.972479
-0.971173
-0.971198
-0.971393
-0.971298
-0.973098
-0.971558
-0.971694
-0.96989
-0.96981
-0.968494
-0.968421
-0.970466
-0.968749
-0.968832
-0.972581
-0.972336
-0.974664
-0.972972
-0.973262
-0.970827
-0.969788
-0.969538
-0.972239
-0.97034
-0.97061
-0.967749
-0.967548
-0.966525
-0.966376
-0.969596
-0.96751
-0.967648
-0.974791
-0.974385
-0.976941
-0.975244
-0.97568
-0.972937
-0.972327
-0.971905
-0.974848
-0.973001
-0.973436
-0.970214
-0.969592
-0.969215
-0.97272
-0.970727
-0.971098
-0.967181
-0.966874
-0.966672
-0.966461
-0.970693
-0.968627
-0.968818
-0.977603
-0.977067
-0.9795
-0.977932
-0.978478
-0.97583
-0.975583
-0.975041
-0.977764
-0.976147
-0.976697
-0.973674
-0.973588
-0.973055
-0.976186
-0.974531
-0.97507
-0.971509
-0.971728
-0.971249
-0.974895
-0.97323
-0.973735
-0.969503
-0.969032
-0.97022
-0.969881
-0.974029
-0.972416
-0.972842
-0.980492
-0.979871
-0.978927
-0.978899
-0.978287
-0.977347
-0.977604
-0.976979
-0.976057
-0.97675
-0.976074
-0.97519
-0.976446
-0.975647
-0.974793
-0.973658
-0.976494
-0.975558
-0.989586
-0.972769
-0.971373
-0.971418
-0.97268
-0.971364
-0.971274
-0.969912
-0.971663
-0.970189
-0.972119
-0.968638
-0.96885
-0.97115
-0.969357
-0.969069
-0.971849
-0.973908
-0.972397
-0.973598
-0.971911
-0.974845
-0.970612
-0.971142
-0.974657
-0.97263
-0.97193
-0.967825
-0.968576
-0.966904
-0.967404
-0.971402
-0.968951
-0.968292
-0.974017
-0.977047
-0.975394
-0.977846
-0.976041
-0.980401
-0.975628
-0.976578
-0.982397
-0.981052
-0.979046
-0.973258
-0.971919
-0.973258
-0.979731
-0.976497
-0.974521
-0.967443
-0.969128
-0.967353
-0.968301
-0.973679
-0.970753
-0.969738
-0.978482
-0.982622
-0.981025
-0.984912
-0.983514
-0.989118
-0.989349
-0.986977
-0.994685
-0.992689
-0.998858
-0.988394
-0.982378
-0.987508
-0.988657
-0.985103
-0.981983
-0.978719
-0.974219
-0.976034
-0.978871
-0.976583
-0.975333
-0.969576
-0.971433
-0.970314
-0.971008
-0.974562
-0.972946
-0.972495
-0.984814
-0.988326
-0.987678
-0.971669
-0.971658
-0.970103
-0.970143
-0.968497
-0.968528
-0.968399
-0.968351
-0.966784
-0.966917
-0.965154
-0.965239
-0.96573
-0.965614
-0.964207
-0.964502
-0.962844
-0.962971
-0.964684
-0.964509
-0.964003
-0.964379
-0.963884
-0.96405
-0.967104
-0.966936
-0.968009
-0.968164
-0.969419
-0.969338
-0.973247
-0.972232
-0.972501
-0.987423
-0.987124
-0.989239
-0.987273
-0.987463
-0.982995
-0.983342
-0.980956
-0.977715
-0.978532
-0.976057
-0.974844
-0.975367
-0.973687
-0.974323
-0.974321
-0.974708
-0.973749
-0.976352
-0.975598
-0.972137
-0.972141
-0.971158
-0.969423
-0.969421
-0.970135
-0.968872
-0.968903
-0.968711
-0.968616
-0.970125
-0.968519
-0.968679
-0.96722
-0.967108
-0.965371
-0.965261
-0.966986
-0.965089
-0.965234
-0.969329
-0.96906
-0.971389
-0.969488
-0.96984
-0.967449
-0.96594
-0.965593
-0.968369
-0.966051
-0.966461
-0.963594
-0.963211
-0.961593
-0.961303
-0.964652
-0.961889
-0.962228
-0.971404
-0.970937
-0.973833
-0.971816
-0.972348
-0.969273
-0.968306
-0.967725
-0.971208
-0.968801
-0.969424
-0.965647
-0.964384
-0.963742
-0.968139
-0.965252
-0.96591
-0.96105
-0.960211
-0.959507
-0.958928
-0.964671
-0.961274
-0.961828
-0.974577
-0.97396
-0.976972
-0.975059
-0.975701
-0.972447
-0.972049
-0.971345
-0.974883
-0.972743
-0.973452
-0.969537
-0.969161
-0.968374
-0.972744
-0.970316
-0.971083
-0.966126
-0.965938
-0.965124
-0.970671
-0.967936
-0.96871
-0.962302
-0.961103
-0.962654
-0.962024
-0.968893
-0.966034
-0.966637
-0.978179
-0.977487
-0.980202
-0.978545
-0.979223
-0.97627
-0.97629
-0.975571
-0.978629
-0.97695
-0.977646
-0.97424
-0.97455
-0.973778
-0.97738
-0.975664
-0.976404
-0.972279
-0.97309
-0.972241
-0.976638
-0.974841
-0.975683
-0.970534
-0.972089
-0.971148
-0.976531
-0.974522
-0.975569
-0.96925
-0.967872
-0.971643
-0.970702
-0.976772
-0.974461
-0.975665
-0.981574
-0.980879
-0.980008
-0.980237
-0.979579
-0.978773
-0.979472
-0.978821
-0.978128
-0.979588
-0.978852
-0.97832
-0.980869
-0.979718
-0.979252
-0.982589
-0.980469
-0.979629
-0.976536
-0.981468
-0.979572
-0.986687
-0.971169
-0.969456
-0.96948
-0.970251
-0.968998
-0.96893
-0.967166
-0.968826
-0.967391
-0.968841
-0.965383
-0.965571
-0.967369
-0.965523
-0.965266
-0.968971
-0.970594
-0.96908
-0.969778
-0.968052
-0.970558
-0.966172
-0.966667
-0.969688
-0.96751
-0.966884
-0.963354
-0.964029
-0.961557
-0.962015
-0.965514
-0.962777
-0.962225
-0.970138
-0.972786
-0.97105
-0.972909
-0.970959
-0.974749
-0.9696
-0.970432
-0.975128
-0.972689
-0.97168
-0.967086
-0.964906
-0.965959
-0.971642
-0.968596
-0.967145
-0.960326
-0.961667
-0.958887
-0.959514
-0.966179
-0.962208
-0.961508
-0.97349
-0.977279
-0.975405
-0.978477
-0.976495
-0.981587
-0.977468
-0.977478
-0.983721
-0.981558
-0.982649
-0.97432
-0.973772
-0.975219
-0.982585
-0.98045
-0.978472
-0.970442
-0.966784
-0.968856
-0.974932
-0.971348
-0.969674
-0.961199
-0.962614
-0.962098
-0.962897
-0.96944
-0.966754
-0.966091
-0.978879
-0.983181
-0.981515
-0.983417
-0.981922
-0.984954
-0.983131
-0.982271
-0.984906
-0.983511
-0.984346
-0.980892
-0.979771
-0.979691
-0.981736
-0.979899
-0.979457
-0.977326
-0.973914
-0.974902
-0.977578
-0.975835
-0.97505
-0.971408
-0.970503
-0.971245
-0.974653
-0.973256
-0.972757
-0.967605
-0.968473
-0.969684
-0.969872
-0.973652
-0.972721
-0.972774
-0.98316
-0.985335
-0.984367
-0.970184
-0.970178
-0.968305
-0.968328
-0.966323
-0.96634
-0.965698
-0.96567
-0.963596
-0.96367
-0.961307
-0.961354
-0.961145
-0.961085
-0.958806
-0.958947
-0.95623
-0.956266
-0.95703
-0.957069
-0.955369
-0.955075
-0.953741
-0.953501
-0.957461
-0.957577
-0.958702
-0.958567
-0.960398
-0.960428
-0.965493
-0.965597
-0.968839
-0.968209
-0.971685
-0.971068
-0.974861
-0.974526
-0.975397
-0.984395
-0.983573
-0.983121
-0.982932
-0.981913
-0.980235
-0.980556
-0.978812
-0.977217
-0.977809
-0.975912
-0.975269
-0.975767
-0.974276
-0.974917
-0.975064
-0.974358
-0.976422
-0.976016
-0.978576
-0.976389
-0.979854
-0.978714
-0.971057
-0.97106
-0.970227
-0.968201
-0.968205
-0.968335
-0.96719
-0.967221
-0.966553
-0.966462
-0.967471
-0.965895
-0.96607
-0.965161
-0.965032
-0.962857
-0.962724
-0.963877
-0.961933
-0.962121
-0.966322
-0.966034
-0.968091
-0.966071
-0.966482
-0.964418
-0.962369
-0.961939
-0.964439
-0.96181
-0.962353
-0.959861
-0.959346
-0.957002
-0.956605
-0.959549
-0.956296
-0.956794
-0.967883
-0.967352
-0.970338
-0.968039
-0.968685
-0.965553
-0.964069
-0.963305
-0.967028
-0.964038
-0.964904
-0.960926
-0.958727
-0.957771
-0.962646
-0.958728
-0.959791
-0.954516
-0.953232
-0.951306
-0.950295
-0.956927
-0.951795
-0.952929
-0.971075
-0.970354
-0.973801
-0.971516
-0.972295
-0.968603
-0.967863
-0.966924
-0.971151
-0.968358
-0.969327
-0.964671
-0.963652
-0.962452
-0.967999
-0.964494
-0.965684
-0.9594
-0.958145
-0.956678
-0.964324
-0.959909
-0.961287
-0.952393
-0.94974
-0.95119
-0.94978
-0.960328
-0.95525
-0.956397
-0.975182
-0.974381
-0.97773
-0.975705
-0.976502
-0.972884
-0.972787
-0.971867
-0.975811
-0.973579
-0.974465
-0.970086
-0.97015
-0.969058
-0.974009
-0.971469
-0.972485
-0.966837
-0.96729
-0.965989
-0.972482
-0.969514
-0.97071
-0.963143
-0.964356
-0.962921
-0.97143
-0.967976
-0.96935
-0.959379
-0.957284
-0.96202
-0.961077
-0.970962
-0.967453
-0.968597
-0.979371
-0.978586
-0.981424
-0.979791
-0.980524
-0.977448
-0.977756
-0.97697
-0.980131
-0.978592
-0.9793
-0.975783
-0.976579
-0.975753
-0.979477
-0.97806
-0.978769
-0.974491
-0.976126
-0.975188
-0.979858
-0.978533
-0.979365
-0.973829
-0.976764
-0.975466
-0.981713
-0.979978
-0.981437
-0.973942
-0.978215
-0.975977
-0.984256
-0.980609
-0.983448
-0.974016
-0.97098
-0.977134
-0.975265
-0.982712
-0.97896
-0.981054
-0.982997
-0.982301
-0.981533
-0.981973
-0.981387
-0.980774
-0.981878
-0.981433
-0.9811
-0.983399
-0.983106
-0.983266
-0.987873
-0.987102
-0.987745
-0.995613
-0.990967
-0.990053
-0.990358
-0.986653
-0.984896
-0.980366
-0.984791
-0.982845
-0.984315
-0.970233
-0.968225
-0.968234
-0.968401
-0.967276
-0.967223
-0.965066
-0.966581
-0.965259
-0.966076
-0.962794
-0.962971
-0.96409
-0.962283
-0.962033
-0.9667
-0.967734
-0.966294
-0.966431
-0.96475
-0.966653
-0.962253
-0.962761
-0.965125
-0.962891
-0.96224
-0.959426
-0.960102
-0.956744
-0.957232
-0.959947
-0.957053
-0.956454
-0.966765
-0.968857
-0.967136
-0.968398
-0.966427
-0.969564
-0.964206
-0.965096
-0.968882
-0.966354
-0.965297
-0.961598
-0.958186
-0.959322
-0.963904
-0.960455
-0.959081
-0.953242
-0.954714
-0.950039
-0.950968
-0.956198
-0.951285
-0.950881
-0.968983
-0.972206
-0.970285
-0.972709
-0.970595
-0.974889
-0.969337
-0.970277
-0.975357
-0.972804
-0.972021
-0.966444
-0.963951
-0.965508
-0.972208
-0.968539
-0.967084
-0.959741
-0.953969
-0.957185
-0.965838
-0.961227
-0.959168
-0.948817
-0.94792
-0.948246
-0.948833
-0.960137
-0.955935
-0.954904
-0.97336
-0.977391
-0.975459
-0.978023
-0.976107
-0.98005
-0.975962
-0.976233
-0.980212
-0.978337
-0.978288
-0.973394
-0.972503
-0.973098
-0.977528
-0.97524
-0.974786
-0.969073
-0.966963
-0.968368
-0.973383
-0.970903
-0.969774
-0.963355
-0.962811
-0.964085
-0.969979
-0.967777
-0.966897
-0.957428
-0.959575
-0.961285
-0.962001
-0.968602
-0.966828
-0.966523
-0.978333
-0.981653
-0.980141
-0.98153
-0.980159
-0.982379
-0.979789
-0.979884
-0.981894
-0.980736
-0.980574
-0.978085
-0.977006
-0.977442
-0.979657
-0.97832
-0.977801
-0.975077
-0.97372
-0.974495
-0.977149
-0.975825
-0.975153
-0.971808
-0.971434
-0.972151
-0.975259
-0.974131
-0.973608
-0.969795
-0.970882
-0.971235
-0.9746
-0.973798
-0.97366
-0.969678
-0.969666
-0.972401
-0.972156
-0.975485
-0.975091
-0.975525
-0.981647
-0.983425
-0.982454
-0.969414
-0.96941
-0.967245
-0.967258
-0.964916
-0.964926
-0.96372
-0.963705
-0.961138
-0.961181
-0.95822
-0.958248
-0.957221
-0.957185
-0.953974
-0.954058
-0.950104
-0.950139
-0.949582
-0.949593
-0.945735
-0.945547
-0.941011
-0.940473
-0.943378
-0.944059
-0.943946
-0.942453
-0.944624
-0.944953
-0.953536
-0.953073
-0.957676
-0.958493
-0.962869
-0.962778
-0.968511
-0.969068
-0.973553
-0.971733
-0.976057
-0.975012
-0.977965
-0.977973
-0.979109
-0.983125
-0.982246
-0.981476
-0.981817
-0.98046
-0.979461
-0.979959
-0.97836
-0.977506
-0.978095
-0.97647
-0.976209
-0.976721
-0.975377
-0.975989
-0.976257
-0.97546
-0.977038
-0.976932
-0.976854
-0.979275
-0.978728
-0.981664
-0.979389
-0.98224
-0.981303
-0.970714
-0.970716
-0.970075
-0.967798
-0.967806
-0.967269
-0.966305
-0.966336
-0.965147
-0.965063
-0.965417
-0.96396
-0.964143
-0.963931
-0.963794
-0.961213
-0.961066
-0.96147
-0.959604
-0.95982
-0.963887
-0.963587
-0.965127
-0.963096
-0.963555
-0.962064
-0.959477
-0.958984
-0.960896
-0.958115
-0.958766
-0.956965
-0.95636
-0.953295
-0.952822
-0.954937
-0.951442
-0.952058
-0.964609
-0.964018
-0.966796
-0.964303
-0.965066
-0.962193
-0.960105
-0.959168
-0.962739
-0.959249
-0.960375
-0.956641
-0.953377
-0.952128
-0.956841
-0.951961
-0.953476
-0.948568
-0.94695
-0.943443
-0.942111
-0.948278
-0.941374
-0.943181
-0.967425
-0.966589
-0.970223
-0.967595
-0.968543
-0.964683
-0.963435
-0.962213
-0.966852
-0.96335
-0.964668
-0.959592
-0.957612
-0.955858
-0.96228
-0.957446
-0.959285
-0.952033
-0.948968
-0.946401
-0.956065
-0.949129
-0.951708
-0.940336
-0.9355
-0.935438
-0.931917
-0.947646
-0.937995
-0.940981
-0.971715
-0.970774
-0.974617
-0.972196
-0.973161
-0.96904
-0.968651
-0.967445
-0.972149
-0.969235
-0.970424
-0.965223
-0.964727
-0.963129
-0.969355
-0.965691
-0.967208
-0.960116
-0.959643
-0.957462
-0.966232
-0.961455
-0.963435
-0.953143
-0.9529
-0.950036
-0.962828
-0.956623
-0.959047
-0.943598
-0.938347
-0.943973
-0.943236
-0.959605
-0.954175
-0.954592
-0.9765
-0.975588
-0.979078
-0.977073
-0.977937
-0.974184
-0.974408
-0.973403
-0.97746
-0.975369
-0.97628
-0.97179
-0.97238
-0.971214
-0.976283
-0.974043
-0.975041
-0.969273
-0.970573
-0.969149
-0.9759
-0.973409
-0.974592
-0.966713
-0.969245
-0.967383
-0.976849
-0.973739
-0.975521
-0.964205
-0.968745
-0.966003
-0.979187
-0.973969
-0.977292
-0.961812
-0.960815
-0.968278
-0.966961
-0.977585
-0.973131
-0.974962
-0.980947
-0.980149
-0.982932
-0.981421
-0.982126
-0.979129
-0.97967
-0.978942
-0.981953
-0.980711
-0.981295
-0.977963
-0.979189
-0.978546
-0.981969
-0.981185
-0.981575
-0.977647
-0.980125
-0.979609
-0.983795
-0.983817
-0.983921
-0.978913
-0.983794
-0.98323
-0.989301
-0.989791
-0.99027
-0.983064
-0.993026
-0.988137
-1.00023
-0.993505
-1.00034
-0.986336
-0.986632
-0.98276
-0.993008
-0.985878
-0.989604
-0.980091
-0.975931
-0.981236
-0.979348
-0.985583
-0.981879
-0.983631
-0.984505
-0.983866
-0.983203
-0.983746
-0.9833
-0.982868
-0.984155
-0.984066
-0.984079
-0.986752
-0.987591
-0.988661
-0.994625
-0.999026
-1.00348
-1.02896
-1.0143
-1.01212
-1.00152
-0.995959
-0.992329
-0.989479
-0.987154
-0.985418
-0.982464
-0.985022
-0.983942
-0.983427
-0.970079
-0.967818
-0.967817
-0.967308
-0.966367
-0.966325
-0.963814
-0.965132
-0.963987
-0.964064
-0.961107
-0.961281
-0.961593
-0.959916
-0.959664
-0.965232
-0.965566
-0.964272
-0.963809
-0.962253
-0.963417
-0.959166
-0.959702
-0.961268
-0.959068
-0.958361
-0.956411
-0.957111
-0.952915
-0.953448
-0.955172
-0.952241
-0.951554
-0.964134
-0.965542
-0.963912
-0.964572
-0.962659
-0.965083
-0.959639
-0.960636
-0.963622
-0.961062
-0.959843
-0.957017
-0.952389
-0.95372
-0.957316
-0.953748
-0.952108
-0.947015
-0.948779
-0.942137
-0.943514
-0.947788
-0.94271
-0.941049
-0.965186
-0.967762
-0.965884
-0.967766
-0.965654
-0.969238
-0.963235
-0.964519
-0.968731
-0.966117
-0.964722
-0.960321
-0.956125
-0.958173
-0.963554
-0.959869
-0.957494
-0.9519
-0.94368
-0.947786
-0.95499
-0.949386
-0.943625
-0.934188
-0.937454
-0.927441
-0.928498
-0.944311
-0.935876
-0.935487
-0.968576
-0.972096
-0.970134
-0.972723
-0.970677
-0.974642
-0.969339
-0.970361
-0.97463
-0.972454
-0.97156
-0.966637
-0.964344
-0.965946
-0.971243
-0.968504
-0.967096
-0.960697
-0.957315
-0.95985
-0.966665
-0.963517
-0.961548
-0.952534
-0.950751
-0.95356
-0.962464
-0.959286
-0.957456
-0.939601
-0.945216
-0.947669
-0.949758
-0.960274
-0.957417
-0.956198
-0.973437
-0.977027
-0.975278
-0.977495
-0.97582
-0.978935
-0.975092
-0.975694
-0.97874
-0.977221
-0.976696
-0.973047
-0.971906
-0.972797
-0.976305
-0.97457
-0.973783
-0.96948
-0.968189
-0.969418
-0.973544
-0.971736
-0.970746
-0.965627
-0.965284
-0.966512
-0.971327
-0.96966
-0.968795
-0.962876
-0.964255
-0.965119
-0.970426
-0.969072
-0.968611
-0.960952
-0.962266
-0.96566
-0.965877
-0.971261
-0.970345
-0.970505
-0.977974
-0.980633
-0.979331
-0.980797
-0.979601
-0.981586
-0.978898
-0.979385
-0.981291
-0.980285
-0.979782
-0.977539
-0.976678
-0.977319
-0.979478
-0.978401
-0.977776
-0.975204
-0.974476
-0.975231
-0.977707
-0.976653
-0.975992
-0.973026
-0.972949
-0.973641
-0.976409
-0.975493
-0.974952
-0.971681
-0.972607
-0.973043
-0.97597
-0.975284
-0.975013
-0.971645
-0.973692
-0.973717
-0.976598
-0.97619
-0.976298
-0.973884
-0.9731
-0.976105
-0.97564
-0.978265
-0.97811
-0.978625
-0.981216
-0.98291
-0.982002
-0.969467
-0.969465
-0.967053
-0.967061
-0.964431
-0.964437
-0.962662
-0.962652
-0.959653
-0.959679
-0.95619
-0.956208
-0.954333
-0.954308
-0.950246
-0.950307
-0.945208
-0.945251
-0.943201
-0.943155
-0.937105
-0.937176
-0.928682
-0.928749
-0.925817
-0.926951
-0.921366
-0.915161
-0.914798
-0.916724
-0.93238
-0.92968
-0.936811
-0.942792
-0.948405
-0.949779
-0.958811
-0.958492
-0.964963
-0.964324
-0.969527
-0.968902
-0.973411
-0.9743
-0.977774
-0.975826
-0.979292
-0.978405
-0.980638
-0.980618
-0.981434
-0.983101
-0.982265
-0.98153
-0.982081
-0.980635
-0.979916
-0.980521
-0.978997
-0.978484
-0.979097
-0.977624
-0.97756
-0.978088
-0.97685
-0.977413
-0.977759
-0.976919
-0.978156
-0.978249
-0.9779
-0.979696
-0.979516
-0.979635
-0.981711
-0.981312
-0.983089
-0.981741
-0.983726
-0.983236
-0.971188
-0.971189
-0.970773
-0.968301
-0.968312
-0.967072
-0.966338
-0.966366
-0.964656
-0.964578
-0.964185
-0.962922
-0.963108
-0.963674
-0.963537
-0.960614
-0.960461
-0.960015
-0.958333
-0.958565
-0.962287
-0.961981
-0.96282
-0.96089
-0.961382
-0.960639
-0.95757
-0.957036
-0.958138
-0.955377
-0.956103
-0.955197
-0.954538
-0.95085
-0.950328
-0.951364
-0.947869
-0.948567
-0.961948
-0.961311
-0.963598
-0.961036
-0.961901
-0.959574
-0.956885
-0.955809
-0.95885
-0.955051
-0.956403
-0.953311
-0.949058
-0.947585
-0.951542
-0.946048
-0.947937
-0.944011
-0.942152
-0.937235
-0.935675
-0.940325
-0.932583
-0.934775
-0.964028
-0.96308
-0.966596
-0.963711
-0.964837
-0.961134
-0.959289
-0.957783
-0.962441
-0.958296
-0.960003
-0.954963
-0.951879
-0.949537
-0.956237
-0.950034
-0.952685
-0.945209
-0.93996
-0.935957
-0.94678
-0.93655
-0.941142
-0.928439
-0.922342
-0.91796
-0.908689
-0.931
-0.910619
-0.920656
-0.968116
-0.96702
-0.971115
-0.968328
-0.969496
-0.965137
-0.964314
-0.96277
-0.967962
-0.964331
-0.965911
-0.960206
-0.958918
-0.956669
-0.963849
-0.958887
-0.961121
-0.952976
-0.951155
-0.947618
-0.958423
-0.951188
-0.954584
-0.941835
-0.93913
-0.932478
-0.950865
-0.938957
-0.944949
-0.92163
-0.899556
-0.912167
-0.905217
-0.937649
-0.928383
-0.92644
-0.973194
-0.972124
-0.97612
-0.973722
-0.974766
-0.970504
-0.970492
-0.969192
-0.973989
-0.971246
-0.972463
-0.967195
-0.967328
-0.965661
-0.971888
-0.968601
-0.970089
-0.963076
-0.963622
-0.961352
-0.969982
-0.965843
-0.967771
-0.957819
-0.959113
-0.955618
-0.968551
-0.96292
-0.965676
-0.950169
-0.951883
-0.943275
-0.968399
-0.958956
-0.962984
-0.938901
-0.944596
-0.953953
-0.954352
-0.967408
-0.963821
-0.9649
-0.978264
-0.977332
-0.980754
-0.978881
-0.97972
-0.976066
-0.976543
-0.975593
-0.979472
-0.977691
-0.97848
-0.974222
-0.975251
-0.974262
-0.978979
-0.977358
-0.978051
-0.972727
-0.974775
-0.97375
-0.979927
-0.978759
-0.979168
-0.971978
-0.975972
-0.974925
-0.983943
-0.984917
-0.983986
-0.972737
-0.981265
-0.979348
-0.99989
-0.990496
-0.995588
-0.973327
-0.977339
-0.974372
-0.988353
-0.98008
-0.983308
-0.971646
-0.968844
-0.974835
-0.973461
-0.981198
-0.977494
-0.978921
-0.982626
-0.98188
-0.984468
-0.983126
-0.983752
-0.980982
-0.981634
-0.981038
-0.983728
-0.982794
-0.983205
-0.980254
-0.981664
-0.981323
-0.984158
-0.983976
-0.983964
-0.980725
-0.983479
-0.983719
-0.986698
-0.988203
-0.987146
-0.983491
-0.988859
-0.990806
-0.993751
-0.999646
-0.995436
-0.99147
-1.00219
-1.01167
-1.01392
-1.02468
-1.0119
-0.999906
-0.995682
-0.990657
-1.00421
-0.992706
-0.997282
-0.98625
-0.985668
-0.98356
-0.989649
-0.985394
-0.987189
-0.981538
-0.979097
-0.982236
-0.981216
-0.985059
-0.983033
-0.983897
-0.985892
-0.985335
-0.984758
-0.985276
-0.984949
-0.984617
-0.985793
-0.985859
-0.985947
-0.988131
-0.988942
-0.989764
-0.993376
-0.995612
-0.997482
-1.00177
-1.00543
-1.00341
-0.997077
-0.995919
-0.993292
-0.990383
-0.98898
-0.987413
-0.986689
-0.985832
-0.984989
-0.983726
-0.985349
-0.984914
-0.983612
-0.970775
-0.96832
-0.968313
-0.967095
-0.966386
-0.96635
-0.963549
-0.964619
-0.963708
-0.962983
-0.960486
-0.960655
-0.960089
-0.958624
-0.95837
-0.964707
-0.964271
-0.963183
-0.96211
-0.96075
-0.961075
-0.957149
-0.957707
-0.958357
-0.956291
-0.955532
-0.954572
-0.955291
-0.950395
-0.950958
-0.951536
-0.948716
-0.947961
-0.962429
-0.963052
-0.961585
-0.961616
-0.959838
-0.961456
-0.956094
-0.957195
-0.95932
-0.956796
-0.955409
-0.95356
-0.947827
-0.949341
-0.951882
-0.948249
-0.946312
-0.942247
-0.944247
-0.935875
-0.937552
-0.940535
-0.935123
-0.932813
-0.962263
-0.964105
-0.962335
-0.963679
-0.961637
-0.964515
-0.958307
-0.959835
-0.963301
-0.960668
-0.958909
-0.955391
-0.949842
-0.952257
-0.9567
-0.952953
-0.950084
-0.94553
-0.936019
-0.940127
-0.946217
-0.940627
-0.935389
-0.92281
-0.929072
-0.909551
-0.918762
-0.928615
-0.919671
-0.906889
-0.96461
-0.967532
-0.965622
-0.967992
-0.965934
-0.969561
-0.963623
-0.965117
-0.969173
-0.96685
-0.965351
-0.96084
-0.957124
-0.959437
-0.964631
-0.961627
-0.95936
-0.953274
-0.947669
-0.951405
-0.958598
-0.954829
-0.951446
-0.942316
-0.935483
-0.941143
-0.952244
-0.947912
-0.943899
-0.908317
-0.928347
-0.926795
-0.932728
-0.948133
-0.944022
-0.940726
-0.968981
-0.972402
-0.970583
-0.973157
-0.97134
-0.974786
-0.970018
-0.971117
-0.974679
-0.972898
-0.9719
-0.967761
-0.965928
-0.967443
-0.971738
-0.969662
-0.968339
-0.963157
-0.961124
-0.963124
-0.968443
-0.966179
-0.964585
-0.957933
-0.956868
-0.959071
-0.96561
-0.963379
-0.961835
-0.953585
-0.954895
-0.956753
-0.964213
-0.962291
-0.961182
-0.948391
-0.95213
-0.956306
-0.957348
-0.964912
-0.963547
-0.96317
-0.97398
-0.977058
-0.97555
-0.977657
-0.976233
-0.978871
-0.975377
-0.976152
-0.978752
-0.977492
-0.976774
-0.973743
-0.972767
-0.973719
-0.976699
-0.975334
-0.974487
-0.970951
-0.970144
-0.97124
-0.974679
-0.973298
-0.972394
-0.968279
-0.968193
-0.969256
-0.973147
-0.971879
-0.971086
-0.966469
-0.967579
-0.968377
-0.972558
-0.971522
-0.97102
-0.966187
-0.968656
-0.968994
-0.973175
-0.972447
-0.972363
-0.967768
-0.967714
-0.971284
-0.971082
-0.974966
-0.974526
-0.974883
-0.978308
-0.980609
-0.979478
-0.981082
-0.980034
-0.981915
-0.979316
-0.979973
-0.981822
-0.980932
-0.980285
-0.978183
-0.977498
-0.978222
-0.980281
-0.979366
-0.978681
-0.976317
-0.975865
-0.97661
-0.978894
-0.978014
-0.977352
-0.974723
-0.974781
-0.975445
-0.977919
-0.97715
-0.9766
-0.97378
-0.97456
-0.975029
-0.977598
-0.977003
-0.976656
-0.973784
-0.975343
-0.975529
-0.978063
-0.977671
-0.977578
-0.974826
-0.977021
-0.976899
-0.979267
-0.979057
-0.979215
-0.977532
-0.976719
-0.979227
-0.978858
-0.980976
-0.98088
-0.981214
-0.981683
-0.983343
-0.982509
-0.970402
-0.9704
-0.967805
-0.96781
-0.964962
-0.964965
-0.962647
-0.962641
-0.959295
-0.959311
-0.9554
-0.955412
-0.952729
-0.952712
-0.947964
-0.948009
-0.942011
-0.94205
-0.938547
-0.938485
-0.93069
-0.930866
-0.919526
-0.919925
-0.914468
-0.913799
-0.891298
-0.896272
-0.850046
-0.871479
-0.889982
-0.876918
-0.89908
-0.91748
-0.927665
-0.93193
-0.945706
-0.944297
-0.953851
-0.954666
-0.961022
-0.961001
-0.966997
-0.967439
-0.971985
-0.970733
-0.97474
-0.974106
-0.97725
-0.977913
-0.980181
-0.979026
-0.981441
-0.980967
-0.98283
-0.98276
-0.983149
-0.983851
-0.98308
-0.982419
-0.983072
-0.981618
-0.981042
-0.981706
-0.980242
-0.979883
-0.980514
-0.979141
-0.979157
-0.979693
-0.978537
-0.979044
-0.979429
-0.978593
-0.979616
-0.979818
-0.979344
-0.98079
-0.980816
-0.980668
-0.982342
-0.98224
-0.982304
-0.983978
-0.983818
-0.984502
-0.983956
-0.985454
-0.985309
-0.972511
-0.972512
-0.972342
-0.969744
-0.969758
-0.967819
-0.967351
-0.967377
-0.965175
-0.965103
-0.963922
-0.962913
-0.963097
-0.964473
-0.96434
-0.961159
-0.961006
-0.959669
-0.958256
-0.958492
-0.961698
-0.961394
-0.96142
-0.959686
-0.960194
-0.960301
-0.95684
-0.956288
-0.956456
-0.953861
-0.954632
-0.954721
-0.954037
-0.949859
-0.949311
-0.949181
-0.94588
-0.946626
-0.96019
-0.959523
-0.961104
-0.958605
-0.959544
-0.957975
-0.954757
-0.953591
-0.955821
-0.951943
-0.953456
-0.951275
-0.946232
-0.944621
-0.947458
-0.941756
-0.943896
-0.94127
-0.93926
-0.933324
-0.931622
-0.934388
-0.926411
-0.928887
-0.961267
-0.960228
-0.963325
-0.960313
-0.961598
-0.958367
-0.955924
-0.954191
-0.958449
-0.953868
-0.955921
-0.951376
-0.947273
-0.944482
-0.950745
-0.943558
-0.946924
-0.940063
-0.93297
-0.928013
-0.938341
-0.925792
-0.932085
-0.920209
-0.913192
-0.905824
-0.893776
-0.91619
-0.889888
-0.904825
-0.964783
-0.963535
-0.967587
-0.964522
-0.9659
-0.961621
-0.96029
-0.958417
-0.963715
-0.959465
-0.961459
-0.955687
-0.953536
-0.950657
-0.958204
-0.952085
-0.95509
-0.946621
-0.943482
-0.938752
-0.950373
-0.941104
-0.945945
-0.932518
-0.928478
-0.920035
-0.93895
-0.924578
-0.932846
-0.910766
-0.868687
-0.909412
-0.896473
-0.921646
-0.911379
-0.919432
-0.969793
-0.968549
-0.972814
-0.970064
-0.971318
-0.966807
-0.96645
-0.964819
-0.970071
-0.96669
-0.968276
-0.962563
-0.962102
-0.95987
-0.966842
-0.962509
-0.964608
-0.956864
-0.956546
-0.953349
-0.963085
-0.957323
-0.960236
-0.949312
-0.949635
-0.944851
-0.958709
-0.950848
-0.955095
-0.93988
-0.942197
-0.935337
-0.953391
-0.944788
-0.950083
-0.934819
-0.931065
-0.94544
-0.944207
-0.955327
-0.953672
-0.954472
-0.975192
-0.974099
-0.978004
-0.975759
-0.976777
-0.972645
-0.972927
-0.971696
-0.97625
-0.973861
-0.974947
-0.970006
-0.970638
-0.969192
-0.974885
-0.972275
-0.973452
-0.967159
-0.968486
-0.966732
-0.974252
-0.97135
-0.972618
-0.964227
-0.966747
-0.964548
-0.974979
-0.971563
-0.97291
-0.961429
-0.965703
-0.962774
-0.977967
-0.971744
-0.97395
-0.959889
-0.965805
-0.963923
-0.975662
-0.970934
-0.972633
-0.962415
-0.960614
-0.9673
-0.966428
-0.974163
-0.971491
-0.97241
-0.980156
-0.979279
-0.982473
-0.980788
-0.981544
-0.978156
-0.978756
-0.977942
-0.981454
-0.979999
-0.980617
-0.976799
-0.978015
-0.977305
-0.981392
-0.980307
-0.980669
-0.976108
-0.978338
-0.977861
-0.982916
-0.982507
-0.982328
-0.976522
-0.980307
-0.980371
-0.987171
-0.987773
-0.986457
-0.978394
-0.98368
-0.984121
-0.995204
-0.992554
-0.99147
-0.979639
-0.981985
-0.980106
-0.991061
-0.984746
-0.986671
-0.977133
-0.979026
-0.977684
-0.984636
-0.981001
-0.982292
-0.975997
-0.974313
-0.977939
-0.977186
-0.981854
-0.979887
-0.980594
-0.984185
-0.983526
-0.985845
-0.98468
-0.985224
-0.982731
-0.983363
-0.982895
-0.985225
-0.984502
-0.984805
-0.982239
-0.983551
-0.983398
-0.985706
-0.985704
-0.985597
-0.982923
-0.98526
-0.985663
-0.987915
-0.989042
-0.988252
-0.985359
-0.989028
-0.990355
-0.992657
-0.994941
-0.993265
-0.989722
-0.993803
-0.995744
-0.999198
-0.999021
-0.997952
-0.992133
-0.991628
-0.990747
-0.995803
-0.99202
-0.993301
-0.987485
-0.986948
-0.985688
-0.989979
-0.987056
-0.988237
-0.983842
-0.984174
-0.983353
-0.986552
-0.984844
-0.985556
-0.982334
-0.981226
-0.98328
-0.982848
-0.985285
-0.984416
-0.984767
-0.985412
-0.984478
-0.972344
-0.969763
-0.969752
-0.967834
-0.967389
-0.967359
-0.964348
-0.965129
-0.964495
-0.962951
-0.961022
-0.961186
-0.959715
-0.958529
-0.958279
-0.965206
-0.963974
-0.963142
-0.961471
-0.960369
-0.959796
-0.956359
-0.956925
-0.956591
-0.954751
-0.953963
-0.954059
-0.954782
-0.949358
-0.949934
-0.949305
-0.946737
-0.945949
-0.961782
-0.961554
-0.960313
-0.959698
-0.958131
-0.958846
-0.953775
-0.954948
-0.956103
-0.95371
-0.95219
-0.951444
-0.944823
-0.946455
-0.947757
-0.944205
-0.942048
-0.939345
-0.941467
-0.931833
-0.933646
-0.934853
-0.929426
-0.926792
-0.960368
-0.961382
-0.959787
-0.960549
-0.958647
-0.960734
-0.954517
-0.95624
-0.958897
-0.956301
-0.954256
-0.951681
-0.944881
-0.947631
-0.951116
-0.947301
-0.943972
-0.940543
-0.929023
-0.933693
-0.93877
-0.932808
-0.9268
-0.914293
-0.921741
-0.899039
-0.908675
-0.917671
-0.907245
-0.893985
-0.961573
-0.963798
-0.962
-0.964014
-0.962018
-0.965119
-0.958848
-0.960685
-0.96428
-0.961899
-0.959951
-0.956046
-0.951011
-0.953866
-0.958577
-0.9554
-0.952437
-0.947007
-0.939338
-0.943969
-0.950736
-0.946547
-0.941969
-0.933446
-0.922427
-0.930218
-0.941058
-0.93587
-0.929155
-0.876781
-0.91377
-0.903528
-0.914842
-0.932971
-0.927852
-0.920984
-0.965203
-0.968218
-0.966423
-0.969039
-0.967186
-0.97057
-0.965183
-0.966705
-0.970345
-0.968408
-0.966948
-0.962811
-0.960016
-0.962135
-0.966663
-0.964341
-0.962397
-0.957004
-0.953647
-0.956543
-0.962432
-0.959783
-0.957336
-0.94998
-0.947134
-0.950724
-0.958483
-0.95574
-0.953107
-0.943161
-0.943365
-0.946823
-0.956208
-0.953832
-0.951702
-0.93386
-0.940183
-0.945618
-0.947605
-0.956841
-0.955356
-0.954344
-0.970146
-0.973265
-0.971666
-0.974161
-0.972605
-0.975589
-0.971406
-0.972518
-0.975556
-0.974093
-0.973072
-0.969583
-0.968195
-0.969563
-0.973123
-0.97151
-0.97031
-0.966112
-0.964869
-0.966469
-0.970691
-0.969011
-0.967705
-0.962642
-0.962194
-0.963845
-0.968756
-0.967157
-0.965934
-0.960063
-0.961127
-0.96251
-0.967888
-0.966542
-0.965638
-0.959419
-0.962273
-0.963085
-0.96846
-0.967491
-0.967081
-0.960414
-0.961215
-0.965381
-0.96552
-0.97043
-0.969828
-0.969925
-0.975071
-0.977742
-0.976446
-0.978504
-0.977285
-0.979627
-0.976461
-0.977308
-0.979637
-0.97856
-0.977766
-0.975123
-0.974334
-0.975271
-0.977891
-0.976765
-0.97592
-0.972913
-0.972384
-0.973363
-0.976302
-0.975191
-0.974359
-0.970972
-0.971024
-0.971932
-0.975157
-0.974147
-0.973431
-0.969745
-0.970649
-0.971347
-0.97474
-0.973911
-0.973415
-0.96962
-0.971451
-0.97183
-0.975209
-0.974606
-0.974395
-0.97073
-0.973298
-0.973328
-0.976514
-0.976121
-0.976189
-0.973281
-0.972838
-0.975744
-0.975502
-0.978389
-0.978132
-0.978394
-0.979265
-0.98135
-0.980352
-0.982049
-0.981118
-0.98293
-0.98045
-0.981189
-0.982986
-0.982193
-0.981468
-0.97947
-0.978899
-0.979659
-0.981623
-0.980823
-0.980099
-0.977903
-0.977579
-0.978311
-0.980436
-0.979678
-0.979007
-0.976631
-0.976734
-0.977369
-0.979619
-0.978962
-0.978407
-0.975905
-0.976573
-0.977043
-0.979354
-0.978844
-0.978454
-0.975921
-0.97718
-0.977445
-0.979735
-0.97939
-0.979184
-0.976725
-0.978466
-0.978528
-0.980718
-0.98052
-0.980474
-0.978178
-0.980177
-0.980088
-0.982122
-0.982019
-0.982079
-0.980435
-0.979988
-0.981988
-0.981828
-0.983686
-0.983621
-0.983718
-0.982751
-0.98438
-0.983624
-0.972228
-0.972227
-0.969524
-0.969528
-0.966543
-0.966546
-0.963741
-0.963737
-0.960146
-0.960157
-0.955945
-0.955953
-0.952534
-0.952522
-0.947267
-0.947299
-0.940665
-0.940695
-0.935982
-0.93593
-0.927004
-0.927166
-0.914134
-0.914536
-0.905725
-0.904844
-0.875341
-0.884041
-0.822718
-0.849552
-0.85464
-0.859098
-0.897916
-0.896867
-0.919482
-0.920421
-0.933555
-0.932611
-0.944501
-0.945082
-0.953006
-0.953104
-0.959845
-0.959948
-0.965486
-0.964869
-0.96939
-0.969032
-0.97289
-0.973318
-0.97624
-0.975419
-0.978223
-0.977861
-0.980224
-0.980553
-0.982314
-0.98183
-0.983646
-0.983491
-0.98518
-0.98512
-0.985208
-0.969531
-0.969356
-0.969375
-0.966739
-0.966676
-0.964709
-0.964001
-0.964175
-0.966356
-0.966226
-0.962888
-0.962743
-0.960518
-0.959438
-0.95967
-0.962223
-0.961927
-0.961086
-0.959624
-0.960134
-0.961137
-0.957388
-0.956837
-0.956015
-0.953703
-0.954487
-0.955614
-0.954932
-0.950394
-0.949841
-0.948529
-0.945554
-0.946319
-0.959522
-0.958844
-0.959581
-0.957265
-0.958244
-0.957563
-0.953918
-0.952711
-0.953968
-0.950219
-0.951821
-0.950687
-0.945069
-0.943394
-0.944985
-0.939419
-0.941682
-0.9404
-0.938321
-0.931733
-0.929973
-0.93098
-0.923316
-0.92591
-0.95944
-0.958341
-0.960775
-0.957785
-0.959187
-0.956674
-0.953702
-0.951823
-0.955345
-0.950601
-0.952898
-0.949193
-0.944286
-0.94124
-0.946532
-0.93892
-0.942743
-0.937056
-0.928728
-0.923355
-0.93209
-0.918581
-0.925823
-0.91603
-0.908607
-0.899578
-0.88671
-0.905881
-0.87676
-0.89432
-0.962083
-0.960709
-0.964422
-0.96121
-0.962775
-0.958886
-0.957038
-0.954898
-0.959907
-0.955248
-0.957601
-0.952193
-0.949229
-0.945855
-0.95318
-0.946288
-0.949932
-0.941789
-0.937467
-0.931819
-0.943426
-0.93298
-0.938872
-0.92552
-0.9201
-0.909981
-0.929831
-0.914784
-0.924114
-0.90051
-0.848428
-0.899224
-0.884095
-0.915585
-0.904886
-0.912682
-0.966667
-0.965257
-0.969514
-0.966503
-0.967969
-0.963504
-0.962744
-0.960803
-0.966158
-0.962267
-0.96422
-0.95845
-0.957366
-0.954617
-0.961837
-0.95669
-0.959374
-0.951458
-0.950349
-0.946378
-0.956457
-0.949657
-0.953387
-0.942303
-0.942038
-0.936479
-0.950205
-0.941908
-0.946798
-0.932213
-0.9353
-0.929312
-0.944698
-0.938302
-0.942595
-0.928301
-0.922616
-0.938144
-0.936248
-0.947006
-0.945403
-0.946606
-0.97206
-0.970796
-0.974954
-0.972386
-0.973605
-0.969248
-0.96925
-0.967724
-0.97266
-0.969722
-0.971138
-0.965848
-0.966009
-0.964101
-0.970324
-0.966867
-0.968559
-0.961811
-0.962454
-0.960032
-0.968113
-0.964002
-0.966046
-0.95732
-0.958955
-0.955949
-0.966309
-0.961511
-0.963928
-0.953142
-0.956523
-0.953309
-0.965271
-0.960369
-0.962811
-0.951655
-0.957371
-0.955615
-0.965434
-0.962369
-0.963732
-0.954883
-0.953241
-0.960497
-0.959801
-0.966938
-0.965231
-0.965871
-0.977342
-0.976311
-0.979951
-0.977921
-0.978847
-0.975027
-0.975459
-0.974387
-0.978502
-0.976491
-0.977388
-0.972977
-0.973842
-0.972715
-0.977641
-0.975643
-0.976476
-0.971124
-0.972702
-0.971534
-0.977683
-0.975692
-0.976392
-0.969694
-0.972266
-0.971085
-0.97896
-0.976743
-0.977285
-0.968895
-0.972402
-0.971121
-0.980949
-0.977428
-0.978263
-0.968686
-0.972215
-0.970866
-0.979871
-0.976046
-0.977246
-0.969063
-0.972283
-0.971354
-0.978059
-0.975429
-0.976305
-0.970206
-0.969058
-0.973107
-0.972588
-0.977443
-0.975885
-0.976389
-0.981934
-0.98115
-0.984033
-0.982547
-0.983212
-0.98015
-0.980744
-0.980074
-0.983163
-0.981962
-0.98245
-0.979096
-0.980256
-0.979767
-0.983219
-0.982421
-0.982626
-0.978777
-0.980749
-0.980544
-0.984625
-0.984308
-0.984107
-0.979428
-0.982348
-0.982481
-0.987703
-0.987439
-0.986891
-0.980858
-0.98412
-0.984189
-0.991234
-0.989052
-0.989041
-0.981498
-0.983331
-0.982487
-0.989577
-0.985948
-0.986929
-0.98009
-0.98141
-0.980485
-0.985955
-0.983163
-0.984086
-0.978906
-0.980327
-0.979696
-0.983698
-0.981987
-0.982578
-0.978754
-0.977916
-0.980356
-0.980013
-0.983021
-0.982102
-0.982403
-0.983478
-0.969541
-0.969384
-0.969362
-0.966232
-0.966694
-0.966371
-0.964025
-0.962754
-0.962906
-0.960547
-0.959695
-0.959454
-0.96676
-0.964741
-0.964205
-0.961974
-0.961179
-0.959691
-0.956883
-0.957442
-0.956099
-0.954564
-0.95377
-0.954948
-0.955655
-0.949875
-0.950448
-0.948616
-0.946399
-0.945605
-0.962273
-0.961165
-0.960205
-0.958946
-0.957655
-0.957406
-0.952828
-0.954035
-0.954141
-0.951982
-0.950385
-0.950798
-0.943543
-0.945226
-0.945213
-0.941916
-0.939651
-0.938385
-0.940546
-0.930137
-0.931976
-0.931388
-0.926331
-0.923626
-0.959622
-0.959737
-0.958382
-0.958517
-0.95683
-0.958018
-0.952031
-0.953887
-0.955605
-0.953134
-0.950871
-0.949395
-0.941577
-0.944557
-0.946855
-0.943092
-0.939372
-0.937443
-0.924319
-0.929362
-0.932752
-0.926608
-0.919751
-0.909581
-0.917324
-0.891782
-0.901931
-0.907714
-0.895772
-0.879416
-0.959601
-0.961021
-0.959399
-0.960946
-0.959085
-0.961502
-0.955141
-0.95724
-0.960181
-0.957826
-0.955524
-0.952413
-0.946164
-0.949464
-0.953429
-0.950182
-0.946635
-0.942128
-0.932455
-0.937907
-0.943867
-0.939419
-0.933789
-0.92625
-0.911476
-0.921094
-0.93119
-0.925486
-0.916664
-0.851407
-0.901577
-0.885129
-0.900391
-0.918509
-0.913704
-0.904169
-0.962281
-0.964717
-0.963018
-0.965463
-0.963657
-0.966704
-0.960958
-0.962826
-0.966223
-0.964223
-0.962358
-0.958564
-0.954741
-0.957388
-0.961718
-0.959253
-0.956716
-0.951608
-0.946766
-0.950493
-0.956328
-0.953426
-0.950088
-0.942823
-0.937907
-0.942837
-0.950861
-0.947795
-0.943882
-0.933589
-0.931949
-0.937109
-0.947302
-0.944802
-0.941446
-0.923014
-0.929432
-0.936777
-0.938951
-0.948212
-0.947239
-0.94586
-0.966793
-0.969677
-0.968076
-0.970716
-0.969117
-0.972142
-0.967451
-0.968892
-0.972069
-0.970477
-0.969126
-0.965528
-0.963521
-0.965331
-0.969134
-0.967342
-0.965721
-0.961268
-0.959277
-0.961465
-0.966111
-0.964201
-0.962372
-0.956803
-0.955592
-0.957986
-0.963572
-0.961722
-0.959906
-0.953211
-0.953896
-0.956037
-0.962287
-0.960749
-0.959302
-0.952138
-0.95536
-0.956685
-0.962841
-0.961817
-0.961023
-0.95324
-0.954583
-0.959363
-0.959758
-0.965157
-0.964614
-0.964462
-0.971867
-0.974639
-0.973255
-0.975629
-0.9743
-0.976917
-0.973244
-0.974321
-0.976978
-0.975745
-0.974748
-0.971759
-0.9707
-0.971914
-0.974942
-0.973634
-0.972557
-0.969094
-0.968298
-0.969597
-0.973051
-0.971736
-0.970649
-0.96667
-0.96653
-0.967786
-0.971638
-0.970418
-0.969443
-0.965038
-0.965926
-0.966957
-0.971053
-0.970036
-0.969306
-0.964741
-0.966774
-0.967424
-0.971507
-0.970756
-0.970359
-0.965986
-0.96889
-0.96912
-0.972943
-0.972447
-0.972372
-0.968485
-0.968432
-0.971692
-0.971602
-0.975037
-0.97471
-0.974859
-0.976577
-0.978946
-0.977816
-0.979832
-0.978765
-0.980917
-0.978008
-0.978879
-0.981038
-0.980091
-0.979261
-0.976869
-0.976211
-0.977115
-0.979499
-0.978528
-0.977691
-0.975036
-0.974651
-0.975535
-0.978143
-0.977201
-0.976418
-0.973509
-0.973612
-0.974395
-0.977192
-0.976346
-0.975688
-0.972592
-0.973352
-0.973953
-0.976855
-0.976163
-0.97569
-0.97253
-0.973983
-0.97435
-0.977244
-0.976736
-0.976469
-0.97339
-0.9754
-0.975536
-0.978312
-0.977972
-0.977889
-0.975006
-0.977307
-0.977271
-0.979856
-0.979632
-0.979668
-0.97734
-0.977035
-0.979342
-0.979222
-0.981588
-0.981418
-0.981501
-0.980649
-0.9826
-0.981707
-0.983259
-0.965949
-0.965947
-0.962235
-0.962242
-0.957866
-0.957872
-0.953808
-0.953799
-0.948197
-0.948221
-0.941138
-0.941163
-0.935443
-0.935401
-0.925838
-0.925966
-0.912373
-0.912639
-0.901951
-0.901331
-0.869656
-0.877671
-0.811783
-0.833115
-0.815535
-0.836599
-0.883544
-0.876019
-0.909607
-0.909257
-0.924117
-0.924057
-0.936985
-0.937174
-0.946185
-0.946225
-0.9532
-0.953224
-0.959446
-0.959169
-0.964137
-0.963956
-0.968195
-0.968433
-0.97191
-0.971402
-0.974535
-0.974297
-0.977082
-0.977316
-0.979487
-0.979117
-0.981229
-0.981105
-0.983104
-0.983183
-0.966563
-0.966202
-0.966348
-0.962581
-0.961898
-0.962103
-0.963894
-0.96362
-0.961902
-0.960775
-0.961267
-0.96318
-0.959254
-0.958729
-0.956896
-0.954967
-0.955734
-0.957918
-0.957256
-0.95251
-0.951979
-0.949459
-0.946928
-0.947683
-0.960045
-0.959377
-0.959194
-0.957157
-0.958145
-0.958422
-0.954461
-0.953254
-0.953454
-0.949991
-0.95162
-0.951606
-0.945583
-0.943895
-0.944221
-0.93898
-0.941286
-0.941337
-0.939252
-0.932101
-0.930307
-0.929905
-0.922623
-0.925259
-0.958737
-0.957611
-0.959216
-0.956387
-0.957855
-0.956221
-0.952818
-0.950872
-0.953447
-0.948794
-0.951221
-0.948548
-0.943062
-0.93992
-0.943994
-0.936458
-0.940474
-0.936133
-0.927129
-0.9218
-0.92859
-0.915444
-0.922802
-0.915237
-0.907709
-0.898856
-0.887946
-0.9013
-0.874832
-0.891206
-0.9603
-0.958841
-0.961963
-0.958752
-0.960456
-0.957213
-0.954891
-0.952577
-0.956956
-0.952135
-0.954749
-0.95006
-0.946414
-0.942741
-0.949323
-0.942073
-0.946159
-0.938911
-0.933655
-0.927524
-0.938178
-0.927128
-0.93375
-0.921659
-0.915031
-0.904137
-0.922788
-0.906774
-0.917315
-0.895759
-0.843778
-0.89277
-0.876148
-0.907111
-0.894352
-0.90431
-0.964149
-0.962601
-0.966576
-0.963429
-0.96508
-0.960947
-0.959769
-0.957577
-0.962689
-0.958477
-0.960743
-0.955284
-0.953604
-0.950447
-0.957459
-0.951802
-0.954963
-0.947346
-0.945509
-0.940941
-0.950848
-0.943464
-0.947811
-0.936995
-0.93611
-0.929843
-0.943467
-0.934977
-0.940348
-0.925826
-0.928914
-0.922359
-0.938105
-0.931869
-0.936286
-0.921399
-0.914207
-0.931816
-0.929405
-0.940279
-0.938713
-0.940229
-0.969207
-0.967781
-0.971936
-0.969139
-0.970553
-0.966242
-0.96592
-0.964125
-0.969124
-0.965779
-0.967505
-0.962208
-0.961894
-0.959585
-0.965918
-0.961872
-0.964012
-0.957247
-0.957309
-0.954364
-0.962476
-0.957698
-0.960308
-0.951712
-0.952811
-0.949308
-0.95924
-0.954095
-0.957017
-0.946863
-0.95
-0.946657
-0.957207
-0.952915
-0.955448
-0.945414
-0.951014
-0.949125
-0.957904
-0.955526
-0.956907
-0.948904
-0.947096
-0.954875
-0.954181
-0.960668
-0.959624
-0.960176
-0.974495
-0.973305
-0.977168
-0.97485
-0.975959
-0.971948
-0.972144
-0.970813
-0.975243
-0.97276
-0.973945
-0.969268
-0.969737
-0.968227
-0.973544
-0.970844
-0.972115
-0.966465
-0.967467
-0.965765
-0.972258
-0.969322
-0.970662
-0.963821
-0.965652
-0.963812
-0.97158
-0.96841
-0.969784
-0.961852
-0.964702
-0.962923
-0.971447
-0.968175
-0.969505
-0.961313
-0.964984
-0.963664
-0.971379
-0.968667
-0.969714
-0.962593
-0.966386
-0.96561
-0.97173
-0.969903
-0.970566
-0.964979
-0.964101
-0.968478
-0.968101
-0.972744
-0.971673
-0.972023
-0.979374
-0.978447
-0.981738
-0.979933
-0.980751
-0.977305
-0.977754
-0.976852
-0.980482
-0.978779
-0.97951
-0.975647
-0.976507
-0.975658
-0.979838
-0.978255
-0.978846
-0.974349
-0.975803
-0.975045
-0.980036
-0.978531
-0.978941
-0.973576
-0.975724
-0.975057
-0.981136
-0.979409
-0.979713
-0.973341
-0.975948
-0.97525
-0.982349
-0.97981
-0.980319
-0.973328
-0.975802
-0.974987
-0.981764
-0.978948
-0.979697
-0.973346
-0.975639
-0.974951
-0.980429
-0.978246
-0.978894
-0.973808
-0.976021
-0.975569
-0.979763
-0.978365
-0.978787
-0.974862
-0.974281
-0.977019
-0.976778
-0.98002
-0.979235
-0.979454
-0.981005
-0.966585
-0.966369
-0.96622
-0.962602
-0.962122
-0.96191
-0.963652
-0.963209
-0.960818
-0.958761
-0.959291
-0.956949
-0.955785
-0.955012
-0.957268
-0.957947
-0.952004
-0.952549
-0.949522
-0.947744
-0.946967
-0.963927
-0.961949
-0.961311
-0.959436
-0.958477
-0.957239
-0.953329
-0.954532
-0.953557
-0.951718
-0.950099
-0.951681
-0.944008
-0.945697
-0.944377
-0.941451
-0.939152
-0.939308
-0.941456
-0.930454
-0.932321
-0.930199
-0.925588
-0.922869
-0.960101
-0.959279
-0.95822
-0.957702
-0.956301
-0.95651
-0.950993
-0.952915
-0.953589
-0.95135
-0.948959
-0.948666
-0.940142
-0.943225
-0.944207
-0.940688
-0.936761
-0.936385
-0.922416
-0.927509
-0.929032
-0.923213
-0.916095
-0.908316
-0.916046
-0.890843
-0.899984
-0.902168
-0.891003
-0.874778
-0.958814
-0.959338
-0.957958
-0.958948
-0.957298
-0.958886
-0.952699
-0.954976
-0.957082
-0.95485
-0.952285
-0.950165
-0.942918
-0.946525
-0.949475
-0.946299
-0.9423
-0.939073
-0.927825
-0.933826
-0.93846
-0.933998
-0.927522
-0.921852
-0.904327
-0.915089
-0.923271
-0.917442
-0.906839
-0.841031
-0.894995
-0.873499
-0.89137
-0.906838
-0.902275
-0.88955
-0.960377
-0.962088
-0.960554
-0.962664
-0.960982
-0.96348
-0.957625
-0.959763
-0.962663
-0.960692
-0.958493
-0.95531
-0.950508
-0.953585
-0.957379
-0.954888
-0.951838
-0.9474
-0.941129
-0.945553
-0.950848
-0.947858
-0.943732
-0.937142
-0.930244
-0.936306
-0.943871
-0.940729
-0.935687
-0.925898
-0.922437
-0.929018
-0.938994
-0.936753
-0.932385
-0.913421
-0.920494
-0.929299
-0.931689
-0.940602
-0.940302
-0.938785
-0.964161
-0.966595
-0.965072
-0.967647
-0.966085
-0.968892
-0.963898
-0.96563
-0.968664
-0.967025
-0.965359
-0.961968
-0.959248
-0.961468
-0.965172
-0.963291
-0.961247
-0.956941
-0.954048
-0.956807
-0.96145
-0.959417
-0.957032
-0.951485
-0.949293
-0.95243
-0.958165
-0.956202
-0.95373
-0.946884
-0.946945
-0.94984
-0.95637
-0.954831
-0.952799
-0.945465
-0.949008
-0.950714
-0.957002
-0.956164
-0.955039
-0.94706
-0.948708
-0.953964
-0.954514
-0.959861
-0.959577
-0.959258
-0.969002
-0.971631
-0.970236
-0.972751
-0.971383
-0.974053
-0.969995
-0.971312
-0.974081
-0.972749
-0.971523
-0.968439
-0.96697
-0.968485
-0.971685
-0.970252
-0.9689
-0.965261
-0.96402
-0.965685
-0.969401
-0.967943
-0.966541
-0.96227
-0.96174
-0.963409
-0.967627
-0.966269
-0.964965
-0.960154
-0.960861
-0.962286
-0.966815
-0.965699
-0.964677
-0.959678
-0.961828
-0.962771
-0.967259
-0.966476
-0.965861
-0.961155
-0.964338
-0.964754
-0.968888
-0.968415
-0.968191
-0.963802
-0.964046
-0.967592
-0.967628
-0.971282
-0.971009
-0.971049
-0.973886
-0.976344
-0.975138
-0.977376
-0.976218
-0.978574
-0.975283
-0.976311
-0.978712
-0.977633
-0.976667
-0.97403
-0.973173
-0.974258
-0.976932
-0.975811
-0.974827
-0.971864
-0.971294
-0.972374
-0.975335
-0.974231
-0.973298
-0.97001
-0.969991
-0.97097
-0.974179
-0.973172
-0.972374
-0.96884
-0.969593
-0.970368
-0.97372
-0.972886
-0.972298
-0.968678
-0.970256
-0.970757
-0.974103
-0.973482
-0.973135
-0.969618
-0.971849
-0.972078
-0.975275
-0.974854
-0.974718
-0.971449
-0.974009
-0.974038
-0.976999
-0.976718
-0.97672
-0.973911
-0.973755
-0.976321
-0.976249
-0.978946
-0.978734
-0.978794
-0.978327
-0.980491
-0.979484
-0.980838
-0.956571
-0.956565
-0.950828
-0.950846
-0.943553
-0.943573
-0.936883
-0.936845
-0.926621
-0.926742
-0.912116
-0.912464
-0.901082
-0.900549
-0.874484
-0.879028
-0.8324
-0.837834
-0.810308
-0.83728
-0.877575
-0.868504
-0.902921
-0.902015
-0.916312
-0.916672
-0.930811
-0.930718
-0.940676
-0.940642
-0.947624
-0.947657
-0.954363
-0.954218
-0.959536
-0.959441
-0.96377
-0.963896
-0.967768
-0.967477
-0.970859
-0.970717
-0.973719
-0.973867
-0.976373
-0.976124
-0.978477
-0.97839
-0.980647
-0.980705
-0.963877
-0.963165
-0.96359
-0.959118
-0.957687
-0.958373
-0.952019
-0.950086
-0.950768
-0.961792
-0.961162
-0.960024
-0.958351
-0.959311
-0.960593
-0.95643
-0.955275
-0.954352
-0.95131
-0.952909
-0.954098
-0.947858
-0.946235
-0.945163
-0.940412
-0.942697
-0.944285
-0.942257
-0.934786
-0.933052
-0.930751
-0.92398
-0.926644
-0.959256
-0.95814
-0.958811
-0.956259
-0.957742
-0.957088
-0.953356
-0.951407
-0.952913
-0.948536
-0.951005
-0.949473
-0.94356
-0.94038
-0.943204
-0.935973
-0.940058
-0.937023
-0.92736
-0.92178
-0.927478
-0.914646
-0.922119
-0.915328
-0.907572
-0.897173
-0.884074
-0.900275
-0.873126
-0.890158
-0.959616
-0.958119
-0.960463
-0.957395
-0.959179
-0.956766
-0.954041
-0.951644
-0.955153
-0.950406
-0.953165
-0.94943
-0.945254
-0.94145
-0.946976
-0.939761
-0.944069
-0.937994
-0.932087
-0.92582
-0.935058
-0.924105
-0.931002
-0.920472
-0.913235
-0.902501
-0.918798
-0.903251
-0.913959
-0.894815
-0.846914
-0.891957
-0.876663
-0.90234
-0.89015
-0.900517
-0.962494
-0.960853
-0.964307
-0.961158
-0.962948
-0.95939
-0.957812
-0.955452
-0.960017
-0.95569
-0.958185
-0.95335
-0.951136
-0.947715
-0.954117
-0.94824
-0.951743
-0.944846
-0.942361
-0.937418
-0.946622
-0.938965
-0.943771
-0.933816
-0.932255
-0.925519
-0.93837
-0.929654
-0.935555
-0.922044
-0.924555
-0.917466
-0.932576
-0.926166
-0.931128
-0.917263
-0.909224
-0.927453
-0.924706
-0.934799
-0.933524
-0.935305
-0.966924
-0.965366
-0.969271
-0.966359
-0.967942
-0.963929
-0.963268
-0.961259
-0.966023
-0.962441
-0.964423
-0.959427
-0.958658
-0.956038
-0.962124
-0.957742
-0.960236
-0.953804
-0.953346
-0.950006
-0.957802
-0.952693
-0.955716
-0.947539
-0.948181
-0.944277
-0.953737
-0.948487
-0.951759
-0.942143
-0.945056
-0.941421
-0.951343
-0.947269
-0.94999
-0.940548
-0.946158
-0.944063
-0.95219
-0.950172
-0.951668
-0.944347
-0.942312
-0.950525
-0.949774
-0.955586
-0.955033
-0.955586
-0.971919
-0.970583
-0.974433
-0.971918
-0.9732
-0.969246
-0.969168
-0.967612
-0.972064
-0.969252
-0.970696
-0.966057
-0.966135
-0.96431
-0.969644
-0.966496
-0.968121
-0.962548
-0.963068
-0.960977
-0.967368
-0.963948
-0.965723
-0.959121
-0.960461
-0.958232
-0.965565
-0.962113
-0.963907
-0.956554
-0.959065
-0.95704
-0.964642
-0.96163
-0.963179
-0.955894
-0.959523
-0.958124
-0.964919
-0.962793
-0.963846
-0.95756
-0.961586
-0.960837
-0.9663
-0.965051
-0.965632
-0.960665
-0.959886
-0.964488
-0.964179
-0.968383
-0.967766
-0.968026
-0.976793
-0.975722
-0.979211
-0.977142
-0.978122
-0.974521
-0.974761
-0.973636
-0.977529
-0.975411
-0.976388
-0.972324
-0.972839
-0.971673
-0.976157
-0.973986
-0.97493
-0.970239
-0.971203
-0.970029
-0.97525
-0.973028
-0.973902
-0.968498
-0.97006
-0.968928
-0.9749
-0.972593
-0.973389
-0.96738
-0.969548
-0.96852
-0.974906
-0.97252
-0.973267
-0.967116
-0.96969
-0.968857
-0.974835
-0.972705
-0.973355
-0.967779
-0.970502
-0.969931
-0.974939
-0.973373
-0.973844
-0.969223
-0.971907
-0.971576
-0.975567
-0.974578
-0.974863
-0.971169
-0.97077
-0.973711
-0.973551
-0.976732
-0.976182
-0.976322
-0.978282
-0.963909
-0.963621
-0.963195
-0.959156
-0.958411
-0.957721
-0.952066
-0.950814
-0.950116
-0.961198
-0.960628
-0.958398
-0.955325
-0.956474
-0.954412
-0.952969
-0.951383
-0.954151
-0.94632
-0.94794
-0.945277
-0.942825
-0.940555
-0.942299
-0.944374
-0.933172
-0.934962
-0.931041
-0.926978
-0.924238
-0.961824
-0.960068
-0.95935
-0.95818
-0.957123
-0.956314
-0.951473
-0.953398
-0.952975
-0.951059
-0.948624
-0.949544
-0.940552
-0.943662
-0.943313
-0.940167
-0.936165
-0.937249
-0.92249
-0.927732
-0.927706
-0.922337
-0.915113
-0.90848
-0.916447
-0.888739
-0.899064
-0.900496
-0.889742
-0.873272
-0.959283
-0.95886
-0.957779
-0.958147
-0.956779
-0.957434
-0.951676
-0.954045
-0.955181
-0.953173
-0.950449
-0.949446
-0.941488
-0.945248
-0.947005
-0.944064
-0.939803
-0.938
-0.925784
-0.932003
-0.935063
-0.930888
-0.924001
-0.920294
-0.901664
-0.912606
-0.918464
-0.913147
-0.901977
-0.840917
-0.893113
-0.871314
-0.888753
-0.90034
-0.897151
-0.884127
-0.959622
-0.960493
-0.959191
-0.960834
-0.959354
-0.96113
-0.95542
-0.957745
-0.959942
-0.958093
-0.955642
-0.953296
-0.947664
-0.95104
-0.954016
-0.951626
-0.948185
-0.944752
-0.937311
-0.94221
-0.946532
-0.94364
-0.938909
-0.933574
-0.925116
-0.931907
-0.938305
-0.935336
-0.929427
-0.921244
-0.916216
-0.923672
-0.932336
-0.930569
-0.925344
-0.907978
-0.915453
-0.924263
-0.92682
-0.934491
-0.934984
-0.933326
-0.962443
-0.964255
-0.96288
-0.965215
-0.963768
-0.966135
-0.96106
-0.963026
-0.965673
-0.96407
-0.962135
-0.959219
-0.955788
-0.958347
-0.961646
-0.959778
-0.957358
-0.953552
-0.949752
-0.952992
-0.957233
-0.955205
-0.952319
-0.94727
-0.944066
-0.947831
-0.953203
-0.95129
-0.948223
-0.941836
-0.941165
-0.944692
-0.95091
-0.949564
-0.947023
-0.940125
-0.943781
-0.945788
-0.951708
-0.951219
-0.949851
-0.942208
-0.94406
-0.949613
-0.95026
-0.955156
-0.955249
-0.954827
-0.96673
-0.969003
-0.967672
-0.970153
-0.968818
-0.971318
-0.967041
-0.968577
-0.971231
-0.969867
-0.968417
-0.965494
-0.963535
-0.965336
-0.968444
-0.96696
-0.965328
-0.961818
-0.960021
-0.962045
-0.965715
-0.964199
-0.962467
-0.958268
-0.957212
-0.959291
-0.963523
-0.962129
-0.960475
-0.955676
-0.956064
-0.957874
-0.962455
-0.961364
-0.960038
-0.955048
-0.957214
-0.958416
-0.962918
-0.962239
-0.961418
-0.956805
-0.960165
-0.960726
-0.964803
-0.964483
-0.964136
-0.959722
-0.960157
-0.963896
-0.964017
-0.967556
-0.96745
-0.96741
-0.971453
-0.973799
-0.972581
-0.97491
-0.973719
-0.9761
-0.972527
-0.973721
-0.976189
-0.975024
-0.973907
-0.971222
-0.970067
-0.971347
-0.974119
-0.972897
-0.971743
-0.968692
-0.96782
-0.969117
-0.972219
-0.971007
-0.969896
-0.96647
-0.966206
-0.967406
-0.9708
-0.969694
-0.968731
-0.965016
-0.965652
-0.966621
-0.970183
-0.96928
-0.968561
-0.964749
-0.96637
-0.967013
-0.970559
-0.969913
-0.969476
-0.965802
-0.968186
-0.968506
-0.971868
-0.971458
-0.971269
-0.967893
-0.970646
-0.970732
-0.973817
-0.97357
-0.973541
-0.970552
-0.970512
-0.973267
-0.973236
-0.976024
-0.975855
-0.975893
-0.975996
-0.978217
-0.97714
-0.978171
-0.940563
-0.940536
-0.930188
-0.930281
-0.915289
-0.915603
-0.901751
-0.901026
-0.866912
-0.87522
-0.806857
-0.827898
-0.807683
-0.831411
-0.875956
-0.866211
-0.900512
-0.899359
-0.912159
-0.912682
-0.926954
-0.926707
-0.93694
-0.936857
-0.943438
-0.943492
-0.950485
-0.95038
-0.955908
-0.955849
-0.960035
-0.960106
-0.964213
-0.964049
-0.967584
-0.967502
-0.97052
-0.970608
-0.973341
-0.973188
-0.975708
-0.975653
-0.97802
-0.978058
-0.962076
-0.960882
-0.961728
-0.956681
-0.954247
-0.955687
-0.947897
-0.943962
-0.946026
-0.934103
-0.928499
-0.930898
-0.961028
-0.959968
-0.959641
-0.957466
-0.958911
-0.95932
-0.955363
-0.953494
-0.953812
-0.949877
-0.952301
-0.952068
-0.945904
-0.942845
-0.944149
-0.937422
-0.941477
-0.940192
-0.930206
-0.92481
-0.928306
-0.915833
-0.923466
-0.91956
-0.911993
-0.900847
-0.887839
-0.899906
-0.871805
-0.890207
-0.96013
-0.958643
-0.960081
-0.957277
-0.95908
-0.957625
-0.954578
-0.952179
-0.954656
-0.950174
-0.952977
-0.950355
-0.945773
-0.941944
-0.946256
-0.939328
-0.943711
-0.93894
-0.932492
-0.926109
-0.934035
-0.923404
-0.930412
-0.921183
-0.913131
-0.901835
-0.917513
-0.902221
-0.913112
-0.894102
-0.83816
-0.88989
-0.87247
-0.901175
-0.888755
-0.899328
-0.961872
-0.960187
-0.962932
-0.959913
-0.961783
-0.958988
-0.957053
-0.954611
-0.958393
-0.954146
-0.956774
-0.952799
-0.950131
-0.946585
-0.952079
-0.946255
-0.949951
-0.944061
-0.941037
-0.935931
-0.944051
-0.936468
-0.941516
-0.932761
-0.930629
-0.923738
-0.935267
-0.926726
-0.93288
-0.920784
-0.922793
-0.915635
-0.929117
-0.922998
-0.928212
-0.915823
-0.907489
-0.925546
-0.922659
-0.931339
-0.93053
-0.932456
-0.965435
-0.963787
-0.967225
-0.96432
-0.966027
-0.962533
-0.961537
-0.959383
-0.963652
-0.960004
-0.962173
-0.957739
-0.956546
-0.95372
-0.959254
-0.954757
-0.957503
-0.951711
-0.950771
-0.94717
-0.954326
-0.949113
-0.952436
-0.945001
-0.945176
-0.940988
-0.949712
-0.94446
-0.948025
-0.939254
-0.941801
-0.937909
-0.947043
-0.943117
-0.946072
-0.937527
-0.94294
-0.940673
-0.947965
-0.94627
-0.947898
-0.941502
-0.939296
-0.947641
-0.946834
-0.951784
-0.951676
-0.952257
-0.969871
-0.968416
-0.972033
-0.969425
-0.970854
-0.967181
-0.966815
-0.965083
-0.969296
-0.966309
-0.96796
-0.963623
-0.963327
-0.961265
-0.966319
-0.962941
-0.964835
-0.959624
-0.959719
-0.957348
-0.963356
-0.95973
-0.961806
-0.955683
-0.956623
-0.954122
-0.960893
-0.957395
-0.959455
-0.952741
-0.954972
-0.952749
-0.959609
-0.956803
-0.958513
-0.95199
-0.955513
-0.954007
-0.960027
-0.958284
-0.959395
-0.953883
-0.957961
-0.957188
-0.961951
-0.961145
-0.96171
-0.957447
-0.956685
-0.961393
-0.961109
-0.964722
-0.964513
-0.964728
-0.974467
-0.973266
-0.976734
-0.97449
-0.975618
-0.97209
-0.972087
-0.970772
-0.974658
-0.972262
-0.973453
-0.969465
-0.969635
-0.968217
-0.972662
-0.970132
-0.971356
-0.966802
-0.967339
-0.965869
-0.97092
-0.96834
-0.969537
-0.964431
-0.965549
-0.964132
-0.969661
-0.967183
-0.968271
-0.962821
-0.964666
-0.963451
-0.969076
-0.966912
-0.967802
-0.962439
-0.964945
-0.964067
-0.969243
-0.967604
-0.968234
-0.963429
-0.966299
-0.96577
-0.970155
-0.969094
-0.969475
-0.96546
-0.968376
-0.968112
-0.971675
-0.971087
-0.971283
-0.968023
-0.967734
-0.970779
-0.970672
-0.97357
-0.973294
-0.973376
-0.975619
-0.9621
-0.961752
-0.960913
-0.956718
-0.955727
-0.954298
-0.947975
-0.946114
-0.944066
-0.934315
-0.931112
-0.92868
-0.959981
-0.959333
-0.957482
-0.953525
-0.955373
-0.953826
-0.952311
-0.949918
-0.952104
-0.942957
-0.945955
-0.944201
-0.941536
-0.937571
-0.940336
-0.92538
-0.930453
-0.928515
-0.9237
-0.916407
-0.912745
-0.920389
-0.892277
-0.902355
-0.900599
-0.890371
-0.873183
-0.96103
-0.959647
-0.958911
-0.958623
-0.957597
-0.957255
-0.952155
-0.95453
-0.954616
-0.952918
-0.950139
-0.950318
-0.941907
-0.945697
-0.946184
-0.9436
-0.939242
-0.938885
-0.92601
-0.932322
-0.933834
-0.930097
-0.923059
-0.92103
-0.901292
-0.912557
-0.916725
-0.911957
-0.900596
-0.837009
-0.893105
-0.869254
-0.887727
-0.898315
-0.895653
-0.882476
-0.960093
-0.960053
-0.959039
-0.960118
-0.958905
-0.959833
-0.954516
-0.956937
-0.958276
-0.956639
-0.954035
-0.95268
-0.946427
-0.949958
-0.951918
-0.949756
-0.946077
-0.943848
-0.935588
-0.94072
-0.943802
-0.941186
-0.93611
-0.932274
-0.922846
-0.929931
-0.934794
-0.932228
-0.925889
-0.91956
-0.9137
-0.921381
-0.928216
-0.927108
-0.921551
-0.906076
-0.913642
-0.922061
-0.924673
-0.930679
-0.931918
-0.930184
-0.961781
-0.962839
-0.961678
-0.963628
-0.962364
-0.964115
-0.959186
-0.961314
-0.963371
-0.961887
-0.959747
-0.957527
-0.953466
-0.956265
-0.958901
-0.957149
-0.95444
-0.951428
-0.946833
-0.950411
-0.953909
-0.952017
-0.948743
-0.9446
-0.940509
-0.944703
-0.949257
-0.947547
-0.944023
-0.938651
-0.937253
-0.941198
-0.946555
-0.945546
-0.942613
-0.936792
-0.940232
-0.942442
-0.947508
-0.947467
-0.94592
-0.939145
-0.941123
-0.946677
-0.947385
-0.951472
-0.952008
-0.951523
-0.965249
-0.966992
-0.965793
-0.96808
-0.966849
-0.96898
-0.964668
-0.966385
-0.968709
-0.967386
-0.96574
-0.963214
-0.960745
-0.962786
-0.965548
-0.964097
-0.962216
-0.959121
-0.956737
-0.959066
-0.962384
-0.96091
-0.958878
-0.955102
-0.953467
-0.955895
-0.959781
-0.958467
-0.956493
-0.952115
-0.952093
-0.954227
-0.958468
-0.957527
-0.955931
-0.951371
-0.953425
-0.954834
-0.958976
-0.958519
-0.95753
-0.953376
-0.956783
-0.957448
-0.961139
-0.961071
-0.960635
-0.95658
-0.957132
-0.960941
-0.961114
-0.964257
-0.964399
-0.964309
-0.969512
-0.971557
-0.970394
-0.972672
-0.971512
-0.973731
-0.970011
-0.971361
-0.973704
-0.972511
-0.971245
-0.968725
-0.967205
-0.968672
-0.971324
-0.970064
-0.968738
-0.965844
-0.964586
-0.966095
-0.96909
-0.967841
-0.966548
-0.963263
-0.962658
-0.964074
-0.967376
-0.966255
-0.965122
-0.961532
-0.961953
-0.963109
-0.966586
-0.96571
-0.964858
-0.961175
-0.962747
-0.963519
-0.966967
-0.966396
-0.965877
-0.962358
-0.964807
-0.965201
-0.968443
-0.968143
-0.967911
-0.964715
-0.967578
-0.967705
-0.97065
-0.970528
-0.970477
-0.967608
-0.967644
-0.970505
-0.9705
-0.973139
-0.973094
-0.973118
-0.973882
-0.975988
-0.974896
-0.975551
-0.907669
-0.907304
-0.873757
-0.881078
-0.812007
-0.832484
-0.806291
-0.829473
-0.875077
-0.865679
-0.900126
-0.899045
-0.91101
-0.911586
-0.92556
-0.925243
-0.935271
-0.935163
-0.941007
-0.941078
-0.948069
-0.94797
-0.953502
-0.953456
-0.957283
-0.95733
-0.961515
-0.961416
-0.964996
-0.964948
-0.967805
-0.967856
-0.970701
-0.970611
-0.973214
-0.973181
-0.975511
-0.975535
-0.961706
-0.960051
-0.961344
-0.956162
-0.952906
-0.955104
-0.946923
-0.941197
-0.944854
-0.931773
-0.921254
-0.927888
-0.905024
-0.883695
-0.897815
-0.961871
-0.96045
-0.960895
-0.958464
-0.960222
-0.959831
-0.956542
-0.954238
-0.955539
-0.951494
-0.954242
-0.952909
-0.948055
-0.944361
-0.947201
-0.940792
-0.945115
-0.942021
-0.935225
-0.929043
-0.934995
-0.924931
-0.931922
-0.925138
-0.916532
-0.90554
-0.918267
-0.903413
-0.914525
-0.899905
-0.850436
-0.894212
-0.877351
-0.901162
-0.889839
-0.900602
-0.962375
-0.960702
-0.962598
-0.959826
-0.961715
-0.959822
-0.957582
-0.955143
-0.957966
-0.953971
-0.956637
-0.953699
-0.950661
-0.947105
-0.951483
-0.945932
-0.949689
-0.945015
-0.941533
-0.93639
-0.943229
-0.93596
-0.941093
-0.933714
-0.931019
-0.924014
-0.934224
-0.926039
-0.932295
-0.921576
-0.922966
-0.915552
-0.927939
-0.922199
-0.927509
-0.916562
-0.908179
-0.925852
-0.922922
-0.930107
-0.929801
-0.93178
-0.96489
-0.963201
-0.965997
-0.963215
-0.964993
-0.962193
-0.960884
-0.95866
-0.962224
-0.958668
-0.960946
-0.957286
-0.955711
-0.952784
-0.957517
-0.953103
-0.955996
-0.951088
-0.94971
-0.945981
-0.95222
-0.947117
-0.950612
-0.944188
-0.943903
-0.939579
-0.947268
-0.942196
-0.945935
-0.938285
-0.940402
-0.936391
-0.944407
-0.940754
-0.943856
-0.936486
-0.941538
-0.939181
-0.945359
-0.944038
-0.945754
-0.940526
-0.938239
-0.946395
-0.945556
-0.949438
-0.949764
-0.95037
-0.968544
-0.967009
-0.9702
-0.967609
-0.969143
-0.965946
-0.965291
-0.963441
-0.967194
-0.964176
-0.965976
-0.96216
-0.96151
-0.959292
-0.963823
-0.960395
-0.962476
-0.957862
-0.957564
-0.95501
-0.960401
-0.956757
-0.959039
-0.953612
-0.954168
-0.951485
-0.957531
-0.95411
-0.956358
-0.950442
-0.952356
-0.949984
-0.956035
-0.95344
-0.955285
-0.949625
-0.952937
-0.951338
-0.956521
-0.955106
-0.956284
-0.951644
-0.955613
-0.954808
-0.958765
-0.958346
-0.958921
-0.955484
-0.954713
-0.959374
-0.959097
-0.961981
-0.962149
-0.962345
-0.972624
-0.97132
-0.974566
-0.972243
-0.973495
-0.970241
-0.96998
-0.96852
-0.972166
-0.969631
-0.97099
-0.967308
-0.967148
-0.965546
-0.969692
-0.966993
-0.968425
-0.964252
-0.964409
-0.962734
-0.967367
-0.964659
-0.966077
-0.961476
-0.962221
-0.960616
-0.965554
-0.963089
-0.964363
-0.959572
-0.961128
-0.959783
-0.96466
-0.962719
-0.963711
-0.95912
-0.961477
-0.960545
-0.964943
-0.963678
-0.964323
-0.960293
-0.963147
-0.962624
-0.966314
-0.965666
-0.966009
-0.962683
-0.965655
-0.965423
-0.968416
-0.968197
-0.968341
-0.965657
-0.965427
-0.968476
-0.968401
-0.970845
-0.970854
-0.970898
-0.973291
-0.961693
-0.961329
-0.960049
-0.95615
-0.95509
-0.952916
-0.946923
-0.944848
-0.941242
-0.931803
-0.927806
-0.921253
-0.904786
-0.895971
-0.881184
-0.960407
-0.959783
-0.958408
-0.954181
-0.956468
-0.955459
-0.954146
-0.951415
-0.952842
-0.944267
-0.947934
-0.947071
-0.94495
-0.940646
-0.941896
-0.928814
-0.934961
-0.93472
-0.93155
-0.924543
-0.924753
-0.904672
-0.915736
-0.917485
-0.913415
-0.901965
-0.844114
-0.898002
-0.873701
-0.891785
-0.898726
-0.897112
-0.883781
-0.961813
-0.960832
-0.960151
-0.960602
-0.959711
-0.959711
-0.955008
-0.957437
-0.957816
-0.956468
-0.95381
-0.953541
-0.946884
-0.95044
-0.951264
-0.949431
-0.945664
-0.944743
-0.935951
-0.941137
-0.942858
-0.940638
-0.935433
-0.933159
-0.92304
-0.930229
-0.933514
-0.931438
-0.924948
-0.920359
-0.913702
-0.921542
-0.92672
-0.926199
-0.92053
-0.906798
-0.914413
-0.922297
-0.924939
-0.929291
-0.931155
-0.929396
-0.96226
-0.962478
-0.961584
-0.963034
-0.962016
-0.963016
-0.958451
-0.960664
-0.961974
-0.960687
-0.958421
-0.957057
-0.952497
-0.955423
-0.957204
-0.955666
-0.952778
-0.950761
-0.945551
-0.949306
-0.951818
-0.950179
-0.94667
-0.943684
-0.938911
-0.943318
-0.946752
-0.945369
-0.94158
-0.937514
-0.93551
-0.939643
-0.943792
-0.943211
-0.940063
-0.935598
-0.938648
-0.940954
-0.944847
-0.945288
-0.943636
-0.938064
-0.940095
-0.945394
-0.946131
-0.949153
-0.950145
-0.949626
-0.964707
-0.965786
-0.964779
-0.966734
-0.96567
-0.967265
-0.963111
-0.964953
-0.966765
-0.965555
-0.963759
-0.961827
-0.958886
-0.961098
-0.963293
-0.961962
-0.959886
-0.957451
-0.95452
-0.957066
-0.959765
-0.958431
-0.956165
-0.953112
-0.950919
-0.953593
-0.956817
-0.955688
-0.953468
-0.949863
-0.949392
-0.95175
-0.955303
-0.954613
-0.952812
-0.949047
-0.950856
-0.952406
-0.95586
-0.955707
-0.954596
-0.951217
-0.954511
-0.955243
-0.958267
-0.958517
-0.958021
-0.954631
-0.955248
-0.958984
-0.959187
-0.9617
-0.962142
-0.962023
-0.968256
-0.969838
-0.968792
-0.970882
-0.969816
-0.971699
-0.967989
-0.969467
-0.971502
-0.970346
-0.968946
-0.966792
-0.964882
-0.966507
-0.968827
-0.967602
-0.966121
-0.963619
-0.961939
-0.963629
-0.966269
-0.965067
-0.963609
-0.960736
-0.959736
-0.961337
-0.964268
-0.963224
-0.961937
-0.958775
-0.958905
-0.960217
-0.963313
-0.962561
-0.961593
-0.958349
-0.959777
-0.960651
-0.963712
-0.963311
-0.962725
-0.959648
-0.962062
-0.962509
-0.965364
-0.965259
-0.964997
-0.962238
-0.965109
-0.965261
-0.96783
-0.967905
-0.967844
-0.965351
-0.96543
-0.968302
-0.96831
-0.970592
-0.970733
-0.970751
-0.972193
-0.974021
-0.972973
-0.97325
-0.820777
-0.851004
-0.882192
-0.874161
-0.903981
-0.902928
-0.912647
-0.913211
-0.926498
-0.92617
-0.935679
-0.935565
-0.94048
-0.940558
-0.947275
-0.947177
-0.952493
-0.952452
-0.955733
-0.95577
-0.959871
-0.959803
-0.963304
-0.963273
-0.965815
-0.965847
-0.968692
-0.968637
-0.971235
-0.971215
-0.973375
-0.973389
-0.962907
-0.960992
-0.96259
-0.957818
-0.954432
-0.956951
-0.94986
-0.944357
-0.948325
-0.93821
-0.92949
-0.93589
-0.922336
-0.909575
-0.919717
-0.906323
-0.896209
-0.907121
-0.964033
-0.962431
-0.963379
-0.960961
-0.962802
-0.961922
-0.959437
-0.957092
-0.958814
-0.955224
-0.957834
-0.956094
-0.952775
-0.949345
-0.952391
-0.947318
-0.951008
-0.947809
-0.943972
-0.938994
-0.944186
-0.937466
-0.942533
-0.937022
-0.933824
-0.927016
-0.935187
-0.927581
-0.933815
-0.92546
-0.926049
-0.918835
-0.928841
-0.923728
-0.929052
-0.920602
-0.912779
-0.928809
-0.92597
-0.931053
-0.931351
-0.933318
-0.965375
-0.963699
-0.965717
-0.963163
-0.964956
-0.962985
-0.961396
-0.95918
-0.961872
-0.958552
-0.960859
-0.958137
-0.956231
-0.953304
-0.95704
-0.952883
-0.95582
-0.951991
-0.95022
-0.946482
-0.951586
-0.946776
-0.950327
-0.945129
-0.944387
-0.94004
-0.946486
-0.941752
-0.945551
-0.939228
-0.940849
-0.9368
-0.943535
-0.940263
-0.943418
-0.93742
-0.941988
-0.939616
-0.944489
-0.943588
-0.945336
-0.94146
-0.939182
-0.946861
-0.946019
-0.948676
-0.949426
-0.95004
-0.968072
-0.966503
-0.96911
-0.966635
-0.96823
-0.965665
-0.964733
-0.962827
-0.965938
-0.963021
-0.964907
-0.961792
-0.960814
-0.95852
-0.962328
-0.959003
-0.961192
-0.95737
-0.956703
-0.954059
-0.95863
-0.955121
-0.957522
-0.952988
-0.953159
-0.950386
-0.955518
-0.952295
-0.954654
-0.949716
-0.951264
-0.948816
-0.953894
-0.951572
-0.953501
-0.948863
-0.951857
-0.950209
-0.954413
-0.953336
-0.95456
-0.950932
-0.954641
-0.953818
-0.956839
-0.956789
-0.957375
-0.954888
-0.954114
-0.958562
-0.958288
-0.960321
-0.960844
-0.961032
-0.971436
-0.970064
-0.972916
-0.970613
-0.971953
-0.969142
-0.968623
-0.967068
-0.970278
-0.967734
-0.96921
-0.966022
-0.965548
-0.963827
-0.967469
-0.964757
-0.966329
-0.962728
-0.962535
-0.960731
-0.96476
-0.962079
-0.963643
-0.959714
-0.96011
-0.958385
-0.962606
-0.960261
-0.961657
-0.957639
-0.958892
-0.957461
-0.961534
-0.95983
-0.960898
-0.957142
-0.959277
-0.958301
-0.961876
-0.960941
-0.961609
-0.958416
-0.961128
-0.960599
-0.963516
-0.963231
-0.96356
-0.961013
-0.963897
-0.963681
-0.96599
-0.966112
-0.966227
-0.964232
-0.964033
-0.966982
-0.966925
-0.968783
-0.969078
-0.969099
-0.971514
-0.962832
-0.96251
-0.960925
-0.957719
-0.95684
-0.954334
-0.949698
-0.948128
-0.944164
-0.937858
-0.935424
-0.928953
-0.92136
-0.918344
-0.907631
-0.903754
-0.903679
-0.890271
-0.962318
-0.961802
-0.960827
-0.956939
-0.959279
-0.958643
-0.957646
-0.955037
-0.955921
-0.949092
-0.952532
-0.952139
-0.950719
-0.947007
-0.947509
-0.938498
-0.943536
-0.943759
-0.942032
-0.936882
-0.936406
-0.925961
-0.932974
-0.934413
-0.932918
-0.926465
-0.924132
-0.916955
-0.924598
-0.927601
-0.927733
-0.922069
-0.911432
-0.918495
-0.92535
-0.927898
-0.930214
-0.932684
-0.93094
-0.96391
-0.963244
-0.962659
-0.963526
-0.962803
-0.962966
-0.95896
-0.961176
-0.961634
-0.960608
-0.958301
-0.957898
-0.952992
-0.955933
-0.956732
-0.955488
-0.952534
-0.951641
-0.946004
-0.949788
-0.951165
-0.949867
-0.946268
-0.944584
-0.939305
-0.943756
-0.945909
-0.944926
-0.941039
-0.938417
-0.93587
-0.940048
-0.942836
-0.942711
-0.939485
-0.936507
-0.939057
-0.94138
-0.943936
-0.944848
-0.943159
-0.939004
-0.94102
-0.945857
-0.946596
-0.948396
-0.949824
-0.949292
-0.965193
-0.965517
-0.964752
-0.966261
-0.965419
-0.966351
-0.962538
-0.964444
-0.9656
-0.964569
-0.962681
-0.961493
-0.958157
-0.960458
-0.961918
-0.960783
-0.958586
-0.95699
-0.9536
-0.956261
-0.958139
-0.957031
-0.954619
-0.952504
-0.949826
-0.952629
-0.954954
-0.954096
-0.951726
-0.949135
-0.948221
-0.950693
-0.953306
-0.952938
-0.951014
-0.948287
-0.949753
-0.951375
-0.953898
-0.954098
-0.952914
-0.950532
-0.953563
-0.954329
-0.956476
-0.957073
-0.956544
-0.954042
-0.954686
-0.9582
-0.958416
-0.960128
-0.960889
-0.960755
-0.967824
-0.968819
-0.967943
-0.969727
-0.968811
-0.97021
-0.96667
-0.968238
-0.969805
-0.968751
-0.967249
-0.96563
-0.963347
-0.965084
-0.966886
-0.96577
-0.964169
-0.962257
-0.960167
-0.961985
-0.964056
-0.962984
-0.961397
-0.959168
-0.957764
-0.959495
-0.961813
-0.960934
-0.959529
-0.957049
-0.956843
-0.958265
-0.960723
-0.96018
-0.959124
-0.956576
-0.957775
-0.958719
-0.961143
-0.960985
-0.960352
-0.957958
-0.960227
-0.960708
-0.962951
-0.963102
-0.962822
-0.96071
-0.963479
-0.963644
-0.96564
-0.965962
-0.965897
-0.963982
-0.964082
-0.966861
-0.966877
-0.968632
-0.968998
-0.969015
-0.971105
-0.972513
-0.971565
-0.97149
-0.917824
-0.918436
-0.930099
-0.929786
-0.938297
-0.938183
-0.941911
-0.941989
-0.948175
-0.948079
-0.952975
-0.952937
-0.955522
-0.955554
-0.959412
-0.959359
-0.962652
-0.962629
-0.96473
-0.964751
-0.967485
-0.967449
-0.969949
-0.969937
-0.971814
-0.971823
-0.965283
-0.963342
-0.965037
-0.960947
-0.95794
-0.960357
-0.954829
-0.95048
-0.953919
-0.947009
-0.941171
-0.945936
-0.938445
-0.931786
-0.937765
-0.932426
-0.927967
-0.93335
-0.934498
-0.935315
-0.937316
-0.966918
-0.965312
-0.966453
-0.964224
-0.965971
-0.96493
-0.963104
-0.960973
-0.962667
-0.959712
-0.961966
-0.960316
-0.958137
-0.955315
-0.957887
-0.954145
-0.957024
-0.954454
-0.952347
-0.948734
-0.952476
-0.948133
-0.951623
-0.947895
-0.94672
-0.942507
-0.947403
-0.943167
-0.946915
-0.942242
-0.943301
-0.939369
-0.944456
-0.941683
-0.944806
-0.940485
-0.944392
-0.942093
-0.945402
-0.94497
-0.946696
-0.944369
-0.942229
-0.949091
-0.948276
-0.949563
-0.950721
-0.951325
-0.968531
-0.966976
-0.968875
-0.966611
-0.968216
-0.966403
-0.965218
-0.963322
-0.965647
-0.962949
-0.964855
-0.962582
-0.961307
-0.959018
-0.961941
-0.958854
-0.961074
-0.958202
-0.957192
-0.954549
-0.958128
-0.954889
-0.957325
-0.953852
-0.953637
-0.950862
-0.954911
-0.951996
-0.954389
-0.950595
-0.95173
-0.949278
-0.953228
-0.951249
-0.953204
-0.949741
-0.952319
-0.950671
-0.953756
-0.953043
-0.954281
-0.951795
-0.955107
-0.954288
-0.956258
-0.956569
-0.957156
-0.955722
-0.954963
-0.959035
-0.958766
-0.959853
-0.960708
-0.96089
-0.971021
-0.969621
-0.971938
-0.969745
-0.971134
-0.968903
-0.968135
-0.966537
-0.969157
-0.966715
-0.968257
-0.965714
-0.964946
-0.963171
-0.966144
-0.963545
-0.965196
-0.962323
-0.961802
-0.959936
-0.963206
-0.960674
-0.962319
-0.959207
-0.959261
-0.957479
-0.960854
-0.958718
-0.960182
-0.957058
-0.957981
-0.956508
-0.95968
-0.95825
-0.959361
-0.956539
-0.95838
-0.957383
-0.960051
-0.95944
-0.960123
-0.957852
-0.960315
-0.959784
-0.961842
-0.961896
-0.962218
-0.960536
-0.96321
-0.963003
-0.964533
-0.964976
-0.965074
-0.963857
-0.963675
-0.966421
-0.966373
-0.967547
-0.968118
-0.968125
-0.970451
-0.965145
-0.964895
-0.963207
-0.960773
-0.960168
-0.957749
-0.954567
-0.953625
-0.950161
-0.946562
-0.945423
-0.940568
-0.937642
-0.936852
-0.93063
-0.931186
-0.932062
-0.926291
-0.933671
-0.936702
-0.934936
-0.96514
-0.964752
-0.964029
-0.960754
-0.962889
-0.962435
-0.961722
-0.959459
-0.96008
-0.954999
-0.957841
-0.95758
-0.956692
-0.953788
-0.954103
-0.948243
-0.951912
-0.952045
-0.951155
-0.947606
-0.947346
-0.941756
-0.946083
-0.946805
-0.946279
-0.942433
-0.941425
-0.938438
-0.942503
-0.943739
-0.944094
-0.940896
-0.93958
-0.941542
-0.943793
-0.944844
-0.946212
-0.944542
-0.942053
-0.943944
-0.94812
-0.948835
-0.949291
-0.951117
-0.950592
-0.966741
-0.96626
-0.965774
-0.966753
-0.966175
-0.966361
-0.963053
-0.964955
-0.965357
-0.96456
-0.962646
-0.962301
-0.958674
-0.96098
-0.961588
-0.960711
-0.958475
-0.957838
-0.954101
-0.956775
-0.957694
-0.95688
-0.954417
-0.953376
-0.950304
-0.953126
-0.9544
-0.953872
-0.951447
-0.95002
-0.948688
-0.951178
-0.952689
-0.952681
-0.950713
-0.949175
-0.950231
-0.951861
-0.953298
-0.953865
-0.952656
-0.951412
-0.954054
-0.954823
-0.955953
-0.956899
-0.956359
-0.954896
-0.955537
-0.95869
-0.958909
-0.959699
-0.960775
-0.960637
-0.968307
-0.968626
-0.967967
-0.969344
-0.968627
-0.969429
-0.966212
-0.967822
-0.968796
-0.967902
-0.966341
-0.965387
-0.96278
-0.964573
-0.965712
-0.964772
-0.963099
-0.961929
-0.959474
-0.961359
-0.962696
-0.961824
-0.960159
-0.958744
-0.956964
-0.958763
-0.960286
-0.959641
-0.958164
-0.956553
-0.955996
-0.957473
-0.959102
-0.958828
-0.957721
-0.956058
-0.956959
-0.957937
-0.95954
-0.959671
-0.959012
-0.957476
-0.959498
-0.959994
-0.961458
-0.961897
-0.96161
-0.960298
-0.962854
-0.963023
-0.964301
-0.964894
-0.96483
-0.963636
-0.963744
-0.966328
-0.966345
-0.967447
-0.968058
-0.968076
-0.97075
-0.971626
-0.970829
-0.970435
-0.94535
-0.945431
-0.950797
-0.950707
-0.954985
-0.954949
-0.956715
-0.956745
-0.960209
-0.960163
-0.963125
-0.963106
-0.964662
-0.964678
-0.967196
-0.967171
-0.969483
-0.969474
-0.970976
-0.970981
-0.968216
-0.96641
-0.968035
-0.964621
-0.962157
-0.964264
-0.960072
-0.9569
-0.959609
-0.95492
-0.951203
-0.954525
-0.95009
-0.946468
-0.950104
-0.947283
-0.945019
-0.948132
-0.948177
-0.948172
-0.949907
-0.952137
-0.953643
-0.954251
-0.969945
-0.968456
-0.969558
-0.967589
-0.96915
-0.968178
-0.966771
-0.964949
-0.966382
-0.964008
-0.965868
-0.964541
-0.963013
-0.960808
-0.962718
-0.959991
-0.962162
-0.960365
-0.959052
-0.956501
-0.958938
-0.956092
-0.95848
-0.956207
-0.955626
-0.952942
-0.955743
-0.953241
-0.955592
-0.953088
-0.953784
-0.95141
-0.954066
-0.9525
-0.954423
-0.952263
-0.954348
-0.952754
-0.954587
-0.954263
-0.955479
-0.954232
-0.957033
-0.956242
-0.95707
-0.95773
-0.958304
-0.957989
-0.957279
-0.960816
-0.960558
-0.960636
-0.961795
-0.961971
-0.971447
-0.970063
-0.971736
-0.969736
-0.97113
-0.969584
-0.968585
-0.966999
-0.968905
-0.966666
-0.968222
-0.966439
-0.965405
-0.963637
-0.965812
-0.963435
-0.965105
-0.963082
-0.962257
-0.960397
-0.962778
-0.960498
-0.962164
-0.959991
-0.959709
-0.957931
-0.960342
-0.958492
-0.959974
-0.957854
-0.958421
-0.956952
-0.959122
-0.958009
-0.959129
-0.957335
-0.958817
-0.957827
-0.959503
-0.959223
-0.959906
-0.958637
-0.960756
-0.960233
-0.961355
-0.961735
-0.962049
-0.961299
-0.963655
-0.963456
-0.964138
-0.96488
-0.964968
-0.96459
-0.964421
-0.966864
-0.966822
-0.967241
-0.968074
-0.968074
-0.970211
-0.968032
-0.967848
-0.966225
-0.9644
-0.964031
-0.961916
-0.959775
-0.959291
-0.956554
-0.954498
-0.954073
-0.950689
-0.949503
-0.949488
-0.94575
-0.946586
-0.94745
-0.944246
-0.947638
-0.949448
-0.947766
-0.951878
-0.954054
-0.953524
-0.968248
-0.967965
-0.967358
-0.964697
-0.966528
-0.96612
-0.965599
-0.963727
-0.964278
-0.960481
-0.962707
-0.962395
-0.961827
-0.959633
-0.960018
-0.956069
-0.958657
-0.958534
-0.958062
-0.955639
-0.955752
-0.9524
-0.955137
-0.955259
-0.955101
-0.95271
-0.952534
-0.950838
-0.953255
-0.953555
-0.953927
-0.951984
-0.951719
-0.952334
-0.953914
-0.954159
-0.955092
-0.953899
-0.953871
-0.956025
-0.956769
-0.956794
-0.958072
-0.957539
-0.957217
-0.957818
-0.960489
-0.960701
-0.960502
-0.961871
-0.961733
-0.969739
-0.969333
-0.968924
-0.969821
-0.96934
-0.969469
-0.966714
-0.968314
-0.968608
-0.967924
-0.966351
-0.966149
-0.963292
-0.965079
-0.965458
-0.964749
-0.963058
-0.962728
-0.959983
-0.961867
-0.962359
-0.961745
-0.960058
-0.959569
-0.957464
-0.959264
-0.959871
-0.959512
-0.958015
-0.95739
-0.956489
-0.957967
-0.958644
-0.958676
-0.957556
-0.956896
-0.957451
-0.958428
-0.959088
-0.959531
-0.958867
-0.958301
-0.959989
-0.960482
-0.961054
-0.961792
-0.961506
-0.961094
-0.963333
-0.963501
-0.963962
-0.964828
-0.964767
-0.964388
-0.964496
-0.966786
-0.966803
-0.967168
-0.968023
-0.968043
-0.971212
-0.971477
-0.970874
-0.9702
-0.959318
-0.959347
-0.962272
-0.962231
-0.96475
-0.964733
-0.96567
-0.965684
-0.967891
-0.96787
-0.96991
-0.969904
-0.970957
-0.970961
-0.97117
-0.969572
-0.971034
-0.968154
-0.966195
-0.967944
-0.96467
-0.9624
-0.964457
-0.961073
-0.958705
-0.960993
-0.958032
-0.955992
-0.958279
-0.956435
-0.955278
-0.957183
-0.956928
-0.956957
-0.958177
-0.95929
-0.960249
-0.960831
-0.962683
-0.964097
-0.964277
-0.972737
-0.971411
-0.972363
-0.97063
-0.971985
-0.971195
-0.969995
-0.968472
-0.969579
-0.96763
-0.969146
-0.968203
-0.966941
-0.96524
-0.966523
-0.964462
-0.966093
-0.965003
-0.963914
-0.96212
-0.963516
-0.961576
-0.963206
-0.962053
-0.961461
-0.959743
-0.961097
-0.959602
-0.961053
-0.96001
-0.960219
-0.958798
-0.959882
-0.959123
-0.960221
-0.959512
-0.960598
-0.959641
-0.960259
-0.960315
-0.960983
-0.960756
-0.962463
-0.961959
-0.962096
-0.962782
-0.963087
-0.963298
-0.96525
-0.965061
-0.964855
-0.965868
-0.96595
-0.966436
-0.966283
-0.968333
-0.968296
-0.967926
-0.968995
-0.968991
-0.970854
-0.970964
-0.970826
-0.969359
-0.967913
-0.967696
-0.965935
-0.964371
-0.964145
-0.962065
-0.960695
-0.960602
-0.958278
-0.957576
-0.957819
-0.955489
-0.955953
-0.95672
-0.954788
-0.956528
-0.957818
-0.956618
-0.959035
-0.960617
-0.960075
-0.962562
-0.964186
-0.964042
-0.971192
-0.970973
-0.970392
-0.968214
-0.96975
-0.969319
-0.968881
-0.967349
-0.967938
-0.964925
-0.966645
-0.96621
-0.965774
-0.964122
-0.964678
-0.961738
-0.963557
-0.963143
-0.962828
-0.961175
-0.961663
-0.95931
-0.961052
-0.960674
-0.960634
-0.959165
-0.959579
-0.958369
-0.959801
-0.959453
-0.95981
-0.95871
-0.959104
-0.959296
-0.960243
-0.95989
-0.960647
-0.959996
-0.960447
-0.961738
-0.962216
-0.961835
-0.962862
-0.962583
-0.963113
-0.964952
-0.965114
-0.964707
-0.965831
-0.965772
-0.966254
-0.966353
-0.968264
-0.968281
-0.967866
-0.968949
-0.968969
-0.972525
-0.972136
-0.971758
-0.970844
-0.967755
-0.967768
-0.969578
-0.96956
-0.971255
-0.971249
-0.971805
-0.971808
-0.97383
-0.972426
-0.973698
-0.971188
-0.969597
-0.971027
-0.968284
-0.966607
-0.968158
-0.965426
-0.963878
-0.965447
-0.963127
-0.962005
-0.963429
-0.961972
-0.961547
-0.96265
-0.962328
-0.962677
-0.963365
-0.964073
-0.965012
-0.965337
-0.966694
-0.967928
-0.968024
-0.969612
-0.970877
-0.970879
-0.97239
-0.973625
-0.973492
-0.97221
-0.970952
-0.970786
-0.969341
-0.968
-0.967867
-0.966295
-0.965084
-0.9651
-0.963508
-0.962738
-0.963043
-0.961601
-0.961578
-0.962273
-0.961167
-0.961992
-0.963058
-0.962385
-0.963837
-0.965134
-0.964832
-0.966562
-0.967917
-0.967843
-0.969559
-0.970841
-0.970855
-0.972381
-0.973518
-0.973522
END_LIST
