time,branch0,branch1,branch2,branch3,branch4,branch5,branch6,branch7,branch8,branch9,branch10,branch11,branch12,branch13,branch14,branch15,branch16,branch17,branch18,branch19,branch20,branch21,branch22,branch23,branch24,branch25,branch26,branch27,
0,211322,155556,198955,153838,150836,125288,102420,114605,137728,165632,132398,178242,121801,196813,198177,199868,210440,211065,100775,101341,102965,96420.8,204609,204224,184287,82473,96115,124200,
1,212164,163327,205143,163242,160478,136864,112917,123466,147518,171005,139030,181465,130295,200681,204491,204538,212075,212125,113544,113006,114573,107295,207966,205682,189003,93038.5,107533,135817,
2,212167,163866,205305,163830,161065,137772,113885,124270,148287,171414,139654,181748,131017,200796,204641,204642,212085,212131,114767,114116,115645,108363,208036,205722,189177,94168,108644,136739,
3,212168,164179,205337,164009,161283,138122,114354,124748,148495,171719,140120,181991,131428,200868,204687,204687,212087,212133,115225,114574,116093,108835,208051,205753,189280,94608.6,109090,137093,
4,212168,164485,205365,164168,161487,138448,114804,125216,148668,172021,140583,182232,131828,200939,204730,204731,212088,212134,115647,115003,116515,109280,208064,205785,189382,95012.4,109505,137421,
5,212169,164789,205393,164328,161690,138772,115253,125683,148839,172322,141044,182471,132228,201010,204774,204774,212089,212135,116067,115430,116935,109724,208077,205816,189483,95415.1,109918,137748,
6,212169,165092,205421,164487,161893,139096,115702,126149,149010,172621,141503,182709,132627,201081,204817,204818,212090,212137,116486,115856,117355,110168,208090,205847,189584,95818.5,110331,138075,
7,212169,165393,205449,164647,162095,139419,116150,126614,149180,172919,141961,182946,133026,201151,204860,204861,212091,212138,116905,116282,117775,110611,208102,205878,189685,96222.7,110744,138401,
8,212170,165693,205476,164807,162297,139742,116597,127078,149351,173216,142418,183181,133424,201220,204903,204903,212092,212140,117324,116707,118193,111054,208115,205909,189785,96627.6,111157,138726,
9,212170,165992,205504,164967,162499,140064,117044,127542,149521,173511,142874,183415,133821,201289,204946,204946,212094,212141,117742,117132,118612,111497,208128,205940,189885,97033.2,111570,139051,
10,212170,166290,205531,165128,162700,140385,117490,128004,149691,173804,143328,183647,134217,201358,204988,204988,212095,212142,118160,117557,119030,111939,208141,205970,189984,97439.5,111983,139376,
11,212171,166587,205559,165288,162900,140706,117936,128465,149862,174096,143780,183878,134613,201426,205030,205030,212096,212144,118578,117981,119448,112382,208153,206001,190083,97846.4,112397,139700,
12,212171,166882,205586,165449,163101,141027,118381,128926,150032,174386,144232,184108,135009,201494,205072,205072,212097,212145,118995,118405,119865,112824,208166,206031,190182,98254.1,112810,140023,
13,212172,167176,205613,165611,163301,141346,118825,129386,150202,174675,144681,184336,135403,201561,205114,205114,212098,212146,119411,118828,120281,113265,208179,206061,190280,98662.4,113223,140346,
14,212172,167469,205640,165772,163500,141666,119268,129844,150371,174963,145130,184563,135797,201629,205155,205155,212099,212148,119827,119250,120697,113707,208191,206091,190378,99071.3,113636,140669,
15,212172,167760,205668,165934,163699,141984,119711,130302,150541,175249,145576,184788,136190,201695,205196,205197,212101,212149,120242,119672,121113,114147,208204,206121,190476,99480.9,114049,140990,
16,212173,168051,205694,166096,163898,142302,120153,130758,150710,175533,146022,185012,136583,201761,205237,205238,212102,212150,120657,120093,121527,114588,208217,206151,190573,99891,114463,141312,
17,212173,168340,205721,166258,164096,142620,120595,131214,150880,175816,146465,185234,136974,201827,205278,205278,212103,212151,121071,120514,121942,115028,208229,206180,190670,100302,114875,141632,
18,212173,168627,205748,166420,164294,142937,121035,131668,151049,176098,146908,185455,137365,201893,205319,205319,212104,212153,121485,120934,122355,115468,208242,206210,190767,100713,115288,141952,
19,212174,168914,205775,166583,164491,143253,121475,132122,151218,176378,147348,185674,137755,201958,205359,205359,212105,212154,121898,121354,122768,115907,208254,206239,190863,101125,115701,142272,
20,212174,169199,205801,166746,164688,143569,121914,132574,151387,176656,147787,185893,138145,202022,205399,205399,212106,212155,122310,121773,123181,116346,208267,206268,190958,101538,116114,142591,
21,212175,169483,205828,166909,164884,143884,122353,133025,151556,176933,148225,186109,138533,202086,205439,205439,212107,212156,122722,122191,123593,116784,208279,206298,191054,101951,116526,142909,
22,212175,169765,205854,167072,165080,144198,122790,133476,151725,177209,148661,186325,138921,202150,205479,205479,212108,212158,123133,122609,124004,117222,208292,206326,191149,102364,116939,143227,
23,212175,170047,205880,167235,165276,144512,123227,133925,151893,177483,149095,186539,139308,202214,205518,205518,212109,212159,123544,123026,124414,117659,208304,206355,191244,102778,117351,143544,
24,212176,170327,205906,167399,165471,144825,123663,134372,152062,177755,149528,186751,139694,202277,205557,205558,212110,212160,123954,123442,124824,118096,208316,206384,191338,103193,117763,143860,
25,212176,170605,205933,167563,165666,145137,124098,134819,152230,178027,149959,186962,140079,202339,205596,205597,212111,212161,124363,123858,125233,118532,208329,206412,191432,103608,118175,144176,
26,212176,170883,205959,167727,165860,145449,124532,135265,152398,178296,150389,187172,140463,202402,205635,205636,212113,212162,124772,124273,125641,118968,208341,206441,191525,104023,118586,144491,
27,212177,171159,205985,167891,166054,145760,124965,135709,152566,178564,150817,187380,140847,202464,205674,205674,212114,212164,125179,124687,126049,119403,208353,206469,191619,104439,118998,144806,
28,212177,171434,206010,168055,166247,146070,125397,136152,152734,178831,151243,187587,141229,202525,205712,205713,212115,212165,125586,125100,126456,119838,208366,206497,191712,104855,119409,145120,
29,212177,171707,206036,168220,166440,146380,125829,136594,152902,179095,151668,187793,141611,202586,205750,205751,212116,212166,125993,125513,126862,120272,208378,206525,191804,105272,119820,145433,
30,212178,171979,206062,168384,166632,146689,126259,137034,153069,179359,152090,187997,141992,202647,205788,205789,212117,212167,126398,125925,127268,120705,208390,206553,191896,105689,120230,145745,
31,212178,172250,206087,168549,166824,146997,126689,137474,153237,179621,152512,188200,142371,202707,205826,205826,212118,212168,126803,126336,127672,121138,208402,206581,191988,106107,120641,146057,
32,212179,172520,206113,168714,167016,147304,127117,137912,153404,179881,152931,188402,142750,202767,205864,205864,212119,212169,127207,126747,128076,121570,208415,206609,192080,106525,121051,146368,
33,212179,172788,206138,168879,167207,147611,127545,138349,153571,180140,153349,188602,143128,202827,205901,205901,212120,212170,127611,127156,128479,122002,208427,206636,192171,106943,121460,146679,
34,212179,173055,206164,169045,167397,147917,127971,138784,153738,180398,153765,188801,143505,202886,205938,205939,212121,212172,128013,127565,128881,122432,208439,206663,192261,107362,121870,146989,
35,212180,173321,206189,169210,167588,148222,128397,139218,153905,180654,154179,188998,143881,202945,205975,205975,212122,212173,128415,127973,129282,122863,208451,206691,192352,107780,122279,147298,
36,212180,173586,206214,169376,167777,148527,128821,139651,154071,180908,154592,189194,144256,203004,206012,206012,212123,212174,128816,128380,129683,123292,208463,206718,192442,108200,122687,147606,
37,212180,173849,206239,169541,167966,148831,129245,140083,154238,181161,155003,189389,144630,203062,206048,206049,212124,212175,129216,128786,130083,123721,208475,206745,192532,108619,123096,147913,
38,212181,174111,206264,169707,168155,149134,129667,140513,154404,181413,155412,189583,145003,203120,206085,206085,212125,212176,129615,129191,130481,124149,208487,206772,192621,109039,123503,148220,
39,212181,174371,206289,169873,168343,149436,130089,140942,154570,181662,155819,189775,145375,203177,206121,206121,212126,212177,130013,129596,130879,124576,208499,206798,192710,109459,123911,148526,
40,212181,174630,206314,170039,168531,149738,130509,141369,154736,181911,156225,189965,145746,203234,206157,206157,212127,212178,130410,129999,131276,125003,208511,206825,192799,109879,124318,148832,
41,212182,174888,206338,170205,168718,150038,130928,141795,154902,182158,156629,190155,146116,203291,206193,206193,212128,212179,130807,130402,131672,125428,208523,206852,192887,110300,124725,149136,
42,212182,175145,206363,170371,168905,150338,131346,142220,155067,182403,157031,190343,146484,203347,206228,206228,212129,212180,131203,130804,132068,125854,208535,206878,192975,110720,125131,149440,
43,212183,175400,206388,170538,169091,150638,131763,142643,155233,182647,157431,190530,146852,203403,206263,206264,212130,212181,131597,131205,132462,126278,208547,206904,193062,111141,125536,149743,
44,212183,175654,206412,170704,169277,150936,132179,143065,155398,182890,157830,190715,147219,203459,206298,206299,212131,212182,131991,131604,132855,126701,208559,206930,193150,111562,125942,150046,
45,212183,175907,206436,170871,169462,151234,132594,143485,155563,183130,158226,190899,147584,203514,206333,206334,212132,212183,132384,132003,133247,127124,208571,206956,193237,111983,126346,150347,
46,212184,176158,206461,171037,169647,151530,133007,143904,155728,183370,158621,191082,147949,203569,206368,206368,212133,212184,132776,132401,133639,127546,208582,206982,193323,112404,126751,150648,
47,212184,176408,206485,171204,169831,151826,133420,144321,155893,183608,159014,191264,148312,203624,206403,206403,212134,212185,133167,132798,134029,127967,208594,207008,193409,112826,127154,150948,
48,212184,176657,206509,171371,170015,152122,133831,144737,156057,183844,159405,191444,148674,203678,206437,206437,212135,212186,133557,133194,134419,128387,208606,207034,193495,113247,127557,151247,
49,212185,176904,206533,171537,170198,152416,134241,145152,156221,184079,159794,191623,149035,203732,206471,206472,212135,212187,133946,133589,134807,128806,208618,207059,193581,113669,127960,151546,
50,212185,177150,206557,171704,170381,152709,134650,145565,156385,184313,160182,191801,149395,203786,206505,206505,212136,212188,134334,133983,135194,129224,208630,207085,193666,114091,128362,151843,
51,212185,177395,206581,171871,170563,153002,135057,145976,156549,184545,160567,191977,149754,203839,206539,206539,212137,212189,134721,134376,135581,129642,208641,207110,193751,114512,128763,152140,
52,212186,177639,206605,172038,170745,153294,135464,146386,156713,184775,160951,192152,150112,203892,206573,206573,212138,212190,135107,134768,135966,130058,208653,207135,193836,114934,129164,152436,
53,212186,177881,206629,172205,170926,153585,135869,146794,156877,185004,161333,192326,150468,203945,206606,206606,212139,212191,135492,135159,136351,130474,208665,207160,193920,115356,129565,152731,
54,212186,178122,206652,172372,171106,153875,136273,147201,157040,185232,161713,192499,150823,203997,206639,206639,212140,212192,135876,135549,136734,130888,208676,207185,194004,115778,129964,153025,
55,212187,178361,206676,172539,171287,154164,136676,147607,157203,185458,162091,192670,151178,204049,206672,206672,212141,212193,136259,135937,137116,131302,208688,207210,194087,116199,130363,153319,
56,212187,178600,206699,172706,171466,154453,137077,148010,157366,185682,162467,192840,151531,204101,206705,206705,212142,212194,136641,136325,137497,131715,208699,207235,194170,116621,130762,153611,
57,212187,178837,206723,172873,171645,154740,137477,148412,157529,185905,162842,193009,151882,204152,206738,206738,212143,212194,137022,136712,137877,132127,208711,207259,194253,117043,131159,153903,
58,212188,179072,206746,173040,171824,155027,137876,148813,157691,186127,163214,193177,152233,204203,206770,206770,212144,212195,137401,137097,138256,132538,208723,207284,194336,117464,131556,154194,
59,212188,179307,206769,173207,172002,155313,138274,149212,157854,186347,163585,193343,152582,204254,206802,206803,212145,212196,137780,137482,138634,132948,208734,207308,194418,117886,131953,154484,
60,212188,179540,206793,173374,172180,155598,138670,149609,158016,186566,163953,193508,152930,204304,206835,206835,212145,212197,138158,137865,139011,133356,208746,207332,194500,118307,132348,154773,
61,212189,179772,206816,173542,172357,155882,139065,150005,158178,186783,164320,193672,153277,204354,206866,206867,212146,212198,138534,138247,139387,133764,208757,207356,194581,118728,132743,155062,
62,212189,180002,206839,173709,172533,156165,139459,150400,158340,186999,164685,193835,153623,204404,206898,206898,212147,212199,138910,138628,139761,134171,208768,207380,194663,119149,133137,155349,
63,212189,180232,206862,173876,172709,156447,139851,150792,158501,187213,165048,193996,153967,204453,206930,206930,212148,212200,139284,139008,140134,134577,208780,207404,194743,119570,133531,155636,
64,212190,180460,206885,174043,172885,156729,140242,151183,158662,187426,165409,194157,154310,204502,206961,206961,212149,212201,139657,139387,140507,134982,208791,207428,194824,119991,133923,155921,
65,212190,180686,206907,174210,173060,157009,140631,151572,158823,187638,165768,194316,154652,204551,206992,206993,212150,212201,140029,139765,140878,135385,208803,207452,194904,120412,134315,156206,
66,212190,180912,206930,174377,173234,157289,141020,151960,158984,187848,166126,194474,154993,204600,207023,207024,212151,212202,140400,140141,141248,135788,208814,207475,194984,120832,134707,156490,
67,212191,181136,206953,174543,173408,157567,141407,152346,159145,188057,166481,194630,155332,204648,207054,207054,212151,212203,140770,140516,141617,136190,208825,207499,195064,121252,135097,156773,
68,212191,181358,206975,174710,173581,157845,141792,152731,159305,188264,166834,194786,155670,204696,207085,207085,212152,212204,141138,140891,141984,136590,208837,207522,195143,121672,135487,157055,
69,212191,181580,206998,174877,173754,158122,142176,153113,159466,188470,167186,194940,156007,204743,207115,207116,212153,212205,141506,141263,142351,136989,208848,207545,195222,122092,135875,157336,
70,212192,181800,207020,175044,173926,158398,142559,153494,159626,188674,167535,195093,156343,204791,207146,207146,212154,212205,141872,141635,142716,137388,208859,207569,195300,122511,136263,157617,
71,212192,182019,207043,175210,174098,158672,142941,153874,159785,188877,167883,195245,156677,204838,207176,207176,212155,212206,142237,142006,143080,137785,208870,207592,195379,122930,136650,157896,
72,212193,182237,207065,175377,174269,158947,143321,154252,159945,189078,168229,195396,157010,204884,207206,207206,212156,212207,142601,142375,143443,138181,208882,207614,195457,123349,137037,158175,
73,212193,182453,207087,175543,174439,159220,143699,154628,160104,189278,168572,195546,157341,204931,207236,207236,212156,212208,142963,142743,143804,138576,208893,207637,195534,123767,137422,158452,
74,212193,182669,207109,175710,174610,159492,144076,155002,160263,189477,168914,195694,157672,204977,207265,207266,212157,212209,143325,143110,144165,138970,208904,207660,195612,124186,137806,158729,
75,212193,182882,207131,175876,174779,159763,144452,155375,160422,189674,169254,195842,158001,205023,207295,207295,212158,212209,143685,143476,144524,139362,208915,207683,195689,124603,138190,159004,
76,212194,183095,207153,176042,174948,160033,144827,155746,160581,189870,169592,195988,158328,205068,207324,207324,212159,212210,144044,143840,144882,139754,208926,207705,195765,125021,138573,159279,
77,212194,183307,207175,176208,175116,160303,145199,156115,160739,190065,169928,196133,158655,205113,207353,207354,212160,212211,144402,144203,145238,140144,208937,207727,195842,125438,138955,159553,
78,212194,183517,207197,176374,175284,160571,145571,156483,160897,190258,170262,196277,158980,205158,207382,207382,212160,212212,144758,144565,145594,140533,208948,207750,195918,125854,139336,159826,
79,212195,183726,207219,176540,175452,160838,145941,156848,161055,190450,170595,196420,159303,205203,207411,207411,212161,212212,145114,144926,145948,140921,208959,207772,195994,126270,139716,160098,
80,212195,183933,207241,176706,175618,161105,146310,157212,161213,190640,170925,196561,159626,205247,207440,207440,212162,212213,145468,145285,146301,141308,208970,207794,196069,126686,140095,160369,
81,212195,184140,207262,176871,175785,161370,146677,157575,161371,190829,171253,196702,159947,205292,207468,207468,212163,212214,145821,145644,146653,141693,208981,207816,196144,127101,140473,160639,
82,212196,184345,207284,177037,175950,161635,147042,157936,161528,191017,171580,196842,160266,205335,207496,207497,212164,212215,146172,146000,147003,142078,208992,207838,196219,127516,140850,160908,
83,212196,184549,207305,177202,176115,161898,147406,158295,161685,191203,171904,196980,160585,205379,207525,207525,212164,212215,146523,146356,147352,142461,209003,207860,196293,127930,141226,161176,
84,212196,184751,207327,177367,176280,162161,147769,158652,161842,191388,172227,197117,160901,205422,207553,207553,212165,212216,146872,146710,147700,142843,209014,207881,196368,128344,141601,161443,
85,212197,184953,207348,177532,176444,162422,148130,159007,161998,191571,172547,197254,161217,205465,207580,207581,212166,212217,147220,147063,148046,143223,209025,207903,196442,128757,141975,161709,
86,212197,185153,207369,177697,176607,162683,148490,159361,162154,191754,172866,197389,161531,205508,207608,207608,212167,212217,147566,147415,148392,143603,209036,207924,196515,129170,142349,161975,
87,212197,185352,207390,177862,176770,162943,148848,159713,162310,191935,173183,197523,161844,205550,207636,207636,212167,212218,147911,147766,148736,143981,209046,207946,196588,129582,142721,162239,
88,212198,185549,207411,178026,176933,163201,149205,160063,162466,192114,173498,197656,162156,205593,207663,207663,212168,212219,148255,148115,149078,144358,209057,207967,196661,129994,143092,162502,
89,212198,185746,207433,178191,177094,163459,149561,160412,162622,192292,173811,197788,162466,205635,207690,207690,212169,212219,148598,148463,149420,144733,209068,207988,196734,130405,143462,162764,
90,212198,185941,207453,178355,177256,163716,149914,160759,162777,192469,174122,197919,162774,205676,207717,207717,212170,212220,148939,148809,149760,145108,209079,208009,196806,130815,143831,163026,
91,212199,186135,207474,178519,177416,163972,150267,161104,162932,192645,174431,198049,163082,205718,207744,207744,212170,212221,149279,149154,150098,145481,209089,208030,196878,131225,144199,163286,
92,212199,186328,207495,178682,177576,164226,150617,161447,163087,192819,174738,198177,163388,205759,207771,207771,212171,212221,149618,149498,150436,145853,209100,208051,196950,131634,144566,163546,
93,212199,186520,207516,178846,177736,164480,150967,161789,163241,192992,175043,198305,163692,205800,207797,207798,212172,212222,149956,149841,150772,146223,209111,208072,197022,132043,144932,163804,
94,212200,186710,207537,179009,177895,164733,151315,162128,163396,193164,175347,198432,163995,205840,207824,207824,212173,212223,150292,150182,151107,146592,209121,208092,197093,132451,145297,164061,
95,212200,186900,207557,179172,178053,164985,151661,162466,163550,193334,175648,198558,164297,205881,207850,207850,212173,212223,150627,150522,151440,146960,209132,208113,197164,132858,145661,164318,
96,212200,187088,207578,179335,178211,165235,152006,162803,163704,193503,175948,198682,164598,205921,207876,207876,212174,212224,150960,150860,151772,147327,209143,208133,197234,133264,146023,164573,
97,212201,187274,207598,179498,178368,165485,152349,163137,163857,193671,176245,198806,164897,205960,207902,207902,212175,212225,151292,151197,152103,147692,209153,208154,197304,133670,146385,164828,
98,212201,187460,207619,179660,178525,165734,152690,163470,164010,193837,176541,198929,165194,206000,207928,207928,212175,212225,151623,151533,152432,148056,209164,208174,197374,134075,146745,165081,
99,212201,187645,207639,179822,178681,165982,153031,163801,164163,194003,176835,199050,165490,206039,207954,207954,212176,212226,151953,151867,152760,148419,209174,208194,197444,134479,147104,165333,
100,212202,187828,207659,179984,178837,166229,153369,164130,164316,194167,177127,199171,165785,206078,207979,207979,212177,212227,152281,152201,153087,148780,209185,208214,197513,134883,147463,165585,
101,847.852,9289.63,6536,12150.3,11435.6,14950.9,14668.2,11938.3,12355.5,6242.98,8305.85,3504.24,11200,3978.72,6521.55,4802.5,1646.07,1065.7,18031.5,16458.3,16225.6,15738.6,3520.56,1464.23,4963.85,16821.8,16656.2,15088.1,
102,3.75786,304.474,157.784,663.33,494.226,806.262,758.351,482.105,832.203,135.027,217.65,48.3377,457.35,45.0642,110.871,62.8104,9.55268,4.2335,1175.54,1008.42,952.412,951.602,70.4033,8.40645,79.6901,1242.63,1085.12,827.455,
103,0.096458,9.91641,5.8175,35.4828,20.9918,36.3813,27.789,14.1935,54.9479,2.46719,4.20216,0.557019,15.4512,0.396333,1.35822,0.619861,0.0469256,0.0150846,55.8458,46.4045,41.4265,44.0135,3.35436,0.0417055,1.3976,70.301,55.3692,38.1098,
104,0.00607139,0.419617,0.3217,1.83758,1.02372,1.66193,0.821335,0.345741,3.61193,0.0415367,0.0675262,0.00567566,0.530583,0.00306561,0.0135307,0.0052052,0.000219142,5.80743e-05,2.25972,1.87457,1.58637,1.828,0.216069,0.000188795,0.0443894,3.52406,2.63241,1.77593,
105,0.000402544,0.0232593,0.0200523,0.094841,0.0576708,0.0850898,0.021788,0.00775082,0.237258,0.000701997,0.000996042,5.30174e-05,0.0219531,2.27753e-05,0.000117655,3.99622e-05,1.08353e-06,3.07801e-07,0.0896845,0.0763246,0.0628223,0.0776557,0.0143217,8.06082e-07,0.00231811,0.175111,0.131299,0.0921273,
106,2.66015e-05,0.00145986,0.00128591,0.00512683,0.00354797,0.00490574,0.000601872,0.000187901,0.0155865,1.42378e-05,1.61698e-05,4.65041e-07,0.00114033,1.76301e-07,9.41364e-07,2.97745e-07,6.1817e-09,2.46642e-09,0.00397937,0.0035175,0.00291776,0.00371182,0.000946716,3.31357e-09,0.000143025,0.00929017,0.00723034,0.00533964,
107,1.75266e-06,9.50048e-05,8.34494e-05,0.000297028,0.00022737,0.000304635,2.11085e-05,6.18387e-06,0.00102414,4.51506e-07,4.15136e-07,3.89443e-09,6.84061e-05,1.53595e-09,7.29343e-09,2.2977e-09,4.2847e-11,2.64891e-11,0.000208583,0.000189843,0.000161143,0.000203854,6.23902e-05,1.32892e-11,9.22144e-06,0.000536695,0.000433981,0.000331943,
108,1.15306e-07,6.23402e-06,5.45121e-06,1.82506e-05,1.48096e-05,1.95893e-05,1.0178e-06,2.9634e-07,6.73001e-05,2.23999e-08,1.91041e-08,3.15269e-11,4.36117e-06,1.65388e-11,5.84117e-11,2.00249e-11,3.77122e-13,3.7414e-13,1.24021e-05,1.14507e-05,9.8887e-06,1.23455e-05,4.1051e-06,5.25833e-14,6.02313e-07,3.30743e-05,2.741e-05,2.13426e-05,
109,7.58104e-09,4.09688e-07,3.57305e-07,1.16263e-06,9.70341e-07,1.27742e-06,5.99904e-08,1.75848e-08,4.4228e-06,1.36169e-09,1.15146e-09,2.50406e-13,2.83928e-07,2.77711e-13,5.50063e-13,2.36061e-13,4.90802e-15,8.89294e-15,7.85338e-07,7.28949e-07,6.34809e-07,7.85688e-07,2.69913e-07,2.15702e-16,3.95052e-08,2.11342e-06,1.77328e-06,1.39142e-06,
110,4.98304e-10,2.69283e-08,2.34567e-08,7.54169e-08,6.37073e-08,8.37292e-08,3.81898e-09,1.12358e-09,2.90663e-07,8.7767e-11,7.4278e-11,2.06809e-15,1.86068e-08,9.48067e-15,8.58996e-15,5.42389e-15,1.29777e-16,3.91883e-16,5.09721e-08,4.7393e-08,4.14084e-08,5.10452e-08,1.77419e-08,1.52467e-18,2.59462e-09,1.37343e-07,1.15863e-07,9.11876e-08,
111,3.27505e-11,1.76988e-09,1.54094e-09,4.93116e-09,4.1855e-09,5.49784e-09,2.48808e-10,7.32919e-11,1.91022e-08,5.7401e-12,4.86116e-12,2.45734e-17,1.22181e-09,5.1887e-16,3.05835e-16,2.49346e-16,6.39436e-18,2.32827e-17,3.33658e-09,3.1039e-09,2.71507e-09,3.34177e-09,1.16607e-09,5.11394e-20,1.70484e-10,8.98819e-09,7.59882e-09,5.98717e-09,
112,2.1524e-12,1.16322e-10,1.01255e-10,3.23462e-10,2.75043e-10,3.61214e-10,1.63133e-11,4.80714e-12,1.2554e-09,3.76767e-13,3.19149e-13,7.66529e-19,8.02767e-11,3.27778e-17,1.73508e-17,1.51272e-17,3.94334e-19,1.4971e-18,2.19009e-10,2.03769e-10,1.78308e-10,2.19349e-10,7.66362e-11,3.17116e-21,1.12035e-11,5.89809e-10,4.99043e-10,3.93354e-10,
113,1.41457e-13,7.64479e-12,6.65412e-12,2.12435e-11,1.80752e-11,2.37368e-11,1.07143e-12,3.15753e-13,8.25046e-11,2.47528e-14,2.09688e-14,4.39799e-20,5.27539e-12,2.13647e-18,1.10784e-18,9.78176e-19,2.558e-20,9.79284e-20,1.43878e-11,1.33873e-11,1.17159e-11,1.44101e-11,5.03657e-12,2.0767e-22,7.36277e-13,3.87418e-11,3.27894e-11,2.58486e-11,
114,9.29658e-15,5.02419e-13,4.37301e-13,1.3958e-12,1.18789e-12,1.55994e-12,7.04017e-14,2.07481e-14,5.4222e-12,1.6266e-15,1.37796e-15,2.84238e-21,3.46691e-13,1.4016e-19,7.23915e-20,6.40705e-20,1.67653e-21,6.42912e-21,9.45457e-13,8.79722e-13,7.69917e-13,9.46921e-13,3.31005e-13,1.3645e-23,4.83878e-14,2.54566e-12,2.15475e-12,1.69871e-12,
115,6.10971e-16,3.30191e-14,2.87392e-14,9.17245e-14,7.80679e-14,1.02518e-13,4.62656e-15,1.3635e-15,3.56347e-13,1.06897e-16,9.05578e-17,1.8644e-22,2.27843e-14,9.20762e-21,4.75189e-21,4.20766e-21,1.10115e-22,4.22418e-22,6.21332e-14,5.78136e-14,5.05979e-14,6.22295e-14,2.17536e-14,8.96736e-25,3.18004e-15,1.67291e-13,1.41607e-13,1.11638e-13,
116,4.0153e-17,2.17001e-15,1.88874e-15,6.02797e-15,5.13062e-15,6.73747e-15,3.04053e-16,8.96084e-17,2.34191e-14,7.02524e-18,5.95142e-18,1.225e-23,1.49738e-15,6.05067e-22,3.12212e-22,2.76481e-22,7.23577e-24,2.77596e-23,4.08335e-15,3.79947e-15,3.32527e-15,4.08968e-15,1.42965e-15,5.89333e-26,2.08992e-16,1.09941e-14,9.30631e-15,7.33684e-15,
117,2.63886e-18,1.42613e-16,1.24128e-16,3.96155e-16,3.37184e-16,4.42786e-16,1.99823e-17,5.88904e-18,1.5391e-15,4.61698e-19,3.91126e-19,8.05048e-25,9.84079e-17,3.97641e-23,2.05173e-23,1.81696e-23,4.75518e-25,1.82433e-24,2.68357e-16,2.49701e-16,2.18536e-16,2.68773e-16,9.39565e-17,3.8731e-27,1.37349e-17,7.22529e-16,6.11609e-16,4.82177e-16,
118,1.73426e-19,9.37255e-18,8.15767e-18,2.60352e-17,2.21597e-17,2.90999e-17,1.31323e-18,3.87027e-19,1.0115e-16,3.03427e-20,2.57048e-20,5.29075e-26,6.46737e-18,2.61328e-24,1.34838e-24,1.19409e-24,3.12508e-26,1.19895e-25,1.76364e-17,1.64103e-17,1.43622e-17,1.76637e-17,6.17482e-18,2.5454e-28,9.0266e-19,4.74845e-17,4.01949e-17,3.16886e-17,
119,1.13975e-20,6.15964e-19,5.36122e-19,1.71103e-18,1.45634e-18,1.91244e-18,8.63057e-20,2.54354e-20,6.64757e-18,1.99412e-21,1.68932e-21,3.47708e-27,4.25035e-19,1.71744e-25,8.86149e-26,7.84757e-26,2.0538e-27,7.87946e-27,1.15906e-18,1.07848e-18,9.43884e-19,1.16086e-18,4.05809e-19,1.67284e-29,5.93228e-20,3.12068e-18,2.64161e-18,2.08258e-18,
120,7.49046e-22,4.04811e-20,3.52339e-20,1.12449e-19,9.57104e-20,1.25686e-19,5.67201e-21,1.67161e-21,4.36878e-19,1.31054e-22,1.11022e-22,2.28514e-28,2.79333e-20,1.1287e-26,5.82376e-27,5.15742e-27,1.34975e-28,5.17838e-28,7.61736e-20,7.0878e-20,6.2032e-20,7.62917e-20,2.66698e-20,1.09939e-30,3.8987e-21,2.05091e-19,1.73606e-19,1.36867e-19,
121,4.92273e-23,2.66042e-21,2.31557e-21,7.39015e-21,6.29009e-21,8.26007e-21,3.72764e-22,1.09858e-22,2.87116e-20,8.61285e-24,7.29636e-24,1.50179e-29,1.83578e-21,7.41783e-28,3.82737e-28,3.38945e-28,8.87058e-30,3.40323e-29,5.00613e-21,4.6581e-21,4.07674e-21,5.01389e-21,1.75274e-21,7.22516e-32,2.56222e-22,1.34786e-20,1.14094e-20,8.99489e-21,
122,3.23522e-24,1.74843e-22,1.52179e-22,4.8568e-22,4.13384e-22,5.42851e-22,2.44981e-23,7.2199e-24,1.88693e-21,5.66037e-25,4.79517e-25,9.86977e-31,1.20647e-22,4.87499e-29,2.51535e-29,2.22755e-29,5.82974e-31,2.2366e-30,3.29003e-22,3.0613e-22,2.67923e-22,3.29513e-22,1.1519e-22,4.74838e-33,1.68389e-23,8.85812e-22,7.49826e-22,5.91144e-22,
123,2.12618e-25,1.14907e-23,1.00012e-23,3.19189e-23,2.71676e-23,3.56762e-23,1.61001e-24,4.74491e-25,1.24009e-22,3.71999e-26,3.15138e-26,6.48641e-32,7.92893e-24,3.20385e-30,1.65309e-30,1.46394e-30,3.83131e-32,1.4699e-31,2.1622e-23,2.01189e-23,1.76079e-23,2.16556e-23,7.57028e-24,3.12063e-34,1.10665e-24,5.82155e-23,4.92786e-23,3.885e-23,
124,1.39733e-26,7.55166e-25,6.57281e-25,2.09771e-24,1.78546e-24,2.34464e-24,1.0581e-25,3.11836e-26,8.14986e-24,2.44478e-27,2.07109e-27,4.26287e-33,5.21089e-25,2.10557e-31,1.08641e-31,9.62104e-32,2.51793e-33,9.66015e-33,1.421e-24,1.32221e-24,1.15719e-24,1.4232e-24,4.97518e-25,2.05088e-35,7.27292e-26,3.82592e-24,3.23859e-24,2.55322e-24,
125,9.18323e-28,4.96295e-26,4.31965e-26,1.37861e-25,1.1734e-25,1.5409e-25,6.95383e-27,2.04938e-27,5.35609e-25,1.60671e-28,1.36112e-28,2.80156e-34,3.4246e-26,1.38378e-32,7.13988e-33,6.32294e-33,1.65479e-34,6.34865e-34,9.33881e-26,8.68958e-26,7.60507e-26,9.3533e-26,3.26969e-26,1.34784e-36,4.77976e-27,2.5144e-25,2.1284e-25,1.67798e-25,
126,6.03522e-29,3.26165e-27,2.83887e-27,9.06025e-27,7.71159e-27,1.01268e-26,4.57006e-28,1.34685e-28,3.52002e-26,1.05593e-29,8.94528e-30,1.84118e-35,2.25065e-27,9.09419e-34,4.69232e-34,4.15544e-34,1.08753e-35,4.17233e-35,6.13747e-27,5.71079e-27,4.99805e-27,6.14699e-27,2.14884e-27,8.85799e-38,3.14126e-28,1.65246e-26,1.39878e-26,1.10277e-26,
127,3.96635e-30,2.14356e-28,1.86571e-28,5.9544e-28,5.06806e-28,6.65531e-28,3.00344e-29,8.85153e-30,2.31336e-27,6.93956e-31,5.87883e-31,1.21002e-36,1.47912e-28,5.9767e-35,3.0838e-35,2.73095e-35,7.14721e-37,2.74205e-36,4.03354e-28,3.75313e-28,3.28472e-28,4.0398e-28,1.41222e-28,5.82147e-39,2.06444e-29,1.086e-27,9.1928e-28,7.24737e-28,
128,2.60668e-31,1.40875e-29,1.22614e-29,3.91323e-29,3.33073e-29,4.37387e-29,1.97386e-30,5.81722e-31,1.52034e-28,4.56068e-32,3.86357e-32,7.95228e-38,9.7208e-30,3.92789e-36,2.02667e-36,1.79478e-36,4.69715e-38,1.80208e-37,2.65084e-29,2.46656e-29,2.15872e-29,2.65495e-29,9.28109e-30,3.82587e-40,1.35675e-30,7.13717e-29,6.04151e-29,4.76297e-29,
129,1.71311e-32,9.25827e-31,8.0582e-31,2.57177e-30,2.18895e-30,2.87451e-30,1.29722e-31,3.82308e-32,9.99165e-30,2.99728e-33,2.53914e-33,5.22624e-39,6.38851e-31,2.58141e-37,1.33193e-37,1.17953e-37,3.08696e-39,1.18433e-38,1.74213e-30,1.62102e-30,1.41871e-30,1.74484e-30,6.09953e-31,2.51436e-41,8.91654e-32,4.69055e-30,3.97048e-30,3.13022e-30,
130,1.12586e-33,6.08453e-32,5.29585e-32,1.69017e-31,1.43858e-31,1.88912e-31,8.52533e-33,2.51253e-33,6.56651e-31,1.96981e-34,1.66872e-34,3.43468e-40,4.19853e-32,1.6965e-38,8.75342e-39,7.75187e-39,2.02875e-40,7.78339e-40,1.14493e-31,1.06533e-31,9.32375e-32,1.14671e-31,4.00861e-32,1.65244e-42,5.85995e-33,3.08263e-31,2.6094e-31,2.05718e-31,
131,7.39912e-35,3.99875e-33,3.48043e-33,1.11078e-32,9.45434e-33,1.24153e-32,5.60285e-34,1.65123e-34,4.31551e-32,1.29456e-35,1.09668e-35,2.25727e-41,2.75927e-33,1.11494e-39,5.75275e-40,5.09453e-40,1.3333e-41,5.11524e-41,7.52448e-33,7.00138e-33,6.12756e-33,7.53615e-33,2.63446e-33,1.08598e-43,3.85116e-34,2.0259e-32,1.7149e-32,1.35198e-32,
132,4.8627e-36,2.62798e-34,2.28734e-34,7.30004e-34,6.21339e-34,8.15935e-34,3.68219e-35,1.08519e-35,2.83615e-33,8.50784e-37,7.2074e-37,1.48348e-42,1.81339e-34,7.32738e-41,3.78071e-41,3.34812e-41,8.76242e-43,3.36173e-42,4.94509e-34,4.6013e-34,4.02703e-34,4.95276e-34,1.73137e-34,7.13707e-45,2.53098e-35,1.33142e-33,1.12703e-33,8.88521e-34,
133,3.19577e-37,1.72711e-35,1.50324e-35,4.79758e-35,4.08344e-35,5.36232e-35,2.41993e-36,7.13186e-37,1.86392e-34,5.59135e-38,4.7367e-38,9.74942e-44,1.19176e-35,4.81555e-42,2.48468e-42,2.20039e-42,5.75866e-44,2.20933e-43,3.24991e-35,3.02398e-35,2.64657e-35,3.25495e-35,1.13785e-35,4.69048e-46,1.66336e-36,8.75011e-35,7.40683e-35,5.83936e-35,
134,2.10026e-38,1.13506e-36,9.87928e-37,3.15297e-36,2.68364e-36,3.52412e-36,1.59038e-37,4.68706e-38,1.22497e-35,3.67463e-39,3.11296e-39,6.40732e-45,7.83225e-37,3.16478e-43,1.63293e-43,1.44609e-43,3.78459e-45,1.45197e-44,2.13584e-36,1.98736e-36,1.73932e-36,2.13915e-36,7.47797e-37,3.08258e-47,1.09316e-37,5.75057e-36,4.86777e-36,3.83763e-36,
135,1.38029e-39,7.45958e-38,6.49266e-38,2.07213e-37,1.76369e-37,2.31605e-37,1.0452e-38,3.08033e-39,8.05049e-37,2.41497e-40,2.04584e-40,4.21089e-46,5.14736e-38,2.07989e-44,1.07316e-44,9.50373e-45,2.48723e-46,9.54236e-46,1.40367e-37,1.30609e-37,1.14308e-37,1.40585e-37,4.91452e-38,2.02587e-48,7.18424e-39,3.77927e-37,3.1991e-37,2.52209e-37,
136,9.07126e-41,4.90244e-39,4.26698e-39,1.3618e-38,1.15909e-38,1.52211e-38,6.86904e-40,2.0244e-40,5.29078e-38,1.58712e-41,1.34452e-41,2.7674e-47,3.38284e-39,1.36691e-45,7.05282e-46,6.24585e-46,1.63461e-47,6.27124e-47,9.22494e-39,8.58363e-39,7.51234e-39,9.23925e-39,3.22982e-39,1.3314e-49,4.72148e-40,2.48374e-38,2.10245e-38,1.65752e-38,
137,5.96163e-42,3.22188e-40,2.80426e-40,8.94978e-40,7.61756e-40,1.00033e-39,4.51433e-41,1.33043e-41,3.4771e-39,1.04305e-42,8.8362e-43,1.81873e-48,2.2232e-40,8.9833e-47,4.63511e-47,4.10477e-47,1.07426e-48,4.12146e-48,6.06263e-40,5.64116e-40,4.93711e-40,6.07203e-40,2.12264e-40,8.74999e-51,3.10296e-41,1.63231e-39,1.38173e-39,1.08932e-39,
138,3.91798e-43,2.11742e-41,1.84296e-41,5.88179e-41,5.00626e-41,6.57416e-41,2.96682e-42,8.7436e-43,2.28515e-40,6.85494e-44,5.80715e-44,1.19527e-49,1.46109e-41,5.90382e-48,3.04619e-48,2.69765e-48,7.06007e-50,2.70862e-49,3.98436e-41,3.70737e-41,3.24467e-41,3.99054e-41,1.395e-41,5.75049e-52,2.03926e-42,1.07276e-40,9.08071e-41,7.159e-41,
139,2.5749e-44,1.39157e-42,1.21119e-42,3.86551e-42,3.29011e-42,4.32054e-42,1.94979e-43,5.74629e-44,1.5018e-41,4.50507e-45,3.81646e-45,7.85531e-51,9.60227e-43,3.87999e-49,2.00196e-49,1.7729e-49,4.63987e-51,1.7801e-50,2.61852e-42,2.43648e-42,2.13239e-42,2.62258e-42,9.16792e-43,3.77922e-53,1.3402e-43,7.05015e-42,5.96784e-42,4.7049e-42,
140,1.69222e-45,9.14538e-44,7.95995e-44,2.54042e-43,2.16226e-43,2.83946e-43,1.2814e-44,3.77646e-45,9.86982e-43,2.96073e-46,2.50818e-46,5.16251e-52,6.31061e-44,2.54993e-50,1.31569e-50,1.16515e-50,3.04932e-52,1.16988e-51,1.72089e-43,1.60126e-43,1.40141e-43,1.72356e-43,6.02516e-44,2.4837e-54,8.80782e-45,4.63336e-43,3.92206e-43,3.09206e-43,
141,1.11213e-46,6.01034e-45,5.23128e-45,1.66956e-44,1.42104e-44,1.86609e-44,8.42138e-46,2.48189e-46,6.48645e-44,1.94579e-47,1.64837e-47,3.3928e-53,4.14733e-45,1.67581e-51,8.64669e-52,7.65735e-52,2.00402e-53,7.68848e-53,1.13097e-44,1.05234e-44,9.21006e-45,1.13272e-44,3.95973e-45,1.63229e-55,5.7885e-46,3.04504e-44,2.57758e-44,2.0321e-44,
142,7.30891e-48,3.95e-46,3.43799e-46,1.09723e-45,9.33906e-46,1.22639e-45,5.53453e-47,1.6311e-47,4.26289e-45,1.27877e-48,1.08331e-48,2.22975e-54,2.72563e-46,1.10134e-52,5.6826e-53,5.03241e-53,1.31704e-54,5.05287e-54,7.43273e-46,6.91601e-46,6.05285e-46,7.44426e-46,2.60234e-46,1.07274e-56,3.8042e-47,2.0012e-45,1.69399e-45,1.3355e-45,
143,4.80341e-49,2.59594e-47,2.25945e-47,7.21103e-47,6.13763e-47,8.05986e-47,3.63729e-48,1.07196e-48,2.80157e-46,8.4041e-50,7.11952e-50,1.46539e-55,1.79128e-47,7.23804e-54,3.73461e-54,3.3073e-54,8.65558e-56,3.32074e-55,4.88479e-47,4.5452e-47,3.97793e-47,4.89237e-47,1.71025e-47,7.05005e-58,2.50012e-48,1.31519e-46,1.11329e-46,8.77687e-47,
144,3.1568e-50,1.70605e-48,1.48491e-48,4.73909e-48,4.03365e-48,5.29694e-48,2.39043e-49,7.0449e-50,1.84119e-47,5.52317e-51,4.67894e-51,9.63055e-57,1.17723e-48,4.75684e-55,2.45438e-55,2.17356e-55,5.68844e-57,2.18239e-56,3.21028e-48,2.9871e-48,2.6143e-48,3.21526e-48,1.12398e-48,4.63329e-59,1.64308e-49,8.64342e-48,7.31652e-48,5.76816e-48,
145,2.07465e-51,1.12122e-49,9.75882e-50,3.11453e-49,2.65091e-49,3.48115e-49,1.57099e-50,4.62991e-51,1.21003e-48,3.62983e-52,3.075e-52,6.32919e-58,7.73675e-50,3.12619e-56,1.61302e-56,1.42846e-56,3.73844e-58,1.43427e-57,2.1098e-49,1.96312e-49,1.71812e-49,2.11307e-49,7.38679e-50,3.045e-60,1.07983e-50,5.68045e-49,4.80842e-49,3.79083e-49,
146,1.36346e-52,7.36863e-51,6.4135e-51,2.04687e-50,1.74218e-50,2.28781e-50,1.03245e-51,3.04277e-52,7.95233e-50,2.38552e-53,2.02089e-53,4.15954e-59,5.08459e-51,2.05453e-57,1.06008e-57,9.38784e-58,2.45691e-59,9.42601e-59,1.38656e-50,1.29017e-50,1.12915e-50,1.38871e-50,4.8546e-51,2.00117e-61,7.09665e-52,3.73319e-50,3.16009e-50,2.49134e-50,
147,8.96065e-54,4.84266e-52,4.21495e-52,1.3452e-51,1.14496e-51,1.50355e-51,6.78528e-53,1.99971e-53,5.22627e-51,1.56776e-54,1.32813e-54,2.73365e-60,3.34159e-52,1.35024e-58,6.96682e-59,6.16969e-59,1.61468e-60,6.19477e-60,9.11246e-52,8.47896e-52,7.42074e-52,9.12659e-52,3.19044e-52,1.31517e-62,4.66391e-53,2.45345e-51,2.07681e-51,1.63731e-51,
148,5.88894e-55,3.1826e-53,2.77006e-53,8.84065e-53,7.52468e-53,9.88132e-53,4.45929e-54,1.31421e-54,3.4347e-52,1.03033e-55,8.72846e-56,1.79656e-61,2.1961e-53,8.87377e-60,4.57859e-60,4.05472e-60,1.06117e-61,4.0712e-61,5.98871e-53,5.57237e-53,4.87691e-53,5.998e-53,2.09676e-53,8.6433e-64,3.06512e-54,1.61241e-52,1.36488e-52,1.07604e-52,
149,3.87021e-56,2.0916e-54,1.82049e-54,5.81008e-54,4.94522e-54,6.494e-54,2.93064e-55,8.63699e-56,2.25729e-53,6.77136e-57,5.73634e-57,1.1807e-62,1.44327e-54,5.83184e-61,3.00905e-61,2.66476e-61,6.97398e-63,2.67559e-62,3.93578e-54,3.66216e-54,3.2051e-54,3.94188e-54,1.37799e-54,5.68037e-65,2.0144e-55,1.05968e-53,8.96999e-54,7.07171e-54,
150,2.5435e-57,1.3746e-55,1.19642e-55,3.81838e-55,3.25e-55,4.26786e-55,1.92602e-56,5.67623e-57,1.48349e-54,4.45014e-58,3.76992e-58,7.75953e-64,9.48519e-56,3.83268e-62,1.97755e-62,1.75128e-62,4.5833e-64,1.7584e-63,2.58659e-55,2.40677e-55,2.10639e-55,2.5906e-55,9.05614e-56,3.73314e-66,1.32386e-56,6.96418e-55,5.89507e-55,4.64753e-55,
151,1.67159e-58,9.03387e-57,7.86289e-57,2.50944e-56,2.1359e-56,2.80483e-56,1.26578e-57,3.73041e-58,9.74948e-56,2.92463e-59,2.47759e-59,5.09956e-65,6.23367e-57,2.51884e-63,1.29964e-63,1.15094e-63,3.01214e-65,1.15562e-64,1.69991e-56,1.58173e-56,1.38432e-56,1.70254e-56,5.95169e-57,2.45342e-67,8.70042e-58,4.57686e-56,3.87424e-56,3.05435e-56,
152,1.09857e-59,5.93706e-58,5.16749e-58,1.6492e-57,1.40371e-57,1.84334e-57,8.3187e-59,2.45163e-59,6.40736e-57,1.92207e-60,1.62827e-60,3.35143e-66,4.09676e-58,1.65538e-64,8.54126e-65,7.56398e-65,1.97958e-66,7.59473e-66,1.11718e-57,1.03951e-57,9.09776e-58,1.11891e-57,3.91145e-58,1.61239e-68,5.71792e-59,3.00791e-57,2.54615e-57,2.00732e-57,
153,7.21979e-61,3.90183e-59,3.39607e-59,1.08386e-58,9.22519e-59,1.21144e-58,5.46705e-60,1.61121e-60,4.21091e-58,1.26318e-61,1.0701e-61,2.20256e-67,2.69239e-59,1.08792e-65,5.61331e-66,4.97105e-66,1.30098e-67,4.99126e-67,7.3421e-59,6.83168e-59,5.97905e-59,7.35349e-59,2.57061e-59,1.05966e-69,3.75781e-60,1.9768e-58,1.67333e-58,1.31921e-58,
154,4.74484e-62,2.56428e-60,2.2319e-60,7.1231e-60,6.06279e-60,7.96159e-60,3.59294e-61,1.05889e-61,2.76741e-59,8.30162e-63,7.03271e-63,1.44752e-68,1.76944e-60,7.14978e-67,3.68907e-67,3.26697e-67,8.55004e-69,3.28025e-68,4.82523e-60,4.48978e-60,3.92943e-60,4.83271e-60,1.6894e-60,6.96409e-71,2.46963e-61,1.29915e-59,1.09971e-59,8.66986e-60,
155,3.11831e-63,1.68525e-61,1.4668e-61,4.6813e-61,3.98447e-61,5.23235e-61,2.36128e-62,6.959e-63,1.81874e-60,5.45583e-64,4.62189e-64,9.51312e-70,1.16288e-61,4.69883e-68,2.42446e-68,2.14705e-68,5.61908e-70,2.15578e-69,3.17114e-61,2.95068e-61,2.58242e-61,3.17606e-61,1.11027e-61,4.5768e-72,1.62304e-62,8.53803e-61,7.22731e-61,5.69783e-61,
156,2.04935e-64,1.10754e-62,9.63983e-63,3.07655e-62,2.61859e-62,3.4387e-62,1.55183e-63,4.57345e-64,1.19528e-61,3.58557e-65,3.03751e-65,6.25202e-71,7.64242e-63,3.08807e-69,1.59335e-69,1.41104e-69,3.69286e-71,1.41678e-70,2.08407e-62,1.93919e-62,1.69717e-62,2.0873e-62,7.29672e-63,3.00787e-73,1.06666e-63,5.61119e-62,4.74979e-62,3.74461e-62,
157,1.34683e-65,7.27878e-64,6.3353e-64,2.02191e-63,1.72094e-63,2.25991e-63,1.01986e-64,3.00567e-65,7.85536e-63,2.35644e-66,1.99625e-66,4.10883e-72,5.0226e-64,2.02948e-70,1.04715e-70,9.27338e-71,2.42695e-72,9.31107e-72,1.36965e-63,1.27443e-63,1.11538e-63,1.37178e-63,4.7954e-64,1.97677e-74,7.01011e-65,3.68767e-63,3.12156e-63,2.46096e-63,
158,8.85139e-67,4.78361e-65,4.16356e-65,1.3288e-64,1.131e-64,1.48522e-64,6.70255e-66,1.97533e-66,5.16254e-64,1.54865e-67,1.31193e-67,2.70032e-73,3.30085e-65,1.33377e-71,6.88187e-72,6.09446e-72,1.59499e-73,6.11924e-73,9.00135e-65,8.37558e-65,7.33026e-65,9.01531e-65,3.15154e-65,1.29913e-75,4.60705e-66,2.42354e-64,2.05149e-64,1.61734e-64,
159,5.81713e-68,3.14379e-66,2.73629e-66,8.73286e-66,7.43293e-66,9.76083e-66,4.40491e-67,1.29819e-67,3.39282e-65,1.01777e-68,8.62203e-69,1.77465e-74,2.16932e-66,8.76557e-73,4.52277e-73,4.00528e-73,1.04823e-74,4.02156e-74,5.91569e-66,5.50443e-66,4.81744e-66,5.92486e-66,2.07119e-66,8.53791e-77,3.02775e-67,1.59275e-65,1.34824e-65,1.06292e-65,
160,3.82302e-69,2.0661e-67,1.79829e-67,5.73923e-67,4.88492e-67,6.41482e-67,2.89491e-68,8.53167e-69,2.22976e-66,6.68879e-70,5.6664e-70,1.1663e-75,1.42568e-67,5.76073e-74,2.97236e-74,2.63227e-74,6.88895e-76,2.64297e-75,3.88779e-67,3.61751e-67,3.16602e-67,3.89382e-67,1.36119e-67,5.61111e-78,1.98984e-68,1.04675e-66,8.86061e-67,6.98549e-67,
161,2.51249e-70,1.35784e-68,1.18183e-68,3.77182e-68,3.21037e-68,4.21582e-68,1.90253e-69,5.60701e-70,1.4654e-67,4.39587e-71,3.72396e-71,7.66492e-77,9.36954e-69,3.78595e-75,1.95344e-75,1.72993e-75,4.52741e-77,1.73696e-76,2.55505e-68,2.37743e-68,2.08071e-68,2.55902e-68,8.94571e-69,3.68762e-79,1.30772e-69,6.87927e-68,5.82319e-68,4.59086e-68,
162,1.65121e-71,8.92372e-70,7.76702e-70,2.47884e-69,2.10985e-69,2.77063e-69,1.25035e-70,3.68493e-71,9.6306e-69,2.88897e-72,2.44738e-72,5.03738e-78,6.15766e-70,2.48813e-76,1.2838e-76,1.13691e-76,2.97542e-78,1.14153e-77,1.67918e-69,1.56244e-69,1.36744e-69,1.68179e-69,5.87912e-70,2.42351e-80,8.59434e-71,4.52105e-69,3.827e-69,3.01711e-69,
163,1.08517e-72,5.86467e-71,5.10448e-71,1.62909e-70,1.3866e-70,1.82086e-70,8.21727e-72,2.42173e-72,6.32923e-70,1.89863e-73,1.60842e-73,3.31057e-79,4.04681e-71,1.6352e-77,8.43711e-78,7.47176e-78,1.95544e-79,7.50213e-79,1.10356e-70,1.02684e-70,8.98683e-71,1.10527e-70,3.86376e-71,1.59273e-81,5.6482e-72,2.97124e-70,2.51511e-70,1.98285e-70,
164,7.13175e-74,3.85426e-72,3.35466e-72,1.07064e-71,9.1127e-72,1.19667e-71,5.40039e-73,1.59156e-73,4.15957e-71,1.24778e-74,1.05705e-74,2.1757e-80,2.65956e-72,1.07465e-78,5.54487e-79,4.91044e-79,1.28512e-80,4.9304e-80,7.25258e-72,6.74838e-72,5.90614e-72,7.26383e-72,2.53926e-72,1.04674e-82,3.71199e-73,1.9527e-71,1.65293e-71,1.30313e-71,
165,4.68699e-75,2.53302e-73,2.20469e-73,7.03625e-73,5.98887e-73,7.86451e-73,3.54913e-74,1.04598e-74,2.73367e-72,8.2004e-76,6.94695e-76,1.42987e-81,1.74786e-73,7.0626e-80,3.64409e-80,3.22714e-80,8.44579e-82,3.24026e-81,4.76639e-73,4.43503e-73,3.88152e-73,4.77379e-73,1.6688e-73,6.87917e-84,2.43952e-74,1.28331e-72,1.0863e-72,8.56414e-73,
166,3.08029e-76,1.6647e-74,1.44892e-74,4.62422e-74,3.93588e-74,5.16855e-74,2.33249e-75,6.87415e-76,1.79657e-73,5.3893e-77,4.56554e-77,9.39712e-83,1.1487e-74,4.64154e-81,2.39489e-81,2.12087e-81,5.55057e-83,2.1295e-82,3.13247e-74,2.9147e-74,2.55093e-74,3.13733e-74,1.09674e-74,4.52099e-85,1.60325e-75,8.43392e-74,7.13918e-74,5.62835e-74,
167,2.02436e-77,1.09404e-75,9.52229e-76,3.03904e-75,2.58666e-75,3.39677e-75,1.53291e-76,4.51769e-77,1.1807e-74,3.54185e-78,3.00047e-78,6.17579e-84,7.54923e-76,3.05042e-82,1.57392e-82,1.39384e-82,3.64783e-84,1.3995e-83,2.05866e-75,1.91554e-75,1.67647e-75,2.06185e-75,7.20775e-76,2.97119e-86,1.05366e-76,5.54277e-75,4.69187e-75,3.69895e-75,
168,1.33041e-78,7.19003e-77,6.25805e-77,1.99725e-76,1.69995e-76,2.23236e-76,1.00743e-77,2.96902e-78,7.75958e-76,2.3277e-79,1.97191e-79,4.05873e-85,4.96135e-77,2.00474e-83,1.03438e-83,9.1603e-84,2.39736e-85,9.19754e-85,1.35295e-76,1.25889e-76,1.10178e-76,1.35505e-76,4.73693e-77,1.95267e-87,6.92464e-78,3.64271e-76,3.0835e-76,2.43095e-76,
169,8.74347e-80,4.72529e-78,4.11279e-78,1.3126e-77,1.11721e-77,1.46711e-77,6.62082e-79,1.95124e-79,5.09959e-77,1.52977e-80,1.29594e-80,2.66739e-86,3.2606e-78,1.31751e-84,6.79796e-85,6.02015e-85,1.57554e-86,6.04462e-86,8.89159e-78,8.27345e-78,7.24088e-78,8.90539e-78,3.11311e-78,1.28329e-88,4.55087e-79,2.39399e-77,2.02647e-77,1.59762e-77,
170,5.7462e-81,3.10546e-79,2.70292e-79,8.62638e-79,7.3423e-79,9.64182e-79,4.3512e-80,1.28236e-80,3.35145e-78,1.00536e-81,8.5169e-82,1.75301e-87,2.14287e-79,8.65869e-86,4.46762e-86,3.95644e-86,1.03545e-87,3.97253e-87,5.84355e-79,5.43731e-79,4.7587e-79,5.85262e-79,2.04594e-79,8.4338e-90,2.99083e-80,1.57333e-78,1.3318e-78,1.04996e-78,
171,3.7764e-82,2.04091e-80,1.77636e-80,5.66925e-80,4.82536e-80,6.3366e-80,2.85961e-81,8.42764e-82,2.20257e-79,6.60724e-83,5.59731e-83,1.15208e-88,1.40829e-80,5.69049e-87,2.93612e-87,2.60017e-87,6.80495e-89,2.61074e-88,3.84038e-80,3.5734e-80,3.12742e-80,3.84634e-80,1.34459e-80,5.54269e-91,1.96557e-81,1.03399e-79,8.75258e-80,6.90031e-80,
172,2.48185e-83,1.34128e-81,1.16742e-81,3.72583e-81,3.17122e-81,4.16441e-81,1.87934e-82,5.53865e-83,1.44753e-80,4.34227e-84,3.67855e-84,7.57146e-90,9.25529e-82,3.73979e-88,1.92962e-88,1.70883e-88,4.47221e-90,1.71578e-89,2.5239e-81,2.34844e-81,2.05534e-81,2.52781e-81,8.83664e-82,3.64266e-92,1.29178e-82,6.79539e-81,5.75219e-81,4.53488e-81,
173,1.63107e-84,8.81491e-83,7.67231e-83,2.44862e-82,2.08413e-82,2.73685e-82,1.2351e-83,3.64e-84,9.51317e-82,2.85374e-85,2.41754e-85,4.97596e-91,6.08258e-83,2.45779e-89,1.26814e-89,1.12305e-89,2.93914e-91,1.12761e-90,1.65871e-82,1.54339e-82,1.35077e-82,1.66128e-82,5.80744e-83,2.39396e-93,8.48954e-84,4.46593e-82,3.78034e-82,2.98032e-82,
174,1.07194e-85,5.79316e-84,5.04224e-84,1.60923e-83,1.36969e-83,1.79866e-83,8.11707e-85,2.39221e-85,6.25206e-83,1.87548e-86,1.58881e-86,3.2702e-92,3.99747e-84,1.61526e-90,8.33424e-91,7.38065e-91,1.9316e-92,7.41065e-92,1.0901e-83,1.01432e-83,8.87725e-84,1.09179e-83,3.81665e-84,1.57331e-94,5.57933e-85,2.93501e-83,2.48444e-83,1.95867e-83,
175,7.0448e-87,3.80726e-85,3.31376e-85,1.05759e-84,9.00159e-85,1.18208e-84,5.33454e-86,1.57216e-86,4.10885e-84,1.23256e-87,1.04416e-87,2.14918e-93,2.62714e-85,1.06155e-91,5.47726e-92,4.85056e-92,1.26945e-93,4.87028e-93,7.16415e-85,6.6661e-85,5.83413e-85,7.17526e-85,2.5083e-85,1.03398e-95,3.66673e-86,1.92889e-84,1.63277e-84,1.28724e-84,
176,4.62984e-88,2.50213e-86,2.1778e-86,6.95045e-86,5.91584e-86,7.76862e-86,3.50586e-87,1.03322e-87,2.70034e-85,8.10041e-89,6.86225e-89,1.41244e-94,1.72655e-86,6.97649e-93,3.59965e-93,3.18779e-93,8.3428e-95,3.20075e-94,4.70828e-86,4.38096e-86,3.83419e-86,4.71558e-86,1.64845e-86,6.79529e-97,2.40978e-87,1.26766e-85,1.07306e-85,8.45972e-86,
177,3.04273e-89,1.6444e-87,1.43125e-87,4.56784e-87,3.88789e-87,5.10553e-87,2.30405e-88,6.79033e-89,1.77466e-86,5.32359e-90,4.50987e-90,9.28254e-96,1.13469e-87,4.58495e-94,2.36569e-94,2.09501e-94,5.48289e-96,2.10353e-95,3.09428e-87,2.87916e-87,2.51983e-87,3.09908e-87,1.08336e-87,4.46587e-98,1.5837e-88,8.33108e-87,7.05213e-87,5.55972e-87,
178,1.99968e-90,1.0807e-88,9.40618e-89,3.00198e-88,2.55512e-88,3.35536e-88,1.51422e-89,4.4626e-90,1.16631e-87,3.49866e-91,2.96389e-91,6.10048e-97,7.45718e-89,3.01323e-95,1.55473e-95,1.37684e-95,3.60335e-97,1.38244e-96,2.03356e-88,1.89219e-88,1.65603e-88,2.03671e-88,7.11987e-89,2.93497e-99,1.04081e-89,5.47519e-88,4.63466e-88,3.65385e-88,
179,1.31419e-91,7.10236e-90,6.18174e-90,1.9729e-89,1.67923e-89,2.20514e-89,9.95146e-91,2.93282e-91,7.66496e-89,2.29932e-92,1.94787e-92,4.00924e-98,4.90086e-90,1.98029e-96,1.02177e-96,9.04861e-97,2.36812e-98,9.0854e-98,1.33645e-89,1.24354e-89,1.08834e-89,1.33853e-89,4.67917e-90,1.92886e-100,6.84021e-91,3.59829e-89,3.0459e-89,2.40131e-89,
180,8.63686e-93,4.66767e-91,4.06264e-91,1.29659e-90,1.10359e-90,1.44922e-90,6.5401e-92,1.92745e-92,5.03741e-90,1.51111e-93,1.28014e-93,2.63487e-99,3.22084e-91,1.30145e-97,6.71507e-98,5.94675e-98,1.55633e-99,5.97092e-99,8.78318e-91,8.17257e-91,7.15259e-91,8.7968e-91,3.07515e-91,1.26764e-101,4.49538e-92,2.3648e-90,2.00176e-90,1.57814e-90,
181,5.67614e-94,3.06759e-92,2.66997e-92,8.52119e-92,7.25277e-92,9.52425e-92,4.29815e-93,1.26672e-93,3.31059e-91,9.93103e-95,8.41306e-95,1.73164e-100,2.11674e-92,8.55311e-99,4.41314e-99,3.9082e-99,1.02282e-100,3.92409e-100,5.7723e-92,5.37101e-92,4.70068e-92,5.78126e-92,2.02099e-92,8.33097e-103,2.95436e-93,1.55414e-91,1.31556e-91,1.03715e-91,
182,3.73036e-95,2.01602e-93,1.7547e-93,5.60013e-93,4.76652e-93,6.25934e-93,2.82474e-94,8.32488e-95,2.17572e-92,6.52667e-96,5.52906e-96,1.13803e-101,1.39112e-93,5.6211e-100,2.90032e-100,2.56847e-100,6.72197e-102,2.57891e-101,3.79356e-93,3.52983e-93,3.08929e-93,3.79944e-93,1.32819e-93,5.47511e-104,1.94161e-94,1.02138e-92,8.64585e-93,6.81617e-93,
183,2.45159e-96,1.32493e-94,1.15319e-94,3.6804e-94,3.13256e-94,4.11364e-94,1.85642e-95,5.47111e-96,1.42988e-93,4.28933e-97,3.6337e-97,7.47914e-103,9.14244e-95,3.69419e-101,1.90609e-101,1.688e-101,4.41768e-103,1.69486e-102,2.49312e-94,2.3198e-94,2.03028e-94,2.49699e-94,8.72889e-95,3.59824e-105,1.27602e-95,6.71253e-94,5.68205e-94,4.47959e-94,
184,1.61119e-97,8.70743e-96,7.57876e-96,2.41876e-95,2.05872e-95,2.70348e-95,1.22004e-96,3.59561e-97,9.39718e-95,2.81895e-98,2.38806e-98,4.91529e-104,6.00841e-96,2.42782e-102,1.25268e-102,1.10935e-102,2.9033e-104,1.11386e-103,1.63848e-95,1.52457e-95,1.3343e-95,1.64102e-95,5.73663e-96,2.36476e-106,8.38603e-97,4.41147e-95,3.73424e-95,2.94398e-95,
185,1.05887e-98,5.72252e-97,4.98076e-97,1.58961e-96,1.35299e-96,1.77673e-96,8.0181e-98,2.36304e-98,6.17582e-96,1.85261e-99,1.56944e-99,3.23033e-105,3.94873e-97,1.59556e-103,8.23262e-104,7.29066e-104,1.90805e-105,7.32029e-105,1.07681e-96,1.00195e-96,8.76901e-97,1.07848e-96,3.77011e-97,1.55412e-107,5.5113e-98,2.89922e-96,2.45415e-96,1.93479e-96,
186,6.9589e-100,3.76084e-98,3.27336e-98,1.04469e-97,8.89183e-98,1.16766e-97,5.26949e-99,1.55299e-99,4.05875e-97,1.21754e-100,1.03143e-100,2.12297e-106,2.5951e-98,1.0486e-104,5.41047e-105,4.79142e-105,1.25397e-106,4.8109e-106,7.07679e-98,6.58481e-98,5.76299e-98,7.08777e-98,2.47772e-98,1.02137e-108,3.62202e-99,1.90537e-97,1.61286e-97,1.27154e-97,
187,4.57339e-101,2.47162e-99,2.15125e-99,6.8657e-99,5.84371e-99,7.67389e-99,3.46311e-100,1.02062e-100,2.66741e-98,8.00164e-102,6.77858e-102,1.39522e-107,1.7055e-99,6.89142e-106,3.55576e-106,3.14892e-106,8.24108e-108,3.16172e-107,4.65087e-99,4.32754e-99,3.78744e-99,4.65808e-99,1.62835e-99,6.71243e-110,2.38039e-100,1.25221e-98,1.05997e-98,8.35657e-99,
188,3.00563e-102,1.62435e-100,1.4138e-100,4.51214e-100,3.84049e-100,5.04328e-100,2.27596e-101,6.70754e-102,1.75302e-99,5.25868e-103,4.45488e-103,9.16936e-109,1.12085e-100,4.52904e-107,2.33685e-107,2.06947e-107,5.41604e-109,2.07788e-108,3.05655e-100,2.84406e-100,2.4891e-100,3.06129e-100,1.07015e-100,4.41141e-111,1.56439e-101,8.2295e-100,6.96615e-100,5.49193e-100,
189,1.9753e-103,1.06752e-101,9.29149e-102,2.96538e-101,2.52397e-101,3.31444e-101,1.49576e-102,4.40819e-103,1.15209e-100,3.456e-104,2.92775e-104,6.0261e-110,7.36626e-102,2.97648e-108,1.53578e-108,1.36006e-108,3.55942e-110,1.36558e-109,2.00876e-101,1.86911e-101,1.63584e-101,2.01188e-101,7.03305e-102,2.89918e-112,1.02812e-102,5.40843e-101,4.57815e-101,3.6093e-101,
190,1.29817e-104,7.01576e-103,6.10637e-103,1.94885e-102,1.65875e-102,2.17825e-102,9.83012e-104,2.89706e-104,7.5715e-102,2.27128e-105,1.92411e-105,3.96035e-111,4.8411e-103,1.95615e-109,1.00931e-109,8.93828e-110,2.33925e-111,8.97462e-111,1.32016e-102,1.22838e-102,1.07507e-102,1.32221e-102,4.62212e-103,1.90534e-113,6.7568e-104,3.55442e-102,3.00876e-102,2.37203e-102,
191,8.53154e-106,4.61076e-104,4.0131e-104,1.28078e-103,1.09013e-103,1.43155e-103,6.46035e-105,1.90395e-105,4.97599e-103,1.49269e-106,1.26453e-106,2.60274e-112,3.18157e-104,1.28558e-110,6.63319e-111,5.87424e-111,1.53735e-112,5.89812e-112,8.67608e-104,8.07292e-104,7.06537e-104,8.68954e-104,3.03766e-104,1.25219e-114,4.44057e-105,2.33596e-103,1.97736e-103,1.5589e-103,
192,5.60693e-107,3.03019e-105,2.63741e-105,8.41729e-105,7.16434e-105,9.40812e-105,4.24574e-106,1.25128e-106,3.27022e-104,9.80994e-108,8.31047e-108,1.71052e-113,2.09093e-105,8.44882e-112,4.35933e-112,3.86055e-112,1.01035e-113,3.87624e-113,5.70192e-105,5.30552e-105,4.64336e-105,5.71076e-105,1.99635e-105,8.22938e-116,2.91834e-106,1.53519e-104,1.29952e-104,1.02451e-104,
193,3.68487e-108,1.99144e-106,1.73331e-106,5.53184e-106,4.7084e-106,6.18302e-106,2.7903e-107,8.22338e-108,2.14919e-105,6.44709e-109,5.46164e-109,1.12415e-114,1.37416e-106,5.55256e-113,2.86495e-113,2.53715e-113,6.64001e-115,2.54746e-114,3.7473e-106,3.48679e-106,3.05162e-106,3.75311e-106,1.312e-106,5.40835e-117,1.91793e-107,1.00893e-105,8.54043e-106,6.73306e-106,
194,2.4217e-109,1.30877e-107,1.13913e-107,3.63553e-107,3.09436e-107,4.06348e-107,1.83379e-108,5.4044e-109,1.41245e-106,4.23703e-110,3.58939e-110,7.38794e-116,9.03096e-108,3.64914e-114,1.88285e-114,1.66742e-114,4.36381e-116,1.67419e-115,2.46273e-107,2.29152e-107,2.00552e-107,2.46655e-107,8.62246e-108,3.55437e-118,1.26047e-108,6.63068e-107,5.61277e-107,4.42497e-107,
195,1.59154e-110,8.60126e-109,7.48635e-109,2.38927e-108,2.03361e-108,2.67052e-108,1.20516e-109,3.55177e-110,9.2826e-108,2.78457e-111,2.35895e-111,4.85536e-117,5.93515e-109,2.39822e-115,1.23741e-115,1.09583e-115,2.8679e-117,1.10028e-116,1.6185e-108,1.50598e-108,1.31803e-108,1.62101e-108,5.66668e-109,2.33593e-119,8.28378e-110,4.35768e-108,3.68871e-108,2.90809e-108,
196,1.04596e-111,5.65274e-110,4.92003e-110,1.57023e-109,1.33649e-109,1.75506e-109,7.92033e-111,2.33422e-111,6.10052e-109,1.83002e-112,1.5503e-112,3.19094e-118,3.90058e-110,1.57611e-116,8.13224e-117,7.20176e-117,1.88478e-118,7.23104e-118,1.06368e-109,9.89733e-110,8.66209e-110,1.06533e-109,3.72414e-110,1.53517e-120,5.4441e-111,2.86387e-109,2.42422e-109,1.91119e-109,
197,6.87405e-113,3.71498e-111,3.23344e-111,1.03195e-110,8.78341e-111,1.15343e-110,5.20524e-112,1.53405e-112,4.00926e-110,1.20269e-113,1.01886e-113,2.09708e-119,2.56346e-111,1.03582e-117,5.3445e-118,4.733e-118,1.23868e-119,4.75224e-119,6.9905e-111,6.50452e-111,5.69272e-111,7.00135e-111,2.4475e-111,1.00892e-121,3.57786e-112,1.88213e-110,1.5932e-110,1.25604e-110,
198,4.51762e-114,2.44149e-112,2.12502e-112,6.78199e-112,5.77246e-112,7.58032e-112,3.42088e-113,1.00818e-113,2.63489e-111,7.90408e-115,6.69592e-115,1.3782e-120,1.68471e-112,6.80739e-119,3.51241e-119,3.11052e-119,8.14059e-121,3.12317e-120,4.59416e-112,4.27477e-112,3.74126e-112,4.60128e-112,1.6085e-112,6.63058e-123,2.35137e-113,1.23694e-111,1.04705e-111,8.25467e-112,
199,2.96898e-115,1.60454e-113,1.39656e-113,4.45712e-113,3.79366e-113,4.98179e-113,2.2482e-114,6.62575e-115,1.73165e-112,5.19456e-116,4.40056e-116,9.05755e-122,1.10719e-113,4.47382e-120,2.30835e-120,2.04424e-120,5.35e-122,2.05255e-121,3.01928e-113,2.80938e-113,2.45875e-113,3.02396e-113,1.05711e-113,4.35763e-124,1.54532e-114,8.12916e-113,6.88121e-113,5.42497e-113,
200,1.95121e-116,1.05451e-114,9.1782e-115,2.92922e-114,2.49319e-114,3.27403e-114,1.47752e-115,4.35444e-116,1.13804e-113,3.41386e-117,2.89205e-117,5.95262e-123,7.27644e-115,2.94019e-121,1.51705e-121,1.34347e-121,3.51602e-123,1.34893e-122,1.98427e-114,1.84632e-114,1.61589e-114,1.98735e-114,6.9473e-115,2.86383e-125,1.01558e-115,5.34248e-114,4.52233e-114,3.56529e-114,
