time,branch0,branch1,branch2,branch3,branch4,branch5,branch6,branch7,branch8,branch9,branch10,branch11,branch12,branch13,branch14,branch15,branch16,branch17,branch18,branch19,branch20,branch21,branch22,branch23,branch24,branch25,branch26,branch27,
0,21131.7,11194.1,19638.7,13477.2,11061,7341.5,4006.45,5141.33,12502.6,12437.3,6978.67,14266.6,6383.97,18072.8,18789.8,18950.2,21015.4,21082.9,4202.4,4155.71,4344.9,3607.1,20438.8,19442.5,15473.1,3166.8,3907.29,7215.33,
1,21215.7,11689.6,20237,14133.4,11727.2,7972.63,4389.61,5503.47,13343.3,12779.9,7296.02,14483.8,6777.3,18416.8,19376.7,19381.1,21178,21188.5,4704.18,4599.93,4803.65,3981.01,20770.1,19576,15853.3,3485.33,4338.34,7842.8,
2,21216,11713.1,20250,14156.1,11758.9,8010.69,4415.53,5525.76,13397.4,12796,7314.81,14496.1,6799.51,18424.4,19388.7,19388.8,21179,21189,4742.05,4632.28,4835.89,4008.4,20775.7,19578.6,15863.8,3509.21,4369.92,7881.03,
3,21216,11723.3,20251.2,14158.7,11766,8019.31,4423.65,5535.26,13403.3,12806.4,7326.37,14505.9,6808.02,18428.4,19391.1,19391.2,21179.1,21189.1,4750.43,4640.56,4844.01,4016.18,20776,19580.5,15868.9,3514.16,4377.12,7889.64,
4,21216,11733.2,20252,14160.6,11772.1,8026.72,4431.16,5544.41,13406.4,12816.6,7337.82,14515.7,6816.11,18432.3,19393.4,19393.5,21179.2,21189.1,4757.47,4647.82,4851.12,4023.13,20776.2,19582.4,15873.9,3518.15,4383.19,7897.01,
5,21216,11743,20252.9,14162.5,11778.1,8034.08,4438.66,5553.57,13409.3,12826.8,7349.27,14525.5,6824.18,18436.2,19395.7,19395.7,21179.2,21189.2,4764.48,4655.04,4858.21,4030.06,20776.3,19584.3,15878.8,3522.1,4389.22,7904.33,
6,21216,11752.8,20253.7,14164.4,11784.2,8041.44,4446.17,5562.74,13412.1,12837,7360.73,14535.2,6832.27,18440.1,19398,19398,21179.3,21189.3,4771.48,4662.27,4865.31,4037.01,20776.5,19586.2,15883.8,3526.05,4395.25,7911.65,
7,21216,11762.7,20254.6,14166.3,11790.2,8048.81,4453.69,5571.92,13415,12847.3,7372.2,14545,6840.36,18444,19400.3,19400.3,21179.4,21189.4,4778.5,4669.51,4872.42,4043.96,20776.6,19588.1,15888.8,3530.01,4401.3,7918.98,
8,21216.1,11772.5,20255.4,14168.1,11796.3,8056.18,4461.22,5581.1,13417.9,12857.5,7383.68,14554.7,6848.46,18447.8,19402.6,19402.6,21179.4,21189.5,4785.52,4676.75,4879.53,4050.92,20776.8,19590,15893.8,3533.98,4407.34,7926.31,
9,21216.1,11782.3,20256.3,14170,11802.3,8063.55,4468.76,5590.3,13420.7,12867.7,7395.17,14564.5,6856.57,18451.7,19404.9,19404.9,21179.5,21189.5,4792.56,4684.01,4886.65,4057.89,20777,19591.9,15898.7,3537.95,4413.4,7933.65,
10,21216.1,11792.2,20257.1,14171.9,11808.4,8070.93,4476.31,5599.51,13423.6,12877.9,7406.67,14574.2,6864.68,18455.6,19407.2,19407.2,21179.5,21189.6,4799.6,4691.27,4893.78,4064.86,20777.1,19593.8,15903.7,3541.93,4419.46,7940.99,
11,84.3506,506.027,610.407,678.195,691.385,663.419,402.756,373.949,895.721,342.75,319.534,212.552,406.066,344.931,595.467,434.946,163.485,105.929,536.389,471.86,486.34,396.381,336.918,132.575,382.391,341.295,459.472,660.085,
12,0.335004,14.3,12.481,21.7635,26.9685,32.4377,19.5043,13.8231,54.7409,6.0582,7.66362,2.57632,14.8668,3.75191,9.85258,5.4757,0.937056,0.415216,32.9306,26.7813,26.7367,21.8356,5.61996,0.739197,5.67344,21.4063,27.2891,32.6874,
13,0.00624307,0.399996,0.347404,0.756751,1.06471,1.34812,0.667981,0.371804,3.32254,0.0904773,0.134759,0.0265238,0.480644,0.0312717,0.116746,0.0515538,0.00447403,0.00141645,1.48017,1.14471,1.09863,0.911184,0.216254,0.00356756,0.0849136,1.08011,1.27323,1.37648,
14,0.00034466,0.0147336,0.0163307,0.0327128,0.0504027,0.0588649,0.0184921,0.00828597,0.201796,0.00125112,0.00196248,0.000242856,0.0173901,0.000223688,0.00111591,0.00040809,1.96903e-05,4.76683e-06,0.057537,0.0434841,0.0406905,0.0339583,0.0123684,1.57107e-05,0.00228865,0.0498615,0.0564852,0.0607445,
15,2.09237e-05,0.000733949,0.000945079,0.00163486,0.00276617,0.00294894,0.000466654,0.000172801,0.0122664,1.77373e-05,2.62512e-05,2.04164e-06,0.0007901,1.47047e-06,9.19677e-06,2.89388e-06,8.72462e-08,1.85793e-08,0.00224895,0.00170015,0.0016087,0.00130015,0.000749611,6.52199e-08,0.000110907,0.0023503,0.00269864,0.00306029,
16,1.27463e-06,4.22319e-05,5.69579e-05,8.88951e-05,0.000162436,0.000164804,1.27723e-05,4.11559e-06,0.000745939,3.2868e-07,4.00271e-07,1.61113e-08,4.27308e-05,9.38533e-09,6.829e-08,1.91844e-08,4.16346e-10,9.71524e-11,9.97018e-05,7.62522e-05,7.51313e-05,5.6805e-05,4.56539e-05,2.60494e-10,6.45504e-06,0.000120373,0.000143553,0.000171342,
17,7.76006e-08,2.53638e-06,3.45683e-06,5.10336e-06,9.77003e-06,9.72001e-06,4.61034e-07,1.41331e-07,4.53695e-05,1.07179e-08,1.04484e-08,1.21234e-10,2.50131e-06,6.14229e-11,4.72746e-10,1.23422e-10,2.21689e-12,6.9138e-13,5.1415e-06,3.97024e-06,4.0617e-06,2.88791e-06,2.77957e-06,1.01432e-12,3.89038e-07,6.69278e-06,8.23387e-06,1.01089e-05,
18,4.72217e-09,1.53886e-07,2.10127e-07,3.02408e-07,5.9221e-07,5.85239e-07,2.23604e-08,6.89366e-09,2.75966e-06,5.39288e-10,4.83897e-10,8.80234e-13,1.5044e-07,4.45356e-13,3.15481e-12,8.06738e-13,1.34697e-14,6.65072e-15,2.92516e-07,2.26851e-07,2.36904e-07,1.62547e-07,1.6915e-07,3.8883e-15,2.36095e-08,3.9157e-07,4.89891e-07,6.08633e-07,
19,2.8729e-10,9.35659e-09,1.27789e-08,1.82012e-08,3.59843e-08,3.54844e-08,1.26635e-09,3.94203e-10,1.67865e-07,3.14328e-11,2.78234e-11,6.24397e-15,9.12201e-09,4.51009e-15,2.14204e-14,5.95622e-15,1.03576e-16,1.14537e-16,1.73897e-08,1.35041e-08,1.42228e-08,9.60613e-09,1.0291e-08,1.50428e-17,1.43519e-09,2.34665e-08,2.95727e-08,3.69005e-08,
20,1.74766e-11,5.69127e-10,7.77268e-10,1.1028e-09,2.18815e-09,2.15632e-09,7.55742e-11,2.36198e-11,1.0211e-08,1.89497e-12,1.67514e-12,4.51125e-17,5.54396e-10,1.04786e-16,1.798e-16,7.30898e-17,1.54822e-18,4.34569e-18,1.05027e-09,8.15871e-10,8.61869e-10,5.78652e-10,6.26036e-10,7.62472e-20,8.72837e-11,1.41994e-09,1.79437e-09,2.24229e-09,
