time,Integral
0,0
0
1,3.20246e-09
3.20246e-09
2,6.40596e-09
6.40596e-09
3,9.60894e-09
9.60894e-09
4,1.28114e-08
1.28114e-08
5,1.60133e-08
1.60133e-08
6,1.92147e-08
1.92147e-08
7,2.24156e-08
2.24156e-08
8,2.5616e-08
2.5616e-08
9,2.8816e-08
2.8816e-08
10,3.20155e-08
3.20155e-08
11,3.52146e-08
3.52146e-08
12,3.52164e-08
3.52164e-08
13,3.52164e-08
3.52164e-08
14,3.52164e-08
3.52164e-08
15,3.52164e-08
3.52164e-08
16,3.52164e-08
3.52164e-08
17,3.52164e-08
3.52164e-08
18,3.52164e-08
3.52164e-08
19,3.52164e-08
3.52164e-08
20,3.52164e-08
3.52164e-08
