time,Integral
0,0
0
1,1.15902e-08
1.15902e-08
2,2.31656e-08
2.31656e-08
3,3.47331e-08
3.47331e-08
4,4.62929e-08
4.62929e-08
5,5.78452e-08
5.78452e-08
6,6.93899e-08
6.93899e-08
7,8.09271e-08
8.09271e-08
8,9.2457e-08
9.2457e-08
9,1.0398e-07
1.0398e-07
10,1.15495e-07
1.15495e-07
11,1.27003e-07
1.27003e-07
12,1.26996e-07
1.26996e-07
13,1.26996e-07
1.26996e-07
14,1.26996e-07
1.26996e-07
15,1.26996e-07
1.26996e-07
16,1.26996e-07
1.26996e-07
17,1.26996e-07
1.26996e-07
18,1.26996e-07
1.26996e-07
19,1.26996e-07
1.26996e-07
20,1.26996e-07
1.26996e-07
