time,Integral
0,0
0
1,6.76839e-09
6.76839e-09
2,1.354e-08
1.354e-08
3,2.03106e-08
2.03106e-08
4,2.70805e-08
2.70805e-08
5,3.38494e-08
3.38494e-08
6,4.06174e-08
4.06174e-08
7,4.73846e-08
4.73846e-08
8,5.41508e-08
5.41508e-08
9,6.09162e-08
6.09162e-08
10,6.76807e-08
6.76807e-08
11,7.44444e-08
7.44444e-08
12,7.44483e-08
7.44483e-08
13,7.44483e-08
7.44483e-08
14,7.44483e-08
7.44483e-08
15,7.44483e-08
7.44483e-08
16,7.44483e-08
7.44483e-08
17,7.44483e-08
7.44483e-08
18,7.44483e-08
7.44483e-08
19,7.44483e-08
7.44483e-08
20,7.44483e-08
7.44483e-08
