time,branch0,branch1,branch2,branch3,branch4,branch5,branch6,branch7,branch8,branch9,branch10,branch11,branch12,branch13,branch14,branch15,branch16,branch17,branch18,branch19,branch20,branch21,branch22,branch23,branch24,branch25,branch26,branch27,
0,0.0925912,0.0173514,0.0131244,0.00243663,0.00785461,0.00318907,0.000102716,0.00265682,0.0317627,0.0512904,0.00625811,0.0370636,0.0132927,0.0877322,0.0549835,0.0697527,0.0275477,0.0971366,0.00163533,0.00465295,0.000966997,0.00154247,0.0558691,0.0578783,0.0139769,0.00268426,0.00375982,0.00538055,
1,0.0931707,0.0188141,0.0138874,0.00269099,0.00846653,0.00348706,0.000113575,0.00282665,0.0328543,0.0529324,0.00665743,0.0378308,0.014134,0.0894929,0.057162,0.0718694,0.0281117,0.0978237,0.00190704,0.00537961,0.00109406,0.00178195,0.057375,0.0588113,0.0146452,0.00298908,0.00415304,0.0058862,
2,0.0932267,0.0192683,0.0142554,0.00277116,0.00866234,0.00357656,0.000116753,0.0028926,0.0332091,0.0534843,0.0067867,0.0381491,0.0144356,0.0895972,0.0575213,0.0721175,0.0283559,0.0978381,0.00197018,0.00554929,0.00112693,0.00184068,0.0580179,0.0593978,0.014995,0.00306851,0.00425895,0.00603022,
3,0.09328,0.019685,0.0146233,0.00284521,0.008849,0.00366015,0.000119675,0.00295739,0.0335549,0.0540228,0.00691092,0.0384632,0.0147289,0.0896824,0.0578469,0.0723363,0.0285974,0.0978484,0.00201764,0.0056797,0.00115462,0.00188714,0.0586508,0.0599826,0.0153471,0.00313859,0.00435438,0.0061631,
4,0.0933328,0.020105,0.0149985,0.00292097,0.00903906,0.00374549,0.000122662,0.00302342,0.033903,0.0545616,0.00703705,0.038779,0.0150265,0.0897663,0.0581707,0.0725529,0.0288401,0.0978586,0.00206498,0.00580989,0.00118268,0.00193379,0.0592812,0.0605676,0.0157064,0.00320986,0.00445147,0.00629834,
5,0.0933853,0.0205295,0.0153813,0.00299872,0.00923284,0.0038328,0.000125729,0.00309075,0.0342537,0.0551007,0.00716524,0.0390966,0.0153287,0.0898489,0.0584931,0.0727675,0.0290841,0.0978687,0.00211308,0.00594193,0.00121136,0.00198128,0.0599088,0.0611526,0.0160731,0.00328269,0.00455061,0.00643636,
6,0.0934374,0.0209585,0.0157716,0.00307854,0.00943039,0.00392214,0.000128875,0.0031594,0.0346068,0.05564,0.00729553,0.039416,0.0156354,0.0899303,0.0588141,0.0729802,0.0293293,0.0978786,0.00216198,0.00607589,0.0012407,0.00202964,0.0605333,0.0617375,0.0164473,0.00335711,0.00465185,0.0065772,
7,0.093489,0.0213918,0.0161696,0.00316047,0.00963177,0.00401355,0.000132104,0.00322937,0.0349623,0.0561792,0.00742793,0.0397373,0.0159466,0.0900106,0.0591336,0.0731909,0.0295758,0.0978885,0.00221169,0.00621175,0.0012707,0.00207889,0.0611544,0.0623221,0.016829,0.00343316,0.00475523,0.0067209,
8,0.0935403,0.0218293,0.0165752,0.00324456,0.00983702,0.00410707,0.000135418,0.00330068,0.0353203,0.0567183,0.00756246,0.0400603,0.0162624,0.0900897,0.0594516,0.0733997,0.0298236,0.0978982,0.0022622,0.0063495,0.00130138,0.00212902,0.061772,0.0629062,0.0172184,0.00351085,0.00486077,0.0068675,
9,0.0935912,0.0222707,0.0169885,0.00333085,0.0100462,0.00420274,0.000138819,0.00337335,0.0356808,0.0572571,0.00769914,0.040385,0.0165826,0.0901676,0.0597681,0.0736065,0.0300727,0.0979078,0.00231351,0.00648911,0.00133275,0.00218004,0.0623858,0.0634895,0.0176154,0.00359023,0.00496852,0.00701706,
10,0.0936417,0.022716,0.0174095,0.00341941,0.0102593,0.00430061,0.00014231,0.00344739,0.0360436,0.0577955,0.00783798,0.0407116,0.0169074,0.0902445,0.0600831,0.0738114,0.030323,0.0979174,0.00236563,0.00663056,0.00136483,0.00223194,0.0629955,0.064072,0.0180201,0.00367132,0.00507851,0.0071696,
11,0.0936918,0.0231648,0.0178382,0.00351028,0.0104764,0.00440072,0.000145892,0.00352281,0.0364088,0.0583332,0.00797901,0.0410398,0.0172365,0.0903202,0.0603965,0.0740144,0.0305746,0.0979268,0.00241854,0.00677381,0.00139763,0.00228474,0.0636009,0.0646533,0.0184326,0.00375415,0.00519077,0.00732517,
12,0.0937415,0.0236171,0.0182746,0.00360351,0.0106976,0.00450312,0.000149568,0.00359963,0.0367764,0.0588702,0.00812224,0.0413698,0.0175701,0.0903948,0.0607084,0.0742154,0.0308274,0.0979361,0.00247225,0.00691885,0.00143116,0.00233842,0.0642018,0.0652334,0.018853,0.00383875,0.00530534,0.00748381,
13,0.0937909,0.0240727,0.0187186,0.00369916,0.0109229,0.00460786,0.000153341,0.00367786,0.0371464,0.0594062,0.00826768,0.0417015,0.0179081,0.0904684,0.0610186,0.0744146,0.0310816,0.0979453,0.00252676,0.00706563,0.00146544,0.002393,0.0647979,0.065812,0.0192813,0.00392515,0.00542225,0.00764557,
14,0.0938398,0.0245313,0.0191704,0.00379729,0.0111523,0.00471498,0.000157214,0.00375751,0.0375187,0.0599411,0.00841536,0.0420349,0.0182505,0.0905409,0.0613273,0.0746119,0.031337,0.0979544,0.00258206,0.00721414,0.00150049,0.00244848,0.065389,0.0663889,0.0197176,0.00401338,0.00554155,0.00781048,
15,0.0938884,0.0249928,0.0196299,0.00389794,0.0113859,0.00482453,0.000161188,0.0038386,0.0378934,0.0604748,0.00856528,0.04237,0.0185972,0.0906124,0.0616343,0.0748073,0.0315937,0.0979634,0.00263815,0.00736434,0.00153631,0.00250485,0.0659749,0.0669639,0.0201618,0.00410347,0.00566326,0.00797858,
16,0.0939366,0.025457,0.0200971,0.00400118,0.0116237,0.00493655,0.000165268,0.00392114,0.0382703,0.061007,0.00871748,0.0427067,0.0189481,0.0906829,0.0619397,0.0750009,0.0318517,0.0979723,0.00269503,0.00751619,0.00157293,0.00256211,0.0665555,0.0675369,0.0206141,0.00419546,0.00578743,0.00814992,
17,0.0939845,0.0259236,0.020572,0.00410706,0.0118658,0.00505111,0.000169454,0.00400513,0.0386495,0.0615377,0.00887195,0.0430451,0.0193033,0.0907523,0.0622435,0.0751926,0.0321109,0.0979811,0.00275269,0.00766966,0.00161036,0.00262027,0.0671305,0.0681076,0.0210745,0.00428937,0.00591409,0.00832454,
18,0.094032,0.0263925,0.0210545,0.00421563,0.0121122,0.00516824,0.000173752,0.00409059,0.039031,0.0620666,0.00902871,0.0433851,0.0196627,0.0908208,0.0625455,0.0753825,0.0323714,0.0979899,0.00281114,0.00782473,0.00164862,0.00267932,0.0676997,0.0686759,0.0215429,0.00438523,0.00604327,0.00850248,
19,0.0940791,0.0268634,0.0215446,0.00432696,0.0123629,0.005288,0.000178162,0.00417753,0.0394147,0.0625937,0.00918779,0.0437267,0.0200262,0.0908882,0.0628459,0.0755706,0.0326333,0.0979985,0.00287036,0.00798134,0.00168773,0.00273927,0.068263,0.0692414,0.0220194,0.00448308,0.00617501,0.00868377,
20,0.0941258,0.0273362,0.0220422,0.00444111,0.012618,0.00541045,0.00018269,0.00426596,0.0398006,0.0631187,0.00934919,0.0440699,0.0203937,0.0909548,0.0631445,0.0757569,0.0328964,0.098007,0.00293036,0.00813947,0.0017277,0.00280012,0.0688201,0.0698042,0.022504,0.00458295,0.00630935,0.00886846,
21,0.0941722,0.0278106,0.0225474,0.00455813,0.0128775,0.00553562,0.000187337,0.0043559,0.0401887,0.0636415,0.00951293,0.0444147,0.0207653,0.0910204,0.0634414,0.0759414,0.0331608,0.0980155,0.00299113,0.00829907,0.00176855,0.00286186,0.069371,0.0703639,0.0229968,0.00468487,0.00644632,0.00905658,
22,0.0942182,0.0282864,0.0230601,0.00467808,0.0131415,0.00566359,0.000192106,0.00444734,0.0405789,0.064162,0.00967902,0.044761,0.0211408,0.091085,0.0637366,0.0761241,0.0334265,0.0980238,0.00305267,0.00846012,0.00181031,0.0029245,0.0699154,0.0709203,0.0234976,0.00478887,0.00658596,0.00924817,
23,0.0942639,0.0287634,0.0235801,0.00480102,0.01341,0.00579439,0.000197002,0.00454031,0.0409713,0.0646799,0.00984747,0.0451088,0.0215201,0.0911488,0.0640301,0.0763051,0.0336934,0.0980321,0.00311498,0.00862257,0.00185298,0.00298803,0.0704533,0.0714734,0.0240066,0.00489498,0.00672831,0.00944328,
24,0.0943092,0.0292414,0.0241076,0.00492702,0.0136829,0.00592809,0.000202028,0.0046348,0.0413657,0.0651952,0.0100183,0.0454581,0.0219033,0.0912117,0.0643218,0.0764843,0.0339617,0.0980403,0.00317806,0.00878638,0.0018966,0.00305245,0.0709845,0.0720228,0.0245236,0.00500324,0.0068734,0.00964194,
25,0.0943541,0.0297202,0.0246423,0.00505614,0.0139604,0.00606474,0.000207187,0.00473083,0.0417623,0.0657077,0.0101915,0.0458089,0.0222902,0.0912736,0.0646117,0.0766618,0.0342313,0.0980484,0.00324189,0.00895152,0.00194118,0.00311777,0.0715088,0.0725685,0.0250488,0.00511369,0.00702127,0.00984418,
26,0.0943988,0.0301995,0.0251842,0.00518843,0.0142425,0.00620439,0.000212482,0.00482841,0.0421608,0.0662172,0.0103671,0.0461611,0.0226807,0.0913348,0.0648998,0.0768376,0.0345022,0.0980564,0.00330648,0.00911795,0.00198674,0.00318399,0.0720262,0.0731102,0.0255819,0.00522634,0.00717195,0.0100501,
27,0.094443,0.0306792,0.0257332,0.00532396,0.0145292,0.00634711,0.000217919,0.00492754,0.0425613,0.0667236,0.0105452,0.0465148,0.0230748,0.0913951,0.0651862,0.0770117,0.0347744,0.0980644,0.00337183,0.00928563,0.0020333,0.00325109,0.0725365,0.0736477,0.0261231,0.00534124,0.00732548,0.0102596,
28,0.0944869,0.031159,0.0262893,0.00546279,0.0148205,0.00649295,0.000223499,0.00502823,0.0429638,0.0672268,0.0107256,0.0468699,0.0234724,0.0914545,0.0654708,0.0771841,0.0350479,0.0980722,0.00343794,0.00945452,0.0020809,0.00331909,0.0730398,0.0741809,0.0266722,0.00545841,0.00748189,0.0104728,
29,0.0945305,0.0316388,0.0268523,0.00560498,0.0151165,0.00664197,0.000229228,0.00513049,0.0433682,0.0677266,0.0109085,0.0472264,0.0238733,0.0915131,0.0657535,0.0773549,0.0353227,0.09808,0.0035048,0.00962458,0.00212955,0.00338798,0.0735357,0.0747097,0.0272292,0.00557789,0.00764123,0.0106897,
30,0.0945737,0.0321184,0.0274222,0.0057506,0.0154172,0.00679424,0.00023511,0.00523433,0.0437745,0.0682229,0.0110939,0.0475842,0.0242775,0.091571,0.0660345,0.077524,0.0355989,0.0980877,0.00357242,0.00979578,0.00217927,0.00345777,0.0740244,0.0752338,0.027794,0.00569972,0.00780352,0.0109105,
31,0.0946166,0.0325975,0.0279987,0.00589971,0.0157225,0.0069498,0.000241148,0.00533975,0.0441826,0.0687156,0.0112817,0.0479433,0.024685,0.091628,0.0663136,0.0776915,0.0358764,0.0980954,0.00364079,0.00996808,0.0022301,0.00352845,0.0745057,0.075753,0.0283666,0.00582393,0.0079688,0.011135,
32,0.0946592,0.0330759,0.0285819,0.00605237,0.0160326,0.00710872,0.000247347,0.00544675,0.0445925,0.0692044,0.0114719,0.0483037,0.0250955,0.0916843,0.066591,0.0778574,0.0361552,0.0981029,0.00370991,0.0101414,0.00228206,0.00360002,0.0749796,0.0762673,0.0289469,0.00595054,0.0081371,0.0113633,
33,0.0947014,0.0335535,0.0291716,0.00620864,0.0163474,0.00727107,0.000253712,0.00555535,0.0450042,0.0696894,0.0116647,0.0486654,0.025509,0.0917398,0.0668665,0.0780218,0.0364353,0.0981104,0.00377978,0.0103158,0.00233517,0.00367249,0.075446,0.0767765,0.0295348,0.0060796,0.00830847,0.0115955,
34,0.0947433,0.0340301,0.0297676,0.00636858,0.016667,0.0074369,0.000260246,0.00566555,0.0454176,0.0701703,0.0118599,0.0490283,0.0259254,0.0917946,0.0671401,0.0781845,0.0367168,0.0981179,0.00385041,0.0104912,0.00238947,0.00374586,0.0759049,0.0772804,0.0301302,0.00621113,0.00848293,0.0118316,
35,0.0947849,0.0345054,0.0303699,0.00653226,0.0169914,0.00760628,0.000266955,0.00577735,0.0458327,0.0706471,0.0120576,0.0493925,0.0263447,0.0918487,0.067412,0.0783457,0.0369996,0.0981252,0.0039218,0.0106676,0.00244497,0.00382013,0.0763562,0.0777789,0.030733,0.00634517,0.00866052,0.0120716,
36,0.0948261,0.0349794,0.0309782,0.00669974,0.0173205,0.00777928,0.000273844,0.00589076,0.0462494,0.0711196,0.0122579,0.0497578,0.0267665,0.091902,0.067682,0.0785054,0.0372838,0.0981325,0.00399394,0.0108448,0.00250173,0.00389529,0.0768,0.0782718,0.0313431,0.00648175,0.00884128,0.0123156,
37,0.094867,0.0354519,0.0315925,0.00687107,0.0176545,0.00795595,0.000280917,0.00600578,0.0466676,0.0715878,0.0124606,0.0501242,0.027191,0.0919547,0.0679501,0.0786636,0.0375693,0.0981397,0.00406685,0.011023,0.00255975,0.00397136,0.0772362,0.0787591,0.0319603,0.00662091,0.00902523,0.0125635,
38,0.0949076,0.0359226,0.0322126,0.00704632,0.0179932,0.00813637,0.00028818,0.00612242,0.0470875,0.0720514,0.0126659,0.0504918,0.0276179,0.0920066,0.0682165,0.0788202,0.0378562,0.0981469,0.00414052,0.011202,0.00261908,0.00404833,0.0776647,0.0792405,0.0325846,0.00676268,0.00921241,0.0128155,
39,0.0949479,0.0363915,0.0328383,0.00722555,0.0183368,0.0083206,0.000295638,0.00624068,0.0475088,0.0725105,0.0128738,0.0508604,0.0280472,0.0920579,0.0684809,0.0789754,0.0381445,0.0981539,0.00421497,0.0113819,0.00267975,0.00412621,0.0780857,0.079716,0.0332157,0.00690709,0.00940286,0.0130715,
40,0.0949879,0.0368583,0.0334694,0.00740881,0.0186851,0.0085087,0.000303296,0.00636057,0.0479315,0.0729649,0.0130841,0.0512301,0.0284787,0.0921085,0.0687436,0.0791292,0.0384342,0.098161,0.00429019,0.0115625,0.00274179,0.004205,0.0784991,0.0801855,0.0338536,0.00705417,0.00959659,0.0133315,
41,0.0950275,0.037323,0.0341058,0.00759616,0.0190383,0.00870075,0.00031116,0.00648208,0.0483556,0.0734146,0.0132971,0.0516008,0.0289124,0.0921585,0.0690044,0.0792815,0.0387252,0.0981679,0.00436619,0.011744,0.00280524,0.00428471,0.078905,0.0806489,0.034498,0.00720396,0.00979366,0.0135956,
42,0.0950669,0.0377854,0.0347473,0.00778766,0.0193964,0.00889682,0.000319236,0.00660523,0.048781,0.0738593,0.0135126,0.0519725,0.029348,0.0922078,0.0692634,0.0794323,0.0390176,0.0981748,0.00444298,0.0119262,0.00287014,0.00436533,0.0793033,0.081106,0.0351489,0.00735648,0.00999408,0.0138638,
43,0.0951059,0.0382453,0.0353937,0.00798335,0.0197592,0.00909696,0.000327529,0.00673002,0.0492077,0.0742992,0.0137307,0.0523451,0.0297855,0.0922566,0.0695205,0.0795818,0.0393114,0.0981817,0.00452056,0.0121091,0.00293651,0.00444688,0.0796941,0.0815567,0.035806,0.00751178,0.0101979,0.0141362,
44,0.0951446,0.0387026,0.0360448,0.00818331,0.0201268,0.00930125,0.000336046,0.00685645,0.0496357,0.074734,0.0139514,0.0527186,0.0302248,0.0923047,0.0697758,0.0797299,0.0396067,0.0981884,0.00459895,0.0122927,0.00300441,0.00452936,0.0800774,0.0820011,0.0364692,0.00766988,0.0104051,0.0144126,
45,0.0951831,0.0391572,0.0367004,0.00838756,0.0204993,0.00950977,0.000344793,0.00698452,0.0500647,0.0751636,0.0141747,0.053093,0.0306658,0.0923522,0.0700293,0.0798767,0.0399033,0.0981952,0.00467816,0.0124771,0.00307387,0.00461278,0.0804533,0.0824389,0.0371382,0.00783082,0.0106158,0.0146933,
46,0.0952212,0.0396091,0.0373604,0.00859617,0.0208765,0.00972257,0.000353776,0.00711423,0.0504949,0.0755882,0.0144006,0.0534682,0.0311083,0.0923991,0.070281,0.0800221,0.0402013,0.0982018,0.0047582,0.0126621,0.00314493,0.00469713,0.0808218,0.0828701,0.0378129,0.00799462,0.01083,0.0149781,
47,0.095259,0.040058,0.0380244,0.00880917,0.0212585,0.00993974,0.000363002,0.00724559,0.0509262,0.0760074,0.0146291,0.0538442,0.0315522,0.0924455,0.0705308,0.0801662,0.0405008,0.0982084,0.00483907,0.0128477,0.00321764,0.00478244,0.081183,0.0832948,0.0384931,0.00816132,0.0110476,0.0152671,
48,0.0952965,0.0405039,0.0386923,0.00902662,0.0216453,0.0101613,0.000372478,0.00737861,0.0513584,0.0764214,0.0148602,0.0542209,0.0319974,0.0924913,0.0707788,0.080309,0.0408018,0.098215,0.00492079,0.013034,0.00329203,0.00486871,0.081537,0.0837127,0.0391784,0.00833094,0.0112688,0.0155603,
49,0.0953337,0.0409467,0.0393639,0.00924855,0.0220368,0.0103874,0.00038221,0.00751328,0.0517915,0.07683,0.015094,0.0545984,0.0324438,0.0925365,0.071025,0.0804505,0.0411041,0.0982215,0.00500337,0.0132209,0.00336816,0.00495594,0.0818837,0.0841238,0.0398688,0.00850352,0.0114935,0.0158577,
50,0.0953707,0.0413863,0.0400389,0.00947501,0.0224331,0.0106181,0.000392206,0.00764961,0.0522255,0.0772333,0.0153305,0.0549765,0.0328913,0.0925812,0.0712694,0.0805907,0.0414079,0.098228,0.00508684,0.0134084,0.00344607,0.00504414,0.0822234,0.0845281,0.040564,0.00867909,0.0117219,0.0161593,
51,0.0954073,0.0418227,0.0407171,0.00970603,0.022834,0.0108534,0.000402473,0.0077876,0.0526603,0.077631,0.0155696,0.0553552,0.0333397,0.0926254,0.071512,0.0807297,0.0417132,0.0982344,0.00517119,0.0135965,0.0035258,0.00513333,0.082556,0.0849256,0.0412637,0.00885768,0.0119538,0.0164652,
52,0.0954437,0.0422557,0.0413982,0.00994164,0.0232396,0.0110935,0.000413019,0.00792725,0.0530958,0.0780233,0.0158114,0.0557346,0.0337889,0.092669,0.0717528,0.0808675,0.04202,0.0982407,0.00525646,0.0137852,0.00360742,0.00522351,0.0828816,0.0853162,0.0419677,0.00903931,0.0121894,0.0167753,
53,0.0954797,0.0426853,0.042082,0.0101819,0.0236499,0.0113383,0.000423852,0.00806857,0.053532,0.0784101,0.0160559,0.0561145,0.0342389,0.0927122,0.0719918,0.0810041,0.0423283,0.098247,0.00534266,0.0139745,0.00369096,0.0053147,0.0832003,0.0857,0.0426757,0.00922401,0.0124286,0.0170896,
54,0.0955155,0.0431114,0.0427683,0.0104268,0.0240647,0.011588,0.000434978,0.00821156,0.0539688,0.0787913,0.0163032,0.0564949,0.0346894,0.0927548,0.0722291,0.0811395,0.042638,0.0982533,0.00542981,0.0141644,0.00377648,0.00540691,0.0835122,0.0860767,0.0433875,0.0094118,0.0126715,0.0174082,
55,0.095551,0.043534,0.0434568,0.0106763,0.0244841,0.0118426,0.000446407,0.00835623,0.0544061,0.0791669,0.0165531,0.0568758,0.0351405,0.092797,0.0724645,0.0812737,0.0429493,0.0982595,0.00551792,0.0143549,0.00386403,0.00550014,0.0838174,0.0864466,0.0441028,0.00960272,0.0129181,0.017731,
56,0.0955862,0.043953,0.0441472,0.0109306,0.0249081,0.0121022,0.000458147,0.00850257,0.0548439,0.0795369,0.0168057,0.057257,0.0355919,0.0928387,0.0726982,0.0814068,0.043262,0.0982656,0.00560703,0.0145459,0.00395367,0.00559441,0.084116,0.0868095,0.0448214,0.00979679,0.0131684,0.0180581,
57,0.0956211,0.0443684,0.0448393,0.0111895,0.0253365,0.0123668,0.000470205,0.00865059,0.055282,0.0799013,0.0170611,0.0576387,0.0360436,0.0928799,0.0729302,0.0815388,0.0435763,0.0982717,0.00569714,0.0147375,0.00404546,0.00568974,0.0844081,0.0871655,0.0455429,0.00999404,0.0134224,0.0183893,
58,0.0956558,0.0447802,0.0455328,0.0114532,0.0257694,0.0126367,0.000482592,0.0088003,0.0557205,0.08026,0.0173193,0.0580207,0.0364954,0.0929207,0.0731604,0.0816696,0.0438922,0.0982778,0.0057883,0.0149297,0.00413945,0.00578614,0.0846938,0.0875145,0.0462671,0.0101945,0.0136802,0.0187248,
59,0.0956902,0.0451882,0.0462274,0.0117216,0.0262066,0.0129117,0.000495316,0.0089517,0.0561592,0.0806131,0.0175802,0.0584029,0.0369474,0.092961,0.0733889,0.0817994,0.0442096,0.0982838,0.00588051,0.0151224,0.0042357,0.00588361,0.0849731,0.0878566,0.0469936,0.0103981,0.0139417,0.0190645,
60,0.0957243,0.0455926,0.0469229,0.0119947,0.0266482,0.013192,0.000508385,0.00910479,0.0565981,0.0809606,0.017844,0.0587854,0.0373992,0.0930009,0.0736156,0.0819281,0.0445285,0.0982898,0.0059738,0.0153158,0.00433427,0.00598219,0.0852462,0.0881917,0.0477223,0.010605,0.014207,0.0194084,
61,0.0957582,0.0459932,0.047619,0.0122725,0.027094,0.0134776,0.00052181,0.00925958,0.0570371,0.0813024,0.0181105,0.0591681,0.037851,0.0930404,0.0738407,0.0820558,0.044849,0.0982957,0.00606821,0.0155097,0.00443522,0.00608188,0.0855132,0.08852,0.0484528,0.0108152,0.014476,0.0197565,
62,0.0957918,0.0463901,0.0483154,0.012555,0.027544,0.0137687,0.0005356,0.00941608,0.0574762,0.0816386,0.0183798,0.059551,0.0383025,0.0930794,0.074064,0.0821824,0.0451711,0.0983016,0.00616376,0.0157042,0.00453862,0.00618271,0.0857742,0.0888415,0.0491847,0.0110286,0.0147489,0.0201088,
63,0.0958251,0.0467833,0.0490117,0.0128423,0.0279982,0.0140652,0.000549765,0.00957428,0.0579151,0.0819691,0.018652,0.0599339,0.0387536,0.0931181,0.0742856,0.082308,0.0454948,0.0983075,0.00626048,0.0158994,0.00464454,0.00628468,0.0860293,0.0891561,0.0499178,0.0112454,0.0150255,0.0204651,
64,0.0958581,0.0471727,0.0497078,0.0131342,0.0284564,0.0143672,0.000564314,0.0097342,0.058354,0.082294,0.018927,0.0603169,0.0392043,0.0931563,0.0745056,0.0824327,0.0458202,0.0983133,0.0063584,0.0160951,0.00475302,0.00638782,0.0862786,0.0894639,0.0506519,0.0114654,0.015306,0.0208256,
65,0.0958909,0.0475583,0.0504033,0.0134308,0.0289186,0.0146749,0.000579258,0.00989583,0.0587927,0.0826133,0.0192049,0.0606999,0.0396545,0.0931941,0.0747239,0.0825563,0.0461471,0.0983191,0.00645754,0.0162915,0.00486416,0.00649214,0.0865222,0.089765,0.0513865,0.0116888,0.0155902,0.0211902,
66,0.0959234,0.0479402,0.051098,0.013732,0.0293847,0.0149882,0.000594607,0.0100592,0.059231,0.0829271,0.0194856,0.0610828,0.040104,0.0932316,0.0749406,0.0826791,0.0464757,0.0983248,0.00655795,0.0164886,0.004978,0.00659766,0.0867602,0.0900593,0.0521213,0.0119155,0.0158783,0.0215588,
67,0.0959557,0.0483184,0.0517916,0.0140378,0.0298546,0.0153072,0.000610371,0.0102243,0.0596691,0.0832353,0.0197693,0.0614657,0.0405529,0.0932687,0.0751556,0.0828008,0.0468059,0.0983305,0.00665966,0.0166863,0.00509463,0.00670442,0.0869928,0.0903471,0.0528561,0.0121456,0.0161701,0.0219314,
68,0.0959877,0.0486928,0.0524836,0.0143481,0.0303283,0.015632,0.000626562,0.0103911,0.0601067,0.083538,0.0200559,0.0618484,0.041001,0.0933054,0.0753689,0.0829217,0.0471378,0.0983362,0.0067627,0.0168847,0.00521412,0.00681241,0.0872199,0.0906282,0.0535906,0.012379,0.0164658,0.022308,
69,0.0960195,0.0490635,0.053174,0.0146629,0.0308056,0.0159626,0.00064319,0.0105597,0.0605438,0.0838351,0.0203454,0.0622309,0.0414482,0.0933417,0.0755807,0.0830417,0.0474714,0.0983418,0.0068671,0.0170838,0.00533653,0.00692167,0.0874418,0.0909029,0.0543244,0.0126159,0.0167652,0.0226886,
70,0.096051,0.0494305,0.0538624,0.0149822,0.0312864,0.016299,0.000660266,0.0107301,0.0609803,0.0841268,0.0206378,0.0626131,0.0418944,0.0933777,0.0757909,0.0831608,0.0478066,0.0983474,0.0069729,0.0172836,0.00546194,0.00703222,0.0876586,0.0911711,0.0550571,0.012856,0.0170684,0.023073,
71,0.0960823,0.0497938,0.0545484,0.0153059,0.0317707,0.0166414,0.000677802,0.0109022,0.0614161,0.0844131,0.0209332,0.0629951,0.0423397,0.0934134,0.0759994,0.0832791,0.0481436,0.0983529,0.00708015,0.0174842,0.00559043,0.00714408,0.0878704,0.0914329,0.0557886,0.0130996,0.0173754,0.0234613,
72,0.0961133,0.0501535,0.0552318,0.0156339,0.0322583,0.0169897,0.000695809,0.0110761,0.0618512,0.084694,0.0212315,0.0633767,0.0427838,0.0934487,0.0762064,0.0833965,0.0484823,0.0983584,0.00718887,0.0176855,0.00572207,0.00725727,0.0880772,0.0916883,0.0565184,0.0133466,0.0176862,0.0238534,
73,0.0961441,0.0505096,0.0559124,0.0159662,0.0327492,0.0173441,0.000714298,0.0112517,0.0622854,0.0849696,0.0215329,0.0637579,0.0432268,0.0934836,0.0764119,0.0835131,0.0488227,0.0983639,0.00729911,0.0178877,0.00585693,0.00737182,0.0882791,0.0919376,0.0572464,0.0135969,0.0180007,0.0242492,
74,0.0961746,0.0508621,0.0565897,0.0163027,0.0332432,0.0177045,0.000733282,0.0114292,0.0627187,0.0852399,0.0218373,0.0641387,0.0436685,0.0935183,0.0766158,0.0836289,0.0491649,0.0983694,0.00741091,0.0180906,0.0059951,0.00748775,0.0884764,0.0921807,0.057972,0.0138507,0.0183189,0.0246487,
75,0.0962049,0.051211,0.0572636,0.0166432,0.0337402,0.0180709,0.000752772,0.0116084,0.0631511,0.0855049,0.0221447,0.064519,0.044109,0.0935526,0.0768182,0.0837439,0.0495088,0.0983748,0.00752431,0.0182944,0.00613665,0.00760509,0.0886691,0.0924177,0.0586952,0.0141078,0.0186408,0.0250518,
76,0.096235,0.0515565,0.0579338,0.0169878,0.0342401,0.0184435,0.000772781,0.0117895,0.0635824,0.0857648,0.0224551,0.0648987,0.0445481,0.0935866,0.077019,0.0838581,0.0498545,0.0983802,0.00763935,0.018499,0.00628167,0.00772386,0.0888572,0.0926487,0.0594154,0.0143683,0.0189664,0.0254584,
77,0.0962648,0.0518984,0.0586,0.0173363,0.0347428,0.0188222,0.000793319,0.0119724,0.0640125,0.0860195,0.0227686,0.0652779,0.0449857,0.0936204,0.0772184,0.0839717,0.050202,0.0983855,0.00775607,0.0187045,0.00643023,0.00784408,0.089041,0.0928738,0.0601326,0.0146322,0.0192957,0.0258686,
78,0.0962944,0.0522369,0.0592619,0.0176887,0.0352481,0.0192071,0.000814401,0.0121571,0.0644414,0.0862692,0.0230852,0.0656564,0.0454219,0.0936538,0.0774163,0.0840844,0.0505513,0.0983908,0.00787452,0.018911,0.00658241,0.00796579,0.0892204,0.0930931,0.0608462,0.0148995,0.0196286,0.0262821,
79,0.0963237,0.052572,0.0599192,0.0180447,0.0357559,0.0195981,0.000836037,0.0123437,0.064869,0.0865138,0.0234049,0.0660341,0.0458566,0.0936869,0.0776127,0.0841965,0.0509024,0.0983961,0.00799475,0.0191184,0.00673829,0.00808902,0.0893957,0.0933067,0.0615562,0.0151701,0.0199651,0.026699,
80,0.0963528,0.0529037,0.0605717,0.0184044,0.0362661,0.0199953,0.00085824,0.0125322,0.0652951,0.0867535,0.0237276,0.0664112,0.0462898,0.0937197,0.0778076,0.0843079,0.0512553,0.0984014,0.00811679,0.0193267,0.00689796,0.00821378,0.0895668,0.0935146,0.062262,0.0154441,0.0203052,0.0271192,
81,0.0963817,0.0532322,0.0612192,0.0187676,0.0367785,0.0203987,0.000881024,0.0127225,0.0657199,0.0869883,0.0240535,0.0667874,0.0467213,0.0937523,0.0780012,0.0844186,0.0516101,0.0984066,0.00824069,0.0195361,0.00706149,0.00834011,0.089734,0.093717,0.0629636,0.0157214,0.0206488,0.0275425,
82,0.0964104,0.0535574,0.0618613,0.0191342,0.0372931,0.0208084,0.0009044,0.0129147,0.066143,0.0872182,0.0243825,0.0671628,0.0471511,0.0937846,0.0781933,0.0845287,0.0519668,0.0984118,0.00836651,0.0197465,0.00722897,0.00846803,0.0898972,0.093914,0.0636606,0.016002,0.0209958,0.0279689,
83,0.0964388,0.0538793,0.0624979,0.0195041,0.0378096,0.0212242,0.00092838,0.0131088,0.0665646,0.0874434,0.0247147,0.0675372,0.0475792,0.0938166,0.078384,0.0846381,0.0523253,0.098417,0.00849428,0.019958,0.00740048,0.00859758,0.0900567,0.0941056,0.0643527,0.0162859,0.0213464,0.0283984,
84,0.096467,0.0541981,0.0631286,0.0198771,0.0383279,0.0216462,0.000952979,0.0133048,0.0669844,0.0876638,0.0250501,0.0679107,0.0480056,0.0938483,0.0785733,0.0847469,0.0526857,0.0984221,0.00862406,0.0201706,0.0075761,0.00872879,0.0902124,0.094292,0.0650397,0.0165731,0.0217003,0.0288307,
85,0.096495,0.0545138,0.0637534,0.0202531,0.0388478,0.0220744,0.000978207,0.0135027,0.0674024,0.0878797,0.0253886,0.0682832,0.0484303,0.0938798,0.0787613,0.0848551,0.053048,0.0984272,0.00875589,0.0203843,0.0077559,0.00886168,0.0903645,0.0944732,0.0657213,0.0168636,0.0220576,0.0292658,
86,0.0965228,0.0548264,0.0643719,0.020632,0.0393693,0.0225088,0.00100408,0.0137026,0.0678186,0.0880909,0.0257303,0.0686546,0.0488531,0.0939111,0.0789479,0.0849627,0.0534122,0.0984323,0.00888981,0.0205992,0.00793998,0.00899629,0.0905131,0.0946494,0.0663973,0.0171573,0.0224182,0.0297037,
87,0.0965503,0.0551359,0.064984,0.0210137,0.0398922,0.0229493,0.0010306,0.0139045,0.0682328,0.0882977,0.0260752,0.069025,0.0492741,0.0939421,0.0791332,0.0850697,0.0537783,0.0984374,0.00902589,0.0208153,0.0081284,0.00913265,0.0906582,0.0948206,0.0670674,0.0174542,0.022782,0.0301442,
88,0.0965776,0.0554425,0.0655894,0.021398,0.0404162,0.0233959,0.0010578,0.0141083,0.068645,0.0885,0.0264233,0.0693941,0.0496932,0.0939728,0.0793171,0.0851762,0.0541464,0.0984424,0.00916417,0.0210326,0.00832126,0.00927079,0.0908,0.094987,0.0677313,0.0177543,0.0231491,0.0305872,
89,0.0966047,0.0557462,0.0661879,0.0217848,0.0409414,0.0238486,0.00108567,0.0143142,0.0690551,0.088698,0.0267747,0.069762,0.0501104,0.0940033,0.0794998,0.0852822,0.0545163,0.0984474,0.00930469,0.0212511,0.00851861,0.00941074,0.0909386,0.0951486,0.068389,0.0180576,0.0235193,0.0310327,
90,0.0966316,0.056047,0.0667794,0.022174,0.0414674,0.0243073,0.00111423,0.014522,0.069463,0.0888917,0.0271293,0.0701287,0.0505257,0.0940336,0.0796811,0.0853876,0.0548883,0.0984524,0.00944751,0.021471,0.00872055,0.00955254,0.0910739,0.0953056,0.06904,0.018364,0.0238925,0.0314804,
91,0.0966583,0.056345,0.0673637,0.0225653,0.0419941,0.024772,0.0011435,0.0147319,0.0698687,0.0890812,0.0274871,0.0704941,0.0509391,0.0940637,0.0798612,0.0854925,0.0552622,0.0984574,0.00959267,0.0216922,0.00892714,0.00969621,0.0912062,0.095458,0.0696843,0.0186735,0.0242688,0.0319303,
92,0.0966848,0.0566402,0.0679406,0.0229587,0.0425215,0.0252427,0.00117348,0.0149438,0.0702721,0.0892666,0.0278482,0.0708581,0.0513505,0.0940935,0.0800401,0.0855969,0.0556381,0.0984623,0.00974023,0.0219147,0.00913846,0.0098418,0.0913355,0.095606,0.0703216,0.018986,0.0246481,0.0323824,
93,0.096711,0.0569327,0.06851,0.0233541,0.0430493,0.0257192,0.0012042,0.0151578,0.0706731,0.0894479,0.0282125,0.0712206,0.0517599,0.0941231,0.0802177,0.0857009,0.0560159,0.0984672,0.00989022,0.0221386,0.00935457,0.00998933,0.0914618,0.0957496,0.0709518,0.0193016,0.0250303,0.0328364,
94,0.0967371,0.0572226,0.0690718,0.0237512,0.0435773,0.0262015,0.00123564,0.0153739,0.0710716,0.0896252,0.0285802,0.0715817,0.0521674,0.0941525,0.0803941,0.0858044,0.0563958,0.0984721,0.0100427,0.0223639,0.00957555,0.0101388,0.0915852,0.095889,0.0715746,0.0196201,0.0254153,0.0332923,
95,0.096763,0.0575098,0.0696257,0.0241499,0.0441055,0.0266895,0.00126784,0.015592,0.0714676,0.0897986,0.028951,0.0719413,0.0525729,0.0941817,0.0805693,0.0859074,0.0567776,0.098477,0.0101977,0.0225906,0.00980146,0.0102904,0.0917059,0.0960243,0.0721899,0.0199416,0.025803,0.0337499,
96,0.0967886,0.0577945,0.0701717,0.0245501,0.0446336,0.0271832,0.0013008,0.0158123,0.071861,0.0899681,0.0293252,0.0722993,0.0529763,0.0942107,0.0807434,0.08601,0.0571614,0.0984818,0.0103554,0.0228189,0.0100324,0.0104439,0.0918239,0.0961555,0.0727975,0.020266,0.0261935,0.0342091,
97,0.0968141,0.0580766,0.0707096,0.0249517,0.0451615,0.0276824,0.00133453,0.0160348,0.0722518,0.0901339,0.0297026,0.0726558,0.0533778,0.0942395,0.0809162,0.0861123,0.0575472,0.0984866,0.0105156,0.0230486,0.0102683,0.0105996,0.0919392,0.0962827,0.0733972,0.0205933,0.0265866,0.0346699,
98,0.0968393,0.0583563,0.0712394,0.0253545,0.0456891,0.0281871,0.00136904,0.0162594,0.0726398,0.0902959,0.0300833,0.0730105,0.0537772,0.0942681,0.081088,0.0862141,0.057935,0.0984914,0.0106785,0.0232798,0.0105094,0.0107574,0.092052,0.0964061,0.073989,0.0209234,0.0269822,0.0351321,
99,0.0968643,0.0586336,0.071761,0.0257584,0.0462161,0.0286971,0.00140434,0.0164862,0.073025,0.0904544,0.0304673,0.0733636,0.0541747,0.0942965,0.0812585,0.0863155,0.0583248,0.0984962,0.0108442,0.0235126,0.0107556,0.0109173,0.0921623,0.0965257,0.0745727,0.0212563,0.0273803,0.0355955,
100,0.0968892,0.0589085,0.0722743,0.0261632,0.0467424,0.0292123,0.00144044,0.0167152,0.0734074,0.0906093,0.0308545,0.0737149,0.0545701,0.0943247,0.081428,0.0864165,0.0587166,0.0985009,0.0110126,0.023747,0.0110071,0.0110794,0.0922701,0.0966417,0.0751481,0.021592,0.0277808,0.0360601,
101,0.00056484,0.00403778,0.00278162,0.00197154,0.00282273,0.00218556,0.000122848,0.000836174,0.00239232,0.0022851,0.00171653,0.00168139,0.00261557,0.00180469,0.00277113,0.00237559,0.00111082,0.000689998,0.00147738,0.00310918,0.00110197,0.00147053,0.0015526,0.000934294,0.00242718,0.00199333,0.0023577,0.00271421,
102,2.62366e-06,0.000185515,6.35813e-05,8.80149e-05,9.38541e-05,8.76502e-05,5.57637e-06,2.38838e-05,5.07038e-05,3.45132e-05,5.6464e-05,3.50104e-05,7.12351e-05,1.9633e-05,5.00164e-05,3.52942e-05,1.87259e-05,4.05894e-06,0.000111784,0.000230515,6.15997e-05,0.000109871,1.47963e-05,8.35345e-06,4.78656e-05,9.86825e-05,0.000106767,0.000109883,
103,1.04881e-08,7.10792e-06,1.18609e-06,2.97303e-06,2.27678e-06,2.49514e-06,1.78374e-07,5.25393e-07,8.78146e-07,4.11705e-07,1.44476e-06,6.62115e-07,1.49048e-06,1.59815e-07,6.37363e-07,3.79063e-07,2.81607e-07,2.097e-08,6.20633e-06,1.25501e-05,2.57228e-06,6.0078e-06,1.09139e-07,7.02258e-08,7.48362e-07,3.42135e-06,3.39233e-06,3.15591e-06,
104,3.97323e-11,2.4375e-07,2.09388e-08,8.27474e-08,4.56729e-08,5.70205e-08,4.54497e-09,1.01765e-08,1.34735e-08,4.45306e-09,3.20118e-08,1.18027e-08,2.75869e-08,1.08983e-09,6.5169e-09,3.37409e-09,4.04651e-09,1.00135e-10,2.83405e-07,5.61551e-07,9.18462e-08,2.69168e-07,7.62074e-10,5.76003e-10,1.02977e-08,9.33146e-08,8.52892e-08,7.26611e-08,
105,1.62116e-13,7.7485e-09,3.74791e-10,1.98382e-09,8.18078e-10,1.12659e-09,9.9304e-11,1.86861e-10,1.91667e-10,4.92311e-11,6.47609e-10,2.02947e-10,4.89319e-10,6.67402e-12,5.8378e-11,2.76733e-11,5.77225e-11,4.55667e-13,1.13287e-08,2.19761e-08,3.02806e-09,1.05182e-08,6.40421e-12,4.69457e-12,1.32766e-10,2.14371e-09,1.82249e-09,1.44366e-09,
106,8.41725e-16,2.33447e-10,6.91359e-12,4.23149e-11,1.381e-11,2.02938e-11,1.96424e-12,3.37421e-12,2.61396e-12,6.16015e-13,1.23195e-11,3.4129e-12,8.63776e-12,3.92355e-14,4.99457e-13,2.34105e-13,8.28855e-13,2.01319e-15,4.11766e-10,7.81792e-10,9.602e-11,3.72799e-10,7.86088e-14,3.83323e-14,1.68433e-12,4.35058e-11,3.48148e-11,2.609e-11,
107,6.02054e-18,6.76836e-12,1.30899e-13,8.25922e-13,2.28086e-13,3.47185e-13,3.68202e-14,6.06141e-14,3.51217e-14,8.97293e-15,2.24371e-13,5.65967e-14,1.52968e-13,2.4415e-16,4.5017e-15,2.27102e-15,1.19995e-14,8.7375e-18,1.39482e-11,2.59364e-11,2.97723e-12,1.23036e-11,1.33982e-15,3.1462e-16,2.19134e-14,8.09492e-13,6.18451e-13,4.46551e-13,
108,5.41978e-20,1.90883e-13,2.53902e-15,1.51367e-14,3.76589e-15,5.81475e-15,6.81579e-16,1.08206e-15,4.75229e-16,1.44872e-16,3.95913e-15,9.3018e-16,2.70282e-15,1.84548e-18,4.6459e-17,2.62093e-17,1.74751e-16,3.75386e-20,4.47794e-13,8.16678e-13,9.05893e-14,3.85097e-13,2.71151e-17,2.59914e-18,3.00786e-16,1.42349e-14,1.05407e-14,7.45801e-15,
109,5.4542e-22,5.27631e-15,5.06579e-17,2.66646e-16,6.2641e-17,9.72202e-17,1.2914e-17,1.9116e-17,6.57733e-18,2.44163e-18,6.82516e-17,1.51984e-17,4.73261e-17,1.84411e-20,5.58238e-19,3.43942e-19,2.55396e-18,1.60525e-22,1.37888e-14,2.47139e-14,2.7037e-15,1.15817e-14,5.94204e-19,2.16299e-20,4.39282e-18,2.42416e-16,1.76378e-16,1.23858e-16,
110,5.76984e-24,1.43716e-16,1.04491e-18,4.60635e-18,1.04864e-18,1.6387e-18,2.57267e-19,3.33286e-19,9.3876e-20,4.14894e-20,1.15646e-18,2.47361e-19,8.18231e-19,2.29072e-22,7.46386e-21,4.82351e-21,3.73983e-20,6.86948e-25,4.10871e-16,7.25305e-16,7.91344e-17,3.37881e-16,1.35727e-20,1.81587e-22,6.76045e-20,4.06944e-18,2.93862e-18,2.06286e-18,
111,6.27202e-26,3.87198e-18,2.23245e-20,7.92655e-20,1.75923e-20,2.79452e-20,5.4637e-21,5.73125e-21,1.38324e-21,7.01185e-22,1.93458e-20,4.01528e-21,1.39604e-20,3.16538e-24,1.05415e-22,6.95653e-23,5.48191e-22,2.97195e-27,1.1927e-17,2.07828e-17,2.27369e-18,9.62863e-18,3.17908e-22,1.54286e-24,1.07734e-21,6.8064e-20,4.90431e-20,3.44932e-20,
112,6.95804e-28,1.03464e-19,4.93076e-22,1.37356e-21,2.94593e-22,4.82986e-22,1.23717e-22,9.72994e-23,2.09604e-23,1.17453e-23,3.20568e-22,6.50592e-23,2.35335e-22,4.55268e-26,1.52407e-24,1.0141e-24,8.03973e-24,1.34016e-29,3.39056e-19,5.84366e-19,6.42501e-20,2.69415e-19,7.57407e-24,1.33564e-26,1.74959e-23,1.13944e-21,8.20259e-22,5.77627e-22,
113,7.87384e-30,2.74735e-21,1.121e-23,2.4141e-23,4.9121e-24,8.48855e-24,2.95775e-24,1.63362e-24,3.24643e-25,1.95068e-25,5.2747e-24,1.05281e-24,3.92714e-24,6.63677e-28,2.22372e-26,1.48425e-26,1.17942e-25,6.91141e-32,9.47763e-21,1.61858e-20,1.78961e-21,7.43057e-21,1.82725e-25,1.19271e-28,2.86416e-25,1.91024e-23,1.37207e-23,9.65832e-24,
114,9.11281e-32,7.25964e-23,2.61046e-25,4.32618e-25,8.14776e-26,1.52709e-25,7.36258e-26,2.71776e-26,5.10774e-27,3.21681e-27,8.63406e-26,1.70215e-26,6.5002e-26,9.71749e-30,3.25581e-28,2.17567e-28,1.73045e-27,4.90687e-34,2.61348e-22,4.42942e-22,4.92425e-23,2.02601e-22,4.45155e-27,1.12077e-30,4.69757e-27,3.20345e-25,2.28998e-25,1.609e-25,
115,1.08347e-33,1.91092e-24,6.19815e-27,7.94595e-27,1.34443e-27,2.83938e-27,1.88282e-27,4.48844e-28,8.12131e-29,5.27533e-29,1.40786e-27,2.75024e-28,1.06908e-27,1.42489e-31,4.77322e-30,3.19111e-30,2.53909e-29,5.30676e-36,7.12758e-24,1.2004e-23,1.34116e-24,5.4735e-24,1.09316e-28,1.13757e-32,7.69621e-29,5.3679e-27,3.80726e-27,2.66785e-27,
116,1.33027e-35,5.01453e-26,1.49473e-28,1.50454e-28,2.20799e-29,5.51546e-29,4.89416e-29,7.37065e-30,1.29998e-30,8.6146e-31,2.28913e-29,4.44164e-30,1.74974e-29,2.09039e-33,7.00152e-32,4.68168e-32,3.72577e-31,7.53039e-38,1.92643e-25,3.22744e-25,3.62179e-26,1.46775e-25,2.70242e-30,1.27712e-34,1.25809e-30,8.98591e-29,6.30093e-29,4.40198e-29,
117,1.69453e-37,1.31261e-27,3.64965e-30,2.95425e-30,3.61185e-31,1.12887e-30,1.28346e-30,1.20512e-31,2.0894e-32,1.40229e-32,3.71424e-31,7.17088e-32,2.85317e-31,3.06728e-35,1.02723e-33,6.86929e-34,5.46716e-33,1.18214e-39,5.16849e-27,8.62138e-27,9.71169e-28,3.91204e-27,6.71892e-32,1.59857e-36,2.05154e-32,1.50434e-30,1.038e-30,7.23064e-31,
118,2.24568e-39,3.42892e-29,8.99984e-32,6.04297e-32,5.88919e-33,2.44184e-32,3.37929e-32,1.96401e-33,3.36613e-34,2.27724e-34,6.01721e-33,1.15744e-33,4.6395e-33,4.50102e-37,1.50725e-35,1.00797e-35,8.02255e-35,1.90758e-41,1.37828e-28,2.29075e-28,2.58889e-29,1.03751e-28,1.67876e-33,2.20075e-38,3.33784e-34,2.52454e-32,1.70279e-32,1.18308e-32,
119,3.0961e-41,8.94232e-31,2.23691e-33,1.28982e-33,9.57783e-35,5.56134e-34,8.90708e-34,3.19337e-35,5.42999e-36,3.6916e-36,9.73701e-35,1.86787e-35,7.52853e-35,6.60519e-39,2.21169e-37,1.47908e-37,1.17724e-36,3.09549e-43,3.65711e-30,6.05991e-30,6.86766e-31,2.74026e-30,4.21257e-35,3.24588e-40,5.42017e-36,4.26315e-34,2.78327e-34,1.92954e-34,
120,4.42739e-43,2.32883e-32,5.59526e-35,2.86714e-35,1.55457e-36,1.32194e-35,2.3464e-35,5.18415e-37,8.76482e-38,5.97659e-38,1.57431e-36,3.01398e-37,1.21976e-36,9.69322e-41,3.24543e-39,2.17041e-39,1.72751e-38,5.02318e-45,9.66346e-32,1.59722e-31,1.8144e-32,7.21295e-32,1.06106e-36,4.99797e-42,8.78783e-38,7.28355e-36,4.53577e-36,3.13884e-36,
121,6.53296e-45,6.05785e-34,1.40676e-36,6.60511e-37,2.51934e-38,3.24477e-37,6.17249e-37,8.40879e-39,1.41513e-39,9.66659e-40,2.54381e-38,4.86288e-39,1.97395e-38,1.42251e-42,4.76239e-41,3.18491e-41,2.53498e-40,8.14209e-47,2.54464e-33,4.19701e-33,4.77723e-34,1.89322e-33,2.68145e-38,7.88493e-44,1.42303e-39,1.26804e-37,7.37404e-38,5.09569e-38,
122,9.8866e-47,1.57426e-35,3.55177e-38,1.56677e-38,4.07808e-40,8.14344e-39,1.6209e-38,1.36373e-40,2.28493e-41,1.56237e-41,4.10848e-40,7.84544e-41,3.19175e-40,2.08761e-44,6.98845e-43,4.67363e-43,3.71989e-42,1.31824e-48,6.68135e-35,1.10004e-34,1.25424e-35,4.95745e-35,6.79609e-40,1.25988e-45,2.30214e-41,2.26932e-39,1.19658e-39,8.2595e-40,
123,1.52532e-48,4.08766e-37,8.99857e-40,3.80137e-40,6.59536e-42,2.07349e-40,4.2487e-40,2.2132e-42,3.6891e-43,2.52386e-43,6.63333e-42,1.26567e-42,5.15758e-42,3.0637e-46,1.0255e-44,6.85823e-45,5.45866e-44,2.13228e-50,1.75006e-36,2.87705e-36,3.28505e-37,1.29554e-36,1.72685e-41,2.02575e-47,3.72161e-43,4.21453e-41,1.93885e-41,1.33715e-41,
124,2.38676e-50,1.06065e-38,2.28642e-41,9.37899e-42,1.06594e-43,5.32667e-42,1.1117e-41,3.59824e-44,5.95551e-45,4.07547e-45,1.07071e-43,2.04176e-44,8.33028e-44,4.49621e-48,1.50486e-46,1.0064e-46,8.01017e-46,3.44653e-52,4.57464e-38,7.51114e-38,8.58672e-39,3.37998e-38,4.39763e-43,3.2666e-49,6.01297e-45,8.19153e-43,3.13805e-43,2.16277e-43,
125,3.77223e-52,2.75051e-40,5.82364e-43,2.34225e-43,1.7219e-45,1.37552e-43,2.90407e-43,5.86956e-46,9.61311e-47,6.5791e-47,1.72797e-45,3.29367e-46,1.345e-45,6.59862e-50,2.20828e-48,1.47683e-48,1.17543e-47,5.56783e-54,1.19376e-39,1.95797e-39,2.24065e-40,8.80573e-40,1.1221e-44,5.27372e-51,9.71102e-47,1.67494e-44,5.07465e-45,3.49575e-45,
126,6.00331e-54,7.12913e-42,1.48637e-44,5.90018e-45,2.78049e-47,3.5622e-45,7.57514e-45,9.62857e-48,1.55151e-48,1.06185e-48,2.78831e-47,5.31307e-48,2.17108e-47,9.6842e-52,3.24051e-50,2.16715e-50,1.72486e-49,8.99116e-56,3.11066e-41,5.09739e-41,5.83843e-42,2.29138e-41,2.86804e-46,8.51714e-53,1.56785e-48,3.60384e-46,8.20112e-47,5.64734e-47,
127,9.59887e-56,1.84704e-43,3.80031e-46,1.49543e-46,4.48862e-49,9.2381e-47,1.97339e-46,1.59379e-49,2.5038e-50,1.71354e-50,4.49887e-49,8.57047e-50,3.50386e-49,1.42128e-53,4.75525e-52,3.18016e-52,2.5311e-51,1.4515e-57,8.09572e-43,1.32562e-42,1.51946e-43,5.95647e-43,7.34154e-48,1.37552e-54,2.53071e-50,8.12145e-48,1.32474e-48,9.11965e-49,
128,1.53961e-57,4.78361e-45,9.73111e-48,3.80696e-48,7.2446e-51,2.39713e-48,5.13508e-48,2.67514e-51,4.04021e-52,2.76487e-52,7.25828e-51,1.38248e-51,5.65402e-51,2.08594e-55,6.97804e-54,4.66669e-54,3.7142e-53,2.34274e-59,2.10479e-44,3.44422e-44,3.95034e-45,1.54706e-44,1.8817e-49,2.22113e-56,4.08416e-52,1.90186e-49,2.1391e-50,1.47227e-50,
129,2.47455e-59,1.23852e-46,2.49497e-49,9.72246e-50,1.16909e-52,6.22061e-50,1.33492e-49,4.58435e-53,6.51889e-54,4.46086e-54,1.17096e-52,2.23003e-53,9.12271e-53,3.06147e-57,1.02399e-55,6.84809e-56,5.45031e-55,3.7806e-61,5.46738e-46,8.94176e-46,1.02612e-46,4.01523e-46,4.82842e-51,3.58591e-58,6.59033e-54,4.58734e-51,3.45313e-52,2.37629e-52,
130,3.98262e-61,3.20578e-48,6.40395e-51,2.48884e-51,1.8864e-54,1.61396e-51,3.46737e-51,8.09148e-55,1.05176e-55,7.19673e-56,1.88899e-54,3.59716e-55,1.47183e-54,4.4933e-59,1.50264e-57,1.00492e-57,7.99792e-57,6.10023e-63,1.41914e-47,2.31988e-47,2.66343e-48,1.04146e-47,1.24018e-52,5.78822e-60,1.06333e-55,1.13051e-52,5.57324e-54,3.83481e-54,
131,6.41533e-63,8.29599e-50,1.6453e-52,6.38245e-53,3.04355e-56,4.18618e-53,8.99971e-53,1.48566e-56,1.69681e-57,1.161e-57,3.04724e-56,5.80239e-57,2.37447e-56,6.59492e-61,2.20504e-59,1.47466e-59,1.17364e-58,9.84223e-65,3.68126e-49,6.01537e-49,6.90887e-50,2.69988e-49,3.1881e-54,9.34163e-62,1.71554e-57,2.82818e-54,8.99369e-56,6.1878e-56,
132,1.03397e-64,2.14644e-51,4.23055e-54,1.63897e-54,4.91022e-58,1.08538e-54,2.33447e-54,2.86397e-58,2.73738e-59,1.8729e-59,4.91558e-58,9.3595e-59,3.83052e-58,9.67969e-63,3.23578e-61,2.16399e-61,1.72222e-60,1.58786e-66,9.54401e-51,1.55901e-50,1.79118e-51,6.99604e-51,8.20159e-56,1.50746e-63,2.76763e-59,7.14793e-56,1.45118e-57,9.98368e-58,
133,1.66705e-66,5.5526e-53,1.08857e-55,4.21325e-56,7.92137e-60,2.81311e-56,6.05223e-56,5.8308e-60,4.41594e-61,3.02125e-61,7.92931e-60,1.50972e-60,6.17926e-60,1.42077e-64,4.74834e-63,3.17554e-63,2.52723e-62,2.5616e-68,2.47324e-52,4.03886e-52,4.64163e-53,1.81214e-52,2.11125e-57,2.43234e-65,4.46477e-61,1.81901e-57,2.34136e-59,1.61071e-59,
134,2.68833e-68,1.43619e-54,2.80273e-57,1.08402e-57,1.27787e-61,7.28848e-58,1.56836e-57,1.25417e-61,7.12361e-63,4.87361e-63,1.27906e-61,2.43524e-62,9.96794e-62,2.08543e-66,6.96795e-65,4.65996e-65,3.70853e-64,4.13233e-70,6.40662e-54,1.04596e-53,1.20235e-54,4.69234e-54,5.43777e-59,3.92435e-67,7.2024e-63,4.65032e-59,3.77737e-61,2.59851e-61,
135,4.33583e-70,3.71431e-56,7.21993e-59,2.79098e-59,2.06138e-63,1.88775e-59,4.06261e-59,2.83508e-63,1.14913e-64,7.86156e-65,2.06321e-63,3.92812e-64,1.60793e-63,3.06111e-68,1.02251e-66,6.83827e-67,5.44199e-66,6.66604e-72,1.659e-55,2.70794e-55,3.11348e-56,1.21469e-55,1.40122e-60,6.33121e-69,1.16184e-64,1.19252e-60,6.09388e-63,4.19198e-63,
136,6.99343e-72,9.605e-58,1.86072e-60,7.18992e-61,3.32525e-65,4.88793e-61,1.05201e-60,6.67507e-65,1.85366e-66,1.26813e-66,3.32808e-65,6.33618e-66,2.59372e-65,4.4934e-70,1.50049e-68,1.00349e-68,7.98571e-68,1.07531e-73,4.29476e-57,7.00896e-57,8.06004e-58,3.14366e-57,3.61218e-62,1.02138e-70,1.87416e-66,3.06443e-62,9.83077e-65,6.7625e-65,
137,1.12806e-73,2.48358e-59,4.79732e-62,1.8531e-62,5.36395e-67,1.2653e-62,2.7234e-62,1.62068e-66,2.99012e-68,2.04556e-68,5.36835e-67,1.02205e-67,4.18385e-67,6.59607e-72,2.20191e-70,1.47258e-70,1.17184e-69,1.73457e-75,1.11154e-58,1.81373e-58,2.08604e-59,8.13425e-59,9.31506e-64,1.64767e-72,3.02318e-68,7.88593e-64,1.5859e-66,1.09092e-66,
138,1.81962e-75,6.42136e-61,1.23726e-63,4.778e-64,8.65248e-69,3.27462e-64,7.04849e-64,4.02169e-68,4.82327e-70,3.2996e-70,8.65938e-69,1.64859e-69,6.74879e-69,9.68302e-74,3.23123e-72,2.16096e-72,1.7196e-71,2.79798e-77,2.87621e-60,4.69256e-60,5.39778e-61,2.10438e-60,2.40289e-65,2.65793e-74,4.87659e-70,2.03136e-65,2.55839e-68,1.7599e-68,
139,2.93509e-77,1.66015e-62,3.1919e-65,1.23237e-65,1.39571e-70,8.47311e-66,1.82385e-65,1.01282e-69,7.78023e-72,5.32241e-72,1.39679e-70,2.65922e-71,1.08861e-70,1.42152e-75,4.74172e-74,3.17114e-74,2.52338e-73,4.51332e-79,7.44109e-62,1.21388e-61,1.39647e-62,5.44332e-62,6.20003e-67,4.28755e-76,7.86621e-72,5.23634e-67,4.12732e-70,2.83921e-70,
140,4.73459e-79,4.29183e-64,8.23655e-67,3.17949e-67,2.25137e-72,2.19205e-67,4.71852e-67,2.57551e-71,1.25499e-73,8.58526e-74,2.25307e-72,4.2894e-73,1.75598e-72,2.08696e-77,6.95833e-76,4.65356e-76,3.70288e-75,7.28021e-81,1.9248e-63,3.13968e-63,3.61226e-64,1.40783e-63,1.60012e-68,6.91622e-78,1.26886e-73,1.35049e-68,6.65871e-72,4.58073e-72,
141,7.63694e-81,1.10947e-65,2.12585e-68,8.20504e-69,3.63162e-74,5.67014e-69,1.22055e-68,6.59013e-73,2.02436e-75,1.38484e-75,3.63429e-74,6.91893e-75,2.83247e-74,3.06404e-79,1.02112e-77,6.82899e-78,5.4337e-77,1.17433e-82,4.97828e-65,8.11973e-65,9.34268e-66,3.64071e-65,4.13041e-70,1.11564e-79,2.04673e-75,3.48437e-70,1.07436e-73,7.39133e-74,
142,1.23185e-82,2.86797e-67,5.48784e-70,2.11784e-70,5.85809e-76,1.4665e-70,3.1568e-70,1.69289e-74,3.26538e-77,2.23379e-77,5.86222e-76,1.11604e-76,4.56888e-76,4.4988e-81,1.49847e-79,1.00214e-79,7.97356e-79,1.89425e-84,1.28743e-66,2.09969e-66,2.4161e-67,9.41416e-67,1.06637e-71,1.7996e-81,3.30145e-77,8.99259e-72,1.73369e-75,1.19286e-75,
143,1.98679e-84,7.41338e-69,1.41689e-71,5.46743e-72,9.44968e-78,3.79246e-72,8.16377e-72,4.35942e-76,5.26718e-79,3.60318e-79,9.45595e-78,1.80021e-78,7.36976e-78,6.60578e-83,2.19898e-81,1.47063e-81,1.17006e-80,3.05549e-86,3.32908e-68,5.42912e-68,6.24763e-69,2.43412e-68,2.75349e-73,2.90285e-83,5.32537e-79,2.32137e-73,2.79832e-77,1.92571e-77,
144,3.2048e-86,1.91622e-70,3.65874e-73,1.41169e-73,1.52436e-79,9.80662e-74,2.11102e-73,1.1243e-77,8.49616e-81,5.81206e-81,1.52527e-79,2.90379e-80,1.18877e-79,9.70015e-85,3.22699e-83,2.15815e-83,1.71698e-82,4.92862e-88,8.60777e-70,1.4037e-69,1.6154e-70,6.29323e-70,7.11069e-75,4.68243e-85,8.59001e-81,5.99356e-75,4.51844e-79,3.11032e-79,
145,5.17086e-88,4.95294e-72,9.44881e-75,3.64544e-75,2.45908e-81,2.53561e-75,5.45831e-75,2.90229e-79,1.37046e-82,9.37506e-83,2.46031e-81,4.68389e-82,1.91753e-81,1.4245e-86,4.73561e-85,3.16708e-85,2.51955e-84,7.95003e-90,2.22549e-71,3.62901e-71,4.17653e-72,1.62697e-71,1.83648e-76,7.55296e-87,1.3856e-82,1.54771e-76,7.3004e-81,5.02758e-81,
146,8.33425e-90,1.28018e-73,2.44043e-76,9.41478e-77,3.96719e-83,6.55565e-77,1.41121e-76,7.49616e-81,2.2106e-84,1.51223e-84,3.96856e-83,7.55525e-84,3.09304e-83,2.09208e-88,6.94953e-87,4.64773e-87,3.69726e-86,1.28237e-91,5.75353e-73,9.38168e-73,1.07975e-73,4.20593e-73,4.74351e-78,1.21832e-88,2.23502e-84,3.99712e-78,1.18068e-82,8.13684e-83,
147,1.34477e-91,3.3088e-75,6.30364e-78,2.43171e-78,6.40079e-85,1.69482e-78,3.64839e-78,1.93678e-82,3.56579e-86,2.43929e-86,6.4014e-85,1.21868e-85,4.9892e-85,3.07276e-90,1.01985e-88,6.82063e-89,5.42546e-88,2.06851e-93,1.48738e-74,2.42523e-74,2.79132e-75,1.08724e-74,1.22531e-79,1.9652e-90,3.60518e-86,1.0324e-79,1.91249e-84,1.31953e-84,
148,2.17232e-93,8.55193e-77,1.62835e-79,6.28128e-80,1.03288e-86,4.38134e-80,9.43165e-80,5.00499e-84,5.75177e-88,3.9347e-88,1.03257e-86,1.96577e-87,8.04782e-87,4.51355e-92,1.49666e-90,1.00095e-90,7.96149e-90,3.33659e-95,3.84492e-76,6.26913e-76,7.21566e-77,2.81044e-76,3.16536e-81,3.16995e-92,5.81531e-88,2.66678e-81,3.10562e-86,2.14661e-86,
149,3.50219e-95,2.2103e-78,4.20662e-81,1.62261e-81,1.66712e-88,1.13259e-81,2.43812e-81,1.29352e-85,9.27789e-90,6.34692e-90,1.66556e-88,3.17084e-89,1.29816e-88,6.63057e-94,2.1964e-92,1.46893e-92,1.16829e-91,5.38208e-97,9.93888e-78,1.62049e-77,1.8652e-78,7.26453e-78,8.17756e-83,5.11326e-94,9.38039e-90,6.88902e-83,5.06301e-88,3.50951e-88,
150,5.62157e-97,5.71258e-80,1.08678e-82,4.19187e-83,2.69186e-90,2.92767e-83,6.30238e-83,3.34322e-87,1.49658e-91,1.02381e-91,2.68661e-90,5.11466e-91,2.09403e-90,9.74159e-96,3.22331e-94,2.15572e-94,1.71439e-93,8.6816e-99,2.56906e-79,4.18865e-79,4.82128e-80,1.87771e-79,2.11274e-84,8.24791e-96,1.51312e-91,1.77973e-84,8.30518e-90,5.78235e-90,
151,8.995e-99,1.47642e-81,2.80783e-84,1.08299e-84,4.34915e-92,7.56758e-85,1.62907e-84,8.64107e-89,2.4141e-93,1.65153e-93,4.33359e-92,8.25008e-93,3.37788e-92,1.4314e-97,4.73039e-96,3.16365e-96,2.51575e-95,1.40041e-100,6.64045e-81,1.08265e-80,1.24619e-81,4.85335e-81,5.45866e-86,1.33043e-97,2.44078e-93,4.59803e-86,1.37543e-91,9.64091e-92,
152,1.44212e-100,3.81578e-83,7.25466e-86,2.79807e-86,7.03365e-94,1.95605e-86,4.21079e-86,2.23343e-90,3.89422e-95,2.66419e-95,6.99027e-94,1.33076e-94,5.449e-94,2.10352e-99,6.94217e-98,4.6429e-98,3.69169e-97,2.259e-102,1.71637e-82,2.79831e-82,3.22106e-83,1.25442e-82,1.4104e-87,2.14607e-99,3.93727e-95,1.18798e-87,2.31107e-93,1.63622e-93,
153,2.3574e-102,9.86173e-85,1.87447e-87,7.22952e-88,1.13929e-95,5.05583e-88,1.08837e-87,5.77268e-92,6.28199e-97,4.298e-97,1.12757e-95,2.14656e-96,8.79041e-96,3.09169e-101,1.01882e-99,6.81388e-100,5.41731e-99,3.6441e-104,4.43624e-84,7.23261e-84,8.32536e-85,3.2422e-84,3.64428e-89,3.4618e-101,6.35148e-97,3.06946e-89,3.96682e-95,2.8489e-95,
154,3.65915e-104,2.54871e-86,4.84341e-89,1.86799e-89,1.84995e-97,1.30676e-89,2.81308e-89,1.49203e-93,1.01344e-98,6.93434e-99,1.81884e-97,3.46246e-98,1.41818e-97,4.54477e-103,1.49522e-101,1.00001e-101,7.94954e-101,5.87873e-106,1.1466e-85,1.86933e-85,2.15179e-86,8.37972e-86,9.41656e-91,5.58429e-103,1.02466e-98,7.93104e-91,7.0163e-97,5.13719e-97,
155,6.06569e-106,6.58696e-88,1.25151e-90,4.82672e-91,3.0157e-99,3.37748e-91,7.27073e-91,3.85632e-95,1.63504e-100,1.11893e-100,2.93394e-99,5.58504e-100,2.28824e-99,6.68195e-105,2.19441e-103,1.46764e-103,1.16654e-102,9.48436e-108,2.96348e-87,4.8314e-87,5.56147e-88,2.16577e-87,2.43323e-92,9.00844e-105,1.65317e-100,2.04932e-92,1.2914e-98,9.68683e-99,
156,1.01621e-107,1.70235e-89,3.23392e-92,1.24721e-92,4.94624e-101,8.72936e-93,1.87918e-92,9.96698e-97,2.63826e-102,1.80589e-102,4.7328e-101,9.00883e-102,3.69276e-101,9.82599e-107,3.2206e-105,2.15397e-105,1.71183e-104,1.53032e-109,7.65925e-89,1.24869e-88,1.43739e-89,5.59747e-89,6.28756e-94,1.4533e-106,2.66757e-102,5.2954e-94,2.49571e-100,1.92445e-100,
157,1.44822e-109,4.39956e-91,8.35664e-94,3.22283e-94,8.18995e-103,2.25614e-94,4.85683e-94,2.57602e-98,4.25787e-104,2.9156e-104,7.63485e-103,1.45315e-103,5.96106e-103,1.44524e-108,4.72674e-107,3.16132e-107,2.512e-106,2.46965e-111,1.97955e-90,3.22723e-90,3.71495e-91,1.44666e-90,1.62476e-95,2.34476e-108,4.30536e-104,1.36835e-95,5.0921e-102,4.03962e-102,
158,2.67052e-111,1.13702e-92,2.15944e-95,8.32801e-96,1.37573e-104,5.83103e-96,1.25526e-95,6.65781e-100,6.87401e-106,4.7098e-106,1.23171e-104,2.34398e-105,9.62707e-105,2.12621e-110,6.93734e-109,4.63984e-109,3.68621e-108,3.98673e-113,5.11612e-92,8.34071e-92,9.60127e-93,3.73885e-92,4.19857e-97,3.78356e-110,6.95109e-106,3.53592e-97,1.097e-103,8.93364e-104,
159,3.55368e-113,2.93851e-94,5.58027e-97,2.15205e-97,2.36038e-106,1.50703e-97,3.2442e-97,1.72071e-101,1.11033e-107,7.61478e-108,1.98725e-106,3.78092e-107,1.5559e-106,3.12884e-112,1.0182e-110,6.80999e-111,5.40928e-110,6.43874e-115,1.32225e-93,2.15562e-93,2.48142e-94,9.66287e-94,1.08498e-98,6.10663e-112,1.12289e-107,9.13723e-99,2.48184e-105,2.06584e-105,
160,2.48441e-115,7.59423e-96,1.44203e-98,5.5612e-99,4.1725e-108,3.89486e-99,8.38454e-99,4.44716e-103,1.79493e-109,1.23287e-109,3.20672e-108,6.09875e-109,2.51755e-108,4.60565e-114,1.49445e-112,9.99538e-113,7.93781e-112,1.04067e-116,3.41729e-95,5.57108e-95,6.41312e-96,2.49731e-95,2.80377e-100,9.85958e-114,1.81555e-109,2.3612e-100,5.84431e-107,4.94709e-107,
161,-3.5356e-117,1.96264e-97,3.72648e-100,1.43711e-100,7.67406e-110,1.00661e-100,2.16695e-100,1.14935e-104,2.90541e-111,2.0005e-111,5.17569e-110,9.83755e-111,4.08112e-110,6.78183e-116,2.19351e-114,1.46711e-114,1.16483e-113,1.68399e-118,8.83177e-97,1.43981e-96,1.65743e-97,6.4541e-97,7.24552e-102,1.59281e-115,2.93964e-111,6.10175e-102,1.41851e-108,1.21532e-108,
162,2.34109e-119,5.07219e-99,9.63001e-102,3.71377e-102,1.48174e-111,2.60152e-102,5.60034e-102,2.97044e-106,4.71284e-113,3.25747e-113,8.35673e-112,1.58685e-112,6.63527e-112,9.99035e-118,3.21966e-116,2.15347e-116,1.70932e-115,2.73021e-120,2.28251e-98,3.72106e-98,4.2835e-99,1.66801e-98,1.8724e-103,2.57553e-117,4.7704e-113,1.57681e-103,3.51777e-110,3.03892e-110,
163,8.20452e-122,1.31084e-100,2.48862e-103,9.5972e-104,3.0204e-113,6.72343e-104,1.44736e-103,7.67691e-108,7.67016e-115,5.33351e-115,1.35008e-113,2.55968e-114,1.08381e-113,1.47243e-119,4.726e-118,3.16104e-118,2.50834e-117,4.43978e-122,5.89894e-100,9.61672e-100,1.10703e-100,4.3108e-100,4.83874e-105,4.17063e-119,7.76894e-115,4.07483e-105,8.85227e-112,7.68937e-112,
164,-7.45434e-122,3.38769e-102,6.4312e-105,2.48014e-105,6.50096e-115,1.73761e-105,3.74059e-105,1.98404e-109,1.25483e-116,8.80757e-117,2.18319e-115,4.12899e-116,1.78315e-115,2.17157e-121,6.93739e-120,4.64025e-120,3.68087e-119,7.25422e-124,1.52452e-101,2.48534e-101,2.86102e-102,1.11408e-101,1.25045e-106,6.7693e-121,1.27231e-116,1.05303e-106,2.24922e-113,1.96072e-113,
165,-2.52043e-123,8.75503e-104,1.66199e-106,6.40931e-107,1.46962e-116,4.49069e-107,9.66719e-107,5.12756e-111,2.06956e-118,1.47353e-118,3.53568e-117,6.66055e-118,2.96658e-117,3.20555e-123,1.01841e-121,6.81206e-122,5.4015e-121,1.19409e-125,3.93997e-103,6.4231e-103,7.39402e-104,2.87921e-103,3.23151e-108,1.10275e-122,2.1018e-118,2.72131e-108,5.75068e-115,5.02449e-115,
166,-1.47087e-125,2.26261e-105,4.29503e-108,1.65633e-108,3.45853e-118,1.16057e-108,2.49838e-108,1.32517e-112,3.45618e-120,2.51342e-120,5.7397e-119,1.07446e-119,5.01857e-119,4.73801e-125,1.49513e-123,1.00012e-123,7.92649e-123,1.98803e-127,1.01824e-104,1.65997e-104,1.9109e-105,7.44098e-105,8.35112e-110,1.80679e-124,3.51826e-120,7.03259e-110,1.47617e-116,1.29162e-116,
167,1.55647e-126,5.84741e-107,1.10996e-109,4.28043e-110,8.39053e-120,2.99936e-110,6.4568e-110,3.42475e-114,5.88116e-122,4.40717e-122,9.35272e-121,1.73339e-121,8.69825e-121,7.01689e-127,2.19526e-125,1.46853e-125,1.16318e-124,3.3668e-129,2.63152e-106,4.29e-106,4.9385e-107,1.92303e-106,2.15817e-111,2.98684e-126,6.00586e-122,1.81742e-111,3.79882e-118,3.32693e-118,
168,-9.86269e-128,1.51118e-108,2.86845e-111,1.10618e-111,2.0801e-121,7.7515e-112,1.66868e-111,8.85089e-116,1.02698e-123,8.02106e-124,1.53303e-122,2.79666e-123,1.55893e-122,1.04241e-128,3.22378e-127,2.15676e-127,1.70694e-126,5.84439e-131,6.80085e-108,1.1087e-107,1.27629e-108,4.96982e-108,5.57735e-113,5.00505e-128,1.05426e-123,4.69672e-113,9.7915e-120,8.5801e-120,
169,-1.77599e-129,3.90542e-110,7.41294e-113,2.8587e-113,5.23326e-123,2.00328e-113,4.3125e-113,2.28741e-117,1.85906e-125,1.52956e-125,2.53589e-124,4.51279e-125,2.91745e-124,1.55635e-130,4.73547e-129,3.16854e-129,2.50492e-128,1.04962e-132,1.75759e-109,2.86528e-109,3.29842e-110,1.28438e-109,1.44136e-114,8.55709e-130,1.92149e-125,1.21377e-114,2.52629e-121,2.21453e-121,
170,-2.70144e-131,1.0093e-111,1.91573e-114,7.38775e-115,1.32948e-124,5.17722e-115,1.11451e-114,5.91152e-119,3.52335e-127,3.07646e-127,4.25346e-126,7.28363e-127,5.74705e-126,2.34274e-132,6.95912e-131,4.65749e-131,3.67599e-130,1.96934e-134,4.54227e-111,7.40493e-111,8.52432e-112,3.31932e-111,3.72491e-116,1.50531e-131,3.67036e-127,3.13675e-116,6.52208e-123,5.71849e-123,
171,3.00445e-133,2.60838e-113,4.95084e-116,1.90922e-116,3.3988e-126,1.33798e-116,2.88031e-116,1.52775e-120,7.04653e-129,6.53692e-129,7.28223e-128,1.176e-128,1.19608e-127,3.57387e-134,1.02347e-132,6.85238e-133,5.39467e-132,3.89061e-136,1.17389e-112,1.9137e-112,2.203e-113,8.57832e-113,9.62634e-118,2.75122e-133,7.39598e-129,8.10634e-118,1.68445e-124,1.47712e-124,
172,-1.09513e-134,6.74097e-115,1.27945e-117,4.93403e-118,8.72395e-128,3.45784e-118,7.44376e-118,3.94828e-122,1.48814e-130,1.46133e-130,1.28351e-129,1.89984e-130,2.62468e-129,5.56991e-136,1.50713e-134,1.00974e-134,7.91724e-134,8.1209e-138,3.03375e-114,4.9457e-114,5.69334e-115,2.21695e-114,2.48775e-119,5.27285e-135,1.57439e-130,2.09493e-119,4.35148e-126,3.8162e-126,
173,-1.17291e-136,1.7421e-116,3.30652e-119,1.27511e-119,2.24494e-129,8.9363e-120,1.92374e-119,1.02038e-123,3.30947e-132,3.40877e-132,2.35171e-131,3.07205e-132,6.03075e-131,8.97253e-138,2.22428e-136,1.49193e-136,1.16202e-135,1.7868e-139,7.8403e-116,1.27815e-115,1.47136e-116,5.72938e-116,6.42915e-121,1.06634e-136,3.52517e-132,5.41397e-121,1.1243e-127,9.86048e-128,
174,-2.41095e-137,4.5022e-118,8.54511e-121,3.29529e-121,5.78618e-131,2.30946e-121,4.97163e-121,2.63703e-125,7.67384e-134,8.21617e-134,4.52052e-133,4.97481e-134,1.43721e-132,1.51637e-139,3.29522e-138,2.21463e-138,1.7057e-137,4.11459e-141,2.02621e-117,3.30318e-117,3.80253e-118,1.48067e-117,1.6615e-122,2.27781e-138,8.23351e-134,1.39914e-122,2.90513e-129,2.54799e-129,
175,-1.03652e-138,1.16353e-119,2.20833e-122,8.5161e-123,1.49285e-132,5.96847e-123,1.28485e-122,6.81503e-127,1.838e-135,2.02765e-135,9.17093e-135,8.07493e-136,3.5185e-134,2.73033e-141,4.91378e-140,3.31355e-140,2.50427e-139,9.822e-143,5.23645e-119,8.53659e-119,9.82708e-120,3.82659e-119,4.29387e-124,5.11561e-140,1.98632e-135,3.61584e-124,7.50715e-131,6.5844e-131,
176,-1.39867e-141,3.00696e-121,5.70706e-124,2.20084e-124,3.85399e-134,1.54247e-124,3.3205e-124,1.76125e-128,4.5308e-137,5.08579e-137,1.96495e-136,1.31554e-137,8.77727e-136,5.29442e-143,7.409e-142,5.02436e-142,3.67804e-141,2.40745e-144,1.35329e-120,2.20616e-120,2.53967e-121,9.88925e-121,1.10968e-125,1.19765e-141,4.90486e-137,9.34452e-126,1.94e-132,1.70156e-132,
177,-1.65515e-142,7.77102e-123,1.47489e-125,5.68769e-126,9.95355e-136,3.98628e-126,8.58135e-126,4.55168e-130,1.13553e-138,1.28945e-138,4.42462e-138,2.15568e-139,2.21743e-137,1.10689e-144,1.13784e-143,7.78698e-144,5.40536e-143,6.01054e-146,3.49737e-122,5.70148e-122,6.56339e-123,2.55573e-122,2.86777e-127,2.89448e-143,1.2308e-138,2.41493e-127,5.01345e-134,4.39731e-134,
178,1.90312e-144,2.0083e-124,3.81162e-127,1.46989e-127,2.5713e-137,1.03019e-127,2.21772e-127,1.17632e-131,2.88177e-140,3.29223e-140,1.03807e-139,3.56422e-141,5.64848e-139,2.47245e-146,1.79952e-145,1.24898e-145,7.95261e-145,1.51928e-147,9.03842e-124,1.47346e-123,1.69621e-124,6.6049e-124,7.41129e-129,7.15672e-145,3.12154e-140,6.24099e-129,1.29562e-135,1.1364e-135,
179,-2.72207e-145,5.19015e-126,9.8505e-129,3.79868e-129,6.64344e-139,2.66238e-129,5.73137e-129,3.04002e-133,7.34286e-142,8.44349e-142,2.5127e-141,5.97412e-143,1.44652e-140,5.81268e-148,2.97447e-147,2.10635e-147,1.17227e-146,3.87141e-149,2.33584e-125,3.80795e-125,4.3836e-126,1.70694e-125,1.91533e-130,1.79738e-146,7.97176e-142,1.61288e-130,3.34829e-137,2.93682e-137,
180,-7.91238e-147,1.34131e-127,2.5457e-130,9.81707e-131,1.71662e-140,6.88053e-131,1.48119e-130,7.85647e-135,1.87918e-143,2.17165e-143,6.21943e-143,1.02177e-144,3.71694e-142,1.41633e-149,5.22484e-149,3.79601e-149,1.73381e-148,9.91647e-151,6.03664e-127,9.84106e-127,1.13288e-127,4.41132e-127,4.94985e-132,4.56092e-148,2.04471e-143,4.16822e-132,8.65308e-139,7.58971e-139,
181,-1.63044e-148,3.46642e-129,6.57895e-132,2.53706e-132,4.43591e-142,1.77817e-132,3.82791e-132,2.03039e-136,4.82841e-145,5.59544e-145,1.56308e-144,1.79838e-146,9.57138e-144,3.53237e-151,9.88533e-151,7.38955e-151,2.57922e-150,2.54847e-152,1.56008e-128,2.54327e-128,2.92775e-129,1.14004e-128,1.27921e-133,1.16512e-149,5.25913e-145,1.07721e-133,2.23625e-140,1.96144e-140,
182,-5.0292e-151,8.95842e-131,1.70022e-133,6.55662e-134,1.14632e-143,4.59541e-134,9.89265e-134,5.24723e-138,1.24588e-146,1.44334e-146,3.96818e-146,3.2891e-148,2.46802e-145,8.93802e-153,2.02318e-152,1.55402e-152,3.87502e-152,6.56309e-154,4.03179e-130,6.5727e-130,7.56632e-131,2.94626e-130,3.30591e-135,2.98911e-151,1.35509e-146,2.78387e-135,5.77922e-142,5.06903e-142,
183,-6.29909e-152,2.31517e-132,4.39395e-135,1.69445e-135,2.96238e-145,1.18761e-135,2.5566e-135,1.35607e-139,3.21479e-148,3.72571e-148,1.01401e-147,6.3088e-150,6.36926e-147,2.28139e-154,4.44748e-154,3.49337e-154,5.91909e-154,1.69241e-155,1.04195e-131,1.69861e-131,1.9554e-132,7.61415e-132,8.54358e-137,7.68953e-153,3.49564e-148,7.19447e-137,1.49355e-143,1.31001e-143,
184,3.19663e-154,5.98319e-134,1.13555e-136,4.37904e-137,7.65565e-147,3.06921e-137,6.60716e-137,3.50455e-141,8.31204e-150,9.62145e-150,2.60198e-149,1.27694e-151,1.64459e-148,5.85326e-156,1.03458e-155,8.25973e-156,9.28689e-156,4.36779e-157,2.69277e-133,4.38981e-133,5.05343e-134,1.96776e-133,2.20795e-138,1.98155e-154,9.02367e-150,1.85929e-138,3.85984e-145,3.38552e-145,
185,-8.55419e-155,1.54626e-135,2.93464e-138,1.13169e-138,1.97846e-148,7.9319e-139,1.70752e-138,9.05697e-143,2.14309e-151,2.48538e-151,6.69448e-151,2.72989e-153,4.24788e-150,1.5063e-157,2.50495e-157,2.02165e-157,1.51803e-157,1.12782e-158,6.95905e-135,1.13448e-134,1.30598e-135,5.08537e-135,5.7061e-140,5.11193e-156,2.33044e-151,4.80505e-140,9.97517e-147,8.74936e-147,
186,-8.53542e-157,3.99608e-137,7.5841e-140,2.92468e-140,5.11297e-150,2.04988e-140,4.41282e-140,2.34063e-144,5.53627e-153,6.42124e-153,1.72526e-152,6.13529e-155,1.09742e-151,3.88321e-159,6.22555e-159,5.05855e-159,2.62868e-159,2.91312e-160,1.79846e-136,2.93189e-136,3.37511e-137,1.31424e-136,1.47465e-141,1.31963e-157,6.01981e-153,1.24179e-141,2.57793e-148,2.26114e-148,
187,-2.03214e-158,1.03272e-138,1.95999e-141,7.55838e-142,1.32136e-151,5.2976e-142,1.14043e-141,6.04901e-146,1.43078e-154,1.65917e-154,4.45087e-154,1.43722e-156,2.83551e-153,1.00212e-160,1.57241e-160,1.28288e-160,4.89371e-161,7.526e-162,4.64784e-138,7.57701e-138,8.72245e-139,3.39644e-138,3.811e-143,3.40801e-159,1.55528e-154,3.20921e-143,6.66226e-150,5.84356e-150,
188,-6.78501e-160,2.66892e-140,5.06529e-143,1.95334e-143,3.41484e-153,1.36908e-143,2.94725e-143,1.56327e-147,3.69698e-156,4.2874e-156,1.149e-155,3.47499e-158,7.32697e-155,2.58765e-162,4.01e-162,3.27948e-162,9.85899e-163,1.94457e-163,1.20116e-139,1.95816e-139,2.25418e-140,8.77758e-140,9.84894e-145,8.80363e-161,4.01871e-156,8.29368e-145,1.72176e-151,1.51018e-151,
189,-2.80216e-161,6.8974e-142,1.30904e-144,5.04811e-145,8.82511e-155,3.53818e-145,7.61672e-145,4.04004e-149,9.54598e-158,1.10794e-157,2.96739e-157,8.59461e-160,1.89339e-156,6.68411e-164,1.02843e-163,8.42246e-164,2.13872e-164,5.0248e-165,3.10422e-141,5.06056e-141,5.82559e-142,2.26843e-141,2.5453e-146,2.27454e-162,1.03846e-157,2.14337e-146,4.44962e-153,3.90282e-153,
190,-6.44233e-163,1.78253e-143,3.38302e-146,1.3046e-146,2.28071e-156,9.14388e-147,1.96842e-146,1.04409e-150,2.4658e-159,2.86317e-159,7.6655e-159,2.15889e-161,4.8929e-158,1.72691e-165,2.6462e-165,2.16888e-165,4.92665e-166,1.29848e-166,8.02238e-143,1.30782e-142,1.50553e-143,5.86241e-143,6.57794e-148,5.87718e-164,2.68351e-159,5.53921e-148,1.14994e-154,1.00862e-154,
191,-2.4656e-164,4.60666e-145,8.74288e-148,3.37154e-148,5.89413e-158,2.3631e-148,5.08709e-148,2.69828e-152,6.36554e-161,7.39921e-161,1.9805e-160,5.47888e-163,1.26445e-159,4.46219e-167,6.8216e-167,5.59368e-167,1.18508e-167,3.35554e-168,2.07326e-144,3.37987e-144,3.89082e-145,1.51505e-144,1.69996e-149,1.51869e-165,6.93476e-161,1.43152e-149,2.97183e-156,2.60663e-156,
192,-4.10257e-166,1.19052e-146,2.25946e-149,8.71322e-150,1.52325e-159,6.10706e-150,1.31468e-149,6.97329e-154,1.64518e-162,1.91218e-162,5.11745e-162,1.39973e-164,3.26771e-161,1.15307e-168,1.76042e-168,1.44391e-168,2.93328e-169,8.67161e-170,5.35802e-146,8.73475e-146,1.00552e-146,3.91541e-146,4.39329e-151,3.92451e-167,1.79208e-162,3.69954e-151,7.68024e-158,6.73644e-158,
193,-1.59161e-168,3.07671e-148,5.83922e-151,2.2518e-151,3.93659e-161,1.57827e-151,3.39759e-151,1.80214e-155,4.25862e-164,4.94168e-164,1.32239e-163,3.59127e-166,8.4448e-163,2.97976e-170,4.54583e-170,3.72909e-170,7.39074e-171,2.241e-171,1.3847e-147,2.25736e-147,2.59862e-148,1.01188e-147,1.13538e-152,1.01417e-168,4.63128e-164,9.56088e-153,1.98484e-159,1.74093e-159,
194,-3.38214e-169,7.95129e-150,1.50906e-152,5.81941e-153,1.01735e-162,4.0788e-153,8.78054e-153,4.65735e-157,1.10008e-165,1.27709e-165,3.41729e-165,9.23893e-168,2.18241e-164,7.70047e-172,1.17425e-171,9.63359e-172,1.88215e-172,5.79145e-173,3.57854e-149,5.8338e-149,6.71572e-150,2.61504e-149,2.93421e-154,2.62092e-170,1.19691e-165,2.47086e-154,5.12951e-161,4.49916e-161,
195,-5.84364e-171,2.05489e-151,3.89992e-154,1.50394e-154,2.62919e-164,1.0541e-154,2.26919e-154,1.20362e-158,2.84325e-167,3.30044e-167,8.8311e-167,2.38086e-169,5.64008e-166,1.99003e-173,3.03387e-173,2.48911e-173,4.82323e-174,1.4967e-174,9.24817e-151,1.50765e-150,1.73557e-151,6.75816e-151,7.58299e-156,6.77328e-172,3.0932e-167,6.38555e-156,1.32564e-162,1.16274e-162,
196,-2.51131e-172,5.31054e-153,1.00787e-155,3.88669e-156,6.79473e-166,2.72417e-156,5.86438e-156,3.11057e-160,7.342e-169,8.52944e-169,2.2822e-168,6.142e-171,1.45759e-167,5.14286e-175,7.83939e-175,6.43193e-175,1.24049e-175,3.86797e-176,2.39005e-152,3.8963e-152,4.48532e-153,1.74654e-152,1.95971e-157,1.75044e-173,7.99387e-169,1.65025e-157,3.42592e-164,3.00492e-164,
197,-6.0284e-174,1.37243e-154,2.60469e-157,1.00445e-157,1.75599e-167,7.04019e-158,1.51556e-157,8.03878e-162,1.8965e-170,2.2043e-170,5.89791e-170,1.58554e-172,3.7669e-169,1.32908e-176,2.02579e-176,1.66212e-176,3.19703e-177,9.99613e-178,6.1767e-154,1.00694e-153,1.15916e-154,4.51366e-154,5.06456e-159,4.52371e-175,2.06586e-170,4.2648e-159,8.85375e-166,7.76574e-166,
198,-1.65205e-175,3.54682e-156,6.73141e-159,2.59585e-159,4.53809e-169,1.81943e-159,3.91672e-159,2.0775e-163,4.89913e-172,5.69666e-172,1.52421e-171,4.09472e-174,9.73495e-171,3.43479e-178,5.23509e-178,4.29531e-178,8.24929e-179,2.58334e-179,1.59627e-155,2.60228e-155,2.99567e-156,1.16649e-155,1.30886e-160,1.16907e-176,5.3388e-172,1.10217e-160,2.28811e-167,2.00694e-167,
199,-2.24836e-177,9.16621e-158,1.73963e-160,6.70858e-161,1.1728e-170,4.70203e-161,1.01222e-160,5.36897e-165,1.2671e-173,1.47221e-173,3.93905e-173,1.05776e-175,2.51584e-172,8.87667e-180,1.35289e-179,1.11003e-179,2.13e-180,6.67623e-181,4.12532e-157,6.72518e-157,7.74185e-158,3.0146e-157,3.38253e-162,3.02124e-178,1.37971e-173,2.84839e-162,5.91328e-169,5.18661e-169,
200,-4.22088e-179,2.36886e-159,4.4958e-162,1.73373e-162,3.03091e-172,1.21517e-162,2.61592e-162,1.38753e-166,3.27791e-175,3.80471e-175,1.01798e-174,2.73287e-177,6.50181e-174,2.29403e-181,3.49628e-181,2.86866e-181,5.50187e-182,1.72537e-182,1.06612e-158,1.73802e-158,2.00076e-159,7.79077e-159,8.74163e-164,7.80787e-180,3.56569e-175,7.36122e-164,1.52819e-170,1.3404e-170,
