matrix(560, 1)
( 0.425096 )
( 0.425096 )
( 0.425096 )
( 0.425096 )
( 0.425097 )
( 0.425097 )
( 0.425097 )
( 0.425097 )
( 0.425097 )
( 0.425098 )
( 0.425098 )
( 0.425098 )
( 0.425098 )
( 0.425098 )
( 0.425099 )
( 0.425099 )
( 0.425099 )
( 0.425099 )
( 0.425099 )
( 0.425099 )
( 0.669169 )
( 0.466782 )
( 0.669169 )
( 0.466782 )
( 0.66917 )
( 0.466782 )
( 0.66917 )
( 0.466782 )
( 0.66917 )
( 0.466783 )
( 0.669171 )
( 0.466783 )
( 0.669171 )
( 0.466783 )
( 0.669171 )
( 0.466783 )
( 0.669172 )
( 0.466784 )
( 0.669172 )
( 0.466784 )
( 0.669172 )
( 0.466784 )
( 0.669173 )
( 0.466784 )
( 0.669173 )
( 0.466784 )
( 0.669173 )
( 0.466785 )
( 0.669173 )
( 0.466785 )
( 0.669174 )
( 0.466785 )
( 0.669174 )
( 0.466785 )
( 0.669174 )
( 0.466785 )
( 0.669174 )
( 0.466786 )
( 0.669175 )
( 0.466786 )
( 0.404213 )
( 0.548424 )
( 0.665989 )
( 0.664635 )
( 0.680148 )
( 0.404213 )
( 0.548424 )
( 0.665989 )
( 0.664635 )
( 0.680148 )
( 0.404213 )
( 0.548424 )
( 0.665989 )
( 0.664636 )
( 0.680148 )
( 0.404213 )
( 0.548424 )
( 0.665989 )
( 0.664636 )
( 0.680149 )
( 0.404213 )
( 0.548424 )
( 0.665989 )
( 0.664637 )
( 0.680149 )
( 0.404213 )
( 0.548423 )
( 0.665988 )
( 0.664637 )
( 0.680149 )
( 0.404213 )
( 0.548423 )
( 0.665988 )
( 0.664638 )
( 0.680149 )
( 0.404213 )
( 0.548423 )
( 0.665988 )
( 0.664638 )
( 0.680149 )
( 0.404213 )
( 0.548423 )
( 0.665988 )
( 0.664639 )
( 0.68015 )
( 0.404213 )
( 0.548423 )
( 0.665988 )
( 0.664639 )
( 0.68015 )
( 0.404213 )
( 0.548423 )
( 0.665987 )
( 0.66464 )
( 0.68015 )
( 0.404213 )
( 0.548423 )
( 0.665987 )
( 0.66464 )
( 0.68015 )
( 0.404213 )
( 0.548422 )
( 0.665987 )
( 0.664641 )
( 0.68015 )
( 0.404213 )
( 0.548422 )
( 0.665987 )
( 0.664641 )
( 0.68015 )
( 0.404213 )
( 0.548422 )
( 0.665987 )
( 0.664641 )
( 0.680151 )
( 0.404213 )
( 0.548422 )
( 0.665986 )
( 0.664642 )
( 0.680151 )
( 0.404213 )
( 0.548422 )
( 0.665986 )
( 0.664642 )
( 0.680151 )
( 0.404213 )
( 0.548422 )
( 0.665986 )
( 0.664642 )
( 0.680151 )
( 0.404213 )
( 0.548422 )
( 0.665986 )
( 0.664643 )
( 0.680151 )
( 0.404213 )
( 0.548421 )
( 0.665985 )
( 0.664643 )
( 0.680151 )
( 0.584232 )
( 0.458569 )
( 0.73916 )
( 0.596099 )
( 0.717657 )
( 0.665984 )
( 0.755052 )
( 0.659749 )
( 0.406 )
( 0.458581 )
( 0.584232 )
( 0.45857 )
( 0.739161 )
( 0.596099 )
( 0.717657 )
( 0.665984 )
( 0.755052 )
( 0.659749 )
( 0.406 )
( 0.45858 )
( 0.584232 )
( 0.45857 )
( 0.739161 )
( 0.596099 )
( 0.717656 )
( 0.665984 )
( 0.755052 )
( 0.659749 )
( 0.406 )
( 0.45858 )
( 0.584233 )
( 0.45857 )
( 0.739162 )
( 0.596098 )
( 0.717656 )
( 0.665984 )
( 0.755052 )
( 0.65975 )
( 0.406 )
( 0.45858 )
( 0.584233 )
( 0.45857 )
( 0.739162 )
( 0.596098 )
( 0.717656 )
( 0.665984 )
( 0.755052 )
( 0.65975 )
( 0.406001 )
( 0.45858 )
( 0.584233 )
( 0.458571 )
( 0.739162 )
( 0.596098 )
( 0.717656 )
( 0.665984 )
( 0.755052 )
( 0.659751 )
( 0.406001 )
( 0.45858 )
( 0.584233 )
( 0.458571 )
( 0.739163 )
( 0.596098 )
( 0.717656 )
( 0.665983 )
( 0.755052 )
( 0.659751 )
( 0.406001 )
( 0.45858 )
( 0.584233 )
( 0.458571 )
( 0.739163 )
( 0.596098 )
( 0.717656 )
( 0.665983 )
( 0.755052 )
( 0.659751 )
( 0.406001 )
( 0.458579 )
( 0.584234 )
( 0.458571 )
( 0.739163 )
( 0.596097 )
( 0.717656 )
( 0.665983 )
( 0.755052 )
( 0.659752 )
( 0.406001 )
( 0.458579 )
( 0.584234 )
( 0.458571 )
( 0.739164 )
( 0.596097 )
( 0.717656 )
( 0.665983 )
( 0.755053 )
( 0.659752 )
( 0.406001 )
( 0.458579 )
( 0.584234 )
( 0.458572 )
( 0.739164 )
( 0.596097 )
( 0.717655 )
( 0.665983 )
( 0.755053 )
( 0.659752 )
( 0.406001 )
( 0.458579 )
( 0.584234 )
( 0.458572 )
( 0.739164 )
( 0.596097 )
( 0.717655 )
( 0.665983 )
( 0.755053 )
( 0.659753 )
( 0.406001 )
( 0.458579 )
( 0.584234 )
( 0.458572 )
( 0.739164 )
( 0.596096 )
( 0.717655 )
( 0.665983 )
( 0.755053 )
( 0.659753 )
( 0.406001 )
( 0.458578 )
( 0.584234 )
( 0.458572 )
( 0.739165 )
( 0.596096 )
( 0.717655 )
( 0.665982 )
( 0.755053 )
( 0.659753 )
( 0.406001 )
( 0.458578 )
( 0.584235 )
( 0.458572 )
( 0.739165 )
( 0.596096 )
( 0.717655 )
( 0.665982 )
( 0.755053 )
( 0.659754 )
( 0.406001 )
( 0.458578 )
( 0.584235 )
( 0.458573 )
( 0.739165 )
( 0.596096 )
( 0.717655 )
( 0.665982 )
( 0.755053 )
( 0.659754 )
( 0.406001 )
( 0.458578 )
( 0.584235 )
( 0.458573 )
( 0.739165 )
( 0.596095 )
( 0.717654 )
( 0.665982 )
( 0.755053 )
( 0.659754 )
( 0.406001 )
( 0.458577 )
( 0.584235 )
( 0.458573 )
( 0.739166 )
( 0.596095 )
( 0.717654 )
( 0.665982 )
( 0.755053 )
( 0.659755 )
( 0.406001 )
( 0.458577 )
( 0.584235 )
( 0.458573 )
( 0.739166 )
( 0.596095 )
( 0.717654 )
( 0.665982 )
( 0.755053 )
( 0.659755 )
( 0.406001 )
( 0.458577 )
( 0.584235 )
( 0.458573 )
( 0.739166 )
( 0.596094 )
( 0.717654 )
( 0.665982 )
( 0.755053 )
( 0.659755 )
( 0.406001 )
( 0.458577 )
( 0.73917 )
( 0.608016 )
( 0.458574 )
( 0.739167 )
( 0.408283 )
( 0.409298 )
( 0.717652 )
( 0.459763 )
( 0.608018 )
( 0.458576 )
( 0.739169 )
( 0.608016 )
( 0.458574 )
( 0.739168 )
( 0.408283 )
( 0.409298 )
( 0.717652 )
( 0.459764 )
( 0.608018 )
( 0.458576 )
( 0.739169 )
( 0.608016 )
( 0.458574 )
( 0.739168 )
( 0.408283 )
( 0.409298 )
( 0.717652 )
( 0.459764 )
( 0.608018 )
( 0.458576 )
( 0.739169 )
( 0.608016 )
( 0.458574 )
( 0.739168 )
( 0.408283 )
( 0.409298 )
( 0.717652 )
( 0.459764 )
( 0.608018 )
( 0.458576 )
( 0.739169 )
( 0.608016 )
( 0.458575 )
( 0.739168 )
( 0.408283 )
( 0.409298 )
( 0.717652 )
( 0.459764 )
( 0.608018 )
( 0.458576 )
( 0.739169 )
( 0.608017 )
( 0.458575 )
( 0.739168 )
( 0.408283 )
( 0.409298 )
( 0.717651 )
( 0.459765 )
( 0.608018 )
( 0.458576 )
( 0.739169 )
( 0.608017 )
( 0.458575 )
( 0.739168 )
( 0.408283 )
( 0.409298 )
( 0.717651 )
( 0.459765 )
( 0.608018 )
( 0.458576 )
( 0.739169 )
( 0.608017 )
( 0.458575 )
( 0.739168 )
( 0.408283 )
( 0.409298 )
( 0.717651 )
( 0.459765 )
( 0.608018 )
( 0.458575 )
( 0.739169 )
( 0.608017 )
( 0.458575 )
( 0.739168 )
( 0.408283 )
( 0.409298 )
( 0.717651 )
( 0.459766 )
( 0.608017 )
( 0.458575 )
( 0.739169 )
( 0.608017 )
( 0.458575 )
( 0.739169 )
( 0.408283 )
( 0.409298 )
( 0.71765 )
( 0.459766 )
( 0.608017 )
( 0.458575 )
( 0.408283 )
( 0.409297 )
( 0.71765 )
( 0.459766 )
( 0.408283 )
( 0.409297 )
( 0.71765 )
( 0.459766 )
( 0.408283 )
( 0.409297 )
( 0.71765 )
( 0.459767 )
( 0.408283 )
( 0.409297 )
( 0.717649 )
( 0.459767 )
( 0.408283 )
( 0.409297 )
( 0.717649 )
( 0.459767 )
( 0.408283 )
( 0.409297 )
( 0.717649 )
( 0.459767 )
( 0.408283 )
( 0.409297 )
( 0.717649 )
( 0.459768 )
( 0.408283 )
( 0.409297 )
( 0.717648 )
( 0.459768 )
( 0.408283 )
( 0.409297 )
( 0.717648 )
( 0.459768 )
( 0.408283 )
( 0.409297 )
( 0.717648 )
( 0.459768 )
( 0.391235 )
( 1 )
( 0.391235 )
( 1 )
( 0.391235 )
( 1 )
( 0.391235 )
( 1 )
( 0.391235 )
( 1 )
( 0.391235 )
( 1 )
( 0.391235 )
( 1 )
( 0.391235 )
( 1 )
( 0.391235 )
( 1 )
( 0.391235 )
( 1 )
( 0.391235 )
( 1 )
( 0.391235 )
( 1 )
( 0.391235 )
( 1 )
( 0.391235 )
( 1 )
( 0.391235 )
( 1 )
( 0.391235 )
( 1 )
( 0.391235 )
( 1 )
( 0.391235 )
( 1 )
( 0.391235 )
( 1 )
( 0.391235 )
( 1 )
( 0.391235 )
( 0.391235 )
( 0.391236 )
( 0.391236 )
( 0.391236 )
( 0.391236 )
( 0.391236 )
( 0.391236 )
( 0.391236 )
( 0.391236 )
( 0.391236 )
( 0.391236 )
( 0.391236 )
( 0.391236 )
( 0.391236 )
( 0.391236 )
( 0.391236 )
( 0.391236 )
( 0.391236 )
( 0.391236 )
