time,branch0,branch1,branch2,branch3,branch4,branch5,branch6,branch7,branch8,branch9,branch10,branch11,branch12,branch13,branch14,branch15,branch16,branch17,branch18,branch19,branch20,branch21,branch22,branch23,branch24,branch25,branch26,branch27,
0,0.00704694,0.000103636,7.23518e-05,1.3915e-06,5.122e-05,5.79523e-06,4.89732e-08,3.702e-05,0.00108233,0.00259159,0.000107747,0.0024731,0.000214851,0.00540302,0.000440158,0.00200833,0.00232626,0.00869444,1.78692e-06,1.2731e-05,1.01093e-06,2.6341e-06,0.00155881,0.0041464,0.000364028,1.06064e-06,2.99668e-06,1.0555e-05,
1,0.00708808,0.000109489,7.48177e-05,1.46721e-06,5.39191e-05,6.17824e-06,5.26727e-08,3.84688e-05,0.00110555,0.00264628,0.00011213,0.00249531,0.000223814,0.00550636,0.000456547,0.00206705,0.0023497,0.0087525,2.03122e-06,1.43302e-05,1.13342e-06,2.9501e-06,0.00158744,0.00417326,0.000372448,1.14783e-06,3.23044e-06,1.12728e-05,
2,0.00709575,0.000110471,7.54093e-05,1.47965e-06,5.42195e-05,6.217e-06,5.30357e-08,3.86604e-05,0.00110932,0.00265333,0.0001126,0.00249903,0.000224942,0.0055145,0.000459431,0.00207536,0.00235271,0.0087549,2.06226e-06,1.45331e-05,1.14826e-06,2.99019e-06,0.0015954,0.0041823,0.000374233,1.15662e-06,3.25307e-06,1.13447e-05,
3,0.00710327,0.000111301,7.59777e-05,1.49045e-06,5.44588e-05,6.24477e-06,5.3275e-08,3.88291e-05,0.00111288,0.00265988,0.000112991,0.00250259,0.000225917,0.00552168,0.000462107,0.00208302,0.00235551,0.00875699,2.07837e-06,1.46462e-05,1.1562e-06,3.0134e-06,0.00160324,0.00419127,0.000375951,1.16219e-06,3.26769e-06,1.13954e-05,
4,0.00711079,0.000112134,7.65507e-05,1.5013e-06,5.46982e-05,6.27242e-06,5.35123e-08,3.89984e-05,0.00111645,0.00266643,0.000113381,0.00250615,0.000226893,0.00552886,0.000464798,0.00209069,0.00235831,0.00875908,2.09386e-06,1.47561e-05,1.16388e-06,3.03606e-06,0.00161112,0.00420025,0.000377677,1.1677e-06,3.28216e-06,1.14457e-05,
5,0.00711829,0.000112973,7.71287e-05,1.51224e-06,5.49386e-05,6.30019e-06,5.37507e-08,3.91684e-05,0.00112003,0.002673,0.000113774,0.00250972,0.000227875,0.00553603,0.000467507,0.00209838,0.00236112,0.00876116,2.10946e-06,1.48667e-05,1.1716e-06,3.05888e-06,0.00161903,0.00420924,0.00037941,1.17324e-06,3.2967e-06,1.14964e-05,
6,0.00712579,0.00011382,7.77116e-05,1.52328e-06,5.51802e-05,6.3281e-06,5.39902e-08,3.93392e-05,0.00112361,0.00267958,0.000114167,0.00251329,0.000228861,0.0055432,0.000470233,0.0021061,0.00236392,0.00876325,2.12518e-06,1.49782e-05,1.17938e-06,3.08189e-06,0.00162699,0.00421825,0.000381152,1.17881e-06,3.3113e-06,1.15472e-05,
7,0.00713329,0.000114674,7.82995e-05,1.53441e-06,5.54229e-05,6.35614e-06,5.42309e-08,3.95109e-05,0.00112721,0.00268617,0.000114562,0.00251687,0.000229851,0.00555037,0.000472976,0.00211384,0.00236673,0.00876532,2.14104e-06,1.50907e-05,1.18722e-06,3.1051e-06,0.00163498,0.00422727,0.000382903,1.18441e-06,3.32598e-06,1.15983e-05,
8,0.00714077,0.000115535,7.88926e-05,1.54564e-06,5.56667e-05,6.38432e-06,5.44727e-08,3.96833e-05,0.00113081,0.00269278,0.000114959,0.00252045,0.000230846,0.00555754,0.000475736,0.00212161,0.00236954,0.0087674,2.15704e-06,1.52042e-05,1.19513e-06,3.12851e-06,0.00164301,0.0042363,0.000384661,1.19003e-06,3.34073e-06,1.16497e-05,
9,0.00714825,0.000116403,7.94907e-05,1.55696e-06,5.59117e-05,6.41263e-06,5.47157e-08,3.98566e-05,0.00113442,0.0026994,0.000115357,0.00252404,0.000231846,0.00556471,0.000478515,0.0021294,0.00237236,0.00876947,2.17317e-06,1.53186e-05,1.2031e-06,3.15212e-06,0.00165108,0.00424534,0.000386428,1.19569e-06,3.35554e-06,1.17013e-05,
10,0.00715571,0.000117279,8.00941e-05,1.56838e-06,5.61579e-05,6.44108e-06,5.49599e-08,4.00307e-05,0.00113804,0.00270604,0.000115757,0.00252763,0.00023285,0.00557187,0.000481311,0.00213722,0.00237517,0.00877154,2.18944e-06,1.54341e-05,1.21113e-06,3.17593e-06,0.00165919,0.0042544,0.000388202,1.20138e-06,3.37043e-06,1.17531e-05,
11,3.44074e-05,5.67126e-06,2.11468e-06,7.24832e-08,2.66026e-06,3.86571e-07,3.78548e-09,1.3765e-06,2.07484e-05,5.04095e-05,4.25268e-06,1.94228e-05,8.59465e-06,9.88335e-05,1.4985e-05,5.42259e-05,2.14033e-05,5.65464e-05,2.67115e-07,1.73029e-06,1.32449e-07,3.39877e-07,2.23914e-05,1.88389e-05,7.19507e-06,8.97743e-08,2.39834e-07,7.26548e-07,
12,1.38124e-07,1.83633e-07,3.13109e-08,1.95188e-09,6.79636e-08,1.22643e-08,1.38525e-10,2.55881e-08,2.36063e-07,5.49765e-07,8.73797e-08,1.755e-07,1.71513e-07,9.94444e-07,2.45419e-07,7.35479e-07,2.29508e-07,3.10844e-07,1.81029e-08,1.08408e-07,8.2904e-09,2.03035e-08,1.67563e-07,8.76981e-08,8.07223e-08,3.62102e-09,8.97889e-09,2.37478e-08,
13,4.73582e-10,5.05785e-09,3.55286e-10,4.15108e-11,1.23061e-09,2.70163e-10,3.55283e-12,3.41121e-10,2.20515e-09,4.59448e-09,1.32928e-09,1.54493e-09,2.44946e-09,7.46244e-09,2.80682e-09,7.08297e-09,2.15309e-09,1.5012e-09,8.8316e-10,4.93039e-09,3.8383e-10,8.81243e-10,9.25517e-10,3.86335e-10,7.248e-10,1.01765e-10,2.31672e-10,5.38738e-10,
14,1.4584e-12,1.26844e-10,3.63395e-12,7.79665e-13,1.76863e-11,4.63497e-12,7.26102e-14,3.67758e-12,1.85767e-11,3.26062e-11,1.68183e-11,1.31235e-11,2.81749e-11,4.65551e-11,2.52149e-11,5.44692e-11,1.77495e-11,6.68142e-12,3.46959e-11,1.82112e-10,1.4604e-11,3.11249e-11,4.27863e-12,1.63414e-12,5.81612e-12,2.21752e-12,4.6181e-12,9.51094e-12,
15,4.1877e-15,2.97579e-12,3.77296e-14,1.33494e-14,2.14785e-13,6.60379e-14,1.29685e-15,3.43829e-14,1.46418e-13,2.07105e-13,1.88431e-13,1.08042e-13,2.79243e-13,2.55789e-13,1.89922e-13,3.56999e-13,1.33043e-13,2.82268e-14,1.16853e-12,5.81352e-12,4.82941e-13,9.52674e-13,1.83082e-14,6.73748e-15,4.4052e-14,3.97817e-14,7.57858e-14,1.39243e-13,
16,1.15766e-17,6.63805e-14,4.2929e-16,2.08862e-16,2.29494e-15,8.15106e-16,2.21668e-17,2.92693e-16,1.0975e-15,1.21661e-15,1.94143e-15,8.67693e-16,2.49663e-15,1.28258e-15,1.25087e-15,2.07985e-15,9.36716e-16,1.15283e-16,3.51042e-14,1.66786e-13,1.43684e-14,2.62917e-14,8.50501e-17,2.73637e-17,3.23901e-16,6.10882e-16,1.06649e-15,1.76109e-15,
17,3.18511e-20,1.42526e-15,5.45626e-18,2.98583e-18,2.22115e-17,9.00212e-18,3.96667e-19,2.35663e-18,7.89961e-18,6.7784e-18,1.88387e-17,6.83808e-18,2.08558e-17,6.01254e-18,7.42223e-18,1.11001e-17,6.35856e-18,4.60478e-19,9.66544e-16,4.41551e-15,3.9379e-16,6.71992e-16,5.59562e-19,1.10228e-19,2.34548e-18,8.25473e-18,1.32445e-17,1.98078e-17,
18,9.07611e-23,2.97387e-17,7.58344e-20,3.92077e-20,1.99236e-19,9.17372e-20,7.83212e-21,1.8504e-20,5.50447e-20,3.6702e-20,1.74839e-19,5.3134e-20,1.675e-19,2.68182e-20,4.05983e-20,5.55662e-20,4.2421e-20,1.81226e-21,2.48711e-17,1.09911e-16,1.01147e-17,1.62098e-17,5.88276e-21,4.42298e-22,1.68717e-20,1.00234e-19,1.48334e-19,2.02563e-19,
19,2.80452e-25,6.07499e-19,1.12057e-21,4.78004e-22,1.68858e-21,8.9785e-22,1.68683e-22,1.44947e-22,3.74334e-22,1.98585e-22,1.56791e-21,4.08581e-22,1.32334e-21,1.15366e-22,2.08637e-22,2.66257e-22,2.81736e-22,7.06173e-24,6.06822e-19,2.60792e-18,2.46699e-19,3.74107e-19,8.17951e-23,1.77259e-24,1.21438e-22,1.11215e-21,1.52445e-21,1.91782e-21,
20,9.76991e-28,1.22187e-20,1.7265e-23,5.49624e-24,1.3754e-23,9.01709e-24,3.78971e-24,1.14795e-24,2.50604e-24,1.10946e-24,1.36815e-23,3.11782e-24,1.04548e-23,4.84e-25,1.02477e-24,1.24503e-24,1.87659e-24,2.73321e-26,1.41934e-20,5.95915e-20,5.77234e-21,8.34433e-21,1.26409e-24,7.10728e-27,8.81192e-25,1.14361e-23,1.45888e-23,1.7075e-23,
