BEGIN_LIST
0.1
0.0997693
0.0995392
0.0993095
0.0990804
0.0988518
0.0986237
0.0983961
0.098169
0.0979423
0.0977159
0.0974896
0.0972626
0.0970332
0.0967968
0.096542
0.0962401
0.0958185
0.0950936
0.0936022
0.0901742
0.0795794
0.0875553
0.0700338
0.0849931
0.0614803
0.0824875
0.0538528
0.0800386
0.04708
0.077646
0.0410886
0.0753094
0.0358057
0.0730285
0.031161
0.0708029
0.0270877
0.0686321
0.0235232
0.0665156
0.0204103
0.0644527
0.0176964
0.0624429
0.0153348
0.0604854
0.013284
0.0585797
0.0115095
0.0567248
0.00998504
0.0549201
0.00869835
0.0531647
0.00766314
0.0514549
0.00694706
0.0496643
0.00673557
0.0424218
0.00673539
0.00768815
0.00499218
0.0389986
0.0373847
0.00673521
0.00838059
0.00434126
0.0358437
0.0328818
0.00673503
0.0089159
0.00425183
0.0329372
0.0288714
0.00673485
0.00935767
0.0044659
0.0302608
0.0253117
0.00673468
0.00974509
0.00486004
0.027797
0.022161
0.0067345
0.0101024
0.0053773
0.0255297
0.0193797
0.00673432
0.0104448
0.00599376
0.0234439
0.0169298
0.00673414
0.0107814
0.00670216
0.0215256
0.0147762
0.00673397
0.0111182
0.00750392
0.0197617
0.0128862
0.00673379
0.0114589
0.0084052
0.0181401
0.0112302
0.00673361
0.0118059
0.00941512
0.0166493
0.00978099
0.00673343
0.0121608
0.0105448
0.0152786
0.00851427
0.00673326
0.0125247
0.011807
0.0140174
0.00740815
0.00673308
0.0128983
0.0132162
0.0128548
0.00644306
0.0067329
0.0132823
0.0147879
0.0117782
0.00560159
0.00673272
0.0136772
0.0165396
0.0107711
0.00486821
0.00673255
0.0140833
0.0184899
0.00980704
0.00422903
0.00673233
0.0145011
0.0206591
0.00883886
0.00367135
0.00673576
0.014931
0.0230692
0.00777437
0.00318302
0.00640753
0.0153733
0.0257433
0.00642577
0.00275118
0.00578122
0.00629028
0.0103313
0.0220036
0.0106227
0.0277093
0.00624048
0.00492297
0.00275114
0.00258917
0.00521484
0.00617515
0.00691436
0.0259351
0.00745531
0.0298084
0.00605402
0.00376659
0.0027511
0.00257628
0.00470289
0.00606212
0.00461473
0.0288696
0.0053585
0.0320503
0.00586618
0.00287888
0.00275106
0.00260686
0.00424036
0.00595115
0.00307422
0.0314991
0.00398613
0.034444
0.00567674
0.00219865
0.00275102
0.00265058
0.00382262
0.00584219
0.00204543
0.0341088
0.00310524
0.0369987
0.00548546
0.00167814
0.00275098
0.00269873
0.00344547
0.00573522
0.00135981
0.0368199
0.00255937
0.0397232
0.00529212
0.00128026
0.00275094
0.00274881
0.00310507
0.00563019
0.000903507
0.0396874
0.00224372
0.0426263
0.00509645
0.000976381
0.0027509
0.00280012
0.00279793
0.00552708
0.000600104
0.0427397
0.00208833
0.0457166
0.00489821
0.000744428
0.00275086
0.00285248
0.00252086
0.00542584
0.000398489
0.045994
0.00204679
0.0490024
0.00469712
0.000567463
0.00275082
0.00290584
0.00227099
0.00532645
0.000264568
0.0494634
0.00208854
0.0524923
0.00449288
0.000432498
0.00275078
0.0029602
0.00204568
0.00522887
0.000175635
0.0531587
0.00219378
0.0561938
0.00428522
0.000329594
0.00275074
0.00301558
0.00184254
0.00513307
0.000116588
0.0570899
0.00235001
0.0601146
0.0040738
0.000251151
0.0027507
0.00307199
0.0016594
0.00503901
7.73884e-05
0.0612661
0.00254972
0.0642614
0.00385831
0.000191365
0.00275066
0.00312945
0.00149422
0.00494667
5.13672e-05
0.0656956
0.00278885
0.0686404
0.00363841
0.000145802
0.00275062
0.00318798
0.00134499
0.00485602
3.40949e-05
0.0703858
0.00306575
0.0732569
0.00341372
0.000111084
0.00275058
0.00324761
0.00120935
0.00476701
2.26306e-05
0.0753433
0.00338053
0.078115
0.00318389
8.46304e-05
0.00275054
0.00330834
0.0010836
0.00467964
1.50227e-05
0.0805731
0.00373458
0.0832176
0.0029485
6.44807e-05
0.0027505
0.00337021
0.00095961
0.00459386
9.97793e-06
0.0860789
0.00413028
0.0885663
0.00270715
4.91782e-05
0.00275046
0.00343323
0.000815623
0.00450969
6.64488e-06
0.0918626
0.00457087
0.0941611
0.0024594
3.79583e-05
0.00275042
0.00349742
0.000588513
0.00442717
4.48166e-06
0.0979244
0.00506028
0.1
0.0022048
3.33306e-05
0.0027504
0.00356281
0.000346622
0.000569478
0.00437938
3.70844e-06
0.0979244
0.0988492
0.00590385
0.00212477
0.00163346
0.00360182
0.000204176
0.000551352
0.00433211
3.07985e-06
0.0979244
0.099362
0.00689286
0.00204763
0.00123985
0.0036412
0.000120309
0.000534225
0.00428534
2.57681e-06
0.0979243
0.0996464
0.00804895
0.00197329
0.000969883
0.00368099
7.09431e-05
0.000518235
0.00423908
2.18799e-06
0.0979243
0.0998041
0.00939806
0.00190163
0.000785987
0.0037212
4.18983e-05
0.000503593
0.00419331
1.91149e-06
0.0979243
0.0998915
0.0109706
0.00183257
0.000662042
0.00376184
2.48237e-05
0.000490612
0.00414803
1.75842e-06
0.0979243
0.09994
0.0128016
0.00176601
0.000579899
0.00380292
1.48031e-05
0.00047975
0.00410325
1.75947e-06
0.0979243
0.0999668
0.0149317
0.00170186
0.000526948
0.00384445
8.94299e-06
0.000471676
0.00405894
1.9765e-06
0.0979242
0.0999817
0.0174068
0.00164003
0.000494428
0.00388642
5.54091e-06
0.000467361
0.00401511
2.52259e-06
0.0979242
0.09999
0.0202796
0.00158044
0.000476257
0.00392886
3.59642e-06
0.000468211
0.00397175
0.097924
0.0999945
0.0236093
0.00152301
0.0979236
0.0999971
0.0274624
0.00146766
0.0979226
0.0999984
0.0319129
0.00141432
0.0979196
0.0999992
0.0370422
0.00136291
0.0979111
0.0999996
0.0429394
0.00131337
0.0978866
0.0999998
0.0496997
0.00126562
0.097816
0.0999999
0.0574238
0.00121961
0.0976128
0.1
0.0662152
0.00117526
0.0970279
0.1
0.0761774
0.00113255
0.0953439
0.1
0.0874094
0.00109206
0.0904954
0.1
0.1
0.00107252
0.0904954
0.0574801
0.0904954
0.036567
0.0904954
0.0235632
0.0904953
0.0156549
0.0904953
0.0110219
0.0904953
0.00852073
0.0904953
0.00745398
0.0904953
0.00741588
0.0904952
0.00819257
0.0904952
0.00970043
0.0904952
0.0119496
0.0904952
0.015024
0.0904952
0.0190718
0.0904951
0.0243026
0.0904951
0.030988
0.0904951
0.0394636
0.0904951
0.0501287
0.0904951
0.0634398
0.090495
0.0798948
0.090495
0.1
0.090495
0.0904949
0.0904949
0.0904949
0.0904949
0.0904948
0.0904948
0.0904948
0.0904947
0.0904947
0.0904947
0.0904947
0.0904946
0.0904946
0.0904946
0.0904945
0.0904945
0.0904945
0.0904944
0.0904944
END_LIST
