BEGIN_LIST
0
1.6662e-177
5.83035e-177
1.62003e-176
4.19793e-176
1.05994e-175
2.64808e-175
6.58486e-175
1.63354e-174
4.04628e-174
1.00108e-173
2.47406e-173
6.10751e-173
1.50595e-172
3.70861e-172
9.12069e-172
2.23977e-171
5.4915e-171
1.34409e-170
3.28355e-170
3.43387e-170
3.82484e-170
3.51409e-170
4.19121e-170
3.5922e-170
4.54769e-170
3.66821e-170
4.91397e-170
3.74214e-170
5.31816e-170
3.81402e-170
5.80327e-170
3.88389e-170
6.43885e-170
3.95176e-170
7.34233e-170
4.01817e-170
8.718e-170
4.10449e-170
1.09285e-169
5.1227e-170
1.46267e-169
4.60618e-169
2.10002e-169
1.79402e-167
3.22286e-169
7.65345e-166
5.23432e-169
3.27224e-164
8.88583e-169
1.39936e-162
1.55885e-168
5.98447e-161
2.80102e-168
2.55954e-159
5.12247e-168
1.09469e-157
9.49089e-168
4.68243e-156
1.77234e-167
2.00328e-154
1.84113e-167
2.38505e-167
9.93266e-168
4.7209e-154
2.11743e-154
1.91258e-167
2.75982e-167
5.57566e-168
9.10509e-154
2.23645e-154
1.98682e-167
2.98115e-167
3.13854e-168
1.59162e-153
2.36016e-154
2.06394e-167
3.10354e-167
1.77249e-168
2.62015e-153
2.48821e-154
2.14405e-167
3.1621e-167
1.00447e-168
4.13892e-153
2.62013e-154
2.22728e-167
3.17952e-167
5.71176e-169
6.34132e-153
2.75525e-154
2.31375e-167
3.17044e-167
3.25862e-169
9.48759e-153
2.89266e-154
2.40357e-167
3.1443e-167
1.86486e-169
1.39264e-152
3.03117e-154
2.49688e-167
3.10723e-167
1.07034e-169
2.01232e-152
3.16918e-154
2.59382e-167
3.06319e-167
6.15966e-170
2.86989e-152
3.30461e-154
2.69453e-167
3.01474e-167
3.55353e-170
4.04805e-152
3.43459e-154
2.79914e-167
2.96355e-167
2.05463e-170
5.65715e-152
3.55511e-154
2.90783e-167
2.91071e-167
1.19039e-170
7.84472e-152
3.66021e-154
3.02073e-167
2.85692e-167
6.90935e-171
1.08087e-151
3.74054e-154
3.13801e-167
2.80266e-167
4.01691e-171
1.48162e-151
3.7806e-154
3.26073e-167
2.74823e-167
2.33869e-171
2.02298e-151
3.75358e-154
3.31166e-167
2.69385e-167
1.36333e-171
2.75462e-151
3.61136e-154
1.0059e-166
2.63965e-167
7.95618e-172
3.74534e-151
3.26564e-154
-5.68439e-165
2.58574e-167
4.6473e-172
5.09196e-151
2.55127e-154
5.00388e-163
2.5322e-167
2.71647e-172
6.93387e-151
1.15311e-154
2.9079e-162
5.07e-163
1.87985e-166
1.14568e-167
1.89448e-167
1.90869e-172
7.31113e-151
6.62329e-151
1.17495e-154
3.41079e-155
9.41948e-162
5.13661e-163
5.20297e-166
5.19593e-168
1.40439e-167
1.34118e-172
7.65677e-151
6.19262e-151
1.19721e-154
1.00869e-155
2.70494e-161
5.20368e-163
1.21539e-165
2.35911e-168
1.03391e-167
9.42327e-173
7.96752e-151
5.6678e-151
1.2199e-154
2.98297e-156
7.48737e-161
5.27122e-163
2.74712e-165
1.07187e-168
7.57622e-168
6.61925e-173
8.24017e-151
5.08269e-151
1.24301e-154
8.82169e-157
2.04902e-160
5.33923e-163
6.34483e-165
4.87263e-169
5.53668e-168
4.64744e-173
8.47166e-151
4.47306e-151
1.26656e-154
2.60901e-157
5.59303e-160
5.40771e-163
1.53283e-164
2.21602e-169
4.04197e-168
3.26055e-173
8.65905e-151
3.87113e-151
1.29055e-154
7.71656e-158
1.52775e-159
5.47666e-163
3.89356e-164
1.00822e-169
2.95174e-168
2.28495e-173
8.79957e-151
3.30197e-151
1.315e-154
2.28245e-158
4.18137e-159
5.54607e-163
1.03465e-163
4.58854e-170
2.15879e-168
1.59861e-173
8.89067e-151
2.78225e-151
1.33992e-154
6.7519e-159
1.14729e-158
5.61595e-163
2.85055e-163
2.08887e-170
1.58282e-168
1.11579e-173
8.92997e-151
2.32075e-151
1.3653e-154
1.99785e-159
3.1567e-158
5.68629e-163
8.06838e-163
9.51086e-171
1.16455e-168
7.76176e-174
8.91536e-151
1.91998e-151
1.39117e-154
5.9158e-160
8.71063e-158
5.75709e-163
2.32827e-162
4.33042e-171
8.606e-169
5.37367e-174
8.84497e-151
1.57802e-151
1.41753e-154
1.75578e-160
2.41083e-157
5.82836e-163
6.80969e-162
1.97107e-171
6.39426e-169
3.69519e-174
8.71721e-151
1.29023e-151
1.44439e-154
5.25055e-161
6.6928e-157
5.90008e-163
2.01014e-161
8.9631e-172
4.78168e-169
2.51634e-174
8.53078e-151
1.05062e-151
1.47175e-154
1.60888e-161
1.86377e-156
5.97227e-163
5.97094e-161
4.0665e-172
3.60289e-169
1.68929e-174
8.28471e-151
8.52794e-152
1.49963e-154
5.30852e-162
5.20622e-156
6.04491e-163
1.78108e-160
1.83559e-172
2.73849e-169
1.10996e-174
7.97836e-151
6.90508e-152
1.52805e-154
2.11302e-162
1.45884e-155
6.11801e-163
5.32784e-160
8.1946e-173
2.10219e-169
7.05031e-175
7.61143e-151
5.58045e-152
1.557e-154
1.16169e-162
4.10063e-155
6.19157e-163
1.59674e-159
3.56984e-173
1.63166e-169
4.22892e-175
7.18398e-151
4.50376e-152
1.5865e-154
8.74414e-163
1.15637e-154
6.2656e-163
4.79141e-159
1.46886e-173
1.28179e-169
2.27164e-175
6.69647e-151
3.63448e-152
1.61654e-154
7.83668e-163
3.27263e-154
6.3401e-163
1.43897e-158
5.18346e-174
1.01995e-169
9.22171e-176
6.14973e-151
2.962e-152
1.64675e-154
7.51111e-163
9.30633e-154
6.41514e-163
4.32394e-158
9.21587e-175
8.22443e-170
0
5.54496e-151
2.67664e-152
1.6618e-154
7.35807e-163
5.74654e-154
1.33886e-153
6.45929e-163
7.17677e-158
9.42754e-175
5.2653e-175
6.05735e-170
5.50014e-151
4.07003e-151
7.29636e-163
3.5228e-154
1.89642e-153
6.50359e-163
1.18751e-157
9.64408e-175
3.00819e-175
4.59672e-170
5.45467e-151
2.98629e-151
7.24185e-163
2.1499e-154
2.65747e-153
6.54806e-163
1.9619e-157
9.8656e-175
1.71861e-175
3.57998e-170
5.40861e-151
2.1905e-151
7.19113e-163
1.30847e-154
3.69587e-153
6.59268e-163
3.2387e-157
1.00922e-174
9.8182e-176
2.84547e-170
5.362e-151
1.6064e-151
7.14246e-163
7.95066e-155
5.11227e-153
6.63746e-163
5.34439e-157
1.0324e-174
5.60872e-176
2.29358e-170
5.31488e-151
1.17781e-151
7.09492e-163
4.82634e-155
7.04391e-153
6.68239e-163
8.81741e-157
1.05612e-174
3.2037e-176
1.86297e-170
5.26732e-151
8.63375e-152
7.04804e-163
2.92809e-155
9.67789e-153
6.72748e-163
1.45459e-156
1.08038e-174
1.82963e-176
1.51599e-170
5.21933e-151
6.32722e-152
7.00158e-163
1.77584e-155
1.32693e-152
6.77273e-163
2.3995e-156
1.1052e-174
1.0446e-176
1.22958e-170
5.17098e-151
4.63535e-152
6.95541e-163
1.07681e-155
1.81659e-152
6.81814e-163
3.95806e-156
1.13059e-174
5.96098e-177
9.8956e-171
5.12229e-151
3.39439e-152
6.90947e-163
6.52867e-156
2.48419e-152
6.86372e-163
1.15659e-174
3.39873e-177
7.87102e-171
5.07331e-151
1.18322e-174
1.93502e-177
6.16457e-171
5.02408e-151
1.21059e-174
1.09894e-177
4.73585e-171
4.97463e-151
1.23892e-174
6.21452e-178
3.55316e-171
4.925e-151
1.26882e-174
3.48831e-178
2.58889e-171
4.87522e-151
1.30197e-174
1.93255e-178
1.81711e-171
4.82533e-151
1.34293e-174
1.04546e-178
1.21272e-171
4.77535e-151
1.40436e-174
5.40348e-179
7.5132e-172
4.72533e-151
1.52124e-174
2.5344e-179
4.09593e-172
4.67532e-151
1.79032e-174
9.11458e-180
1.65755e-172
4.62626e-151
2.4792e-174
0
0
4.6022e-151
2.51592e-174
7.423e-174
2.55322e-174
1.09453e-173
2.59111e-174
1.32112e-173
2.62959e-174
1.45018e-173
2.6687e-174
1.51251e-173
2.70842e-174
1.53353e-173
2.74877e-174
1.52961e-173
2.78977e-174
1.50839e-173
2.83142e-174
1.47114e-173
2.87373e-174
1.41548e-173
2.91672e-174
1.33787e-173
2.9604e-174
1.23569e-173
3.00478e-174
1.10855e-173
3.04987e-174
9.59078e-174
3.09567e-174
7.92873e-174
3.14222e-174
6.17771e-174
3.18951e-174
4.42734e-174
3.23756e-174
2.7662e-174
3.28639e-174
1.27113e-174
3.3358e-174
0
3.40592e-174
3.47761e-174
3.55091e-174
3.62585e-174
3.70249e-174
3.78086e-174
3.86099e-174
3.94293e-174
4.02673e-174
4.11243e-174
4.20008e-174
4.28971e-174
4.38138e-174
4.47514e-174
4.57106e-174
4.66905e-174
4.76981e-174
4.87045e-174
4.98461e-174
5.0494e-174
END_LIST
