BEGIN_LIST
0
3.75346e-102
1.30102e-101
3.56378e-101
9.07438e-101
2.24738e-100
5.50324e-100
1.34124e-99
3.26231e-99
7.92813e-99
1.92602e-98
4.67828e-98
1.13627e-97
2.75973e-97
6.70266e-97
1.62791e-96
3.95376e-96
9.60265e-96
2.33226e-95
5.66451e-95
1.37602e-94
6.11335e-94
1.41529e-94
1.44798e-93
1.45562e-94
2.87205e-93
1.49703e-94
5.23899e-93
1.53955e-94
9.11198e-93
1.58321e-94
1.53856e-92
1.62803e-94
2.54875e-92
1.67404e-94
4.17089e-92
1.72126e-94
6.7755e-92
1.76972e-94
1.09668e-91
1.81967e-94
1.774e-91
1.8802e-94
2.87502e-91
2.33961e-94
4.67816e-91
1.98e-93
7.65683e-91
7.64114e-92
1.2625e-90
3.2592e-90
2.09973e-90
1.39372e-88
3.52557e-90
5.96085e-87
5.97891e-90
2.54938e-85
1.02387e-89
1.09046e-83
1.76823e-89
4.66527e-82
1.8789e-89
2.29783e-89
1.03197e-89
1.09937e-81
4.93124e-82
1.99649e-89
2.60462e-89
6.03565e-90
2.12017e-81
5.2086e-82
2.12144e-89
2.76588e-89
3.54195e-90
3.70583e-81
5.49687e-82
2.25421e-89
2.83249e-89
2.0867e-90
6.09979e-81
5.7953e-82
2.39529e-89
2.8379e-89
1.23438e-90
9.63404e-81
6.10276e-82
2.5452e-89
2.80414e-89
7.33154e-91
1.47578e-80
6.41769e-82
2.7045e-89
2.74573e-89
4.37152e-91
2.20753e-80
6.73797e-82
2.87376e-89
2.6722e-89
2.61617e-91
3.23955e-80
7.06082e-82
3.05362e-89
2.5898e-89
1.57105e-91
4.67983e-80
7.38255e-82
3.24473e-89
2.50265e-89
9.46447e-92
6.67223e-80
7.69826e-82
3.44781e-89
2.41344e-89
5.71827e-92
9.40838e-80
8.00132e-82
3.66359e-89
2.32391e-89
3.46404e-92
1.31437e-79
8.28235e-82
3.89288e-89
2.2352e-89
2.10348e-92
1.82198e-79
8.52746e-82
4.13653e-89
2.14802e-89
1.28004e-92
2.50944e-79
8.71486e-82
4.39541e-89
2.06284e-89
7.80424e-93
3.43851e-79
8.80845e-82
4.67051e-89
1.97992e-89
4.76599e-93
4.69303e-79
8.7457e-82
4.96282e-89
1.89944e-89
2.91466e-93
6.38781e-79
8.41452e-82
5.27343e-89
1.82146e-89
1.78454e-93
8.68188e-79
7.60912e-82
5.60244e-89
1.74601e-89
1.09359e-93
1.17991e-78
5.94469e-82
6.04442e-89
1.67311e-89
6.70566e-94
1.60617e-78
2.68689e-82
6.71878e-89
6.21846e-89
1.84418e-89
7.82322e-90
2.47002e-89
4.86234e-94
1.69347e-78
1.53419e-78
2.73782e-82
7.94771e-83
8.33147e-89
6.39703e-89
1.92493e-89
3.66722e-90
3.01377e-89
3.52492e-94
1.77345e-78
1.4344e-78
2.78972e-82
2.35046e-83
1.25039e-88
6.58022e-89
1.89601e-89
1.72111e-90
3.37048e-89
2.55423e-94
1.84535e-78
1.31281e-78
2.84261e-82
6.95124e-84
2.36485e-88
6.76816e-89
1.76262e-89
8.08368e-91
3.59417e-89
1.84957e-94
1.90843e-78
1.17725e-78
2.89649e-82
2.0559e-84
5.37982e-88
6.96095e-89
1.55325e-89
3.7989e-91
3.72599e-89
1.33796e-94
1.96197e-78
1.03603e-78
2.9514e-82
6.08189e-85
1.35847e-87
7.1587e-89
1.30788e-89
1.78611e-91
3.79561e-89
9.66483e-95
2.00531e-78
8.96595e-79
3.00735e-82
1.80027e-85
3.59964e-87
7.36153e-89
1.06456e-89
8.4011e-92
3.82342e-89
6.96798e-95
2.0378e-78
7.64756e-79
3.06436e-82
5.3389e-86
9.73995e-87
7.56956e-89
8.53571e-90
3.95282e-92
3.82292e-89
5.01057e-95
2.05884e-78
6.44371e-79
3.12245e-82
1.59291e-86
2.6612e-86
7.78291e-89
7.04104e-90
1.8603e-92
3.80277e-89
3.59049e-95
2.06789e-78
5.37477e-79
3.18165e-82
4.84529e-87
7.31085e-86
8.00169e-89
6.69997e-90
8.7559e-93
3.7683e-89
2.56092e-95
2.06446e-78
4.44651e-79
3.24196e-82
1.56324e-87
2.01626e-85
8.22605e-89
9.00716e-90
4.12057e-93
3.72266e-89
1.81518e-95
2.04812e-78
3.65448e-79
3.30342e-82
5.89038e-88
5.57929e-85
8.4561e-89
1.84443e-89
1.93802e-93
3.66765e-89
1.27575e-95
2.0185e-78
2.98793e-79
3.36604e-82
2.97604e-88
1.5488e-84
8.69197e-89
4.84875e-89
9.10188e-94
3.60417e-89
8.86225e-96
1.9753e-78
2.433e-79
3.42985e-82
2.08229e-88
4.31293e-84
8.93381e-89
1.3958e-88
4.26143e-94
3.53263e-89
6.05631e-96
1.91829e-78
1.97483e-79
3.49487e-82
1.78707e-88
1.20477e-83
9.18175e-89
4.13065e-88
1.98244e-94
3.45319e-89
4.04137e-96
1.84733e-78
1.59899e-79
3.56113e-82
1.66966e-88
3.37592e-83
9.43594e-89
1.23322e-87
9.10257e-95
3.36585e-89
2.60051e-96
1.76235e-78
1.29222e-79
3.62864e-82
1.60557e-88
9.48944e-83
9.69653e-89
3.69427e-87
4.06683e-95
3.27064e-89
1.57594e-96
1.66336e-78
1.04288e-79
3.69743e-82
1.55795e-88
2.67603e-82
9.96371e-89
1.10846e-86
1.71013e-95
3.16761e-89
8.52868e-97
1.55046e-78
8.41572e-80
3.7675e-82
1.51588e-88
7.57351e-82
1.02378e-88
3.32898e-86
6.15236e-96
3.05691e-89
3.47787e-97
1.42386e-78
6.85842e-80
3.83794e-82
1.47613e-88
2.15369e-81
1.05193e-88
1.00035e-85
1.14109e-96
2.93883e-89
0
1.28382e-78
6.19761e-80
3.87303e-82
1.4377e-88
1.32986e-81
3.09845e-81
1.06871e-88
1.66038e-85
1.18335e-96
6.6438e-97
2.74454e-89
1.27343e-78
9.42306e-79
1.41574e-88
8.15229e-82
4.38883e-81
1.08574e-88
2.74741e-85
1.22728e-96
3.86817e-97
2.53635e-89
1.26289e-78
6.91378e-79
1.39406e-88
4.97513e-82
6.15022e-81
1.10301e-88
4.53908e-85
1.2731e-96
2.25206e-97
2.31719e-89
1.25221e-78
5.07125e-79
1.37268e-88
3.02792e-82
8.55356e-81
1.12054e-88
7.49324e-85
1.32135e-96
1.31107e-97
2.09067e-89
1.24141e-78
3.7189e-79
1.35159e-88
1.83982e-82
1.18318e-80
1.13831e-88
1.23653e-84
1.37342e-96
7.63192e-98
1.86096e-89
1.23049e-78
2.72661e-79
1.33079e-88
1.11682e-82
1.63028e-80
1.15635e-88
2.04011e-84
1.43306e-96
4.44196e-98
1.63252e-89
1.21947e-78
1.99865e-79
1.31029e-88
6.77553e-83
2.23996e-80
1.17464e-88
3.36558e-84
1.51051e-96
2.58467e-98
1.40985e-89
1.20835e-78
1.46467e-79
1.29007e-88
4.1092e-83
3.07126e-80
1.1932e-88
5.55195e-84
1.63409e-96
1.50334e-98
1.19722e-89
1.19714e-78
1.07299e-79
1.27014e-88
2.49164e-83
4.20472e-80
1.21203e-88
9.1583e-84
1.88203e-96
8.73805e-99
9.98369e-90
1.18586e-78
7.85715e-80
1.25049e-88
1.51065e-83
5.75012e-80
1.23112e-88
2.47093e-96
5.07328e-99
8.16332e-90
1.1745e-78
4.00054e-96
2.94014e-99
6.5326e-90
1.1631e-78
8.13189e-96
1.69876e-99
5.10377e-90
1.15164e-78
1.94653e-95
9.76595e-100
3.88e-90
1.14013e-78
5.0742e-95
5.56706e-100
2.85626e-90
1.1286e-78
1.3725e-94
3.12792e-100
2.0208e-90
1.11704e-78
3.76729e-94
1.71312e-100
1.35684e-90
1.10546e-78
1.03988e-93
8.94495e-101
8.44341e-91
1.09387e-78
2.87644e-93
4.22759e-101
4.61701e-91
1.08228e-78
7.96297e-93
1.5276e-101
1.87172e-91
1.07091e-78
2.20508e-92
0
0
1.06534e-78
2.24737e-92
1.26032e-91
2.29048e-92
2.01256e-91
2.33442e-92
2.50776e-91
2.3792e-92
2.80072e-91
2.42484e-92
2.95285e-91
2.47135e-92
3.01576e-91
2.51876e-92
3.02337e-91
2.56708e-92
2.99222e-91
2.61632e-92
2.92589e-91
2.66651e-92
2.82044e-91
2.71766e-92
2.66943e-91
2.76979e-92
2.46797e-91
2.82292e-92
2.21565e-91
2.87707e-92
1.91794e-91
2.93226e-92
1.58619e-91
2.98851e-92
1.23625e-91
3.04583e-92
8.86154e-92
3.10426e-92
5.53745e-92
3.16382e-92
2.54477e-92
3.22422e-92
0
3.3103e-92
3.39868e-92
3.48942e-92
3.58258e-92
3.67823e-92
3.77643e-92
3.87725e-92
3.98077e-92
4.08704e-92
4.19616e-92
4.30819e-92
4.42321e-92
4.5413e-92
4.66254e-92
4.78705e-92
4.91473e-92
5.04652e-92
5.1786e-92
5.32911e-92
5.41475e-92
END_LIST
