BEGIN_LIST
0.1
0.0998152
0.0996306
0.0994463
0.0992622
0.0990784
0.0988948
0.0987114
0.0985283
0.0983455
0.0981629
0.0979805
0.0977982
0.0976162
0.097434
0.0972513
0.0970668
0.0968776
0.0966759
0.0964428
0.0961302
0.0951341
0.0959683
0.0939722
0.0958006
0.0926246
0.0956269
0.0910718
0.0954469
0.0892951
0.0952605
0.087278
0.0950676
0.0850074
0.0948678
0.0824754
0.094661
0.0796801
0.0944471
0.0766277
0.0942257
0.0733333
0.0939967
0.0698227
0.0937598
0.0661332
0.0935149
0.0623168
0.0932617
0.0584447
0.093
0.0546179
0.0927295
0.0509901
0.0924501
0.0478139
0.0921589
0.0455355
0.0917636
0.0449825
0.0878546
0.0449818
0.0448143
0.0466763
0.0842112
0.0873227
0.0449812
0.0450303
0.0488933
0.0805585
0.0866984
0.0449805
0.0454838
0.0514796
0.0769121
0.0859684
0.0449798
0.0460848
0.0543041
0.073287
0.0851179
0.0449792
0.0467781
0.057264
0.0696977
0.0841317
0.0449785
0.0475295
0.060282
0.0661583
0.0829937
0.0449779
0.0483182
0.0632999
0.0626817
0.0816877
0.0449772
0.0491309
0.0662738
0.0592797
0.0801978
0.0449766
0.0499597
0.0691696
0.055963
0.078509
0.0449759
0.0507993
0.0719613
0.0527407
0.0766075
0.0449753
0.0516464
0.0746286
0.0496203
0.0744806
0.0449746
0.0524989
0.0771562
0.0466071
0.0721154
0.0449739
0.0533552
0.0795334
0.0437037
0.0694957
0.0449733
0.0542142
0.0817534
0.0409085
0.0665938
0.0449726
0.0550753
0.0838127
0.0382125
0.063354
0.044972
0.0559376
0.0857112
0.0355937
0.0596592
0.0449713
0.0568006
0.087451
0.0330043
0.0552624
0.0449706
0.0576639
0.0890369
0.0303448
0.04965
0.04498
0.0585269
0.090475
0.0274116
0.0417646
0.0440656
0.0593892
0.0917729
0.0237866
0.0294265
0.0426274
0.0434473
0.0523449
0.0764098
0.0435866
0.0925682
0.0231989
0.0207423
0.0294262
0.0229039
0.0411275
0.0428349
0.0442297
0.0844855
0.0325104
0.0933071
0.0226093
0.0177372
0.029426
0.0212614
0.0395725
0.0422285
0.0357441
0.0885587
0.0249093
0.0939923
0.0220175
0.0148889
0.0294257
0.0210308
0.0379699
0.0416282
0.0276708
0.0908289
0.0198273
0.0946268
0.0214227
0.0122883
0.0294254
0.0212113
0.0363283
0.0410339
0.0206187
0.0922712
0.0165528
0.0952135
0.0208244
0.00999156
0.0294251
0.0215139
0.0346572
0.0404456
0.0148874
0.0933178
0.0145696
0.0957552
0.020222
0.00802049
0.0294248
0.0218554
0.0329666
0.0398633
0.010489
0.0941605
0.0135103
0.0962546
0.0196148
0.00636937
0.0294246
0.0222117
0.0312667
0.0392871
0.00725678
0.0948857
0.013118
0.0967146
0.0190023
0.00501364
0.0294243
0.0225759
0.0295682
0.038717
0.00495542
0.0955328
0.0132154
0.0971377
0.0183836
0.00391838
0.029424
0.0229461
0.0278813
0.0381529
0.00335307
0.0961207
0.0136814
0.0975264
0.0177581
0.00304497
0.0294237
0.0233216
0.0262159
0.0375948
0.0022546
0.0966593
0.014434
0.0978833
0.0171251
0.00235561
0.0294235
0.0237025
0.0245812
0.0370429
0.00150951
0.0971545
0.0154186
0.0982106
0.0164836
0.00181591
0.0294232
0.0240887
0.022985
0.0364969
0.00100774
0.0976102
0.016599
0.0985104
0.0158329
0.00139602
0.0294229
0.0244803
0.021433
0.0359571
0.000671452
0.0980295
0.0179517
0.0987849
0.0151722
0.00107094
0.0294226
0.0248772
0.0199265
0.0354232
0.000446811
0.0984154
0.0194615
0.099036
0.0145004
0.00082021
0.0294223
0.0252795
0.0184556
0.0348954
0.000297075
0.09877
0.0211186
0.0992655
0.0138167
0.000627397
0.0294221
0.0256872
0.0169809
0.0343737
0.00019743
0.0990959
0.0229166
0.0994751
0.0131199
0.000479488
0.0294218
0.0261004
0.0153812
0.033858
0.000131233
0.099395
0.024851
0.0996664
0.0124092
0.000366559
0.0294215
0.0265192
0.0133015
0.0333484
8.74534e-05
0.0996694
0.0269181
0.0998409
0.0116833
0.000283453
0.0294212
0.0269435
0.00971419
0.0328455
5.90461e-05
0.0999209
0.0291141
0.1
0.010941
0.00024912
0.0294211
0.0273734
0.00578371
0.00940516
0.0325528
4.89138e-05
0.0999209
0.0999563
0.0326789
0.0105885
0.00932272
0.0276286
0.00342893
0.00910648
0.0322621
4.07097e-05
0.0999209
0.0999759
0.0365219
0.0102458
0.00825012
0.0278856
0.00202804
0.00881827
0.0319735
3.42029e-05
0.0999209
0.0999868
0.0406114
0.00991293
0.00756057
0.0281444
0.00119827
0.00854076
0.0316869
2.92773e-05
0.099921
0.0999928
0.0449081
0.00958955
0.00714035
0.028405
0.000708187
0.00827444
0.0314024
2.59635e-05
0.099921
0.0999962
0.049364
0.00927552
0.00691001
0.0286676
0.000419351
0.00802011
0.0311199
2.45015e-05
0.099921
0.099998
0.0539234
0.00897064
0.00681419
0.0289321
0.000249498
0.00777905
0.0308394
2.54543e-05
0.099921
0.099999
0.0585244
0.00867473
0.00681427
0.0291986
0.000149938
0.00755319
0.0305609
2.99054e-05
0.099921
0.0999996
0.0631018
0.00838758
0.00688341
0.0294671
9.19264e-05
0.00734541
0.0302845
3.98008e-05
0.099921
0.0999999
0.0675903
0.00810901
0.00700295
0.0297376
5.85314e-05
0.00715994
0.03001
0.099921
0.1
0.0719279
0.00783881
0.0999208
0.1
0.0760594
0.0075768
0.0999202
0.1
0.0799385
0.00732278
0.0999184
0.1
0.0835304
0.00707656
0.0999132
0.1
0.0868119
0.00683794
0.0998983
0.1
0.0897715
0.00660674
0.0998552
0.1
0.0924086
0.00638277
0.099731
0.1
0.0947318
0.00616584
0.0993735
0.1
0.0967569
0.00595589
0.0983442
0.1
0.0985048
0.00575601
0.0953805
0.1
0.1
0.00565935
0.0953805
0.0730029
0.0953805
0.0559361
0.0953805
0.0435123
0.0953805
0.0350929
0.0953806
0.0300195
0.0953806
0.0276698
0.0953806
0.0275208
0.0953806
0.0291706
0.0953806
0.0323204
0.0953806
0.0367361
0.0953806
0.0422085
0.0953806
0.0485206
0.0953806
0.0554313
0.0953806
0.0626751
0.0953806
0.0699771
0.0953806
0.077078
0.0953806
0.0837589
0.0953806
0.0898594
0.0953806
0.0952846
0.0953806
0.1
0.0953806
0.0953806
0.0953806
0.0953807
0.0953807
0.0953807
0.0953807
0.0953807
0.0953807
0.0953807
0.0953807
0.0953807
0.0953807
0.0953807
0.0953807
0.0953807
0.0953807
0.0953808
0.0953808
0.0953808
END_LIST
