BEGIN_LIST
0
5.75517e-08
1.49589e-07
2.75882e-07
4.36208e-07
6.30342e-07
8.58057e-07
1.11913e-06
1.41335e-06
1.7405e-06
2.10038e-06
2.49283e-06
2.91777e-06
3.37534e-06
3.86617e-06
4.3922e-06
4.95843e-06
5.57749e-06
6.28069e-06
7.14508e-06
8.35961e-06
1.23812e-05
8.90984e-06
1.68717e-05
9.47837e-06
2.17832e-05
1.0065e-05
2.70582e-05
1.06696e-05
3.26295e-05
1.1292e-05
3.84189e-05
1.19319e-05
4.43376e-05
1.25892e-05
5.02861e-05
1.32637e-05
5.6156e-05
1.39551e-05
6.18318e-05
1.46631e-05
6.71946e-05
1.53876e-05
7.21251e-05
1.61282e-05
7.65085e-05
1.68848e-05
8.02371e-05
1.7657e-05
8.32098e-05
1.84445e-05
8.53208e-05
1.9247e-05
8.64257e-05
2.00643e-05
8.62529e-05
2.09039e-05
8.41925e-05
2.2099e-05
7.8818e-05
3.81253e-05
8.13961e-05
7.81785e-05
7.31444e-05
5.32302e-05
4.15001e-05
8.4017e-05
7.74575e-05
6.96522e-05
6.90973e-05
4.4972e-05
8.66804e-05
7.66769e-05
6.72814e-05
8.54177e-05
4.8526e-05
8.93864e-05
7.58487e-05
6.54095e-05
0.0001019
5.21441e-05
9.21349e-05
7.49794e-05
6.36799e-05
0.000118276
5.58049e-05
9.49258e-05
7.40724e-05
6.1896e-05
0.000134299
5.94832e-05
9.77589e-05
7.31298e-05
5.99569e-05
0.000149751
6.31496e-05
0.000100634
7.21527e-05
5.78191e-05
0.00016444
6.67704e-05
0.000103552
7.1142e-05
5.5473e-05
0.000178204
7.03075e-05
0.000106511
7.00985e-05
5.29296e-05
0.000190905
7.37189e-05
0.000109513
6.9023e-05
5.02116e-05
0.000202433
7.69607e-05
0.000112556
6.79163e-05
4.73484e-05
0.0002127
7.99897e-05
0.000115642
6.67795e-05
4.43725e-05
0.000221632
8.27709e-05
0.000118768
6.56135e-05
4.13178e-05
0.000229157
8.52917e-05
0.000121937
6.44195e-05
3.82173e-05
0.00023519
8.75925e-05
0.000125147
6.31986e-05
3.5103e-05
0.00023959
8.9831e-05
0.000128399
6.19523e-05
3.20047e-05
0.000242107
9.24222e-05
0.000131692
6.06817e-05
2.89502e-05
0.000242266
9.63457e-05
0.000135044
5.93884e-05
2.59645e-05
0.000239187
0.000103839
0.000136857
5.80737e-05
2.30702e-05
0.000231259
0.000120031
0.000136197
0.000137373
5.93141e-05
6.04761e-05
5.14923e-05
2.12004e-05
0.000230133
0.000211488
0.000121262
0.000129206
0.00013524
0.000137862
5.76231e-05
5.98718e-05
4.61905e-05
1.93841e-05
0.000228613
0.000189485
0.0001225
0.000132173
0.000133976
0.000138323
5.30579e-05
5.77577e-05
4.21537e-05
1.76266e-05
0.000226693
0.000166336
0.000123744
0.000133393
0.000132397
0.000138757
4.62855e-05
5.49247e-05
3.92759e-05
1.5933e-05
0.000224364
0.000143183
0.000124996
0.000134115
0.000130499
0.000139163
3.8381e-05
5.17751e-05
3.74047e-05
1.43077e-05
0.00022162
0.000121043
0.000126254
0.000134687
0.000128281
0.000139542
3.04459e-05
4.85111e-05
3.6375e-05
1.27545e-05
0.000218454
0.000100687
0.000127519
0.000135207
0.000125749
0.000139893
2.32884e-05
4.52347e-05
3.60297e-05
1.12769e-05
0.000214858
8.25905e-05
0.000128791
0.000135702
0.000122911
0.000140218
1.73159e-05
4.19985e-05
3.62295e-05
9.87805e-06
0.000210825
6.69487e-05
0.00013007
0.000136179
0.00011978
0.000140516
1.26051e-05
3.88312e-05
3.6856e-05
8.56067e-06
0.000206347
5.37396e-05
0.000131356
0.000136639
0.000116377
0.000140787
9.03524e-06
3.57493e-05
3.78106e-05
7.32726e-06
0.000201416
4.27933e-05
0.000132649
0.000137084
0.000112722
0.000141032
6.40511e-06
3.27636e-05
3.9012e-05
6.18005e-06
0.000196025
3.38584e-05
0.000133949
0.000137512
0.000108842
0.00014125
4.50492e-06
2.98817e-05
4.03926e-05
5.121e-06
0.000190165
2.66523e-05
0.000135255
0.000137924
0.000104763
0.000141443
3.15065e-06
2.71097e-05
4.18958e-05
4.15188e-06
0.000183828
2.08953e-05
0.000136568
0.000138318
0.000100506
0.000141609
2.19455e-06
2.44524e-05
4.34729e-05
3.27429e-06
0.000177006
1.63298e-05
0.000137889
0.000138695
9.60779e-05
0.00014175
1.52403e-06
2.19139e-05
4.5081e-05
2.48963e-06
0.000169691
1.27301e-05
0.000139216
0.000139054
9.14317e-05
0.000141866
1.05602e-06
1.94982e-05
4.66814e-05
1.79915e-06
0.000161874
9.90469e-06
0.000140549
0.000139395
8.63813e-05
0.000141956
7.30564e-07
1.72083e-05
4.82384e-05
1.20399e-06
0.000153547
7.69532e-06
0.00014189
0.000139717
8.03539e-05
0.000142021
5.05042e-07
1.50472e-05
4.97179e-05
7.05162e-07
0.0001447
5.97789e-06
0.000143237
0.000140021
7.17151e-05
0.000142062
3.49795e-07
1.30176e-05
5.10878e-05
3.03558e-07
0.000135326
4.69402e-06
0.000144573
0.000140305
5.59022e-05
0.000142077
2.45309e-07
1.11217e-05
5.23169e-05
0
0.000125415
4.15918e-06
0.000145234
0.000140569
3.40326e-05
5.55747e-05
0.000142076
2.07543e-07
1.19337e-05
1.03705e-05
5.38605e-05
0.000122471
0.000102654
0.000140714
2.05731e-05
5.52389e-05
0.000142066
1.76912e-07
1.27762e-05
9.53481e-06
5.49106e-05
0.000119571
8.67236e-05
0.000140852
1.23839e-05
5.49016e-05
0.000142048
1.53025e-07
1.36491e-05
8.6711e-06
5.53827e-05
0.000116715
7.56289e-05
0.000140984
7.43738e-06
5.45715e-05
0.000142023
1.36055e-07
1.45523e-05
7.81225e-06
5.52084e-05
0.000113905
6.79541e-05
0.000141108
4.46336e-06
5.42607e-05
0.000141989
1.26983e-07
1.54858e-05
6.97733e-06
5.43413e-05
0.000111141
6.26953e-05
0.000141226
2.68087e-06
5.39858e-05
0.000141947
1.2804e-07
1.64495e-05
6.17739e-06
5.27611e-05
0.000108423
5.9141e-05
0.000141336
1.61529e-06
5.37698e-05
0.000141898
1.43452e-07
1.74435e-05
5.41882e-06
5.04768e-05
0.000105752
5.67881e-05
0.000141439
9.80111e-07
5.36448e-05
0.00014184
1.80707e-07
1.84678e-05
4.70534e-06
4.75278e-05
0.000103128
5.52803e-05
0.000141534
6.03156e-07
5.36558e-05
0.000141775
2.5269e-07
1.95221e-05
4.03911e-06
4.39822e-05
0.000100551
5.43658e-05
0.000141622
3.81244e-07
5.38664e-05
0.000141702
2.06066e-05
3.42143e-06
3.99342e-05
9.80221e-05
2.17212e-05
2.85304e-06
3.54988e-05
9.55403e-05
2.28657e-05
2.33441e-06
3.08058e-05
9.3106e-05
2.404e-05
1.86585e-06
2.59939e-05
9.07191e-05
2.52436e-05
1.44756e-06
2.12037e-05
8.83796e-05
2.64751e-05
1.07968e-06
1.65733e-05
8.60873e-05
2.77311e-05
7.62327e-07
1.22334e-05
8.3842e-05
2.90026e-05
4.95597e-07
8.30427e-06
8.16436e-05
3.02647e-05
2.79581e-07
4.8943e-06
7.94928e-05
3.14519e-05
1.14356e-07
2.09874e-06
7.74246e-05
3.23892e-05
0
0
7.64196e-05
3.30627e-05
3.35868e-05
3.37435e-05
3.26859e-05
3.44316e-05
3.06535e-05
3.5127e-05
2.82756e-05
3.58298e-05
2.60826e-05
3.65398e-05
2.43398e-05
3.72571e-05
2.31018e-05
3.79817e-05
2.2286e-05
3.87136e-05
2.17346e-05
3.94527e-05
2.12578e-05
4.01992e-05
2.0664e-05
4.09529e-05
1.97831e-05
4.17139e-05
1.84872e-05
4.24821e-05
1.67065e-05
4.32576e-05
1.44394e-05
4.40404e-05
1.1753e-05
4.48304e-05
8.77544e-06
4.56277e-05
5.68266e-06
4.64323e-05
2.68252e-06
4.72422e-05
0
4.83799e-05
4.95314e-05
5.06969e-05
5.18762e-05
5.30694e-05
5.42764e-05
5.54973e-05
5.6732e-05
5.79806e-05
5.9243e-05
6.05191e-05
6.18091e-05
6.31128e-05
6.44303e-05
6.57618e-05
6.71057e-05
6.84697e-05
6.98171e-05
7.13212e-05
7.21674e-05
END_LIST
