BEGIN_LIST
0
1.5114e-98
5.23881e-98
1.43502e-97
3.65395e-97
9.04939e-97
2.21595e-96
5.40062e-96
1.31359e-95
3.19228e-95
7.75503e-95
1.88366e-94
4.57498e-94
1.11113e-93
2.69857e-93
6.55396e-93
1.59173e-92
3.86575e-92
9.38861e-92
2.28016e-91
5.53718e-91
2.45953e-90
5.69528e-91
5.82527e-90
5.85764e-91
1.15541e-89
6.02437e-91
2.10758e-89
6.19556e-91
3.66559e-89
6.37133e-91
6.1893e-89
6.55176e-91
1.0253e-88
6.73697e-91
1.67782e-88
6.92705e-91
2.72556e-88
7.12213e-91
4.41156e-88
7.32265e-91
7.13608e-88
7.54367e-91
1.1565e-87
8.42479e-91
1.88181e-87
3.73101e-90
3.07998e-87
1.26334e-88
5.07842e-87
5.36845e-87
8.44615e-87
2.29548e-85
1.41816e-86
9.81754e-84
2.405e-86
4.19883e-82
4.1185e-86
1.79598e-80
7.11264e-86
7.68365e-79
7.55779e-86
9.24292e-86
4.15104e-86
1.81063e-78
8.12178e-79
8.0308e-86
1.0477e-85
2.42782e-86
3.49179e-78
8.57869e-79
8.53341e-86
1.11257e-85
1.42474e-86
6.10306e-78
9.05358e-79
9.06748e-86
1.13936e-85
8.39368e-87
1.00452e-77
9.5452e-79
9.63498e-86
1.14153e-85
4.96526e-87
1.58647e-77
1.00517e-78
1.0238e-85
1.12796e-85
2.94909e-87
2.43008e-77
1.05705e-78
1.08788e-85
1.10446e-85
1.75843e-87
3.63476e-77
1.10982e-78
1.15596e-85
1.07488e-85
1.05234e-87
5.33362e-77
1.16301e-78
1.22831e-85
1.04174e-85
6.31951e-88
7.70424e-77
1.21601e-78
1.30518e-85
1.00668e-85
3.80705e-88
1.09832e-76
1.26803e-78
1.38687e-85
9.70796e-86
2.30016e-88
1.54857e-76
1.31796e-78
1.47367e-85
9.34784e-86
1.3934e-88
2.16316e-76
1.36426e-78
1.5659e-85
8.991e-86
8.46119e-89
2.99821e-76
1.40465e-78
1.6639e-85
8.64034e-86
5.14891e-89
4.12898e-76
1.43553e-78
1.76804e-85
8.2977e-86
3.13923e-89
5.65696e-76
1.45096e-78
1.8787e-85
7.96417e-86
1.91711e-89
7.71989e-76
1.44064e-78
1.99628e-85
7.64041e-86
1.17241e-89
1.05064e-75
1.38609e-78
2.12122e-85
7.32673e-86
7.17827e-90
1.42779e-75
1.25343e-78
2.25388e-85
7.02327e-86
4.39894e-90
1.9402e-75
9.79258e-79
2.40381e-85
6.73002e-86
2.69733e-90
2.64084e-75
4.42608e-79
2.54256e-85
2.47345e-85
7.41804e-86
3.14686e-86
9.93558e-86
1.95586e-90
2.78433e-75
2.52248e-75
4.51e-79
1.30923e-79
2.83285e-85
2.54491e-85
7.74268e-86
1.47512e-86
1.21228e-85
1.41789e-90
2.91579e-75
2.35839e-75
4.59551e-79
3.87198e-80
3.54083e-85
2.61824e-85
7.62598e-86
6.92309e-87
1.35577e-85
1.02743e-90
3.03396e-75
2.15845e-75
4.68264e-79
1.14514e-80
5.39135e-85
2.69346e-85
7.08857e-86
3.25163e-87
1.44574e-85
7.43985e-91
3.13763e-75
1.93557e-75
4.77143e-79
3.38724e-81
1.03618e-84
2.77064e-85
6.2444e-86
1.52809e-87
1.49877e-85
5.38189e-91
3.22563e-75
1.70337e-75
4.86189e-79
1.00238e-81
2.38585e-84
2.8498e-85
5.25249e-86
7.18457e-88
1.52677e-85
3.88765e-91
3.29685e-75
1.47411e-75
4.95408e-79
2.9705e-82
6.07012e-84
2.93101e-85
4.26074e-86
3.37931e-88
1.53796e-85
2.80285e-91
3.35023e-75
1.25734e-75
5.04801e-79
8.84237e-83
1.61627e-83
3.01431e-85
3.37654e-86
1.59001e-88
1.53776e-85
2.01549e-91
3.3848e-75
1.05941e-75
5.14372e-79
2.67024e-83
4.38938e-83
3.09974e-85
2.6754e-86
7.48298e-89
1.52965e-85
1.44427e-91
3.39965e-75
8.83657e-76
5.24125e-79
8.43183e-84
1.20316e-82
3.18736e-85
2.25111e-86
3.52203e-89
1.51578e-85
1.03012e-91
3.39399e-75
7.31039e-76
5.34063e-79
3.01365e-84
3.3155e-82
3.27722e-85
2.34202e-86
1.65748e-89
1.49743e-85
7.30152e-92
3.36711e-75
6.00819e-76
5.44189e-79
1.39756e-84
9.17184e-82
3.36936e-85
3.67214e-86
7.7956e-90
1.4753e-85
5.13165e-92
3.31839e-75
4.91231e-76
5.54508e-79
9.06499e-85
2.54582e-81
3.46385e-85
8.44285e-86
3.6612e-90
1.44976e-85
3.56482e-92
3.24735e-75
3.99995e-76
5.65022e-79
7.48566e-85
7.08909e-81
3.56073e-85
2.32887e-85
1.71415e-90
1.42099e-85
2.43613e-92
3.15361e-75
3.24668e-76
5.75735e-79
6.89486e-85
1.98024e-80
3.66007e-85
6.81419e-85
7.9743e-91
1.38903e-85
1.62563e-92
3.03694e-75
2.62876e-76
5.86651e-79
6.59945e-85
5.54889e-80
3.76191e-85
2.02863e-84
3.66147e-91
1.3539e-85
1.04605e-92
2.89722e-75
2.12442e-76
5.97775e-79
6.3943e-85
1.55975e-79
3.86633e-85
6.07281e-84
1.63587e-91
1.31561e-85
6.33918e-93
2.73447e-75
1.71449e-76
6.09109e-79
6.21865e-85
4.39852e-79
3.97339e-85
1.82184e-83
6.87894e-92
1.27416e-85
3.43064e-93
2.54887e-75
1.38353e-76
6.20654e-79
6.05447e-85
1.24484e-78
4.08322e-85
5.47127e-83
2.47477e-92
1.22963e-85
1.39896e-93
2.34073e-75
1.12751e-76
6.32261e-79
5.89635e-85
3.54e-78
4.19606e-85
1.6441e-82
4.58999e-93
1.18213e-85
0
2.11051e-75
1.01887e-76
6.38043e-79
5.74263e-85
2.18586e-78
5.0929e-78
4.26332e-85
2.72889e-82
4.76004e-93
2.67245e-93
1.10398e-85
2.09342e-75
1.54907e-75
5.65463e-85
1.33997e-78
7.21391e-78
4.33157e-85
4.51548e-82
4.93682e-93
1.55596e-93
1.02024e-85
2.07609e-75
1.13656e-75
5.56773e-85
8.17743e-79
1.01092e-77
4.4008e-85
7.4602e-82
5.12135e-93
9.05885e-94
9.32081e-86
2.05853e-75
8.33658e-76
5.48199e-85
4.97685e-79
1.40596e-77
4.47105e-85
1.23156e-81
5.31605e-93
5.27375e-94
8.40966e-86
2.04077e-75
6.11341e-76
5.39743e-85
3.02401e-79
1.94484e-77
4.54231e-85
2.03231e-81
5.52722e-93
3.06992e-94
7.48566e-86
2.02281e-75
4.48218e-76
5.31404e-85
1.83565e-79
2.67976e-77
4.6146e-85
3.35307e-81
5.77184e-93
1.78677e-94
6.56676e-86
2.00468e-75
3.28548e-76
5.23181e-85
1.11365e-79
3.68193e-77
4.68794e-85
5.53161e-81
6.09656e-93
1.03968e-94
5.67108e-86
1.98639e-75
2.40767e-76
5.15075e-85
6.75398e-80
5.04843e-77
4.76234e-85
9.12514e-81
6.63006e-93
6.04715e-95
4.81577e-86
1.96796e-75
1.76381e-76
5.07084e-85
4.0953e-80
6.91163e-77
4.83782e-85
1.50526e-80
7.72826e-93
3.51486e-95
4.01591e-86
1.94941e-75
1.29156e-76
4.99205e-85
2.48292e-80
9.45201e-77
4.91438e-85
1.03765e-92
2.04071e-95
3.28367e-86
1.93074e-75
1.73031e-92
1.18266e-95
2.62772e-86
1.91198e-75
3.60646e-92
6.83324e-96
2.05298e-86
1.89314e-75
8.7589e-92
3.92833e-96
1.56072e-86
1.87423e-75
2.2984e-91
2.23934e-96
1.14892e-86
1.85526e-75
6.23353e-91
1.2582e-96
8.1286e-87
1.83625e-75
1.71277e-90
6.89099e-97
5.45784e-87
1.81721e-75
4.72958e-90
3.59809e-97
3.39633e-87
1.79815e-75
1.30846e-89
1.70054e-97
1.85718e-87
1.77909e-75
3.62245e-89
6.14471e-98
7.52893e-88
1.7604e-75
1.00314e-88
0
0
1.75123e-75
1.02238e-88
5.73353e-88
1.04199e-88
9.15569e-88
1.06198e-88
1.14085e-87
1.08235e-88
1.27412e-87
1.10311e-88
1.34333e-87
1.12427e-88
1.37195e-87
1.14584e-88
1.37541e-87
1.16782e-88
1.36124e-87
1.19022e-88
1.33107e-87
1.21305e-88
1.28309e-87
1.23632e-88
1.2144e-87
1.26004e-88
1.12275e-87
1.28421e-88
1.00796e-87
1.30884e-88
8.72521e-88
1.33395e-88
7.21602e-88
1.35954e-88
5.62401e-88
1.38562e-88
4.03135e-88
1.4122e-88
2.51914e-88
1.43929e-88
1.15768e-88
1.46677e-88
0
1.50593e-88
1.54613e-88
1.58741e-88
1.62979e-88
1.67331e-88
1.71798e-88
1.76385e-88
1.81094e-88
1.85929e-88
1.90893e-88
1.95989e-88
2.01222e-88
2.06594e-88
2.12109e-88
2.17773e-88
2.23582e-88
2.29577e-88
2.35586e-88
2.42433e-88
2.46329e-88
END_LIST
