BEGIN_LIST
0.1
0.0998207
0.0996416
0.0994627
0.099284
0.0991055
0.0989273
0.0987493
0.0985715
0.0983939
0.0982165
0.0980393
0.0978624
0.0976856
0.0975089
0.0973321
0.0971547
0.0969755
0.0967916
0.0965955
0.0963688
0.0956941
0.0962603
0.094899
0.0961478
0.0939661
0.0960312
0.0928768
0.0959102
0.0916119
0.0957847
0.0901519
0.0956546
0.0884781
0.0955198
0.086574
0.09538
0.0844256
0.0952351
0.0820243
0.095085
0.0793675
0.0949294
0.0764615
0.0947682
0.073324
0.0946013
0.0699877
0.0944284
0.0665063
0.0942494
0.062966
0.094064
0.0595049
0.093872
0.0563524
0.0936712
0.0539013
0.0933818
0.0528429
0.0899932
0.0528423
0.0515508
0.056526
0.0866962
0.0896953
0.0528417
0.0510564
0.0597312
0.0833552
0.0893425
0.052841
0.0510572
0.0627409
0.0799841
0.0889258
0.0528404
0.0513657
0.0656526
0.0765969
0.0884346
0.0528397
0.0518655
0.0684848
0.0732079
0.0878572
0.0528391
0.0524843
0.0712265
0.0698312
0.0871805
0.0528384
0.0531769
0.0738593
0.0664805
0.08639
0.0528378
0.0539152
0.0763651
0.0631691
0.0854697
0.0528372
0.0546817
0.07873
0.0599094
0.0844022
0.0528365
0.0554653
0.0809443
0.0567125
0.0831677
0.0528359
0.0562589
0.0830026
0.0535883
0.0817437
0.0528352
0.057058
0.084903
0.0505449
0.080102
0.0528346
0.0578598
0.086647
0.0475874
0.0782039
0.052834
0.0586621
0.0882382
0.0447171
0.0759887
0.0528333
0.0594637
0.0896825
0.0419278
0.0733523
0.0528327
0.0602635
0.0909872
0.0392001
0.0701029
0.052832
0.0610609
0.0921606
0.0364891
0.0658746
0.0528313
0.0618551
0.0932116
0.0336995
0.0599575
0.0528399
0.0626456
0.0941496
0.0306342
0.0509617
0.0520011
0.0634322
0.0949838
0.0268899
0.0361424
0.0508343
0.0513293
0.057768
0.0801594
0.0473949
0.095489
0.0262704
0.0239769
0.0361421
0.0282104
0.0495882
0.0506623
0.0506853
0.0879277
0.0360808
0.0959544
0.0256502
0.0209596
0.0361418
0.0262017
0.048264
0.0500005
0.0426154
0.0916963
0.0282822
0.0963828
0.0250288
0.0179657
0.0361416
0.0259093
0.0468639
0.0493437
0.0342692
0.0936734
0.0230654
0.0967767
0.0244058
0.0151144
0.0361413
0.0261166
0.0453916
0.0486921
0.0264088
0.0948375
0.0197254
0.0971383
0.0237804
0.0124995
0.036141
0.0264722
0.0438519
0.0480457
0.0196027
0.0956214
0.0177429
0.0974702
0.0231523
0.0101811
0.0361407
0.0268745
0.0422509
0.0474046
0.0141106
0.0962172
0.0167438
0.0977743
0.0225208
0.00818483
0.0361405
0.027294
0.0405961
0.0467687
0.00991876
0.0967106
0.0164628
0.0980529
0.0218852
0.00650794
0.0361402
0.0277225
0.0388958
0.0461383
0.00685076
0.0971407
0.016715
0.0983079
0.021245
0.00512789
0.0361399
0.0281574
0.0371596
0.0455132
0.00467262
0.0975259
0.0173721
0.0985411
0.0205994
0.00401092
0.0361396
0.0285981
0.0353974
0.0448935
0.00315912
0.0978756
0.0183463
0.0987543
0.0199478
0.00311889
0.0361394
0.0290444
0.0336196
0.0442793
0.002123
0.0981948
0.0195775
0.0989489
0.0192893
0.00241402
0.0361391
0.0294963
0.0318359
0.0436706
0.00142086
0.0984872
0.0210249
0.0991266
0.0186233
0.00186167
0.0361388
0.0299537
0.0300543
0.0430674
0.000948313
0.098755
0.0226603
0.0992888
0.017949
0.00143163
0.0361385
0.0304166
0.0282764
0.0424698
0.000631756
0.0990005
0.0244643
0.0994366
0.0172653
0.00109852
0.0361383
0.0308852
0.026488
0.0418778
0.000420357
0.0992255
0.0264225
0.0995713
0.0165716
0.000841496
0.036138
0.0313594
0.0246299
0.0412914
0.0002795
0.0994315
0.0285241
0.099694
0.0158668
0.000643827
0.0361377
0.0318392
0.0225187
0.0407107
0.00018585
0.0996201
0.0307597
0.0998058
0.01515
0.000492614
0.0361374
0.0323247
0.0196218
0.0401358
0.000123883
0.0997927
0.0331203
0.0999075
0.0144201
0.000381184
0.0361372
0.0328159
0.0144179
0.0395673
8.36714e-05
0.0999506
0.0355969
0.1
0.013676
0.000335122
0.036137
0.0333127
0.00862948
0.0139684
0.0392359
6.93363e-05
0.0999506
0.0999728
0.0395526
0.0132507
0.0120821
0.0336073
0.00513274
0.013533
0.0389066
5.77419e-05
0.0999506
0.0999851
0.0437241
0.0128365
0.0110512
0.0339036
0.00304169
0.0131117
0.0385792
4.8569e-05
0.0999506
0.0999919
0.0480606
0.0124331
0.010417
0.0342017
0.00179922
0.0127048
0.0382537
4.16665e-05
0.0999507
0.0999956
0.052505
0.0120403
0.0100631
0.0345016
0.00106397
0.0123128
0.0379302
3.70996e-05
0.0999507
0.0999977
0.0569957
0.0116582
0.00990788
0.0348035
0.000630126
0.0119364
0.0376087
3.52452e-05
0.0999507
0.0999989
0.061468
0.0112864
0.0098945
0.0351074
0.000374787
0.0115768
0.0372892
3.69627e-05
0.0999507
0.0999995
0.0658574
0.0109248
0.00998321
0.0354131
0.000225012
0.0112362
0.0369716
4.38931e-05
0.0999507
0.0999998
0.070103
0.0105732
0.0101463
0.0357209
0.000137665
0.0109174
0.036656
5.89718e-05
0.0999507
0.1
0.0741502
0.0102315
0.0103646
0.0360306
8.73055e-05
0.0106247
0.0363423
0.0999507
0.1
0.0779534
0.00989949
0.0999505
0.1
0.0814779
0.00957694
0.09995
0.1
0.0847005
0.00926369
0.0999483
0.1
0.0876096
0.00895955
0.0999436
0.1
0.0902039
0.00866432
0.0999299
0.1
0.0924915
0.00837782
0.0998903
0.1
0.0944873
0.00809986
0.0997764
0.1
0.0962118
0.00783024
0.0994485
0.1
0.0976885
0.00756892
0.0985042
0.1
0.0989427
0.00731982
0.0957853
0.1
0.1
0.00719929
0.0957854
0.0751893
0.0957854
0.0593474
0.0957854
0.0476867
0.0957854
0.0397114
0.0957854
0.0349127
0.0957854
0.0327816
0.0957854
0.0328573
0.0957854
0.0347531
0.0957854
0.0381499
0.0957854
0.042769
0.0957854
0.0483442
0.0957854
0.0546021
0.0957854
0.0612587
0.0957854
0.0680308
0.0957854
0.0746559
0.0957854
0.0809148
0.0957855
0.0866467
0.0957855
0.0917552
0.0957855
0.0962029
0.0957854
0.1
0.0957855
0.0957855
0.0957855
0.0957855
0.0957855
0.0957855
0.0957855
0.0957855
0.0957855
0.0957855
0.0957855
0.0957855
0.0957855
0.0957855
0.0957856
0.0957856
0.0957856
0.0957856
0.0957856
0.0957856
END_LIST
