BEGIN_LIST
0
3.9693e-84
1.37581e-83
3.7685e-83
9.59525e-83
2.37626e-82
5.81853e-82
1.418e-81
3.44883e-81
8.38094e-81
2.0359e-80
4.94488e-80
1.20095e-79
2.91664e-79
7.08329e-79
1.72024e-78
4.17773e-78
1.01459e-77
2.46403e-77
5.98409e-77
1.45329e-76
6.45533e-76
1.49482e-76
1.52881e-75
1.53748e-76
3.03199e-75
1.58128e-76
5.52992e-75
1.62627e-76
9.61629e-75
1.67245e-76
1.6234e-74
1.71987e-76
2.68873e-74
1.76854e-76
4.39901e-74
1.81849e-76
7.14453e-74
1.86976e-76
1.15617e-73
1.92237e-76
1.86985e-73
1.97647e-76
3.02981e-73
2.03679e-76
4.92922e-73
2.30549e-76
8.06661e-73
1.14239e-75
1.32991e-72
3.98927e-74
2.21163e-72
1.69677e-72
3.71319e-72
7.25583e-71
6.29673e-72
3.10314e-69
1.07826e-71
1.32728e-67
1.8621e-71
5.67832e-66
1.97864e-71
2.4198e-71
1.08675e-71
1.33795e-65
6.00261e-66
2.10247e-71
2.74287e-71
6.35606e-72
2.57975e-65
6.34082e-66
2.23406e-71
2.91269e-71
3.72998e-72
4.50779e-65
6.6924e-66
2.37388e-71
2.98283e-71
2.19748e-72
7.41702e-65
7.0564e-66
2.52245e-71
2.98852e-71
1.29991e-72
1.17091e-64
7.43147e-66
2.68032e-71
2.95298e-71
7.72076e-73
1.79268e-64
7.81571e-66
2.84807e-71
2.89147e-71
4.60359e-73
2.67988e-64
8.20655e-66
3.02632e-71
2.81403e-71
2.75506e-73
3.92995e-64
8.60058e-66
3.21573e-71
2.72726e-71
1.65446e-73
5.67269e-64
8.99332e-66
3.41699e-71
2.63548e-71
9.96694e-74
8.08077e-64
9.37881e-66
3.63085e-71
2.54154e-71
6.02186e-74
1.13838e-63
9.74894e-66
3.85809e-71
2.44726e-71
3.64794e-74
1.58874e-63
1.00923e-65
4.09955e-71
2.35384e-71
2.21516e-74
2.19993e-63
1.03919e-65
4.35613e-71
2.26204e-71
1.348e-74
3.02659e-63
1.06212e-65
4.62876e-71
2.17233e-71
8.21859e-75
4.14231e-63
1.07361e-65
4.91846e-71
2.08501e-71
5.01904e-75
5.6469e-63
1.06604e-65
5.22629e-71
2.00025e-71
3.06941e-75
7.67703e-63
1.02574e-65
5.55338e-71
1.91813e-71
1.87929e-75
1.0422e-62
9.27619e-66
5.90125e-71
1.83869e-71
1.15166e-75
1.41482e-62
7.24746e-66
6.24479e-71
1.76191e-71
7.06171e-76
1.92398e-62
3.27599e-66
6.375e-71
6.42648e-71
1.94202e-71
8.23846e-72
2.60113e-71
5.12052e-76
2.02824e-62
1.83763e-62
3.3382e-66
9.69238e-67
6.5047e-71
6.61292e-71
2.02698e-71
3.86186e-72
3.17375e-71
3.71208e-76
2.12374e-62
1.71799e-62
3.4016e-66
2.8682e-67
6.65167e-71
6.80423e-71
1.99636e-71
1.81246e-72
3.54939e-71
2.68986e-76
2.20956e-62
1.57225e-62
3.46619e-66
8.4988e-68
6.86704e-71
7.00052e-71
1.85552e-71
8.51274e-73
3.78495e-71
1.94778e-76
2.28483e-62
1.40982e-62
3.53202e-66
2.52934e-68
7.29302e-71
7.20191e-71
1.63417e-71
4.00053e-73
3.92377e-71
1.409e-76
2.3487e-62
1.24061e-62
3.59909e-66
7.63501e-69
8.32102e-71
7.40851e-71
1.37361e-71
1.88091e-73
3.99708e-71
1.0178e-76
2.40035e-62
1.07357e-62
3.66744e-66
2.40843e-69
1.10265e-70
7.62046e-71
1.11169e-71
8.84701e-74
4.02637e-71
7.33798e-77
2.43903e-62
9.15653e-63
3.73708e-66
8.58718e-70
1.83678e-70
7.83786e-71
8.73966e-72
4.16262e-74
4.02585e-71
5.27664e-77
2.46403e-62
7.71466e-63
3.80805e-66
3.96605e-70
3.85028e-70
8.06085e-71
6.72842e-72
1.95904e-74
4.00463e-71
3.78115e-77
2.47468e-62
6.43448e-63
3.88037e-66
2.56272e-70
9.39905e-70
8.28956e-71
5.11286e-72
9.22064e-75
3.96833e-71
2.6969e-77
2.47042e-62
5.32287e-63
3.95406e-66
2.11207e-70
2.47399e-69
8.52412e-71
3.87891e-72
4.33928e-75
3.92027e-71
1.91157e-77
2.45072e-62
4.37446e-63
4.02915e-66
1.94406e-70
6.72798e-69
8.76467e-71
3.02534e-72
2.04088e-75
3.86234e-71
1.34349e-77
2.41514e-62
3.57637e-63
4.10567e-66
1.86049e-70
1.85597e-68
9.01135e-71
2.65453e-72
9.58497e-76
3.79549e-71
9.33287e-78
2.36332e-62
2.91196e-63
4.18364e-66
1.8027e-70
5.15681e-68
9.26429e-71
3.19612e-72
4.48761e-76
3.72015e-71
6.37792e-78
2.29501e-62
2.36345e-63
4.2631e-66
1.75332e-70
1.4394e-67
9.52365e-71
6.05371e-72
2.08766e-76
3.63649e-71
4.25598e-78
2.21002e-62
1.91352e-63
4.34406e-66
1.70719e-70
4.03238e-67
9.78958e-71
1.55383e-71
9.58569e-77
3.54452e-71
2.7386e-78
2.10826e-62
1.54631e-63
4.42656e-66
1.66277e-70
1.1334e-66
1.00622e-70
4.46786e-71
4.28268e-77
3.44426e-71
1.65963e-78
1.98977e-62
1.24786e-63
4.51063e-66
1.61959e-70
3.1962e-66
1.03418e-70
1.32693e-70
1.8009e-77
3.33576e-71
8.98159e-79
1.85465e-62
1.00692e-63
4.59627e-66
1.57749e-70
9.04586e-66
1.06286e-70
3.9754e-70
6.47892e-78
3.21919e-71
3.66256e-79
1.70315e-62
8.20542e-64
4.68236e-66
1.53641e-70
2.57247e-65
1.09233e-70
1.19397e-69
1.20167e-78
3.09483e-71
0
1.5356e-62
7.41457e-64
4.72525e-66
1.49632e-70
1.58837e-65
3.70103e-65
1.1099e-70
1.98167e-69
1.24623e-78
6.99655e-79
2.89023e-71
1.52313e-62
1.12702e-62
1.47334e-70
9.73657e-66
5.24256e-65
1.12772e-70
3.27905e-69
1.29263e-78
4.07355e-79
2.67099e-71
1.51048e-62
8.26839e-63
1.45064e-70
5.94169e-66
7.34695e-65
1.14581e-70
5.41754e-69
1.34126e-78
2.37163e-79
2.44019e-71
1.49766e-62
6.06438e-63
1.42824e-70
3.61602e-66
1.02185e-64
1.16415e-70
8.94374e-69
1.39312e-78
1.38068e-79
2.20165e-71
1.4847e-62
4.44683e-63
1.40615e-70
2.19706e-66
1.41358e-64
1.18277e-70
1.47595e-68
1.45087e-78
8.03712e-80
1.95975e-71
1.4716e-62
3.26006e-63
1.38437e-70
1.33361e-66
1.94787e-64
1.20165e-70
2.43523e-68
1.52174e-78
4.6778e-80
1.71918e-71
1.45837e-62
2.38948e-63
1.36289e-70
8.0904e-67
2.67651e-64
1.22081e-70
4.0176e-68
1.62566e-78
2.7219e-80
1.48469e-71
1.44502e-62
1.75094e-63
1.34171e-70
4.90641e-67
3.6701e-64
1.24024e-70
6.62784e-68
1.8177e-78
1.58316e-80
1.26077e-71
1.43158e-62
1.28261e-63
1.32083e-70
2.9749e-67
5.02494e-64
1.25996e-70
1.09335e-67
2.25027e-78
9.20198e-81
1.05137e-71
1.41804e-62
9.39134e-64
1.30025e-70
1.80356e-67
6.87235e-64
1.27996e-70
3.34534e-78
5.34263e-81
8.59666e-72
1.40443e-62
6.2715e-78
3.09624e-81
6.87937e-72
1.39074e-62
1.42652e-77
1.78896e-81
5.3747e-72
1.377e-62
3.62904e-77
1.02844e-81
4.08596e-72
1.36321e-62
9.71739e-77
5.86263e-82
3.00788e-72
1.34937e-62
2.65676e-76
3.29398e-82
2.12807e-72
1.33551e-62
7.32245e-76
1.80407e-82
1.42887e-72
1.32162e-62
2.02435e-75
9.41986e-83
8.89162e-73
1.30773e-62
5.6029e-75
4.45204e-83
4.8621e-73
1.29383e-62
1.55142e-74
1.6087e-83
1.97108e-73
1.28021e-62
4.29647e-74
0
0
1.27352e-62
4.37889e-74
2.45576e-73
4.46289e-74
3.92154e-73
4.5485e-74
4.88645e-73
4.63575e-74
5.45729e-73
4.72467e-74
5.75374e-73
4.8153e-74
5.87632e-73
4.90767e-74
5.89114e-73
5.00182e-74
5.83045e-73
5.09776e-74
5.7012e-73
5.19555e-74
5.49574e-73
5.29521e-74
5.20148e-73
5.39679e-74
4.80894e-73
5.50031e-74
4.31728e-73
5.60582e-74
3.73717e-73
5.71336e-74
3.09076e-73
5.82295e-74
2.40887e-73
5.93465e-74
1.72671e-73
6.04849e-74
1.07899e-73
6.16455e-74
4.95858e-74
6.28223e-74
0
6.44995e-74
6.62215e-74
6.79895e-74
6.98047e-74
7.16684e-74
7.35818e-74
7.55463e-74
7.75632e-74
7.9634e-74
8.17601e-74
8.3943e-74
8.61841e-74
8.84851e-74
9.08474e-74
9.32733e-74
9.57611e-74
9.8329e-74
1.00902e-73
1.03835e-73
1.05504e-73
END_LIST
