BEGIN_LIST
0.1
0.0997932
0.0995868
0.0993808
0.0991751
0.0989698
0.0987649
0.0985603
0.098356
0.0981522
0.0979486
0.0977452
0.0975419
0.0973381
0.0971325
0.096922
0.0966984
0.0964412
0.0960988
0.0955407
0.094438
0.0906399
0.0937385
0.0865503
0.0930224
0.0822009
0.0922898
0.0776335
0.0915406
0.0728985
0.0907749
0.0680531
0.0899928
0.0631582
0.0891943
0.0582761
0.0883795
0.0534666
0.0875486
0.0487855
0.0867018
0.0442817
0.0858392
0.0399967
0.0849612
0.0359642
0.0840678
0.0322124
0.0831595
0.0287679
0.0822366
0.0256655
0.0812994
0.0229685
0.0803481
0.0208108
0.0793794
0.0194892
0.0782502
0.0196623
0.0718004
0.0196618
0.0215532
0.0169039
0.0673426
0.0688829
0.0196614
0.0229687
0.0162431
0.0630691
0.0657645
0.019661
0.0240941
0.0167206
0.0589843
0.0624697
0.0196606
0.0250444
0.0178496
0.0550907
0.059029
0.0196601
0.0258912
0.0193859
0.0513894
0.0554789
0.0196597
0.0266788
0.021208
0.0478795
0.0518596
0.0196593
0.0274348
0.0232561
0.044559
0.0482133
0.0196588
0.0281765
0.0255006
0.0414246
0.0445829
0.0196584
0.0289147
0.0279263
0.038472
0.0410093
0.019658
0.029656
0.0305238
0.0356959
0.03753
0.0196575
0.0304046
0.0332855
0.03309
0.0341777
0.0196571
0.0311633
0.0362032
0.030647
0.0309789
0.0196567
0.0319335
0.0392665
0.0283583
0.0279533
0.0196562
0.0327164
0.0424624
0.0262126
0.0251122
0.0196558
0.0335127
0.0457749
0.0241943
0.0224564
0.0196554
0.0343227
0.0491849
0.0222785
0.019972
0.0196549
0.0351467
0.0526708
0.0204208
0.0176196
0.0196544
0.0359849
0.0562082
0.0185369
0.0153103
0.0196623
0.0368373
0.059771
0.0164585
0.0128519
0.0189101
0.037704
0.063332
0.0138409
0.00982915
0.0175084
0.0185881
0.0284775
0.0517069
0.0264688
0.0657104
0.0134548
0.0111602
0.00982901
0.00837036
0.0161752
0.0182711
0.0207859
0.0591679
0.0188124
0.0680639
0.0130664
0.00889564
0.00982887
0.00805136
0.0149127
0.017959
0.0147661
0.0638076
0.0136603
0.0703852
0.0126753
0.00702332
0.00982873
0.00806203
0.013722
0.0176519
0.0102776
0.0672161
0.0102456
0.0726675
0.0122811
0.00550232
0.0098286
0.00816933
0.0126034
0.0173496
0.00704826
0.0700734
0.00803127
0.0749038
0.0118833
0.00428406
0.00982846
0.00830626
0.0115563
0.0170522
0.00478335
0.072668
0.00664606
0.0770878
0.0114814
0.00331918
0.00982832
0.00845356
0.0105794
0.0167594
0.00322284
0.0751202
0.00583606
0.0792133
0.0110749
0.00256172
0.00982818
0.00860574
0.0096708
0.0164713
0.00216074
0.077478
0.0054291
0.0812749
0.0106634
0.00197118
0.00982805
0.00876123
0.00882817
0.0161879
0.00144382
0.0797581
0.00530939
0.0832679
0.0102463
0.00151324
0.00982791
0.00891962
0.00804879
0.0159089
0.000962611
0.0819649
0.00539977
0.0851882
0.0098229
0.00115959
0.00982777
0.00908081
0.00732967
0.0156345
0.000640819
0.0840971
0.0056495
0.0870324
0.00939275
0.000887361
0.00982763
0.00924483
0.00666761
0.0153644
0.000426171
0.0861521
0.00602585
0.0887978
0.00895519
0.000678318
0.0098275
0.00941169
0.00605921
0.0150988
0.000283232
0.0881267
0.00650837
0.0904827
0.00850955
0.000518098
0.00982736
0.00958145
0.00550081
0.0148374
0.000188152
0.0900183
0.00708508
0.0920859
0.00805516
0.000395475
0.00982722
0.00975414
0.00498809
0.0145802
0.000124953
0.0918249
0.00774977
0.0936067
0.0075913
0.00030173
0.00982708
0.00992981
0.0045148
0.0143273
8.29685e-05
0.0935451
0.00850029
0.0950454
0.0071172
0.000230124
0.00982695
0.0101085
0.00406887
0.0140785
5.50899e-05
0.0951782
0.00933728
0.0964026
0.00663209
0.000175479
0.00982681
0.0102903
0.0036207
0.0138337
3.65961e-05
0.0967244
0.0102634
0.0976796
0.00613512
0.000133919
0.00982667
0.0104752
0.00308832
0.0135931
2.43747e-05
0.0981842
0.0112826
0.098878
0.00562543
0.000103417
0.00982653
0.0106633
0.00223282
0.0133567
1.64424e-05
0.099559
0.0124
0.1
0.0051021
9.08306e-05
0.00982647
0.0108546
0.0013179
0.00216014
0.0132197
1.36078e-05
0.099559
0.0997556
0.0142911
0.00492361
0.00393338
0.0109685
0.00077728
0.00209043
0.0130839
1.13047e-05
0.099559
0.0998646
0.0164507
0.00475111
0.00313352
0.0110835
0.000458336
0.00202383
0.0129495
9.46381e-06
0.099559
0.0999251
0.0188997
0.00458442
0.00259082
0.0111996
0.000270374
0.0019606
0.0128164
8.04487e-06
0.099559
0.0999586
0.0216592
0.00442336
0.00222752
0.0113167
0.000159704
0.00190116
0.0126846
7.04306e-06
0.099559
0.0999772
0.0247488
0.00426775
0.00198949
0.0114351
9.46135e-05
0.00184612
0.012554
6.50276e-06
0.0995591
0.0999875
0.0281844
0.00411744
0.0018391
0.0115545
5.63995e-05
0.00179642
0.0124247
6.54264e-06
0.0995591
0.0999932
0.0319763
0.00397223
0.00175018
0.0116752
3.40425e-05
0.00175342
0.0122967
7.39994e-06
0.0995591
0.0999963
0.0361269
0.00383199
0.00170453
0.0117971
2.10549e-05
0.00171912
0.01217
9.50706e-06
0.099559
0.0999981
0.040629
0.00369654
0.00168954
0.0119202
1.36226e-05
0.00169642
0.0120444
0.099559
0.099999
0.0454643
0.00356574
0.0995587
0.0999995
0.0506013
0.00343944
0.0995579
0.0999998
0.0559956
0.00331748
0.0995556
0.1
0.06159
0.00319973
0.0995489
0.1
0.0673158
0.00308606
0.0995297
0.1
0.0730959
0.00297632
0.0994744
0.1
0.078848
0.00287039
0.099315
0.1
0.0844892
0.00276815
0.098856
0.1
0.0899404
0.00266953
0.0975346
0.1
0.0951304
0.0025759
0.09373
0.1
0.1
0.00253069
0.09373
0.0657822
0.09373
0.0456805
0.09373
0.0319246
0.09373
0.0230289
0.09373
0.0177039
0.09373
0.0149594
0.09373
0.0141082
0.09373
0.0147154
0.09373
0.0165352
0.09373
0.0194522
0.0937301
0.0234337
0.0937301
0.0284901
0.0937301
0.0346406
0.0937301
0.0418809
0.0937301
0.0501553
0.0937301
0.0593357
0.0937301
0.0692127
0.0937301
0.0795035
0.0937301
0.0898784
0.09373
0.1
0.09373
0.09373
0.09373
0.09373
0.0937301
0.0937301
0.0937301
0.0937301
0.0937301
0.0937301
0.0937301
0.0937301
0.0937301
0.0937301
0.0937301
0.0937301
0.0937301
0.0937301
0.0937301
0.0937301
END_LIST
