BEGIN_LIST
0
6.45695e-142
2.26563e-141
6.3228e-141
1.64781e-140
4.18942e-140
1.05505e-139
2.64731e-139
6.63364e-139
1.66153e-138
4.16144e-138
1.04238e-137
2.61145e-137
6.54374e-137
1.64008e-136
4.11155e-136
1.03098e-135
2.58582e-135
6.48725e-135
1.62792e-134
1.66852e-134
1.87684e-134
1.6753e-134
2.21763e-134
1.68233e-134
2.77003e-134
1.68957e-134
3.66041e-134
1.69704e-134
5.09048e-134
1.70473e-134
7.38263e-134
1.71263e-134
1.10542e-133
1.72074e-134
1.69394e-133
1.72917e-134
2.63937e-133
1.74302e-134
4.16375e-133
1.98049e-134
6.63427e-133
1.17702e-133
1.06644e-132
4.29988e-132
1.72906e-132
1.83126e-130
2.82829e-132
7.82928e-129
4.66986e-132
3.34816e-127
7.78761e-132
1.43186e-125
1.31227e-131
6.12404e-124
2.23479e-131
2.6192e-122
3.84482e-131
1.12033e-120
6.67308e-131
4.79311e-119
7.08064e-131
8.69155e-131
3.88467e-131
1.12953e-118
5.06622e-119
7.51331e-131
9.86559e-131
2.26644e-131
2.1785e-118
5.35101e-119
7.97266e-131
1.04886e-130
1.32684e-131
3.80813e-118
5.64699e-119
8.46033e-131
1.07533e-130
7.7986e-132
6.26895e-118
5.95339e-119
8.97808e-131
1.07864e-130
4.60271e-132
9.90269e-118
6.26904e-119
9.52779e-131
1.06713e-130
2.72767e-132
1.5172e-117
6.59234e-119
1.01114e-130
1.04627e-130
1.62288e-132
2.26995e-117
6.92113e-119
1.07311e-130
1.01966e-130
9.69188e-133
3.33191e-117
7.25253e-119
1.13891e-130
9.89648e-131
5.80829e-133
4.81447e-117
7.58276e-119
1.20877e-130
9.57794e-131
3.49218e-133
6.86612e-117
7.90679e-119
1.28294e-130
9.25104e-131
2.1059e-133
9.68472e-117
8.21781e-119
1.3617e-130
8.92238e-131
1.27337e-133
1.35342e-116
8.50619e-119
1.44534e-130
8.5962e-131
7.71868e-134
1.87675e-116
8.75767e-119
1.53414e-130
8.27523e-131
4.68907e-134
2.58581e-116
8.94987e-119
1.62844e-130
7.96118e-131
2.85419e-134
3.54448e-116
9.04575e-119
1.7286e-130
7.65511e-131
1.7403e-134
4.8395e-116
8.98109e-119
1.83312e-130
7.35762e-131
1.06269e-134
6.58966e-116
8.64081e-119
2.10428e-130
7.06905e-131
6.49712e-135
8.95956e-116
7.81362e-119
-1.16167e-129
6.78952e-131
3.97606e-135
1.21807e-115
6.10437e-119
1.19903e-127
6.51904e-131
2.43485e-135
1.65867e-115
2.75902e-119
6.95786e-127
1.21491e-127
1.10143e-130
3.03904e-131
9.1831e-131
1.76408e-135
1.74891e-115
1.58437e-115
2.81129e-119
8.16093e-120
2.25337e-126
1.2309e-127
1.92481e-130
1.42041e-131
1.09877e-130
1.27784e-135
1.83159e-115
1.48135e-115
2.86455e-119
2.41347e-120
6.47047e-126
1.24701e-127
3.57715e-130
6.64729e-132
1.21598e-130
9.25244e-136
1.90592e-115
1.3558e-115
2.91883e-119
7.13731e-121
1.79101e-125
1.26323e-127
7.1937e-130
3.11344e-132
1.28843e-130
6.695e-136
1.97114e-115
1.21584e-115
2.97413e-119
2.11075e-121
4.90132e-125
1.27956e-127
1.57249e-129
1.45921e-132
1.33014e-130
4.83971e-136
2.02651e-115
1.07001e-115
3.03048e-119
6.24256e-122
1.33786e-124
1.29601e-127
3.71256e-129
6.84281e-133
1.35117e-130
3.49369e-136
2.07133e-115
9.26017e-116
3.08789e-119
1.84633e-122
3.65442e-124
1.31257e-127
9.35053e-129
3.2104e-133
1.3584e-130
2.51725e-136
2.10494e-115
7.89867e-116
3.1464e-119
5.46119e-123
1.00019e-123
1.32925e-127
2.47777e-128
1.50682e-133
1.35632e-130
1.80906e-136
2.12673e-115
6.65543e-116
3.20601e-119
1.61552e-123
2.74435e-123
1.34604e-127
6.82068e-128
7.07459e-134
1.34782e-130
1.29563e-136
2.13613e-115
5.55148e-116
3.26675e-119
4.78024e-124
7.55088e-123
1.36294e-127
1.9301e-127
3.32214e-134
1.33464e-130
9.23637e-137
2.13263e-115
4.5928e-116
3.32864e-119
1.41548e-124
2.0836e-122
1.37995e-127
5.56929e-127
1.55994e-134
1.31778e-130
6.54371e-137
2.11579e-115
3.77478e-116
3.39171e-119
4.20111e-125
5.76676e-122
1.39708e-127
1.62887e-126
7.3211e-135
1.29781e-130
4.5971e-137
2.08523e-115
3.08635e-116
3.45597e-119
1.25635e-125
1.60093e-121
1.41432e-127
4.80823e-126
3.43131e-135
1.27499e-130
3.19227e-137
2.04063e-115
2.51319e-116
3.52145e-119
3.85011e-126
4.45818e-121
1.43167e-127
1.42824e-125
1.60341e-135
1.24942e-130
2.18082e-137
1.98177e-115
2.03996e-116
3.58817e-119
1.2707e-126
1.24534e-120
1.44913e-127
4.26033e-125
7.44571e-136
1.22114e-130
1.45484e-137
1.90849e-115
1.65176e-116
3.65615e-119
5.06099e-127
3.48958e-120
1.46671e-127
1.27441e-124
3.41318e-136
1.19012e-130
9.3593e-138
1.82071e-115
1.33489e-116
3.72542e-119
2.78459e-127
9.80883e-120
1.48439e-127
3.8194e-124
1.52275e-136
1.15636e-130
5.67082e-138
1.71847e-115
1.07734e-116
3.79601e-119
2.09709e-127
2.76607e-119
1.50219e-127
1.1461e-123
6.39554e-137
1.11986e-130
3.06853e-138
1.60185e-115
8.69399e-117
3.8679e-119
1.87982e-127
7.82824e-119
1.52011e-127
3.44202e-123
2.29844e-137
1.08067e-130
1.2512e-138
1.47106e-115
7.08534e-117
3.94018e-119
1.80179e-127
2.22611e-118
1.53815e-127
1.03429e-122
4.25337e-138
1.03889e-130
0
1.3264e-115
6.40274e-117
3.97618e-119
1.76505e-127
1.37459e-118
3.2026e-118
1.54877e-127
1.71669e-122
4.40768e-138
2.47406e-138
9.70167e-131
1.31567e-115
9.73581e-116
1.75021e-127
8.42664e-119
4.53629e-118
1.55943e-127
2.84054e-122
4.56771e-138
1.43908e-138
8.9655e-131
1.3048e-115
7.14343e-116
1.73709e-127
5.14263e-119
6.35677e-118
1.57013e-127
4.69287e-122
4.73381e-138
8.37052e-139
8.19065e-131
1.29378e-115
5.23983e-116
1.72489e-127
3.12991e-119
8.84067e-118
1.58086e-127
7.74701e-122
4.90662e-138
4.86855e-139
7.38988e-131
1.28263e-115
3.84262e-116
1.71317e-127
1.90182e-119
1.22288e-117
1.59163e-127
1.27838e-121
5.08749e-138
2.8315e-139
6.57787e-131
1.27136e-115
2.81739e-116
1.70173e-127
1.15447e-119
1.68493e-117
1.60244e-127
2.10914e-121
5.27982e-138
1.64655e-139
5.77037e-131
1.25998e-115
2.06525e-116
1.69044e-127
7.00405e-120
2.31499e-117
1.61329e-127
3.4794e-121
5.49258e-138
9.57263e-140
4.98329e-131
1.2485e-115
1.51351e-116
1.67926e-127
4.24786e-120
3.17407e-117
1.62418e-127
5.73963e-121
5.75026e-138
5.56311e-140
4.2317e-131
1.23693e-115
1.1088e-116
1.66815e-127
2.57575e-120
4.34537e-117
1.63511e-127
9.46774e-121
6.12022e-138
3.23087e-140
3.52884e-131
1.22529e-115
8.11958e-117
1.65709e-127
1.56167e-120
5.94232e-117
1.64608e-127
6.78857e-138
1.87434e-140
2.8854e-131
1.21357e-115
8.27032e-138
1.08542e-140
2.30901e-131
1.20179e-115
1.19915e-137
6.26679e-141
1.80397e-131
1.18996e-115
2.19009e-137
3.60022e-141
1.37142e-131
1.17809e-115
4.89354e-137
2.051e-141
1.00957e-131
1.16618e-115
1.23385e-136
1.15172e-141
7.14268e-132
1.15425e-115
3.29145e-136
6.30474e-142
4.79586e-132
1.14229e-115
8.98572e-136
3.29066e-142
2.98439e-132
1.13033e-115
2.47521e-135
1.55477e-142
1.63192e-132
1.11836e-115
6.84149e-135
5.61698e-143
6.61574e-133
1.10663e-115
1.89341e-134
0
0
1.10087e-115
1.92972e-134
1.08188e-133
1.96674e-134
1.72757e-133
2.00447e-134
2.15262e-133
2.04292e-134
2.40408e-133
2.0821e-134
2.53466e-133
2.12204e-134
2.58865e-133
2.16275e-134
2.59518e-133
2.20423e-134
2.56844e-133
2.24651e-134
2.5115e-133
2.28961e-134
2.42099e-133
2.33352e-134
2.29136e-133
2.37829e-134
2.11844e-133
2.42391e-134
1.90185e-133
2.4704e-134
1.6463e-133
2.51779e-134
1.36154e-133
2.56608e-134
1.06116e-133
2.61531e-134
7.60648e-134
2.66547e-134
4.75318e-134
2.71661e-134
2.18435e-134
2.76847e-134
0
2.84238e-134
2.91827e-134
2.99618e-134
3.07617e-134
3.15829e-134
3.24261e-134
3.32918e-134
3.41806e-134
3.50932e-134
3.60301e-134
3.6992e-134
3.79796e-134
3.89935e-134
4.00345e-134
4.11035e-134
4.21998e-134
4.33314e-134
4.44655e-134
4.57578e-134
4.64931e-134
END_LIST
