BEGIN_LIST
0
1.09077e-69
3.77959e-69
1.03479e-68
2.63322e-68
6.51693e-68
1.59465e-67
3.88349e-67
9.43866e-67
2.29206e-66
5.56401e-66
1.35048e-65
3.27766e-65
7.95487e-65
1.93064e-64
4.6857e-64
1.13723e-63
2.76012e-63
6.69908e-63
1.62594e-62
3.94638e-62
1.75127e-61
4.06091e-62
4.14303e-61
4.17861e-62
8.20421e-61
4.29956e-62
1.49347e-60
4.42383e-62
2.59118e-60
4.55151e-62
4.3632e-60
4.68268e-62
7.20655e-60
4.81741e-62
1.17567e-59
4.9558e-62
1.90389e-59
5.09792e-62
3.07226e-59
5.24385e-62
4.95532e-59
5.39369e-62
8.00946e-59
5.54788e-62
1.30019e-58
5.7217e-62
2.12367e-58
6.56473e-62
3.49563e-58
3.58506e-61
5.80571e-58
1.28121e-59
9.73763e-58
5.45323e-58
1.65004e-57
2.33179e-56
2.82402e-57
9.97288e-55
4.87512e-57
4.26626e-53
5.18024e-57
6.33485e-57
2.8452e-57
1.00494e-52
4.511e-53
5.50445e-57
7.18044e-57
1.66407e-57
1.93661e-52
4.76634e-53
5.84895e-57
7.62491e-57
9.76541e-58
3.38138e-52
5.03186e-53
6.21502e-57
7.80846e-57
5.75319e-58
5.55816e-52
5.30686e-53
6.60399e-57
7.82334e-57
3.40329e-58
8.76397e-52
5.59033e-53
7.01731e-57
7.73028e-57
2.02137e-58
1.33986e-51
5.88084e-53
7.4565e-57
7.56925e-57
1.20527e-58
1.99966e-51
6.17646e-53
7.92317e-57
7.36653e-57
7.21304e-59
2.92694e-51
6.47464e-53
8.41906e-57
7.13939e-57
4.33157e-59
4.21608e-51
6.77199e-53
8.94598e-57
6.89916e-57
2.60947e-59
5.99199e-51
7.06401e-53
9.50587e-57
6.65324e-57
1.57661e-59
8.42002e-51
7.34459e-53
1.01008e-56
6.40645e-57
9.55092e-60
1.17193e-50
7.6051e-53
1.0733e-56
6.1619e-57
5.79971e-60
1.6181e-50
7.83273e-53
1.14047e-56
5.92159e-57
3.52936e-60
2.21938e-50
8.00741e-53
1.21185e-56
5.68677e-57
2.15184e-60
3.02798e-50
8.09589e-53
1.2877e-56
5.45821e-57
1.31414e-60
4.11454e-50
8.04057e-53
1.36829e-56
5.23633e-57
8.03685e-61
5.57569e-50
7.73828e-53
1.45392e-56
5.02136e-57
4.92081e-61
7.54521e-50
6.99969e-53
1.545e-56
4.8134e-57
3.01563e-61
1.02116e-49
5.47086e-53
1.63459e-56
4.61242e-57
1.84918e-61
1.38472e-49
2.47671e-53
1.66699e-56
1.68215e-56
5.08388e-57
2.1567e-57
6.8094e-57
1.3409e-61
1.45913e-49
1.32232e-49
2.52401e-53
7.37179e-54
1.69636e-56
1.73096e-56
5.30624e-57
1.01097e-57
8.30845e-57
9.72101e-62
1.52725e-49
1.236e-49
2.5722e-53
2.224e-54
1.72244e-56
1.78104e-56
5.22605e-57
4.7447e-58
9.29185e-57
7.04428e-62
1.58843e-49
1.13094e-49
2.62132e-53
7.00253e-55
1.74518e-56
1.83243e-56
4.8573e-57
2.22848e-58
9.90854e-57
5.10107e-62
1.64202e-49
1.01391e-49
2.67138e-53
2.48495e-55
1.76524e-56
1.88515e-56
4.2778e-57
1.04726e-58
1.0272e-56
3.69017e-62
1.68745e-49
8.92066e-50
2.72239e-53
1.13828e-55
1.78505e-56
1.93924e-56
3.59566e-57
4.92385e-59
1.04639e-56
2.66571e-62
1.72411e-49
7.7182e-50
2.77438e-53
7.29718e-56
1.812e-56
1.99472e-56
2.90983e-57
2.31596e-59
1.05406e-56
1.92195e-62
1.75148e-49
6.5817e-50
2.82737e-53
5.98875e-56
1.86697e-56
2.05163e-56
2.28706e-57
1.08968e-59
1.05393e-56
1.3821e-62
1.76905e-49
5.54432e-50
2.88136e-53
5.50416e-56
2.00797e-56
2.11001e-56
1.75929e-57
5.12829e-60
1.04837e-56
9.90425e-63
1.77634e-49
4.62348e-50
2.9364e-53
5.26556e-56
2.39586e-56
2.16988e-56
1.33271e-57
2.41373e-60
1.03887e-56
7.06445e-63
1.77296e-49
3.82407e-50
2.99248e-53
5.10198e-56
3.47703e-56
2.23129e-56
9.99018e-58
1.13591e-60
1.0263e-56
5.00748e-63
1.75852e-49
3.14216e-50
3.04964e-53
4.96279e-56
6.49365e-56
2.29426e-56
7.44104e-58
5.34247e-61
1.01113e-56
3.51948e-63
1.73272e-49
2.56844e-50
3.10789e-53
4.83295e-56
1.49125e-55
2.35884e-56
5.53674e-58
2.50907e-61
9.93632e-57
2.44496e-63
1.69531e-49
2.09092e-50
3.16726e-53
4.70797e-56
3.84395e-55
2.42506e-56
4.172e-58
1.17472e-61
9.73913e-57
1.67089e-63
1.64609e-49
1.69676e-50
3.22776e-53
4.58649e-56
1.04331e-54
2.49295e-56
3.33362e-58
5.46485e-62
9.52012e-57
1.11501e-63
1.58493e-49
1.37351e-50
3.28942e-53
4.46803e-56
2.89371e-54
2.56257e-56
3.23866e-58
2.50923e-62
9.27937e-57
7.17495e-64
1.51179e-49
1.10973e-50
3.35226e-53
4.35243e-56
8.10543e-54
2.63395e-56
4.74543e-58
1.12106e-62
9.01691e-57
4.3482e-64
1.42667e-49
8.9538e-51
3.4163e-53
4.2396e-56
2.28314e-53
2.70714e-56
1.05944e-57
4.71414e-63
8.73288e-57
2.35319e-64
1.32966e-49
7.22367e-51
3.48154e-53
4.12945e-56
6.45959e-53
2.78222e-56
2.9149e-57
1.69596e-63
8.42771e-57
9.59603e-65
1.22093e-49
5.88554e-51
3.54715e-53
4.02192e-56
1.83689e-52
2.85937e-56
8.56582e-57
3.1456e-64
8.10216e-57
0
1.10073e-49
5.31779e-51
3.57983e-53
3.91696e-56
1.13404e-52
2.6429e-52
2.90536e-56
1.41694e-56
3.26242e-64
1.83147e-64
7.56655e-57
1.0917e-49
8.07677e-50
3.8568e-56
6.9507e-53
3.74408e-52
2.95202e-56
2.34065e-56
3.38435e-64
1.06632e-64
6.99259e-57
1.08254e-49
5.92423e-50
3.79739e-56
4.2411e-53
5.24765e-52
2.99936e-56
3.86399e-56
3.51302e-64
6.20812e-65
6.38838e-57
1.07327e-49
4.34411e-50
3.73875e-56
2.58074e-53
7.29983e-52
3.04739e-56
6.37669e-56
3.65257e-64
3.61414e-65
5.7639e-57
1.06389e-49
3.1847e-50
3.68092e-56
1.56783e-53
1.01e-51
3.09612e-56
1.05218e-55
3.81428e-64
2.10383e-65
5.13061e-57
1.05442e-49
2.33425e-50
3.62388e-56
9.51555e-54
1.392e-51
3.14555e-56
1.73604e-55
4.02903e-64
1.22447e-65
4.50081e-57
1.04485e-49
1.71052e-50
3.56765e-56
5.7719e-54
1.91308e-51
3.1957e-56
2.86425e-55
4.38205e-64
7.1249e-66
3.88692e-57
1.03521e-49
1.25314e-50
3.51221e-56
3.49992e-54
2.6238e-51
3.24658e-56
4.7256e-55
5.10911e-64
4.14408e-66
3.3007e-57
1.02549e-49
9.17751e-51
3.45755e-56
2.12183e-54
3.59316e-51
3.2982e-56
7.79641e-55
6.86285e-64
2.4087e-66
2.75249e-57
1.01571e-49
6.71835e-51
3.40367e-56
1.28622e-54
4.91524e-51
3.35056e-56
1.14506e-63
1.39848e-66
2.25061e-57
1.00587e-49
2.38774e-63
8.10462e-67
1.80103e-57
9.95985e-50
5.80057e-63
4.6827e-67
1.4071e-57
9.86059e-50
1.52229e-62
2.692e-67
1.06971e-57
9.76099e-50
4.12886e-62
1.53456e-67
7.87469e-58
9.66112e-50
1.13449e-61
8.62209e-68
5.57134e-58
9.56105e-50
3.13277e-61
4.7222e-68
3.7408e-58
9.46083e-50
8.66699e-61
2.46566e-68
2.32785e-58
9.36053e-50
2.39945e-60
1.16532e-68
1.27291e-58
9.26029e-50
6.64462e-60
4.21077e-69
5.16033e-59
9.16197e-50
1.84022e-59
0
0
9.11374e-50
1.87552e-59
1.05185e-58
1.9115e-59
1.67967e-58
1.94817e-59
2.09296e-58
1.98554e-59
2.33746e-58
2.02363e-59
2.46444e-58
2.06244e-59
2.51694e-58
2.10201e-59
2.52329e-58
2.14233e-59
2.49729e-58
2.18342e-59
2.44194e-58
2.22531e-59
2.35393e-58
2.26799e-59
2.2279e-58
2.3115e-59
2.05976e-58
2.35584e-59
1.84917e-58
2.40103e-59
1.6007e-58
2.44709e-59
1.32383e-58
2.49403e-59
1.03177e-58
2.54187e-59
7.39581e-59
2.59063e-59
4.62154e-59
2.64034e-59
2.12386e-59
2.69074e-59
0
2.76258e-59
2.83634e-59
2.91206e-59
2.98981e-59
3.06963e-59
3.15159e-59
3.23573e-59
3.32211e-59
3.41081e-59
3.50187e-59
3.59537e-59
3.69135e-59
3.78991e-59
3.89109e-59
3.995e-59
4.10155e-59
4.21153e-59
4.32176e-59
4.44737e-59
4.51884e-59
END_LIST
