BEGIN_LIST
0
1.42406e-116
4.93486e-116
1.35123e-115
3.43888e-115
8.51171e-115
2.0829e-114
5.07264e-114
1.23284e-113
2.99351e-113
7.2656e-113
1.76308e-112
4.27772e-112
1.0378e-111
2.51754e-111
6.10672e-111
1.48116e-110
3.59217e-110
8.71119e-110
2.11229e-109
5.20679e-109
2.33071e-108
5.35802e-109
5.52685e-108
5.5133e-109
1.09666e-107
5.67271e-109
2.00077e-107
5.83635e-109
3.48013e-107
6.00431e-109
5.87646e-107
6.1767e-109
9.73505e-107
6.35361e-109
1.59311e-106
6.53515e-109
2.588e-106
6.7221e-109
4.18899e-106
6.94348e-109
6.77618e-106
8.43576e-109
1.09819e-105
6.40637e-108
1.78696e-105
2.43432e-106
2.92478e-105
1.03772e-104
4.82257e-105
4.43743e-103
8.02074e-105
1.89769e-101
1.34674e-104
8.11633e-100
2.28391e-104
3.47127e-98
3.91118e-104
1.48479e-96
6.75465e-104
6.35238e-95
7.17739e-104
8.77775e-104
3.9421e-104
1.49697e-94
6.71439e-95
7.62657e-104
9.94971e-104
2.30561e-104
2.8871e-94
7.09189e-95
8.10388e-104
1.05658e-103
1.35302e-104
5.04667e-94
7.48425e-95
8.61105e-104
1.08202e-103
7.97112e-105
8.30753e-94
7.8904e-95
9.14996e-104
1.08409e-103
4.71528e-105
1.31223e-93
8.30883e-95
9.72261e-104
1.0712e-103
2.80061e-105
2.01037e-93
8.73741e-95
1.03311e-103
1.04889e-103
1.66989e-105
3.00762e-93
9.17326e-95
1.09777e-103
1.0208e-103
9.99355e-106
4.41439e-93
9.61259e-95
1.16647e-103
9.89322e-104
6.00128e-106
6.37813e-93
1.00504e-94
1.23947e-103
9.56033e-104
3.61533e-106
9.09534e-93
1.048e-94
1.31704e-103
9.21954e-104
2.18432e-106
1.28279e-92
1.08923e-94
1.39947e-103
8.87756e-104
1.32322e-106
1.79249e-92
1.12746e-94
1.48705e-103
8.53869e-104
8.03504e-107
2.48534e-92
1.1608e-94
1.58012e-103
8.20569e-104
4.88958e-107
3.42396e-92
1.18629e-94
1.67901e-103
7.8803e-104
2.98111e-107
4.69285e-92
1.19901e-94
1.78409e-103
7.56357e-104
1.82054e-107
6.4067e-92
1.19045e-94
1.89575e-103
7.25611e-104
1.11336e-107
8.72264e-92
1.14535e-94
2.0146e-103
6.95823e-104
6.81667e-108
1.18583e-91
1.03571e-94
2.12248e-103
6.67005e-104
4.17733e-108
1.61199e-91
8.0915e-95
3.84788e-103
6.39156e-104
2.56145e-108
2.19486e-91
3.65716e-95
1.15105e-102
3.93469e-103
7.04999e-104
2.98859e-104
9.43534e-104
1.85733e-108
2.31423e-91
2.09653e-91
3.72646e-95
1.08176e-95
3.2155e-102
4.02338e-103
7.36866e-104
1.40093e-104
1.15122e-103
1.34645e-108
2.42361e-91
1.96019e-91
3.79708e-95
3.19916e-96
8.79756e-102
4.11398e-103
7.27958e-104
6.57485e-105
1.28746e-103
9.7567e-109
2.52194e-91
1.79405e-91
3.86903e-95
9.46086e-97
2.39333e-101
4.20653e-103
6.81716e-104
3.08805e-105
1.37289e-103
7.06502e-109
2.60821e-91
1.60883e-91
3.94235e-95
2.79793e-97
6.508e-101
4.30108e-103
6.12806e-104
1.45122e-105
1.42323e-103
5.11073e-109
2.68145e-91
1.41586e-91
4.01705e-95
8.27496e-98
1.77223e-100
4.39767e-103
5.4671e-104
6.8231e-106
1.44982e-103
3.69177e-109
2.74073e-91
1.22532e-91
4.09317e-95
2.44752e-98
4.83669e-100
4.49635e-103
5.26367e-104
3.20928e-106
1.46044e-103
2.66163e-109
2.78518e-91
1.04516e-91
4.17074e-95
7.23996e-99
1.32335e-99
4.59715e-103
6.44224e-104
1.51e-106
1.46025e-103
1.91394e-109
2.81399e-91
8.80646e-92
4.24977e-95
2.14224e-99
3.63062e-99
4.70012e-103
1.14559e-103
7.10643e-107
1.45255e-103
1.37149e-109
2.82641e-91
7.34567e-92
4.3303e-95
6.34383e-100
9.98899e-99
4.80532e-103
2.73726e-103
3.34479e-107
1.43938e-103
9.78216e-110
2.82177e-91
6.07711e-92
4.41236e-95
1.88338e-100
2.75635e-98
4.91279e-103
7.50447e-103
1.57407e-107
1.42195e-103
6.93362e-110
2.79947e-91
4.9947e-92
4.49597e-95
5.63753e-101
7.62868e-98
5.02257e-103
2.16475e-102
7.40326e-108
1.40093e-103
4.87308e-110
2.75901e-91
4.08376e-92
4.58117e-95
1.73223e-101
2.11783e-97
5.13472e-103
6.36741e-102
3.47692e-108
1.37669e-103
3.38519e-110
2.69999e-91
3.32535e-92
4.66798e-95
5.75457e-102
5.89762e-97
5.24929e-103
1.8897e-101
1.62787e-108
1.34936e-103
2.31338e-110
2.6221e-91
2.69918e-92
4.75644e-95
2.31852e-102
1.64744e-96
5.36633e-103
5.63563e-101
7.5729e-109
1.31901e-103
1.54371e-110
2.52513e-91
2.18551e-92
4.84657e-95
1.28858e-102
4.61632e-96
5.48589e-103
1.68574e-100
3.47716e-109
1.28566e-103
9.93336e-111
2.40898e-91
1.76624e-92
4.93842e-95
9.70831e-103
1.2976e-95
5.60805e-103
5.05212e-100
1.55352e-109
1.24929e-103
6.01975e-111
2.27369e-91
1.42546e-92
5.032e-95
8.64087e-103
3.65922e-95
5.73286e-103
1.51602e-99
6.53264e-110
1.20993e-103
3.25777e-111
2.11939e-91
1.15032e-92
5.12732e-95
8.20052e-103
1.0356e-94
5.86044e-103
4.55301e-99
2.35017e-110
1.16765e-103
1.32847e-111
1.94634e-91
9.3747e-93
5.22314e-95
7.94837e-103
2.94492e-94
5.99105e-103
1.36814e-98
4.35885e-111
1.12254e-103
0
1.75493e-91
8.4715e-93
5.27088e-95
7.75449e-103
1.81844e-94
4.23675e-94
6.06873e-103
2.27082e-98
4.52023e-111
2.53788e-111
1.04833e-103
1.74074e-91
1.28812e-91
7.65161e-103
1.11475e-94
6.00112e-94
6.14739e-103
3.75746e-98
4.68781e-111
1.47761e-111
9.68811e-104
1.72634e-91
9.45119e-92
7.55205e-103
6.80312e-95
8.40949e-94
6.22704e-103
6.20775e-98
4.8622e-111
8.60265e-112
8.85097e-104
1.71176e-91
6.93256e-92
7.45477e-103
4.14049e-95
1.16955e-93
6.30769e-103
1.02478e-97
5.04476e-111
5.00816e-112
7.98575e-104
1.697e-91
5.08394e-92
7.35925e-103
2.51587e-95
1.61778e-93
6.38936e-103
1.69107e-97
5.23883e-111
2.91531e-112
7.10832e-104
1.68209e-91
3.7275e-92
7.2652e-103
1.52722e-95
2.22907e-93
6.47205e-103
2.79001e-97
5.45324e-111
1.69678e-112
6.23574e-104
1.66703e-91
2.73236e-92
7.17247e-103
9.2654e-96
3.06262e-93
6.55579e-103
4.60265e-97
5.71204e-111
9.87316e-113
5.38521e-104
1.65184e-91
2.00239e-92
7.08097e-103
5.61931e-96
4.19917e-93
6.64059e-103
7.59258e-97
6.0814e-111
5.74258e-113
4.57301e-104
1.63653e-91
1.46695e-92
6.99065e-103
3.40734e-96
5.74879e-93
6.72646e-103
1.25243e-96
6.7441e-111
3.33783e-113
3.81347e-104
1.62111e-91
1.07421e-92
6.90147e-103
2.06585e-96
7.86157e-93
6.81341e-103
8.20595e-111
1.93793e-113
3.11814e-104
1.60561e-91
1.18673e-110
1.12309e-113
2.49526e-104
1.59002e-91
2.16063e-110
6.48906e-114
1.94949e-104
1.57436e-91
4.81634e-110
3.73046e-114
1.48204e-104
1.55865e-91
1.21286e-109
2.12654e-114
1.09101e-104
1.54289e-91
3.23362e-109
1.19482e-114
7.71885e-105
1.5271e-91
8.82581e-109
6.54388e-115
5.18272e-105
1.51128e-91
2.43095e-108
3.41684e-115
3.22513e-105
1.49544e-91
6.7189e-108
1.61488e-115
1.76356e-105
1.47961e-91
1.85946e-107
5.83519e-116
7.14941e-106
1.46408e-91
5.14855e-107
0
0
1.45646e-91
5.24731e-107
2.94252e-106
5.34797e-107
4.69878e-106
5.45056e-107
5.85491e-106
5.55511e-107
6.53889e-106
5.66167e-107
6.89408e-106
5.77027e-107
7.04094e-106
5.88096e-107
7.0587e-106
5.99377e-107
6.98597e-106
6.10875e-107
6.83111e-106
6.22593e-107
6.58492e-106
6.34535e-107
6.23235e-106
6.46707e-107
5.76201e-106
6.59113e-107
5.1729e-106
6.71756e-107
4.47783e-106
6.84642e-107
3.7033e-106
6.97775e-107
2.88628e-106
7.1116e-107
2.06891e-106
7.24801e-107
1.29284e-106
7.38708e-107
5.94131e-107
7.52811e-107
0
7.72909e-107
7.93544e-107
8.1473e-107
8.36482e-107
8.58814e-107
8.81743e-107
9.05283e-107
9.29453e-107
9.54267e-107
9.79744e-107
1.0059e-106
1.03276e-106
1.06033e-106
1.08864e-106
1.11771e-106
1.14752e-106
1.17829e-106
1.20913e-106
1.24427e-106
1.26427e-106
END_LIST
