BEGIN_LIST
0.1
0.0997892
0.0995789
0.0993689
0.0991593
0.0989501
0.0987412
0.0985328
0.0983247
0.098117
0.0979096
0.0977024
0.0974952
0.0972873
0.0970771
0.0968604
0.0966268
0.0963502
0.0959642
0.0953015
0.0939401
0.0892858
0.0930491
0.0843879
0.092141
0.0793
0.0912161
0.0740834
0.0902746
0.068804
0.0893168
0.0635291
0.0883431
0.0583242
0.0873537
0.05325
0.0863491
0.04836
0.0853297
0.043699
0.084296
0.039302
0.0832485
0.0351946
0.0821876
0.0313942
0.081114
0.0279121
0.0800283
0.0247584
0.078931
0.0219509
0.0778227
0.0195323
0.0767042
0.0176083
0.075572
0.0164277
0.0742786
0.0165594
0.067412
0.0165591
0.0183778
0.0137803
0.0629827
0.0639032
0.0165587
0.0197218
0.0129881
0.0587692
0.0602555
0.0165583
0.020777
0.0132591
0.0547712
0.0565087
0.0165579
0.0216584
0.0141309
0.0509867
0.0527065
0.0165575
0.0224371
0.0153752
0.0474125
0.0488938
0.0165572
0.0231575
0.0168812
0.0440441
0.0451149
0.0165568
0.0238469
0.0185971
0.040876
0.0414117
0.0165564
0.0245224
0.0205002
0.0379017
0.0378222
0.016556
0.0251948
0.0225815
0.0351142
0.0343785
0.0165556
0.0258707
0.0248386
0.0325059
0.0311069
0.0165553
0.0265544
0.0272711
0.0300684
0.0280268
0.0165549
0.0272484
0.0298783
0.027793
0.025151
0.0165545
0.0279546
0.0326584
0.0256696
0.0224857
0.0165541
0.028674
0.035607
0.0236862
0.0200306
0.0165537
0.0294074
0.038717
0.0218271
0.017778
0.0165534
0.0301552
0.0419782
0.0200679
0.0157105
0.016553
0.0309179
0.0453768
0.018367
0.0137947
0.0165525
0.0316956
0.0488957
0.0166458
0.0119662
0.0165596
0.0324886
0.0525144
0.014748
0.0100946
0.015885
0.0332971
0.0562094
0.0123545
0.00790567
0.0146179
0.0156094
0.0245121
0.046102
0.0232696
0.0587249
0.0120067
0.00985086
0.00790556
0.00687833
0.0134272
0.0153383
0.0175284
0.0530759
0.0164676
0.0612504
0.0116569
0.00777961
0.00790544
0.00666716
0.0123124
0.0150716
0.0122599
0.0575824
0.0119053
0.0637787
0.0113045
0.00609614
0.00790533
0.00669222
0.0112722
0.0148092
0.00843709
0.0610421
0.00888787
0.0663017
0.0109493
0.0047472
0.00790522
0.00678676
0.0103047
0.0145512
0.00573986
0.0640551
0.00693283
0.0688113
0.0105908
0.0036785
0.00790511
0.00690284
0.0094073
0.0142974
0.0038738
0.0668719
0.005709
0.071299
0.0102286
0.00283933
0.00790499
0.00702669
0.00857719
0.0140478
0.00260012
0.0695943
0.00499093
0.0737565
0.00986215
0.00218497
0.00790488
0.00715438
0.00781122
0.0138023
0.00173876
0.0722603
0.00462632
0.0761756
0.00949107
0.00167746
0.00790477
0.00728482
0.00710602
0.0135609
0.00115984
0.0748807
0.004513
0.0785487
0.00911483
0.0012855
0.00790466
0.0074177
0.00645812
0.0133235
0.000772382
0.0774552
0.0045831
0.0808683
0.00873292
0.000983745
0.00790454
0.00755298
0.00586399
0.01309
0.000513784
0.0799787
0.00479207
0.0831277
0.00834479
0.000752017
0.00790443
0.00769066
0.00532007
0.0128604
0.000341511
0.0824447
0.00511127
0.0853209
0.00794988
0.000574401
0.00790432
0.00783078
0.00482282
0.0126346
0.000226889
0.0848463
0.00552292
0.0874424
0.00754759
0.000438459
0.0079042
0.00797338
0.00436861
0.0124126
0.000150689
0.0871773
0.00601671
0.0894877
0.00713729
0.000334529
0.00790409
0.00811849
0.00395341
0.0121943
0.000100059
0.0894318
0.00658744
0.0914529
0.00671833
0.00025514
0.00790398
0.00826616
0.00357178
0.0119797
6.64317e-05
0.0916048
0.00723355
0.0933351
0.00629003
0.000194538
0.00790387
0.00841643
0.00321382
0.0117687
4.41067e-05
0.0936922
0.00795598
0.095132
0.00585166
0.000148312
0.00790375
0.00856935
0.002856
0.0115613
2.92987e-05
0.095691
0.00875755
0.0968421
0.00540247
0.000113168
0.00790364
0.00872494
0.00243362
0.0113574
1.95134e-05
0.0975988
0.00964238
0.0984648
0.00494166
8.73817e-05
0.00790353
0.00888327
0.00175837
0.0111573
1.31623e-05
0.099414
0.0106156
0.1
0.0044684
7.67423e-05
0.00790347
0.00904437
0.00103724
0.00170115
0.0110413
1.08924e-05
0.099414
0.0996752
0.0122702
0.0043107
0.00341002
0.00914038
0.000611531
0.00164633
0.0109264
9.04763e-06
0.099414
0.0998201
0.0141715
0.00415839
0.00268429
0.00923726
0.000360527
0.00159406
0.0108127
7.57225e-06
0.099414
0.0999004
0.0163432
0.0040113
0.00219037
0.00933507
0.000212655
0.00154459
0.0107001
6.43356e-06
0.099414
0.0999449
0.0188103
0.00386926
0.00185806
0.00943384
0.000125608
0.00149828
0.0105886
5.6269e-06
0.0994141
0.0999696
0.0215983
0.00373211
0.00163853
0.00953361
7.44185e-05
0.00145571
0.0104783
5.18647e-06
0.0994141
0.0999833
0.0247311
0.00359968
0.00149782
0.00963439
4.43696e-05
0.00141771
0.010369
5.20498e-06
0.0994141
0.0999908
0.0282295
0.00347184
0.00141232
0.00973619
2.67923e-05
0.00138554
0.0102609
5.86853e-06
0.0994141
0.099995
0.0321093
0.00334842
0.00136565
0.00983903
1.65843e-05
0.00136098
0.0101538
7.51671e-06
0.0994141
0.0999973
0.0363794
0.00322929
0.0013464
0.0099429
1.07457e-05
0.00134667
0.0100478
0.099414
0.0999986
0.0410389
0.00311429
0.0994137
0.0999993
0.0460761
0.0030033
0.0994129
0.0999997
0.051466
0.00289618
0.0994105
0.0999999
0.0571692
0.0027928
0.0994035
0.1
0.0631323
0.00269303
0.0993835
0.1
0.0692877
0.00259676
0.0993259
0.1
0.0755568
0.00250387
0.0991601
0.1
0.0818525
0.00241424
0.0986825
0.1
0.088084
0.00232781
0.0973076
0.1
0.0941612
0.0022458
0.0933491
0.1
0.1
0.0022062
0.0933491
0.0645197
0.0933491
0.0441144
0.0933491
0.0303476
0.0933491
0.0215321
0.0933491
0.0162705
0.0933491
0.0135275
0.0933491
0.0126022
0.0933491
0.01306
0.0933491
0.0146603
0.0933491
0.0172973
0.0933491
0.0209539
0.0933491
0.0256655
0.0933491
0.0314889
0.0933491
0.0384721
0.0933491
0.0466254
0.0933491
0.0558941
0.0933491
0.0661374
0.0933491
0.0771216
0.0933491
0.0885312
0.093349
0.1
0.093349
0.093349
0.093349
0.093349
0.093349
0.093349
0.093349
0.093349
0.093349
0.093349
0.093349
0.093349
0.093349
0.093349
0.093349
0.093349
0.093349
0.093349
0.093349
0.093349
END_LIST
