BEGIN_LIST
0
4.47947e-176
1.59375e-175
4.54249e-175
1.21517e-174
3.18152e-174
8.26723e-174
2.14292e-173
5.55098e-173
1.43788e-172
3.72527e-172
9.65355e-172
2.50203e-171
6.48574e-171
1.68136e-170
4.35893e-170
1.13003e-169
2.92936e-169
7.59305e-169
1.96788e-168
1.89701e-168
1.73291e-168
1.85604e-168
1.60618e-168
1.81572e-168
1.52243e-168
1.77608e-168
1.48883e-168
1.73715e-168
1.51547e-168
1.69894e-168
1.61799e-168
1.66149e-168
1.82226e-168
1.62481e-168
2.17306e-168
1.58914e-168
2.74989e-168
1.56315e-168
3.69599e-168
1.91679e-168
5.27191e-168
1.84651e-167
7.95473e-168
7.27432e-166
1.26236e-167
3.10443e-164
2.09087e-167
1.32731e-162
3.58523e-167
5.67622e-161
6.31706e-167
2.42747e-159
1.13673e-166
1.03822e-157
2.07914e-166
4.44039e-156
3.85079e-166
1.89933e-154
7.19258e-166
8.1259e-153
7.4721e-166
9.67892e-166
4.0312e-166
1.91493e-152
8.58889e-153
7.76248e-166
1.11996e-165
2.26305e-166
3.69328e-152
9.07169e-153
8.06413e-166
1.20976e-165
1.27395e-166
6.45609e-152
9.57347e-153
8.37749e-166
1.25941e-165
7.19506e-167
1.06281e-151
1.00929e-152
8.70302e-166
1.28317e-165
4.07764e-167
1.67886e-151
1.0628e-152
9.04119e-166
1.29022e-165
2.31881e-167
2.57222e-151
1.11761e-152
9.3925e-166
1.28652e-165
1.32297e-167
3.84844e-151
1.17335e-152
9.75744e-166
1.2759e-165
7.57148e-168
5.64893e-151
1.22953e-152
1.01366e-165
1.26085e-165
4.34581e-168
8.16256e-151
1.28551e-152
1.05304e-165
1.24297e-165
2.50107e-168
1.16411e-150
1.34044e-152
1.09395e-165
1.2233e-165
1.44293e-168
1.64201e-150
1.39317e-152
1.13645e-165
1.20252e-165
8.34325e-169
2.2947e-150
1.44206e-152
1.18061e-165
1.18107e-165
4.834e-169
3.18204e-150
1.48469e-152
1.22648e-165
1.15924e-165
2.80588e-169
4.38432e-150
1.51727e-152
1.27412e-165
1.13721e-165
1.63132e-169
6.00987e-150
1.53352e-152
1.32397e-165
1.11512e-165
9.49809e-170
8.20578e-150
1.52256e-152
1.34471e-165
1.09304e-165
5.53709e-170
1.11735e-149
1.46487e-152
4.08169e-165
1.07105e-165
3.23147e-170
1.51921e-149
1.32464e-152
-2.30573e-163
1.04917e-165
1.88762e-170
2.06544e-149
1.03487e-152
2.02971e-161
1.02743e-165
1.10341e-170
2.81257e-149
4.67733e-153
1.17952e-160
2.05654e-161
7.62551e-165
4.64863e-166
7.68902e-166
7.75318e-171
2.9656e-149
2.68659e-149
4.76595e-153
1.38351e-153
3.8208e-160
2.08355e-161
2.1105e-164
2.10828e-166
5.70204e-166
5.44808e-171
3.1058e-149
2.5119e-149
4.85624e-153
4.09153e-154
1.0972e-159
2.11076e-161
4.93e-164
9.57234e-167
4.19994e-166
3.82799e-171
3.23185e-149
2.29902e-149
4.94825e-153
1.20998e-154
3.03708e-159
2.13815e-161
1.11431e-163
4.34926e-167
3.07963e-166
2.689e-171
3.34245e-149
2.06168e-149
5.042e-153
3.57833e-155
8.31142e-159
2.16574e-161
2.57364e-163
1.97716e-167
2.25258e-166
1.88803e-171
3.43634e-149
1.8144e-149
5.13752e-153
1.05829e-155
2.26869e-158
2.19352e-161
6.2176e-163
8.99204e-168
1.64641e-166
1.32464e-171
3.51235e-149
1.57024e-149
5.23486e-153
3.13006e-156
6.197e-158
2.22149e-161
1.57934e-162
4.09113e-168
1.20423e-166
9.28322e-172
3.56935e-149
1.33937e-149
5.33404e-153
9.25826e-157
1.69608e-157
2.24964e-161
4.19682e-162
1.86196e-168
8.82589e-167
6.49499e-172
3.6063e-149
1.12856e-149
5.4351e-153
2.73877e-157
4.65374e-157
2.27799e-161
1.15626e-161
8.47639e-169
6.48922e-167
4.53347e-172
3.62225e-149
9.41362e-150
5.53807e-153
8.10384e-158
1.28044e-156
2.30652e-161
3.27276e-161
3.85946e-169
4.79198e-167
3.15371e-172
3.61632e-149
7.78799e-150
5.64299e-153
2.39962e-158
3.53327e-156
2.33524e-161
9.44411e-161
1.75728e-169
3.55826e-167
2.18346e-172
3.58777e-149
6.40089e-150
5.74991e-153
7.12195e-159
9.77899e-156
2.36414e-161
2.7622e-160
7.99873e-170
2.66012e-167
1.50149e-172
3.53594e-149
5.23353e-150
5.85884e-153
2.12977e-159
2.71479e-155
2.39324e-161
8.15371e-160
3.63733e-170
2.00486e-167
1.0225e-172
3.46032e-149
4.26162e-150
5.96984e-153
6.52608e-160
7.55995e-155
2.42252e-161
2.42198e-159
1.65026e-170
1.52542e-167
6.86453e-173
3.36051e-149
3.45917e-150
6.08295e-153
2.15329e-160
2.11179e-154
2.45198e-161
7.22457e-159
7.44927e-171
1.17335e-167
4.51046e-173
3.23625e-149
2.80089e-150
6.1982e-153
8.57103e-161
5.91745e-154
2.48164e-161
2.16112e-158
3.3256e-171
9.13672e-168
2.86504e-173
3.08741e-149
2.26359e-150
6.31563e-153
4.71214e-161
1.66333e-153
2.51148e-161
6.47683e-158
1.44876e-171
7.21087e-168
1.71854e-173
2.91402e-149
1.82685e-150
6.43528e-153
3.54687e-161
4.69055e-153
2.5415e-161
1.94353e-157
5.96122e-172
5.77306e-168
9.23151e-174
2.71628e-149
1.47425e-150
6.55716e-153
3.17878e-161
1.32747e-152
2.57172e-161
5.83687e-157
2.10367e-172
4.6909e-168
3.74756e-174
2.4945e-149
1.20147e-150
6.67969e-153
3.04672e-161
3.77491e-152
2.60216e-161
1.75391e-156
3.74028e-173
3.86837e-168
0
2.24919e-149
1.08572e-150
6.74072e-153
2.98464e-161
2.33096e-152
5.4308e-152
2.62007e-161
2.9111e-156
3.82622e-173
2.13695e-173
2.95415e-168
2.23101e-149
1.65092e-149
2.95961e-161
1.42895e-152
7.6924e-152
2.63804e-161
4.81689e-156
3.91413e-173
1.2209e-173
2.32397e-168
2.21257e-149
1.21132e-149
2.93749e-161
8.72061e-153
1.07795e-151
2.65608e-161
7.95799e-156
4.00406e-173
6.97524e-174
1.87185e-168
2.19388e-149
8.88529e-150
2.91692e-161
5.30754e-153
1.49915e-151
2.67417e-161
1.31371e-155
4.09607e-173
3.98491e-174
1.53289e-168
2.17498e-149
6.51602e-150
2.89718e-161
3.22501e-153
2.07368e-151
2.69234e-161
2.16783e-155
4.19019e-173
2.27643e-174
1.26742e-168
2.15587e-149
4.77752e-150
2.8779e-161
1.9577e-153
2.85721e-151
2.71056e-161
3.57659e-155
4.28647e-173
1.30031e-174
1.05137e-168
2.13657e-149
3.50209e-150
2.85888e-161
1.18771e-153
3.92562e-151
2.72885e-161
5.90023e-155
4.38498e-173
7.42618e-175
8.70297e-169
2.11711e-149
2.5665e-150
2.84004e-161
7.20332e-154
5.38238e-151
2.74721e-161
9.73302e-155
4.48576e-173
4.2399e-175
7.15605e-169
2.09749e-149
1.88023e-150
2.82131e-161
4.36785e-154
7.36859e-151
2.76563e-161
1.6055e-154
4.5889e-173
2.41952e-175
5.8223e-169
2.07774e-149
1.37686e-150
2.80267e-161
2.64821e-154
1.00766e-150
2.78411e-161
4.69452e-173
1.37954e-175
4.67134e-169
2.05788e-149
4.80287e-173
7.8543e-176
3.68378e-169
2.03791e-149
4.91454e-173
4.46069e-176
2.84545e-169
2.01785e-149
5.03108e-173
2.52255e-176
2.14405e-169
1.99772e-149
5.15667e-173
1.41596e-176
1.56749e-169
1.97753e-149
5.30277e-173
7.84461e-177
1.1031e-169
1.95729e-149
5.50105e-173
4.24376e-177
7.37681e-170
1.93702e-149
5.83897e-173
2.19342e-177
4.57693e-170
1.91673e-149
6.55858e-173
1.02879e-177
2.49771e-170
1.89644e-149
8.32974e-173
3.69989e-178
1.01138e-170
1.87654e-149
1.30064e-172
0
0
1.86678e-149
1.32119e-172
4.69529e-172
1.34209e-172
7.12909e-172
1.36334e-172
8.70978e-172
1.38494e-172
9.62467e-172
1.4069e-172
1.00807e-171
1.42924e-172
1.025e-171
1.45195e-172
1.02442e-171
1.47504e-172
1.01165e-171
1.49852e-172
9.87681e-172
1.5224e-172
9.51011e-172
1.54668e-172
8.99356e-172
1.57137e-172
8.30988e-172
1.59648e-172
7.457e-172
1.62201e-172
6.45293e-172
1.64798e-172
5.3355e-172
1.67438e-172
4.15765e-172
1.70123e-172
2.97988e-172
1.72854e-172
1.86193e-172
1.75632e-172
8.55622e-173
1.78444e-172
0
1.82439e-172
1.86529e-172
1.90716e-172
1.95003e-172
1.99391e-172
2.03883e-172
2.08482e-172
2.13191e-172
2.18012e-172
2.22947e-172
2.28001e-172
2.33176e-172
2.38474e-172
2.43899e-172
2.49455e-172
2.55138e-172
2.60987e-172
2.66836e-172
2.7348e-172
2.77254e-172
END_LIST
