BEGIN_LIST
0
1.47354e-107
5.10773e-107
1.39916e-106
3.56283e-106
8.82419e-106
2.16093e-105
5.26684e-105
1.28113e-104
3.11359e-104
7.56436e-104
1.83746e-103
4.46306e-103
1.08402e-102
2.63289e-102
6.39486e-102
1.55319e-101
3.77239e-101
9.16243e-101
2.22537e-100
5.39869e-100
2.39671e-99
5.55272e-100
5.676e-99
5.7109e-100
1.12577e-98
5.87333e-100
2.05351e-98
6.0401e-100
3.57156e-98
6.21132e-100
6.03059e-98
6.38709e-100
9.99018e-98
6.56749e-100
1.63484e-97
6.75265e-100
2.65577e-97
6.94273e-100
4.29865e-97
7.14102e-100
6.95354e-97
7.48352e-100
1.12693e-96
1.37816e-99
1.83371e-96
2.74523e-98
3.00128e-96
1.14143e-96
4.9487e-96
4.87793e-95
8.23046e-96
2.08603e-93
1.38195e-95
8.92186e-92
2.34361e-95
3.81578e-90
4.01338e-95
1.63215e-88
6.9311e-95
6.98277e-87
7.36489e-95
9.00703e-95
4.0451e-95
1.64551e-86
7.38079e-87
7.82583e-95
1.02096e-94
2.36585e-95
3.1735e-86
7.79584e-87
8.31561e-95
1.08417e-94
1.38837e-95
5.54711e-86
8.22722e-87
8.83605e-95
1.11028e-94
8.17944e-96
9.13094e-86
8.67379e-87
9.38906e-95
1.1124e-94
4.83853e-96
1.44222e-85
9.13386e-87
9.97668e-95
1.09917e-94
2.87381e-96
2.20939e-85
9.6051e-87
1.06011e-94
1.07627e-94
1.71354e-96
3.30513e-85
1.00843e-86
1.12646e-94
1.04745e-94
1.02548e-96
4.85067e-85
1.05674e-86
1.19696e-94
1.01515e-94
6.1582e-97
7.00787e-85
1.10488e-86
1.27187e-94
9.80991e-95
3.70987e-97
9.99241e-85
1.15212e-86
1.35147e-94
9.46021e-95
2.24144e-97
1.40916e-84
1.19746e-86
1.43605e-94
9.10928e-95
1.35783e-97
1.96886e-84
1.23951e-86
1.52593e-94
8.76155e-95
8.24521e-98
2.72955e-84
1.27617e-86
1.62143e-94
8.41984e-95
5.01748e-98
3.75994e-84
1.30421e-86
1.72291e-94
8.08594e-95
3.05909e-98
5.15267e-84
1.3182e-86
1.83074e-94
7.76093e-95
1.86817e-98
7.03354e-84
1.3088e-86
1.94532e-94
7.44543e-95
1.14249e-98
9.57482e-84
1.25923e-86
2.06709e-94
7.13976e-95
6.99503e-99
1.30152e-83
1.13869e-86
2.19457e-94
6.84405e-95
4.28664e-99
1.76904e-83
8.8961e-87
2.49757e-94
6.55828e-95
2.62848e-99
2.40842e-83
4.02084e-87
3.37914e-94
2.56748e-94
7.22924e-95
3.06656e-95
9.68199e-95
1.90593e-99
2.53937e-83
2.30051e-83
4.09705e-87
1.18934e-87
5.68074e-94
2.63918e-94
7.54663e-95
1.43748e-95
1.18134e-94
1.38169e-99
2.65934e-83
2.15089e-83
4.1747e-87
3.51734e-88
1.18363e-93
2.71271e-94
7.43506e-95
6.74642e-96
1.32116e-94
1.0012e-99
2.7672e-83
1.96857e-83
4.25383e-87
1.04019e-88
2.84662e-93
2.78811e-94
6.91611e-95
3.16865e-96
1.40883e-94
7.24993e-100
2.86182e-83
1.76532e-83
4.33445e-87
3.0763e-89
7.3622e-93
2.86542e-94
6.10464e-95
1.4891e-96
1.46051e-94
5.24449e-100
2.94215e-83
1.55357e-83
4.4166e-87
9.09881e-90
1.96648e-92
2.94468e-94
5.16589e-95
7.00122e-97
1.48779e-94
3.7884e-100
3.00717e-83
1.34449e-83
4.50031e-87
2.6917e-90
5.328e-92
3.02596e-94
4.27263e-95
3.29307e-97
1.49869e-94
2.7313e-100
3.05591e-83
1.1468e-83
4.58561e-87
7.96719e-91
1.45386e-91
3.10928e-94
3.61099e-95
1.54943e-97
1.4985e-94
1.96403e-100
3.0875e-83
9.66279e-84
4.67252e-87
2.36217e-91
3.98473e-91
3.19469e-94
3.49056e-95
7.292e-98
1.4906e-94
1.40739e-100
3.1011e-83
8.05989e-84
4.76108e-87
7.04129e-92
1.09593e-90
3.28226e-94
4.69432e-95
3.43214e-98
1.47709e-94
1.00382e-100
3.09598e-83
6.66795e-84
4.85132e-87
2.13537e-92
3.02371e-90
3.37201e-94
9.49853e-95
1.61518e-98
1.4592e-94
7.11512e-101
3.07149e-83
5.48026e-84
4.94326e-87
6.82791e-93
8.36831e-90
3.46401e-94
2.4685e-94
7.59664e-99
1.43764e-94
5.00064e-101
3.02709e-83
4.48074e-84
5.03696e-87
2.51787e-93
2.32313e-89
3.55831e-94
7.05331e-94
3.56775e-99
1.41275e-94
3.47381e-101
2.96232e-83
3.64858e-84
5.13242e-87
1.23023e-93
6.46932e-89
3.65495e-94
2.07771e-93
1.6704e-99
1.38471e-94
2.37394e-101
2.87684e-83
2.96152e-84
5.2297e-87
8.37042e-94
1.80714e-88
3.754e-94
6.18485e-93
7.77077e-100
1.35357e-94
1.58413e-101
2.77044e-83
2.39791e-84
5.32882e-87
7.08772e-94
5.06383e-88
3.85551e-94
1.84919e-92
3.56802e-100
1.31934e-94
1.01934e-101
2.643e-83
1.93788e-84
5.42982e-87
6.59164e-94
1.4234e-87
3.95954e-94
5.5414e-92
1.59411e-100
1.28202e-94
6.17734e-102
2.49455e-83
1.56397e-84
5.53274e-87
6.33105e-94
4.01398e-87
4.06616e-94
1.66282e-91
6.70336e-101
1.24163e-94
3.34305e-102
2.32525e-83
1.26208e-84
5.63756e-87
6.14282e-94
1.136e-86
4.17549e-94
4.9939e-91
2.4116e-101
1.19824e-94
1.36325e-102
2.13539e-83
1.02855e-84
5.74295e-87
5.97861e-94
3.23046e-86
4.28778e-94
1.50064e-90
4.4728e-102
1.15195e-94
0
1.92538e-83
9.29451e-85
5.79545e-87
5.82407e-94
1.99475e-86
4.64755e-86
4.35469e-94
2.49075e-90
4.63845e-102
2.60422e-102
1.0758e-94
1.9098e-83
1.41321e-83
5.7364e-94
1.22283e-86
6.58303e-86
4.42256e-94
4.1214e-90
4.81054e-102
1.51624e-102
9.94192e-95
1.894e-83
1.0369e-83
5.65003e-94
7.46262e-87
9.22498e-86
4.49141e-94
6.80905e-90
4.98987e-102
8.82758e-103
9.08285e-95
1.878e-83
7.6057e-84
5.56491e-94
4.54186e-87
1.28298e-85
4.56124e-94
1.12405e-89
5.17822e-102
5.1391e-103
8.19496e-95
1.8618e-83
5.57753e-84
5.481e-94
2.75973e-87
1.77469e-85
4.63207e-94
1.85489e-89
5.38017e-102
2.99154e-103
7.29455e-95
1.84543e-83
4.08936e-84
5.39826e-94
1.67524e-87
2.44528e-85
4.70391e-94
3.06031e-89
5.60797e-102
1.74115e-103
6.39911e-95
1.8289e-83
2.99759e-84
5.31669e-94
1.01634e-87
3.35971e-85
4.77677e-94
5.04859e-89
5.89509e-102
1.01313e-103
5.52629e-95
1.81223e-83
2.19674e-84
5.23626e-94
6.16391e-88
4.60654e-85
4.85068e-94
8.32824e-89
6.33379e-102
5.89276e-104
4.69282e-95
1.79543e-83
1.60931e-84
5.15695e-94
3.73754e-88
6.30655e-85
4.92563e-94
1.37379e-88
7.17913e-102
3.42512e-104
3.91338e-95
1.77851e-83
1.17845e-84
5.07875e-94
2.26604e-88
8.62438e-85
5.00165e-94
9.13705e-102
1.98861e-104
3.19984e-95
1.76149e-83
1.41622e-101
1.15247e-104
2.56063e-95
1.74439e-83
2.7668e-101
6.65878e-105
2.00056e-95
1.72721e-83
6.46469e-101
3.82803e-105
1.52087e-95
1.70997e-83
1.66623e-100
2.18216e-105
1.11959e-95
1.69267e-83
4.48602e-100
1.22607e-105
7.92108e-96
1.67534e-83
1.22911e-99
6.71505e-106
5.31851e-96
1.65798e-83
3.39038e-99
3.50622e-106
3.30963e-96
1.6406e-83
9.37583e-99
1.65712e-106
1.80976e-96
1.62322e-83
2.5953e-98
5.98783e-107
7.33671e-97
1.60618e-83
7.18654e-98
0
0
1.59782e-83
7.3244e-98
4.10743e-97
7.4649e-98
6.559e-97
7.60809e-98
8.17285e-97
7.75403e-98
9.12761e-97
7.90277e-98
9.62342e-97
8.05437e-98
9.82843e-97
8.20887e-98
9.85322e-97
8.36633e-98
9.75171e-97
8.52682e-98
9.53554e-97
8.69038e-98
9.19188e-97
8.85709e-98
8.69973e-97
9.02699e-98
8.04319e-97
9.20015e-98
7.22085e-97
9.37663e-98
6.2506e-97
9.55649e-98
5.16944e-97
9.73981e-98
4.02895e-97
9.92665e-98
2.888e-97
1.01171e-97
1.80467e-97
1.03112e-97
8.29346e-98
1.0508e-97
0
1.07886e-97
1.10766e-97
1.13723e-97
1.16759e-97
1.19877e-97
1.23077e-97
1.26363e-97
1.29737e-97
1.332e-97
1.36757e-97
1.40408e-97
1.44156e-97
1.48005e-97
1.51956e-97
1.56014e-97
1.60175e-97
1.6447e-97
1.68775e-97
1.7368e-97
1.76472e-97
END_LIST
