BEGIN_LIST
0
6.07967e-95
2.10733e-94
5.77238e-94
1.4698e-93
3.64009e-93
8.91353e-93
2.17235e-92
5.28376e-92
1.28405e-91
3.11933e-91
7.57666e-91
1.84019e-90
4.46926e-90
1.08543e-89
2.63616e-89
6.40229e-89
1.55489e-88
3.7763e-88
9.1713e-88
2.22748e-87
9.89491e-87
2.29108e-87
2.34358e-86
2.3564e-87
4.64833e-86
2.42348e-87
8.47898e-86
2.49235e-87
1.47468e-85
2.56306e-87
2.48995e-85
2.63565e-87
4.12471e-85
2.71017e-87
6.74969e-85
2.78664e-87
1.09644e-84
2.86513e-87
1.77467e-84
2.94571e-87
2.87064e-84
3.03091e-87
4.6522e-84
3.22613e-87
7.56981e-84
8.03648e-87
1.23895e-83
2.10084e-85
2.04282e-83
8.84676e-84
3.39748e-83
3.78191e-82
5.70453e-83
1.61747e-80
9.67408e-83
6.91768e-79
1.65666e-82
2.95891e-77
2.86104e-82
1.26589e-75
3.0401e-82
3.71794e-82
1.66974e-82
2.98299e-75
1.33809e-75
3.23036e-82
4.21433e-82
9.76582e-83
5.75251e-75
1.41339e-75
3.43254e-82
4.47526e-82
5.73096e-83
1.0054e-74
1.49165e-75
3.64737e-82
4.58302e-82
3.37633e-83
1.65474e-74
1.57267e-75
3.87564e-82
4.59178e-82
1.99726e-83
2.6132e-74
1.65614e-75
4.1182e-82
4.53716e-82
1.18626e-83
4.00246e-74
1.74165e-75
4.37594e-82
4.44265e-82
7.07322e-84
5.98611e-74
1.82861e-75
4.64982e-82
4.32367e-82
4.23302e-84
8.78309e-74
1.91627e-75
4.94083e-82
4.19035e-82
2.542e-84
1.26855e-73
2.00364e-75
5.25006e-82
4.04934e-82
1.53137e-84
1.80823e-73
2.08937e-75
5.57864e-82
3.90499e-82
9.25231e-85
2.54916e-73
2.17167e-75
5.92778e-82
3.76014e-82
5.6049e-85
3.56035e-73
2.248e-75
6.29878e-82
3.6166e-82
3.40349e-85
4.93401e-73
2.31458e-75
6.693e-82
3.47555e-82
2.07113e-85
6.7938e-73
2.3655e-75
7.11189e-82
3.33772e-82
1.26275e-85
9.3064e-73
2.39095e-75
7.55699e-82
3.20356e-82
7.7115e-86
1.26981e-72
2.37396e-75
8.02996e-82
3.07333e-82
4.716e-86
1.72786e-72
2.2841e-75
8.53252e-82
2.94715e-82
2.88744e-86
2.34772e-72
2.06551e-75
9.06667e-82
2.82509e-82
1.76946e-86
3.18979e-72
1.61371e-75
9.62398e-82
2.70712e-82
1.08499e-86
4.34105e-72
7.29377e-76
9.96424e-82
9.90352e-82
2.98387e-82
1.26581e-82
3.99655e-82
7.8674e-87
4.57683e-72
4.14645e-72
7.4321e-76
2.15752e-76
1.05427e-81
1.01904e-81
3.11442e-82
5.93363e-83
4.87636e-82
5.70342e-87
4.79283e-72
3.87668e-72
7.57305e-76
6.38094e-77
1.17953e-81
1.04847e-81
3.06742e-82
2.78479e-83
5.45352e-82
4.13282e-87
4.98699e-72
3.548e-72
7.71667e-76
1.88732e-77
1.49114e-81
1.07867e-81
2.8511e-82
1.30796e-83
5.81545e-82
2.99266e-87
5.15731e-72
3.1816e-72
7.86302e-76
5.58404e-78
2.31388e-81
1.10965e-81
2.51122e-82
6.1467e-84
6.02874e-82
2.16485e-87
5.30188e-72
2.79989e-72
8.01214e-76
1.65389e-78
4.5359e-81
1.14143e-81
2.11141e-82
2.88997e-84
6.14139e-82
1.5638e-87
5.41886e-72
2.42303e-72
8.16409e-76
4.91483e-79
1.05921e-80
1.17404e-81
1.71035e-82
1.35932e-84
6.18638e-82
1.12744e-87
5.50654e-72
2.0667e-72
8.31893e-76
1.47625e-79
2.71757e-80
1.20748e-81
1.34884e-82
6.39575e-85
6.18558e-82
8.10724e-88
5.56329e-72
1.74134e-72
8.4767e-76
4.58619e-80
7.27389e-80
1.24178e-81
1.05039e-82
3.01e-85
6.15297e-82
5.80952e-88
5.58765e-72
1.45245e-72
8.63746e-76
1.57049e-80
1.98304e-79
1.27696e-81
8.32529e-83
1.41672e-85
6.0972e-82
4.14363e-88
5.5783e-72
1.20158e-72
8.80127e-76
6.72956e-81
5.45375e-79
1.31304e-81
7.31485e-83
6.66717e-86
6.02336e-82
2.93702e-88
5.53406e-72
9.87537e-73
8.96819e-76
4.02111e-81
1.50762e-78
1.35004e-81
8.61169e-83
3.13575e-86
5.93435e-82
2.06419e-88
5.45395e-72
8.07406e-73
9.13828e-76
3.16778e-81
4.18363e-78
1.38799e-81
1.57786e-82
1.4727e-86
5.83163e-82
1.43394e-88
5.33715e-72
6.5744e-73
9.31159e-76
2.86447e-81
1.16487e-77
1.42689e-81
3.96665e-82
6.89509e-87
5.71589e-82
9.79927e-89
5.18306e-72
5.33627e-73
9.48819e-76
2.7251e-81
3.25383e-77
1.46678e-81
1.12981e-81
3.20763e-87
5.58734e-82
6.53905e-89
4.99128e-72
4.32062e-73
9.66815e-76
2.6354e-81
9.11758e-77
1.50768e-81
3.34034e-81
1.47281e-87
5.44603e-82
4.20769e-89
4.76161e-72
3.49165e-73
9.85151e-76
2.56155e-81
2.56289e-76
1.54962e-81
9.98241e-81
6.58022e-88
5.29198e-82
2.54992e-89
4.49411e-72
2.81787e-73
1.00384e-75
2.49352e-81
7.2274e-76
1.59262e-81
2.9935e-80
2.76703e-88
5.12528e-82
1.37996e-89
4.18905e-72
2.2739e-73
1.02287e-75
2.4283e-81
2.04546e-75
1.63673e-81
8.98914e-80
9.95466e-89
4.94616e-82
5.62729e-90
3.84696e-72
1.85309e-73
1.042e-75
2.365e-81
5.81677e-75
1.68205e-81
2.70118e-79
1.84631e-89
4.75509e-82
0
3.46859e-72
1.67453e-73
1.05153e-75
2.3033e-81
3.59169e-75
8.36847e-75
1.70907e-81
4.48346e-79
1.91473e-89
1.07499e-89
4.44074e-82
3.44049e-72
2.54584e-72
2.26796e-81
2.20175e-75
1.18537e-74
1.73648e-81
7.4188e-79
1.98588e-89
6.25883e-90
4.10388e-82
3.41199e-72
1.86787e-72
2.23305e-81
1.34366e-75
1.66112e-74
1.76429e-81
1.22569e-78
2.0602e-89
3.6439e-90
3.74927e-82
3.38312e-72
1.37005e-72
2.19861e-81
8.17754e-76
2.31028e-74
1.7925e-81
2.02344e-78
2.1388e-89
2.12135e-90
3.38276e-82
3.35391e-72
1.00468e-72
2.16464e-81
4.96877e-76
3.19578e-74
1.82113e-81
3.33909e-78
2.22452e-89
1.23487e-90
3.01108e-82
3.32438e-72
7.36596e-73
2.13114e-81
3.01615e-76
4.40345e-74
1.85017e-81
5.50913e-78
2.32508e-89
7.18723e-91
2.64146e-82
3.29457e-72
5.39926e-73
2.09811e-81
1.82982e-76
6.05032e-74
1.87963e-81
9.08855e-78
2.46168e-89
4.18208e-91
2.28117e-82
3.2645e-72
3.95665e-73
2.06554e-81
1.10973e-76
8.29589e-74
1.90951e-81
1.49929e-77
2.69285e-89
2.43245e-91
1.93713e-82
3.2342e-72
2.89852e-73
2.03344e-81
6.72884e-77
1.13577e-73
1.93983e-81
2.4732e-77
3.18049e-89
1.41384e-91
1.61539e-82
3.2037e-72
2.12245e-73
2.00179e-81
4.07956e-77
1.55325e-73
1.97059e-81
4.37283e-89
8.20872e-92
1.32084e-82
3.17301e-72
7.51109e-89
4.75724e-92
1.05699e-82
3.14216e-72
1.60329e-88
2.74866e-92
8.25803e-83
3.11118e-72
3.94589e-88
1.58016e-92
6.27793e-83
3.08009e-72
1.04158e-87
9.00768e-93
4.6215e-83
3.0489e-72
2.83163e-87
5.06107e-93
3.2697e-83
3.01765e-72
7.78752e-87
2.77189e-93
2.1954e-83
2.98634e-72
2.15116e-86
1.44732e-93
1.36616e-83
2.95501e-72
5.95206e-86
6.84037e-94
7.47043e-84
2.92368e-72
1.64791e-85
2.4717e-94
3.02849e-84
2.89295e-72
4.56349e-85
0
0
2.87788e-72
4.65103e-85
2.60833e-84
4.74025e-85
4.16517e-84
4.83118e-85
5.19001e-84
4.92385e-85
5.79632e-84
5.0183e-85
6.11118e-84
5.11457e-85
6.24137e-84
5.21268e-85
6.25711e-84
5.31267e-85
6.19265e-84
5.41458e-85
6.05538e-84
5.51844e-85
5.83715e-84
5.6243e-85
5.52461e-84
5.73219e-85
5.10769e-84
5.84215e-85
4.58548e-84
5.95421e-85
3.96933e-84
6.06843e-85
3.28276e-84
6.18484e-85
2.55852e-84
6.30348e-85
1.83397e-84
6.42439e-85
1.14602e-84
6.54766e-85
5.26662e-85
6.67266e-85
0
6.8508e-85
7.03371e-85
7.22149e-85
7.41429e-85
7.61224e-85
7.81547e-85
8.02413e-85
8.23836e-85
8.45831e-85
8.68413e-85
8.91598e-85
9.15402e-85
9.39842e-85
9.64933e-85
9.907e-85
1.01712e-84
1.0444e-84
1.07173e-84
1.10288e-84
1.12061e-84
END_LIST
