BEGIN_LIST
0.1
0.0997852
0.0995707
0.0993567
0.0991431
0.0989299
0.0987172
0.0985048
0.0982928
0.0980812
0.0978699
0.0976588
0.0974476
0.0972355
0.0970203
0.0967969
0.096552
0.0962525
0.0958145
0.095026
0.0933523
0.0877021
0.0922217
0.08191
0.0910757
0.0760499
0.089915
0.0701972
0.0887402
0.0644249
0.0875519
0.0588004
0.0863509
0.0533828
0.0851377
0.0482214
0.0839133
0.0433541
0.0826783
0.0388077
0.0814336
0.0345986
0.0801799
0.0307339
0.0789182
0.0272133
0.0776493
0.0240325
0.0763741
0.0211865
0.0750935
0.0186784
0.0738084
0.0165335
0.0725197
0.0148313
0.0712242
0.0137742
0.0697727
0.0138388
0.0625687
0.0138385
0.015514
0.0111757
0.0582372
0.058505
0.0138382
0.0167423
0.0103345
0.0541473
0.0544068
0.0138378
0.017699
0.010457
0.050294
0.0503226
0.0138375
0.0184926
0.0111178
0.0466706
0.0462994
0.0138372
0.0191901
0.0121091
0.0432698
0.0423801
0.0138368
0.0198333
0.013332
0.0400836
0.0386027
0.0138365
0.020448
0.0147421
0.0371031
0.0349985
0.0138362
0.0210502
0.0163218
0.0343193
0.031592
0.0138359
0.02165
0.018067
0.0317228
0.0284007
0.0138355
0.0222536
0.0199799
0.0293039
0.0254352
0.0138352
0.0228652
0.022065
0.027053
0.0227
0.0138349
0.0234871
0.024328
0.0249597
0.020194
0.0138345
0.0241212
0.0267736
0.0230133
0.0179115
0.0138342
0.0247685
0.0294054
0.0212015
0.0158426
0.0138339
0.0254298
0.0322248
0.0195085
0.0139733
0.0138335
0.0261056
0.0352309
0.0179113
0.0122842
0.0138332
0.0267964
0.0384197
0.0163709
0.0107469
0.0138328
0.0275024
0.0417839
0.0148152
0.00931485
0.013839
0.0282241
0.0453128
0.0131011
0.00790234
0.0132449
0.0289616
0.0489915
0.0109364
0.00633639
0.0121224
0.0130115
0.0208196
0.040453
0.0201645
0.0515432
0.0106264
0.00863106
0.0063363
0.00562555
0.0110789
0.012782
0.014619
0.0468447
0.0142229
0.0541428
0.0103144
0.0067596
0.0063362
0.00549125
0.0101116
0.0125564
0.0100889
0.0511282
0.01025
0.0567846
0.0100002
0.00526154
0.00633611
0.00552399
0.00921716
0.0123345
0.00687718
0.0545527
0.00762801
0.0594617
0.00968333
0.00407562
0.00633602
0.00560605
0.00839223
0.0121165
0.00464768
0.0576395
0.00593139
0.0621663
0.00936351
0.00314499
0.00633593
0.0057036
0.00763307
0.0119021
0.00312245
0.0606037
0.00486975
0.0648902
0.00904031
0.00241966
0.00633584
0.00580695
0.00693587
0.0116914
0.00208935
0.0635305
0.00424626
0.0676243
0.00871334
0.00185734
0.00633575
0.00591331
0.00629676
0.0114842
0.00139429
0.06645
0.00392839
0.0703592
0.00838216
0.00142316
0.00633566
0.00602193
0.0057119
0.0112806
0.000928768
0.0693691
0.00382746
0.0730856
0.00804633
0.00108898
0.00633556
0.00613259
0.00517753
0.0110805
0.000617926
0.0722842
0.00388468
0.0757937
0.00770537
0.000832403
0.00633547
0.00624528
0.00468997
0.0108838
0.000410785
0.0751876
0.00406157
0.0784743
0.0073588
0.000635764
0.00633538
0.00636
0.00424568
0.0106904
0.000272935
0.0780698
0.00433348
0.0811179
0.00700612
0.000485278
0.00633529
0.00647678
0.00384121
0.0105004
0.00018128
0.0809208
0.00468518
0.0837157
0.00664677
0.000370237
0.0063352
0.00659566
0.00347317
0.0103136
0.000120375
0.0837304
0.00510794
0.0862594
0.00628021
0.000282367
0.00633511
0.00671668
0.00313794
0.01013
7.99203e-05
0.0864891
0.0055975
0.0887412
0.00590584
0.000215292
0.00633501
0.00683986
0.00283088
0.00994956
5.30571e-05
0.0891876
0.00615279
0.0911539
0.00552305
0.000164117
0.00633492
0.00696524
0.0025439
0.00977224
3.52248e-05
0.0918176
0.00677496
0.0934912
0.00513118
0.000125098
0.00633483
0.00709287
0.00225824
0.009598
2.33978e-05
0.0943714
0.00746686
0.0957476
0.00472955
9.54419e-05
0.00633474
0.00722279
0.00192274
0.00942684
1.55829e-05
0.0968424
0.00823257
0.0979185
0.00431746
7.36867e-05
0.00633465
0.00735502
0.00138858
0.00925887
1.05105e-05
0.0992248
0.00907716
0.1
0.00389414
6.47115e-05
0.0063346
0.00748961
0.000818714
0.00134343
0.00916153
8.69752e-06
0.0992248
0.0995703
0.0105185
0.00375565
0.00294642
0.00756984
0.000482561
0.00130023
0.00906517
7.2238e-06
0.0992248
0.0997619
0.0121839
0.00362196
0.00229562
0.00765081
0.000284448
0.00125912
0.0089698
6.04473e-06
0.0992248
0.0998681
0.0140981
0.00349293
0.00185161
0.00773258
0.000167766
0.00122033
0.0088754
5.13392e-06
0.0992248
0.099927
0.0162884
0.00336839
0.00155172
0.00781518
9.90915e-05
0.00118419
0.00878197
4.48723e-06
0.0992248
0.0999597
0.018784
0.0032482
0.00135234
0.00789861
5.87107e-05
0.00115121
0.00868949
4.13124e-06
0.0992248
0.0999778
0.0216146
0.0031322
0.00122316
0.00798291
3.50089e-05
0.00112214
0.00859795
4.13876e-06
0.0992249
0.0999878
0.0248093
0.00302027
0.0011431
0.00806809
2.1146e-05
0.00109811
0.00850735
4.6563e-06
0.0992248
0.0999933
0.0283948
0.00291227
0.00109753
0.00815414
1.30966e-05
0.00108072
0.00841768
5.95153e-06
0.0992248
0.0999964
0.0323941
0.00280805
0.00107629
0.00824108
8.49456e-06
0.00107232
0.00832893
0.0992247
0.0999981
0.0368237
0.0027075
0.0992244
0.099999
0.0416919
0.00261049
0.0992236
0.0999995
0.0469958
0.0025169
0.0992211
0.0999998
0.0527196
0.00242661
0.0992138
0.0999999
0.0588323
0.00233951
0.099193
0.1
0.0652867
0.00225549
0.099133
0.1
0.0720193
0.00217445
0.0989603
0.1
0.0789518
0.00209628
0.0984631
0.1
0.085993
0.00202092
0.0970314
0.1
0.0930434
0.00194943
0.0929096
0.1
0.1
0.00191492
0.0929096
0.0631984
0.0929096
0.0425526
0.0929096
0.0288353
0.0929096
0.0201415
0.0929095
0.01497
0.0929095
0.0122471
0.0929095
0.0112638
0.0929095
0.0115872
0.0929095
0.0129819
0.0929095
0.0153494
0.0929095
0.0186841
0.0929095
0.0230405
0.0929095
0.0285068
0.0929095
0.0351789
0.0929095
0.0431329
0.0929095
0.0523963
0.0929095
0.0629185
0.0929095
0.0745488
0.0929095
0.0870278
0.0929095
0.1
0.0929095
0.0929095
0.0929095
0.0929095
0.0929094
0.0929094
0.0929094
0.0929094
0.0929094
0.0929094
0.0929094
0.0929094
0.0929094
0.0929094
0.0929094
0.0929094
0.0929094
0.0929094
0.0929094
0.0929094
END_LIST
