BEGIN_LIST
0
1.2505e-143
4.34781e-143
1.19636e-142
3.06267e-142
7.62788e-142
1.87808e-141
4.59999e-141
1.12365e-140
2.74013e-140
6.67335e-140
1.62331e-139
3.94399e-139
9.57035e-139
2.31919e-138
5.61203e-138
1.35587e-137
3.27016e-137
7.87244e-137
1.89125e-136
2.07968e-136
2.76005e-136
2.15367e-136
3.6496e-136
2.22779e-136
4.87502e-136
2.30203e-136
6.63799e-136
2.37639e-136
9.26021e-136
2.45088e-136
1.32563e-135
2.52549e-136
1.94532e-135
2.60022e-136
2.91875e-135
2.67538e-136
4.46354e-135
2.76353e-136
6.93702e-135
3.40259e-136
1.09316e-134
2.75902e-135
1.74392e-134
1.05866e-133
2.81398e-134
4.51443e-132
4.59095e-134
1.93013e-130
7.5728e-134
8.25411e-129
1.26312e-133
3.52992e-127
2.13066e-133
1.50974e-125
3.63442e-133
6.45702e-124
6.26554e-133
2.76192e-122
1.08986e-132
1.18163e-120
1.15559e-132
1.42111e-132
6.33633e-133
2.78461e-120
1.24896e-120
1.22532e-132
1.61417e-132
3.69212e-133
5.37059e-120
1.31917e-120
1.29932e-132
1.71709e-132
2.1588e-133
9.38809e-120
1.39214e-120
1.37785e-132
1.76142e-132
1.26731e-133
1.54547e-119
1.46767e-120
1.46119e-132
1.76788e-132
7.47073e-134
2.44129e-119
1.54549e-120
1.54963e-132
1.7501e-132
4.42218e-134
3.74032e-119
1.62519e-120
1.64349e-132
1.71702e-132
2.62809e-134
5.59606e-119
1.70624e-120
1.7431e-132
1.6745e-132
1.56777e-134
8.21411e-119
1.78794e-120
1.84882e-132
1.6264e-132
9.38545e-135
1.18691e-118
1.86935e-120
1.96102e-132
1.57524e-132
5.63704e-135
1.6927e-118
1.94923e-120
2.08011e-132
1.52267e-132
3.39588e-135
2.38757e-118
2.02591e-120
2.20652e-132
1.46976e-132
2.05138e-135
3.33659e-118
2.097e-120
2.34069e-132
1.41721e-132
1.24229e-135
4.62676e-118
2.159e-120
2.4831e-132
1.36546e-132
7.54002e-136
6.37482e-118
2.20638e-120
2.63427e-132
1.31479e-132
4.58551e-136
8.73826e-118
2.23001e-120
2.79479e-132
1.26538e-132
2.79359e-136
1.19309e-117
2.21407e-120
2.96067e-132
1.21732e-132
1.70449e-136
1.62457e-117
2.13019e-120
3.53163e-132
1.17067e-132
1.04129e-136
2.20883e-117
1.92626e-120
-3.03992e-131
1.12545e-132
6.36769e-137
3.00296e-117
1.50489e-120
2.95417e-129
1.08166e-132
3.89668e-137
4.08918e-117
6.8017e-121
1.71517e-128
2.99326e-129
2.13619e-132
5.0351e-133
1.48814e-132
2.82192e-137
4.31165e-117
3.90601e-117
6.93056e-121
2.01188e-121
5.55516e-128
3.03263e-129
4.14078e-132
2.34996e-133
1.76225e-132
2.04322e-137
4.51549e-117
3.65203e-117
7.06187e-121
5.94984e-122
1.59518e-127
3.07228e-129
8.22355e-132
1.0982e-133
1.93918e-132
1.47882e-137
4.69874e-117
3.34252e-117
7.19567e-121
1.75953e-122
4.41546e-127
3.11222e-129
1.71817e-131
5.13671e-134
2.04753e-132
1.06964e-137
4.85953e-117
2.99745e-117
7.332e-121
5.20356e-123
1.20835e-126
3.15243e-129
3.82803e-131
2.40428e-134
2.10897e-132
7.72934e-138
4.99604e-117
2.63793e-117
7.47091e-121
1.53895e-123
3.29831e-126
3.19292e-129
9.11184e-131
1.12599e-134
2.13895e-132
5.57766e-138
5.10654e-117
2.28295e-117
7.61246e-121
4.5517e-124
9.00944e-126
3.23369e-129
2.30193e-130
5.27606e-135
2.14801e-132
4.01741e-138
5.18941e-117
1.94729e-117
7.75669e-121
1.34633e-124
2.46583e-125
3.27474e-129
6.10599e-130
2.4733e-135
2.14306e-132
2.88624e-138
5.24313e-117
1.64079e-117
7.90365e-121
3.98269e-125
6.76579e-125
3.31606e-129
1.68134e-129
1.15983e-135
2.12844e-132
2.06648e-138
5.2663e-117
1.36863e-117
8.05339e-121
1.17845e-125
1.86156e-124
3.35766e-129
4.75825e-129
5.44008e-136
2.10676e-132
1.47275e-138
5.25768e-117
1.13228e-117
8.20598e-121
3.48951e-126
5.13682e-124
3.39954e-129
1.37302e-128
2.55155e-136
2.07954e-132
1.04314e-138
5.21616e-117
9.30613e-118
8.36145e-121
1.03568e-126
1.42171e-123
3.44169e-129
4.01574e-128
1.19619e-136
2.04758e-132
7.32657e-139
5.14081e-117
7.60892e-118
8.51987e-121
3.09718e-127
3.94687e-123
3.48412e-129
1.1854e-127
5.60057e-137
2.01125e-132
5.08658e-139
5.03087e-117
6.19588e-118
8.68129e-121
9.49101e-128
1.0991e-122
3.52682e-129
3.52112e-127
2.61448e-137
1.97069e-132
3.47429e-139
4.88575e-117
5.02921e-118
8.84577e-121
3.1321e-128
3.07021e-122
3.56979e-129
1.05032e-126
1.21296e-137
1.92591e-132
2.31737e-139
4.70508e-117
4.07215e-118
9.01336e-121
1.24718e-128
8.60304e-122
3.61304e-129
3.14189e-126
5.55564e-138
1.87687e-132
1.49062e-139
4.48869e-117
3.29097e-118
9.18413e-121
6.85997e-129
2.41822e-121
3.65656e-129
9.41619e-126
2.47675e-138
1.82354e-132
9.0308e-140
4.23661e-117
2.65601e-118
9.35814e-121
5.16522e-129
6.81933e-121
3.70036e-129
2.82555e-125
1.03959e-138
1.76592e-132
4.88628e-140
3.94911e-117
2.14337e-118
9.53538e-121
4.62973e-129
1.92994e-120
3.74445e-129
8.4858e-125
3.73406e-139
1.70408e-132
1.99231e-140
3.62668e-117
1.74678e-118
9.71356e-121
4.43749e-129
5.48814e-120
3.78885e-129
2.54989e-124
6.90205e-140
1.63815e-132
0
3.27003e-117
1.5785e-118
9.80232e-121
4.34702e-129
3.38885e-120
7.89555e-120
3.81498e-129
4.23225e-124
7.14984e-140
4.01269e-140
1.52976e-132
3.24359e-117
2.40022e-117
4.31051e-129
2.07747e-120
1.11836e-119
3.8412e-129
7.00294e-124
7.40674e-140
2.3329e-140
1.41366e-132
3.21678e-117
1.7611e-117
4.27824e-129
1.26784e-120
1.56717e-119
3.86751e-129
1.15696e-123
7.67331e-140
1.35629e-140
1.29147e-132
3.18961e-117
1.2918e-117
4.24822e-129
7.71632e-121
2.17954e-119
3.89392e-129
1.90991e-123
7.9505e-140
7.88479e-141
1.1652e-132
3.16212e-117
9.4734e-118
4.2194e-129
4.68865e-121
3.01482e-119
3.92042e-129
3.15167e-123
8.24033e-140
4.58356e-141
1.03716e-132
3.13434e-117
6.94586e-118
4.19125e-129
2.84618e-121
4.15395e-119
3.94702e-129
5.19977e-123
8.54788e-140
2.66416e-141
9.09835e-133
3.10629e-117
5.09155e-118
4.16349e-129
1.72675e-121
5.70727e-119
3.97371e-129
8.57797e-123
8.88648e-140
1.54818e-141
7.85732e-133
3.07799e-117
3.73133e-118
4.13598e-129
1.04725e-121
7.82519e-119
4.0005e-129
1.41502e-122
9.29245e-140
8.99322e-142
6.67225e-133
3.04947e-117
2.73359e-118
4.10865e-129
6.35015e-122
1.07129e-118
4.02738e-129
2.33414e-122
9.86569e-140
5.22071e-142
5.56402e-133
3.02076e-117
2.00176e-118
4.08145e-129
3.85007e-122
1.46499e-118
4.05436e-129
1.08822e-139
3.02746e-142
4.54949e-133
2.99187e-117
1.31055e-139
1.75247e-142
3.64067e-133
2.96284e-117
1.86498e-139
1.01142e-142
2.84437e-133
2.93367e-117
3.33699e-139
5.80845e-143
2.16235e-133
2.9044e-117
7.34809e-139
3.3079e-143
1.59181e-133
2.87505e-117
1.83892e-138
1.85696e-143
1.1262e-133
2.84562e-117
4.88985e-138
1.01627e-143
7.56174e-134
2.81615e-117
1.33326e-137
5.30313e-144
4.70555e-134
2.78665e-117
3.67085e-137
2.50524e-144
2.57308e-134
2.75716e-117
1.01444e-136
9.04986e-145
1.04312e-134
2.72823e-117
2.80731e-136
0
0
2.71403e-117
2.86116e-136
1.60402e-135
2.91604e-136
2.56134e-135
2.97197e-136
3.19153e-135
3.02898e-136
3.56434e-135
3.08708e-136
3.75795e-135
3.1463e-136
3.83799e-135
3.20665e-136
3.84766e-135
3.26816e-136
3.80802e-135
3.33085e-136
3.7236e-135
3.39474e-136
3.5894e-135
3.45986e-136
3.39722e-135
3.52622e-136
3.14084e-135
3.59386e-136
2.81972e-135
3.6628e-136
2.44083e-135
3.73306e-136
2.01864e-135
3.80466e-136
1.57329e-135
3.87764e-136
1.12775e-135
3.95202e-136
7.04716e-136
4.02785e-136
3.23856e-136
4.10474e-136
0
4.21433e-136
4.32684e-136
4.44235e-136
4.56095e-136
4.68271e-136
4.80773e-136
4.93608e-136
5.06786e-136
5.20316e-136
5.34207e-136
5.48469e-136
5.63111e-136
5.78145e-136
5.93579e-136
6.0943e-136
6.25684e-136
6.42461e-136
6.59275e-136
6.78437e-136
6.89339e-136
END_LIST
