BEGIN_LIST
0
-1.00492e-132
-7.58975e-132
-3.82439e-131
-1.54068e-130
-5.44383e-130
-1.77235e-129
-5.46696e-129
-1.62448e-128
-4.69861e-128
-1.33191e-127
-3.71741e-127
-1.02489e-126
-2.79773e-126
-7.57517e-126
-2.03714e-125
-5.44675e-125
-1.44912e-124
-3.83899e-124
-1.01322e-123
1.93627e-124
7.19101e-123
2.62073e-124
1.94996e-122
3.32266e-124
4.03995e-122
4.04254e-124
7.50828e-122
4.78084e-124
1.31776e-121
5.53807e-124
2.23547e-121
6.31471e-124
3.71251e-121
7.11131e-124
6.08365e-121
7.93053e-124
9.89034e-121
8.86511e-124
1.60157e-120
1.38588e-123
2.59144e-120
1.91494e-122
4.20066e-120
7.75003e-121
6.83638e-120
3.30916e-119
1.1191e-119
1.41486e-117
1.84555e-119
6.05059e-116
3.06999e-119
2.58757e-114
5.1557e-119
1.1067e-112
8.74522e-119
4.73324e-111
1.49793e-118
2.02459e-109
2.58751e-118
8.66179e-108
2.74927e-118
3.36285e-118
1.50993e-118
2.04121e-107
9.15535e-108
2.92115e-118
3.81208e-118
8.83013e-119
3.93681e-107
9.67003e-108
3.10377e-118
4.04832e-118
5.18128e-119
6.88171e-107
1.02049e-107
3.29782e-118
4.14602e-118
3.05216e-119
1.13286e-106
1.07587e-107
3.50401e-118
4.15417e-118
1.80531e-119
1.78949e-106
1.13291e-107
3.72309e-118
4.105e-118
1.07214e-119
2.74166e-106
1.19134e-107
3.95587e-118
4.01973e-118
6.39214e-120
4.10185e-106
1.25076e-107
4.20322e-118
3.91233e-118
3.82506e-120
6.02075e-106
1.31065e-107
4.46603e-118
3.79195e-118
2.2968e-120
8.69958e-106
1.37033e-107
4.74529e-118
3.66462e-118
1.38353e-120
1.24066e-105
1.42889e-107
5.04201e-118
3.53424e-118
8.35834e-121
1.74992e-105
1.4851e-107
5.3573e-118
3.4034e-118
5.06292e-121
2.44542e-105
1.53722e-107
5.6923e-118
3.27374e-118
3.07414e-121
3.39091e-105
1.58267e-107
6.04826e-118
3.14632e-118
1.87057e-121
4.67193e-105
1.61741e-107
6.42649e-118
3.0218e-118
1.14038e-121
6.40385e-105
1.63474e-107
6.82838e-118
2.90059e-118
6.96371e-122
8.74333e-105
1.62306e-107
7.25508e-118
2.78292e-118
4.2584e-122
1.1905e-104
1.56157e-107
7.7374e-118
2.66892e-118
2.6071e-122
1.6186e-104
1.41208e-107
5.71983e-118
2.55861e-118
1.59756e-122
2.20048e-104
1.10318e-107
2.24856e-116
2.45201e-118
9.79534e-123
2.99634e-104
4.9861e-108
1.26526e-115
2.27964e-116
2.77182e-118
1.14636e-118
3.61197e-118
7.10243e-123
3.15935e-104
2.86213e-104
5.08057e-108
1.47485e-108
4.07892e-115
2.311e-116
3.0331e-118
5.37293e-119
4.40319e-118
5.14867e-123
3.3087e-104
2.67602e-104
5.17684e-108
4.36164e-109
1.16966e-114
2.34263e-116
3.29099e-118
2.5213e-119
4.92203e-118
3.73071e-123
3.44297e-104
2.44922e-104
5.27492e-108
1.28986e-109
3.23605e-114
2.37453e-116
3.75762e-118
1.18404e-119
5.24719e-118
2.7014e-123
3.56077e-104
2.19637e-104
5.37487e-108
3.81458e-110
8.85435e-114
2.4067e-116
5.00531e-118
5.56367e-120
5.43865e-118
1.95409e-123
3.66079e-104
1.93293e-104
5.47671e-108
1.12816e-110
2.41673e-113
2.43915e-116
8.52561e-118
2.61552e-120
5.53957e-118
1.41151e-123
3.74175e-104
1.67282e-104
5.58047e-108
3.33672e-111
6.60123e-113
2.47187e-116
1.83622e-117
1.23008e-120
5.57967e-118
1.01762e-123
3.80247e-104
1.42686e-104
5.68621e-108
9.86958e-112
1.8067e-112
2.50487e-116
4.59126e-117
5.78701e-121
5.57861e-118
7.31736e-124
3.84182e-104
1.20228e-104
5.79394e-108
2.91963e-112
4.95725e-112
2.53815e-116
1.24091e-116
2.72321e-121
5.54896e-118
5.24337e-124
3.85879e-104
1.00285e-104
5.90372e-108
8.63921e-113
1.36395e-111
2.5717e-116
3.49305e-116
1.2816e-121
5.49848e-118
3.73974e-124
3.85247e-104
8.29667e-105
6.01558e-108
2.55834e-113
3.76372e-111
2.60554e-116
1.00648e-115
6.03065e-122
5.43177e-118
2.65068e-124
3.82204e-104
6.81895e-105
6.12956e-108
7.59483e-114
1.04168e-110
2.63966e-116
2.94259e-115
2.83609e-122
5.35141e-118
1.86292e-124
3.76683e-104
5.57533e-105
6.2457e-108
2.27294e-114
2.89185e-110
2.67406e-116
8.68536e-115
1.33184e-122
5.25872e-118
1.29409e-124
3.68626e-104
4.53994e-105
6.36404e-108
6.98167e-115
8.05305e-110
2.70875e-116
2.57985e-114
6.23502e-123
5.1543e-118
8.84348e-125
3.57993e-104
3.68507e-105
6.48462e-108
2.31947e-115
2.24953e-109
2.74373e-116
7.69546e-114
2.90032e-123
5.03835e-118
5.90117e-125
3.44754e-104
2.9838e-105
6.60748e-108
9.37069e-116
6.30342e-109
2.77899e-116
2.30198e-113
1.33161e-123
4.9109e-118
3.7972e-125
3.28898e-104
2.4114e-105
6.73268e-108
5.25088e-116
1.77183e-108
2.81455e-116
6.89903e-113
5.94895e-124
4.77197e-118
2.30113e-125
3.10428e-104
1.94614e-105
6.86024e-108
4.00271e-116
4.99651e-108
2.8504e-116
2.07022e-112
2.50144e-124
4.62163e-118
1.24532e-125
2.89361e-104
1.57051e-105
6.99018e-108
3.60452e-116
1.41406e-107
2.88656e-116
6.21739e-112
8.9987e-125
4.46011e-118
5.07821e-126
2.65736e-104
1.27992e-105
7.1208e-108
3.45808e-116
4.02115e-107
2.92306e-116
1.86826e-111
1.66881e-125
4.28781e-118
0
2.39603e-104
1.15661e-105
7.18587e-108
3.38638e-116
2.48301e-107
5.78507e-107
2.94456e-116
3.1009e-111
1.73052e-125
9.71596e-126
4.00434e-118
2.37666e-104
1.75869e-104
3.35653e-116
1.52215e-107
8.19421e-107
2.96617e-116
5.13095e-111
1.79457e-125
5.65661e-126
3.70058e-118
2.35701e-104
1.2904e-104
3.32984e-116
9.28942e-108
1.14827e-106
2.98789e-116
8.47687e-111
1.86113e-125
3.29315e-126
3.38081e-118
2.3371e-104
9.46528e-105
3.30482e-116
5.65372e-108
1.59695e-106
3.00971e-116
1.39937e-110
1.93055e-125
1.91707e-126
3.05032e-118
2.31696e-104
6.94133e-105
3.28074e-116
3.43535e-108
2.20897e-106
3.03163e-116
2.30919e-110
2.00364e-125
1.11591e-126
2.71517e-118
2.2966e-104
5.08935e-105
3.25718e-116
2.08538e-108
3.04362e-106
3.05366e-116
3.80981e-110
2.08252e-125
6.4946e-127
2.38187e-118
2.27604e-104
3.73066e-105
3.23395e-116
1.26518e-108
4.18175e-106
3.07579e-116
6.28498e-110
2.17282e-125
3.77891e-127
2.05699e-118
2.25531e-104
2.734e-105
3.21095e-116
7.67311e-109
5.73358e-106
3.09803e-116
1.03677e-109
2.29004e-125
2.19787e-127
1.74676e-118
2.23441e-104
2.00293e-105
3.18811e-116
4.6527e-109
7.8494e-106
3.12038e-116
1.7102e-109
2.47689e-125
1.27744e-127
1.45663e-118
2.21337e-104
1.46671e-105
3.16541e-116
2.82091e-109
1.07341e-105
3.14284e-116
2.8515e-125
7.41653e-128
1.19104e-118
2.1922e-104
3.74086e-125
4.29798e-128
9.53114e-119
2.17093e-104
6.05045e-125
2.48322e-128
7.44647e-119
2.14956e-104
1.22879e-124
1.42752e-128
5.66097e-119
2.12811e-104
2.93984e-124
8.13733e-129
4.16732e-119
2.1066e-104
7.66171e-124
4.57193e-129
2.94837e-119
2.08504e-104
2.0722e-123
2.50394e-129
1.97965e-119
2.06344e-104
5.68762e-123
1.30739e-129
1.2319e-119
2.04182e-104
1.56992e-122
6.17894e-130
6.73627e-120
2.02021e-104
4.34258e-122
2.23268e-130
2.73086e-120
1.99901e-104
1.20217e-121
0
0
1.98861e-104
1.22523e-121
6.87006e-121
1.24873e-121
1.09704e-120
1.27269e-121
1.36697e-120
1.2971e-121
1.52665e-120
1.32198e-121
1.60958e-120
1.34734e-121
1.64386e-120
1.37318e-121
1.64801e-120
1.39952e-121
1.63103e-120
1.42637e-121
1.59487e-120
1.45373e-121
1.53739e-120
1.48162e-121
1.45508e-120
1.51004e-121
1.34527e-120
1.539e-121
1.20773e-120
1.56853e-121
1.04545e-120
1.59861e-121
8.64617e-121
1.62928e-121
6.73864e-121
1.66053e-121
4.83033e-121
1.69238e-121
3.01841e-121
1.72486e-121
1.38713e-121
1.75778e-121
0
1.80471e-121
1.85289e-121
1.90236e-121
1.95315e-121
2.0053e-121
2.05883e-121
2.1138e-121
2.17023e-121
2.22817e-121
2.28766e-121
2.34874e-121
2.41144e-121
2.47582e-121
2.54192e-121
2.6098e-121
2.6794e-121
2.75125e-121
2.82326e-121
2.90532e-121
2.952e-121
END_LIST
