BEGIN_LIST
0.1
0.0998182
0.0996366
0.0994553
0.0992742
0.0990933
0.0989126
0.0987322
0.098552
0.098372
0.0981923
0.0980128
0.0978335
0.0976543
0.0974751
0.0972957
0.0971152
0.0969317
0.0967404
0.096529
0.0962672
0.0954609
0.0961371
0.0945147
0.0960021
0.0934099
0.0958623
0.092127
0.0957173
0.0906464
0.095567
0.0889493
0.0954113
0.0870189
0.09525
0.0848413
0.0950828
0.0824073
0.0949097
0.079714
0.0947305
0.0767661
0.0945448
0.0735783
0.0943526
0.0701772
0.0941537
0.0666047
0.0939478
0.0629237
0.0937348
0.0592288
0.0935144
0.055668
0.0932864
0.0524854
0.0930483
0.0501047
0.0927147
0.0492902
0.089099
0.0492895
0.0485127
0.052085
0.0856434
0.0887097
0.0492889
0.0483452
0.0548631
0.0821584
0.0882504
0.0492882
0.0485558
0.0577086
0.0786586
0.0877098
0.0492875
0.0490011
0.0606128
0.0751588
0.0870757
0.0492869
0.0495925
0.0635364
0.0716737
0.0863343
0.0492862
0.0502751
0.066436
0.0682173
0.0854709
0.0492856
0.0510146
0.0692731
0.0648032
0.0844695
0.0492849
0.05179
0.0720165
0.0614444
0.0833134
0.0492843
0.0525878
0.0746424
0.0581523
0.0819851
0.0492836
0.0533998
0.077133
0.0549375
0.0804665
0.049283
0.0542205
0.0794761
0.0518089
0.0787379
0.0492823
0.0550466
0.0816641
0.0487733
0.0767765
0.0492817
0.0558758
0.0836932
0.0458349
0.0745523
0.049281
0.0567065
0.0855631
0.0429936
0.072018
0.0492804
0.0575375
0.0872759
0.0402419
0.0690905
0.0492797
0.0583681
0.0888365
0.0375592
0.0656111
0.0492791
0.0591975
0.090251
0.034899
0.0612673
0.0492783
0.0600252
0.0915272
0.0321635
0.0554378
0.0492873
0.0608508
0.0926737
0.0291516
0.046881
0.0484092
0.0616736
0.0936995
0.025451
0.0330995
0.0471091
0.0477587
0.0553777
0.0785787
0.0456913
0.0943237
0.024844
0.0224663
0.0330992
0.0257614
0.045735
0.0471137
0.0477862
0.0865017
0.0344482
0.0949008
0.0242357
0.0194421
0.0330989
0.0239061
0.0442905
0.0464742
0.0394654
0.0904095
0.0267134
0.0954336
0.0236256
0.0165042
0.0330986
0.0236382
0.0427804
0.0458403
0.0311836
0.092514
0.0215398
0.0959247
0.0230132
0.0137609
0.0330983
0.0238325
0.0412109
0.0452121
0.0236539
0.0937958
0.0182169
0.0963771
0.0223979
0.0112894
0.0330981
0.024164
0.0395893
0.0445894
0.0173274
0.0946891
0.0162248
0.0967931
0.021779
0.00913178
0.0330978
0.0245388
0.0379239
0.0439725
0.0123441
0.0953868
0.0151912
0.0971754
0.0211561
0.00729827
0.0330975
0.02493
0.0362241
0.0433613
0.00861005
0.0959752
0.0148538
0.0975263
0.0205283
0.0057749
0.0330972
0.0253296
0.0344998
0.0427559
0.00591371
0.0964939
0.0150307
0.0978481
0.0198951
0.00453236
0.0330969
0.0257355
0.0327615
0.0421562
0.00401768
0.0969616
0.0155965
0.098143
0.0192558
0.00353392
0.0330967
0.026147
0.0310198
0.0415623
0.00270897
0.0973878
0.0164661
0.0984129
0.0186095
0.00274109
0.0330964
0.0265641
0.0292851
0.0409742
0.00181713
0.0977781
0.0175819
0.0986599
0.0179556
0.00211743
0.0330961
0.0269866
0.0275669
0.0403919
0.00121464
0.0981363
0.0189051
0.0988857
0.0172933
0.00163044
0.0330958
0.0274146
0.0258725
0.0398154
0.000809997
0.0984651
0.02041
0.0990919
0.0166216
0.00125232
0.0330955
0.0278482
0.0242041
0.0392448
0.000539309
0.0987669
0.0220791
0.0992802
0.0159396
0.000960049
0.0330953
0.0282873
0.02255
0.0386801
0.000358711
0.0990438
0.0239003
0.0994521
0.0152465
0.000734903
0.033095
0.028732
0.0208616
0.0381212
0.000238451
0.0992978
0.025865
0.0996087
0.0145413
0.000561967
0.0330947
0.0291823
0.0189872
0.0375683
0.000158528
0.0995305
0.0279662
0.0997515
0.013823
0.000429799
0.0330944
0.0296383
0.0164834
0.0370214
0.000105657
0.0997436
0.0301974
0.0998816
0.0130904
0.000332469
0.0330942
0.0300999
0.0120751
0.036481
7.13504e-05
0.0999388
0.0325522
0.1
0.0123424
0.000292247
0.033094
0.0305672
0.00720833
0.0116947
0.0361663
5.91177e-05
0.0999388
0.0999662
0.0363421
0.0119519
0.0107254
0.0308445
0.00428046
0.0113267
0.0358536
4.92193e-05
0.0999388
0.0999814
0.0403802
0.011572
0.00966622
0.0311235
0.00253412
0.010971
0.0355429
4.13799e-05
0.0999388
0.0999899
0.0446242
0.0112024
0.00899927
0.0314043
0.00149812
0.010628
0.0352343
3.5466e-05
0.0999389
0.0999945
0.0490242
0.010843
0.00860876
0.031687
0.000885646
0.010298
0.0349276
3.15252e-05
0.0999389
0.0999971
0.0535238
0.0104936
0.00841374
0.0319717
0.000524458
0.00998195
0.034623
2.98657e-05
0.0999389
0.0999985
0.0580609
0.010154
0.00835769
0.0322583
0.000311969
0.00968106
0.0343204
3.11981e-05
0.0999389
0.0999993
0.0625709
0.00982411
0.00840123
0.0325469
0.000187369
0.00939731
0.0340198
3.68838e-05
0.0999389
0.0999997
0.0669891
0.00950363
0.00851692
0.0328375
0.000114731
0.00913362
0.0337212
4.93621e-05
0.0999389
0.0999999
0.0712548
0.00919241
0.0086857
0.0331301
7.28793e-05
0.00889431
0.0334246
0.0999389
0.1
0.0753138
0.00889026
0.0999387
0.1
0.0791216
0.00859699
0.0999381
0.1
0.0826443
0.00831242
0.0999364
0.1
0.0858601
0.00803634
0.0999315
0.1
0.0887583
0.00776856
0.0999172
0.1
0.0913391
0.0075089
0.099876
0.1
0.0936115
0.00725715
0.0997573
0.1
0.0955913
0.00701314
0.0994156
0.1
0.0972996
0.0067768
0.0984319
0.1
0.0987606
0.00655164
0.0955994
0.1
0.1
0.00644273
0.0955994
0.0741712
0.0955994
0.0577482
0.0955994
0.0457175
0.0955994
0.0375221
0.0955994
0.0325868
0.0955994
0.0303512
0.0955994
0.0303256
0.0955994
0.0321163
0.0955994
0.0354131
0.0955994
0.0399578
0.0955994
0.0455092
0.0955995
0.0518177
0.0955995
0.058616
0.0955995
0.0656252
0.0955995
0.0725738
0.0955995
0.0792223
0.0955995
0.0853831
0.0955995
0.0909316
0.0955995
0.0958064
0.0955995
0.1
0.0955995
0.0955995
0.0955995
0.0955995
0.0955995
0.0955995
0.0955995
0.0955995
0.0955995
0.0955996
0.0955996
0.0955996
0.0955996
0.0955996
0.0955996
0.0955996
0.0955996
0.0955996
0.0955996
0.0955996
END_LIST
