BEGIN_LIST
0
4.13833e-75
1.43425e-74
3.92797e-74
9.99938e-74
2.47581e-73
6.06091e-73
1.47673e-72
3.59082e-72
8.72396e-72
2.11874e-71
5.14492e-71
1.24925e-70
3.03328e-70
7.36498e-70
1.78827e-69
4.34203e-69
1.05428e-68
2.55989e-68
6.21566e-68
1.50923e-67
6.70171e-67
1.55258e-67
1.5866e-66
1.59711e-67
3.14503e-66
1.64286e-67
5.73247e-66
1.68984e-67
9.9611e-66
1.73808e-67
1.6802e-65
1.78763e-67
2.7803e-65
1.8385e-67
4.54455e-65
1.89072e-67
7.37393e-65
1.94433e-67
1.19219e-64
1.99935e-67
1.92642e-64
2.05582e-67
3.11897e-64
2.11431e-67
5.07064e-64
2.19732e-67
8.29291e-64
3.26573e-67
1.36652e-63
4.64082e-66
2.27156e-63
1.88868e-64
3.81257e-63
8.06744e-63
6.46369e-63
3.45003e-61
1.10665e-62
1.47561e-59
1.91091e-62
6.31266e-58
2.0305e-62
2.48318e-62
1.11524e-62
1.4872e-57
6.67398e-58
2.15759e-62
2.81469e-62
6.52267e-63
2.86674e-57
7.05088e-58
2.29262e-62
2.98894e-62
3.82776e-63
5.00736e-57
7.44275e-58
2.43611e-62
3.06091e-62
2.25508e-63
8.23496e-57
7.84853e-58
2.58857e-62
3.06675e-62
1.33399e-63
1.29926e-56
8.26673e-58
2.75058e-62
3.03027e-62
7.92316e-64
1.98776e-56
8.69523e-58
2.92273e-62
2.96715e-62
4.72428e-64
2.96908e-56
9.13119e-58
3.10565e-62
2.88768e-62
2.82729e-64
4.35001e-56
9.57081e-58
3.30003e-62
2.79864e-62
1.69784e-64
6.27252e-56
1.00091e-57
3.50656e-62
2.70447e-62
1.02283e-64
8.92503e-56
1.04394e-57
3.72603e-62
2.60806e-62
6.17975e-65
1.25575e-55
1.08527e-57
3.95923e-62
2.51132e-62
3.7436e-65
1.7502e-55
1.12363e-57
4.20702e-62
2.41545e-62
2.27325e-65
2.42006e-55
1.15712e-57
4.47032e-62
2.32125e-62
1.38335e-65
3.32445e-55
1.18279e-57
4.7501e-62
2.2292e-62
8.43414e-66
4.54292e-55
1.19572e-57
5.0474e-62
2.1396e-62
5.15069e-66
6.18323e-55
1.18741e-57
5.3633e-62
2.05262e-62
3.14994e-66
8.39283e-55
1.14263e-57
5.69896e-62
1.96835e-62
1.92861e-66
1.13759e-54
1.03342e-57
6.05597e-62
1.88683e-62
1.18188e-66
1.54202e-54
8.07507e-58
6.40724e-62
1.80804e-62
7.24709e-67
2.09404e-54
3.65156e-58
6.53476e-62
6.59367e-62
1.99286e-62
8.45414e-63
2.66924e-62
5.25496e-67
2.20706e-54
1.99988e-54
3.72107e-58
1.08197e-58
6.65135e-62
6.78499e-62
2.08004e-62
3.96296e-63
3.25685e-62
3.80956e-67
2.31055e-54
1.8695e-54
3.79191e-58
3.2172e-59
6.75748e-62
6.9813e-62
2.04861e-62
1.85991e-63
3.64233e-62
2.76051e-67
2.40352e-54
1.71075e-54
3.8641e-58
9.68164e-60
6.85725e-62
7.18272e-62
1.90407e-62
8.73558e-64
3.88405e-62
1.99895e-67
2.48502e-54
1.53388e-54
3.93766e-58
3.0257e-60
6.96472e-62
7.38937e-62
1.67692e-62
4.10525e-64
4.02652e-62
1.44602e-67
2.55413e-54
1.34967e-54
4.01262e-58
1.05302e-60
7.12109e-62
7.60137e-62
1.40952e-62
1.93015e-64
4.10175e-62
1.04455e-67
2.60997e-54
1.16784e-54
4.08902e-58
4.65532e-61
7.44184e-62
7.81885e-62
1.14068e-62
9.07857e-65
4.13181e-62
7.53087e-68
2.65172e-54
9.9597e-55
4.16686e-58
2.87844e-61
8.24672e-62
8.04194e-62
8.96572e-63
4.27157e-65
4.13128e-62
5.41537e-68
2.67861e-54
8.39064e-55
4.2462e-58
2.3146e-61
1.04192e-61
8.27076e-62
6.89724e-63
2.01031e-65
4.1095e-62
3.88059e-68
2.68994e-54
6.99769e-55
4.32704e-58
2.11047e-61
1.64037e-61
8.50545e-62
5.22619e-63
9.46194e-66
4.07225e-62
2.76784e-68
2.68506e-54
5.78829e-55
4.40943e-58
2.01363e-61
3.29813e-61
8.74615e-62
3.92145e-63
4.45283e-66
4.02294e-62
1.96187e-68
2.66343e-54
4.75654e-55
4.49338e-58
1.94938e-61
7.90187e-61
8.99299e-62
2.93209e-63
2.09428e-66
3.96349e-62
1.37885e-68
2.62456e-54
3.88841e-55
4.57893e-58
1.89562e-61
2.0717e-60
9.24611e-62
2.21503e-63
9.83577e-67
3.89489e-62
9.57851e-69
2.56808e-54
3.16577e-55
4.66612e-58
1.84579e-61
5.64843e-60
9.50567e-62
1.76779e-63
4.60503e-67
3.81759e-62
6.54581e-69
2.49368e-54
2.56922e-55
4.75497e-58
1.79792e-61
1.56598e-59
9.77181e-62
1.70154e-63
2.14228e-67
3.73174e-62
4.36804e-69
2.40119e-54
2.07994e-55
4.8455e-58
1.75141e-61
4.37664e-59
1.00447e-61
2.45056e-63
9.83647e-68
3.63736e-62
2.81072e-69
2.29051e-54
1.68065e-55
4.93777e-58
1.70607e-61
1.22918e-58
1.03245e-61
5.40037e-63
4.39472e-68
3.53447e-62
1.70334e-69
2.16166e-54
1.35615e-55
5.03179e-58
1.66184e-61
3.46545e-58
1.06114e-61
1.47785e-62
1.84801e-68
3.42313e-62
9.21814e-70
2.01478e-54
1.0942e-55
5.12757e-58
1.61866e-61
9.80736e-58
1.09057e-61
4.33444e-62
6.64842e-69
3.30351e-62
3.75903e-70
1.85012e-54
8.91593e-56
5.22387e-58
1.57651e-61
2.78906e-57
1.12081e-61
1.2951e-61
1.23312e-69
3.1759e-62
0
1.66803e-54
8.05624e-56
5.27185e-58
1.53537e-61
1.72199e-57
4.01277e-57
1.13884e-61
2.14787e-61
1.27888e-69
7.17964e-70
2.96594e-62
1.65442e-54
1.22409e-54
1.51179e-61
1.0555e-57
5.68443e-57
1.15713e-61
3.55276e-61
1.3266e-69
4.18015e-70
2.74096e-62
1.64061e-54
8.97956e-55
1.48849e-61
6.44076e-58
7.96671e-57
1.17568e-61
5.86882e-61
1.37681e-69
2.43369e-70
2.50412e-62
1.62663e-54
6.58527e-55
1.46551e-61
3.91949e-58
1.10814e-56
1.19451e-61
9.68825e-61
1.43087e-69
1.41681e-70
2.25933e-62
1.61249e-54
4.82826e-55
1.44284e-61
2.3813e-58
1.53308e-56
1.21361e-61
1.59881e-60
1.49247e-69
8.24741e-71
2.01109e-62
1.59819e-54
3.53931e-55
1.42048e-61
1.44536e-58
2.11272e-56
1.23299e-61
2.63804e-60
1.57169e-69
4.80018e-71
1.76422e-62
1.58376e-54
2.59388e-55
1.39844e-61
8.76776e-59
2.9033e-56
1.25265e-61
4.3524e-60
1.69631e-69
2.79311e-71
1.52359e-62
1.56921e-54
1.9005e-55
1.37671e-61
5.31687e-59
3.98148e-56
1.27259e-61
7.18055e-60
1.94319e-69
1.62457e-71
1.2938e-62
1.55454e-54
1.39202e-55
1.35529e-61
3.22357e-59
5.45184e-56
1.29282e-61
1.1846e-59
2.52502e-69
9.4427e-72
1.07891e-62
1.53978e-54
1.01914e-55
1.33416e-61
1.9542e-59
7.45698e-56
1.31334e-61
4.03085e-69
5.48239e-72
8.82189e-63
1.52494e-54
8.09183e-69
3.17723e-72
7.05961e-63
1.51002e-54
1.92258e-68
1.83575e-72
5.51552e-63
1.49503e-54
4.99454e-68
1.05534e-72
4.19302e-63
1.47999e-54
1.34906e-67
6.01595e-73
3.08669e-63
1.46492e-54
3.70092e-67
3.38013e-73
2.18383e-63
1.4498e-54
1.02135e-66
1.85125e-73
1.4663e-63
1.43467e-54
2.82497e-66
9.66619e-74
9.12459e-64
1.41952e-54
7.82025e-66
4.56846e-74
4.98949e-64
1.40438e-54
2.16554e-65
1.65076e-74
2.02272e-64
1.38954e-54
5.99736e-65
0
0
1.38225e-54
6.11241e-65
3.428e-64
6.22966e-65
5.47408e-64
6.34916e-65
6.821e-64
6.47095e-65
7.61784e-64
6.59508e-65
8.03165e-64
6.72159e-65
8.20275e-64
6.85053e-65
8.22345e-64
6.98194e-65
8.13873e-64
7.11587e-65
7.95832e-64
7.25237e-65
7.67151e-64
7.39149e-65
7.26076e-64
7.53328e-65
6.71281e-64
7.67778e-65
6.02649e-64
7.82506e-65
5.21672e-64
7.97517e-65
4.31439e-64
8.12815e-65
3.36255e-64
8.28407e-65
2.41031e-64
8.44298e-65
1.50617e-64
8.60498e-65
6.92169e-65
8.76925e-65
0
9.00337e-65
9.24374e-65
9.49053e-65
9.74391e-65
1.00041e-64
1.02711e-64
1.05454e-64
1.08269e-64
1.1116e-64
1.14127e-64
1.17174e-64
1.20303e-64
1.23515e-64
1.26812e-64
1.30199e-64
1.33671e-64
1.37256e-64
1.40848e-64
1.44942e-64
1.47271e-64
END_LIST
