BEGIN_LIST
0
1.71929e-172
5.97543e-172
1.64318e-171
4.20275e-171
1.04551e-170
2.57041e-170
6.28451e-170
1.53187e-169
3.72619e-169
9.04803e-169
2.19339e-168
5.30787e-168
1.28207e-167
3.09044e-167
7.43291e-167
1.78327e-166
4.26659e-166
1.01767e-165
2.41895e-165
2.64351e-165
3.28347e-165
2.75733e-165
3.92617e-165
2.87071e-165
4.57704e-165
2.98363e-165
5.24434e-165
3.09609e-165
5.9414e-165
3.20809e-165
6.69102e-165
3.31963e-165
7.53325e-165
3.4307e-165
8.53974e-165
3.54164e-165
9.83989e-165
3.66668e-165
1.16687e-164
4.41446e-165
1.44551e-164
3.18062e-164
1.8985e-164
1.19846e-162
2.67066e-164
5.10803e-161
4.03037e-164
2.18389e-159
6.47828e-164
9.33934e-158
1.09548e-163
3.99403e-156
1.92378e-163
1.70824e-154
3.4708e-163
7.30598e-153
6.38143e-163
3.12505e-151
1.18671e-162
1.33699e-149
1.23279e-162
1.59597e-162
6.65094e-163
3.15073e-149
1.41317e-149
1.28067e-162
1.84626e-162
3.73367e-163
6.07673e-149
1.49261e-149
1.33041e-162
1.99404e-162
2.10181e-163
1.06225e-148
1.57517e-149
1.38209e-162
2.0757e-162
1.18707e-163
1.74869e-148
1.66063e-149
1.43578e-162
2.11473e-162
6.7276e-164
2.76231e-148
1.74868e-149
1.49156e-162
2.12626e-162
3.82586e-164
4.23219e-148
1.83886e-149
1.54951e-162
2.12008e-162
2.18289e-164
6.33201e-148
1.93056e-149
1.60972e-162
2.10251e-162
1.24935e-164
9.29444e-148
2.023e-149
1.67227e-162
2.07763e-162
7.1714e-165
1.34302e-147
2.11511e-149
1.73726e-162
2.0481e-162
4.12753e-165
1.91536e-147
2.20549e-149
1.80478e-162
2.01563e-162
2.38149e-165
2.70166e-147
2.29225e-149
1.87493e-162
1.98133e-162
1.37715e-165
3.77557e-147
2.37268e-149
1.94781e-162
1.94593e-162
7.97995e-166
5.23555e-147
2.44283e-149
2.02353e-162
1.9099e-162
4.63249e-166
7.21372e-147
2.49644e-149
2.10219e-162
1.87356e-162
2.69366e-166
9.8883e-147
2.52318e-149
2.1845e-162
1.83711e-162
1.56856e-166
1.35013e-146
2.50514e-149
2.21893e-162
1.8007e-162
9.14566e-167
1.83842e-146
2.41022e-149
6.72252e-162
1.76441e-162
5.33834e-167
2.49963e-146
2.17949e-149
-3.79364e-160
1.72832e-162
3.11887e-167
3.39835e-146
1.70272e-149
3.33956e-158
1.69247e-162
1.82348e-167
4.62764e-146
7.69583e-150
1.94072e-157
3.3837e-158
1.25487e-161
7.65791e-163
1.26805e-162
1.28145e-167
4.87942e-146
4.42036e-146
7.84164e-150
2.27636e-150
6.28652e-157
3.42815e-158
3.47272e-161
3.47321e-163
9.41778e-163
9.00585e-168
5.1101e-146
4.13293e-146
7.99021e-150
6.73198e-151
1.80526e-156
3.47291e-158
8.11174e-161
1.57703e-163
6.95058e-163
6.32865e-168
5.31749e-146
3.78267e-146
8.14159e-150
1.99084e-151
4.99703e-156
3.51799e-158
1.83344e-160
7.16565e-164
5.10997e-163
4.44624e-168
5.49946e-146
3.39217e-146
8.29584e-150
5.8876e-152
1.36751e-155
3.56338e-158
4.23453e-160
3.25764e-164
3.75076e-163
3.12229e-168
5.65395e-146
2.98531e-146
8.45301e-150
1.74126e-152
3.73276e-155
3.60908e-158
1.02301e-159
1.48163e-164
2.75424e-163
2.19092e-168
5.77901e-146
2.58358e-146
8.61316e-150
5.15004e-153
1.01962e-154
3.6551e-158
2.59854e-159
6.74132e-165
2.02705e-163
1.53564e-168
5.8728e-146
2.20372e-146
8.77635e-150
1.52331e-153
2.79063e-154
3.70143e-158
6.90518e-159
3.06827e-165
1.49783e-163
1.07457e-168
5.9336e-146
1.85686e-146
8.94262e-150
4.50622e-154
7.65698e-154
3.74806e-158
1.90244e-158
1.39687e-165
1.11312e-163
7.5015e-169
5.95983e-146
1.54886e-146
9.11205e-150
1.33336e-154
2.10676e-153
3.79501e-158
5.3848e-158
6.36057e-166
8.33458e-164
5.21915e-169
5.95008e-146
1.28139e-146
9.28468e-150
3.94821e-155
5.81344e-153
3.84226e-158
1.55388e-157
2.89625e-166
6.29924e-164
3.61395e-169
5.9031e-146
1.05316e-146
9.46059e-150
1.17181e-155
1.60898e-152
3.88982e-158
4.54475e-157
1.31838e-166
4.81493e-164
2.48551e-169
5.81783e-146
8.61094e-147
9.63983e-150
3.50422e-156
4.46674e-152
3.93769e-158
1.34156e-156
5.99551e-167
3.72922e-164
1.69282e-169
5.69341e-146
7.01182e-147
9.82247e-150
1.07377e-156
1.24387e-151
3.98586e-158
3.98498e-156
2.72032e-167
2.93183e-164
1.13659e-169
5.52918e-146
5.69151e-147
1.00086e-149
3.5429e-157
3.47461e-151
4.03435e-158
1.18869e-155
1.22802e-167
2.34307e-164
7.4689e-170
5.32472e-146
4.60842e-147
1.01982e-149
1.41023e-157
9.73621e-151
4.08313e-158
3.55577e-155
5.48261e-168
1.90538e-164
4.74464e-170
5.07983e-146
3.72437e-147
1.03914e-149
7.75309e-158
2.73674e-150
4.13223e-158
1.06566e-154
2.38856e-168
1.57714e-164
2.84616e-170
4.79456e-146
3.00579e-147
1.05883e-149
5.83581e-158
7.71754e-150
4.18163e-158
3.19776e-154
9.82864e-169
1.32826e-164
1.52895e-170
4.4692e-146
2.42564e-147
1.07888e-149
5.23016e-158
2.18414e-149
4.23136e-158
9.60362e-154
3.4686e-169
1.13698e-164
6.20701e-171
4.1043e-146
1.97682e-147
1.09904e-149
5.01288e-158
6.21101e-149
4.28143e-158
2.88578e-153
6.16765e-170
9.87544e-165
0
3.70069e-146
1.78638e-147
1.10908e-149
4.91074e-158
3.83522e-149
8.93551e-149
4.3109e-158
4.78975e-153
6.30955e-170
3.52395e-170
8.13915e-165
3.67077e-146
2.71632e-146
4.86956e-158
2.3511e-149
1.26566e-148
4.34047e-158
7.92541e-153
6.45472e-170
2.01342e-170
6.85359e-165
3.64042e-146
1.99304e-146
4.83317e-158
1.43484e-149
1.77359e-148
4.37014e-158
1.30936e-152
6.60324e-170
1.15035e-170
5.8479e-165
3.60968e-146
1.46193e-146
4.79933e-158
8.7327e-150
2.46661e-148
4.39992e-158
2.1615e-152
6.75517e-170
6.57218e-171
5.0196e-165
3.57857e-146
1.07211e-146
4.76684e-158
5.30623e-150
3.41191e-148
4.42981e-158
3.56682e-152
6.91062e-170
3.75462e-171
4.3084e-165
3.54713e-146
7.86065e-147
4.73512e-158
3.22108e-150
4.70107e-148
4.4598e-158
5.8847e-152
7.06965e-170
2.14476e-171
3.68004e-165
3.51538e-146
5.76213e-147
4.70383e-158
1.95419e-150
6.45898e-148
4.48989e-158
9.70788e-152
7.23238e-170
1.22494e-171
3.11611e-165
3.48336e-146
4.22276e-147
4.67282e-158
1.18519e-150
8.85585e-148
4.52009e-158
1.60141e-151
7.39891e-170
6.99403e-172
2.60758e-165
3.45109e-146
3.09361e-147
4.64201e-158
7.18659e-151
1.21238e-147
4.5504e-158
2.64159e-151
7.56947e-170
3.99137e-172
2.1506e-165
3.4186e-146
2.2654e-147
4.61135e-158
4.35721e-151
1.65794e-147
4.58081e-158
7.74447e-170
2.27587e-172
1.74377e-165
3.38591e-146
7.92489e-170
1.29581e-172
1.38648e-165
3.35305e-146
8.11334e-170
7.35963e-173
1.07786e-165
3.32005e-146
8.31684e-170
4.16211e-173
8.16266e-166
3.28692e-146
8.55466e-170
2.33638e-173
5.99107e-166
3.2537e-146
8.88003e-170
1.29444e-173
4.22898e-166
3.2204e-146
9.44015e-170
7.00288e-174
2.83459e-166
3.18705e-146
1.06424e-169
3.6196e-174
1.76169e-166
3.15367e-146
1.36149e-169
1.69776e-174
9.62496e-167
3.12029e-146
2.14809e-169
6.10582e-175
3.89997e-167
3.08755e-146
4.28888e-169
0
0
3.07149e-146
4.36391e-169
1.99955e-168
4.4403e-169
3.13219e-168
4.51807e-169
3.87425e-168
4.59725e-169
4.30991e-168
4.67786e-169
4.53302e-168
4.75994e-169
4.62208e-168
4.8435e-169
4.62851e-168
4.92858e-169
4.57717e-168
5.0152e-169
4.47315e-168
5.10339e-169
4.31016e-168
5.19318e-169
4.07817e-168
5.2846e-169
3.76958e-168
5.37768e-169
3.38364e-168
5.47246e-169
2.92864e-168
5.56896e-169
2.42187e-168
5.66721e-169
1.88743e-168
5.76725e-169
1.35287e-168
5.86911e-169
8.45365e-169
5.97285e-169
3.88486e-169
6.07797e-169
0
6.22759e-169
6.38101e-169
6.53831e-169
6.69961e-169
6.86501e-169
7.03462e-169
7.20853e-169
7.38687e-169
7.56975e-169
7.75728e-169
7.94959e-169
8.1468e-169
8.34905e-169
8.55644e-169
8.76918e-169
8.98709e-169
9.21175e-169
9.43669e-169
9.69266e-169
9.8382e-169
END_LIST
