BEGIN_LIST
0.1
0.0998167
0.0996336
0.0994508
0.0992682
0.0990859
0.0989037
0.0987219
0.0985402
0.0983588
0.0981776
0.0979967
0.0978159
0.0976353
0.0974547
0.0972736
0.0970912
0.0969049
0.0967086
0.0964868
0.0962009
0.0953044
0.0960558
0.0942554
0.0959053
0.0930345
0.0957494
0.0916219
0.0955879
0.0899985
0.0954205
0.0881462
0.0952471
0.08605
0.0950676
0.0836984
0.0948816
0.0810858
0.0946891
0.0782134
0.0944898
0.0750911
0.0942836
0.0717389
0.0940702
0.0681889
0.0938494
0.0644883
0.093621
0.0607045
0.0933847
0.0569358
0.0931405
0.053334
0.0928879
0.0501487
0.0926245
0.0478168
0.0922614
0.0471375
0.0885019
0.0471368
0.0466678
0.0493827
0.0849518
0.0880463
0.0471362
0.0466945
0.051885
0.0813821
0.08751
0.0471355
0.0470285
0.0546087
0.0778077
0.0868807
0.0471349
0.0475534
0.0574827
0.0742438
0.0861449
0.0471342
0.0481971
0.0604351
0.0707048
0.085288
0.0471336
0.0489154
0.0634046
0.0672051
0.0842943
0.0471329
0.0496807
0.0663421
0.0637578
0.0831476
0.0471323
0.0504758
0.0692098
0.0603753
0.0818312
0.0471316
0.0512902
0.0719782
0.0570689
0.0803287
0.0471309
0.0521169
0.0746251
0.0538484
0.0786234
0.0471303
0.0529518
0.0771343
0.050722
0.0766989
0.0471296
0.053792
0.0794944
0.0476958
0.0745367
0.047129
0.0546356
0.081698
0.0447732
0.0721133
0.0471283
0.0554814
0.0837419
0.0419533
0.0693909
0.0471277
0.0563282
0.0856256
0.0392281
0.0663
0.047127
0.0571755
0.0873516
0.036576
0.0627026
0.0471263
0.0580225
0.0889244
0.0339498
0.0583193
0.0471256
0.0588687
0.0903503
0.0312509
0.0525828
0.0471348
0.0597137
0.091637
0.0282764
0.0443436
0.0462369
0.0605569
0.0927932
0.0246106
0.0312609
0.0448641
0.0456016
0.0538837
0.0775338
0.0446486
0.0934989
0.0240127
0.0215924
0.0312606
0.024319
0.0434228
0.0449721
0.0460168
0.0855381
0.0334777
0.094153
0.0234132
0.0185741
0.0312603
0.0225668
0.0419179
0.0443485
0.0375943
0.089529
0.025802
0.0947581
0.0228116
0.0156782
0.03126
0.0223167
0.0403558
0.0437306
0.0293997
0.0917146
0.0206687
0.0953171
0.0222074
0.0130048
0.0312598
0.0225038
0.0387439
0.0431186
0.0220993
0.093074
0.0173662
0.0958329
0.0215999
0.0106205
0.0312595
0.0228208
0.0370907
0.0425124
0.016069
0.0940408
0.0153758
0.0963081
0.0209886
0.00855721
0.0312592
0.023179
0.0354057
0.0419121
0.0113823
0.0948078
0.0143271
0.0967456
0.0203728
0.0068167
0.0312589
0.0235527
0.0336987
0.0413177
0.00790577
0.0954613
0.0139605
0.0971477
0.019752
0.00537936
0.0312586
0.0239347
0.0319803
0.0407293
0.00541363
0.096041
0.0140961
0.097517
0.0191253
0.00421277
0.0312584
0.0243228
0.030261
0.0401468
0.00367021
0.0965656
0.0146106
0.0978558
0.018492
0.00327904
0.0312581
0.0247164
0.0285512
0.0395702
0.00247111
0.097045
0.0154204
0.0981664
0.0178515
0.00253993
0.0312578
0.0251155
0.0268608
0.0389996
0.00165595
0.0974849
0.0164695
0.0984509
0.0172029
0.00195994
0.0312575
0.02552
0.0251988
0.0384349
0.00110617
0.097889
0.0177204
0.0987112
0.0165455
0.00150791
0.0312572
0.0259298
0.0235717
0.0378762
0.000737335
0.0982605
0.0191484
0.0989493
0.0158782
0.00115746
0.031257
0.0263452
0.0219812
0.0373235
0.000490784
0.0986019
0.0207372
0.0991668
0.0152003
0.000886888
0.0312567
0.026766
0.0204169
0.0367767
0.000326371
0.0989154
0.0224761
0.0993655
0.0145108
0.00067864
0.0312564
0.0271924
0.018835
0.0362359
0.000216925
0.0992031
0.0243575
0.0995467
0.0138087
0.000518791
0.0312561
0.0276243
0.0171001
0.0357011
0.000144204
0.099467
0.0263758
0.099712
0.0130929
0.000396689
0.0312558
0.0280619
0.0148154
0.0351725
9.61033e-05
0.0997088
0.0285258
0.0998627
0.0123624
0.000306802
0.0312556
0.028505
0.0108357
0.0346504
6.48925e-05
0.0999304
0.0308026
0.1
0.011616
0.000269662
0.0312554
0.0289539
0.00645951
0.0104926
0.0343464
5.3762e-05
0.0999304
0.0999616
0.034483
0.011245
0.00999494
0.0292203
0.00383252
0.0101607
0.0340446
4.47527e-05
0.0999304
0.0999789
0.0384278
0.0108842
0.00892638
0.0294883
0.00226778
0.00984032
0.0337447
3.76124e-05
0.0999305
0.0999884
0.0426
0.0105335
0.00824596
0.0297583
0.00134027
0.00953153
0.0334469
3.22168e-05
0.0999305
0.0999937
0.0469549
0.0101927
0.00783875
0.0300301
0.000792211
0.00923486
0.0331511
2.86044e-05
0.0999305
0.0999967
0.0514398
0.00986147
0.00762444
0.0303039
0.000469113
0.0089511
0.0328573
2.70475e-05
0.0999305
0.0999983
0.0559957
0.00953978
0.00754701
0.0305796
0.000279073
0.00868154
0.0325655
2.81787e-05
0.0999305
0.0999992
0.0605587
0.00922738
0.00756741
0.0308573
0.000167659
0.00842812
0.0322758
3.32132e-05
0.0999306
0.0999996
0.0650634
0.00892409
0.00765845
0.031137
0.000102724
0.00819375
0.0319881
4.43304e-05
0.0999306
0.0999999
0.0694463
0.00862972
0.00780126
0.0314187
6.53261e-05
0.00798272
0.0317024
0.0999305
0.1
0.0736492
0.00834406
0.0999303
0.1
0.0776216
0.00806694
0.0999297
0.1
0.0813237
0.00779815
0.099928
0.1
0.0847269
0.0075375
0.0999229
0.1
0.0878146
0.0072848
0.0999083
0.1
0.0905813
0.00703985
0.0998661
0.1
0.0930316
0.00680248
0.0997447
0.1
0.095178
0.00657248
0.099395
0.1
0.0970392
0.0063498
0.0983882
0.1
0.0986382
0.00613774
0.0954895
0.1
0.1
0.00603517
0.0954895
0.0735803
0.0954895
0.0568281
0.0954895
0.0445941
0.0954895
0.0362812
0.0954895
0.0312734
0.0954895
0.0289791
0.0954896
0.0288919
0.0954896
0.0306139
0.0954896
0.0338405
0.0954896
0.0383257
0.0954896
0.0438441
0.0954896
0.0501621
0.0954896
0.0570245
0.0954896
0.0641581
0.0954896
0.0712885
0.0954896
0.0781657
0.0954896
0.084586
0.0954896
0.0904074
0.0954896
0.0955521
0.0954896
0.1
0.0954896
0.0954896
0.0954896
0.0954896
0.0954896
0.0954897
0.0954897
0.0954897
0.0954897
0.0954897
0.0954897
0.0954897
0.0954897
0.0954897
0.0954897
0.0954897
0.0954897
0.0954897
0.0954898
0.0954898
END_LIST
