BEGIN_LIST
0
3.85727e-93
1.33701e-92
3.66234e-92
9.32534e-92
2.30952e-91
5.6554e-91
1.37831e-90
3.35246e-90
8.14716e-90
1.9792e-89
4.80741e-89
1.16762e-88
2.83582e-88
6.88732e-88
1.67272e-87
4.0625e-87
9.86648e-87
2.39627e-86
5.81976e-86
1.41316e-85
6.27677e-85
1.45351e-85
1.4866e-84
1.49494e-85
2.94853e-84
1.53749e-85
5.37833e-84
1.58118e-85
9.354e-84
1.62604e-85
1.57937e-83
1.67209e-85
2.61627e-83
1.71935e-85
4.28122e-83
1.76787e-85
6.95448e-83
1.81765e-85
1.12562e-82
1.86876e-85
1.82074e-82
1.92222e-85
2.95068e-82
2.02082e-85
4.80114e-82
3.9935e-85
7.85794e-82
8.60375e-84
1.29564e-81
3.59221e-82
2.15481e-81
1.53531e-80
3.61801e-81
6.56628e-79
6.13561e-81
2.80829e-77
1.0507e-80
1.20119e-75
1.81455e-80
5.13898e-74
1.92812e-80
2.35802e-80
1.059e-80
1.21095e-73
5.43212e-74
2.04879e-80
2.67285e-80
6.19377e-81
2.33521e-73
5.73784e-74
2.17702e-80
2.83834e-80
3.63474e-81
4.08128e-73
6.0556e-74
2.31327e-80
2.90669e-80
2.14137e-81
6.71693e-73
6.38456e-74
2.45805e-80
2.91224e-80
1.26672e-81
1.06071e-72
6.7235e-74
2.61188e-80
2.8776e-80
7.52362e-82
1.62455e-72
7.07068e-74
2.77535e-80
2.81766e-80
4.48604e-82
2.42955e-72
7.42379e-74
2.94905e-80
2.7422e-80
2.68471e-82
3.56453e-72
7.77975e-74
3.13362e-80
2.65764e-80
1.61221e-82
5.14792e-72
8.1345e-74
3.32974e-80
2.56821e-80
9.71243e-83
7.33748e-72
8.48264e-74
3.53814e-80
2.47666e-80
5.86809e-83
1.03432e-71
8.81685e-74
3.75957e-80
2.38479e-80
3.55479e-83
1.44448e-71
9.12681e-74
3.99487e-80
2.29375e-80
2.15859e-83
2.00161e-71
9.39719e-74
4.2449e-80
2.20429e-80
1.31357e-83
2.75581e-71
9.60398e-74
4.51057e-80
2.11688e-80
8.00871e-84
3.77463e-71
9.70738e-74
4.79287e-80
2.03179e-80
4.89086e-84
5.14975e-71
9.63847e-74
5.09284e-80
1.94919e-80
2.99103e-84
7.00669e-71
9.2737e-74
5.41158e-80
1.86917e-80
1.8313e-84
9.51934e-71
8.38622e-74
5.75043e-80
1.79175e-80
1.12224e-84
1.29324e-70
6.55191e-74
6.09665e-80
1.71694e-80
6.88136e-85
1.75985e-70
2.96139e-74
6.27802e-80
6.27385e-80
1.89245e-80
8.02816e-81
2.53473e-80
4.98974e-85
1.85541e-70
1.68095e-70
3.01756e-74
8.75996e-75
6.55177e-80
6.45568e-80
1.97525e-80
3.76328e-81
3.09273e-80
3.61728e-85
1.94295e-70
1.57158e-70
3.0748e-74
2.59086e-75
7.09396e-80
6.64226e-80
1.94543e-80
1.76619e-81
3.45878e-80
2.62116e-85
2.02164e-70
1.43832e-70
3.13312e-74
7.66371e-76
8.38615e-80
6.83369e-80
1.80821e-80
8.29544e-82
3.68833e-80
1.89803e-85
2.09066e-70
1.28978e-70
3.19255e-74
2.26804e-76
1.1744e-79
7.03009e-80
1.5926e-80
3.89842e-82
3.82361e-80
1.37301e-85
2.14925e-70
1.13503e-70
3.2531e-74
6.72292e-77
2.07667e-79
7.23157e-80
1.3389e-80
1.8329e-82
3.89505e-80
9.91806e-86
2.19665e-70
9.82254e-71
3.31481e-74
2.0031e-77
4.53218e-79
7.43825e-80
1.0842e-80
8.62118e-83
3.92358e-80
7.15055e-86
2.23218e-70
8.37801e-71
3.37768e-74
6.06762e-78
1.12536e-78
7.65026e-80
8.53997e-81
4.05637e-83
3.92308e-80
5.14186e-86
2.25517e-70
7.05903e-71
3.44175e-74
1.93389e-78
2.97193e-78
7.86772e-80
6.62113e-81
1.90903e-83
3.9024e-80
3.68457e-86
2.26503e-70
5.88789e-71
3.50704e-74
7.07609e-79
8.06078e-78
8.09075e-80
5.16479e-81
8.98527e-84
3.86702e-80
2.62802e-86
2.26123e-70
4.87091e-71
3.57356e-74
3.41397e-79
2.21269e-77
8.31948e-80
4.30641e-81
4.22851e-84
3.82019e-80
1.86274e-86
2.24328e-70
4.0032e-71
3.64134e-74
2.29681e-79
6.11254e-77
8.55404e-80
4.48813e-81
1.98879e-84
3.76374e-80
1.30917e-86
2.2108e-70
3.27298e-71
3.71042e-74
1.9333e-79
1.69581e-76
8.79458e-80
7.13301e-81
9.34031e-85
3.69859e-80
9.09446e-87
2.16344e-70
2.66505e-71
3.7808e-74
1.79351e-79
4.72134e-76
9.04123e-80
1.66196e-80
4.37307e-85
3.62518e-80
6.21499e-87
2.10097e-70
2.16314e-71
3.85251e-74
1.72069e-79
1.31877e-75
9.29413e-80
4.61862e-80
2.03437e-85
3.54365e-80
4.14726e-87
2.02322e-70
1.75142e-71
3.92559e-74
1.66841e-79
3.6953e-75
9.55343e-80
1.35662e-79
9.34102e-86
3.45403e-80
2.66864e-87
1.93012e-70
1.41538e-71
4.00005e-74
1.62295e-79
1.03872e-74
9.81928e-80
4.04757e-79
4.17337e-86
3.35633e-80
1.61723e-87
1.82169e-70
1.14225e-71
4.07593e-74
1.58021e-79
2.92923e-74
1.00919e-79
1.2133e-78
1.75493e-86
3.2506e-80
8.75215e-88
1.69803e-70
9.21739e-72
4.15322e-74
1.53898e-79
8.29019e-74
1.03716e-79
3.64306e-78
6.31354e-87
3.137e-80
3.569e-88
1.55935e-70
7.51159e-72
4.23092e-74
1.49888e-79
2.35752e-73
1.06589e-79
1.0947e-77
1.17099e-87
3.01582e-80
0
1.40598e-70
6.78777e-72
4.26962e-74
1.45977e-79
1.45569e-73
3.39173e-73
1.08302e-79
1.817e-77
1.21438e-87
6.8179e-88
2.81645e-80
1.39458e-70
1.03194e-70
1.43736e-79
8.92357e-74
4.8043e-73
1.1004e-79
3.00661e-77
1.25952e-87
3.96954e-88
2.6028e-80
1.38303e-70
7.57124e-71
1.41523e-79
5.44573e-74
6.73255e-73
1.11803e-79
4.96737e-77
1.3067e-87
2.31107e-88
2.3779e-80
1.37132e-70
5.55335e-71
1.3934e-79
3.31428e-74
9.36362e-73
1.13592e-79
8.2004e-77
1.35664e-87
1.34543e-88
2.14545e-80
1.35948e-70
4.07233e-71
1.37186e-79
2.01379e-74
1.29527e-72
1.15406e-79
1.35324e-76
1.41128e-87
7.83191e-89
1.90972e-80
1.34751e-70
2.98566e-71
1.35062e-79
1.22241e-74
1.78475e-72
1.17247e-79
2.23271e-76
1.47581e-87
4.55836e-89
1.67529e-80
1.33542e-70
2.18848e-71
1.32967e-79
7.41599e-75
2.45225e-72
1.19115e-79
3.68337e-76
1.56452e-87
2.6524e-89
1.44679e-80
1.32323e-70
1.60373e-71
1.30903e-79
4.49756e-75
3.36243e-72
1.2101e-79
6.07628e-76
1.7169e-87
1.54273e-89
1.22858e-80
1.31094e-70
1.17484e-71
1.28867e-79
2.72708e-75
4.60346e-72
1.22932e-79
1.00234e-75
2.04212e-87
8.96703e-90
1.02453e-80
1.29858e-70
8.60272e-72
1.26861e-79
1.65337e-75
6.29559e-72
1.24882e-79
2.84253e-87
5.20622e-90
8.37719e-81
1.28613e-70
4.95527e-87
3.01718e-90
6.70374e-81
1.27363e-70
1.0699e-86
1.74328e-90
5.23748e-81
1.26107e-70
2.64952e-86
1.00219e-90
3.98165e-81
1.24846e-70
7.01294e-86
5.71294e-91
2.93109e-81
1.23582e-70
1.90861e-85
3.20988e-91
2.07374e-81
1.22314e-70
5.25122e-85
1.75801e-91
1.39239e-81
1.21045e-70
1.45079e-84
9.17935e-92
8.66462e-82
1.19775e-70
4.01442e-84
4.33837e-92
4.73797e-82
1.18505e-70
1.11147e-83
1.56763e-92
1.92076e-82
1.17259e-70
3.07798e-83
0
0
1.16648e-70
3.13703e-83
1.75927e-82
3.1972e-83
2.80933e-82
3.25853e-83
3.50057e-82
3.32104e-83
3.90952e-82
3.38474e-83
4.12189e-82
3.44967e-83
4.2097e-82
3.51584e-83
4.22032e-82
3.58329e-83
4.17684e-82
3.65202e-83
4.08425e-82
3.72208e-83
3.93705e-82
3.79348e-83
3.72626e-82
3.86625e-83
3.44505e-82
3.94041e-83
3.09282e-82
4.016e-83
2.67725e-82
4.09303e-83
2.21417e-82
4.17155e-83
1.72567e-82
4.25157e-83
1.23698e-82
4.33312e-83
7.72973e-83
4.41626e-83
3.55225e-83
4.50057e-83
0
4.62073e-83
4.74409e-83
4.87075e-83
5.00079e-83
5.1343e-83
5.27138e-83
5.41211e-83
5.55661e-83
5.70496e-83
5.85727e-83
6.01365e-83
6.1742e-83
6.33904e-83
6.50828e-83
6.68207e-83
6.8603e-83
7.04426e-83
7.22862e-83
7.43872e-83
7.55826e-83
END_LIST
