BEGIN_LIST
0
2.60125e-148
9.08683e-148
2.51862e-147
6.50736e-147
1.63807e-146
4.08057e-146
1.01205e-145
2.50507e-145
6.19431e-145
1.53069e-144
3.7807e-144
9.33372e-144
2.30326e-143
5.681e-143
1.40054e-142
3.45092e-142
8.49827e-142
2.09157e-141
5.14438e-141
5.36091e-141
6.04139e-141
5.46126e-141
6.81247e-141
5.56126e-141
7.73063e-141
5.6609e-141
8.88456e-141
5.76018e-141
1.0415e-140
5.85911e-141
1.25474e-140
5.95768e-141
1.56465e-140
6.0559e-141
2.0307e-140
6.15423e-141
2.7509e-140
6.27151e-141
3.88824e-140
7.2137e-141
5.71665e-140
4.34381e-140
8.70146e-140
1.58828e-138
1.3642e-139
6.76416e-137
2.19267e-139
2.89191e-135
3.59946e-139
1.23671e-133
6.01775e-139
5.28888e-132
1.02244e-138
2.26204e-130
1.76246e-138
9.67455e-129
3.07711e-138
4.13818e-127
5.42846e-138
1.77044e-125
5.73092e-138
7.12603e-138
3.13177e-138
4.17218e-125
1.87131e-125
6.05086e-138
8.12691e-138
1.811e-138
8.04676e-125
1.97651e-125
6.38933e-138
8.67451e-138
1.05095e-138
1.40662e-124
2.08583e-125
6.74741e-138
8.92801e-138
6.12384e-139
2.31558e-124
2.19901e-125
7.1263e-138
8.99152e-138
3.58357e-139
3.6578e-124
2.3156e-125
7.52721e-138
8.93317e-138
2.10595e-139
5.60417e-124
2.43501e-125
7.95147e-138
8.79756e-138
1.24268e-139
8.38466e-124
2.55645e-125
8.40046e-138
8.61387e-138
7.36148e-140
1.23074e-123
2.67886e-125
8.87567e-138
8.40117e-138
4.37686e-140
1.77837e-123
2.80084e-125
9.37866e-138
8.17194e-138
2.61124e-140
2.53622e-123
2.92052e-125
9.9111e-138
7.9343e-138
1.5628e-140
3.57738e-123
3.0354e-125
1.04748e-137
7.69356e-138
9.38046e-141
4.99935e-123
3.14192e-125
1.10715e-137
7.45314e-138
5.6455e-141
6.9325e-123
3.23481e-125
1.17033e-137
7.21524e-138
3.40588e-141
9.55175e-123
3.3058e-125
1.23722e-137
6.98128e-138
2.05922e-141
1.30931e-122
3.34121e-125
1.30814e-137
6.75211e-138
1.24743e-141
1.78769e-122
3.31733e-125
1.37647e-137
6.52829e-138
7.56955e-142
2.43421e-122
3.19164e-125
2.04051e-137
6.31011e-138
4.59999e-142
3.30967e-122
2.8861e-125
-4.90058e-136
6.09773e-138
2.79874e-142
4.49961e-122
2.25476e-125
4.42292e-134
5.89121e-138
1.70435e-142
6.12721e-122
1.01909e-125
2.56967e-133
4.4814e-134
2.0638e-137
2.72077e-138
7.068e-138
1.23044e-142
6.46057e-122
5.85276e-122
1.0384e-125
3.01438e-126
8.32358e-133
4.54028e-134
5.0178e-137
1.25996e-138
7.82238e-138
8.88242e-143
6.766e-122
5.47219e-122
1.05807e-125
8.91457e-127
2.39021e-132
4.59959e-134
1.11535e-136
5.84308e-139
8.274e-138
6.41029e-143
7.04059e-122
5.00843e-122
1.07812e-125
2.63629e-127
6.61617e-132
4.65931e-134
2.46591e-136
2.71242e-139
8.51834e-138
4.62376e-143
7.28152e-122
4.49138e-122
1.09854e-125
7.79643e-128
1.81061e-131
4.71945e-134
5.64036e-136
1.26015e-139
8.626e-138
3.33231e-143
7.48607e-122
3.95268e-122
1.11936e-125
2.30579e-128
4.94224e-131
4.78001e-134
1.3573e-135
5.8586e-140
8.64596e-138
2.39858e-143
7.65165e-122
3.42077e-122
1.14057e-125
6.81975e-129
1.34999e-130
4.84097e-134
3.44277e-135
2.72549e-140
8.61035e-138
1.72347e-143
7.77582e-122
2.91783e-122
1.16217e-125
2.01718e-129
3.69484e-130
4.90235e-134
9.14427e-135
1.26866e-140
8.5392e-138
1.23539e-143
7.85632e-122
2.45856e-122
1.18419e-125
5.9672e-130
1.0138e-129
4.96414e-134
2.51898e-134
5.90824e-141
8.4443e-138
8.82632e-144
7.89104e-122
2.05076e-122
1.20663e-125
1.76566e-130
2.78939e-129
5.02634e-134
7.12959e-134
2.75249e-141
8.33206e-138
6.27798e-144
7.87813e-122
1.69661e-122
1.22949e-125
5.22828e-131
7.69709e-129
5.08896e-134
2.05735e-133
1.28248e-141
8.20555e-138
4.43854e-144
7.81592e-122
1.39443e-122
1.25278e-125
1.55173e-131
2.13031e-128
5.15198e-134
6.01728e-133
5.97387e-142
8.06587e-138
3.11229e-144
7.70302e-122
1.14012e-122
1.27652e-125
4.64037e-132
5.91405e-128
5.2154e-134
1.77623e-132
2.77964e-142
7.91299e-138
2.15755e-144
7.53828e-122
9.28392e-123
1.30071e-125
1.42193e-132
1.64691e-127
5.27924e-134
5.27614e-132
1.28992e-142
7.74635e-138
1.47175e-144
7.32084e-122
7.53578e-123
1.32535e-125
4.69182e-133
4.60045e-127
5.34348e-134
1.57383e-131
5.95117e-143
7.56522e-138
9.80566e-145
7.05012e-122
6.10173e-123
1.35046e-125
1.86769e-133
1.28909e-126
5.40813e-134
4.70788e-131
2.71188e-143
7.36888e-138
6.30153e-145
6.72588e-122
4.9312e-123
1.37605e-125
1.02691e-133
3.6235e-126
5.47319e-134
1.41094e-130
1.20354e-143
7.15681e-138
3.81496e-145
6.34817e-122
3.97978e-123
1.40212e-125
7.73013e-134
1.02182e-125
5.53865e-134
4.23387e-130
5.03245e-144
6.92872e-138
2.06308e-145
5.91737e-122
3.21163e-123
1.42867e-125
6.92806e-134
2.89185e-125
5.60455e-134
1.27153e-129
1.80155e-144
6.68467e-138
8.40924e-146
5.43424e-122
2.61739e-123
1.45537e-125
6.64026e-134
8.2235e-125
5.67091e-134
3.82081e-129
3.30616e-145
6.42504e-138
0
4.89983e-122
2.36523e-123
1.46867e-125
6.50494e-134
5.07791e-125
1.18308e-124
5.70996e-134
6.34169e-129
3.41707e-145
1.91608e-145
5.99885e-138
4.86022e-122
3.5965e-122
6.45036e-134
3.11291e-125
1.67576e-124
5.74914e-134
1.04934e-128
3.53186e-145
1.11052e-145
5.54291e-138
4.82004e-122
2.63885e-122
6.40214e-134
1.89975e-125
2.34827e-124
5.78847e-134
1.73361e-128
3.65075e-145
6.43649e-146
5.06341e-138
4.77934e-122
1.93564e-122
6.35728e-134
1.15623e-125
3.26585e-124
5.82793e-134
2.86185e-128
3.77406e-145
3.73058e-146
4.5681e-138
4.73815e-122
1.4195e-122
6.31423e-134
7.02555e-126
4.51744e-124
5.86754e-134
4.72252e-128
3.90249e-145
2.1622e-146
4.06597e-138
4.69652e-122
1.04077e-122
6.27218e-134
4.26477e-126
6.22433e-124
5.90728e-134
7.79143e-128
4.03773e-145
1.25309e-146
3.56672e-138
4.65448e-122
7.62923e-123
6.23071e-134
2.58739e-126
8.55185e-124
5.94716e-134
1.28534e-127
4.18416e-145
7.26094e-147
3.08015e-138
4.61208e-122
5.59105e-123
6.18961e-134
1.56921e-126
1.17254e-123
5.98719e-134
2.1203e-127
4.35364e-145
4.20592e-147
2.61555e-138
4.56935e-122
4.09603e-123
6.14877e-134
9.51517e-127
1.60523e-123
6.02735e-134
3.49751e-127
4.57877e-145
2.43488e-147
2.1811e-138
4.52633e-122
2.99946e-123
6.10813e-134
5.76902e-127
2.19516e-123
6.06767e-134
4.94952e-145
1.40819e-147
1.78339e-138
4.48305e-122
5.71478e-145
8.13029e-148
1.42712e-138
4.43954e-122
7.56362e-145
4.68069e-148
1.11497e-138
4.39584e-122
1.24041e-144
2.68175e-148
8.47623e-139
4.35199e-122
2.55209e-144
1.52393e-148
6.23975e-139
4.308e-122
6.15498e-144
8.53816e-149
4.4146e-139
4.26391e-122
1.61027e-143
4.66478e-149
2.96412e-139
4.21975e-122
4.36226e-143
2.4308e-149
1.84452e-139
4.17555e-122
1.1981e-142
1.14714e-149
1.00862e-139
4.13135e-122
3.30788e-142
4.14124e-150
4.0889e-140
4.088e-122
9.1509e-142
0
0
4.06674e-122
9.32642e-142
5.22772e-141
9.50531e-142
8.34763e-141
9.68763e-142
1.04014e-140
9.87345e-142
1.16164e-140
1.00628e-141
1.22473e-140
1.02558e-141
1.25082e-140
1.04526e-141
1.25397e-140
1.0653e-141
1.24105e-140
1.08574e-141
1.21354e-140
1.10656e-141
1.1698e-140
1.12779e-141
1.10717e-140
1.14942e-141
1.02361e-140
1.17147e-141
9.18956e-141
1.19394e-141
7.95477e-141
1.21684e-141
6.57884e-141
1.24018e-141
5.12741e-141
1.26397e-141
3.67538e-141
1.28821e-141
2.29669e-141
1.31293e-141
1.05546e-141
1.33799e-141
0
1.37371e-141
1.41038e-141
1.44803e-141
1.48669e-141
1.52638e-141
1.56712e-141
1.60896e-141
1.65191e-141
1.69601e-141
1.74129e-141
1.78778e-141
1.8355e-141
1.88451e-141
1.93481e-141
1.98648e-141
2.03946e-141
2.09414e-141
2.14895e-141
2.2114e-141
2.24694e-141
END_LIST
