BEGIN_LIST
0
4.55126e-139
1.61047e-138
4.5509e-138
1.20392e-137
3.11065e-137
7.96317e-137
2.03054e-136
5.16784e-136
1.31376e-135
3.33719e-135
8.47156e-135
2.14926e-134
5.44983e-134
1.38119e-133
3.49877e-133
8.85877e-133
2.24202e-132
5.67186e-132
1.43427e-131
1.53183e-131
2.13609e-131
1.53113e-131
3.23669e-131
1.53012e-131
5.15321e-131
1.52879e-131
8.39363e-131
1.52712e-131
1.37651e-130
1.52512e-131
2.25529e-130
1.52277e-131
3.68113e-130
1.52007e-131
5.98433e-130
1.51721e-131
9.69984e-130
1.52258e-131
1.57014e-129
1.8952e-131
2.543e-129
1.79845e-130
4.12869e-129
7.06107e-129
6.73177e-129
3.01304e-127
1.10414e-128
1.28824e-125
1.82448e-128
5.5091e-124
3.04092e-128
2.356e-122
5.11695e-128
1.00766e-120
8.69664e-128
4.30966e-119
1.49259e-127
1.84341e-117
2.58351e-127
7.88664e-116
2.74355e-127
3.36063e-127
1.50616e-127
1.85855e-115
8.33601e-116
2.91354e-127
3.81159e-127
8.79991e-128
3.58452e-115
8.80462e-116
3.0941e-127
4.04961e-127
5.15888e-128
6.26593e-115
9.29164e-116
3.28589e-127
4.14913e-127
3.03629e-128
1.0315e-114
9.79579e-116
3.48961e-127
4.15914e-127
1.79438e-128
1.62939e-114
1.03152e-115
3.70601e-127
4.11184e-127
1.06476e-128
2.4964e-114
1.08471e-115
3.93588e-127
4.02844e-127
6.343e-129
3.73495e-114
1.13881e-115
4.18005e-127
3.92287e-127
3.79267e-129
5.48228e-114
1.19334e-115
4.43942e-127
3.80427e-127
2.27562e-129
7.92165e-114
1.24768e-115
4.71493e-127
3.67863e-127
1.36976e-129
1.12973e-113
1.301e-115
5.0076e-127
3.54989e-127
8.26928e-130
1.59349e-113
1.35217e-115
5.31849e-127
3.42059e-127
5.00555e-130
2.22687e-113
1.39963e-115
5.64874e-127
3.29239e-127
3.0373e-130
3.08791e-113
1.441e-115
5.99956e-127
3.16633e-127
1.84698e-130
4.25455e-113
1.47263e-115
6.37223e-127
3.04309e-127
1.12531e-130
5.83186e-113
1.48841e-115
6.76815e-127
2.92307e-127
6.86772e-131
7.96256e-113
1.47777e-115
7.18573e-127
2.80649e-127
4.19736e-131
1.08421e-112
1.42178e-115
7.89284e-127
2.69349e-127
2.56836e-131
1.47413e-112
1.28567e-115
-1.44043e-126
2.58411e-127
1.57303e-131
2.0041e-112
1.00443e-115
1.9777e-124
2.47836e-127
9.64023e-132
2.729e-112
4.53975e-116
1.14526e-123
2.00397e-124
3.36164e-127
1.15734e-127
3.58626e-127
6.98783e-132
2.87747e-112
2.60676e-112
4.62576e-116
1.34282e-116
3.70792e-123
2.03043e-124
4.7841e-127
5.41826e-128
4.34004e-127
5.06411e-132
3.0135e-112
2.43725e-112
4.7134e-116
3.97118e-117
1.06462e-122
2.05709e-124
7.47819e-127
2.53979e-128
4.83261e-127
3.66841e-132
3.13579e-112
2.2307e-112
4.80271e-116
1.17439e-117
2.94675e-122
2.08393e-124
1.33159e-126
1.19146e-128
5.13976e-127
2.65557e-132
3.24309e-112
2.00041e-112
4.8937e-116
3.47309e-118
8.06405e-122
2.11097e-124
2.71754e-126
5.59276e-129
5.31915e-127
1.92045e-132
3.33419e-112
1.76047e-112
4.98642e-116
1.02717e-118
2.20115e-121
2.1382e-124
6.2177e-126
2.62657e-129
5.41225e-127
1.38687e-132
3.40794e-112
1.52357e-112
5.0809e-116
3.03801e-119
6.01251e-121
2.16561e-124
1.54727e-125
1.23408e-129
5.44749e-127
9.99624e-133
3.46324e-112
1.29956e-112
5.17716e-116
8.98599e-120
1.64559e-120
2.19322e-124
4.08354e-125
5.80041e-130
5.44367e-127
7.1864e-133
3.49909e-112
1.09501e-112
5.27525e-116
2.65823e-120
4.5152e-120
2.22102e-124
1.12271e-124
2.72704e-130
5.41275e-127
5.14849e-133
3.51455e-112
9.1338e-113
5.3752e-116
7.86555e-121
1.24233e-119
2.24901e-124
3.17592e-124
1.28228e-130
5.36209e-127
3.67139e-133
3.5088e-112
7.55648e-113
5.47704e-116
2.32908e-121
3.42809e-119
2.27719e-124
9.16323e-124
6.02875e-131
5.29602e-127
2.60179e-133
3.48109e-112
6.21061e-113
5.58081e-116
6.91276e-122
9.48789e-119
2.30556e-124
2.67994e-123
2.8329e-131
5.21693e-127
1.82827e-133
3.4308e-112
5.07795e-113
5.68655e-116
2.06738e-122
2.63397e-118
2.33412e-124
7.91082e-123
1.32931e-131
5.12604e-127
1.26985e-133
3.35743e-112
4.13493e-113
5.79429e-116
6.33649e-123
7.33492e-118
2.36287e-124
2.34983e-122
6.21863e-132
5.02388e-127
8.67672e-134
3.26058e-112
3.35633e-113
5.90407e-116
2.09221e-123
2.04893e-117
2.3918e-124
7.00937e-122
2.89073e-132
4.91059e-127
5.78929e-134
3.14001e-112
2.71762e-113
6.01593e-116
8.3408e-124
5.74131e-117
2.42093e-124
2.09675e-121
1.32639e-132
4.78617e-127
3.72488e-134
2.99559e-112
2.19628e-113
6.12991e-116
4.5948e-124
1.61382e-116
2.45024e-124
6.28393e-121
5.92241e-133
4.65062e-127
2.25716e-134
2.82737e-112
1.77253e-113
6.24605e-116
3.46322e-124
4.55094e-116
2.47975e-124
1.88564e-120
2.48914e-133
4.504e-127
1.22146e-134
2.6355e-112
1.43041e-113
6.36435e-116
3.10539e-124
1.28796e-115
2.50946e-124
5.66304e-120
8.95094e-134
4.34652e-127
4.98078e-135
2.42032e-112
1.16574e-113
6.48328e-116
2.97668e-124
3.66255e-115
2.53938e-124
1.70168e-119
1.65856e-134
4.17855e-127
0
2.1823e-112
1.05343e-113
6.54252e-116
2.9159e-124
2.26158e-115
5.26916e-115
2.55699e-124
2.82441e-119
1.71943e-134
9.65274e-135
3.90224e-127
2.16466e-112
1.60182e-112
2.8913e-124
1.38641e-115
7.46345e-115
2.57467e-124
4.67345e-119
1.78258e-134
5.61779e-135
3.60619e-127
2.14676e-112
1.1753e-112
2.86954e-124
8.46103e-116
1.04586e-114
2.59241e-124
7.72103e-119
1.84815e-134
3.2694e-135
3.29456e-127
2.12863e-112
8.621e-113
2.84928e-124
5.14955e-116
1.45453e-114
2.61022e-124
1.27459e-118
1.91643e-134
1.90259e-135
2.97249e-127
2.11029e-112
6.3222e-113
2.82983e-124
3.12901e-116
2.01197e-114
2.62809e-124
2.10329e-118
1.98802e-134
1.10711e-135
2.64588e-127
2.09175e-112
4.63541e-113
2.81083e-124
1.89942e-116
2.77218e-114
2.64603e-124
3.4701e-118
2.06444e-134
6.44123e-136
2.32108e-127
2.07302e-112
3.39791e-113
2.79209e-124
1.15236e-116
3.80881e-114
2.66403e-124
5.72456e-118
2.14978e-134
3.74665e-136
2.00449e-127
2.05414e-112
2.49015e-113
2.77352e-124
6.98888e-117
5.22223e-114
2.6821e-124
9.44324e-118
2.25515e-134
2.17842e-136
1.70217e-127
2.03511e-112
1.82429e-113
2.75507e-124
4.23782e-117
7.14934e-114
2.70023e-124
1.5577e-117
2.41118e-134
1.26575e-136
1.41945e-127
2.01594e-112
1.3359e-113
2.73672e-124
2.56937e-117
9.77677e-114
2.71844e-124
2.70253e-134
7.34646e-137
1.16064e-127
1.99667e-112
3.36347e-134
4.25616e-137
9.28785e-128
1.97729e-112
5.04271e-134
2.45839e-137
7.25639e-128
1.95783e-112
9.5367e-134
1.41289e-137
5.51646e-128
1.93829e-112
2.18209e-133
8.052e-138
4.06094e-128
1.9187e-112
5.5675e-133
4.52303e-138
2.87311e-128
1.89906e-112
1.49265e-132
2.4767e-138
1.92911e-128
1.87939e-112
4.08297e-132
1.29297e-138
1.20046e-128
1.85971e-112
1.12554e-131
6.11012e-139
6.56431e-129
1.84002e-112
3.11186e-131
2.20766e-139
2.66115e-129
1.82072e-112
8.61308e-131
0
0
1.81124e-112
8.7783e-131
4.9217e-130
8.94668e-131
7.85914e-130
9.1183e-131
9.79281e-130
9.29321e-131
1.09368e-129
9.47147e-131
1.15308e-129
9.65315e-131
1.17764e-129
9.83832e-131
1.18061e-129
1.0027e-130
1.16845e-129
1.02194e-130
1.14255e-129
1.04154e-130
1.10137e-129
1.06152e-130
1.0424e-129
1.08188e-130
9.63732e-130
1.10263e-130
8.652e-130
1.12378e-130
7.48944e-130
1.14534e-130
6.194e-130
1.16731e-130
4.82747e-130
1.1897e-130
3.46038e-130
1.21252e-130
2.16235e-130
1.23579e-130
9.93719e-131
1.25938e-130
0
1.293e-130
1.32752e-130
1.36296e-130
1.39935e-130
1.43671e-130
1.47507e-130
1.51445e-130
1.55488e-130
1.59639e-130
1.63901e-130
1.68277e-130
1.72769e-130
1.77382e-130
1.82117e-130
1.86981e-130
1.91968e-130
1.97115e-130
2.02274e-130
2.08153e-130
2.11498e-130
END_LIST
