BEGIN_LIST
0
1.06287e-123
3.69999e-123
1.02028e-122
2.62008e-122
6.55307e-122
1.62215e-121
3.99954e-121
9.84774e-121
2.424e-120
5.96757e-120
1.46968e-119
3.62103e-119
8.9259e-119
2.20133e-118
5.43175e-118
1.34094e-117
3.3121e-117
8.18504e-117
2.02375e-116
3.91796e-116
1.50533e-115
4.002e-116
3.47562e-115
4.08847e-116
6.83278e-115
4.17743e-116
1.24161e-114
4.26894e-116
2.15552e-114
4.36306e-116
3.63626e-114
4.45986e-116
6.0209e-114
4.55941e-116
9.85046e-114
4.66183e-116
1.59999e-113
4.76968e-116
2.58961e-113
4.9898e-116
4.18888e-113
9.88722e-116
6.78872e-113
2.14651e-114
1.10466e-112
8.9656e-113
1.80807e-112
3.83128e-111
2.98133e-112
1.63841e-109
4.95856e-112
7.00676e-108
8.32602e-112
2.99677e-106
1.41204e-111
1.28169e-104
2.41817e-111
5.48227e-103
4.17635e-111
2.34548e-101
4.43768e-111
5.4273e-111
2.43733e-111
5.52727e-101
2.47913e-101
4.71537e-111
6.15198e-111
1.42549e-111
1.06602e-100
2.6185e-101
5.01043e-111
6.53294e-111
8.36519e-112
1.86343e-100
2.76336e-101
5.32396e-111
6.69032e-111
4.92817e-112
3.06752e-100
2.91331e-101
5.6571e-111
6.70315e-111
2.9152e-112
4.84546e-100
3.06779e-101
6.0111e-111
6.6235e-111
1.73143e-112
7.42357e-100
3.22601e-101
6.38725e-111
6.48559e-111
1.03237e-112
1.11064e-99
3.38692e-101
6.78694e-111
6.31196e-111
6.1782e-113
1.63018e-99
3.54911e-101
7.21164e-111
6.1174e-111
3.71006e-113
2.35544e-99
3.71073e-101
7.66291e-111
5.91162e-111
2.23501e-113
3.35905e-99
3.86932e-101
8.14243e-111
5.70096e-111
1.35034e-113
4.73774e-99
4.02154e-101
8.65196e-111
5.48955e-111
8.17999e-114
6.62057e-99
4.16268e-101
9.19338e-111
5.28006e-111
4.96711e-114
9.18006e-99
4.28577e-101
9.76868e-111
5.0742e-111
3.02261e-114
1.26477e-98
4.37985e-101
1.038e-110
4.87305e-111
1.84283e-114
1.73358e-98
4.42679e-101
1.10295e-110
4.67724e-111
1.12539e-114
2.36682e-98
4.39516e-101
1.17197e-110
4.48717e-111
6.88228e-115
3.22257e-98
4.22865e-101
1.24608e-110
4.30301e-111
4.21373e-115
4.38128e-98
3.82385e-101
1.25642e-110
4.12486e-111
2.5822e-115
5.95613e-98
2.98738e-101
7.251e-110
3.95269e-111
1.58333e-115
8.11012e-98
1.35022e-101
3.54317e-109
7.36904e-110
4.37546e-111
1.84818e-111
5.83324e-111
1.14808e-115
8.5513e-98
7.74682e-98
1.3758e-101
3.99384e-102
1.11602e-108
7.4887e-110
4.60477e-111
8.66331e-112
7.11631e-111
8.32289e-116
8.9555e-98
7.24307e-98
1.40187e-101
1.18112e-102
3.17786e-108
7.61e-110
4.61739e-111
4.0658e-112
7.95796e-111
6.03092e-116
9.31888e-98
6.6292e-98
1.42844e-101
3.49292e-103
8.77057e-108
7.73296e-110
4.48074e-111
1.90958e-112
8.48569e-111
4.36709e-116
9.63771e-98
5.94481e-98
1.4555e-101
1.03298e-103
2.39762e-107
7.85762e-110
4.40517e-111
8.9738e-113
8.79666e-111
3.15907e-116
9.90839e-98
5.23176e-98
1.48308e-101
3.05505e-104
6.54197e-107
7.98399e-110
4.87143e-111
4.21909e-113
8.96083e-111
2.28197e-116
1.01275e-97
4.52772e-98
1.51118e-101
9.03585e-105
1.7867e-106
8.1121e-110
7.04442e-111
1.98444e-113
9.02635e-111
1.64521e-116
1.02918e-97
3.86201e-98
1.53982e-101
2.67271e-105
4.88985e-106
8.24199e-110
1.40563e-110
9.33684e-114
9.02509e-111
1.18304e-116
1.03983e-97
3.25412e-98
1.56899e-101
7.90672e-106
1.34166e-105
8.37366e-110
3.48373e-110
4.39407e-114
8.97745e-111
8.47743e-117
1.04442e-97
2.71434e-98
1.59872e-101
2.33987e-106
3.69147e-105
8.50716e-110
9.54833e-110
2.06813e-114
8.89602e-111
6.0465e-117
1.04271e-97
2.2456e-98
1.62901e-101
6.9316e-107
1.01863e-104
8.64252e-110
2.73098e-109
9.73255e-115
8.78826e-111
4.28576e-117
1.03447e-97
1.84563e-98
1.65988e-101
2.06021e-107
2.81925e-104
8.77975e-110
7.96893e-109
4.57741e-115
8.65836e-111
3.0121e-117
1.01953e-97
1.50903e-98
1.69133e-101
6.18953e-108
7.82665e-104
8.91889e-110
2.35095e-108
2.14974e-115
8.50848e-111
2.09242e-117
9.97719e-98
1.22879e-98
1.72338e-101
1.92415e-108
2.17952e-103
9.05998e-110
6.98226e-108
1.00648e-115
8.33959e-111
1.42992e-117
9.68937e-98
9.97405e-99
1.75603e-101
6.60756e-109
6.08824e-103
9.20304e-110
2.08269e-107
4.68212e-116
8.15203e-111
9.54181e-118
9.33105e-98
8.07596e-99
1.78931e-101
2.85556e-109
1.70599e-102
9.34811e-110
6.23003e-107
2.14981e-116
7.94585e-111
6.13987e-118
8.90189e-98
6.52669e-99
1.82321e-101
1.73168e-109
4.79537e-102
9.49522e-110
1.86714e-106
9.60479e-117
7.72108e-111
3.72084e-118
8.40196e-98
5.26741e-99
1.85776e-101
1.38563e-109
1.35229e-101
9.64443e-110
5.60282e-106
4.03884e-117
7.47785e-111
2.01364e-118
7.83177e-98
4.25072e-99
1.89295e-101
1.26996e-109
3.82711e-101
9.79582e-110
1.68267e-105
1.453e-117
7.21653e-111
8.21133e-119
7.19232e-98
3.4642e-99
1.92832e-101
1.22264e-109
1.08831e-100
9.94959e-110
5.05626e-105
2.69482e-118
6.93775e-111
0
6.48502e-98
3.13045e-99
1.94594e-101
1.19575e-109
6.72017e-101
1.56571e-100
1.00406e-109
8.39228e-105
2.79456e-118
1.56901e-118
6.4791e-111
6.43258e-98
4.76001e-98
1.18338e-109
4.11965e-101
2.21774e-100
1.01323e-109
1.38864e-104
2.8981e-118
9.13506e-119
5.98762e-111
6.37939e-98
3.49253e-98
1.17192e-109
2.51414e-101
3.10775e-100
1.02248e-109
2.29419e-104
3.00577e-118
5.31842e-119
5.47023e-111
6.32551e-98
2.56182e-98
1.16097e-109
1.53015e-101
4.32211e-100
1.03181e-109
3.78727e-104
3.11826e-118
3.09617e-119
4.93549e-111
6.27098e-98
1.8787e-98
1.15033e-109
9.29761e-102
5.97853e-100
1.04122e-109
6.24962e-104
3.23719e-118
1.80231e-119
4.39321e-111
6.21587e-98
1.37745e-98
1.13989e-109
5.64398e-102
8.23752e-100
1.05071e-109
1.03109e-103
3.36689e-118
1.04898e-119
3.85392e-111
6.16023e-98
1.00972e-98
1.12959e-109
3.42413e-102
1.13179e-99
1.06027e-109
1.70098e-103
3.51901e-118
6.10374e-120
3.32826e-111
6.1041e-98
7.39963e-99
1.11941e-109
2.07668e-102
1.55179e-99
1.06992e-109
2.80595e-103
3.72554e-118
3.55014e-120
2.82629e-111
6.04754e-98
5.42098e-99
1.10934e-109
1.25922e-102
2.12444e-99
1.07965e-109
4.62853e-103
4.07485e-118
2.06348e-120
2.35687e-111
5.99059e-98
3.96968e-99
1.09935e-109
7.63462e-103
2.9052e-99
1.08946e-109
4.81138e-118
1.19804e-120
1.92713e-111
5.93329e-98
6.61179e-118
6.94301e-121
1.54216e-111
5.8757e-98
1.135e-117
4.01154e-121
1.20486e-111
5.81786e-98
2.42157e-117
2.30616e-121
9.15958e-112
5.75981e-98
5.95825e-117
1.31462e-121
6.74283e-112
5.70158e-98
1.57259e-116
7.38629e-122
4.77054e-112
5.64322e-98
4.27505e-116
4.04537e-122
3.20312e-112
5.58477e-98
1.1757e-115
2.11225e-122
1.99325e-112
5.52625e-98
3.24762e-115
9.98297e-123
1.08995e-112
5.46776e-98
8.98585e-115
3.60724e-123
4.4186e-113
5.41038e-98
2.48784e-114
0
0
5.38222e-98
2.53556e-114
1.4218e-113
2.5842e-114
2.27041e-113
2.63377e-114
2.82904e-113
2.68429e-114
3.15952e-113
2.73578e-114
3.33115e-113
2.78826e-114
3.40211e-113
2.84175e-114
3.41069e-113
2.89626e-114
3.37555e-113
2.95182e-114
3.30072e-113
3.00844e-114
3.18176e-113
3.06615e-114
3.0114e-113
3.12496e-114
2.78414e-113
3.18491e-114
2.49949e-113
3.246e-114
2.16364e-113
3.30827e-114
1.7894e-113
3.37173e-114
1.39462e-113
3.4364e-114
9.99677e-114
3.50232e-114
6.24684e-114
3.56952e-114
2.87077e-114
3.63766e-114
0
3.73478e-114
3.83449e-114
3.93686e-114
4.04197e-114
4.14988e-114
4.26068e-114
4.37443e-114
4.49121e-114
4.61112e-114
4.73423e-114
4.86062e-114
4.99039e-114
5.12362e-114
5.26041e-114
5.40088e-114
5.54493e-114
5.69362e-114
5.84263e-114
6.01245e-114
6.10907e-114
END_LIST
