BEGIN_LIST
0
5.89558e-05
0.000117667
0.000176132
0.000234353
0.00029233
0.000350064
0.000407555
0.000464805
0.000521814
0.000578583
0.000635116
0.00069142
0.000747509
0.000803424
0.000859265
0.000915278
0.000972094
0.0010313
0.00109692
0.00117912
0.0014078
0.00122166
0.00162972
0.00126404
0.0018436
0.00130625
0.00204799
0.00134828
0.00224125
0.00139012
0.00242158
0.00143177
0.00258705
0.00147321
0.00273563
0.00151445
0.00286528
0.00155546
0.00297402
0.00159624
0.00306009
0.00163679
0.00312204
0.00167709
0.00315892
0.00171712
0.00317043
0.00175689
0.00315708
0.00179638
0.00312026
0.00183558
0.00306218
0.00187447
0.00298505
0.00191325
0.0028888
0.00196063
0.00276445
0.00240742
0.00281235
0.00272232
0.00274406
0.0027674
0.00251767
0.00286021
0.00269745
0.00274988
0.00308768
0.00262533
0.00290802
0.00268316
0.00276785
0.00336868
0.00272991
0.00295579
0.00267518
0.00278845
0.00361116
0.00283084
0.0030035
0.00267077
0.00280543
0.00381613
0.00292743
0.00305118
0.00266818
0.00281488
0.00398488
0.00301893
0.00309881
0.0026663
0.00281445
0.00411896
0.00310442
0.00314639
0.00266439
0.00280289
0.00422011
0.00318291
0.00319393
0.00266198
0.00277964
0.00429027
0.00325323
0.00324142
0.00265879
0.00274465
0.00433148
0.0033141
0.00328887
0.00265459
0.00269817
0.00434585
0.00336405
0.00333627
0.00264926
0.00264071
0.0043355
0.00340138
0.00338362
0.00264272
0.00257288
0.00430238
0.00342406
0.00343094
0.00263489
0.00249541
0.00424813
0.00342953
0.0034782
0.00262573
0.00240907
0.00417369
0.00341428
0.00352542
0.00261522
0.00231465
0.00407869
0.00337321
0.0035726
0.00260332
0.00221291
0.00396022
0.00329851
0.00361972
0.00259002
0.00210462
0.00381061
0.00317817
0.00366736
0.00257531
0.00199048
0.00361302
0.00299447
0.00366524
0.00255918
0.00187117
0.00333324
0.00272487
0.00361888
0.00364962
0.00248059
0.00296142
0.00206363
0.0017886
0.0032878
0.00301739
0.00274085
0.00258637
0.00356551
0.00363352
0.00230224
0.0031
0.00169699
0.0017042
0.00323929
0.00267688
0.00275681
0.00256215
0.00350499
0.00361693
0.00203636
0.00311429
0.00143438
0.0016181
0.00318767
0.00232744
0.00277277
0.00257253
0.0034373
0.00359988
0.00171411
0.00306978
0.00125385
0.00153046
0.00313289
0.00198492
0.00278872
0.00259337
0.00336248
0.00358238
0.00137639
0.0029969
0.00113687
0.00144139
0.00307489
0.00166292
0.00280466
0.00261737
0.0032807
0.00356444
0.00106019
0.00290973
0.00106847
0.00135103
0.00301361
0.00137117
0.0028206
0.00264234
0.00319222
0.00354608
0.000789126
0.00281482
0.00103694
0.0012595
0.00294898
0.00111513
0.00283652
0.0026676
0.00309742
0.00352732
0.000571898
0.00271524
0.00103334
0.00116689
0.00288095
0.000896397
0.00285244
0.00269296
0.00299677
0.00350815
0.00040629
0.0026125
0.00105096
0.0010733
0.00280942
0.000713659
0.00286836
0.00271833
0.00289086
0.00348861
0.000284502
0.00250735
0.0010848
0.000978826
0.00273433
0.000563735
0.00288426
0.00274371
0.00278033
0.0034687
0.00019719
0.00240024
0.00113112
0.000883547
0.00265557
0.000442511
0.00290016
0.00276907
0.00266592
0.00344844
0.000135692
0.00229143
0.0011871
0.000787537
0.00257307
0.000345622
0.00291605
0.0027944
0.00254832
0.00342783
9.29041e-05
0.00218111
0.0012506
0.000690863
0.00248671
0.000268886
0.00293193
0.0028197
0.00242812
0.0034069
6.33833e-05
0.00206945
0.0013199
0.000593586
0.00239639
0.000208542
0.0029478
0.00284496
0.00230545
0.00338565
4.31342e-05
0.00195656
0.0013936
0.000495762
0.002302
0.000161351
0.00296367
0.00287017
0.00217917
0.00336411
2.93015e-05
0.00184256
0.00147049
0.00039744
0.00220341
0.000124606
0.00297953
0.00289531
0.00204457
0.00334227
1.98807e-05
0.00172755
0.00154945
0.000298664
0.00210051
9.60975e-05
0.00299538
0.00292039
0.00188707
0.00332016
1.34834e-05
0.00161163
0.00162944
0.000199476
0.00199315
7.41053e-05
0.00301122
0.00294539
0.00166478
0.00329778
9.16397e-06
0.00149486
0.00170941
9.991e-05
0.00188119
5.77774e-05
0.00302685
0.00297029
0.00125944
0.00327516
6.30755e-06
0.00137732
0.00178833
0
0.00176447
5.10007e-05
0.00303456
0.0029951
0.00076065
0.00123566
0.00326178
5.28135e-06
0.0014325
0.00132548
0.00190411
0.00171687
0.00150351
0.00300961
0.000456257
0.00121219
0.00324832
4.44926e-06
0.00148765
0.00126529
0.00201127
0.00167023
0.00132594
0.00302407
0.000272553
0.00118912
0.00323478
3.79423e-06
0.00154277
0.00120044
0.00210582
0.00162453
0.00120719
0.00303849
0.000162464
0.00116654
0.00322117
3.31258e-06
0.00159786
0.00113299
0.00218383
0.00157978
0.00112991
0.00305286
9.67866e-05
0.00114459
0.00320749
3.01896e-06
0.00165292
0.00106408
0.00224157
0.00153599
0.00108189
0.00306719
5.77242e-05
0.00112346
0.00319374
2.95549e-06
0.00170794
0.000994324
0.00227573
0.00149314
0.00105452
0.00308147
3.45523e-05
0.00110342
0.00317992
3.20775e-06
0.00176294
0.000924086
0.00228355
0.00145123
0.00104174
0.0030957
2.08495e-05
0.00108484
0.00316603
3.93209e-06
0.0018179
0.000853555
0.00226299
0.00141026
0.0010393
0.00310988
1.27867e-05
0.00106823
0.00315208
5.40216e-06
0.00187284
0.00078284
0.00221282
0.00137021
0.0010442
0.003124
8.0876e-06
0.00105434
0.00313807
0.00192774
0.000712001
0.00213261
0.00133109
0.00198261
0.000641069
0.00202274
0.00129288
0.00203743
0.000570064
0.0018843
0.00125558
0.0020922
0.000498995
0.00171893
0.00121916
0.00214687
0.000427869
0.00152873
0.00118364
0.00220128
0.000356688
0.00131603
0.00114898
0.00225506
0.000285454
0.00108332
0.00111519
0.00230708
0.000214167
0.000833059
0.00108224
0.00235426
0.000142829
0.000567644
0.00105016
0.00238785
7.14402e-05
0.000289288
0.00101942
0.00238337
0
0
0.00100452
0.00240985
0.00211383
0.00243633
0.00184041
0.0024628
0.0015928
0.00248926
0.001391
0.00251571
0.00124396
0.00254216
0.00115107
0.0025686
0.0011054
0.00259503
0.00109674
0.00262146
0.00111339
0.00264787
0.00114309
0.00267428
0.00117337
0.00270068
0.00119205
0.00272708
0.00118778
0.00275346
0.00115081
0.00277984
0.00107364
0.00280622
0.000951402
0.00283258
0.000781924
0.00285894
0.00056536
0.00288529
0.00030367
0.00291163
0
0.00294815
0.00298465
0.00302114
0.00305761
0.00309407
0.00313052
0.00316695
0.00320337
0.00323977
0.00327616
0.00331254
0.0033489
0.00338524
0.00342157
0.0034579
0.00349417
0.00353059
0.00356623
0.00360551
0.00362745
END_LIST
