BEGIN_LIST
0.1
0.0998048
0.0996099
0.0994153
0.0992209
0.0990269
0.0988332
0.0986398
0.0984466
0.0982538
0.0980612
0.0978689
0.0976767
0.0974845
0.0972916
0.0970968
0.0968964
0.0966818
0.0964306
0.0960871
0.0955102
0.093544
0.0951771
0.0913162
0.0948333
0.0888148
0.0944786
0.086033
0.0941126
0.0829717
0.0937353
0.0796396
0.0933462
0.0760547
0.0929453
0.0722442
0.0925322
0.0682442
0.0921068
0.0640991
0.0916688
0.0598592
0.091218
0.05558
0.0907542
0.0513206
0.0902772
0.0471436
0.0897869
0.043119
0.0892829
0.0393336
0.0887653
0.0359148
0.0882336
0.0330818
0.0876846
0.0312558
0.0869998
0.0312896
0.0819382
0.031289
0.0327028
0.0298524
0.077745
0.0805715
0.0312885
0.0338844
0.0302547
0.0736295
0.0790167
0.0312879
0.0349237
0.031717
0.0696058
0.077261
0.0312873
0.0358769
0.033813
0.0656864
0.0752942
0.0312867
0.0367797
0.0363075
0.0618822
0.07311
0.0312861
0.0376545
0.0390671
0.0582027
0.0707069
0.0312856
0.0385153
0.0420118
0.0546555
0.0680892
0.031285
0.039371
0.045089
0.0512466
0.0652672
0.0312844
0.0402271
0.0482598
0.0479805
0.062258
0.0312838
0.0410871
0.0514917
0.0448599
0.0590847
0.0312833
0.0419531
0.0547554
0.041886
0.0557757
0.0312827
0.0428261
0.0580229
0.0390578
0.0523626
0.0312821
0.043707
0.0612672
0.0363722
0.048877
0.0312815
0.0445961
0.0644626
0.0338222
0.0453453
0.0312809
0.0454934
0.0675847
0.0313948
0.041779
0.0312804
0.0463988
0.0706112
0.0290648
0.0381572
0.0312798
0.0473123
0.0735223
0.0267836
0.0343916
0.0312791
0.0482336
0.0763011
0.0244543
0.030254
0.0312886
0.0491625
0.0789342
0.0218808
0.0252248
0.0303685
0.0500986
0.0814113
0.018661
0.0181625
0.0287365
0.0298904
0.0410776
0.0665561
0.0358339
0.0829817
0.0181621
0.0156319
0.0181623
0.0145496
0.0271136
0.0294186
0.0322319
0.0747735
0.0259693
0.0844767
0.0176606
0.0128774
0.0181621
0.0136725
0.0255095
0.0289531
0.0242982
0.0793227
0.0192624
0.085896
0.017156
0.0104533
0.0181619
0.0135861
0.0239333
0.0284937
0.0177089
0.0822151
0.0147928
0.0872398
0.0166479
0.00837947
0.0181616
0.0137302
0.0223934
0.0280404
0.0125662
0.0843356
0.0118956
0.0885089
0.0161357
0.00664674
0.0181614
0.0139433
0.0208974
0.0275932
0.0087393
0.0860731
0.0101004
0.0897044
0.0156188
0.00522703
0.0181612
0.0141792
0.0194518
0.0271521
0.0059899
0.0875987
0.00907979
0.0908278
0.0150965
0.00408205
0.018161
0.0144244
0.0180621
0.0267169
0.00406349
0.0889882
0.00860851
0.0918812
0.0145683
0.00317025
0.0181607
0.0146751
0.0167326
0.0262877
0.0027371
0.0902755
0.00853355
0.0928666
0.0140335
0.00245137
0.0181605
0.0149303
0.0154668
0.0258644
0.00183474
0.0914766
0.00875193
0.0937865
0.0134914
0.00188902
0.0181603
0.0151898
0.0142667
0.0254469
0.00122584
0.0925996
0.00919526
0.0946435
0.0129412
0.00145181
0.0181601
0.0154534
0.0131337
0.0250353
0.000817214
0.0936497
0.00981888
0.0954405
0.0123823
0.00111349
0.0181598
0.0157213
0.0120678
0.0246293
0.000543997
0.0946304
0.0105943
0.0961801
0.0118137
0.000852658
0.0181596
0.0159934
0.011068
0.0242291
0.000361768
0.0955449
0.0115042
0.0968655
0.0112347
0.000652127
0.0181594
0.0162698
0.0101308
0.0238345
0.000240426
0.0963965
0.0125387
0.0974995
0.0106444
0.00049829
0.0181592
0.0165505
0.00924788
0.0234455
0.000159718
0.097188
0.0136929
0.098085
0.0100419
0.000380473
0.0181589
0.0168357
0.00839773
0.0230621
0.000106085
0.0979227
0.0149655
0.0986251
0.00942616
0.000290379
0.0181587
0.0171254
0.00752071
0.0226842
7.04876e-05
0.0986034
0.0163573
0.0991224
0.00879621
0.000221756
0.0181585
0.0174195
0.00644616
0.0223119
4.6957e-05
0.0992334
0.0178702
0.0995798
0.00815099
0.000171338
0.0181583
0.0177183
0.00467614
0.0219454
3.16867e-05
0.0998155
0.019507
0.1
0.00748937
0.000150524
0.0181581
0.0180217
0.00276823
0.00452466
0.0217326
2.6234e-05
0.0998155
0.0998979
0.0222285
0.00723621
0.00602271
0.0182022
0.00163552
0.00437878
0.0215216
2.18098e-05
0.0998155
0.0999435
0.0252604
0.00699096
0.00502881
0.0183841
0.000965373
0.00423866
0.0213124
1.82843e-05
0.0998156
0.0999688
0.0286045
0.00675342
0.0043653
0.0185675
0.000569764
0.00410459
0.021105
1.5586e-05
0.0998156
0.0999829
0.0322576
0.00652338
0.00393291
0.0187526
0.000336588
0.00397705
0.0208994
1.3716e-05
0.0998156
0.0999906
0.0362088
0.00630064
0.00366244
0.0189393
0.000199346
0.0038568
0.0206956
1.27769e-05
0.0998156
0.0999949
0.0404378
0.00608502
0.00350573
0.0191276
0.000118723
0.00374499
0.0204935
1.30266e-05
0.0998156
0.0999973
0.0449135
0.00587631
0.00342927
0.0193176
7.15182e-05
0.00364333
0.0202932
1.49717e-05
0.0998157
0.0999986
0.0495937
0.00567433
0.00340976
0.0195093
4.40597e-05
0.00355438
0.0200946
1.95296e-05
0.0998156
0.0999993
0.0544263
0.00547889
0.00343101
0.0197027
2.83046e-05
0.00348181
0.0198978
0.0998156
0.0999997
0.0593499
0.0052898
0.0998154
0.0999999
0.0642971
0.00510689
0.0998147
0.1
0.0691975
0.00492997
0.0998126
0.1
0.0739815
0.00475887
0.0998067
0.1
0.078584
0.00459343
0.0997897
0.1
0.082948
0.00443346
0.0997406
0.1
0.0870269
0.00427882
0.0995992
0.1
0.0907867
0.00412935
0.0991922
0.1
0.0942061
0.00398495
0.0980202
0.1
0.0972764
0.00384772
0.0946459
0.1
0.1
0.00378141
0.0946459
0.0694094
0.0946459
0.0505844
0.0946459
0.0372299
0.0946459
0.0283626
0.0946459
0.0230239
0.094646
0.0203946
0.094646
0.0198553
0.094646
0.0209825
0.094646
0.0235088
0.094646
0.0272719
0.094646
0.0321642
0.094646
0.0380901
0.094646
0.0449313
0.094646
0.0525237
0.094646
0.0606496
0.094646
0.0690465
0.094646
0.0774306
0.094646
0.0855283
0.094646
0.0931077
0.094646
0.1
0.094646
0.094646
0.094646
0.094646
0.094646
0.094646
0.0946461
0.0946461
0.0946461
0.0946461
0.0946461
0.0946461
0.0946461
0.0946461
0.0946461
0.0946461
0.0946461
0.0946461
0.0946461
0.0946461
END_LIST
