BEGIN_LIST
0
7.85327e-165
2.71138e-164
7.37935e-164
1.86251e-163
4.56185e-163
1.10224e-162
2.64442e-162
6.31589e-162
1.50313e-161
3.56547e-161
8.42869e-161
1.98516e-160
4.65641e-160
1.08717e-159
2.52502e-159
5.82898e-159
1.33614e-158
3.03728e-158
6.83526e-158
8.17378e-158
1.22675e-157
8.81945e-158
1.66298e-157
9.47273e-158
2.13013e-157
1.01333e-157
2.63638e-157
1.08008e-157
3.19667e-157
1.1475e-157
3.83768e-157
1.21554e-157
4.60685e-157
1.28421e-157
5.58857e-157
1.35381e-157
6.93398e-157
1.43997e-157
8.91511e-157
2.211e-157
1.20247e-156
3.22411e-156
1.71609e-156
1.31331e-154
2.59713e-156
5.6089e-153
4.14999e-156
2.39815e-151
6.94107e-156
1.02556e-149
1.20321e-155
4.38588e-148
2.14273e-155
1.87583e-146
3.89316e-155
8.02276e-145
7.17928e-155
3.43164e-143
1.3352e-154
1.46816e-141
1.38786e-154
1.79466e-154
7.49098e-155
3.45984e-141
1.55181e-141
1.44261e-154
2.07533e-154
4.20986e-155
6.67291e-141
1.63904e-141
1.49955e-154
2.24069e-154
2.37261e-155
1.16646e-140
1.72971e-141
1.55876e-154
2.33166e-154
1.34165e-155
1.92024e-140
1.82355e-141
1.62033e-154
2.37465e-154
7.61342e-156
3.03331e-140
1.92024e-141
1.68436e-154
2.38671e-154
4.33549e-156
4.64739e-140
2.01926e-141
1.75094e-154
2.37886e-154
2.47721e-156
6.95321e-140
2.11997e-141
1.82019e-154
2.35821e-154
1.41996e-156
1.02063e-139
2.22148e-141
1.89222e-154
2.32938e-154
8.16369e-157
1.47478e-139
2.32262e-141
1.96712e-154
2.29534e-154
4.70657e-157
2.10326e-139
2.42187e-141
2.04503e-154
2.25803e-154
2.7204e-157
2.9667e-139
2.51714e-141
2.12606e-154
2.21871e-154
1.57608e-157
4.14596e-139
2.60547e-141
2.21034e-154
2.1782e-154
9.15069e-158
5.74915e-139
2.68249e-141
2.298e-154
2.13702e-154
5.32314e-158
7.92137e-139
2.74136e-141
2.38918e-154
2.09554e-154
3.102e-158
1.08583e-138
2.77072e-141
2.48466e-154
2.05398e-154
1.81048e-158
1.48257e-138
2.75092e-141
2.52789e-154
2.0125e-154
1.05815e-158
2.01876e-138
2.64669e-141
7.47899e-154
1.97121e-154
6.19199e-159
2.74482e-138
2.39332e-141
-4.16471e-152
1.93018e-154
3.62711e-159
3.73171e-138
1.86977e-141
3.66714e-150
1.88947e-154
2.12644e-159
5.08157e-138
8.45087e-142
2.13108e-149
3.71561e-150
1.38137e-153
8.55395e-155
1.43818e-154
1.49715e-159
5.35804e-138
4.85396e-138
8.61098e-142
2.49969e-142
6.90314e-149
3.76442e-150
3.8169e-153
3.8818e-155
1.08998e-154
1.05418e-159
5.61135e-138
4.53834e-138
8.77413e-142
7.39246e-143
1.98234e-148
3.81357e-150
8.91088e-153
1.76359e-155
8.25667e-155
7.42237e-160
5.83909e-138
4.15372e-138
8.94036e-142
2.18616e-143
5.48718e-148
3.86307e-150
2.0136e-152
8.01822e-156
6.27696e-155
5.22489e-160
6.0389e-138
3.72491e-138
9.10975e-142
6.46523e-144
1.50164e-147
3.91291e-150
4.65016e-152
3.64753e-156
4.80885e-155
3.67636e-160
6.20855e-138
3.27814e-138
9.28234e-142
1.91209e-144
4.0989e-147
3.9631e-150
1.12337e-151
1.66004e-156
3.72748e-155
2.58486e-160
6.34588e-138
2.837e-138
9.4582e-142
5.65531e-145
1.11963e-146
4.01363e-150
2.85344e-151
7.55815e-157
2.93411e-155
1.81536e-160
6.44886e-138
2.41989e-138
9.6374e-142
1.67276e-145
3.06435e-146
4.0645e-150
7.5825e-151
3.44243e-157
2.35289e-155
1.2728e-160
6.51562e-138
2.039e-138
9.81999e-142
4.94833e-146
8.40804e-146
4.11571e-150
2.08905e-150
1.56834e-157
1.92673e-155
8.90261e-161
6.54443e-138
1.70079e-138
1.0006e-141
1.46418e-146
2.31341e-145
4.16726e-150
5.91297e-150
7.14662e-158
1.61325e-155
6.20565e-161
6.53372e-138
1.40708e-138
1.01956e-141
4.33557e-147
6.38366e-145
4.21915e-150
1.70629e-149
3.25665e-158
1.3813e-155
4.30483e-161
6.48213e-138
1.15647e-138
1.03888e-141
1.28677e-147
1.7668e-144
4.27137e-150
4.99053e-149
1.48358e-158
1.20812e-155
2.96575e-161
6.3885e-138
9.45558e-139
1.05856e-141
3.84802e-148
4.90488e-144
4.32394e-150
1.47315e-148
6.75216e-159
1.07714e-155
2.02312e-161
6.25187e-138
7.69961e-139
1.07862e-141
1.17911e-148
1.36588e-143
4.37684e-150
4.37585e-148
3.06607e-159
9.76325e-156
1.36033e-161
6.07154e-138
6.24979e-139
1.09905e-141
3.89049e-149
3.81542e-143
4.43008e-150
1.30528e-147
1.38519e-159
8.96958e-156
8.95062e-162
5.84702e-138
5.06046e-139
1.11987e-141
1.54858e-149
1.06912e-142
4.48365e-150
3.90455e-147
6.18897e-160
8.32718e-156
5.69207e-162
5.57811e-138
4.08969e-139
1.14109e-141
8.51365e-150
3.00518e-142
4.53756e-150
1.17019e-146
2.69817e-160
7.79037e-156
3.41747e-162
5.26486e-138
3.30063e-139
1.16271e-141
6.40826e-150
8.47454e-142
4.59181e-150
3.51142e-146
1.11094e-160
7.32623e-156
1.83702e-162
4.90758e-138
2.66357e-139
1.18473e-141
5.7432e-150
2.39838e-141
4.64641e-150
1.05456e-145
3.92277e-161
6.91114e-156
7.46055e-163
4.50689e-138
2.17073e-139
1.20687e-141
5.5046e-150
6.82023e-141
4.7014e-150
3.16884e-145
6.98395e-162
6.5283e-156
0
4.06368e-138
1.9616e-139
1.2179e-141
5.39244e-150
4.2114e-141
9.81197e-141
4.73376e-150
5.25956e-145
7.14759e-162
3.99264e-162
5.97775e-156
4.03083e-138
2.98276e-138
5.34722e-150
2.58172e-141
1.38981e-140
4.76623e-150
8.70279e-145
7.31511e-162
2.28255e-162
5.45093e-156
3.99751e-138
2.18854e-138
5.30726e-150
1.57558e-141
1.94755e-140
4.79881e-150
1.43779e-144
7.48661e-162
1.3049e-162
4.93451e-156
3.96375e-138
1.60533e-138
5.2701e-150
9.58927e-142
2.70855e-140
4.83151e-150
2.37351e-144
7.66219e-162
7.45964e-163
4.42396e-156
3.92959e-138
1.17727e-138
5.23443e-150
5.82671e-142
3.74657e-140
4.86433e-150
3.91668e-144
7.84199e-162
4.26424e-163
3.92035e-156
3.89507e-138
8.63169e-139
5.19959e-150
3.53703e-142
5.16219e-140
4.89726e-150
6.46191e-144
8.02617e-162
2.4374e-163
3.42818e-156
3.86021e-138
6.32733e-139
5.16523e-150
2.14587e-142
7.09253e-140
4.93031e-150
1.06601e-143
8.21507e-162
1.39296e-163
2.95379e-156
3.82504e-138
4.63696e-139
5.13118e-150
1.30144e-142
9.7245e-140
4.96347e-150
1.75849e-143
8.40938e-162
7.95848e-164
2.50406e-156
3.7896e-138
3.39706e-139
5.09735e-150
7.8915e-143
1.3313e-139
4.99675e-150
2.9007e-143
8.61088e-162
4.5447e-164
2.08554e-156
3.75392e-138
2.48761e-139
5.06368e-150
4.78459e-143
1.82056e-139
5.03015e-150
8.82429e-162
2.59306e-164
1.70366e-156
3.71803e-138
9.06246e-162
1.47736e-164
1.36235e-156
3.68195e-138
9.36083e-162
8.39614e-165
1.06378e-156
3.64571e-138
9.81735e-162
4.75123e-165
8.08365e-157
3.60933e-138
1.07031e-161
2.66866e-165
5.94881e-157
3.57285e-138
1.27685e-161
1.47934e-165
4.20771e-157
3.53629e-138
1.80919e-161
8.00705e-166
2.82468e-157
3.49966e-138
3.24295e-161
4.1403e-166
1.75751e-157
3.463e-138
7.17227e-161
1.94258e-166
9.60946e-158
3.42635e-138
1.80124e-160
6.98764e-167
3.89543e-158
3.3904e-138
4.79917e-160
0
0
3.37277e-138
4.89043e-160
2.69158e-159
4.98343e-160
4.29117e-159
5.07821e-160
5.34375e-159
5.17479e-160
5.96608e-159
5.27322e-160
6.2889e-159
5.37353e-160
6.42201e-159
5.47575e-160
6.4376e-159
5.57992e-160
6.37086e-159
5.68608e-160
6.22934e-159
5.79427e-160
6.00463e-159
5.90452e-160
5.68299e-159
6.01688e-160
5.25401e-159
6.13138e-160
4.71678e-159
6.24807e-160
4.08295e-159
6.36699e-160
3.3767e-159
6.48818e-160
2.63172e-159
6.61168e-160
1.88644e-159
6.73753e-160
1.17881e-159
6.86583e-160
5.41726e-160
6.99592e-160
0
7.18129e-160
7.3716e-160
7.56696e-160
7.76752e-160
7.97341e-160
8.18477e-160
8.40175e-160
8.6245e-160
8.85318e-160
9.08793e-160
9.32892e-160
9.57632e-160
9.83031e-160
1.0091e-159
1.03588e-159
1.06333e-159
1.09166e-159
1.12005e-159
1.1524e-159
1.17081e-159
END_LIST
