BEGIN_LIST
0.1
0.0998157
0.0996316
0.0994478
0.0992642
0.0990809
0.0988978
0.0987149
0.0985323
0.0983499
0.0981678
0.0979859
0.0978042
0.0976226
0.0974409
0.0972588
0.097075
0.0968867
0.0966869
0.0964577
0.0961543
0.0951925
0.0959982
0.0940693
0.0958364
0.0927652
0.0956688
0.0912604
0.0954952
0.0895359
0.0953154
0.0875748
0.0951292
0.0853633
0.0949364
0.0828921
0.0947368
0.080158
0.0945303
0.0771657
0.0943165
0.0739283
0.0940953
0.0704696
0.0938665
0.0668255
0.0936299
0.0630462
0.0933852
0.0592018
0.0931323
0.0553926
0.0928709
0.0517718
0.0926006
0.0485912
0.092319
0.0462945
0.0919347
0.0457004
0.0880762
0.0456997
0.0454327
0.0475777
0.0844637
0.0875709
0.0456991
0.0455863
0.0498905
0.0808385
0.0869772
0.0456984
0.0460005
0.0525242
0.0772158
0.0862822
0.0456978
0.0465766
0.0553673
0.0736107
0.0854715
0.0456971
0.0472537
0.0583272
0.0700378
0.0845299
0.0456965
0.0479944
0.0613315
0.0665111
0.0834415
0.0456958
0.0487756
0.064325
0.0630438
0.0821901
0.0456951
0.0495827
0.0672656
0.0596479
0.0807595
0.0456945
0.0504069
0.0701209
0.0563342
0.079134
0.0456938
0.0512424
0.0728659
0.053112
0.0772988
0.0456932
0.0520857
0.0754816
0.0499892
0.0752399
0.0456925
0.0529343
0.0779541
0.0469713
0.0729423
0.0456919
0.0537866
0.0802737
0.0440611
0.0703874
0.0456912
0.0546414
0.082435
0.0412573
0.0675441
0.0456906
0.0554979
0.0844354
0.0385512
0.064352
0.0456899
0.0563554
0.0862757
0.0359211
0.0606872
0.0456892
0.0572133
0.0879589
0.0333191
0.0562918
0.0456885
0.0580711
0.0894904
0.0306461
0.0506346
0.0456978
0.0589282
0.0908769
0.0276987
0.0426275
0.0447885
0.0597843
0.0921263
0.0240595
0.0300368
0.0433713
0.0441644
0.0528628
0.0767936
0.0439429
0.0928908
0.0234682
0.0210231
0.0300365
0.0233722
0.0418899
0.0435462
0.0448271
0.0848466
0.0328327
0.0936005
0.0228753
0.0180127
0.0300362
0.0216925
0.0403504
0.0429339
0.0363582
0.0888926
0.025205
0.0942582
0.02228
0.015148
0.0300359
0.0214552
0.0387599
0.0423275
0.0282408
0.0911342
0.0201046
0.0948667
0.021682
0.0125229
0.0300356
0.0216379
0.0371268
0.0417271
0.021104
0.0925482
0.01682
0.0954288
0.0210805
0.0101969
0.0300354
0.0219453
0.0354602
0.0411327
0.0152729
0.0935675
0.0148337
0.0959475
0.0204749
0.00819536
0.0300351
0.0222923
0.0337699
0.0405443
0.0107794
0.0943843
0.0137775
0.0964255
0.0198648
0.00651485
0.0300348
0.0226544
0.0320661
0.0399619
0.00746723
0.0950848
0.0133934
0.0968654
0.0192493
0.0051324
0.0300345
0.0230245
0.0303595
0.0393856
0.00510373
0.0957087
0.0135031
0.0972698
0.0186278
0.00401386
0.0300343
0.0234007
0.0286604
0.0388152
0.00345559
0.0962748
0.0139849
0.0976413
0.0179996
0.00312081
0.030034
0.0237823
0.026979
0.0382509
0.00232453
0.096793
0.0147564
0.0979821
0.0173638
0.00241528
0.0300337
0.0241693
0.0253246
0.0376926
0.00155678
0.097269
0.0157622
0.0982944
0.0167198
0.00186251
0.0300334
0.0245616
0.0237055
0.0371403
0.00103949
0.0977069
0.0169659
0.0985805
0.0160667
0.0014322
0.0300331
0.0249593
0.0221278
0.036594
0.000692704
0.0981097
0.0183435
0.0988423
0.0154035
0.00109891
0.0300329
0.0253623
0.0205928
0.0360538
0.000460993
0.0984801
0.0198794
0.0990817
0.0147295
0.00084176
0.0300326
0.0257708
0.0190905
0.0355196
0.000306522
0.0988205
0.0215637
0.0993004
0.0140436
0.000643954
0.0300323
0.0261848
0.0175801
0.0349914
0.000203716
0.0991331
0.0233895
0.0995001
0.0133448
0.000492186
0.030032
0.0266043
0.0159359
0.0344692
0.000135415
0.09942
0.0253519
0.0996824
0.0126322
0.000376292
0.0300317
0.0270293
0.0137895
0.0339532
9.02423e-05
0.0996831
0.0274468
0.0998485
0.0119044
0.000290994
0.0300315
0.02746
0.0100753
0.0334438
6.0931e-05
0.0999242
0.02967
0.1
0.0111605
0.000255754
0.0300313
0.0278962
0.00600115
0.00975529
0.0331473
5.04768e-05
0.0999242
0.0999581
0.033274
0.0108019
0.00954057
0.0281552
0.00355872
0.00944591
0.0328528
4.20131e-05
0.0999242
0.099977
0.0371518
0.0104534
0.00846874
0.0284159
0.00210511
0.00914729
0.0325604
3.5302e-05
0.0999242
0.0999874
0.04127
0.0101146
0.00778178
0.0286784
0.00124391
0.00885967
0.0322701
3.02247e-05
0.0999243
0.0999932
0.0455875
0.00978554
0.00736549
0.0289428
0.000735192
0.00858356
0.0319817
2.68144e-05
0.0999243
0.0999963
0.0500546
0.00946591
0.00714015
0.0292091
0.000435343
0.00831973
0.0316954
2.53216e-05
0.0999243
0.0999981
0.0546145
0.00915554
0.00705013
0.0294774
0.000259003
0.00806948
0.0314112
2.63313e-05
0.0999243
0.0999991
0.0592045
0.00885425
0.00705668
0.0297477
0.000155633
0.00783474
0.0311289
3.09696e-05
0.0999244
0.0999996
0.0637593
0.00856183
0.00713283
0.0300199
9.53967e-05
0.00761839
0.0308486
4.12574e-05
0.0999243
0.0999999
0.068214
0.00827811
0.00725984
0.0302942
6.07157e-05
0.00742469
0.0305704
0.0999243
0.1
0.0725078
0.00800287
0.0999241
0.1
0.0765869
0.00773593
0.0999235
0.1
0.0804074
0.0074771
0.0999217
0.1
0.0839363
0.00722617
0.0999166
0.1
0.0871527
0.00698297
0.0999017
0.1
0.0900473
0.00674729
0.0998589
0.1
0.0926212
0.00651896
0.0997357
0.1
0.0948843
0.00629778
0.0993808
0.1
0.0968535
0.00608368
0.0983589
0.1
0.0985505
0.00587984
0.0954168
0.1
0.1
0.00578126
0.0954168
0.0731939
0.0954168
0.0562304
0.0954168
0.0438684
0.0954168
0.0354833
0.0954168
0.030431
0.0954168
0.0280994
0.0954168
0.027971
0.0954168
0.0296452
0.0954168
0.0328213
0.0954168
0.0372612
0.0954168
0.0427503
0.0954168
0.0490661
0.0954169
0.0559625
0.0954169
0.0631711
0.0954169
0.0704171
0.0954169
0.077444
0.0954169
0.084038
0.0954169
0.0900448
0.0954169
0.0953753
0.0954169
0.1
0.0954169
0.0954169
0.0954169
0.0954169
0.0954169
0.0954169
0.0954169
0.0954169
0.0954169
0.095417
0.095417
0.095417
0.095417
0.095417
0.095417
0.095417
0.095417
0.095417
0.095417
0.095417
END_LIST
