BEGIN_LIST
0.1
0.0998026
0.0996056
0.0994088
0.0992124
0.0990163
0.0988205
0.098625
0.0984298
0.0982349
0.0980402
0.0978459
0.0976516
0.0974573
0.0972621
0.0970646
0.0968604
0.0966392
0.0963744
0.0959995
0.0953463
0.0931062
0.094962
0.090588
0.0945659
0.0877845
0.0941576
0.0846956
0.093737
0.0813296
0.0933038
0.0777039
0.0928577
0.0738453
0.0923986
0.0697898
0.0919263
0.0655815
0.0914405
0.0612708
0.0909411
0.0569123
0.0904279
0.0525634
0.0899007
0.0482822
0.0893594
0.044128
0.0888037
0.0401648
0.0882336
0.036471
0.087649
0.0331628
0.0870496
0.0304451
0.0864321
0.0287199
0.0856726
0.0288164
0.0803512
0.0288159
0.030417
0.0269581
0.0760746
0.0787381
0.0288153
0.0317059
0.027075
0.0718959
0.0769202
0.0288147
0.0328036
0.0283137
0.0678279
0.0748881
0.0288142
0.0337855
0.0302173
0.0638819
0.072637
0.0288136
0.034699
0.0325401
0.0600673
0.0701668
0.0288131
0.0355738
0.0351471
0.0563918
0.0674836
0.0288125
0.0364285
0.0379604
0.0528616
0.0645999
0.028812
0.0372747
0.0409311
0.0494811
0.0615351
0.0288114
0.0381197
0.0440238
0.0462531
0.0583145
0.0288109
0.038968
0.0472096
0.0431788
0.0549694
0.0288103
0.0398224
0.0504618
0.0402579
0.0515345
0.0288098
0.0406846
0.0537541
0.0374881
0.0480468
0.0288092
0.0415554
0.0570602
0.0348652
0.0445413
0.0288087
0.0424355
0.0603539
0.0323812
0.0410471
0.0288081
0.0433251
0.0636091
0.0300224
0.0375787
0.0288076
0.0442242
0.066801
0.0277633
0.034122
0.028807
0.0451327
0.0699061
0.0255558
0.0306045
0.0288063
0.0460506
0.0729035
0.0233049
0.0268355
0.0288157
0.0469776
0.0757745
0.0208182
0.0223768
0.0279162
0.0479134
0.0785041
0.0177021
0.0162615
0.0262991
0.0274688
0.0386747
0.0640543
0.0341278
0.0802501
0.0172238
0.0147148
0.0162613
0.0131604
0.0247058
0.0270275
0.0299042
0.0722094
0.0246215
0.0819229
0.016743
0.0120393
0.0162611
0.0124175
0.0231451
0.0265922
0.0222597
0.0768217
0.0181709
0.083521
0.0162592
0.00971561
0.0162609
0.012356
0.0216249
0.026163
0.0160584
0.0798377
0.013876
0.0850434
0.0157718
0.0077496
0.0162607
0.0124933
0.0201523
0.0257397
0.0113065
0.0821102
0.0110908
0.0864896
0.0152803
0.00612206
0.0162605
0.0126904
0.0187334
0.0253224
0.00781856
0.0840128
0.00936014
0.0878597
0.0147841
0.00479852
0.0162603
0.0129073
0.0173729
0.0249109
0.00533717
0.0857087
0.00836851
0.0891543
0.0142828
0.00373751
0.0162601
0.0131326
0.0160748
0.0245052
0.0036105
0.0872693
0.00789958
0.0903743
0.0137755
0.00289661
0.0162598
0.0133629
0.0148417
0.0241052
0.00242729
0.0887263
0.00780664
0.0915214
0.0132618
0.00223611
0.0162596
0.0135974
0.0136755
0.023711
0.00162494
0.0900938
0.00799123
0.0925972
0.0127409
0.00172095
0.0162594
0.0138359
0.0125768
0.0233224
0.00108472
0.0913792
0.00838807
0.093604
0.012212
0.00132133
0.0162592
0.0140782
0.0115456
0.0229394
0.000722706
0.0925865
0.00895466
0.0945441
0.0116746
0.00101264
0.016259
0.0143246
0.0105809
0.0225619
0.000480897
0.0937188
0.00966405
0.0954201
0.0111278
0.000774978
0.0162588
0.0145749
0.00968068
0.0221899
0.000319722
0.0947789
0.0105
0.0962349
0.0105707
0.000592449
0.0162586
0.0148292
0.00884103
0.0218233
0.000212446
0.0957694
0.0114533
0.0969912
0.0100026
0.000452534
0.0162584
0.0150877
0.00805396
0.0214621
0.000141114
0.0966933
0.0125199
0.097692
0.00942246
0.000345444
0.0162582
0.0153503
0.00730013
0.0211062
9.37202e-05
0.0975535
0.0136989
0.0983404
0.00882945
0.000263592
0.016258
0.0156171
0.00652751
0.0207557
6.22687e-05
0.0983529
0.0149917
0.0989392
0.00822254
0.000201268
0.0162578
0.0158881
0.00558816
0.0204104
4.14799e-05
0.0990946
0.016401
0.0994914
0.00760071
0.000155489
0.0162576
0.0161635
0.00405026
0.0200707
2.79884e-05
0.0997818
0.0179302
0.1
0.00696285
0.000136592
0.0162575
0.0164433
0.00239594
0.00391882
0.0198735
2.31699e-05
0.0997818
0.0998792
0.0204828
0.00672569
0.00554614
0.0166098
0.00141494
0.00379234
0.0196781
1.9259e-05
0.0997819
0.0999332
0.023342
0.00649606
0.00458362
0.0167776
0.000834966
0.00367098
0.0194844
1.61402e-05
0.0997819
0.0999631
0.0265148
0.00627376
0.00393833
0.0169469
0.000492734
0.00355501
0.0192923
1.37491e-05
0.0997819
0.0999797
0.0300041
0.00605859
0.00351481
0.0171177
0.000291072
0.00344492
0.019102
1.20842e-05
0.0997819
0.0999889
0.0338061
0.00585036
0.00324653
0.0172901
0.0001724
0.00334143
0.0189134
1.12326e-05
0.0997819
0.099994
0.0379082
0.00564886
0.0030872
0.017464
0.000102696
0.00324567
0.0187265
1.14157e-05
0.099782
0.0999968
0.0422877
0.00545392
0.00300462
0.0176395
6.18915e-05
0.0031593
0.0185412
1.30704e-05
0.099782
0.0999983
0.0469105
0.00526534
0.0029764
0.0178166
3.81635e-05
0.00308476
0.0183576
1.69888e-05
0.099782
0.0999992
0.0517314
0.00508294
0.00298698
0.0179953
2.4557e-05
0.0030256
0.0181756
0.0997819
0.0999996
0.0566948
0.00490654
0.0997816
0.0999999
0.0617364
0.00473597
0.0997809
0.1
0.0667864
0.00457105
0.0997789
0.1
0.0717725
0.00441162
0.0997728
0.1
0.0766242
0.00425751
0.0997554
0.1
0.0812765
0.00410855
0.0997051
0.1
0.0856731
0.0039646
0.0995604
0.1
0.0897693
0.0038255
0.0991437
0.1
0.093533
0.00369118
0.0979438
0.1
0.0969453
0.00356354
0.0944893
0.1
0.1
0.00350188
0.0944894
0.0687219
0.0944894
0.0496109
0.0944894
0.0361363
0.0944894
0.0272307
0.0944894
0.0218728
0.0944894
0.0192075
0.0944894
0.0185992
0.0944894
0.0196213
0.0944894
0.0220115
0.0944894
0.0256184
0.0944894
0.0303522
0.0944894
0.0361405
0.0944894
0.0428922
0.0944894
0.0504719
0.0944894
0.0586859
0.0944894
0.0672862
0.0944894
0.0759888
0.0944894
0.0845053
0.0944894
0.0925765
0.0944894
0.1
0.0944894
0.0944894
0.0944894
0.0944895
0.0944895
0.0944895
0.0944895
0.0944895
0.0944895
0.0944895
0.0944895
0.0944895
0.0944895
0.0944895
0.0944895
0.0944895
0.0944895
0.0944895
0.0944895
0.0944895
END_LIST
