BEGIN_LIST
0
7.38737e-32
2.47535e-31
6.44877e-31
1.54753e-30
3.60368e-30
8.32063e-30
1.92321e-29
4.46713e-29
1.04369e-28
2.45174e-28
5.78529e-28
1.36982e-27
3.25155e-27
7.73182e-27
1.84079e-26
4.3861e-26
1.04567e-25
2.49387e-25
5.94923e-25
1.41947e-24
6.12839e-24
1.47859e-24
1.40394e-23
1.54017e-24
2.65483e-23
1.60429e-24
4.54485e-23
1.67108e-24
7.29748e-23
1.74062e-24
1.11828e-22
1.81305e-24
1.65169e-22
1.88847e-24
2.3658e-22
1.96702e-24
3.29989e-22
2.04881e-24
4.49565e-22
2.13399e-24
5.99633e-22
2.22269e-24
7.84656e-22
2.31506e-24
1.00945e-21
2.41126e-24
1.27985e-21
2.51143e-24
1.60434e-21
2.61583e-24
1.9974e-21
2.72744e-24
2.48624e-21
2.9677e-24
3.12341e-21
8.51348e-24
4.01037e-21
2.40444e-22
5.33903e-21
1.01424e-20
5.67726e-21
6.5573e-21
3.21814e-21
2.37377e-20
1.07828e-20
6.03726e-21
7.24853e-21
1.974e-21
4.52086e-20
1.14565e-20
6.42047e-21
7.59748e-21
1.23934e-21
7.76449e-20
1.21634e-20
6.82841e-21
7.72506e-21
8.00343e-22
1.24973e-19
1.29028e-20
7.26271e-21
7.71036e-21
5.33512e-22
1.92087e-19
1.36735e-20
7.72512e-21
7.60518e-21
3.67645e-22
2.84979e-19
1.44739e-20
8.21748e-21
7.44338e-21
2.61625e-22
4.10874e-19
1.53017e-20
8.74179e-21
7.24713e-21
1.91614e-22
5.78358e-19
1.6155e-20
9.30014e-21
7.0309e-21
1.43712e-22
7.97508e-19
1.70325e-20
9.89479e-21
6.80413e-21
1.09747e-22
1.08004e-18
1.79353e-20
1.05282e-20
6.57295e-21
8.48548e-23
1.43949e-18
1.88704e-20
1.12028e-20
6.34135e-21
6.60961e-23
1.89144e-18
1.9856e-20
1.19214e-20
6.1119e-21
5.16517e-23
2.45392e-18
2.09328e-20
1.2687e-20
5.88623e-21
4.03611e-23
3.14807e-18
2.21831e-20
1.35026e-20
5.66536e-21
3.14548e-23
3.99923e-18
2.37683e-20
1.43716e-20
5.44992e-21
2.43997e-23
5.039e-18
2.59961e-20
1.52974e-20
5.24028e-21
1.88091e-23
6.3088e-18
2.94508e-20
1.6284e-20
5.03664e-21
1.43906e-23
7.86639e-18
3.52419e-20
1.7336e-20
4.83906e-21
1.09153e-23
9.79778e-18
4.5504e-20
1.83842e-20
4.64757e-21
8.1997e-24
1.22396e-17
6.44656e-20
1.87733e-20
1.8945e-20
5.07914e-21
2.17058e-21
6.89644e-21
6.75036e-24
1.27325e-17
1.16154e-17
6.64111e-20
7.35067e-20
1.91288e-20
1.95218e-20
5.26105e-21
1.01814e-21
8.44042e-21
5.52699e-24
1.31731e-17
1.07906e-17
6.84149e-20
7.47863e-20
1.94458e-20
2.01152e-20
5.14619e-21
4.79601e-22
9.46494e-21
4.49918e-24
1.35574e-17
9.81377e-18
7.04786e-20
7.3769e-20
1.97195e-20
2.07254e-20
4.75345e-21
2.27194e-22
1.01209e-20
3.63992e-24
1.38813e-17
8.74581e-18
7.26041e-20
7.20953e-20
1.99455e-20
2.13531e-20
4.16248e-21
1.08506e-22
1.05229e-20
2.92525e-24
1.4141e-17
7.64938e-18
7.47931e-20
7.02571e-20
2.01195e-20
2.19985e-20
3.48007e-21
5.2442e-23
1.07531e-20
2.33404e-24
1.4333e-17
6.57955e-18
7.70475e-20
6.84014e-20
2.02379e-20
2.26622e-20
2.80204e-21
2.57789e-23
1.08678e-20
1.84773e-24
1.44539e-17
5.57807e-18
7.93691e-20
6.65717e-20
2.02977e-20
2.33447e-20
2.19162e-21
1.29681e-23
1.0904e-20
1.4501e-24
1.45006e-17
4.67162e-18
8.17599e-20
6.47807e-20
2.02969e-20
2.40464e-20
1.67787e-21
6.71931e-24
1.08853e-20
1.12703e-24
1.44703e-17
3.87314e-18
8.42218e-20
6.30313e-20
2.02341e-20
2.47679e-20
1.26505e-21
3.60547e-24
1.08259e-20
8.66315e-25
1.43604e-17
3.18486e-18
8.6757e-20
6.1324e-20
2.01091e-20
2.55096e-20
9.43655e-22
2.00863e-24
1.07339e-20
6.57439e-25
1.41687e-17
2.60169e-18
8.93675e-20
5.96583e-20
1.99232e-20
2.6272e-20
6.98768e-22
1.15995e-24
1.06139e-20
4.91411e-25
1.38935e-17
2.1142e-18
9.20554e-20
5.80335e-20
1.96798e-20
2.70558e-20
5.14863e-22
6.90251e-25
1.04679e-20
3.60577e-25
1.35333e-17
1.71099e-18
9.48231e-20
5.64487e-20
1.93869e-20
2.78613e-20
3.78092e-22
4.19386e-25
1.02965e-20
2.58465e-25
1.3087e-17
1.38021e-18
9.76727e-20
5.49031e-20
1.90633e-20
2.86892e-20
2.7704e-22
2.5734e-25
1.00999e-20
1.79628e-25
1.25539e-17
1.11058e-18
1.00607e-19
5.3396e-20
1.8758e-20
2.95401e-20
2.02712e-22
1.57625e-25
9.87779e-21
1.19514e-25
1.19338e-17
8.91883e-19
1.03627e-19
5.19266e-20
1.86056e-20
3.04145e-20
1.48231e-22
9.51969e-26
9.62986e-21
7.43419e-26
1.12269e-17
7.15231e-19
1.06737e-19
5.0494e-20
1.89876e-20
3.13132e-20
1.0847e-22
5.58879e-26
9.35611e-21
4.09917e-26
1.04339e-17
5.73484e-19
1.09937e-19
4.90975e-20
2.10052e-20
3.22372e-20
7.97717e-23
3.12762e-26
9.0568e-21
1.69048e-26
9.55596e-18
4.64438e-19
1.13187e-19
4.77364e-20
2.78764e-20
3.31889e-20
5.99076e-23
1.61289e-26
8.73263e-21
0
8.59471e-18
4.18303e-19
1.14813e-19
4.64097e-20
1.73771e-20
3.44517e-20
3.37571e-20
5.29295e-23
1.86756e-26
1.3176e-26
8.19072e-21
8.50174e-18
6.27256e-18
4.56505e-20
1.07549e-20
4.31705e-20
3.43343e-20
4.76876e-23
2.16261e-26
1.0591e-26
7.60018e-21
8.40813e-18
4.57825e-18
4.49012e-20
6.62795e-21
5.48147e-20
3.49207e-20
4.44376e-23
2.50437e-26
8.38796e-27
6.96984e-21
8.31397e-18
3.34274e-18
4.41625e-20
4.07503e-21
7.04579e-20
3.55163e-20
4.37119e-23
2.90022e-26
6.55153e-27
6.3108e-21
8.21934e-18
2.44211e-18
4.34347e-20
2.50301e-21
9.15746e-20
3.61213e-20
4.64788e-23
3.35888e-26
5.04949e-27
5.63593e-21
8.12431e-18
1.7857e-18
4.27176e-20
1.53773e-21
1.2019e-19
3.67359e-20
5.44054e-23
3.89103e-26
3.84138e-27
4.95921e-21
8.02897e-18
1.30728e-18
4.20113e-20
9.46177e-22
1.59087e-19
3.73601e-20
7.02882e-23
4.51084e-26
2.88439e-27
4.2949e-21
7.93338e-18
9.58549e-19
4.13158e-20
5.84259e-22
2.12087e-19
3.79941e-20
9.87579e-23
5.23978e-26
2.13706e-27
3.65665e-21
7.83761e-18
7.04266e-19
4.06308e-20
3.63282e-22
2.84442e-19
3.86381e-20
1.47432e-22
6.11705e-26
1.56138e-27
3.05659e-21
7.74173e-18
5.18769e-19
3.99563e-20
2.28797e-22
3.83366e-19
3.92921e-20
7.22793e-26
1.1238e-27
2.5047e-21
7.64581e-18
8.782e-26
7.95646e-28
2.00829e-21
7.5499e-18
1.13293e-25
5.52917e-28
1.57179e-21
7.45407e-18
1.63587e-25
3.75956e-28
1.19676e-21
7.35838e-18
2.79533e-25
2.48941e-28
8.82175e-22
7.26287e-18
5.7376e-25
1.59332e-28
6.24848e-22
7.1676e-18
1.35767e-24
9.73413e-29
4.19936e-22
7.07262e-18
3.49305e-24
5.54373e-29
2.61509e-22
6.97799e-18
9.3658e-24
2.79074e-29
1.43072e-22
6.88379e-18
2.55826e-23
1.04779e-29
5.80189e-23
6.79176e-18
7.04382e-23
0
0
6.74669e-18
7.18066e-23
4.01332e-22
7.32022e-23
6.4056e-22
7.46255e-23
7.97829e-22
7.60772e-23
8.90616e-22
7.75578e-23
9.38508e-22
7.90679e-23
9.57969e-22
8.06082e-23
9.59836e-22
8.21793e-23
9.49413e-22
8.37819e-23
9.27871e-22
8.54166e-23
8.93992e-22
8.70842e-23
8.45753e-22
8.87854e-23
7.81626e-22
9.05208e-23
7.0148e-22
9.22912e-23
6.07054e-22
9.40974e-23
5.01937e-22
9.59402e-23
3.91127e-22
9.78203e-23
2.80325e-22
9.97386e-23
1.75154e-22
1.01697e-22
8.04883e-23
1.03684e-22
0
1.0652e-22
1.09438e-22
1.12439e-22
1.15527e-22
1.18702e-22
1.2197e-22
1.25332e-22
1.28791e-22
1.32351e-22
1.36015e-22
1.39787e-22
1.43669e-22
1.47666e-22
1.51781e-22
1.56019e-22
1.60379e-22
1.64893e-22
1.69431e-22
1.74624e-22
1.77586e-22
END_LIST
