BEGIN_LIST
0
9.42458e-180
3.17036e-179
8.26962e-179
1.9687e-178
4.47407e-178
9.84693e-178
2.1032e-177
4.33515e-177
8.50108e-177
1.53786e-176
2.37326e-176
2.25479e-176
-3.54576e-176
-3.17614e-175
-1.36435e-174
-4.8297e-174
-1.55999e-173
-4.77501e-173
-1.41061e-172
-1.06572e-172
1.57196e-174
-9.02274e-173
1.18852e-172
-7.35449e-173
2.45975e-172
-5.65361e-173
3.84948e-172
-3.92126e-173
5.39969e-172
-2.15858e-173
7.19044e-172
-3.66691e-174
9.36915e-172
1.45354e-173
1.22035e-171
3.31329e-173
1.6178e-171
5.73732e-173
2.21708e-171
3.12074e-172
3.17799e-171
1.04092e-170
4.79261e-171
4.41341e-169
7.59829e-171
1.88672e-167
1.25899e-170
8.06708e-166
2.16228e-170
3.44986e-164
3.81815e-170
1.47536e-162
6.88554e-170
6.31006e-161
1.26176e-169
2.69876e-159
2.34062e-169
1.15436e-157
4.36868e-169
4.93872e-156
4.53817e-169
5.87861e-169
2.44826e-169
1.16385e-155
5.22011e-156
4.71423e-169
6.80218e-169
1.37428e-169
2.24469e-155
5.51354e-156
4.89712e-169
7.34765e-169
7.73558e-170
3.92385e-155
5.81851e-156
5.08712e-169
7.64927e-169
4.36852e-170
6.45947e-155
6.13421e-156
5.28449e-169
7.79362e-169
2.47554e-170
1.02037e-154
6.45944e-156
5.48952e-169
7.83657e-169
1.40764e-170
1.56333e-154
6.79255e-156
5.70251e-169
7.8142e-169
8.03043e-171
2.33898e-154
7.13131e-156
5.92377e-169
7.74982e-169
4.59553e-171
3.43328e-154
7.47276e-156
6.15362e-169
7.65849e-169
2.6375e-171
4.961e-154
7.81301e-156
6.39239e-169
7.54997e-169
1.51779e-171
7.07517e-154
8.14688e-156
6.64043e-169
7.43059e-169
8.75587e-172
9.97971e-154
8.46733e-156
6.89811e-169
7.30445e-169
5.06241e-172
1.39466e-153
8.76445e-156
7.16579e-169
7.17424e-169
2.9329e-172
1.93397e-153
9.02356e-156
7.44386e-169
7.0417e-169
1.70226e-172
2.66469e-153
9.22158e-156
7.73271e-169
6.90798e-169
9.89612e-173
3.65266e-153
9.32036e-156
8.03493e-169
6.77386e-169
5.76141e-173
4.98728e-153
9.25373e-156
8.16017e-169
6.63985e-169
3.35847e-173
6.79099e-153
8.90312e-156
2.47941e-168
6.50629e-169
1.95987e-173
9.23343e-153
8.0508e-156
-1.40139e-166
6.37344e-169
1.14474e-173
1.25533e-152
6.28967e-156
1.23361e-164
6.24148e-169
6.69103e-174
1.70942e-152
2.84276e-156
7.16888e-164
1.24991e-164
4.63428e-168
2.82392e-169
4.66875e-169
4.70124e-174
1.80242e-152
1.63285e-152
2.89662e-156
8.40865e-157
2.3222e-163
1.26633e-164
1.28268e-167
1.2807e-169
3.46013e-169
3.30334e-174
1.88763e-152
1.52668e-152
2.9515e-156
2.48673e-157
6.66852e-163
1.28287e-164
2.99631e-167
5.81475e-170
2.54655e-169
2.32089e-174
1.96424e-152
1.39729e-152
3.00742e-156
7.35395e-158
1.84587e-162
1.29952e-164
6.77251e-167
2.64192e-170
1.86524e-169
1.63024e-174
2.03146e-152
1.25304e-152
3.0644e-156
2.17482e-158
5.05149e-162
1.31629e-164
1.5642e-166
1.20099e-170
1.36234e-169
1.14458e-174
2.08853e-152
1.10275e-152
3.12246e-156
6.43202e-159
1.37886e-161
1.33317e-164
3.77891e-166
5.46194e-171
9.938e-170
8.02991e-175
2.13473e-152
9.54355e-153
3.18161e-156
1.90237e-159
3.76639e-161
1.35017e-164
9.59885e-166
2.48498e-171
7.25006e-170
5.62711e-175
2.16937e-152
8.1404e-153
3.24189e-156
5.62694e-160
1.03084e-160
1.36728e-164
2.55073e-165
1.13094e-171
5.29518e-170
3.93678e-175
2.19183e-152
6.85911e-153
3.30331e-156
1.66455e-160
2.82844e-160
1.38451e-164
7.02751e-165
5.1484e-172
3.87537e-170
2.7477e-175
2.20152e-152
5.72138e-153
3.3659e-156
4.92531e-161
7.78224e-160
1.40185e-164
1.98911e-164
2.34411e-172
2.84444e-170
1.91134e-175
2.19792e-152
4.73336e-153
3.42967e-156
1.45843e-161
2.14744e-159
1.4193e-164
5.73992e-164
1.06729e-172
2.09544e-170
1.32324e-175
2.18056e-152
3.89031e-153
3.49465e-156
4.32854e-162
5.94345e-159
1.43687e-164
1.6788e-163
4.85795e-173
1.55056e-170
9.09903e-176
2.14906e-152
3.18082e-153
3.56086e-156
1.29442e-162
1.64999e-158
1.45456e-164
4.95564e-163
2.20905e-173
1.15346e-170
6.19609e-176
2.1031e-152
2.59012e-153
3.62832e-156
3.96639e-163
4.59477e-158
1.47235e-164
1.47202e-162
1.00222e-173
8.63353e-171
4.15954e-176
2.04244e-152
2.1024e-153
3.69706e-156
1.30871e-163
1.2835e-157
1.49026e-164
4.39093e-162
4.52392e-174
6.5081e-171
2.733e-176
1.96691e-152
1.70232e-153
3.76711e-156
5.20926e-164
3.59649e-157
1.50828e-164
1.31348e-161
2.01959e-174
4.94557e-171
1.73595e-176
1.87645e-152
1.37575e-153
3.83848e-156
2.86393e-164
1.01093e-156
1.52642e-164
3.93647e-161
8.79791e-175
3.79227e-171
1.04125e-176
1.77108e-152
1.11032e-153
3.9112e-156
2.1557e-164
2.85081e-156
1.54467e-164
1.18123e-160
3.62001e-175
2.937e-171
5.59319e-177
1.65089e-152
8.96013e-154
3.98528e-156
1.93199e-164
8.06806e-156
1.56303e-164
3.54751e-160
1.27745e-175
2.29926e-171
2.27054e-177
1.5161e-152
7.30225e-154
4.05974e-156
1.85173e-164
2.2943e-155
1.58153e-164
1.06599e-159
2.2712e-176
1.82066e-171
0
1.36701e-152
6.59875e-154
4.09684e-156
1.814e-164
1.4167e-155
3.30072e-155
1.59242e-164
1.7693e-159
2.32335e-176
1.29759e-176
1.30009e-171
1.35596e-152
1.00339e-152
1.79878e-164
8.68481e-156
4.67526e-155
1.60334e-164
2.92759e-159
2.37671e-176
7.4134e-177
9.54656e-172
1.34475e-152
7.36215e-153
1.78534e-164
5.30018e-156
6.5515e-155
1.6143e-164
4.83669e-159
2.43128e-176
4.23533e-177
7.19429e-172
1.33339e-152
5.40027e-153
1.77284e-164
3.2258e-156
9.11148e-155
1.6253e-164
7.98442e-159
2.48712e-176
2.41957e-177
5.54298e-172
1.3219e-152
3.96028e-153
1.76084e-164
1.96009e-156
1.26033e-154
1.63634e-164
1.31756e-158
2.54423e-176
1.38219e-177
4.34412e-172
1.31029e-152
2.90367e-153
1.74912e-164
1.18984e-156
1.73654e-154
1.64742e-164
2.17377e-158
2.60266e-176
7.89499e-178
3.44338e-172
1.29856e-152
2.12849e-153
1.73756e-164
7.21865e-157
2.3859e-154
1.65853e-164
3.58603e-158
2.66243e-176
4.5088e-178
2.74475e-172
1.28673e-152
1.55986e-153
1.72611e-164
4.37801e-157
3.27129e-154
1.66969e-164
5.91551e-158
2.72358e-176
2.57421e-178
2.18836e-172
1.27481e-152
1.14276e-153
1.71473e-164
2.65468e-157
4.47846e-154
1.68089e-164
9.75786e-158
2.78613e-176
1.46895e-178
1.73665e-172
1.26281e-152
8.36825e-154
1.7034e-164
1.60952e-157
6.12431e-154
1.69212e-164
2.85015e-176
8.37537e-179
1.36569e-172
1.25073e-152
2.9157e-176
4.76836e-179
1.05982e-172
1.23859e-152
2.98293e-176
2.70804e-179
8.0819e-173
1.2264e-152
3.05218e-176
1.53139e-179
6.02784e-173
1.21417e-152
3.12433e-176
8.59586e-180
4.3714e-173
1.20189e-152
3.20177e-176
4.76213e-180
3.05695e-173
1.18959e-152
3.29101e-176
2.57617e-180
2.03442e-173
1.17727e-152
3.41003e-176
1.3315e-180
1.25776e-173
1.16494e-152
3.60844e-176
6.24513e-181
6.84702e-174
1.15261e-152
4.02334e-176
2.24596e-181
2.76854e-174
1.14052e-152
5.03363e-176
0
0
1.13459e-152
5.10346e-176
1.21436e-175
5.17433e-176
1.71536e-175
5.24625e-176
2.03214e-175
5.31924e-176
2.20725e-175
5.39332e-176
2.28664e-175
5.4685e-176
2.30775e-175
5.54481e-176
2.29438e-175
5.62225e-176
2.2573e-175
5.70085e-176
2.19786e-175
5.78063e-176
2.11213e-175
5.8616e-176
1.99458e-175
5.94379e-176
1.84104e-175
6.02721e-176
1.65083e-175
6.11188e-176
1.42775e-175
6.19783e-176
1.18002e-175
6.28507e-176
9.19243e-176
6.37363e-176
6.58699e-176
6.46352e-176
4.11519e-176
6.55478e-176
1.89091e-176
6.64706e-176
0
6.77782e-176
6.91134e-176
7.04768e-176
7.18689e-176
7.32905e-176
7.47423e-176
7.62248e-176
7.77389e-176
7.92851e-176
8.08643e-176
8.24772e-176
8.41245e-176
8.58071e-176
8.75257e-176
8.92815e-176
9.10731e-176
9.29126e-176
9.47479e-176
9.68262e-176
9.80048e-176
END_LIST
