BEGIN_LIST
0.000322712
0.000322141
0.000321571
0.000321002
0.000320433
0.000319864
0.000319297
0.000318729
0.000318163
0.000317597
0.000317031
0.000316465
0.000315897
0.000315324
0.000314738
0.000314117
0.000313408
0.000312476
0.000310978
0.000308049
0.00129458
0.0012938
0.00128758
0.00129241
0.00127928
0.00129096
0.00126949
0.00128946
0.00125796
0.0012879
0.00124446
0.00128628
0.00122873
0.00128461
0.00121048
0.00128288
0.00118945
0.00128108
0.0011654
0.00127922
0.00113811
0.00127729
0.00110742
0.0012753
0.00107326
0.00127323
0.00103573
0.00127109
0.000995107
0.00126887
0.000952087
0.00126657
0.000908061
0.00126419
0.000865843
0.00126173
0.000831119
0.001259
0.000815093
0.00124868
0
0.00062
0.000917532
0.000852324
0.00131337
0
0.000637302
0.000907435
0.000823178
0.00131015
0
0.000651879
0.000919818
0.000793477
0.00130633
0
0.000664799
0.000943785
0.000763338
0.0013018
0
0.000676705
0.000972856
0.000732885
0.00129644
0
0.000687987
0.00100349
0.000702244
0.00129011
0
0.00069888
0.00103382
0.000671547
0.00128264
0
0.000709527
0.00106289
0.00064092
0.00127387
0
0.000720015
0.00109022
0.000610491
0.00126359
0
0.000730393
0.0011156
0.000580379
0.00125158
0
0.000740692
0.00113895
0.000550696
0.0012376
0
0.000750927
0.00116027
0.000521542
0.00122139
0
0.000761107
0.00117962
0.000492995
0.00120264
0
0.000771236
0.0011971
0.0004651
0.00118097
0
0.000781313
0.00121281
0.000437844
0.00115587
0
0.000791337
0.00122687
0.000411099
0.00112643
0
0.000801306
0.00123942
0.000384509
0.00109084
0
0.000811215
0.00125057
0.000357243
0.00104502
0
0.000821062
0.00126045
0.000327464
0.000978921
0
0.000830843
0.00126918
0.000291155
0.00086478
0.00111177
0.000424509
0.00122475
0.00114024
0.00093448
0.00127568
9.50596e-05
0.000902895
0
0.000251099
0.00108957
0.000419109
0.00115228
0.00120687
0.000773761
0.00128043
9.25954e-05
0.000810684
0
0.000221268
0.00106571
0.000413747
0.00104831
0.00123278
0.000628172
0.00128479
9.01133e-05
0.000713647
0
0.000214864
0.0010402
0.000408424
0.000914483
0.00124642
0.0005097
0.00128877
8.76107e-05
0.000615872
0
0.000215394
0.00101304
0.000403139
0.000761053
0.00125546
0.000421293
0.00129242
8.50848e-05
0.00052141
0
0.000217963
0.000984277
0.000397894
0.000604068
0.00126248
0.000360402
0.00129575
8.25327e-05
0.000433662
0
0.000221149
0.000953976
0.000392689
0.00045918
0.00126843
0.000322241
0.0012988
7.99514e-05
0.000354984
0
0.000224544
0.000922232
0.000387525
0.000336587
0.00127372
0.000301796
0.00130159
7.73376e-05
0.000286587
0
0.000228029
0.000889166
0.000382401
0.000239768
0.00127851
0.000294731
0.00130414
7.46879e-05
0.000228672
0
0.000231572
0.000854926
0.000377318
0.000167181
0.00128288
0.000297648
0.00130646
7.19987e-05
0.000180699
0
0.000235162
0.000819682
0.000372277
0.000114783
0.00128689
0.000308024
0.00130859
6.92663e-05
0.000141666
0
0.000238797
0.000783627
0.000367278
7.79569e-05
0.00129057
0.000324051
0.00131052
6.64868e-05
0.000110363
0
0.000242477
0.00074696
0.000362321
5.2551e-05
0.00129394
0.000344451
0.00131229
6.36559e-05
8.55453e-05
0
0.000246201
0.000709878
0.000357407
3.52447e-05
0.00129704
0.000368331
0.0013139
6.07693e-05
6.60473e-05
0
0.00024997
0.000672528
0.000352536
2.35566e-05
0.00129988
0.000395055
0.00131537
5.78223e-05
5.08364e-05
0
0.000253783
0.00063489
0.000347708
1.57084e-05
0.00130248
0.000424164
0.00131671
5.481e-05
3.90353e-05
0
0.00025764
0.000596439
0.000342923
1.04594e-05
0.00130487
0.000455307
0.00131792
5.17272e-05
2.99197e-05
0
0.000261542
0.000555114
0.000338182
6.95926e-06
0.00130706
0.0004882
0.00131903
4.85686e-05
2.29115e-05
0
0.000265489
0.000504118
0.000333486
4.63391e-06
0.00130906
0.000522593
0.00132004
4.53282e-05
1.7627e-05
0
0.000269481
0.000421236
0.000328838
3.1055e-06
0.00131089
0.000558252
0.00132096
4.20001e-05
1.44535e-05
0
0.000273518
0.000276375
0.00010752
0.000325181
2.28858e-06
0
0
0.000604954
0.000213907
0.000146897
0.000276747
0.000171545
0.000104228
0.000322494
1.89934e-06
0
0
0.000662292
0.000207299
0.000122531
0.00027916
0.000104299
0.00010105
0.000319822
1.58641e-06
0
0
0.0007206
0.000200859
0.000105894
0.000281588
6.26356e-05
9.79906e-05
0.000317165
1.34217e-06
0
0
0.000778906
0.000194586
9.48278e-05
0.000284029
3.73603e-05
9.50585e-05
0.000314524
1.1643e-06
0
0
0.000836261
0.000188476
8.77441e-05
0.000286486
2.22225e-05
9.22676e-05
0.000311898
1.05767e-06
0
0
0.000891772
0.000182529
8.34932e-05
0.000288957
1.32311e-05
8.96388e-05
0.000309287
1.03778e-06
0
0
0.000944641
0.000176741
8.12546e-05
0.000291445
7.92406e-06
8.72029e-05
0.000306692
1.13694e-06
0
0
0.000994203
0.00017111
8.04477e-05
0.000293947
4.81232e-06
8.50053e-05
0.000304112
1.41493e-06
0
0
0.00103995
0.000165633
8.06644e-05
0.000296465
3.00597e-06
8.3112e-05
0.000301547
1.97721e-06
0
0
0.00108156
0.000160308
8.16189e-05
0.000298999
0
0
0.00111888
0.000155132
0
0
0.0011519
0.000150102
0
0
0.00118076
0.000145215
0
0
0.00120571
0.00014047
0
0
0.00122705
0.000135862
0
0
0.00124515
0.000131389
0
0
0.00126037
0.000127048
0
0
0.00127308
0.000122837
0
0
0.00128364
0.000118787
0
0
0.00129235
0.000115851
0
0.00128629
0
0.00120944
0
0.00108728
0
0.000944035
0
0.000814273
0
0.000723148
0
0.000679657
0
0.000680716
0
0.000717433
0
0.000779288
0
0.000856082
0
0.00093873
0
0.00101969
0
0.00109336
0
0.00115622
0
0.00120689
0
0.00124565
0
0.00127395
0
0.00129376
0
0.00130714
0
0
0
0
0
0
0
0
0
0
0
0
0
0
0
0
0
0
0
0
END_LIST
