BEGIN_LIST
0.000199295
0.000198897
0.0001985
0.000198104
0.000197708
0.000197313
0.000196919
0.000196525
0.000196131
0.000195738
0.000195345
0.000194952
0.000194558
0.000194158
0.000193744
0.000193295
0.000192757
0.00019199
0.000190647
0.000187845
0.00116058
0.00116191
0.00113224
0.00115611
0.0011004
0.00115015
0.00106499
0.00114402
0.00102603
0.00113773
0.00098364
0.00113126
0.000938067
0.00112462
0.000889687
0.0011178
0.000838984
0.00111081
0.000786545
0.00110363
0.000733027
0.00109628
0.000679135
0.00108875
0.000625588
0.00108103
0.000573113
0.00107313
0.00052245
0.00106504
0.000474437
0.00105677
0.000430211
0.00104832
0.000391702
0.00103966
0.000362719
0.00103033
0.00035122
0.00100028
0
0.000252193
0.000397181
0.000523615
0.00116963
0
0.000272568
0.000355369
0.000494967
0.00114369
0
0.000287793
0.000348199
0.00046706
0.00111455
0
0.000299946
0.000360349
0.000439974
0.00108213
0
0.000310273
0.000383287
0.000413777
0.0010464
0
0.000319531
0.000412525
0.000388522
0.0010074
0
0.000328178
0.000445734
0.000364256
0.000965302
0
0.000336496
0.000481671
0.000341009
0.000920374
0
0.000344657
0.000519619
0.000318803
0.000872984
0
0.000352766
0.0005591
0.000297649
0.000823597
0
0.000360887
0.000599737
0.000277547
0.000772752
0
0.00036906
0.000641189
0.000258487
0.000721036
0
0.000377307
0.00068312
0.000240444
0.000669053
0
0.000385643
0.000725192
0.000223375
0.000617375
0
0.000394076
0.000767066
0.000207207
0.00056649
0
0.000402609
0.000808406
0.000191804
0.000516705
0
0.000411245
0.00084889
0.00017691
0.000467968
0
0.000419982
0.000888217
0.000162016
0.0004195
0
0.000428822
0.000926116
0.000146077
0.000368957
0
0.000437762
0.000962354
0.0001269
0.000310449
0.000576128
0.000154009
0.00083498
0.000739424
0.000515245
0.000991163
3.90146e-05
0.000477951
0
7.42583e-05
0.00054028
0.000151486
0.000676997
0.000850291
0.00038677
0.00101341
3.791e-05
0.000394205
0
6.83842e-05
0.000505287
0.000148999
0.000524406
0.00090614
0.000289202
0.00103468
3.67973e-05
0.000320325
0
6.75285e-05
0.000471318
0.000146548
0.000390383
0.000942298
0.00021882
0.00105498
3.56752e-05
0.000256989
0
6.81357e-05
0.000438522
0.000144133
0.000281422
0.000970488
0.000170221
0.0010743
3.45423e-05
0.000203986
0
6.91782e-05
0.000407018
0.000141753
0.000197955
0.00099501
0.000138138
0.00109264
3.33973e-05
0.000160502
0
7.03605e-05
0.000376905
0.000139407
0.000136763
0.00101751
0.000118187
0.00110999
3.22387e-05
0.000125398
0
7.15978e-05
0.000348254
0.000137096
9.32892e-05
0.00103862
0.000107005
0.00112638
3.10651e-05
9.742e-05
0
7.28659e-05
0.000321114
0.000134819
6.30731e-05
0.00105859
0.000102146
0.00114181
2.98748e-05
7.53484e-05
0
7.41582e-05
0.00029551
0.000132576
4.23859e-05
0.00107751
0.00010189
0.0011563
2.86661e-05
5.80749e-05
0
7.5473e-05
0.00027145
0.000130367
2.8367e-05
0.00109543
0.000105057
0.00116988
2.74374e-05
4.46401e-05
0
7.68099e-05
0.000248921
0.00012819
1.89323e-05
0.00111237
0.000110854
0.00118259
2.61867e-05
3.42415e-05
0
7.81691e-05
0.000227894
0.000126046
1.26121e-05
0.00112835
0.000118767
0.00119444
2.49122e-05
2.62226e-05
0
7.95509e-05
0.000208321
0.000123934
8.39141e-06
0.00114339
0.000128466
0.00120548
2.36118e-05
2.00568e-05
0
8.09556e-05
0.000190132
0.000121854
5.57861e-06
0.00115751
0.000139755
0.00121574
2.22833e-05
1.53261e-05
0
8.23835e-05
0.000173199
0.000119806
3.70667e-06
0.00117074
0.000152524
0.00122526
2.09247e-05
1.17027e-05
0
8.38349e-05
0.000157252
0.000117789
2.46212e-06
0.00118312
0.000166725
0.00123409
1.95334e-05
8.93128e-06
0
8.53102e-05
0.000141602
0.000115802
1.63552e-06
0.00119468
0.000182346
0.00124224
1.81071e-05
6.81667e-06
0
8.68098e-05
0.000124291
0.000113847
1.08778e-06
0.00120545
0.000199402
0.00124978
1.66431e-05
5.23115e-06
0
8.83338e-05
9.94897e-05
0.000111923
7.28281e-07
0.00121548
0.000217923
0.00125673
1.51386e-05
4.28242e-06
0
8.98828e-05
6.13955e-05
2.26287e-05
0.000110417
5.36185e-07
0
0
0.000243642
7.97401e-05
5.23544e-05
9.11271e-05
3.65561e-05
2.19027e-05
0.000109316
4.44501e-07
0
0
0.000277579
7.69975e-05
4.0569e-05
9.20608e-05
2.1674e-05
2.12087e-05
0.000108224
3.7053e-07
0
0
0.000315271
7.43437e-05
3.24467e-05
9.30025e-05
1.28228e-05
2.05494e-05
0.000107142
3.12311e-07
0
0
0.000356723
7.17764e-05
2.69109e-05
9.39527e-05
7.58208e-06
1.99291e-05
0.00010607
2.69026e-07
0
0
0.00040186
6.92929e-05
2.31952e-05
9.49116e-05
4.48857e-06
1.93541e-05
0.000105008
2.41357e-07
0
0
0.000450506
6.6891e-05
2.0758e-05
9.58795e-05
2.66721e-06
1.88341e-05
0.000103956
2.3217e-07
0
0
0.000502353
6.45683e-05
1.92187e-05
9.68564e-05
1.59825e-06
1.83831e-05
0.000102913
2.47743e-07
0
0
0.000556954
6.23223e-05
1.83108e-05
9.78425e-05
9.74167e-07
1.80218e-05
0.00010188
2.99899e-07
0
0
0.000613722
6.01509e-05
1.78482e-05
9.88378e-05
6.13557e-07
1.77801e-05
0.000100856
4.0967e-07
0
0
0.000671939
5.80518e-05
1.77014e-05
9.98425e-05
0
0
0.000730785
5.60228e-05
0
0
0.000789377
5.40618e-05
0
0
0.000846814
5.21667e-05
0
0
0.000902234
5.03355e-05
0
0
0.000954865
4.85662e-05
0
0
0.00100406
4.6857e-05
0
0
0.00104935
4.52058e-05
0
0
0.00109043
4.36113e-05
0
0
0.00112715
4.20841e-05
0
0
0.00115956
4.09804e-05
0
0.00113705
0
0.000963648
0
0.000769119
0
0.000592739
0
0.000458105
0
0.000371093
0
0.00032728
0
0.000319031
0
0.000339222
0
0.000382318
0
0.000444144
0
0.000521209
0
0.000610025
0
0.000706635
0
0.000806467
0
0.000904572
0
0.000996177
0
0.00107737
0
0.00114567
0
0.00120024
0
0
0
0
0
0
0
0
0
0
0
0
0
0
0
0
0
0
0
0
END_LIST
