BEGIN_LIST
2.17739e-05
2.17218e-05
2.16697e-05
2.16178e-05
2.1566e-05
2.15143e-05
2.14627e-05
2.14113e-05
2.13599e-05
2.13087e-05
2.12574e-05
2.12061e-05
2.11544e-05
2.11015e-05
2.10455e-05
2.09814e-05
2.0897e-05
2.07608e-05
2.04939e-05
1.98963e-05
0.000236299
0.000241872
0.000207564
0.000234369
0.000181904
0.000227059
0.000159092
0.000219939
0.000138891
0.000213007
0.000121063
0.00020626
0.000105378
0.000199696
9.16146e-05
0.000193311
7.95645e-05
0.000187102
6.9036e-05
0.000181067
5.98531e-05
0.000175202
5.18567e-05
0.000169504
4.49041e-05
0.00016397
3.8869e-05
0.000158596
3.36432e-05
0.00015338
2.91388e-05
0.000148317
2.52979e-05
0.000143404
2.21132e-05
0.000138635
1.96782e-05
0.000133841
1.83008e-05
0.000121723
0
1.25172e-05
1.96745e-05
4.35529e-05
0.000169866
0
1.39427e-05
1.55299e-05
3.99838e-05
0.000149186
0
1.50072e-05
1.4212e-05
3.67009e-05
0.000130819
0
1.58555e-05
1.43715e-05
3.36822e-05
0.000114554
0
1.65764e-05
1.53535e-05
3.09073e-05
0.000100189
0
1.72249e-05
1.6848e-05
2.83573e-05
8.75315e-05
0
1.7835e-05
1.87158e-05
2.60144e-05
7.64014e-05
0
1.84276e-05
2.09031e-05
2.38624e-05
6.66318e-05
0
1.9016e-05
2.33995e-05
2.1886e-05
5.80696e-05
0
1.96084e-05
2.62174e-05
2.00713e-05
5.05759e-05
0
2.021e-05
2.93829e-05
1.84051e-05
4.4025e-05
0
2.08245e-05
3.29301e-05
1.68751e-05
3.83044e-05
0
2.14539e-05
3.69001e-05
1.54695e-05
3.33132e-05
0
2.21001e-05
4.13391e-05
1.41765e-05
2.8962e-05
0
2.27641e-05
4.62989e-05
1.29835e-05
2.51714e-05
0
2.34471e-05
5.18367e-05
1.18748e-05
2.18716e-05
0
2.41498e-05
5.80151e-05
1.08273e-05
1.90012e-05
0
2.48729e-05
6.49028e-05
9.80206e-06
1.65072e-05
0
2.56171e-05
7.2574e-05
8.72506e-06
1.4345e-05
0
2.63831e-05
8.11095e-05
7.44769e-06
1.248e-05
3.22814e-05
7.15091e-06
6.20366e-05
5.40979e-05
3.22221e-05
8.8911e-05
2.19895e-06
3.19302e-05
0
2.97586e-06
2.91048e-05
7.01917e-06
4.15969e-05
6.92227e-05
2.24665e-05
9.57648e-05
2.13389e-06
2.44212e-05
0
2.88852e-06
2.6236e-05
6.88985e-06
2.77951e-05
7.90853e-05
1.59585e-05
0.000103097
2.06843e-06
1.86596e-05
0
2.9017e-06
2.3646e-05
6.7629e-06
1.85297e-05
8.71475e-05
1.16619e-05
0.000110942
2.00248e-06
1.42465e-05
0
2.94449e-06
2.13085e-05
6.63829e-06
1.23337e-05
9.48016e-05
8.86984e-06
0.000119334
1.93598e-06
1.08708e-05
0
2.99651e-06
1.91995e-05
6.51595e-06
8.20104e-06
0.000102623
7.10356e-06
0.000128308
1.86883e-06
8.29134e-06
0
3.05193e-06
1.72971e-05
6.39586e-06
5.44938e-06
0.000110861
6.04024e-06
0.000137898
1.80096e-06
6.32178e-06
0
3.10909e-06
1.55815e-05
6.27798e-06
3.61931e-06
0.000119637
5.46332e-06
0.000148138
1.73227e-06
4.81884e-06
0
3.16752e-06
1.40347e-05
6.16226e-06
2.4031e-06
0.000129023
5.22836e-06
0.000159062
1.66268e-06
3.67248e-06
0
3.22711e-06
1.26404e-05
6.04866e-06
1.59526e-06
0.000139068
5.23974e-06
0.000170705
1.59207e-06
2.79841e-06
0
3.28783e-06
1.13836e-05
5.93715e-06
1.05884e-06
0.000149815
5.43494e-06
0.000183103
1.52035e-06
2.13213e-06
0
3.3497e-06
1.0251e-05
5.82769e-06
7.0274e-07
0.000161303
5.77391e-06
0.000196288
1.44742e-06
1.62434e-06
0
3.41273e-06
9.23027e-06
5.72023e-06
4.66371e-07
0.000173572
6.2319e-06
0.000210293
1.37315e-06
1.23741e-06
0
3.47694e-06
8.31025e-06
5.61475e-06
3.09493e-07
0.000186658
6.79471e-06
0.000225151
1.29744e-06
9.42597e-07
0
3.54235e-06
7.48011e-06
5.51121e-06
2.05381e-07
0.000200598
7.45545e-06
0.000240892
1.22015e-06
7.17997e-07
0
3.609e-06
6.72826e-06
5.40956e-06
1.36292e-07
0.000215426
8.21246e-06
0.000257543
1.14117e-06
5.46899e-07
0
3.67689e-06
6.03868e-06
5.30979e-06
9.04478e-08
0.000231177
9.06786e-06
0.00027513
1.06035e-06
4.16583e-07
0
3.74606e-06
5.38019e-06
5.21186e-06
6.00412e-08
0.000247881
1.00267e-05
0.000293673
9.77551e-07
3.17469e-07
0
3.81652e-06
4.6741e-06
5.11575e-06
3.99122e-08
0.000265564
1.10962e-05
0.00031319
8.92624e-07
2.43336e-07
0
3.88831e-06
3.69684e-06
5.02149e-06
2.67095e-08
0.000284252
1.22859e-05
0.000333694
8.05412e-07
1.99046e-07
0
3.96145e-06
2.24479e-06
8.16288e-07
4.94788e-06
1.96571e-08
0
0
1.39916e-05
4.32141e-06
2.77555e-06
4.02032e-06
1.32231e-06
7.89986e-07
4.89414e-06
1.62908e-08
0
0
1.63375e-05
4.16403e-06
2.07361e-06
4.06458e-06
7.79007e-07
7.6505e-07
4.84099e-06
1.35735e-08
0
0
1.90851e-05
4.01237e-06
1.59068e-06
4.10928e-06
4.59131e-07
7.41648e-07
4.78841e-06
1.14321e-08
0
0
2.2296e-05
3.86621e-06
1.26021e-06
4.15445e-06
2.70875e-07
7.20033e-07
4.73639e-06
9.83463e-09
0
0
2.60432e-05
3.72537e-06
1.0359e-06
4.2001e-06
1.60152e-07
7.00586e-07
4.68494e-06
8.80312e-09
0
0
3.04121e-05
3.58964e-06
8.85585e-07
4.24625e-06
9.51061e-08
6.83866e-07
4.63405e-06
8.43776e-09
0
0
3.55012e-05
3.45885e-06
7.86881e-07
4.2929e-06
5.69852e-08
6.70695e-07
4.58371e-06
8.96057e-09
0
0
4.14236e-05
3.33282e-06
7.24248e-07
4.34006e-06
3.47536e-08
6.62264e-07
4.53391e-06
1.07913e-08
0
0
4.83088e-05
3.21136e-06
6.86889e-07
4.38774e-06
2.19217e-08
6.60302e-07
4.48466e-06
1.46784e-08
0
0
5.63039e-05
3.09432e-06
6.67308e-07
4.43593e-06
0
0
6.55754e-05
2.98154e-06
0
0
7.63102e-05
2.87287e-06
0
0
8.87167e-05
2.76814e-06
0
0
0.000103025
2.66723e-06
0
0
0.000119486
2.56999e-06
0
0
0.000138371
2.47628e-06
0
0
0.000159965
2.38599e-06
0
0
0.000184563
2.29901e-06
0
0
0.000212462
2.21589e-06
0
0
0.000243947
2.15592e-06
0
0.000224505
0
0.000144933
0
9.34216e-05
0
6.11014e-05
0
4.15021e-05
0
3.02559e-05
0
2.45634e-05
0
2.27136e-05
0
2.3731e-05
0
2.71371e-05
0
3.28018e-05
0
4.08543e-05
0
5.16355e-05
0
6.56768e-05
0
8.3693e-05
0
0.000106582
0
0.000135419
0
0.00017144
0
0.000215986
0
0.000270407
0
0
0
0
0
0
0
0
0
0
0
0
0
0
0
0
0
0
0
0
END_LIST
