BEGIN_LIST
0.00010537
0.000105142
0.000104914
0.000104686
0.000104459
0.000104232
0.000104005
0.000103779
0.000103553
0.000103328
0.000103103
0.000102877
0.00010265
0.000102419
0.000102178
0.000101908
0.000101569
0.000101051
0.000100082
9.79707e-05
0.000848346
0.000855422
0.000795416
0.000843542
0.000741345
0.000831551
0.00068684
0.000819455
0.00063261
0.000807262
0.000579333
0.00079498
0.000527623
0.000782618
0.000478011
0.000770182
0.000430924
0.000757682
0.000386685
0.000745126
0.000345508
0.000732523
0.000307515
0.000719881
0.00027274
0.000707211
0.000241161
0.00069452
0.000212723
0.000681818
0.00018739
0.000669114
0.000165239
0.000656417
0.000146653
0.000643722
0.000132732
0.000630482
0.000126198
0.00059317
0
8.83019e-05
0.00013909
0.00024978
0.000770417
0
9.76621e-05
0.00011485
0.000232203
0.000718174
0
0.000104613
0.000107956
0.000215645
0.000665792
0
0.000110122
0.000110386
0.000200078
0.000613899
0
0.000114779
0.000118064
0.00018547
0.000563082
0
0.000118944
0.000128997
0.000171786
0.000513868
0
0.00012284
0.000142246
0.000158989
0.000466707
0
0.000126603
0.0001574
0.000147038
0.000421956
0
0.000130318
0.000174308
0.000135894
0.000379885
0
0.000134038
0.000192945
0.000125514
0.000340668
0
0.000137796
0.00021334
0.000115858
0.000304397
0
0.000141613
0.000235548
0.000106882
0.000271089
0
0.000145502
0.000259626
9.85422e-05
0.000240697
0
0.000149472
0.000285623
9.07891e-05
0.000213125
0
0.00015353
0.00031357
8.35643e-05
0.000188228
0
0.000157679
0.000343477
7.67866e-05
0.000165827
0
0.000161923
0.000375325
7.03268e-05
0.000145693
0
0.000166265
0.000409064
6.39513e-05
0.000127523
0
0.000170706
0.000444607
5.72039e-05
0.000110861
0
0.000175249
0.000481827
4.91526e-05
9.4916e-05
0.000219768
5.14837e-05
0.00038446
0.000335746
0.000211337
0.000513938
1.47195e-05
0.000201727
0
2.24804e-05
0.000200755
5.05697e-05
0.000276462
0.000412492
0.000150907
0.000540631
1.42915e-05
0.000158588
0
2.14524e-05
0.000183146
4.96712e-05
0.000194097
0.000458039
0.000108831
0.000567806
1.38605e-05
0.000123815
0
2.14338e-05
0.000166879
4.87881e-05
0.000133912
0.000492124
8.02199e-05
0.000595403
1.3426e-05
9.61363e-05
0
2.17107e-05
0.000151887
4.79202e-05
9.12538e-05
0.000522075
6.12321e-05
0.000623351
1.29875e-05
7.43223e-05
0
2.20775e-05
0.0001381
4.70672e-05
6.16543e-05
0.000550697
4.90212e-05
0.000651567
1.25444e-05
5.72635e-05
0
2.24754e-05
0.000125446
4.62288e-05
4.14126e-05
0.000579048
4.15526e-05
0.00067996
1.20962e-05
4.40041e-05
0
2.28876e-05
0.000113854
4.54048e-05
2.77064e-05
0.000607494
3.74075e-05
0.000708435
1.16423e-05
3.37461e-05
0
2.33093e-05
0.000103251
4.45951e-05
1.84872e-05
0.00063612
3.56137e-05
0.000736891
1.1182e-05
2.58388e-05
0
2.37392e-05
9.35691e-05
4.37993e-05
1.23136e-05
0.000664901
3.55151e-05
0.000765229
1.07148e-05
1.97604e-05
0
2.4177e-05
8.4739e-05
4.30172e-05
8.19187e-06
0.000693761
3.66758e-05
0.000793347
1.024e-05
1.50979e-05
0
2.46228e-05
7.66962e-05
4.22487e-05
5.44547e-06
0.000722607
3.88119e-05
0.000821145
9.75675e-06
1.15273e-05
0
2.50767e-05
6.9378e-05
4.14934e-05
3.61792e-06
0.000751335
4.17437e-05
0.000848527
9.26442e-06
8.79644e-06
0
2.55389e-05
6.27236e-05
4.07513e-05
2.40287e-06
0.000779844
4.53637e-05
0.000875401
8.76222e-06
6.70972e-06
0
2.60093e-05
5.66712e-05
4.0022e-05
1.59551e-06
0.000808028
4.9614e-05
0.00090168
8.24931e-06
5.11639e-06
0
2.64883e-05
5.11492e-05
3.93054e-05
1.05928e-06
0.00083579
5.44711e-05
0.000927284
7.72485e-06
3.9005e-06
0
2.69759e-05
4.60491e-05
3.86013e-05
7.03235e-07
0.000863035
5.99364e-05
0.000952143
7.18793e-06
2.97314e-06
0
2.74723e-05
4.1144e-05
3.79094e-05
4.66968e-07
0.000889675
6.60286e-05
0.000976192
6.63761e-06
2.26706e-06
0
2.79776e-05
3.58418e-05
3.72298e-05
3.105e-07
0.000915629
7.27797e-05
0.000999379
6.07289e-06
1.7385e-06
0
2.84921e-05
2.84381e-05
3.65627e-05
2.07839e-07
0.000940826
8.02314e-05
0.00102166
5.49272e-06
1.42254e-06
0
2.90158e-05
1.7341e-05
6.32731e-06
3.60413e-05
1.52988e-07
0
0
9.0806e-05
2.92913e-05
1.89415e-05
2.94371e-05
1.02433e-05
6.12394e-06
3.56603e-05
1.26803e-07
0
0
0.000105153
2.82455e-05
1.43089e-05
2.97536e-05
6.04474e-06
5.93056e-06
3.52833e-05
1.05663e-07
0
0
0.000121661
2.72363e-05
1.1118e-05
3.00732e-05
3.56631e-06
5.74825e-06
3.49102e-05
8.90025e-08
0
0
0.000140562
2.62625e-05
8.93558e-06
3.03959e-05
2.10539e-06
5.5787e-06
3.45409e-05
7.65729e-08
0
0
0.000162101
2.53228e-05
7.45802e-06
3.0722e-05
1.24532e-06
5.42443e-06
3.41755e-05
6.85465e-08
0
0
0.000186534
2.44161e-05
6.47298e-06
3.10514e-05
7.39748e-07
5.28915e-06
3.38138e-05
6.57035e-08
0
0
0.000214106
2.35414e-05
5.8323e-06
3.13843e-05
4.43339e-07
5.17835e-06
3.34558e-05
6.97717e-08
0
0
0.000245045
2.26974e-05
5.43276e-06
3.17207e-05
2.70433e-07
5.09995e-06
3.31015e-05
8.40172e-08
0
0
0.000279542
2.18833e-05
5.20253e-06
3.20605e-05
1.70614e-07
5.06551e-06
3.27509e-05
1.14261e-07
0
0
0.00031773
2.10978e-05
5.09168e-06
3.24039e-05
0
0
0.000359665
2.03402e-05
0
0
0.000405303
1.96094e-05
0
0
0.000454482
1.89044e-05
0
0
0.000506897
1.82245e-05
0
0
0.000562101
1.75687e-05
0
0
0.000619498
1.69362e-05
0
0
0.000678358
1.63262e-05
0
0
0.000737843
1.57381e-05
0
0
0.000797051
1.51756e-05
0
0
0.000855061
1.47696e-05
0
0.000818141
0
0.000611228
0
0.000437162
0
0.000307893
0
0.000221025
0
0.000168437
0
0.00014171
0
0.000134276
0
0.000141762
0
0.000161649
0
0.000192763
0
0.000234812
0
0.00028796
0
0.000352442
0
0.000428186
0
0.000514438
0
0.00060946
0
0.000710358
0
0.000813171
0
0.000913277
0
0
0
0
0
0
0
0
0
0
0
0
0
0
0
0
0
0
0
0
END_LIST
