BEGIN_LIST
0.000170943
0.000170593
0.000170244
0.000169895
0.000169547
0.0001692
0.000168853
0.000168506
0.00016816
0.000167815
0.000167469
0.000167124
0.000166776
0.000166424
0.000166059
0.000165659
0.000165173
0.000164467
0.000163204
0.000160532
0.00109463
0.00109737
0.00105842
0.00108982
0.00101866
0.00108208
0.000975496
0.00107416
0.000929213
0.00106605
0.000880205
0.00105776
0.000828985
0.00104929
0.000776154
0.00104063
0.000722381
0.00103178
0.000668365
0.00102275
0.000614801
0.00101354
0.000562355
0.00100415
0.000511633
0.000994573
0.000463184
0.000984822
0.000417514
0.000974896
0.000375164
0.000964797
0.000336886
0.000954528
0.000304042
0.000944079
0.000279486
0.000932904
0.00026942
0.000898347
0
0.000191892
0.000302651
0.000439822
0.00108463
0
0.000209262
0.000263598
0.000413598
0.00104899
0
0.000222181
0.000254957
0.000388323
0.00101007
0
0.000232442
0.00026312
0.000364039
0.000968046
0
0.000241128
0.000280743
0.00034078
0.000923166
0
0.000248894
0.000304063
0.000318566
0.000875804
0
0.000256143
0.000331188
0.00029741
0.000826423
0
0.000263121
0.000361164
0.000277312
0.000775565
0
0.000269977
0.000393486
0.000258268
0.000723826
0
0.000276806
0.000427852
0.000240263
0.000671828
0
0.000283665
0.00046404
0.000223275
0.00062019
0
0.000290588
0.000501846
0.000207275
0.000569495
0
0.000297598
0.000541052
0.000192225
0.000520267
0
0.000304707
0.000581418
0.000178073
0.00047294
0
0.000311923
0.000622676
0.000164743
0.000427831
0
0.000319252
0.000664528
0.000152111
0.000385095
0
0.000326696
0.00070666
0.000139957
0.000344631
0
0.000334257
0.000748739
0.000127859
0.000305889
0
0.000341935
0.000790432
0.00011496
0.000267402
0
0.00034973
0.000831412
9.94857e-05
0.000225714
0.000452981
0.000115135
0.000700988
0.000616814
0.000415153
0.000864786
3.03002e-05
0.000386416
0
5.35312e-05
0.000420862
0.000113189
0.000546399
0.000724607
0.000306106
0.000891108
2.94337e-05
0.000313518
0
4.99139e-05
0.000390098
0.000111273
0.000408889
0.000781982
0.000225828
0.00091673
2.85609e-05
0.000251204
0
4.94964e-05
0.000360771
0.000109387
0.000295974
0.000820933
0.000169131
0.000941599
2.76807e-05
0.000199181
0
5.00118e-05
0.00033294
0.00010753
0.000208827
0.000852488
0.000130525
0.000965663
2.67922e-05
0.000156585
0
5.08066e-05
0.000306641
0.000105701
0.000144592
0.000880746
0.000105263
0.000988876
2.58943e-05
0.000122251
0
5.16929e-05
0.000281887
0.000103902
9.87815e-05
0.000907258
8.96254e-05
0.00101119
2.49858e-05
9.49225e-05
0
5.26168e-05
0.000258675
0.00010213
6.68572e-05
0.000932601
8.08644e-05
0.00103259
2.40655e-05
7.33846e-05
0
5.35633e-05
0.000236985
0.000100386
4.49612e-05
0.000956969
7.70253e-05
0.00105303
2.31322e-05
5.65419e-05
0
5.45279e-05
0.000216781
9.86697e-05
3.01051e-05
0.000980413
7.67543e-05
0.0010725
2.21846e-05
4.34502e-05
0
5.55097e-05
0.000198018
9.69805e-05
2.00988e-05
0.00100293
7.91337e-05
0.001091
2.12213e-05
3.33218e-05
0
5.65085e-05
0.000180642
9.5318e-05
1.33921e-05
0.0010245
8.35546e-05
0.00110852
2.02408e-05
2.55143e-05
0
5.75246e-05
0.000164588
9.36818e-05
8.91164e-06
0.00104511
8.96235e-05
0.00112506
1.92417e-05
1.95125e-05
0
5.85582e-05
0.000149785
9.20718e-05
5.92499e-06
0.00106475
9.70957e-05
0.00114065
1.82224e-05
1.49088e-05
0
5.96094e-05
0.000136148
9.04874e-05
3.93701e-06
0.00108341
0.000105829
0.0011553
1.71811e-05
1.13831e-05
0
6.06787e-05
0.000123556
8.89284e-05
2.61506e-06
0.00110109
0.00011575
0.00116903
1.61162e-05
8.68657e-06
0
6.17663e-05
0.000111793
8.73945e-05
1.73665e-06
0.0011178
0.000126835
0.00118187
1.50259e-05
6.62632e-06
0
6.28724e-05
0.000100344
8.58853e-05
1.15344e-06
0.00113355
0.000139092
0.00119386
1.39081e-05
5.05562e-06
0
6.39973e-05
8.7801e-05
8.44008e-05
7.67074e-07
0.00114837
0.000152551
0.00120503
1.27608e-05
3.87864e-06
0
6.51414e-05
7.00223e-05
8.29417e-05
5.1352e-07
0.00116228
0.000167256
0.00121541
1.15819e-05
3.17464e-06
0
6.63049e-05
4.29948e-05
1.57794e-05
8.18001e-05
3.78039e-07
0
0
0.000187843
6.12816e-05
4.0005e-05
6.72401e-05
2.55146e-05
1.52724e-05
8.09653e-05
3.13366e-07
0
0
0.00021529
5.91446e-05
3.07018e-05
6.79421e-05
1.50976e-05
1.47886e-05
8.01385e-05
2.61172e-07
0
0
0.000246173
5.70788e-05
2.42901e-05
6.86505e-05
8.92169e-06
1.43301e-05
7.93196e-05
2.20064e-07
0
0
0.000280639
5.50821e-05
1.99132e-05
6.93655e-05
5.27187e-06
1.39004e-05
7.85086e-05
1.89446e-07
0
0
0.000318791
5.31525e-05
1.69647e-05
7.00874e-05
3.11983e-06
1.35044e-05
7.77054e-05
1.69773e-07
0
0
0.000360664
5.12879e-05
1.50176e-05
7.08163e-05
1.85366e-06
1.31498e-05
7.69099e-05
1.63017e-07
0
0
0.000406198
4.94862e-05
1.37726e-05
7.15523e-05
1.11087e-06
1.28476e-05
7.61221e-05
1.73525e-07
0
0
0.000455217
4.77455e-05
1.30207e-05
7.22956e-05
6.77374e-07
1.26139e-05
7.53418e-05
2.09498e-07
0
0
0.000507407
4.6064e-05
1.26159e-05
7.30461e-05
4.26997e-07
1.24723e-05
7.45691e-05
2.85538e-07
0
0
0.000562313
4.44397e-05
1.24566e-05
7.38039e-05
0
0
0.000619335
4.28708e-05
0
0
0.000677746
4.13556e-05
0
0
0.000736716
3.98923e-05
0
0
0.000795355
3.84793e-05
0
0
0.00085276
3.7115e-05
0
0
0.000908072
3.57977e-05
0
0
0.000960523
3.4526e-05
0
0
0.00100948
3.32986e-05
0
0
0.00105448
3.21237e-05
0
0
0.00109523
3.1275e-05
0
0.00106764
0
0.000874901
0
0.000676423
0
0.000507074
0
0.000382802
0
0.000304079
0
0.000264244
0
0.000255456
0
0.000271288
0
0.000307231
0
0.000360278
0
0.000428234
0
0.000509033
0
0.000600165
0
0.000698328
0
0.000799371
0
0.000898585
0
0.000991297
0
0.0010736
0
0.00114295
0
0
0
0
0
0
0
0
0
0
0
0
0
0
0
0
0
0
0
0
END_LIST
