BEGIN_LIST
0.000112091
0.000111849
0.000111608
0.000111367
0.000111127
0.000110887
0.000110647
0.000110408
0.00011017
0.000109931
0.000109693
0.000109454
0.000109214
0.00010897
0.000108715
0.000108432
0.000108075
0.000107534
0.000106526
0.000104337
0.000881133
0.000887769
0.000829388
0.000876264
0.000776064
0.000864627
0.000721841
0.000852867
0.00066743
0.000840989
0.00061353
0.000829001
0.000560799
0.000816909
0.000509824
0.000804722
0.000461101
0.000792447
0.000415021
0.000780092
0.00037187
0.000767665
0.000331831
0.000755175
0.000294999
0.000742631
0.000261398
0.000730041
0.000231017
0.000717413
0.00020386
0.000704758
0.000180048
0.000692083
0.000160036
0.000679384
0.000145062
0.000666103
0.000138144
0.00062832
0
9.68368e-05
0.00015257
0.000268531
0.000810337
0
0.00010699
0.000126579
0.000249913
0.00075872
0
0.000114529
0.000119301
0.000232336
0.000706465
0
0.000120503
0.00012211
0.000215778
0.000654205
0
0.000125551
0.000130599
0.000200209
0.000602558
0
0.000130066
0.000142606
0.000185599
0.000552101
0
0.000134287
0.000157108
0.000171912
0.000503344
0
0.000138362
0.00017365
0.00015911
0.000456717
0
0.000142384
0.000192058
0.000147155
0.000412561
0
0.000146409
0.000212288
0.000136005
0.000371122
0
0.000150473
0.000234361
0.000125618
0.000332557
0
0.000154598
0.000258314
0.000115952
0.000296942
0
0.000158799
0.000284189
0.000106961
0.000264278
0
0.000163085
0.000312015
9.85941e-05
0.000234504
0
0.000167463
0.0003418
9.07897e-05
0.000207505
0
0.000171937
0.000373525
8.34618e-05
0.000183114
0
0.00017651
0.000407141
7.64717e-05
0.000161105
0
0.000181186
0.000442562
6.95675e-05
0.000141151
0
0.000185965
0.000479664
6.22558e-05
0.000122735
0
0.000190851
0.000518282
5.3527e-05
0.000104915
0.000239991
5.65874e-05
0.000415491
0.000362996
0.000229839
0.000551411
1.60528e-05
0.000218648
0
2.48371e-05
0.000219544
5.55866e-05
0.000300963
0.000444132
0.000164561
0.000578807
1.55867e-05
0.000172374
0
2.36547e-05
0.000200554
5.46028e-05
0.000212451
0.000491817
0.000118894
0.000606569
1.51173e-05
0.000134882
0
2.36194e-05
0.000182965
5.36357e-05
0.00014715
0.000527183
8.77413e-05
0.00063463
1.4644e-05
0.000104917
0
2.39196e-05
0.000166716
5.2685e-05
0.000100551
0.000558025
6.7021e-05
0.000662911
1.41664e-05
8.12245e-05
0
2.43218e-05
0.00015174
5.17505e-05
6.8065e-05
0.000587313
5.36749e-05
0.000691323
1.36838e-05
6.26503e-05
0
2.4759e-05
0.000137967
5.0832e-05
4.57777e-05
0.000616165
4.55016e-05
0.00071977
1.31956e-05
4.81846e-05
0
2.52122e-05
0.000125327
4.99291e-05
3.06535e-05
0.000644964
4.0959e-05
0.000748154
1.27012e-05
3.69764e-05
0
2.56758e-05
0.000113747
4.90417e-05
2.04656e-05
0.000673802
3.89873e-05
0.000776375
1.21999e-05
2.83265e-05
0
2.61484e-05
0.000103155
4.81695e-05
1.36367e-05
0.000702652
3.88698e-05
0.000804333
1.1691e-05
2.16714e-05
0
2.66298e-05
9.34821e-05
4.73123e-05
9.07449e-06
0.00073144
4.01294e-05
0.00083193
1.11737e-05
1.6563e-05
0
2.71199e-05
8.46605e-05
4.64698e-05
6.03325e-06
0.000760069
4.24549e-05
0.000859072
1.06473e-05
1.26489e-05
0
2.76189e-05
7.66243e-05
4.56417e-05
4.0089e-06
0.000788442
4.56492e-05
0.00088567
1.0111e-05
9.65397e-06
0
2.81268e-05
6.93093e-05
4.48279e-05
2.66275e-06
0.000816458
4.95935e-05
0.000911639
9.56386e-06
7.36482e-06
0
2.86439e-05
6.26498e-05
4.40282e-05
1.76818e-06
0.000844019
5.42235e-05
0.000936905
9.0051e-06
5.61652e-06
0
2.91703e-05
5.65684e-05
4.32422e-05
1.17395e-06
0.000871034
5.95126e-05
0.000961399
8.43373e-06
4.28212e-06
0
2.97061e-05
5.09469e-05
4.24699e-05
7.79385e-07
0.000897418
6.54607e-05
0.000985062
7.84878e-06
3.26423e-06
0
3.02516e-05
4.55355e-05
4.17109e-05
5.17543e-07
0.000923093
7.2087e-05
0.00100785
7.24922e-06
2.48914e-06
0
3.08069e-05
3.96804e-05
4.09653e-05
3.44133e-07
0.000947991
7.94244e-05
0.00102971
6.63395e-06
1.90887e-06
0
3.13721e-05
3.14955e-05
4.02333e-05
2.30354e-07
0.000972053
8.75167e-05
0.00105062
6.00184e-06
1.56199e-06
0
3.19474e-05
1.9215e-05
7.01405e-06
3.96611e-05
1.69563e-07
0
0
9.89875e-05
3.19853e-05
2.06995e-05
3.24102e-05
1.13541e-05
6.78859e-06
3.92431e-05
1.40541e-07
0
0
0.000114527
3.08455e-05
1.56569e-05
3.27579e-05
6.70157e-06
6.57414e-06
3.88294e-05
1.17113e-07
0
0
0.000132376
2.97455e-05
1.21833e-05
3.31089e-05
3.95429e-06
6.37187e-06
3.84199e-05
9.86478e-08
0
0
0.000152766
2.86839e-05
9.80791e-06
3.34634e-05
2.3346e-06
6.18362e-06
3.80145e-05
8.48734e-08
0
0
0.000175945
2.76594e-05
8.20025e-06
3.38215e-05
1.38094e-06
6.01212e-06
3.76134e-05
7.59803e-08
0
0
0.000202163
2.66707e-05
7.12922e-06
3.41833e-05
8.20332e-07
5.86145e-06
3.72163e-05
7.2834e-08
0
0
0.000231655
2.57168e-05
6.43348e-06
3.45489e-05
4.91637e-07
5.73754e-06
3.68234e-05
7.7351e-08
0
0
0.000264626
2.47963e-05
6.00062e-06
3.49183e-05
2.99891e-07
5.64907e-06
3.64344e-05
9.31535e-08
0
0
0.000301237
2.39082e-05
5.75235e-06
3.52914e-05
1.89194e-07
5.60859e-06
3.60495e-05
1.26697e-07
0
0
0.000341576
2.30514e-05
5.63427e-06
3.56685e-05
0
0
0.000385645
2.22248e-05
0
0
0.000433329
2.14273e-05
0
0
0.000484386
2.06581e-05
0
0
0.000538429
1.9916e-05
0
0
0.000594922
1.92002e-05
0
0
0.000653191
1.85098e-05
0
0
0.000712439
1.78439e-05
0
0
0.000771789
1.72019e-05
0
0
0.000830323
1.65877e-05
0
0
0.000887138
1.61444e-05
0
0.000850765
0
0.000642252
0
0.000463131
0
0.000328229
0
0.000236777
0
0.000181163
0
0.0001529
0
0.000145178
0
0.000153387
0
0.000174823
0
0.000208176
0
0.00025303
0
0.000309408
0
0.000377349
0
0.000456503
0
0.00054576
0
0.000642962
0
0.000744816
0
0.000847071
0
0.000945034
0
0
0
0
0
0
0
0
0
0
0
0
0
0
0
0
0
0
0
0
END_LIST
