BEGIN_LIST
1.45554e-05
1.45197e-05
1.4484e-05
1.44484e-05
1.44129e-05
1.43774e-05
1.43421e-05
1.43068e-05
1.42716e-05
1.42365e-05
1.42014e-05
1.41662e-05
1.41307e-05
1.40945e-05
1.40561e-05
1.40122e-05
1.39543e-05
1.38609e-05
1.36776e-05
1.3267e-05
0.000161914
0.000166032
0.000141198
0.000160536
0.000122951
0.000155203
0.000106925
0.000150031
9.28836e-05
0.000145016
8.06075e-05
0.000140153
6.98946e-05
0.00013544
6.05608e-05
0.000130873
5.24399e-05
0.000126447
4.53829e-05
0.00012216
3.9257e-05
0.000118008
3.39446e-05
0.000113987
2.93421e-05
0.000110094
2.53595e-05
0.000106325
2.19201e-05
0.000102677
1.8962e-05
9.91473e-05
1.64437e-05
9.57315e-05
1.43569e-05
9.24242e-05
1.27581e-05
8.91109e-05
1.18409e-05
8.07992e-05
0
8.0829e-06
1.27051e-05
2.85611e-05
0.000113265
0
9.00525e-06
1.00029e-05
2.61881e-05
9.89645e-05
0
9.6947e-06
9.14027e-06
2.40098e-05
8.63863e-05
0
1.02446e-05
9.23727e-06
2.20106e-05
7.53432e-05
0
1.07124e-05
9.86827e-06
2.01761e-05
6.56633e-05
0
1.11335e-05
1.08321e-05
1.84929e-05
5.71903e-05
0
1.153e-05
1.20386e-05
1.6949e-05
4.97826e-05
0
1.19155e-05
1.34533e-05
1.55328e-05
4.33132e-05
0
1.22984e-05
1.507e-05
1.42341e-05
3.76685e-05
0
1.2684e-05
1.68975e-05
1.3043e-05
3.27472e-05
0
1.3076e-05
1.89533e-05
1.19508e-05
2.84597e-05
0
1.34763e-05
2.1261e-05
1.0949e-05
2.47267e-05
0
1.38867e-05
2.38485e-05
1.00297e-05
2.14781e-05
0
1.43081e-05
2.67476e-05
9.18495e-06
1.86524e-05
0
1.47413e-05
2.99944e-05
8.40631e-06
1.61957e-05
0
1.51871e-05
3.36289e-05
7.68339e-06
1.40608e-05
0
1.56459e-05
3.76955e-05
7.00116e-06
1.22068e-05
0
1.61183e-05
4.22434e-05
6.33416e-06
1.05985e-05
0
1.66047e-05
4.73268e-05
5.63439e-06
9.20693e-06
0
1.71055e-05
5.30054e-05
4.80546e-06
8.0103e-06
2.08601e-05
4.60619e-06
4.03862e-05
3.52241e-05
2.0907e-05
5.82158e-05
1.41712e-06
2.06517e-05
0
1.90872e-06
1.8792e-05
4.52093e-06
2.69592e-05
4.51941e-05
1.45557e-05
6.28106e-05
1.375e-06
1.57656e-05
0
1.85335e-06
1.6927e-05
4.43726e-06
1.79597e-05
5.17353e-05
1.03298e-05
6.77431e-05
1.33264e-06
1.20285e-05
0
1.8621e-06
1.52457e-05
4.35512e-06
1.19481e-05
5.71143e-05
7.545e-06
7.30406e-05
1.28999e-06
9.17327e-06
0
1.88973e-06
1.37301e-05
4.27451e-06
7.94163e-06
6.2248e-05
5.73795e-06
7.87306e-05
1.24699e-06
6.9934e-06
0
1.92326e-06
1.23643e-05
4.19538e-06
5.27544e-06
6.75186e-05
4.59619e-06
8.48412e-05
1.20359e-06
5.33017e-06
0
1.95897e-06
1.11335e-05
4.11771e-06
3.50295e-06
7.30956e-05
3.9098e-06
9.14014e-05
1.15973e-06
4.06171e-06
0
1.9958e-06
1.00247e-05
4.04147e-06
2.32538e-06
7.90646e-05
3.53827e-06
9.84412e-05
1.11537e-06
3.09465e-06
0
2.03345e-06
9.02569e-06
3.96665e-06
1.5434e-06
8.54787e-05
3.38803e-06
0.000105992
1.07043e-06
2.35757e-06
0
2.07185e-06
8.12584e-06
3.8932e-06
1.02426e-06
9.23787e-05
3.39723e-06
0.000114086
1.02486e-06
1.79589e-06
0
2.11098e-06
7.31536e-06
3.82111e-06
6.7969e-07
9.98016e-05
3.52546e-06
0.000122757
9.78583e-07
1.36794e-06
0
2.15085e-06
6.58541e-06
3.75036e-06
4.51011e-07
0.000107784
3.74688e-06
0.000132039
9.31536e-07
1.04191e-06
0
2.19147e-06
5.92797e-06
3.68091e-06
2.99261e-07
0.000116362
4.04556e-06
0.000141969
8.83645e-07
7.93556e-07
0
2.23286e-06
5.33567e-06
3.61274e-06
1.98565e-07
0.000125573
4.41239e-06
0.000152582
8.34833e-07
6.04383e-07
0
2.27503e-06
4.8015e-06
3.54583e-06
1.3175e-07
0.000135458
4.84301e-06
0.000163916
7.85022e-07
4.60296e-07
0
2.318e-06
4.31791e-06
3.48016e-06
8.74174e-08
0.000146054
5.33642e-06
0.000176008
7.34126e-07
3.50555e-07
0
2.36178e-06
3.87456e-06
3.4157e-06
5.80055e-08
0.000157404
5.89412e-06
0.000188897
6.82059e-07
2.66986e-07
0
2.40638e-06
3.45137e-06
3.35243e-06
3.85003e-08
0.000169548
6.51949e-06
0.000202619
6.28728e-07
2.03437e-07
0
2.45182e-06
2.99781e-06
3.29035e-06
2.55897e-08
0.000182526
7.21743e-06
0.000217212
5.74037e-07
1.55911e-07
0
2.49812e-06
2.37034e-06
3.22948e-06
1.71227e-08
0.000196381
7.99414e-06
0.000232712
5.17884e-07
1.27521e-07
0
2.54529e-06
1.4388e-06
5.23093e-07
3.18194e-06
1.26003e-08
0
0
9.10867e-06
2.7797e-06
1.78474e-06
2.58327e-06
8.47367e-07
5.06188e-07
3.14724e-06
1.04418e-08
0
0
1.06429e-05
2.67822e-06
1.33271e-06
2.61182e-06
4.99133e-07
4.90164e-07
3.11292e-06
8.69949e-09
0
0
1.24421e-05
2.58044e-06
1.02178e-06
2.64066e-06
2.94146e-07
4.75126e-07
3.07897e-06
7.32641e-09
0
0
1.45478e-05
2.48623e-06
8.09045e-07
2.6698e-06
1.73523e-07
4.61239e-07
3.04539e-06
6.30203e-09
0
0
1.70093e-05
2.39545e-06
6.64674e-07
2.69925e-06
1.02586e-07
4.48747e-07
3.01217e-06
5.64036e-09
0
0
1.98846e-05
2.30798e-06
5.67929e-07
2.72903e-06
6.09163e-08
4.3801e-07
2.97932e-06
5.4055e-09
0
0
2.32413e-05
2.2237e-06
5.04405e-07
2.75913e-06
3.64973e-08
4.29555e-07
2.94682e-06
5.73958e-09
0
0
2.71577e-05
2.14249e-06
4.64092e-07
2.78956e-06
2.22575e-08
4.24149e-07
2.91468e-06
6.91145e-09
0
0
3.17243e-05
2.06425e-06
4.40041e-07
2.82033e-06
1.40391e-08
4.22904e-07
2.88288e-06
9.40037e-09
0
0
3.70453e-05
1.98886e-06
4.27428e-07
2.85144e-06
0
0
4.32403e-05
1.91622e-06
0
0
5.04461e-05
1.84622e-06
0
0
5.88185e-05
1.77879e-06
0
0
6.85341e-05
1.71381e-06
0
0
7.97915e-05
1.6512e-06
0
0
9.28129e-05
1.59088e-06
0
0
0.000107845
1.53276e-06
0
0
0.000125156
1.47678e-06
0
0
0.00014504
1.42328e-06
0
0
0.000167805
1.38469e-06
0
0.000153519
0
9.77278e-05
0
6.24229e-05
0
4.05795e-05
0
2.74437e-05
0
1.99402e-05
0
1.61461e-05
0
1.4904e-05
0
1.55603e-05
0
1.77983e-05
0
2.15358e-05
0
2.68671e-05
0
3.40341e-05
0
4.34159e-05
0
5.55325e-05
0
7.10553e-05
0
9.08225e-05
0
0.000115851
0
0.000147342
0
0.00018666
0
0
0
0
0
0
0
0
0
0
0
0
0
0
0
0
0
0
0
0
END_LIST
