BEGIN_LIST
0.00021781
0.000217383
0.000216956
0.00021653
0.000216105
0.00021568
0.000215256
0.000214833
0.00021441
0.000213987
0.000213565
0.000213142
0.000212718
0.000212289
0.000211845
0.000211367
0.000210797
0.000209996
0.000208613
0.000205751
0.00119415
0.00119479
0.00117045
0.00118998
0.0011435
0.00118504
0.00111311
0.00117994
0.00107918
0.00117469
0.00104168
0.00116929
0.0010007
0.00116372
0.000956418
0.001158
0.000909173
0.00115212
0.000859401
0.00114607
0.000807653
0.00113985
0.000754571
0.00113346
0.000700863
0.0011269
0.000647297
0.00112017
0.00059471
0.00111326
0.000544094
0.00110617
0.000496821
0.0010989
0.000455189
0.00109144
0.000423631
0.00108335
0.000411211
0.00105662
0
0.000296987
0.000466593
0.00057754
0.00121105
0
0.000318831
0.000425073
0.000547802
0.00119078
0
0.000335241
0.000419856
0.000518631
0.00116768
0
0.00034841
0.000434955
0.000490125
0.00114156
0
0.00035965
0.000461277
0.000462373
0.00111224
0
0.000369756
0.000493961
0.000435452
0.00107964
0
0.000379209
0.000530435
0.000409426
0.00104373
0
0.000388304
0.000569288
0.00038435
0.00100456
0
0.000397221
0.000609676
0.000360265
0.000962311
0
0.000406068
0.000651025
0.0003372
0.000917247
0
0.000414913
0.000692885
0.000315173
0.000869741
0
0.000423795
0.000734859
0.000294188
0.000820251
0
0.000432739
0.000776582
0.000274234
0.000769296
0
0.000441757
0.000817706
0.000255278
0.000717416
0
0.000450858
0.000857908
0.000237249
0.000665096
0
0.000460044
0.000896891
0.000220009
0.000612647
0
0.000469316
0.00093439
0.00020328
0.000559962
0
0.000478674
0.00097018
0.000186496
0.000505994
0
0.000488116
0.00100408
0.000168486
0.000447582
0
0.00049764
0.00103596
0.000146775
0.000376621
0.000661366
0.000183809
0.000916193
0.000815719
0.00058218
0.00106094
4.54377e-05
0.000540426
0
9.10291e-05
0.00062432
0.000180871
0.000762405
0.000924982
0.000442686
0.00107998
4.41614e-05
0.000450905
0
8.31158e-05
0.00058766
0.000177973
0.000605034
0.000977982
0.000334335
0.00109802
4.28757e-05
0.000370128
0
8.18341e-05
0.000551598
0.000175115
0.000459814
0.00101122
0.000254966
0.00111507
4.15789e-05
0.000299523
0
8.24865e-05
0.000516329
0.000172295
0.000336979
0.00103649
0.000199606
0.00113114
4.02698e-05
0.000239468
0
8.37125e-05
0.000482032
0.000169515
0.00024
0.00105806
0.000162837
0.00114625
3.89465e-05
0.000189535
0
8.51205e-05
0.00044886
0.000166773
0.000167315
0.00107758
0.00013991
0.00116044
3.76076e-05
0.000148786
0
8.65981e-05
0.000416942
0.00016407
0.000114858
0.00109569
0.000127078
0.00117372
3.62511e-05
0.000116028
0
8.81132e-05
0.000386385
0.000161404
7.79989e-05
0.00111267
0.000121566
0.00118613
3.48754e-05
9.00084e-05
0
8.9657e-05
0.000357268
0.000158776
5.25742e-05
0.00112863
0.000121399
0.00119771
3.34785e-05
6.95359e-05
0
9.12269e-05
0.000329646
0.000156185
3.52572e-05
0.00114362
0.000125209
0.00120848
3.20583e-05
5.35468e-05
0
9.28227e-05
0.000303552
0.000153631
2.35631e-05
0.00115769
0.000132076
0.00121849
3.06127e-05
4.1131e-05
0
9.44444e-05
0.000278996
0.000151114
1.57114e-05
0.00117087
0.000141389
0.00122777
2.91395e-05
3.15328e-05
0
9.60923e-05
0.000255963
0.000148633
1.04599e-05
0.0011832
0.000152759
0.00123637
2.76365e-05
2.41384e-05
0
9.77668e-05
0.000234401
0.000146187
6.95659e-06
0.00119471
0.000165945
0.00124431
2.6101e-05
1.84567e-05
0
9.94682e-05
0.000214192
0.000143778
4.62352e-06
0.00120543
0.000180807
0.00125165
2.45305e-05
1.41001e-05
0
0.000101197
0.000195033
0.000141403
3.07169e-06
0.00121541
0.000197273
0.00125841
2.29223e-05
1.0765e-05
0
0.000102953
0.000176096
0.000139063
2.04069e-06
0.00122468
0.000215313
0.00126464
2.12736e-05
8.21856e-06
0
0.000104737
0.000154979
0.000136758
1.35737e-06
0.00123328
0.000234925
0.00127038
1.95812e-05
6.30835e-06
0
0.00010655
0.000124447
0.000134489
9.08844e-07
0.00124125
0.000256117
0.00127564
1.7842e-05
5.16498e-06
0
0.000108391
7.71294e-05
2.85328e-05
0.000132712
6.69171e-07
0
0
0.000285365
9.36606e-05
6.17682e-05
0.000109869
4.60569e-05
2.76191e-05
0.000131411
5.54795e-07
0
0
0.000323657
9.04729e-05
4.82237e-05
0.000110978
2.73538e-05
2.67446e-05
0.000130121
4.62543e-07
0
0
0.00036577
8.73863e-05
3.88909e-05
0.000112096
1.61993e-05
2.59124e-05
0.000128843
3.89984e-07
0
0
0.000411577
8.43981e-05
3.25393e-05
0.000113224
9.58412e-06
2.51273e-05
0.000127576
3.36127e-07
0
0
0.000460857
8.15056e-05
2.82894e-05
0.000114362
5.67547e-06
2.43967e-05
0.000126321
3.01866e-07
0
0
0.000513265
7.87061e-05
2.55179e-05
0.00011551
3.37282e-06
2.37317e-05
0.000125076
2.90858e-07
0
0
0.000568318
7.59971e-05
2.3786e-05
0.000116668
2.02086e-06
2.31485e-05
0.000123842
3.11067e-07
0
0
0.000625397
7.33761e-05
2.2786e-05
0.000117837
1.2313e-06
2.2671e-05
0.00012262
3.77469e-07
0
0
0.000683761
7.08405e-05
2.2303e-05
0.000119017
7.74903e-07
2.23338e-05
0.000121408
5.16687e-07
0
0
0.000742574
6.8388e-05
2.2187e-05
0.000120207
0
0
0.000800944
6.6016e-05
0
0
0.000857978
6.37223e-05
0
0
0.00091283
6.15045e-05
0
0
0.000964751
5.93604e-05
0
0
0.00101313
5.72877e-05
0
0
0.00105754
5.52844e-05
0
0
0.00109769
5.33483e-05
0
0
0.0011335
5.14778e-05
0
0
0.00116503
4.96855e-05
0
0
0.00119244
4.83899e-05
0
0.00117312
0
0.00101421
0
0.000825828
0
0.000648112
0
0.000508888
0
0.000417728
0
0.00037203
0
0.000364526
0
0.000387691
0
0.000435264
0
0.00050219
0
0.000584018
0
0.000676285
0
0.000774167
0
0.000872511
0
0.000966234
0
0.00105095
0
0.00112359
0
0.0011827
0
0.00122847
0
0
0
0
0
0
0
0
0
0
0
0
0
0
0
0
0
0
0
0
END_LIST
