BEGIN_LIST
7.29718e-06
7.27808e-06
7.25903e-06
7.24002e-06
7.22107e-06
7.20216e-06
7.18329e-06
7.16447e-06
7.1457e-06
7.12695e-06
7.10823e-06
7.08948e-06
7.07059e-06
7.0513e-06
7.03092e-06
7.00771e-06
6.97729e-06
6.92859e-06
6.83364e-06
6.6218e-06
8.3034e-05
8.53148e-05
7.1846e-05
8.22968e-05
6.21331e-05
7.93821e-05
5.37091e-05
7.65676e-05
4.64092e-05
7.385e-05
4.0088e-05
7.12261e-05
3.46178e-05
6.86929e-05
2.98866e-05
6.62474e-05
2.57965e-05
6.38869e-05
2.2262e-05
6.16084e-05
1.92088e-05
5.94093e-05
1.65725e-05
5.7287e-05
1.4297e-05
5.52388e-05
1.23345e-05
5.32623e-05
1.06444e-05
5.13552e-05
9.19435e-06
4.9515e-05
7.96207e-06
4.77395e-05
6.94168e-06
4.60252e-05
6.15836e-06
4.43132e-05
5.70277e-06
4.00446e-05
0
3.88465e-06
6.1083e-06
1.39779e-05
5.63483e-05
0
4.32841e-06
4.80062e-06
1.27909e-05
4.89758e-05
0
4.66066e-06
4.38311e-06
1.17042e-05
4.2554e-05
0
4.92614e-06
4.42928e-06
1.07094e-05
3.69637e-05
0
5.15239e-06
4.73343e-06
9.7989e-06
3.20999e-05
0
5.35643e-06
5.1986e-06
8.96549e-06
2.78702e-05
0
5.54879e-06
5.78151e-06
8.20272e-06
2.41932e-05
0
5.73599e-06
6.46576e-06
7.50463e-06
2.0998e-05
0
5.92213e-06
7.24866e-06
6.86575e-06
1.82223e-05
0
6.10976e-06
8.13488e-06
6.28106e-06
1.58115e-05
0
6.30055e-06
9.13343e-06
5.74593e-06
1.37182e-05
0
6.49558e-06
1.02562e-05
5.25604e-06
1.1901e-05
0
6.69557e-06
1.15176e-05
4.80733e-06
1.03237e-05
0
6.90107e-06
1.29339e-05
4.39579e-06
8.95483e-06
0
7.11245e-06
1.45238e-05
4.01717e-06
7.76704e-06
0
7.33005e-06
1.63081e-05
3.66633e-06
6.73651e-06
0
7.55414e-06
1.83104e-05
3.33596e-06
5.8426e-06
0
7.78497e-06
2.05569e-05
3.0138e-06
5.06746e-06
0
8.02277e-06
2.30769e-05
2.67682e-06
4.39577e-06
0
8.26777e-06
2.59031e-05
2.27891e-06
3.81476e-06
9.99867e-06
2.20121e-06
1.9595e-05
1.70989e-05
1.01119e-05
2.85064e-05
6.70771e-07
9.80872e-06
0
9.05476e-07
8.99953e-06
2.16005e-06
1.30217e-05
2.20007e-05
7.02802e-06
3.08107e-05
6.5059e-07
7.47296e-06
0
8.78073e-07
8.09994e-06
2.11966e-06
8.64782e-06
2.52372e-05
4.98165e-06
3.3293e-05
6.30316e-07
5.69237e-06
0
8.8199e-07
7.29005e-06
2.08002e-06
5.74055e-06
2.79152e-05
3.63576e-06
3.5969e-05
6.09925e-07
4.33543e-06
0
8.95128e-07
6.56095e-06
2.04112e-06
3.80955e-06
3.04852e-05
2.76373e-06
3.88549e-05
5.89392e-07
3.30161e-06
0
9.11144e-07
5.90462e-06
2.00295e-06
2.52762e-06
3.31365e-05
2.21351e-06
4.19674e-05
5.68691e-07
2.5141e-06
0
9.28219e-07
5.31383e-06
1.96549e-06
1.67684e-06
3.5955e-05
1.88325e-06
4.53246e-05
5.47797e-07
1.91432e-06
0
9.45837e-07
4.78205e-06
1.92873e-06
1.11234e-06
3.89857e-05
1.70497e-06
4.89452e-05
5.26681e-07
1.45755e-06
0
9.63852e-07
4.30341e-06
1.89266e-06
7.3783e-07
4.22584e-05
1.63344e-06
5.28494e-05
5.05314e-07
1.10973e-06
0
9.82229e-07
3.87261e-06
1.85726e-06
4.89395e-07
4.57975e-05
1.63885e-06
5.70588e-05
4.83667e-07
8.44889e-07
0
1.00096e-06
3.48488e-06
1.82252e-06
3.24603e-07
4.96262e-05
1.70174e-06
6.15961e-05
4.61706e-07
6.43239e-07
0
1.02005e-06
3.13591e-06
1.78843e-06
2.15297e-07
5.37681e-05
1.80967e-06
6.64859e-05
4.39399e-07
4.89709e-07
0
1.03951e-06
2.8218e-06
1.75498e-06
1.42796e-07
5.82482e-05
1.95501e-06
7.17542e-05
4.16712e-07
3.72819e-07
0
1.05933e-06
2.53899e-06
1.72215e-06
9.47096e-08
6.3093e-05
2.13341e-06
7.74287e-05
3.93607e-07
2.83827e-07
0
1.07953e-06
2.28406e-06
1.68994e-06
6.2816e-08
6.83307e-05
2.34283e-06
8.35388e-05
3.70047e-07
2.16076e-07
0
1.10012e-06
2.05338e-06
1.65833e-06
4.1663e-08
7.39914e-05
2.58286e-06
9.01158e-05
3.45991e-07
1.64497e-07
0
1.1211e-06
1.84201e-06
1.62731e-06
2.76347e-08
8.01072e-05
2.85426e-06
9.71928e-05
3.21397e-07
1.25235e-07
0
1.14248e-06
1.64035e-06
1.59687e-06
1.83352e-08
8.67124e-05
3.15877e-06
0.000104805
2.96222e-07
9.53907e-08
0
1.16427e-06
1.42432e-06
1.567e-06
1.21821e-08
9.38433e-05
3.49883e-06
0.000112989
2.70419e-07
7.30798e-08
0
1.18647e-06
1.12557e-06
1.53772e-06
8.14822e-09
0.000101538
3.87754e-06
0.000121784
2.4394e-07
5.97551e-08
0
1.20909e-06
6.82781e-07
2.48171e-07
1.51486e-06
5.99427e-09
0
0
4.42147e-06
1.30973e-06
8.408e-07
1.22731e-06
4.01991e-07
2.40075e-07
1.49818e-06
4.96636e-09
0
0
5.17114e-06
1.26167e-06
6.27746e-07
1.24101e-06
2.36727e-07
2.324e-07
1.48168e-06
4.13671e-09
0
0
6.05159e-06
1.21538e-06
4.81286e-07
1.25485e-06
1.39475e-07
2.25196e-07
1.46536e-06
3.48282e-09
0
0
7.08373e-06
1.17078e-06
3.81142e-07
1.26883e-06
8.22622e-08
2.18539e-07
1.44922e-06
2.99477e-09
0
0
8.29261e-06
1.12782e-06
3.13228e-07
1.28297e-06
4.86235e-08
2.12544e-07
1.43326e-06
2.67906e-09
0
0
9.70777e-06
1.08643e-06
2.67759e-07
1.29726e-06
2.8868e-08
2.07379e-07
1.41747e-06
2.56594e-09
0
0
1.13639e-05
1.04656e-06
2.3794e-07
1.31172e-06
1.72933e-08
2.03292e-07
1.40185e-06
2.72264e-09
0
0
1.33016e-05
1.00815e-06
2.19055e-07
1.32633e-06
1.05451e-08
2.00644e-07
1.38641e-06
3.27647e-09
0
0
1.55681e-05
9.71156e-07
2.07829e-07
1.3411e-06
6.65145e-09
1.99957e-07
1.37114e-06
4.45452e-09
0
0
1.82187e-05
9.35515e-07
2.01988e-07
1.35604e-06
0
0
2.13175e-05
9.01182e-07
0
0
2.49393e-05
8.68107e-07
0
0
2.91706e-05
8.36246e-07
0
0
3.41121e-05
8.05554e-07
0
0
3.988e-05
7.75987e-07
0
0
4.66086e-05
7.47505e-07
0
0
5.44524e-05
7.20068e-07
0
0
6.35891e-05
6.93645e-07
0
0
7.42216e-05
6.68401e-07
0
0
8.65812e-05
6.50191e-07
0
7.84015e-05
0
4.91907e-05
0
3.11277e-05
0
2.01096e-05
0
1.35407e-05
0
9.80681e-06
0
7.92275e-06
0
7.30422e-06
0
7.62476e-06
0
8.72804e-06
0
1.0576e-05
0
1.32203e-05
0
1.67892e-05
0
2.14848e-05
0
2.75891e-05
0
3.54756e-05
0
4.56275e-05
0
5.86598e-05
0
7.53478e-05
0
9.66567e-05
0
0
0
0
0
0
0
0
0
0
0
0
0
0
0
0
0
0
0
0
END_LIST
