BEGIN_LIST
6.77392e-05
6.75869e-05
6.7435e-05
6.72834e-05
6.71321e-05
6.69811e-05
6.68304e-05
6.668e-05
6.65299e-05
6.638e-05
6.62301e-05
6.60801e-05
6.5929e-05
6.57749e-05
6.56127e-05
6.54298e-05
6.51941e-05
6.48245e-05
6.41162e-05
6.25514e-05
0.000624067
0.000632771
0.000570448
0.000619988
0.000518594
0.000607253
0.000469017
0.000594575
0.000422121
0.000581962
0.000378198
0.000569423
0.000337433
0.000556965
0.000299915
0.000544598
0.000265644
0.000532328
0.000234554
0.000520163
0.000206522
0.00050811
0.000181387
0.000496177
0.000158966
0.000484369
0.000139064
0.000472693
0.000121497
0.000461155
0.000106111
0.00044976
9.28348e-05
0.000438514
8.17726e-05
0.00042741
7.34199e-05
0.000416018
6.91371e-05
0.000385523
0
4.7882e-05
7.53285e-05
0.00015006
0.000519226
0
5.31908e-05
6.07614e-05
0.000138678
0.000471459
0
5.71408e-05
5.63398e-05
0.000128079
0.00042615
0
6.02766e-05
5.72944e-05
0.00011822
0.000383568
0
6.2932e-05
6.12608e-05
0.000109062
0.00034389
0
6.53122e-05
6.71022e-05
0.000100562
0.000307207
0
6.75435e-05
7.42976e-05
9.26817e-05
0.000273536
0
6.97043e-05
8.26333e-05
8.53818e-05
0.000242828
0
7.18431e-05
9.20495e-05
7.86253e-05
0.000214986
0
7.39905e-05
0.000102564
7.23762e-05
0.000189876
0
7.61655e-05
0.000114236
6.65998e-05
0.000167335
0
7.83807e-05
0.000127145
6.12624e-05
0.000147185
0
8.06441e-05
0.000141383
5.63305e-05
0.000129238
0
8.29614e-05
0.000157047
5.17693e-05
0.000113304
0
8.53364e-05
0.000174236
4.75393e-05
9.91968e-05
0
8.77722e-05
0.000193049
4.35889e-05
8.67321e-05
0
9.02713e-05
0.000213579
3.98395e-05
7.573e-05
0
9.28356e-05
0.000235911
3.61533e-05
6.60071e-05
0
9.54671e-05
0.000260121
3.2265e-05
5.73603e-05
0
9.81674e-05
0.000286267
2.76372e-05
4.95259e-05
0.000121556
2.76291e-05
0.000223422
0.000194852
0.000119169
0.000309489
8.21747e-06
0.000116053
0
1.17706e-05
0.000110276
2.71295e-05
0.000154961
0.000244412
8.4017e-05
0.00032933
7.97687e-06
8.99671e-05
0
1.13383e-05
9.99685e-05
2.66388e-05
0.000105988
0.000275285
6.00874e-05
0.000350028
7.73462e-06
6.94662e-05
0
1.13623e-05
9.0562e-05
2.61567e-05
7.17905e-05
0.000299449
4.40652e-05
0.000371587
7.49045e-06
5.34697e-05
0
1.15202e-05
8.19894e-05
2.56833e-05
4.83034e-05
0.000321525
3.35469e-05
0.000394002
7.24407e-06
4.10573e-05
0
1.17193e-05
7.41862e-05
2.52183e-05
3.23535e-05
0.000343329
2.68371e-05
0.000417257
6.99516e-06
3.14675e-05
0
1.19332e-05
6.7091e-05
2.47615e-05
2.16043e-05
0.000365576
2.27625e-05
0.000441325
6.74342e-06
2.40829e-05
0
1.21541e-05
6.06461e-05
2.43128e-05
1.4397e-05
0.000388537
2.05217e-05
0.000466171
6.48851e-06
1.84109e-05
0
1.23801e-05
5.47969e-05
2.38722e-05
9.58095e-06
0.000412304
1.95735e-05
0.00049175
6.23009e-06
1.40628e-05
0
1.26105e-05
4.94929e-05
2.34394e-05
6.37016e-06
0.000436888
1.95561e-05
0.000518008
5.96779e-06
1.07347e-05
0
1.28452e-05
4.46865e-05
2.30143e-05
4.23282e-06
0.000462264
2.02314e-05
0.000544883
5.70124e-06
8.19011e-06
0
1.30842e-05
4.0334e-05
2.25968e-05
2.81147e-06
0.000488388
2.14452e-05
0.000572304
5.43003e-06
6.24635e-06
0
1.33277e-05
3.63945e-05
2.21867e-05
1.8669e-06
0.000515201
2.31014e-05
0.000600193
5.15375e-06
4.76253e-06
0
1.35756e-05
3.28293e-05
2.17839e-05
1.23946e-06
0.000542633
2.51434e-05
0.000628465
4.87197e-06
3.63038e-06
0
1.38281e-05
2.96009e-05
2.13884e-05
8.22794e-07
0.000570608
2.75419e-05
0.000657027
4.58422e-06
2.7669e-06
0
1.40853e-05
2.66671e-05
2.09999e-05
5.46164e-07
0.000599037
3.02873e-05
0.000685783
4.29002e-06
2.10854e-06
0
1.43472e-05
2.39679e-05
2.06184e-05
3.62542e-07
0.000627827
3.33836e-05
0.000714632
3.98888e-06
1.60674e-06
0
1.46139e-05
2.1382e-05
2.02437e-05
2.40716e-07
0.000656878
3.68453e-05
0.00074347
3.68026e-06
1.22487e-06
0
1.48855e-05
1.85992e-05
1.98759e-05
1.60047e-07
0.000686088
4.06946e-05
0.000772193
3.3636e-06
9.3912e-07
0
1.51621e-05
1.47324e-05
1.95149e-05
1.07124e-07
0.000715347
4.49604e-05
0.000800695
3.03833e-06
7.68351e-07
0
1.54438e-05
8.96335e-06
3.26438e-06
1.92329e-05
7.88502e-08
0
0
5.10464e-05
1.62546e-05
1.04728e-05
1.56705e-05
5.28668e-06
3.15949e-06
1.9027e-05
6.53524e-08
0
0
5.93614e-05
1.56686e-05
7.86401e-06
1.58408e-05
3.11695e-06
3.05991e-06
1.88232e-05
5.4456e-08
0
0
6.90168e-05
1.51035e-05
6.06789e-06
1.60129e-05
1.83798e-06
2.96626e-06
1.86216e-05
4.58678e-08
0
0
8.01882e-05
1.45586e-05
4.83888e-06
1.61867e-05
1.08472e-06
2.87948e-06
1.84221e-05
3.94601e-08
0
0
9.30751e-05
1.40332e-05
4.00547e-06
1.63623e-05
6.41477e-07
2.80099e-06
1.82248e-05
3.53212e-08
0
0
0.000107899
1.35265e-05
3.44813e-06
1.65397e-05
3.8101e-07
2.73289e-06
1.80295e-05
3.38526e-08
0
0
0.000124898
1.3038e-05
3.08359e-06
1.67191e-05
2.28329e-07
2.67823e-06
1.78363e-05
3.59438e-08
0
0
0.000144327
1.25669e-05
2.85392e-06
1.69004e-05
1.39275e-07
2.64147e-06
1.76451e-05
4.32768e-08
0
0
0.000166448
1.21128e-05
2.71884e-06
1.70836e-05
8.78684e-08
2.62907e-06
1.74559e-05
5.88491e-08
0
0
0.000191525
1.16748e-05
2.65036e-06
1.72688e-05
0
0
0.00021981
1.12526e-05
0
0
0.000251536
1.08456e-05
0
0
0.000286891
1.04531e-05
0
0
0.000326008
1.00748e-05
0
0
0.000368934
9.71006e-06
0
0
0.000415615
9.35842e-06
0
0
0.000465869
9.01944e-06
0
0
0.000519372
8.69275e-06
0
0
0.00057565
8.38042e-06
0
0
0.000634074
8.15502e-06
0
0.00059791
0
0.000419819
0
0.000286627
0
0.000195077
0
0.000136424
0
0.000101786
0
8.41949e-05
0
7.88743e-05
0
8.28916e-05
0
9.46922e-05
0
0.000113706
0
0.000140052
0
0.000174315
0
0.00021736
0
0.000270135
0
0.000333458
0
0.00040774
0
0.000492677
0
0.000586954
0
0.000688044
0
0
0
0
0
0
0
0
0
0
0
0
0
0
0
0
0
0
0
0
END_LIST
