BEGIN_LIST
0.000183631
0.000183259
0.000182888
0.000182518
0.000182148
0.000181779
0.00018141
0.000181042
0.000180674
0.000180307
0.00017994
0.000179573
0.000179204
0.00017883
0.000178443
0.000178021
0.000177511
0.000176776
0.000175475
0.000172737
0.00112654
0.0011286
0.00109394
0.00112187
0.00105776
0.00111495
0.00101802
0.00110786
0.0009749
0.00110059
0.000928659
0.00109314
0.000879697
0.00108551
0.000828526
0.00107769
0.000775746
0.00106969
0.000722026
0.0010615
0.000668067
0.00105313
0.000614569
0.00104457
0.000562211
0.00103583
0.000511634
0.00102691
0.000463458
0.0010178
0.000418361
0.00100851
0.000377268
0.000999041
0.000341791
0.000989379
0.000315204
0.000979002
0.000304494
0.000946333
0
0.000217645
0.000343136
0.000477415
0.00112615
0
0.000236446
0.000302427
0.000449995
0.00109493
0
0.000250452
0.000294226
0.000423442
0.00106038
0
0.000261598
0.000304071
0.000397815
0.00102254
0
0.000271045
0.000324049
0.000373163
0.000981529
0
0.000279499
0.000350055
0.000349522
0.000937571
0
0.000287391
0.000379999
0.000326918
0.000891002
0
0.000294985
0.000412798
0.000305366
0.000842255
0
0.000302442
0.000447851
0.000284871
0.000791849
0
0.00030986
0.000484777
0.00026543
0.000740363
0
0.000317302
0.000523283
0.000247031
0.000688411
0
0.000324803
0.000563099
0.00022965
0.000636609
0
0.000332387
0.000603946
0.000213256
0.000585546
0
0.000340067
0.000645532
0.0001978
0.000535741
0
0.000347852
0.000687544
0.000183206
0.000487607
0
0.000355745
0.000729653
0.000169344
0.000441378
0
0.000363749
0.000771526
0.000155978
0.00039699
0
0.000371866
0.000812831
0.000142647
0.000353808
0
0.000380094
0.000853247
0.000128411
0.000310023
0
0.000388434
0.000892476
0.00011131
0.000261215
0.000506736
0.000131566
0.000762037
0.00067227
0.000459399
0.000924074
3.40385e-05
0.000426667
0
6.21307e-05
0.000472705
0.000129371
0.000604454
0.000782289
0.000341356
0.000948752
3.30692e-05
0.00034866
0
5.76185e-05
0.000439843
0.000127209
0.000459168
0.00083945
0.000253284
0.000972581
3.20928e-05
0.000281063
0
5.70328e-05
0.000408273
0.00012508
0.000336376
0.000877451
0.000190513
0.000995526
3.11082e-05
0.000223983
0
5.75917e-05
0.000378091
0.000122982
0.000239498
0.000907716
0.000147512
0.00101756
3.01141e-05
0.000176808
0
5.84924e-05
0.000349371
0.000120916
0.000166927
0.000934467
0.000119265
0.00103864
2.91095e-05
0.000138497
0
5.9504e-05
0.000322162
0.000118882
0.000114573
0.000959313
0.000101743
0.00105877
2.8093e-05
0.000107819
0
6.05604e-05
0.000296491
0.000116879
7.77961e-05
0.00098286
9.19209e-05
0.00107793
2.70633e-05
8.3527e-05
0
6.16427e-05
0.000272365
0.000114906
5.24331e-05
0.00100533
8.7628e-05
0.0010961
2.6019e-05
6.44602e-05
0
6.27458e-05
0.000249774
0.000112964
3.51606e-05
0.00102679
8.73499e-05
0.0011133
2.49587e-05
4.95971e-05
0
6.38683e-05
0.000228689
0.000111052
2.34976e-05
0.00104727
9.00552e-05
0.00112954
2.38807e-05
3.80727e-05
0
6.501e-05
0.000209073
0.000109169
1.56673e-05
0.00106677
9.50566e-05
0.00114482
2.27836e-05
2.91737e-05
0
6.61712e-05
0.000190873
0.000107315
1.04303e-05
0.00108528
0.000101908
0.00115916
2.16656e-05
2.2324e-05
0
6.73521e-05
0.000174026
0.00010549
6.93679e-06
0.00110281
0.000110329
0.00117261
2.05249e-05
1.70644e-05
0
6.85529e-05
0.000158449
0.000103694
4.61025e-06
0.00111938
0.000120155
0.00118517
1.93596e-05
1.30334e-05
0
6.9774e-05
0.000144018
0.000101926
3.06266e-06
0.00113499
0.000131297
0.00119689
1.81679e-05
9.94845e-06
0
7.10156e-05
0.000130492
0.000100185
2.03408e-06
0.00114968
0.000143723
0.0012078
1.69475e-05
7.59041e-06
0
7.22781e-05
0.000117283
9.84722e-05
1.35107e-06
0.00116345
0.000157433
0.00121794
1.56965e-05
5.79206e-06
0
7.35618e-05
0.000102754
9.67867e-05
8.9854e-07
0.00117636
0.000172451
0.00122735
1.44124e-05
4.44414e-06
0
7.4867e-05
8.20709e-05
9.51294e-05
6.01551e-07
0.00118842
0.000188818
0.00123605
1.30929e-05
3.63778e-06
0
7.6194e-05
5.04957e-05
1.85644e-05
9.38323e-05
4.4286e-07
0
0
0.000211651
6.91438e-05
4.52469e-05
7.72603e-05
3.00066e-05
1.79682e-05
9.28837e-05
3.67112e-07
0
0
0.00024196
6.67467e-05
3.48663e-05
7.80606e-05
1.777e-05
1.73988e-05
9.1944e-05
3.05987e-07
0
0
0.000275876
6.44285e-05
2.77118e-05
7.8868e-05
1.05058e-05
1.68587e-05
9.10131e-05
2.57858e-07
0
0
0.00031349
6.2187e-05
2.28309e-05
7.96829e-05
6.20961e-06
1.63516e-05
9.00909e-05
2.22036e-07
0
0
0.000354834
6.00199e-05
1.95477e-05
8.05055e-05
3.67531e-06
1.58831e-05
8.91774e-05
1.99065e-07
0
0
0.000399857
5.79251e-05
1.73856e-05
8.13359e-05
2.1838e-06
1.54616e-05
8.82726e-05
1.91279e-07
0
0
0.000448394
5.59002e-05
1.601e-05
8.21743e-05
1.30867e-06
1.50997e-05
8.73763e-05
2.03805e-07
0
0
0.000500149
5.39432e-05
1.51871e-05
8.30207e-05
7.97858e-07
1.48152e-05
8.64885e-05
2.46313e-07
0
0
0.000554685
5.2052e-05
1.47536e-05
8.38753e-05
5.02776e-07
1.46346e-05
8.56091e-05
3.36011e-07
0
0
0.000611419
5.02246e-05
1.45958e-05
8.4738e-05
0
0
0.000669641
4.8459e-05
0
0
0.000728533
4.67533e-05
0
0
0.000787212
4.51056e-05
0
0
0.000844777
4.3514e-05
0
0
0.00090036
4.19768e-05
0
0
0.00095318
4.04923e-05
0
0
0.00100259
3.90587e-05
0
0
0.0010481
3.76749e-05
0
0
0.00108939
3.63498e-05
0
0
0.00112633
3.53924e-05
0
0.00110103
0
0.000916373
0
0.000718763
0
0.00054551
0
0.000416119
0
0.000333418
0
0.00029165
0
0.000283013
0
0.000300755
0
0.000339921
0
0.000397009
0
0.000469277
0
0.000554041
0
0.000648138
0
0.000747656
0
0.000848002
0
0.000944335
0
0.00103223
0
0.00110835
0
0.00117095
0
0
0
0
0
0
0
0
0
0
0
0
0
0
0
0
0
0
0
0
END_LIST
