BEGIN_LIST
0.000308755
0.0003082
0.000307645
0.000307091
0.000306538
0.000305985
0.000305433
0.000304881
0.00030433
0.000303779
0.000303229
0.000302678
0.000302126
0.000301569
0.000300998
0.000300392
0.000299697
0.000298776
0.000297284
0.000294345
0.00128724
0.00128648
0.00127885
0.00128481
0.00126895
0.00128308
0.00125731
0.00128128
0.00124367
0.00127942
0.00122777
0.0012775
0.00120934
0.0012755
0.00118811
0.00127343
0.00116383
0.00127129
0.00113628
0.00126908
0.00110531
0.00126678
0.00107083
0.00126441
0.00103287
0.00126195
0.000991628
0.0012594
0.000947539
0.00125677
0.00090142
0.00125405
0.000854813
0.00125123
0.000810683
0.00124831
0.000774912
0.00124508
0.000759039
0.00123308
0
0.000571875
0.000858249
0.000819535
0.00130784
0
0.000591114
0.000842679
0.000789724
0.00130357
0
0.000606844
0.000853329
0.000759491
0.00129852
0
0.000620455
0.000877848
0.00072896
0.00129255
0
0.000632778
0.000908838
0.000698259
0.00128551
0
0.00064432
0.000942222
0.000667518
0.00127723
0
0.000655385
0.000975819
0.000636867
0.00126752
0
0.000666157
0.00100847
0.000606432
0.00125615
0
0.00067675
0.00103956
0.000576334
0.00124292
0
0.000687228
0.00106876
0.000546688
0.00122758
0
0.000697633
0.00109591
0.000517597
0.00120986
0
0.000707985
0.00112096
0.000489148
0.00118951
0
0.000718296
0.00114392
0.000461412
0.00116623
0
0.000728572
0.00116483
0.000434423
0.00113969
0
0.000738814
0.00118378
0.000408159
0.00110942
0
0.000749021
0.00120087
0.000382488
0.00107462
0
0.000759192
0.0012162
0.00035706
0.00103363
0
0.000769322
0.00122992
0.000331071
0.00098261
0
0.000779407
0.00124214
0.000302759
0.000912147
0
0.000789445
0.001253
0.000268292
0.000796796
0.00106281
0.000385453
0.0011991
0.00110886
0.000892855
0.00126111
8.68211e-05
0.000855542
0
0.000222406
0.00103709
0.00038034
0.00111417
0.00118263
0.000730379
0.00126706
8.45329e-05
0.000760278
0
0.000196343
0.00100973
0.000375269
0.000997375
0.00121216
0.00058646
0.00127252
8.22281e-05
0.000662292
0
0.000190851
0.000980774
0.00037024
0.000853866
0.00122805
0.000471135
0.00127753
7.9904e-05
0.000565743
0
0.000191428
0.000950289
0.000365253
0.000696881
0.00123876
0.000385908
0.00128212
7.75582e-05
0.000474408
0
0.00019379
0.000918373
0.000360309
0.000543104
0.00124717
0.000327484
0.00128633
7.51878e-05
0.000391173
0
0.000196695
0.000885153
0.000355407
0.000406395
0.00125437
0.000290841
0.00129019
7.279e-05
0.000317788
0
0.000199786
0.000850777
0.000350549
0.000294165
0.00126078
0.000271
0.00129372
7.03617e-05
0.000254907
0
0.00020296
0.000815422
0.000345734
0.000207554
0.00126661
0.000263774
0.00129695
6.78998e-05
0.000202303
0
0.000206187
0.000779283
0.000340962
0.000143714
0.00127194
0.000265933
0.0012999
6.54009e-05
0.000159159
0
0.00020946
0.000742572
0.000336235
9.81845e-05
0.00127684
0.000275107
0.0013026
6.28615e-05
0.000124337
0
0.000212777
0.00070551
0.000331551
6.64548e-05
0.00128134
0.000289614
0.00130507
6.02779e-05
9.65894e-05
0
0.000216136
0.000668319
0.000326912
4.46915e-05
0.00128547
0.00030828
0.00130732
5.76462e-05
7.47021e-05
0
0.000219539
0.000631205
0.000322317
2.99251e-05
0.00128927
0.000330291
0.00130937
5.49622e-05
5.75744e-05
0
0.000222984
0.00059432
0.000317767
1.9979e-05
0.00129276
0.000355084
0.00131125
5.22217e-05
4.42542e-05
0
0.000226473
0.000557659
0.000313261
1.33127e-05
0.00129596
0.000382255
0.00131296
4.94199e-05
3.39448e-05
0
0.000230006
0.000520755
0.0003088
8.85962e-06
0.0012989
0.000411507
0.00131451
4.65522e-05
2.59963e-05
0
0.000233582
0.000481773
0.000304385
5.8927e-06
0.0013016
0.000442603
0.00131593
4.36134e-05
1.98942e-05
0
0.000237202
0.000434702
0.000300015
3.92269e-06
0.00130407
0.00047534
0.00131723
4.0598e-05
1.52979e-05
0
0.000240866
0.000360131
0.000295695
2.62827e-06
0.00130633
0.000509525
0.0013184
3.75004e-05
1.25397e-05
0
0.000244574
0.000233303
8.97245e-05
0.000292298
1.93649e-06
0
0
0.000554696
0.000192085
0.000130948
0.000247542
0.000143547
8.69429e-05
0.000289803
1.6068e-06
0
0
0.000610749
0.000186039
0.000107983
0.000249762
8.68067e-05
8.42608e-05
0.000287324
1.34159e-06
0
0
0.000668481
0.000180154
9.22617e-05
0.000251996
5.19617e-05
8.16834e-05
0.00028486
1.1343e-06
0
0
0.000726983
0.000174428
8.17482e-05
0.000254244
3.09339e-05
7.92189e-05
0.000282412
9.82809e-07
0
0
0.000785325
0.000168858
7.49485e-05
0.000256507
1.83799e-05
7.688e-05
0.00027998
8.90948e-07
0
0
0.000842587
0.000163441
7.07858e-05
0.000258785
1.09374e-05
7.46861e-05
0.000277563
8.71372e-07
0
0
0.000897894
0.000158175
6.84931e-05
0.000261078
6.54986e-06
7.26661e-05
0.000275161
9.50635e-07
0
0
0.000950467
0.000153057
6.75286e-05
0.000263386
3.97949e-06
7.0862e-05
0.000272775
1.178e-06
0
0
0.000999661
0.000148084
6.75115e-05
0.000265711
2.48862e-06
6.93354e-05
0.000270405
1.64051e-06
0
0
0.00104499
0.000143254
6.81756e-05
0.00026805
0
0
0.00108615
0.000138563
0
0
0.00112299
0.000134009
0
0
0.00115555
0.000129589
0
0
0.00118397
0.0001253
0
0
0.0012085
0.000121139
0
0
0.00122946
0.000117103
0
0
0.00124721
0.000113189
0
0
0.00126213
0.000109396
0
0
0.00127457
0.00010575
0
0
0.00128489
0.000103108
0
0.00127755
0
0.00119098
0
0.00105831
0
0.000906991
0
0.000772459
0
0.000678802
0
0.000633697
0
0.00063342
0
0.000669151
0
0.000730832
0
0.00080878
0
0.00089422
0
0.000979587
0
0.00105888
0
0.00112801
0
0.00118489
0
0.00122927
0
0.00126227
0
0.00128575
0
0.00130184
0
0
0
0
0
0
0
0
0
0
0
0
0
0
0
0
0
0
0
0
END_LIST
