time,branch0,branch1,branch2,branch3,branch4,branch5,branch6,branch7,branch8,branch9,branch10,branch11,branch12,branch13,branch14,branch15,branch16,branch17,branch18,branch19,branch20,branch21,branch22,branch23,branch24,branch25,branch26,branch27,
0,0.0096034,0.00110363,0.000769315,8.22064e-05,0.000273276,8.92476e-05,1.20497e-06,8.233e-05,0.00228103,0.00402714,0.000170878,0.00255018,0.000542445,0.00944413,0.00859466,0.00865295,0.00285774,0.00990084,4.82387e-05,0.000161723,1.81958e-05,3.63593e-05,0.00549275,0.0044283,0.000487729,9.34571e-05,0.000135986,0.000201429,
1,0.00965923,0.0011653,0.000794379,8.89841e-05,0.000289066,9.55348e-05,1.30238e-06,8.56478e-05,0.00233021,0.00411631,0.000177905,0.00257376,0.000565988,0.00962754,0.00889101,0.00889281,0.00289602,0.00997077,5.49043e-05,0.000182056,2.02817e-05,4.07402e-05,0.00558653,0.00445733,0.000499507,0.000102069,0.000147323,0.000216151,
2,0.00965972,0.00117086,0.000797607,8.96311e-05,0.000290572,9.61085e-05,1.31122e-06,8.60437e-05,0.00233477,0.00412531,0.000178635,0.00257748,0.000568601,0.00963092,0.00889815,0.00889816,0.00289897,0.0099713,5.55535e-05,0.000183956,2.04791e-05,4.11454e-05,0.00559567,0.0044659,0.000501678,0.000102833,0.000148323,0.000217468,
3,0.00965996,0.00117446,0.000800485,9.00011e-05,0.00029167,9.64844e-05,1.31651e-06,8.63836e-05,0.00233879,0.00413338,0.000179236,0.00258102,0.000570774,0.00963234,0.00890007,0.00890005,0.00290147,0.00997142,5.57599e-05,0.000184615,2.05579e-05,4.12947e-05,0.00560406,0.00447437,0.000503738,0.000103236,0.000148897,0.0002183,
4,0.00966019,0.00117802,0.000803367,9.03635e-05,0.000292765,9.68571e-05,1.32173e-06,8.67241e-05,0.0023428,0.00414144,0.000179837,0.00258456,0.000572949,0.00963373,0.00890193,0.0089019,0.00290397,0.00997154,5.59439e-05,0.000185215,2.06316e-05,4.14327e-05,0.00561245,0.00448285,0.000505805,0.000103629,0.000149461,0.000219124,
5,0.00966043,0.00118158,0.000806258,9.07272e-05,0.000293863,9.72312e-05,1.32697e-06,8.70659e-05,0.00234681,0.00414951,0.000180439,0.0025881,0.000575132,0.00963512,0.00890378,0.00890375,0.00290646,0.00997166,5.61274e-05,0.000185815,2.07052e-05,4.15706e-05,0.00562084,0.00449134,0.00050788,0.000104023,0.000150028,0.000219951,
6,0.00966066,0.00118515,0.00080916,9.10924e-05,0.000294965,9.76068e-05,1.33222e-06,8.7409e-05,0.00235084,0.00415759,0.000181044,0.00259165,0.000577323,0.0096365,0.00890562,0.0089056,0.00290896,0.00997178,5.63113e-05,0.000186417,2.07791e-05,4.17088e-05,0.00562923,0.00449984,0.000509965,0.000104419,0.000150596,0.000220781,
7,0.00966089,0.00118872,0.00081207,9.14592e-05,0.000296072,9.79839e-05,1.33751e-06,8.77534e-05,0.00235487,0.00416568,0.00018165,0.00259521,0.000579521,0.00963788,0.00890746,0.00890744,0.00291146,0.0099719,5.64958e-05,0.00018702,2.08532e-05,4.18475e-05,0.00563762,0.00450835,0.000512057,0.000104817,0.000151166,0.000221614,
8,0.00966113,0.00119231,0.000814991,9.18275e-05,0.000297183,9.83626e-05,1.34281e-06,8.80991e-05,0.0023589,0.00417378,0.000182259,0.00259876,0.000581728,0.00963925,0.00890929,0.00890927,0.00291396,0.00997201,5.66807e-05,0.000187625,2.09276e-05,4.19865e-05,0.00564601,0.00451686,0.000514159,0.000105216,0.000151739,0.00022245,
9,0.00966136,0.0011959,0.000817921,9.21974e-05,0.000298298,9.87427e-05,1.34813e-06,8.84463e-05,0.00236294,0.00418189,0.000182869,0.00260233,0.000583942,0.00964062,0.00891112,0.0089111,0.00291646,0.00997213,5.68662e-05,0.000188231,2.10023e-05,4.21259e-05,0.00565439,0.00452539,0.000516269,0.000105616,0.000152314,0.00022329,
10,0.00966159,0.0011995,0.00082086,9.25688e-05,0.000299417,9.91244e-05,1.35348e-06,8.87947e-05,0.00236699,0.00419001,0.000183482,0.00260589,0.000586165,0.00964199,0.00891295,0.00891293,0.00291896,0.00997225,5.70522e-05,0.000188839,2.10772e-05,4.22658e-05,0.00566277,0.00453393,0.000518388,0.000106018,0.000152891,0.000224132,
11,5.58846e-05,6.24104e-05,2.35985e-05,7.02792e-06,1.58187e-05,6.40914e-06,1.00521e-07,3.18928e-06,4.69669e-05,8.44314e-05,6.8396e-06,2.08641e-05,2.28778e-05,0.00018437,0.000300598,0.000242159,3.67152e-05,7.02482e-05,7.23904e-06,2.1897e-05,2.23055e-06,4.70032e-06,8.78698e-05,2.15306e-05,1.03775e-05,8.99241e-06,1.1733e-05,1.5063e-05,
12,2.55311e-07,2.15839e-06,3.87322e-07,3.11501e-07,4.48961e-07,2.18965e-07,3.95224e-09,6.19082e-08,5.82567e-07,9.99343e-07,1.41529e-07,1.94878e-07,4.82972e-07,1.99994e-06,5.34884e-06,3.5252e-06,4.65222e-07,4.14007e-07,5.11121e-07,1.42138e-06,1.3575e-07,2.92232e-07,7.58214e-07,1.06058e-07,1.29113e-07,4.0329e-07,4.7399e-07,5.35102e-07,
13,9.82088e-10,6.30091e-08,5.05443e-09,1.00804e-08,8.98433e-09,5.1861e-09,1.0808e-10,8.59938e-10,5.91894e-09,9.06887e-09,2.15358e-09,1.76816e-09,7.28657e-09,1.61654e-08,6.64469e-08,3.64385e-08,4.78899e-09,2.13804e-09,2.59947e-08,6.70301e-08,6.18569e-09,1.32081e-08,4.84076e-09,4.93153e-10,1.32193e-09,1.24525e-08,1.31847e-08,1.31708e-08,
14,3.37897e-12,1.66615e-09,6.27886e-11,2.58572e-10,1.41908e-10,9.54774e-11,2.32174e-12,9.61491e-12,5.3993e-11,6.98101e-11,2.71113e-11,1.5459e-11,8.8232e-11,1.08534e-10,6.47696e-10,3.00642e-10,4.18902e-11,1.01831e-11,1.06514e-09,2.56911e-09,2.35057e-10,4.8596e-10,2.61147e-11,2.20216e-12,1.23501e-11,2.96156e-10,2.82973e-10,2.51743e-10,
15,1.08394e-14,4.10953e-11,8.20455e-13,5.50437e-12,1.88239e-12,1.45631e-12,4.24282e-14,9.24755e-14,4.5863e-13,4.79865e-13,3.01323e-13,1.30925e-13,9.14787e-13,6.41386e-13,5.286e-12,2.11261e-12,3.26833e-13,4.61111e-14,3.74326e-11,8.51662e-11,7.86842e-12,1.55e-11,1.34577e-13,9.59541e-15,1.09589e-13,5.77522e-12,4.99192e-12,3.98032e-12,
16,3.35255e-17,9.62329e-13,1.14086e-14,1.00381e-13,2.18145e-14,1.91832e-14,7.09411e-16,7.99813e-16,3.68858e-15,3.03921e-15,3.07829e-15,1.08159e-15,8.47148e-15,3.45796e-15,3.76578e-14,1.31813e-14,2.36234e-15,2.02204e-16,1.17386e-12,2.53923e-12,2.39467e-13,4.45913e-13,8.0467e-16,4.12388e-17,9.35183e-16,9.6112e-14,7.53696e-14,5.42034e-14,
17,1.03314e-19,2.16746e-14,1.63015e-16,1.60633e-15,2.27072e-16,2.25074e-16,1.17774e-17,6.43268e-18,2.83671e-17,1.81386e-17,2.96727e-17,8.76957e-18,7.2275e-17,1.74277e-17,2.41177e-16,7.5204e-17,1.62775e-17,8.68517e-19,3.37494e-14,6.99143e-14,6.76291e-15,1.18848e-14,7.00307e-18,1.76005e-19,7.69807e-18,1.40368e-15,1.00182e-15,6.53946e-16,
18,3.29155e-22,4.74251e-16,2.33021e-18,2.29863e-17,2.16817e-18,2.41886e-18,2.10369e-19,4.94591e-20,2.10214e-19,1.03985e-19,2.74557e-19,7.0126e-20,5.82332e-19,8.35614e-20,1.41985e-18,4.01201e-19,1.09216e-19,3.68038e-21,9.07059e-16,1.81127e-15,1.7986e-16,2.99056e-16,8.84273e-20,7.49113e-22,6.12776e-20,1.83665e-17,1.1972e-17,7.13886e-18,
19,1.12875e-24,1.0158e-17,3.32347e-20,2.98694e-19,1.93164e-20,2.46459e-20,4.19973e-21,3.7223e-22,1.51166e-21,5.83783e-22,2.46592e-21,5.55097e-22,4.52538e-21,3.86264e-22,7.82214e-21,2.03792e-21,7.24405e-22,1.54573e-23,2.31197e-17,4.47588e-17,4.55599e-18,7.20223e-18,1.35059e-21,3.18791e-24,4.73965e-22,2.18793e-19,1.30757e-19,7.17014e-20,
20,4.30671e-27,2.14211e-19,4.79635e-22,3.57058e-21,1.62927e-22,2.52047e-22,9.16118e-23,2.79591e-24,1.06216e-23,3.28067e-24,2.1653e-23,4.36153e-24,3.45399e-23,1.73951e-24,4.09421e-23,1.00129e-23,4.79701e-24,6.4535e-26,5.65006e-19,1.06579e-18,1.10923e-19,1.67687e-19,2.22274e-23,1.35878e-26,3.58812e-24,2.40407e-21,1.3229e-21,6.71813e-22,
