BEGIN_LIST
0
2.59276e-55
8.93138e-55
2.4233e-54
6.09722e-54
1.48979e-53
3.59579e-53
8.6334e-53
2.06819e-52
4.94969e-52
1.18412e-51
2.83239e-51
6.77477e-51
1.62049e-50
3.87626e-50
9.27268e-50
2.21829e-49
5.30709e-49
1.26976e-48
3.03817e-48
7.26991e-48
3.15497e-47
7.55511e-48
7.27987e-47
7.85175e-48
1.39119e-46
8.16028e-48
2.41574e-46
8.4812e-48
3.95097e-46
8.81501e-48
6.19767e-46
9.16224e-48
9.42798e-46
9.52343e-48
1.40187e-45
9.89916e-48
2.0512e-45
1.029e-47
2.97281e-45
1.06966e-47
4.29808e-45
1.11196e-47
6.24886e-45
1.15597e-47
9.21662e-45
1.20176e-47
1.39153e-44
1.24984e-47
2.16793e-44
1.31855e-47
3.50513e-44
2.18489e-47
5.89481e-44
3.69035e-46
1.02979e-43
1.51167e-44
1.85979e-43
6.4251e-43
3.4439e-43
2.73347e-41
3.49471e-43
4.64095e-43
1.97012e-43
6.35025e-41
2.92876e-41
3.52233e-43
5.37744e-43
1.14061e-43
1.19634e-40
3.13545e-41
3.52435e-43
5.81673e-43
6.67371e-44
2.02684e-40
3.3532e-41
3.49921e-43
6.06265e-43
3.94162e-44
3.21076e-40
3.58119e-41
3.44634e-43
6.18123e-43
2.34749e-44
4.84844e-40
3.81799e-41
3.36629e-43
6.21464e-43
1.40842e-44
7.05781e-40
4.06139e-41
3.26077e-43
6.18994e-43
8.50508e-45
9.97654e-40
4.30812e-41
3.13251e-43
6.12471e-43
5.16536e-45
1.3765e-39
4.55368e-41
2.98506e-43
6.0305e-43
3.15289e-45
1.8611e-39
4.79206e-41
2.82255e-43
5.91505e-43
1.93315e-45
2.47376e-39
5.01551e-41
2.64933e-43
5.78371e-43
1.19009e-45
3.24146e-39
5.21437e-41
2.46973e-43
5.64028e-43
7.3538e-46
4.19787e-39
5.37678e-41
2.28777e-43
5.48757e-43
4.55996e-46
5.38643e-39
5.4883e-41
2.10702e-43
5.32777e-43
2.83697e-46
6.86545e-39
5.53101e-41
1.93049e-43
5.16263e-43
1.7707e-46
8.71641e-39
5.48128e-41
1.76055e-43
4.99361e-43
1.10864e-46
1.10577e-38
5.30487e-41
1.59897e-43
4.822e-43
6.9622e-47
1.40677e-38
4.94674e-41
1.44697e-43
4.64888e-43
4.38482e-47
1.80233e-38
4.31039e-41
1.3057e-43
4.47525e-43
2.7689e-47
2.33678e-38
3.21654e-41
1.10208e-43
4.30198e-43
1.75254e-47
3.08309e-38
1.31315e-41
9.24857e-44
9.99775e-44
4.37013e-43
2.02285e-43
6.41754e-43
1.29856e-47
3.26706e-38
2.48102e-38
1.20569e-41
3.47415e-42
7.73466e-44
9.0577e-44
4.09479e-43
9.53299e-44
7.90201e-43
9.62453e-48
3.43506e-38
1.91624e-38
1.09854e-41
9.09364e-43
6.4503e-44
8.19649e-44
3.53322e-43
4.49613e-44
8.94868e-43
7.13314e-48
3.58535e-38
1.43268e-38
9.93655e-42
2.37662e-43
5.3668e-44
7.40955e-44
2.82752e-43
2.12143e-44
9.71342e-43
5.28448e-48
3.71627e-38
1.04535e-38
8.92723e-42
6.24678e-44
4.4569e-44
6.69214e-44
2.12719e-43
1.00124e-44
1.03105e-42
3.91146e-48
3.8262e-38
7.49468e-39
7.9707e-42
1.68658e-44
3.69567e-44
6.03942e-44
1.52801e-43
4.72631e-45
1.08172e-42
2.89094e-48
3.91364e-38
5.30783e-39
7.07655e-42
5.05022e-45
3.06083e-44
5.44659e-44
1.06278e-43
2.23134e-45
1.12819e-42
2.13207e-48
3.97716e-38
3.72763e-39
6.25089e-42
2.04634e-45
2.53307e-44
4.90897e-44
7.23586e-44
1.05351e-45
1.17325e-42
1.56762e-48
4.01547e-38
2.60306e-39
5.49666e-42
1.34695e-45
2.0965e-44
4.42208e-44
4.85958e-44
4.97394e-46
1.21829e-42
1.14784e-48
4.02739e-38
1.81086e-39
4.81418e-42
1.25749e-45
1.74028e-44
3.98163e-44
3.23586e-44
2.348e-46
1.26382e-42
8.35831e-49
4.01188e-38
1.25658e-39
4.20171e-42
1.33752e-45
1.46445e-44
3.58361e-44
2.14331e-44
1.10797e-46
1.30976e-42
6.04169e-49
3.96806e-38
8.70495e-40
3.65601e-42
1.47349e-45
1.29994e-44
3.22424e-44
1.41506e-44
5.22391e-47
1.35566e-42
4.32452e-49
3.89522e-38
6.02367e-40
3.17279e-42
1.63715e-45
1.37525e-44
2.90002e-44
9.3242e-45
2.45886e-47
1.40084e-42
3.05477e-49
3.79279e-38
4.16522e-40
2.74719e-42
1.82264e-45
2.13888e-44
2.60771e-44
6.13678e-45
1.1535e-47
1.44445e-42
2.11903e-49
3.66042e-38
2.87874e-40
2.37404e-42
2.0301e-45
5.09801e-44
2.34432e-44
4.03656e-45
5.37544e-48
1.48555e-42
1.43254e-49
3.49793e-38
1.98897e-40
2.04815e-42
2.2614e-45
1.52724e-43
2.10711e-44
2.65568e-45
2.47179e-48
1.52308e-42
9.31878e-50
3.30535e-38
1.37392e-40
1.76447e-42
2.5191e-45
4.93447e-43
1.89359e-44
1.75246e-45
1.10563e-48
1.55597e-42
5.69615e-50
3.08292e-38
9.48993e-41
1.51825e-42
2.80616e-45
1.62732e-42
1.70154e-44
1.17522e-45
4.65313e-49
1.58311e-42
3.1019e-50
2.83109e-38
6.56045e-41
1.30508e-42
3.1259e-45
5.39516e-42
1.5291e-44
8.50517e-46
1.67471e-49
1.60339e-42
1.26968e-50
2.55052e-38
4.59648e-41
1.12259e-42
3.48202e-45
1.7912e-41
1.37525e-44
8.18002e-46
3.10379e-50
1.61577e-42
0
2.2421e-38
3.82609e-41
1.03895e-42
3.87867e-45
1.03715e-41
2.71865e-41
1.29126e-44
9.6223e-46
3.21923e-50
1.80613e-50
1.61719e-42
1.85039e-38
1.58907e-38
4.13584e-45
6.0052e-42
4.02661e-41
1.21237e-44
1.29215e-45
3.34052e-50
1.051e-50
1.59533e-42
1.50973e-38
1.12557e-38
4.40792e-45
3.47701e-42
5.8725e-41
1.13827e-44
1.92833e-45
3.47066e-50
6.11576e-51
1.54869e-42
1.22016e-38
7.96924e-39
4.69685e-45
2.01317e-42
8.47875e-41
1.06866e-44
3.08157e-45
3.61772e-50
3.55859e-51
1.47721e-42
9.78543e-39
5.64055e-39
5.00419e-45
1.16561e-42
1.21598e-40
1.00329e-44
5.11815e-45
3.80374e-50
2.0705e-51
1.38254e-42
7.79925e-39
3.99128e-39
5.33135e-45
6.74887e-43
1.736e-40
9.41891e-45
8.67244e-45
4.08938e-50
1.20452e-51
1.26801e-42
6.1857e-39
2.82357e-39
5.67974e-45
3.90765e-43
2.47074e-40
8.84234e-45
1.48415e-44
4.64221e-50
7.00572e-52
1.13839e-42
4.887e-39
1.99698e-39
6.05077e-45
2.26269e-43
3.50896e-40
8.3009e-45
2.55215e-44
5.92541e-50
4.07306e-52
9.9938e-43
3.84928e-39
1.41195e-39
6.44595e-45
1.31033e-43
4.9761e-40
7.79248e-45
4.39884e-44
9.22021e-50
2.36649e-52
8.5704e-43
3.02479e-39
9.97927e-40
6.86683e-45
7.59008e-44
7.0494e-40
7.31508e-45
1.80708e-49
1.37346e-52
7.17161e-43
2.37256e-39
4.22818e-49
7.95689e-53
5.84757e-43
1.85835e-39
1.08979e-48
4.59589e-53
4.63714e-43
1.45401e-39
2.93204e-48
2.64135e-53
3.56634e-43
1.13669e-39
8.02572e-48
1.50531e-53
2.64857e-43
8.88057e-40
2.21145e-47
8.45588e-54
1.88606e-43
6.93467e-40
6.10889e-47
4.63034e-54
1.27222e-43
5.41311e-40
1.68912e-46
2.41736e-54
7.94141e-44
4.22418e-40
4.67208e-46
1.14238e-54
4.35082e-44
3.29586e-40
1.29247e-45
4.12763e-55
1.76554e-44
2.57812e-40
3.57564e-45
0
0
2.26731e-40
3.6462e-45
2.04209e-44
3.71815e-45
3.27278e-44
3.79153e-45
4.11413e-44
3.86635e-45
4.66155e-44
3.94264e-45
5.00858e-44
4.02044e-45
5.22537e-44
4.09978e-45
5.35256e-44
4.18068e-45
5.40514e-44
4.26318e-45
5.38018e-44
4.34731e-45
5.26514e-44
4.4331e-45
5.04565e-44
4.52058e-45
4.71206e-44
4.60979e-45
4.26438e-44
4.70075e-45
3.71478e-44
4.79352e-45
3.08733e-44
4.88811e-45
2.41518e-44
4.98457e-45
1.73596e-44
5.08293e-45
1.0868e-44
5.18326e-45
4.99985e-45
5.28504e-45
0
5.43021e-45
5.57936e-45
5.73262e-45
5.89008e-45
6.05187e-45
6.2181e-45
6.3889e-45
6.56439e-45
6.7447e-45
6.92996e-45
7.12031e-45
7.31589e-45
7.51684e-45
7.7233e-45
7.93549e-45
8.15325e-45
8.37819e-45
8.60378e-45
8.86109e-45
9.00757e-45
END_LIST
