BEGIN_LIST
0
1.41816e-47
4.88011e-47
1.32196e-46
3.31937e-46
8.09154e-46
1.94803e-45
4.66471e-45
1.11439e-44
2.65949e-44
6.34409e-44
1.51309e-43
3.60849e-43
8.60558e-43
2.05228e-42
4.89443e-42
1.16727e-41
2.7839e-41
6.63969e-41
1.58361e-40
3.77712e-40
1.6305e-39
3.93444e-40
3.73833e-39
4.09836e-40
7.07683e-39
4.26916e-40
1.21285e-38
4.44713e-40
1.94928e-38
4.63257e-40
2.98916e-38
4.82581e-40
4.41702e-38
5.02717e-40
6.33017e-38
5.237e-40
8.84161e-38
5.45564e-40
1.20898e-37
5.68348e-40
1.6264e-37
5.9209e-40
2.16616e-37
6.16831e-40
2.88078e-37
6.42614e-40
3.86944e-37
6.69505e-40
5.32499e-37
6.98508e-40
7.62612e-37
7.7042e-40
1.15193e-36
2.61876e-39
1.84786e-36
7.99797e-38
3.14066e-36
3.36948e-36
5.59278e-36
1.43303e-34
5.67689e-36
7.48839e-36
3.20719e-36
3.32747e-34
1.53607e-34
5.72339e-36
8.65376e-36
1.86345e-36
6.26283e-34
1.6452e-34
5.72836e-36
9.34801e-36
1.09592e-36
1.05962e-33
1.76023e-34
5.68919e-36
9.73578e-36
6.51982e-37
1.67561e-33
1.88074e-34
5.60493e-36
9.92174e-36
3.92205e-37
2.52466e-33
2.00599e-34
5.47643e-36
9.97268e-36
2.38514e-37
3.66519e-33
2.13482e-34
5.30643e-36
9.93148e-36
1.46625e-37
5.16409e-33
2.26552e-34
5.09933e-36
9.82595e-36
9.11222e-38
7.09765e-33
2.39571e-34
4.86089e-36
9.67438e-36
5.72579e-38
9.55289e-33
2.52222e-34
4.59778e-36
9.48904e-36
3.63851e-38
1.26301e-32
2.64098e-34
4.31707e-36
9.27839e-36
2.33854e-38
1.64471e-32
2.74685e-34
4.02578e-36
9.04845e-36
1.52018e-38
2.11462e-32
2.83358e-34
3.73048e-36
8.8037e-36
9.99231e-39
2.69061e-32
2.8935e-34
3.43698e-36
8.54759e-36
6.63784e-39
3.3962e-32
2.91713e-34
3.15017e-36
8.28294e-36
4.45258e-39
4.26386e-32
2.89193e-34
2.87393e-36
8.01207e-36
3.01242e-39
5.34068e-32
2.79978e-34
2.61115e-36
7.73701e-36
2.05267e-39
6.698e-32
2.61152e-34
2.36385e-36
7.45953e-36
1.4064e-39
8.44804e-32
2.27612e-34
2.1339e-36
7.1812e-36
9.67178e-40
1.07732e-31
1.69883e-34
1.80187e-36
6.90342e-36
6.66321e-40
1.39792e-31
6.937e-35
1.51246e-36
1.63504e-36
7.01193e-36
3.24588e-36
1.02993e-35
5.21363e-40
1.4775e-31
1.12387e-31
6.3702e-35
1.83606e-35
1.26517e-36
1.48171e-36
6.5694e-36
1.52958e-36
1.26823e-35
4.07481e-40
1.5499e-31
8.67242e-32
5.80483e-35
4.81161e-36
1.05533e-36
1.3412e-36
5.66787e-36
7.2136e-37
1.43627e-35
3.17909e-40
1.61439e-31
6.4782e-32
5.25132e-35
1.26313e-36
8.78258e-37
1.21277e-36
4.53537e-36
3.40341e-37
1.55908e-35
2.47418e-40
1.67024e-31
4.72266e-32
4.71854e-35
3.38057e-37
7.29525e-37
1.09566e-36
3.41171e-36
1.60617e-37
1.65498e-35
1.91947e-40
1.71678e-31
3.38301e-32
4.21351e-35
9.79036e-38
6.05058e-37
9.89079e-37
2.45047e-36
7.5814e-38
1.73638e-35
1.48322e-40
1.75336e-31
2.39383e-32
3.74134e-35
3.6426e-38
5.01214e-37
8.92251e-37
1.70423e-36
3.57904e-38
1.81105e-35
1.14058e-40
1.77937e-31
1.67972e-32
3.30525e-35
2.1642e-38
4.14803e-37
8.04419e-37
1.1602e-36
1.68972e-38
1.88345e-35
8.71951e-41
1.79425e-31
1.17196e-32
2.90682e-35
1.91669e-38
3.43094e-37
7.24852e-37
7.79106e-37
7.97737e-39
1.95583e-35
6.61891e-41
1.79752e-31
8.14591e-33
2.54624e-35
2.0056e-38
2.83867e-37
6.52856e-37
5.18731e-37
3.76571e-39
2.02899e-35
4.9815e-41
1.78872e-31
5.64763e-33
2.2226e-35
2.19958e-38
2.35636e-37
5.87777e-37
3.4355e-37
1.77695e-39
2.10282e-35
3.71021e-41
1.76749e-31
3.90897e-33
1.93419e-35
2.44033e-38
1.98477e-37
5.29001e-37
2.26794e-37
8.3783e-40
2.17658e-35
2.72784e-41
1.73352e-31
2.70255e-33
1.67877e-35
2.71485e-38
1.76897e-37
4.7596e-37
1.49422e-37
3.94387e-40
2.24919e-35
1.97302e-41
1.68659e-31
1.86709e-33
1.45377e-35
3.0222e-38
1.89436e-37
4.28124e-37
9.8329e-38
1.85036e-40
2.31929e-35
1.39698e-41
1.62653e-31
1.28926e-33
1.25647e-35
3.36487e-38
3.00664e-37
3.85009e-37
6.46617e-38
8.62423e-41
2.38534e-35
9.60913e-42
1.55329e-31
8.89966e-34
1.08413e-35
3.74652e-38
7.27585e-37
3.46169e-37
4.2511e-38
3.96653e-41
2.44567e-35
6.34e-42
1.46688e-31
6.14202e-34
9.34102e-36
4.1715e-38
2.19325e-36
3.11198e-37
2.79672e-38
1.77471e-41
2.49855e-35
3.91824e-42
1.3674e-31
4.2385e-34
8.0386e-36
4.64469e-38
7.10187e-36
2.79734e-37
1.84834e-38
7.47172e-42
2.54218e-35
2.15055e-42
1.25506e-31
2.92738e-34
6.91088e-36
5.17154e-38
2.34443e-35
2.51473e-37
1.2503e-38
2.69077e-42
2.57481e-35
8.84427e-43
1.13014e-31
2.04913e-34
5.94531e-36
5.75813e-38
7.77782e-35
2.2625e-37
9.40596e-39
5.00034e-43
2.59474e-35
0
9.93034e-32
1.70479e-34
5.50272e-36
6.4112e-38
4.50054e-35
1.18084e-34
2.12479e-37
8.96526e-39
5.18986e-43
2.91437e-43
2.5971e-35
8.192e-32
7.03033e-32
6.83448e-38
2.6041e-35
1.74989e-34
1.9954e-37
9.51237e-39
5.3905e-43
1.69934e-43
2.56207e-35
6.68105e-32
4.97425e-32
7.28222e-38
1.50676e-35
2.55388e-34
1.87384e-37
1.15321e-38
5.6092e-43
9.91379e-44
2.48722e-35
5.39737e-32
3.51796e-32
7.75759e-38
8.71821e-36
3.69038e-34
1.75965e-37
1.59043e-38
5.86458e-43
5.78708e-44
2.37248e-35
4.32681e-32
2.48721e-32
8.26313e-38
5.04448e-36
5.29743e-34
1.65237e-37
2.41847e-38
6.20755e-43
3.38048e-44
2.22048e-35
3.44718e-32
1.75799e-32
8.80117e-38
2.91891e-36
7.57041e-34
1.5516e-37
3.90904e-38
6.77824e-43
1.97615e-44
2.03658e-35
2.73289e-32
1.24226e-32
9.374e-38
1.68914e-36
1.07857e-33
1.45695e-37
6.53409e-38
7.96363e-43
1.15608e-44
1.82843e-35
2.15823e-32
8.77602e-33
9.98393e-38
9.77685e-37
1.53344e-33
1.36805e-37
1.11113e-37
1.08335e-42
6.76799e-45
1.60518e-35
1.69925e-32
6.19801e-33
1.06334e-37
5.66136e-37
2.17699e-33
1.28456e-37
1.90554e-37
1.83467e-42
3.96412e-45
1.37658e-35
1.33473e-32
4.37562e-33
1.1325e-37
3.28129e-37
3.08748e-33
1.20615e-37
3.86882e-42
2.32203e-45
1.15192e-35
1.0465e-32
9.45002e-42
1.35921e-45
9.39265e-36
8.19352e-33
2.48425e-41
7.93994e-46
7.44849e-36
6.40812e-33
6.73763e-41
4.61822e-46
5.72857e-36
5.00758e-33
1.84996e-40
2.6644e-46
4.25439e-36
3.91063e-33
5.10343e-40
1.5148e-46
3.0296e-36
3.05246e-33
1.41038e-39
8.38803e-47
2.04359e-36
2.38172e-33
3.90035e-39
4.42154e-47
1.27565e-36
1.85783e-33
1.0789e-38
2.10514e-47
6.98888e-37
1.44894e-33
2.9847e-38
7.64225e-48
2.83606e-37
1.13293e-33
8.25728e-38
0
0
9.96114e-34
8.42023e-38
4.71583e-37
8.58639e-38
7.55789e-37
8.75583e-38
9.50081e-37
8.92862e-38
1.0765e-36
9.10482e-38
1.15663e-36
9.28449e-38
1.20669e-36
9.46772e-38
1.23606e-36
9.65455e-38
1.2482e-36
9.84508e-38
1.24243e-36
1.00394e-37
1.21586e-36
1.02375e-37
1.16517e-36
1.04395e-37
1.08814e-36
1.06455e-37
9.84755e-37
1.08556e-37
8.57836e-37
1.10698e-37
7.12942e-37
1.12883e-37
5.57725e-37
1.1511e-37
4.00875e-37
1.17382e-37
2.50968e-37
1.19699e-37
1.15459e-37
1.2205e-37
0
1.25402e-37
1.28847e-37
1.32386e-37
1.36023e-37
1.39759e-37
1.43598e-37
1.47543e-37
1.51595e-37
1.5576e-37
1.60038e-37
1.64434e-37
1.68951e-37
1.73592e-37
1.78361e-37
1.83261e-37
1.8829e-37
1.93485e-37
1.98695e-37
2.04638e-37
2.08021e-37
END_LIST
