BEGIN_LIST
0.1
0.0962277
0.0924287
0.0886189
0.084814
0.0810295
0.0772799
0.0735791
0.06994
0.0663743
0.0628925
0.0595037
0.0562159
0.0530349
0.0499648
0.0470059
0.0441512
0.0413765
0.0386139
0.0356825
0.032104
0.0261115
0.0273433
0.0211754
0.0229949
0.0171313
0.0191236
0.0138326
0.0157521
0.0111514
0.01287
0.00897839
0.010444
0.00722137
0.00842793
0.00580336
0.0067699
0.00466067
0.00541783
0.00374096
0.00432278
0.00300145
0.00344073
0.00240732
0.00273338
0.0019303
0.00216809
0.00154759
0.0017176
0.00124085
0.00135939
0.000995536
0.00107505
0.000800514
0.00084967
0.000648235
0.000671199
0.000536077
0.000529349
0.000470356
0.000381525
0.000395851
0.000487117
0.000522024
0.000332896
0.000309841
0.000333121
0.000514231
0.000604899
0.000290463
0.000251616
0.000280313
0.000548823
0.000713559
0.000253439
0.000204325
0.000235863
0.000589327
0.00084769
0.000221132
0.000165918
0.000198453
0.000634943
0.00100975
0.000192944
0.000134728
0.000166969
0.000685342
0.00120396
0.000168348
0.000109399
0.000140475
0.000740471
0.00143594
0.000146887
8.88299e-05
0.000118182
0.000800457
0.00171263
0.000128161
7.21277e-05
9.94243e-05
0.000865544
0.0020424
0.000111822
5.85652e-05
8.36422e-05
0.000936056
0.00243518
9.75656e-05
4.75523e-05
7.03641e-05
0.00101238
0.00290277
8.51253e-05
3.86094e-05
5.9193e-05
0.00109495
0.00345908
7.42685e-05
3.13468e-05
4.97949e-05
0.00118427
0.00412049
6.47904e-05
2.54467e-05
4.18884e-05
0.00128085
0.00490621
5.65087e-05
2.06486e-05
3.52371e-05
0.00138528
0.0058387
4.92563e-05
1.67348e-05
2.96417e-05
0.00149819
0.00694412
4.28696e-05
1.35138e-05
2.49347e-05
0.00162025
0.00825273
3.71662e-05
1.07945e-05
2.09749e-05
0.0017522
0.00979938
3.1899e-05
8.33602e-06
1.76531e-05
0.00189482
0.0116239
2.66561e-05
5.73637e-06
1.38664e-05
0.00204897
0.0137712
2.06427e-05
2.17204e-06
1.1113e-05
1.20409e-05
0.0012401
0.00322461
0.00139998
0.0154359
1.99557e-05
1.3548e-05
1.82256e-06
5.60467e-07
8.90624e-06
1.04558e-05
0.000749814
0.00409012
0.000987683
0.0172794
1.92672e-05
8.89154e-06
1.5293e-06
1.52093e-07
7.13769e-06
9.07931e-06
0.000453103
0.00491405
0.000730811
0.0193216
1.85764e-05
5.83548e-06
1.28323e-06
4.97495e-08
5.72031e-06
7.88402e-06
0.000273707
0.0058076
0.000576657
0.021582
1.78822e-05
3.82979e-06
1.07676e-06
2.54165e-08
4.58437e-06
6.84609e-06
0.000165304
0.00682549
0.000491169
0.0240804
1.71839e-05
2.51346e-06
9.03501e-07
2.11678e-08
3.67401e-06
5.94479e-06
9.98215e-05
0.00800331
0.000452473
0.0268369
1.64803e-05
1.64956e-06
7.58124e-07
2.23177e-08
2.94442e-06
5.16215e-06
6.02741e-05
0.00937148
0.000446649
0.0298712
1.57705e-05
1.08259e-06
6.36139e-07
2.5178e-08
2.35971e-06
4.48254e-06
3.63929e-05
0.0109605
0.000465006
0.0332029
1.50534e-05
7.1049e-07
5.33782e-07
2.88624e-08
1.89111e-06
3.8924e-06
2.19731e-05
0.0128031
0.000502296
0.0368503
1.43279e-05
4.66286e-07
4.47894e-07
3.32046e-08
1.51557e-06
3.37995e-06
1.32666e-05
0.0149343
0.000555572
0.0408306
1.35929e-05
3.06018e-07
3.75826e-07
3.82305e-08
1.2146e-06
2.93497e-06
8.00978e-06
0.017392
0.000623453
0.0451587
1.2847e-05
2.00836e-07
3.15354e-07
4.40247e-08
9.73398e-07
2.54857e-06
4.83593e-06
0.0202164
0.000705647
0.0498465
1.2089e-05
1.31806e-07
2.64612e-07
5.06991e-08
7.80091e-07
2.21304e-06
2.9197e-06
0.0234487
0.000802659
0.0549022
1.13177e-05
8.65029e-08
2.22035e-07
5.83859e-08
6.25158e-07
1.92168e-06
1.76277e-06
0.0271306
0.000915614
0.0603286
1.05315e-05
5.67708e-08
1.86308e-07
6.72382e-08
5.00948e-07
1.66869e-06
1.06428e-06
0.0313018
0.00104615
0.0661232
9.72896e-06
3.7258e-08
1.5633e-07
7.74327e-08
4.01253e-07
1.449e-06
6.42569e-07
0.0359976
0.00119637
0.0722764
8.9086e-06
2.44521e-08
1.31176e-07
8.9173e-08
3.20846e-07
1.25826e-06
3.8799e-07
0.0412465
0.00136884
0.0787708
8.06878e-06
1.60486e-08
1.10069e-07
1.02693e-07
2.54677e-07
1.09271e-06
2.34386e-07
0.0470662
0.00156656
0.0855807
7.20777e-06
1.05424e-08
9.23612e-08
1.18263e-07
1.95786e-07
9.49276e-07
1.41994e-07
0.0534599
0.00179304
0.0926717
6.32378e-06
7.02195e-09
7.76249e-08
1.36194e-07
1.28719e-07
8.25975e-07
8.74292e-08
0.060412
0.00205231
0.1
5.41492e-06
5.67831e-09
7.09665e-08
1.56844e-07
7.29153e-08
1.21657e-07
7.60236e-07
6.88652e-08
0.0576151
0.0628316
0.00251571
4.13564e-06
3.66024e-06
1.70658e-07
4.16712e-08
1.15569e-07
6.9973e-07
5.42443e-08
0.0548841
0.0649109
0.00308676
3.15858e-06
2.47945e-06
1.85534e-07
2.4278e-08
1.10648e-07
6.44039e-07
4.27296e-08
0.0522238
0.0668188
0.0037883
2.41235e-06
1.68521e-06
2.01634e-07
1.47229e-08
1.072e-07
5.92781e-07
3.36633e-08
0.0496387
0.0686473
0.00464867
1.84242e-06
1.15135e-06
2.19096e-07
9.63719e-09
1.05695e-07
5.45602e-07
2.65277e-08
0.0471322
0.0704465
0.00570254
1.40713e-06
7.92934e-07
2.38054e-07
7.14274e-09
1.06847e-07
5.02178e-07
2.09172e-08
0.0447072
0.0722436
0.00699197
1.07469e-06
5.52739e-07
2.58645e-07
6.20428e-09
1.11727e-07
4.6221e-07
1.65157e-08
0.0423661
0.0740535
0.00856765
8.20784e-07
3.92243e-07
2.81013e-07
6.26613e-09
1.21945e-07
4.25423e-07
1.308e-08
0.0401103
0.0758842
0.0104903
6.26867e-07
2.85506e-07
3.05314e-07
7.04951e-09
1.399e-07
3.91564e-07
1.04295e-08
0.0379409
0.07774
0.0128323
4.78764e-07
2.15065e-07
3.31716e-07
8.44052e-09
1.69166e-07
3.604e-07
0.0358584
0.079623
0.015679
3.65652e-07
0.0338627
0.0815342
0.0191302
2.79263e-07
0.0319533
0.0834743
0.0233012
2.13284e-07
0.0301292
0.085443
0.0283228
1.62894e-07
0.0283887
0.0874404
0.0343404
1.24409e-07
0.0267287
0.0894659
0.0415114
9.50159e-08
0.0251433
0.0915193
0.0499994
7.25675e-08
0.0236178
0.0936001
0.0599656
5.54228e-08
0.0221113
0.0957075
0.0715555
4.23311e-08
0.0205051
0.097841
0.0848814
3.24231e-08
0.0184434
0.1
0.1
2.81827e-08
0.0164477
0.011914
0.0146011
0.00799944
0.0129082
0.00575371
0.0113689
0.00459571
0.00997949
0.00417817
0.00873368
0.00430448
0.00762308
0.00487715
0.00663809
0.00586678
0.00576843
0.00729452
0.00500364
0.00922308
0.00433336
0.0117536
0.0037477
0.0150262
0.0032373
0.0192231
0.0027935
0.0245732
0.00240837
0.0313564
0.00207471
0.0399062
0.00178607
0.0506088
0.00153668
0.0638934
0.00132169
0.0802118
0.00113068
0.1
0.000916676
0.000742755
0.000601553
0.000487012
0.000394161
0.000318934
0.000258013
0.000208695
0.000168782
0.000136488
0.000110363
8.92332e-05
7.21445e-05
5.83258e-05
4.7152e-05
3.8119e-05
3.0808e-05
2.49446e-05
1.99271e-05
1.74992e-05
END_LIST
