BEGIN_LIST
0
4.75383e-19
1.45522e-18
3.26373e-18
6.36377e-18
1.13942e-17
1.92138e-17
3.09557e-17
4.80993e-17
7.25791e-17
1.06976e-16
1.54893e-16
2.21766e-16
3.16702e-16
4.56707e-16
6.76611e-16
1.05235e-15
1.75591e-15
3.18485e-15
6.26804e-15
1.31876e-14
5.0679e-14
1.40393e-14
1.10352e-13
1.49601e-14
1.99007e-13
1.59561e-14
3.23961e-13
1.7034e-14
4.92538e-13
1.8201e-14
7.11339e-13
1.94648e-14
9.85293e-13
2.08337e-14
1.31651e-12
2.23168e-14
1.70309e-12
2.39236e-14
2.13807e-12
2.56644e-14
2.60873e-12
2.75502e-14
3.09667e-12
2.95928e-14
3.57872e-12
3.18048e-14
4.02868e-12
3.41994e-14
4.41942e-12
3.67911e-14
4.72417e-12
3.95954e-14
4.91467e-12
4.26482e-14
4.95187e-12
4.68074e-14
4.76026e-12
8.76931e-14
4.16827e-12
1.67318e-12
4.27241e-12
4.08765e-12
3.67574e-12
3.70849e-12
1.84023e-12
4.34762e-12
4.00408e-12
3.33422e-12
6.63345e-12
2.02459e-12
4.39001e-12
3.91846e-12
3.05848e-12
1.05896e-11
2.22723e-12
4.39666e-12
3.83055e-12
2.80808e-12
1.56885e-11
2.44875e-12
4.36597e-12
3.7398e-12
2.56554e-12
2.20017e-11
2.68921e-12
4.29783e-12
3.64572e-12
2.32512e-12
2.95539e-11
2.94784e-12
4.19372e-12
3.54802e-12
2.08696e-12
3.83192e-11
3.22278e-12
4.05661e-12
3.44663e-12
1.85382e-12
4.8222e-11
3.51073e-12
3.89073e-12
3.34171e-12
1.62927e-12
5.91407e-11
3.80652e-12
3.70119e-12
3.23357e-12
1.41674e-12
7.09145e-11
4.10275e-12
3.49366e-12
3.12265e-12
1.21901e-12
8.33516e-11
4.38935e-12
3.27388e-12
3.00948e-12
1.03802e-12
9.6238e-11
4.65311e-12
3.04736e-12
2.89463e-12
8.7486e-13
1.09346e-10
4.87709e-12
2.81911e-12
2.77872e-12
7.29849e-13
1.2244e-10
5.03949e-12
2.59344e-12
2.66236e-12
6.02681e-13
1.35281e-10
5.11138e-12
2.37389e-12
2.54616e-12
4.92554e-13
1.47633e-10
5.05176e-12
2.16321e-12
2.43069e-12
3.9833e-13
1.59262e-10
4.79756e-12
1.96339e-12
2.31649e-12
3.18646e-13
1.69962e-10
4.24373e-12
1.77633e-12
2.20406e-12
2.52027e-13
1.79613e-10
3.20388e-12
1.50267e-12
2.09385e-12
1.96963e-13
1.88363e-10
1.32592e-12
1.26241e-12
1.36491e-12
2.20133e-12
1.39872e-12
2.58107e-12
1.66183e-13
1.91922e-10
1.48844e-10
1.2274e-12
3.59215e-13
1.05681e-12
1.23797e-12
2.12226e-12
1.01721e-12
2.90249e-12
1.39333e-13
1.94739e-10
1.12962e-10
1.1274e-12
1.00222e-13
8.821e-13
1.12136e-12
1.8757e-12
7.83605e-13
3.12152e-12
1.16048e-13
1.96782e-10
8.3027e-11
1.02797e-12
3.2285e-14
7.34498e-13
1.01455e-12
1.53241e-12
6.24329e-13
3.28531e-12
9.59788e-14
1.98019e-10
5.95736e-11
9.30925e-13
1.50711e-14
6.10381e-13
9.16952e-13
1.17407e-12
5.05817e-13
3.42574e-12
7.87862e-14
1.98422e-10
4.20095e-11
8.37758e-13
1.13206e-14
5.06412e-13
8.27972e-13
8.57342e-13
4.12306e-13
3.56244e-12
6.41518e-14
1.97966e-10
2.92653e-11
7.49622e-13
1.12097e-14
4.19591e-13
7.47003e-13
6.05367e-13
3.36016e-13
3.70628e-12
5.17777e-14
1.96625e-10
2.02171e-11
6.67323e-13
1.21608e-14
3.47272e-13
6.7345e-13
4.17952e-13
2.72773e-13
3.86227e-12
4.13872e-14
1.9438e-10
1.3887e-11
5.91348e-13
1.35071e-14
2.87158e-13
6.06732e-13
2.84366e-13
2.20063e-13
4.03175e-12
3.27267e-14
1.91211e-10
9.50223e-12
5.21909e-13
1.50865e-14
2.37272e-13
5.46295e-13
1.91659e-13
1.7616e-13
4.21382e-12
2.55646e-14
1.87102e-10
6.48499e-12
4.58994e-13
1.68713e-14
1.95932e-13
4.91611e-13
1.28385e-13
1.39744e-13
4.40625e-12
1.96918e-14
1.82041e-10
4.41798e-12
4.02417e-13
1.8871e-14
1.61712e-13
4.42185e-13
8.56509e-14
1.09727e-13
4.60599e-12
1.49202e-14
1.76018e-10
3.00616e-12
3.5187e-13
2.11065e-14
1.33417e-13
3.97551e-13
5.69809e-14
8.5175e-14
4.80947e-12
1.10822e-14
1.69027e-10
2.04378e-12
3.0696e-13
2.36044e-14
1.10052e-13
3.57278e-13
3.78303e-14
6.52714e-14
5.01274e-12
8.02967e-15
1.61065e-10
1.38866e-12
2.6725e-13
2.63946e-14
9.08155e-14
3.20967e-13
2.50764e-14
4.92972e-14
5.21155e-12
5.63215e-15
1.52132e-10
9.43115e-13
2.32279e-13
2.95108e-14
7.51408e-14
2.8825e-13
1.66009e-14
3.66201e-14
5.40139e-12
3.77599e-15
1.42233e-10
6.40312e-13
2.0159e-13
3.29906e-14
6.2892e-14
2.5879e-13
1.09785e-14
2.66856e-14
5.57754e-12
2.36292e-15
1.31377e-10
4.34642e-13
1.74737e-13
3.68757e-14
5.50841e-14
2.32286e-13
7.25622e-15
1.90106e-14
5.73516e-12
1.30852e-15
1.19574e-10
2.95243e-13
1.51305e-13
4.12129e-14
5.63412e-14
2.08488e-13
4.80246e-15
1.3177e-14
5.86935e-12
5.41026e-16
1.06841e-10
2.03268e-13
1.31091e-13
4.60537e-14
8.31803e-14
1.87257e-13
3.21142e-15
8.82603e-15
5.97529e-12
0
9.31989e-11
1.6752e-13
1.21789e-13
5.14558e-14
4.80213e-14
1.11213e-13
1.75669e-13
2.64009e-15
1.00938e-14
7.61735e-15
6.07229e-12
7.63398e-11
6.48431e-11
5.49644e-14
2.7748e-14
1.51456e-13
1.64786e-13
2.17109e-15
1.15261e-14
6.42977e-15
6.07916e-12
6.18227e-11
4.50875e-11
5.86798e-14
1.60641e-14
2.0932e-13
1.54565e-13
1.78701e-15
1.31409e-14
5.32811e-15
5.98613e-12
4.95963e-11
3.13379e-11
6.26289e-14
9.33735e-15
2.92607e-13
1.44968e-13
1.47402e-15
1.49581e-14
4.34439e-15
5.78905e-12
3.94835e-11
2.17755e-11
6.68335e-14
5.47298e-15
4.12557e-13
1.35957e-13
1.22156e-15
1.69992e-14
3.49008e-15
5.49066e-12
3.12393e-11
1.51288e-11
7.13132e-14
3.26311e-15
5.85372e-13
1.27497e-13
1.02244e-15
1.92872e-14
2.76416e-15
5.10095e-12
2.45957e-11
1.05107e-11
7.60875e-14
2.01181e-15
8.34391e-13
1.19556e-13
8.73321e-16
2.18474e-14
2.1585e-15
4.63653e-12
1.92902e-11
7.30297e-12
8.11762e-14
1.31855e-15
1.19323e-12
1.12102e-13
7.75935e-16
2.47068e-14
1.6613e-15
4.11903e-12
1.50835e-11
5.07547e-12
8.66e-14
9.53391e-16
1.71034e-12
1.05107e-13
7.39493e-16
2.78948e-14
1.25924e-15
3.5727e-12
1.17663e-11
3.52896e-12
9.23807e-14
7.85066e-16
2.45544e-12
9.85414e-14
3.14433e-14
9.38846e-16
3.022e-12
9.16193e-12
3.53875e-14
6.87276e-16
2.4892e-12
7.12389e-12
3.97683e-14
4.92764e-16
1.99265e-12
5.53313e-12
4.46377e-14
3.4482e-16
1.54581e-12
4.29395e-12
5.00745e-14
2.34305e-16
1.15694e-12
3.33011e-12
5.62277e-14
1.53396e-16
8.29461e-13
2.58131e-12
6.34373e-14
9.55186e-17
5.627e-13
2.0001e-12
7.25702e-14
5.5232e-17
3.52844e-13
1.54928e-12
8.59567e-14
2.81132e-17
1.93949e-13
1.19986e-12
1.09996e-13
1.06263e-17
7.88616e-14
9.31646e-13
1.62409e-13
0
0
8.15962e-13
1.68242e-13
5.12984e-13
1.74295e-13
7.56175e-13
1.80574e-13
9.10937e-13
1.87087e-13
1.00179e-12
1.93843e-13
1.05135e-12
2.00849e-13
1.07597e-12
2.08115e-13
1.08495e-12
2.15648e-13
1.08178e-12
2.23457e-13
1.06598e-12
2.31553e-13
1.03502e-12
2.39943e-13
9.85896e-13
2.48638e-13
9.16503e-13
2.57648e-13
8.26581e-13
2.66983e-13
7.18213e-13
2.76652e-13
5.95788e-13
2.86668e-13
4.65452e-13
2.9704e-13
3.3424e-13
3.0778e-13
2.09123e-13
3.18905e-13
9.61748e-14
3.30315e-13
0
3.46941e-13
3.64376e-13
3.82653e-13
4.01809e-13
4.21879e-13
4.42902e-13
4.64916e-13
4.87962e-13
5.12081e-13
5.37317e-13
5.63712e-13
5.91313e-13
6.20167e-13
6.50319e-13
6.81832e-13
7.14703e-13
7.49229e-13
7.84347e-13
8.25202e-13
8.48702e-13
END_LIST
