BEGIN_LIST
0.1
0.0978933
0.0956882
0.0933888
0.0910002
0.0885285
0.0859806
0.0833646
0.0806891
0.0779636
0.0751982
0.0724032
0.0695891
0.066766
0.0639431
0.0611266
0.0583157
0.0554918
0.0525924
0.0494433
0.0455865
0.0377179
0.0414248
0.0310264
0.0370578
0.025398
0.0326362
0.0207064
0.0283106
0.0168251
0.0242123
0.0136339
0.0204414
0.0110231
0.0170604
0.00889607
0.0140969
0.00716883
0.011549
0.00577004
0.00939364
0.00463969
0.00759497
0.00372789
0.00611054
0.00299344
0.00489653
0.00240258
0.00391098
0.00192782
0.00311561
0.00154699
0.00247678
0.00124259
0.00196564
0.00100157
0.00155786
0.000816159
0.00123174
0.000686813
0.000888834
0.000578358
0.000706155
0.000746337
0.000775549
0.000722118
0.000486946
0.000742257
0.000856698
0.000676692
0.000586603
0.000409922
0.0007902
0.00100642
0.000590428
0.000476473
0.00034504
0.000847259
0.00119324
0.000515156
0.00038699
0.000290398
0.000912013
0.00141966
0.000449475
0.000314291
0.000244388
0.000983817
0.00169109
0.000392164
0.000255237
0.000205652
0.00106249
0.00201499
0.000342159
0.00020727
0.000173046
0.00114816
0.00240066
0.000298527
0.000168311
0.000145602
0.00124113
0.00285929
0.000260457
0.000136672
0.000122505
0.00134182
0.0034041
0.00022724
0.000110976
0.000103068
0.00145077
0.00405058
0.000198255
9.01092e-05
8.67124e-05
0.00156858
0.00481677
0.000172961
7.31612e-05
7.29503e-05
0.00169592
0.00572351
0.000150879
5.93919e-05
6.13711e-05
0.00183354
0.00679482
0.000131586
4.81939e-05
5.16288e-05
0.00198222
0.00805804
0.000114691
3.90594e-05
4.34325e-05
0.00214284
0.00954407
9.98139e-05
3.15415e-05
3.65368e-05
0.00231632
0.0112874
8.65293e-05
2.51944e-05
3.07355e-05
0.00250366
0.0133258
7.42613e-05
1.94555e-05
2.58686e-05
0.00270595
0.0157003
6.20511e-05
1.33864e-05
2.03202e-05
0.00292433
0.0184539
4.80471e-05
5.06386e-06
1.62856e-05
1.76454e-05
0.00177476
0.00460641
0.00198402
0.020557
4.64464e-05
3.15348e-05
4.24907e-06
1.29941e-06
1.3052e-05
1.53226e-05
0.00107488
0.00583371
0.00138389
0.0228564
4.48423e-05
2.06967e-05
3.56537e-06
3.44403e-07
1.04604e-05
1.33055e-05
0.000650193
0.00698907
0.00100702
0.0253672
4.32328e-05
1.35832e-05
2.99168e-06
1.03794e-07
8.3833e-06
1.1554e-05
0.000393003
0.00822882
0.0007774
0.0281024
4.16157e-05
8.91455e-06
2.5103e-06
4.50996e-08
6.71862e-06
1.0033e-05
0.000237439
0.00962654
0.000645843
0.0310729
3.99888e-05
5.85049e-06
2.10638e-06
3.30183e-08
5.38448e-06
8.71218e-06
0.000143413
0.0112262
0.000580648
0.0342871
3.83499e-05
3.83958e-06
1.76745e-06
3.32155e-08
4.31525e-06
7.56525e-06
8.66071e-05
0.0130617
0.000561561
0.0377507
3.66966e-05
2.51984e-06
1.48305e-06
3.70292e-08
3.45834e-06
6.56931e-06
5.22967e-05
0.0151638
0.000575838
0.041466
3.50263e-05
1.65372e-06
1.24441e-06
4.23328e-08
2.77158e-06
5.70446e-06
3.15768e-05
0.0175621
0.000615675
0.0454311
3.33366e-05
1.0853e-06
1.04418e-06
4.86722e-08
2.2212e-06
4.95347e-06
1.90654e-05
0.0202848
0.000676554
0.04964
3.16245e-05
7.12255e-07
8.76159e-07
5.60318e-08
1.78011e-06
4.30134e-06
1.15111e-05
0.0233581
0.000756176
0.0540813
2.98874e-05
4.67436e-07
7.35177e-07
6.45222e-08
1.42661e-06
3.73506e-06
6.94991e-06
0.026804
0.000853771
0.0587382
2.81221e-05
3.06767e-07
6.1688e-07
7.43036e-08
1.1433e-06
3.24333e-06
4.19604e-06
0.0306386
0.000969665
0.0635883
2.63257e-05
2.01324e-07
5.17618e-07
8.5569e-08
9.16232e-07
2.81634e-06
2.53337e-06
0.0348694
0.00110502
0.0686036
2.44948e-05
1.32124e-07
4.34328e-07
9.85428e-08
7.34193e-07
2.44556e-06
1.52953e-06
0.039493
0.00126167
0.0737505
2.26259e-05
8.67099e-08
3.64441e-07
1.13484e-07
5.88089e-07
2.12361e-06
9.23466e-07
0.0444922
0.00144205
0.0789907
2.07155e-05
5.69058e-08
3.05798e-07
1.3069e-07
4.70273e-07
1.84406e-06
5.57597e-07
0.0498346
0.00164912
0.0842817
1.87598e-05
3.73482e-08
2.56592e-07
1.50505e-07
3.73389e-07
1.60144e-06
3.36846e-07
0.0554707
0.00188641
0.0895782
1.67548e-05
2.45338e-08
2.1531e-07
1.73324e-07
2.87396e-07
1.39123e-06
2.04066e-07
0.0613348
0.00215805
0.0948333
1.46963e-05
1.63409e-08
1.80956e-07
1.99603e-07
1.90184e-07
1.21052e-06
1.25648e-07
0.0673458
0.00246875
0.1
1.25798e-05
1.32139e-08
1.65434e-07
2.29866e-07
1.07712e-07
1.80674e-07
1.11418e-06
9.89685e-08
0.0651539
0.0693295
0.00302334
9.60795e-06
8.49166e-06
2.50112e-07
6.15309e-08
1.72992e-07
1.02551e-06
7.79563e-08
0.0629481
0.0710986
0.00370536
7.33809e-06
5.73983e-06
2.71914e-07
3.58152e-08
1.67617e-07
9.43887e-07
6.14083e-08
0.060735
0.0727551
0.00454112
5.60446e-06
3.88803e-06
2.9551e-07
2.16787e-08
1.65287e-07
8.68764e-07
4.8379e-08
0.0585211
0.0743553
0.00556293
4.28037e-06
2.64245e-06
3.21102e-07
1.41423e-08
1.67119e-07
7.9962e-07
3.81246e-08
0.0563129
0.0759301
0.0068098
3.2691e-06
1.80525e-06
3.48887e-07
1.04295e-08
1.74797e-07
7.35979e-07
3.00623e-08
0.0541166
0.0774961
0.00832828
2.49675e-06
1.24317e-06
3.79064e-07
9.00878e-09
1.90843e-07
6.77404e-07
2.3738e-08
0.0519384
0.0790624
0.0101733
1.90686e-06
8.66488e-07
4.11846e-07
9.05718e-09
2.19019e-07
6.2349e-07
1.88028e-08
0.049784
0.0806334
0.0124091
1.45634e-06
6.14791e-07
4.47461e-07
1.01602e-08
2.64932e-07
5.73867e-07
1.49977e-08
0.0476591
0.0822115
0.0151097
1.11226e-06
4.47398e-07
4.86155e-07
1.21465e-08
3.36924e-07
5.28193e-07
0.0455686
0.0837975
0.0183587
8.49476e-07
0.0435175
0.0853915
0.022249
6.48776e-07
0.0415098
0.0869933
0.0268807
4.95493e-07
0.0395493
0.0886023
0.0323572
3.78425e-07
0.0376386
0.0902177
0.0387801
2.89017e-07
0.035779
0.0918388
0.0462402
2.20732e-07
0.0339675
0.0934649
0.0548067
1.68581e-07
0.0321898
0.0950949
0.064514
1.28751e-07
0.0304
0.0967281
0.0753469
9.83375e-08
0.0284572
0.0983634
0.0872264
7.53201e-08
0.0259399
0.1
0.1
6.54692e-08
0.0239354
0.0166987
0.0219462
0.0110764
0.0199988
0.00777726
0.0181167
0.00598777
0.01632
0.00521159
0.0146242
0.0051592
0.0130408
0.00567668
0.0115766
0.00670173
0.0102348
0.00823728
0.00901488
0.0103367
0.00791389
0.0130963
0.00692663
0.0166518
0.00604646
0.021177
0.00526573
0.0268827
0.00457633
0.0340124
0.00396996
0.0428338
0.00343846
0.0536222
0.00297397
0.0666332
0.00256955
0.0820633
0.00220728
0.1
0.00179759
0.00146189
0.00118752
0.000963736
0.000781531
0.000633383
0.00051306
0.000415425
0.000336259
0.000272106
0.000220145
0.000178075
0.000144025
0.000116472
9.41805e-05
7.61525e-05
6.15561e-05
4.98467e-05
3.98242e-05
3.49739e-05
END_LIST
