BEGIN_LIST
0.1
0.0991607
0.098255
0.0972799
0.0962325
0.0951098
0.0939095
0.0926295
0.091268
0.0898238
0.0882962
0.0866849
0.0849904
0.0832131
0.0813533
0.079409
0.0773719
0.075217
0.0728771
0.0701811
0.0667045
0.057105
0.0649979
0.0483865
0.0628637
0.0406271
0.0602508
0.0338422
0.0571298
0.0279988
0.0535053
0.0230309
0.0494253
0.0188527
0.0449834
0.0153703
0.0403127
0.0124894
0.0355696
0.0101207
0.0309136
0.00818287
0.0264868
0.00660406
0.0223994
0.00532202
0.0187231
0.00428385
0.0154915
0.00344515
0.012706
0.00276918
0.0103448
0.00222613
0.00837069
0.00179275
0.00673891
0.00145306
0.0053941
0.00120137
0.00391612
0.00101309
0.00123666
0.0012792
0.00341799
0.00318796
0.000853978
0.00130052
0.0014541
0.00298303
0.00259391
0.000719619
0.00138463
0.00170018
0.00260328
0.00210971
0.000606229
0.00148437
0.00201034
0.00227176
0.00171533
0.000510587
0.00159731
0.00238698
0.00198237
0.0013943
0.000429948
0.00172235
0.00283785
0.00172979
0.00113311
0.000361984
0.00185918
0.00337424
0.00150933
0.000920681
0.00030472
0.00200799
0.00401029
0.00131694
0.000747971
0.000256485
0.00216928
0.00476278
0.00114903
0.000607587
0.000215864
0.00234374
0.00565114
0.00100251
0.000493503
0.000181661
0.00253225
0.00669753
0.000874644
0.000400802
0.000152866
0.00273579
0.00792686
0.000763046
0.000325479
0.000128628
0.00295545
0.00936676
0.000665617
0.000264261
0.000108228
0.00319241
0.0110474
0.000580486
0.000214461
9.10588e-05
0.00344796
0.0130008
0.000505937
0.000173828
7.66109e-05
0.00372347
0.0152604
0.00044029
0.00014038
6.44535e-05
0.00402039
0.0178595
0.000381672
0.000112135
5.42238e-05
0.0043403
0.0208297
0.000327541
8.65922e-05
4.56403e-05
0.00468484
0.0241986
0.000273669
5.9573e-05
3.58537e-05
0.00505578
0.0279871
0.000211889
2.25139e-05
2.87368e-05
3.11353e-05
0.00308828
0.00795661
0.00340085
0.0307944
0.000204821
0.000139104
1.88917e-05
5.74429e-06
2.3032e-05
2.70376e-05
0.00187784
0.010034
0.00233799
0.0337862
0.000197739
9.13098e-05
1.58521e-05
1.485e-06
1.84595e-05
2.3479e-05
0.00113864
0.0119416
0.00166381
0.0369622
0.000190633
5.99322e-05
1.33016e-05
4.06145e-07
1.47945e-05
2.03887e-05
0.000689244
0.0139396
0.0012456
0.0403173
0.000183494
3.9335e-05
1.11614e-05
1.36268e-07
1.1857e-05
1.7705e-05
0.000416785
0.0161397
0.000997061
0.043842
0.000176313
2.58157e-05
9.36546e-06
7.26799e-08
9.50275e-06
1.53745e-05
0.000251872
0.0185962
0.000862396
0.0475218
0.000169079
1.69425e-05
7.85851e-06
6.2285e-08
7.61586e-06
1.33507e-05
0.000152154
0.0213395
0.000805737
0.0513379
0.000161781
1.1119e-05
6.59402e-06
6.62854e-08
6.1036e-06
1.15933e-05
9.18941e-05
0.0243869
0.000804302
0.0552672
0.00015441
7.2971e-06
5.53298e-06
7.49519e-08
4.8916e-06
1.00672e-05
5.54922e-05
0.0277461
0.000843902
0.0592828
0.000146952
4.78885e-06
4.64266e-06
8.59642e-08
3.92026e-06
8.7419e-06
3.35074e-05
0.031415
0.000916039
0.0633543
0.000139397
3.14275e-06
3.8956e-06
9.89086e-08
3.14179e-06
7.59109e-06
2.02315e-05
0.0353803
0.00101602
0.0674489
0.000131731
2.06247e-06
3.26875e-06
1.13882e-07
2.51789e-06
6.59177e-06
1.22152e-05
0.0396169
0.00114173
0.0715322
0.000123942
1.35352e-06
2.74276e-06
1.31143e-07
2.01788e-06
5.72398e-06
7.37507e-06
0.0440865
0.00129288
0.0755695
0.000116015
8.88264e-07
2.30141e-06
1.51025e-07
1.61713e-06
4.97044e-06
4.45274e-06
0.0487382
0.00147051
0.0795264
0.000107936
5.82933e-07
1.93108e-06
1.73923e-07
1.29586e-06
4.31609e-06
2.68836e-06
0.0535099
0.00167669
0.0833704
9.96905e-05
3.82556e-07
1.62034e-06
2.00292e-07
1.03805e-06
3.7479e-06
1.62313e-06
0.0583305
0.00191434
0.087072
9.12617e-05
2.51057e-07
1.3596e-06
2.3066e-07
8.30305e-07
3.25456e-06
9.80058e-07
0.0631238
0.00218717
0.0906049
8.26332e-05
1.64768e-07
1.14082e-06
2.65632e-07
6.59983e-07
2.82637e-06
5.92055e-07
0.0678128
0.0024996
0.0939477
7.37872e-05
1.08233e-07
9.57269e-07
3.05906e-07
5.10495e-07
2.45538e-06
3.58674e-07
0.0723247
0.00285681
0.0970833
6.47055e-05
7.20872e-08
8.04524e-07
3.52287e-07
3.46668e-07
2.13646e-06
2.20843e-07
0.076595
0.00326473
0.1
5.53683e-05
5.8292e-08
7.35509e-07
4.05699e-07
1.96288e-07
3.35877e-07
1.96642e-06
1.73951e-07
0.0752639
0.0779232
0.00399104
4.22918e-05
3.73219e-05
4.41432e-07
1.12069e-07
3.31178e-07
1.80992e-06
1.37019e-07
0.0738779
0.0792006
0.00488083
3.23026e-05
2.51711e-05
4.79911e-07
6.51544e-08
3.34809e-07
1.66587e-06
1.07934e-07
0.0724385
0.0804464
0.00596604
2.46722e-05
1.69907e-05
5.21555e-07
3.93428e-08
3.50136e-07
1.53329e-06
8.50335e-08
0.0709472
0.0816719
0.00728518
1.88439e-05
1.14845e-05
5.66723e-07
2.5554e-08
3.82204e-07
1.41126e-06
6.7011e-08
0.0694062
0.0828836
0.00888351
1.43923e-05
7.77923e-06
6.1576e-07
1.87231e-08
4.38541e-07
1.29894e-06
5.28422e-08
0.0678182
0.0840849
0.0108133
1.09921e-05
5.28703e-06
6.69021e-07
1.60545e-08
5.30364e-07
1.19556e-06
4.17294e-08
0.0661859
0.0852778
0.0131338
8.3952e-06
3.61196e-06
7.26879e-07
1.6043e-08
6.74363e-07
1.10041e-06
3.30606e-08
0.0645128
0.086463
0.0159102
6.41176e-06
2.48739e-06
7.89736e-07
1.79275e-08
8.95356e-07
1.01283e-06
2.63822e-08
0.0628027
0.0876408
0.019213
4.89691e-06
1.73377e-06
8.58026e-07
2.13881e-08
1.23023e-06
9.3222e-07
0.0610595
0.088811
0.0231145
3.73994e-06
0.0592876
0.0899733
0.0276849
2.85632e-06
0.0574915
0.0911273
0.0329866
2.18146e-06
0.0556758
0.0922725
0.0390664
1.66605e-06
0.0538446
0.0934084
0.0459459
1.27241e-06
0.0520001
0.0945345
0.0536119
9.71775e-07
0.0501395
0.0956502
0.062007
7.42172e-07
0.0482449
0.0967551
0.0710239
5.66818e-07
0.0462542
0.0978487
0.0805034
4.3292e-07
0.0439786
0.0989305
0.090241
3.31585e-07
0.040863
0.1
0.1
2.88217e-07
0.0395017
0.0263596
0.0380029
0.017336
0.0363716
0.0118972
0.0346176
0.00880073
0.0327555
0.00726242
0.0308049
0.00680754
0.0287892
0.00716688
0.0267347
0.0082085
0.0246695
0.00989464
0.0226214
0.012255
0.020617
0.0153705
0.0186801
0.0193619
0.016831
0.0243805
0.0150855
0.0305976
0.0134552
0.0381886
0.0119473
0.0473124
0.0105647
0.0580821
0.00930743
0.0705307
0.00817339
0.0845771
0.00712688
0.1
0.00590175
0.00486643
0.00399844
0.00327552
0.00267673
0.00218298
0.00177735
0.00144513
0.0011737
0.000952392
0.000772243
0.000625795
0.000506873
0.000410389
0.000332162
0.000268787
0.000217403
0.000176136
0.000140779
0.000123661
END_LIST
