BEGIN_LIST
0.1
0.0999276
0.0998479
0.0997603
0.0996641
0.0995585
0.0994425
0.0993154
0.099176
0.0990232
0.0988558
0.0986724
0.0984714
0.0982506
0.0980067
0.0977338
0.0974199
0.0970374
0.0965212
0.0957137
0.0942306
0.0882433
0.0942227
0.0816344
0.0942122
0.0745513
0.094198
0.0671834
0.0941788
0.059743
0.0941531
0.052442
0.0941184
0.0454698
0.0940717
0.0389769
0.0940086
0.0330671
0.0939234
0.0277961
0.0938084
0.023178
0.0936533
0.019194
0.0934442
0.0158022
0.0931627
0.0129475
0.0927842
0.0105699
0.092277
0.00861204
0.0915998
0.00702721
0.0907003
0.0057932
0.0894999
0.00494038
0.0874889
0.00461821
0.0728985
0.00393261
0.00493605
0.00495405
0.0646748
0.0639652
0.00334264
0.00529606
0.00562521
0.05727
0.0555422
0.0028367
0.00569379
0.00654221
0.0506272
0.0477684
0.00240409
0.00612744
0.00767633
0.0446871
0.0407302
0.00203512
0.00659678
0.00902818
0.039391
0.0344652
0.00172109
0.00710257
0.0106128
0.034681
0.0289705
0.00145431
0.00764618
0.0124522
0.0305019
0.0242124
0.00122802
0.00822936
0.0145712
0.0268012
0.0201369
0.00103632
0.00885414
0.0169946
0.0235301
0.0166781
0.0008741
0.0095227
0.0197448
0.020643
0.0137653
0.000736961
0.0102374
0.0228388
0.0180983
0.011328
0.000621114
0.0110005
0.0262859
0.0158577
0.0092992
0.000523318
0.0118145
0.0300847
0.0138863
0.00761739
0.000440808
0.0126818
0.0342202
0.0121519
0.00622672
0.000371226
0.0136049
0.0386621
0.0106237
0.00507655
0.00031257
0.0145861
0.0433633
0.00927052
0.00411876
0.000263143
0.0156277
0.0482603
0.00805625
0.00330164
0.000221501
0.0167319
0.0532754
0.00693021
0.00255571
0.000186525
0.0179006
0.0583206
0.00580637
0.00176056
0.000146602
0.0191358
0.063303
0.0045172
0.000665761
0.000117554
0.000127342
0.012222
0.0293986
0.0127689
0.0665754
0.00436732
0.00300312
0.000559512
0.00016937
9.42516e-05
0.000110607
0.00764505
0.0360065
0.00861183
0.0697453
0.00421705
0.00198789
0.000470103
4.3158e-05
7.55616e-05
9.60681e-05
0.00471809
0.041215
0.00592399
0.0727915
0.0040662
0.00131207
0.000394899
1.10882e-05
6.05735e-05
8.34376e-05
0.00288714
0.0458997
0.00420911
0.0756955
0.00391459
0.000864351
0.000331668
2.95386e-06
4.85556e-05
7.24657e-05
0.00175747
0.0503811
0.00313858
0.0784419
0.003762
0.000568688
0.00027852
9.06712e-07
3.89203e-05
6.29351e-05
0.00106637
0.0547512
0.00249664
0.0810189
0.00360822
0.00037385
0.00023386
4.09972e-07
3.11959e-05
5.46569e-05
0.000645764
0.0590085
0.00214266
0.0834186
0.00345303
0.00024563
0.000196341
3.10919e-07
2.50038e-05
4.74666e-05
0.000390591
0.0631157
0.00198575
0.0856366
0.0032962
0.000161328
0.000164827
3.17081e-07
2.00403e-05
4.12216e-05
0.000236079
0.0670256
0.00196782
0.0876721
0.00313749
0.000105934
0.000138361
3.54739e-07
1.60618e-05
3.57978e-05
0.000142627
0.0706937
0.00205241
0.0895273
0.00297663
6.95492e-05
0.000116137
4.05875e-07
1.2873e-05
3.10872e-05
8.61455e-05
0.0740845
0.00221738
0.0912074
0.00281336
4.56568e-05
9.74779e-05
4.66739e-07
1.03171e-05
2.69963e-05
5.20228e-05
0.0771743
0.00245013
0.0927195
0.0026474
2.99702e-05
8.18132e-05
5.37333e-07
8.2686e-06
2.34434e-05
3.14132e-05
0.0799513
0.00274452
0.0940726
0.00247847
1.96723e-05
6.86632e-05
6.18757e-07
6.62677e-06
2.0358e-05
1.89674e-05
0.0824153
0.00309883
0.0952769
0.00230626
1.29124e-05
5.76251e-05
7.12559e-07
5.3109e-06
1.76786e-05
1.14522e-05
0.0845757
0.00351453
0.0963433
0.00213043
8.47522e-06
4.83603e-05
8.20591e-07
4.25623e-06
1.53518e-05
6.91458e-06
0.0864496
0.00399543
0.0972831
0.00195066
5.56277e-06
4.05841e-05
9.45004e-07
3.41074e-06
1.33314e-05
4.17517e-06
0.088059
0.00454716
0.0981078
0.0017666
3.65134e-06
3.40577e-05
1.08828e-06
2.73236e-06
1.15777e-05
2.52227e-06
0.0894292
0.00517686
0.0988285
0.00157786
2.3988e-06
2.85813e-05
1.25328e-06
2.18607e-06
1.00582e-05
1.52803e-06
0.0905866
0.00589299
0.0994558
0.00138407
1.5979e-06
2.40231e-05
1.44329e-06
1.7394e-06
8.75193e-06
9.40851e-07
0.0915575
0.00670517
0.1
0.00118479
1.29221e-06
2.19634e-05
1.66211e-06
9.83881e-07
1.86883e-06
8.05547e-06
7.41082e-07
0.0913461
0.0918774
0.00813613
0.00090917
0.000798204
1.8085e-06
5.6048e-07
2.1062e-06
7.41443e-06
5.83748e-07
0.0911182
0.0922927
0.00986123
0.000696901
0.000537791
1.96614e-06
3.24279e-07
2.50094e-06
6.82439e-06
4.59845e-07
0.0908725
0.0927544
0.0119244
0.000533741
0.000362386
2.13674e-06
1.93879e-07
3.12669e-06
6.2813e-06
3.62296e-07
0.0906079
0.093236
0.0143735
0.000408515
0.000244248
2.32178e-06
1.23641e-07
4.09291e-06
5.78143e-06
2.85535e-07
0.0903231
0.0937231
0.0172574
0.000312515
0.000164688
2.52267e-06
8.80757e-08
5.5623e-06
5.32134e-06
2.25208e-07
0.0900167
0.0942081
0.0206223
0.000238983
0.000111114
2.74087e-06
7.3071e-08
7.77657e-06
4.89785e-06
1.7793e-07
0.0896873
0.0946867
0.0245071
0.0001827
7.50425e-05
2.97789e-06
7.09776e-08
1.10947e-05
4.50807e-06
1.41113e-07
0.0893334
0.0951568
0.0289376
0.00013964
5.07615e-05
3.23539e-06
7.78561e-08
1.605e-05
4.1493e-06
1.12865e-07
0.0889534
0.0956172
0.0339196
0.000106711
3.44227e-05
3.51515e-06
9.19524e-08
2.34341e-05
3.81909e-06
0.0885458
0.0960674
0.0394326
8.15368e-05
0.0881088
0.096507
0.0454245
6.22951e-05
0.0876404
0.0969362
0.0518082
4.75905e-05
0.0871381
0.0973548
0.0584635
3.63548e-05
0.0865975
0.0977629
0.0652427
2.77705e-05
0.0860099
0.0981607
0.071982
2.12125e-05
0.0853533
0.0985484
0.0785154
1.62027e-05
0.0845688
0.098926
0.0846908
1.23759e-05
0.0834919
0.0992937
0.0903827
9.4533e-06
0.0816589
0.0996516
0.0955023
7.24117e-06
0.0777589
0.1
0.1
6.29438e-06
0.0777337
0.0520616
0.0777036
0.0349647
0.0776677
0.0240617
0.0776247
0.0174665
0.0775733
0.0138312
0.0775118
0.0122594
0.0774384
0.0121926
0.0773505
0.0133107
0.0772455
0.0154545
0.07712
0.0185701
0.0769701
0.0226677
0.0767911
0.027788
0.0765776
0.0339731
0.076323
0.0412377
0.0760199
0.0495425
0.0756596
0.0587738
0.0752319
0.0687335
0.0747255
0.0791457
0.0741268
0.089682
0.0734197
0.1
0.0722339
0.0707673
0.0689732
0.0668075
0.0642345
0.0612342
0.0578092
0.0539911
0.0498424
0.0454546
0.0409402
0.0364212
0.0320162
0.0278287
0.0239389
0.0204012
0.0172378
0.0144848
0.011946
0.010674
END_LIST
