BEGIN_LIST
0.1
0.0999884
0.0999757
0.0999616
0.0999461
0.0999291
0.0999104
0.0998898
0.0998671
0.0998422
0.0998148
0.0997847
0.0997513
0.0997142
0.0996723
0.0996231
0.0995615
0.0994745
0.0993308
0.0990528
0.098448
0.0957352
0.0984479
0.0924214
0.0984479
0.0884607
0.0984477
0.0838395
0.0984476
0.0785868
0.0984474
0.0727802
0.0984472
0.0665451
0.0984468
0.0600451
0.0984464
0.0534654
0.0984459
0.0469931
0.0984451
0.0407976
0.0984441
0.0350159
0.0984427
0.029745
0.0984408
0.0250421
0.0984383
0.0209322
0.0984349
0.0174223
0.0984302
0.0145267
0.0984238
0.0123145
0.0984098
0.0110098
0.0981675
0.0112198
0.0883375
0.0097448
0.011921
0.0126218
0.0805202
0.084383
0.00842704
0.0127127
0.0145001
0.0730962
0.0798535
0.00725953
0.0135811
0.0167755
0.0661036
0.0747916
0.00623268
0.0145185
0.0194189
0.0595676
0.0692792
0.00533532
0.0155211
0.0224219
0.0535016
0.0634336
0.00455548
0.0165871
0.0257807
0.0479081
0.0573982
0.00388102
0.0177161
0.0294872
0.0427811
0.0513291
0.00330012
0.0189079
0.0335231
0.0381068
0.0453793
0.00280159
0.0201629
0.0378564
0.033866
0.0396854
0.00237504
0.0214813
0.0424397
0.0300353
0.0343563
0.00201103
0.0228631
0.0472103
0.0265885
0.0294689
0.00170109
0.0243081
0.052092
0.0234975
0.0250667
0.00143767
0.0258156
0.0569988
0.0207334
0.0211626
0.00121415
0.0273845
0.0618407
0.018266
0.0177433
0.00102475
0.0290132
0.0665295
0.0160639
0.0147728
0.00086444
0.0306997
0.0709852
0.0140915
0.0121906
0.000728885
0.0324413
0.075141
0.0123038
0.00990037
0.000614353
0.0342347
0.0789474
0.0106322
0.00773341
0.000517911
0.036076
0.0823737
0.00895562
0.00535499
0.000407551
0.0379609
0.0854074
0.00703423
0.00203389
0.000327148
0.000354224
0.0262499
0.0556739
0.0255578
0.0872232
0.00680169
0.0048135
0.0017195
0.000517998
0.000262522
0.000307838
0.0173572
0.0655159
0.0173109
0.0888677
0.0065685
0.00324969
0.00145201
0.000132006
0.000210609
0.000267498
0.0111141
0.0717127
0.0119017
0.0903483
0.00633438
0.00217359
0.00122492
3.38867e-05
0.000168927
0.000232422
0.00696369
0.0761191
0.00840655
0.0916738
0.00609902
0.00144467
0.00103248
8.99198e-06
0.000135471
0.00020193
0.00430222
0.0795528
0.00619424
0.0928545
0.0058621
0.000956132
0.000869651
2.72105e-06
0.000108627
0.000175425
0.00263445
0.0823792
0.00484107
0.0939012
0.0056233
0.000631016
0.000732065
1.193e-06
8.70931e-05
0.000152391
0.00160433
0.0847675
0.0040665
0.0948249
0.00538228
0.000415671
0.000615935
8.80587e-07
6.98219e-05
0.000132374
0.000973706
0.0868047
0.0036869
0.0956367
0.00513867
0.000273478
0.000518006
8.88704e-07
5.59718e-05
0.000114981
0.000589748
0.0885432
0.00358351
0.0963476
0.00489211
0.00017978
0.000435491
9.9157e-07
4.48666e-05
9.98692e-05
0.000356748
0.0900214
0.00368077
0.0969679
0.00464219
0.000118121
0.000366009
1.1338e-06
3.59632e-05
8.67407e-05
0.000215639
0.0912718
0.00393173
0.0975075
0.0043885
7.75817e-05
0.000307534
1.30364e-06
2.88255e-05
7.53358e-05
0.000130285
0.0923237
0.00430855
0.0979754
0.00413063
5.09438e-05
0.000258346
1.50077e-06
2.31038e-05
6.54287e-05
7.86935e-05
0.0932039
0.00479612
0.0983802
0.0038681
3.3447e-05
0.000216987
1.72817e-06
1.85172e-05
5.68232e-05
4.75239e-05
0.0939369
0.00538795
0.0987295
0.00360046
2.19573e-05
0.000182221
1.99015e-06
1.48401e-05
4.93485e-05
2.86974e-05
0.0945447
0.00608352
0.0990302
0.0033272
1.44136e-05
0.000153006
2.29187e-06
1.18907e-05
4.28566e-05
1.73282e-05
0.0950468
0.0068864
0.0992886
0.00304781
9.4613e-06
0.000128461
2.63933e-06
9.51948e-06
3.72187e-05
1.04636e-05
0.0954602
0.00780317
0.0995101
0.00276173
6.21069e-06
0.000107844
3.03948e-06
7.59416e-06
3.23247e-05
6.32143e-06
0.0957996
0.00884252
0.0996997
0.00246839
4.08041e-06
9.0532e-05
3.50029e-06
5.96702e-06
2.80836e-05
3.82974e-06
0.0960776
0.0100147
0.0998618
0.00216719
2.71818e-06
7.61148e-05
4.03095e-06
4.37804e-06
2.44374e-05
2.35812e-06
0.0963047
0.011331
0.1
0.00185747
2.19822e-06
6.95985e-05
4.64206e-06
2.47637e-06
4.47685e-06
2.24932e-05
1.85745e-06
0.0962641
0.0964047
0.0136173
0.00144076
0.00125195
5.05087e-06
1.41063e-06
4.75164e-06
2.07037e-05
1.46312e-06
0.0962202
0.0965716
0.0163158
0.00111363
0.000843873
5.49111e-06
8.16061e-07
5.27959e-06
1.90564e-05
1.15258e-06
0.0961726
0.0967722
0.0194629
0.00085842
0.000568923
5.96755e-06
4.87791e-07
6.17582e-06
1.75402e-05
9.08082e-07
0.0961211
0.096988
0.0230892
0.000660293
0.000383711
6.4843e-06
3.10942e-07
7.61174e-06
1.61446e-05
7.15692e-07
0.0960653
0.0972091
0.0272129
0.000507062
0.000258972
7.0453e-06
2.21346e-07
9.84227e-06
1.486e-05
5.6449e-07
0.0960049
0.0974302
0.0318334
0.000388898
0.00017498
7.65461e-06
1.83484e-07
1.32463e-05
1.36776e-05
4.45994e-07
0.0959395
0.0976484
0.0369254
0.00029798
0.000118441
8.31649e-06
1.78095e-07
1.83869e-05
1.25893e-05
3.53722e-07
0.0958688
0.0978621
0.0424341
0.000228146
8.03969e-05
9.03556e-06
1.95256e-07
2.61001e-05
1.15875e-05
2.82935e-07
0.0957923
0.0980705
0.0482739
0.000174578
5.48142e-05
9.81675e-06
2.30543e-07
3.76279e-05
1.06655e-05
0.0957095
0.0982734
0.05433
0.000133529
0.0956199
0.0984706
0.0604652
0.000102098
0.0955224
0.098662
0.0665307
7.80447e-05
0.0954156
0.0988478
0.0723793
5.96466e-05
0.0952962
0.0990281
0.0778793
4.55788e-05
0.0951555
0.0992029
0.0829251
3.48248e-05
0.0949702
0.0993724
0.0874451
2.66059e-05
0.0946742
0.0995368
0.0914029
2.03253e-05
0.0940804
0.099696
0.0947955
1.55275e-05
0.0926548
0.0998504
0.0976468
1.18952e-05
0.0888733
0.1
0.1
1.03404e-05
0.0888731
0.0619381
0.0888727
0.0431398
0.0888724
0.0306855
0.088872
0.0229455
0.0888715
0.0186134
0.088871
0.0167455
0.0888704
0.0167156
0.0888696
0.0181395
0.0888688
0.0208003
0.0888678
0.0245858
0.0888666
0.0294368
0.0888651
0.0353051
0.0888635
0.0421193
0.0888614
0.0497598
0.088859
0.0580453
0.0888562
0.0667357
0.0888528
0.0755506
0.0888487
0.0842002
0.0888437
0.09242
0.0888378
0.1
0.0888276
0.0888144
0.0887974
0.0887753
0.0887468
0.0887099
0.088662
0.0885999
0.0885194
0.0884151
0.0882798
0.0881047
0.087878
0.087585
0.0872069
0.0867212
0.0860941
0.0853158
0.0842042
0.0835174
END_LIST
