BEGIN_LIST
0
2.66747e-193
9.30153e-193
2.57144e-192
6.6239e-192
1.66233e-191
4.1294e-191
1.02172e-190
2.52444e-190
6.23501e-190
1.54011e-189
3.80543e-189
9.40657e-189
2.32631e-188
5.75612e-188
1.42509e-187
3.53031e-187
8.7511e-187
2.17076e-186
5.38852e-186
5.74915e-186
7.52695e-186
5.82123e-186
1.03669e-185
5.89665e-186
1.48608e-185
5.97541e-186
2.19368e-185
6.05751e-186
3.30518e-185
6.14295e-186
5.04995e-185
6.23174e-186
7.79166e-185
6.3239e-186
1.21126e-184
6.42009e-186
1.89586e-184
6.54834e-186
2.98916e-184
7.90088e-186
4.75448e-184
6.12096e-185
7.64568e-184
2.32539e-183
1.24639e-183
9.86729e-182
2.0657e-183
4.19822e-180
3.49023e-183
1.78652e-178
6.02564e-183
7.6021e-177
1.06441e-182
3.23498e-175
1.92395e-182
1.37649e-173
3.55188e-182
5.85718e-172
6.66528e-182
2.4924e-170
6.76293e-182
9.00052e-182
3.81128e-182
5.79497e-170
2.66855e-170
6.81567e-182
1.04377e-181
2.20526e-182
1.09345e-169
2.85483e-170
6.81888e-182
1.12953e-181
1.28927e-182
1.8567e-169
3.05089e-170
6.76953e-182
1.17757e-181
7.60652e-183
2.95003e-169
3.25598e-170
6.66653e-182
1.20079e-181
4.5237e-183
4.47152e-169
3.46878e-170
6.51098e-182
1.20739e-181
2.70896e-183
6.53938e-169
3.68726e-170
6.30619e-182
1.20266e-181
1.63183e-183
9.29566e-169
3.90847e-170
6.05746e-182
1.19003e-181
9.87889e-184
1.29118e-168
4.12833e-170
5.77168e-182
1.17175e-181
6.00543e-184
1.75968e-168
4.34141e-170
5.45684e-182
1.14934e-181
3.66325e-184
2.36095e-168
4.54074e-170
5.12136e-182
1.12383e-181
2.24078e-184
3.12777e-168
4.71761e-170
4.7736e-182
1.09596e-181
1.37376e-184
4.10277e-168
4.86138e-170
4.42137e-182
1.06629e-181
8.43731e-185
5.34294e-168
4.95911e-170
4.07157e-182
1.03524e-181
5.18935e-185
6.92687e-168
4.99471e-170
3.72998e-182
1.00315e-181
3.19521e-185
8.96609e-168
4.94704e-170
3.4012e-182
9.70312e-182
1.96898e-185
1.16233e-167
4.78539e-170
3.08861e-182
9.36964e-182
1.21404e-185
1.51422e-167
4.46033e-170
2.79839e-182
9.03325e-182
7.4881e-186
1.98961e-167
3.88511e-170
2.14359e-182
8.69586e-182
4.61912e-186
2.64712e-167
2.89836e-170
4.07199e-181
8.35918e-182
2.84895e-186
3.58115e-167
1.1829e-170
2.6258e-180
3.66317e-181
8.5128e-182
3.93061e-182
1.24672e-181
2.07297e-186
3.80938e-167
2.88577e-167
1.08588e-170
3.12838e-171
9.63599e-180
3.29111e-181
8.02194e-182
1.85236e-182
1.53497e-181
1.50754e-186
4.0188e-167
2.2318e-167
9.89167e-171
8.1826e-172
3.23737e-179
2.95345e-181
7.02862e-182
8.73651e-183
1.7382e-181
1.09554e-186
4.20725e-167
1.67075e-167
8.94544e-171
2.13369e-172
1.0679e-178
2.64776e-181
5.89702e-182
4.12222e-183
1.88668e-181
7.95369e-187
4.3726e-167
1.22059e-167
8.03516e-171
5.55934e-173
3.51305e-178
2.3716e-181
5.18199e-182
1.94554e-183
2.00261e-181
5.76707e-187
4.51284e-167
8.76192e-168
7.17276e-171
1.44821e-173
1.15661e-177
2.12259e-181
5.88694e-182
9.18395e-184
2.10099e-181
4.17463e-187
4.62606e-167
6.21297e-168
6.36684e-171
3.77238e-174
3.8133e-177
1.89844e-181
1.06609e-181
4.33587e-184
2.19122e-181
3.01538e-187
4.71047e-167
4.36868e-168
5.62285e-171
9.82644e-175
1.25891e-176
1.69694e-181
2.77972e-181
2.04716e-184
2.27871e-181
2.17189e-187
4.76441e-167
3.05448e-168
4.94341e-171
2.55963e-175
4.16078e-176
1.51604e-181
8.42354e-181
9.66539e-185
2.36617e-181
1.5586e-187
4.78641e-167
2.12753e-168
4.32875e-171
6.66744e-176
1.37644e-175
1.35381e-181
2.68156e-180
4.5627e-185
2.45457e-181
1.11307e-187
4.77512e-167
1.47816e-168
3.77728e-171
1.73677e-176
4.55682e-175
1.20847e-181
8.69164e-180
2.15306e-185
2.54377e-181
7.89801e-188
4.72943e-167
1.02527e-168
3.28604e-171
4.52404e-177
1.50948e-174
1.07835e-181
2.84043e-179
1.01515e-185
2.6329e-181
5.55597e-188
4.64841e-167
7.10366e-169
2.85116e-171
1.17847e-177
5.00265e-174
9.61955e-182
9.32355e-179
4.77832e-186
2.72064e-181
3.86253e-188
4.53134e-167
4.91823e-169
2.4682e-171
3.06984e-178
1.65861e-173
8.579e-182
3.06824e-178
2.24164e-186
2.80533e-181
2.64123e-188
4.37775e-167
3.40352e-169
2.13252e-171
7.9971e-179
5.50076e-173
7.64928e-182
1.01125e-177
1.04464e-186
2.88512e-181
1.76337e-188
4.1874e-167
2.35457e-169
1.83941e-171
2.08368e-179
1.82478e-172
6.81899e-182
3.33599e-177
4.80365e-187
2.95801e-181
1.13511e-188
3.96029e-167
1.62857e-169
1.58433e-171
5.43329e-180
6.05459e-172
6.07786e-182
1.10111e-176
2.14869e-187
3.02187e-181
6.88081e-189
3.69672e-167
1.12635e-169
1.36297e-171
1.42139e-180
2.00923e-171
5.4168e-182
3.63566e-176
9.04297e-188
3.07456e-181
3.72444e-189
3.39721e-167
7.79678e-170
1.17137e-171
3.77025e-181
6.66857e-171
4.82822e-182
1.20066e-175
3.25463e-188
3.11394e-181
1.51892e-189
3.0626e-167
5.46986e-170
1.00737e-171
1.05794e-181
2.21353e-170
4.30772e-182
3.96561e-175
6.03134e-189
3.13797e-181
0
2.69398e-167
4.55648e-170
9.32215e-172
3.60687e-182
1.2829e-170
3.35793e-170
4.02518e-182
6.91433e-175
6.25396e-189
3.50971e-189
3.14071e-181
2.22463e-167
1.91229e-167
2.38438e-182
7.4351e-171
4.9694e-170
3.76106e-182
1.19887e-174
6.48481e-189
2.04233e-189
3.09825e-181
1.81613e-167
1.35662e-167
1.84334e-182
4.30899e-171
7.24e-170
3.51418e-182
2.07335e-174
6.72417e-189
1.18843e-189
3.00765e-181
1.46865e-167
9.6202e-168
1.63275e-182
2.49725e-171
1.04407e-169
3.28343e-182
3.58137e-174
6.97239e-189
6.91511e-190
2.86882e-181
1.17851e-167
6.8198e-168
1.58431e-182
1.44726e-171
1.4954e-169
3.06776e-182
6.18274e-174
7.22983e-189
4.02339e-190
2.68495e-181
9.39847e-168
4.83337e-168
1.61745e-182
8.38741e-172
2.13194e-169
2.86623e-182
1.06708e-173
7.49692e-189
2.34059e-190
2.46253e-181
7.45835e-168
3.42471e-168
1.69371e-182
4.86082e-172
3.02983e-169
2.67794e-182
1.84146e-173
7.77433e-189
1.3613e-190
2.21079e-181
5.89584e-168
2.426e-168
1.79494e-182
2.81703e-172
4.2965e-169
2.50209e-182
3.17762e-173
8.06323e-189
7.91428e-191
1.94083e-181
4.64658e-168
1.71802e-168
1.91269e-182
1.63257e-172
6.08352e-169
2.33798e-182
5.48314e-173
8.3663e-189
4.59812e-191
1.66439e-181
3.65341e-168
1.21618e-168
2.04323e-182
9.46132e-173
8.60473e-169
2.18511e-182
8.69027e-189
2.66854e-191
1.39274e-181
2.86728e-168
9.0531e-189
1.5459e-191
1.13561e-181
2.24715e-168
9.50377e-189
8.92862e-192
9.00538e-182
1.75922e-168
1.0177e-188
5.13115e-192
6.92586e-182
1.3761e-168
1.1445e-188
2.92407e-192
5.14352e-182
1.07572e-168
1.43364e-188
1.64246e-192
3.66272e-182
8.40499e-169
2.16963e-188
8.99335e-193
2.47065e-182
6.56465e-169
4.13953e-188
4.6949e-193
1.54222e-182
5.1258e-169
9.52068e-188
2.2186e-193
8.44927e-183
4.00168e-169
2.43369e-187
8.01599e-194
3.42868e-183
3.13207e-169
6.52535e-187
0
0
2.75537e-169
6.65391e-187
3.66955e-186
6.78499e-187
5.87317e-186
6.91866e-187
7.37915e-186
7.05497e-187
8.35864e-186
7.19396e-187
8.9793e-186
7.33568e-187
9.36681e-186
7.4802e-187
9.59398e-186
7.62757e-187
9.68762e-186
7.77784e-187
9.64244e-186
7.93108e-187
9.43596e-186
8.08733e-187
9.04238e-186
8.24666e-187
8.4444e-186
8.40913e-187
7.64201e-186
8.5748e-187
6.65702e-186
8.74374e-187
5.53257e-186
8.916e-187
4.32804e-186
9.09166e-187
3.11084e-186
9.27078e-187
1.94754e-186
9.45348e-187
8.95972e-187
9.63881e-187
0
9.90314e-187
1.01747e-186
1.04537e-186
1.07404e-186
1.1035e-186
1.13376e-186
1.16485e-186
1.1968e-186
1.22962e-186
1.26334e-186
1.29799e-186
1.33358e-186
1.37016e-186
1.40773e-186
1.44635e-186
1.48598e-186
1.52691e-186
1.56796e-186
1.61478e-186
1.64143e-186
END_LIST
