BEGIN_LIST
0.1
0.0999997
0.0999994
0.099999
0.0999986
0.0999981
0.0999976
0.0999971
0.0999964
0.0999958
0.099995
0.0999941
0.0999932
0.099992
0.0999906
0.0999886
0.0999852
0.0999786
0.0999642
0.0999302
0.0998474
0.0994474
0.0998474
0.0989141
0.0998475
0.0982082
0.0998475
0.0972816
0.0998475
0.0960772
0.0998475
0.0945301
0.0998476
0.0925703
0.0998476
0.0901274
0.0998476
0.0871383
0.0998477
0.0835575
0.0998477
0.0793682
0.0998477
0.0745944
0.0998477
0.0693096
0.0998478
0.0636434
0.0998478
0.0577853
0.0998478
0.0519949
0.0998478
0.0466329
0.0998478
0.0422476
0.0998454
0.039784
0.099741
0.0410423
0.0951988
0.0387643
0.0396211
0.0499328
0.0904805
0.0949415
0.0363453
0.0393641
0.0568601
0.0855834
0.0946018
0.0338176
0.039826
0.0626782
0.0805554
0.0941557
0.03122
0.0407301
0.0677829
0.0754486
0.0935732
0.0285949
0.041904
0.072348
0.0703174
0.0928177
0.025986
0.043239
0.0764444
0.0652159
0.0918457
0.0234351
0.0446662
0.0801003
0.0601961
0.0906071
0.0209798
0.0461407
0.0833308
0.0553058
0.0890462
0.0186515
0.0476329
0.0861518
0.0505869
0.0871038
0.0164743
0.0491227
0.0885849
0.0460744
0.084721
0.0144643
0.0505958
0.0906585
0.041796
0.0818437
0.0126305
0.052042
0.092406
0.0377709
0.0784267
0.010975
0.0534537
0.0938637
0.0340107
0.0744353
0.00949473
0.0548249
0.0950684
0.0305181
0.0698397
0.0081822
0.0561511
0.0960561
0.0272864
0.0645945
0.00702701
0.0574289
0.0968602
0.0242954
0.0585886
0.0060169
0.0586557
0.0975107
0.0215035
0.0515392
0.00513861
0.0598294
0.0980342
0.0188282
0.0427745
0.00438015
0.0609489
0.0984536
0.0161036
0.030774
0.00348945
0.0620134
0.0987884
0.0129849
0.0121134
0.00283196
0.00305204
0.0526119
0.0818226
0.0437532
0.0989731
0.0125594
0.00967786
0.0107537
0.00311734
0.00229284
0.00266702
0.0418358
0.0907969
0.0310732
0.0991315
0.0121327
0.00696346
0.00948281
0.000797465
0.00185272
0.0023287
0.0311284
0.0949023
0.0224889
0.0992671
0.0117041
0.00487544
0.00831069
0.000205832
0.0014947
0.00203186
0.021817
0.0968306
0.016842
0.099383
0.0112731
0.00334547
0.00724267
5.57317e-05
0.0012043
0.00177177
0.0145743
0.0977791
0.013266
0.0994821
0.0108391
0.002263
0.00628009
1.80813e-05
0.00096931
0.00154413
0.00939944
0.0982792
0.0111374
0.0995667
0.0104016
0.00151566
0.00542097
9.10293e-06
0.000779514
0.00134511
0.0059176
0.0985674
0.010022
0.0996388
0.00995992
0.00100829
0.00466079
7.50375e-06
0.000626454
0.00117126
0.00366719
0.0987502
0.00962485
0.0997003
0.00951344
0.000667728
0.00399324
7.88402e-06
0.000503171
0.00101951
0.00224993
0.0988764
0.00975016
0.0997527
0.00906148
0.000440857
0.0034109
8.88675e-06
0.000403971
0.00088714
0.00137181
0.0989692
0.0102705
0.0997973
0.00860333
0.000290484
0.00290581
1.0185e-05
0.000324214
0.000771748
0.000833201
0.0990405
0.0111051
0.0998353
0.00813826
0.000191148
0.00246989
1.17166e-05
0.000260129
0.000671204
0.000504878
0.0990966
0.0122043
0.0998675
0.00766548
0.000125672
0.00209527
1.34896e-05
0.000208662
0.000583639
0.000305495
0.0991414
0.0135391
0.099895
0.00718418
8.25766e-05
0.00177449
1.55337e-05
0.000167344
0.000507406
0.000184691
0.0991775
0.0150939
0.0999183
0.00669351
5.42388e-05
0.00150068
1.78881e-05
0.000134175
0.000441061
0.0001116
0.0992066
0.0168614
0.099938
0.00619257
3.56168e-05
0.00126758
2.05995e-05
0.000107527
0.00038334
6.74136e-05
0.0992302
0.018839
0.0999548
0.00568042
2.33846e-05
0.00106959
2.37217e-05
8.60242e-05
0.000333138
4.07179e-05
0.0992493
0.0210264
0.0999691
0.00515606
1.53527e-05
0.00090173
2.7317e-05
6.83455e-05
0.000289504
2.46028e-05
0.0992648
0.0234233
0.0999811
0.00461845
1.00877e-05
0.000759677
3.14569e-05
5.26988e-05
0.00025165
1.49068e-05
0.0992774
0.0260281
0.0999914
0.0040665
6.72036e-06
0.000640647
3.62239e-05
3.51704e-05
0.000219072
9.1794e-06
0.0992876
0.0288364
0.1
0.00349903
5.43499e-06
0.000586698
4.17128e-05
1.98357e-05
3.36529e-05
0.000201691
7.23078e-06
0.0992863
0.0993008
0.0334517
0.00280603
0.00236341
4.53842e-05
1.12255e-05
3.2575e-05
0.000185685
5.69615e-06
0.0992849
0.0993307
0.0384881
0.00222781
0.00159711
4.93374e-05
6.40178e-06
3.20756e-05
0.000170946
4.48781e-06
0.0992834
0.099369
0.0438647
0.00175426
0.00108047
5.36153e-05
3.71266e-06
3.23651e-05
0.000157373
3.53688e-06
0.0992817
0.0994112
0.0494762
0.00137223
0.000732417
5.82545e-05
2.23053e-06
3.37609e-05
0.000144876
2.78938e-06
0.0992799
0.0994549
0.0551965
0.00106772
0.000498133
6.32904e-05
1.43538e-06
3.67379e-05
0.000133369
2.2033e-06
0.0992779
0.0994987
0.0608873
0.000827326
0.000340578
6.87592e-05
1.03695e-06
4.20052e-05
0.000122774
1.74648e-06
0.0992758
0.0995419
0.0664096
0.000638957
0.000234764
7.46989e-05
8.74793e-07
5.06189e-05
0.00011302
1.39522e-06
0.0992735
0.0995843
0.0716359
0.000492218
0.00016384
8.11507e-05
8.62203e-07
6.41509e-05
0.000104039
1.13377e-06
0.099271
0.0996254
0.0764617
0.000378428
0.000116448
8.81587e-05
9.54923e-07
8.49371e-05
9.57708e-05
0.0992682
0.0996654
0.0808126
0.000290499
0.0992651
0.0997041
0.084647
0.000222738
0.0992613
0.0997416
0.087955
0.000170627
0.099256
0.0997778
0.0907532
0.000130617
0.0992469
0.0998129
0.0930779
9.99358e-05
0.0992272
0.0998468
0.094978
7.64299e-05
0.099178
0.0998796
0.0965086
5.84346e-05
0.099044
0.0999112
0.0977257
4.46656e-05
0.098667
0.0999418
0.0986822
3.41367e-05
0.0975913
0.0999714
0.0994264
2.616e-05
0.094506
0.1
0.1
2.27446e-05
0.094506
0.0714698
0.094506
0.0543519
0.094506
0.0423321
0.094506
0.0345662
0.094506
0.0302306
0.094506
0.0286104
0.094506
0.029144
0.094506
0.0314145
0.094506
0.0351103
0.094506
0.0399765
0.0945059
0.0457751
0.0945059
0.0522579
0.0945059
0.0591593
0.0945059
0.0662044
0.0945059
0.0731298
0.0945059
0.0797076
0.0945059
0.0857642
0.0945059
0.0911893
0.0945059
0.0959339
0.0945059
0.1
0.0945059
0.0945058
0.0945058
0.0945058
0.0945058
0.0945058
0.0945058
0.0945058
0.0945058
0.0945058
0.0945057
0.0945057
0.0945057
0.0945057
0.0945057
0.0945057
0.0945056
0.0945056
0.0945056
0.0945056
END_LIST
