BEGIN_LIST
0.1
0.0990685
0.0980657
0.0969887
0.0958346
0.0946011
0.0932861
0.091888
0.0904058
0.0888388
0.0871873
0.0854519
0.0836339
0.0817349
0.0797562
0.0776971
0.0755504
0.0732925
0.0708577
0.0680764
0.0645252
0.0550104
0.0625544
0.0464393
0.0601245
0.0388658
0.0571993
0.0322844
0.0537725
0.0266464
0.0498783
0.0218744
0.0455964
0.017876
0.0410478
0.0145538
0.0363818
0.0118124
0.0317568
0.00956313
0.0273195
0.00772617
0.0231886
0.00623161
0.0194459
0.00501934
0.016135
0.00403857
0.0132657
0.00324681
0.0108223
0.00260904
0.00877183
0.00209688
0.00707179
0.00168824
0.00567607
0.00136784
0.00453253
0.00113002
0.00328669
0.000952732
0.00116219
0.00120498
0.00286842
0.0026745
0.000802967
0.00122162
0.00137076
0.00250325
0.00217542
0.000676538
0.00130031
0.0016034
0.00218447
0.00176887
0.00056987
0.00139382
0.00189643
0.0019062
0.0014379
0.000479915
0.00149983
0.00225227
0.00166332
0.00116859
0.000404086
0.00161727
0.00267838
0.00145134
0.000949545
0.000340186
0.00174584
0.00318553
0.00126634
0.000771443
0.000286354
0.0018857
0.00378727
0.00110489
0.00062667
0.000241014
0.00203732
0.00449968
0.000964007
0.000509015
0.000202834
0.00220137
0.00534144
0.000841066
0.000413413
0.000170689
0.00237866
0.00633394
0.000733782
0.00033574
0.000143629
0.00257012
0.00750136
0.000640151
0.000272634
0.000120853
0.0027768
0.00887066
0.000558409
0.000221348
0.000101683
0.00299982
0.0104715
0.000486987
0.000179631
8.55512e-05
0.00324039
0.0123358
0.000424444
0.000145594
7.19761e-05
0.00349982
0.0144972
0.00036937
0.000117577
6.05534e-05
0.0037795
0.0169899
0.000320193
9.39191e-05
5.09421e-05
0.00408092
0.0198471
0.000274782
7.25252e-05
4.28778e-05
0.00440568
0.0230993
0.000229587
4.98956e-05
3.36832e-05
0.00475546
0.0267709
0.000177758
1.8858e-05
2.69969e-05
2.92503e-05
0.0029022
0.00748597
0.00320145
0.0295023
0.000171829
0.000116691
1.58239e-05
4.81371e-06
2.16374e-05
2.54005e-05
0.00176371
0.00944622
0.00220408
0.0324225
0.000165888
7.65949e-05
1.32779e-05
1.24696e-06
1.73416e-05
2.20574e-05
0.00106907
0.0112525
0.00157208
0.0355336
0.000159927
5.02728e-05
1.11415e-05
3.43901e-07
1.38985e-05
1.91541e-05
0.000647003
0.0131505
0.00118072
0.0388328
0.000153939
3.29949e-05
9.3488e-06
1.18446e-07
1.11389e-05
1.66329e-05
0.000391193
0.0152473
0.000948937
0.0423127
0.000147915
2.16545e-05
7.84454e-06
6.58454e-08
8.92719e-06
1.44435e-05
0.000236389
0.0175964
0.00082434
0.0459617
0.000141846
1.42115e-05
6.5823e-06
5.78939e-08
7.15457e-06
1.25422e-05
0.000142794
0.0202293
0.000773271
0.0497631
0.000135725
9.32668e-06
5.52315e-06
6.2113e-08
5.73389e-06
1.08912e-05
8.62388e-05
0.0231658
0.00077437
0.0536963
0.000129541
6.12083e-06
4.63442e-06
7.03717e-08
4.5953e-06
9.45745e-06
5.20763e-05
0.0264175
0.000814361
0.057736
0.000123285
4.01691e-06
3.88869e-06
8.07467e-08
3.68279e-06
8.21245e-06
3.14445e-05
0.0299867
0.000885312
0.0618534
0.000116947
2.63616e-06
3.26295e-06
9.29145e-08
2.95147e-06
7.13133e-06
1.89858e-05
0.0338658
0.000982874
0.0660165
0.000110516
1.73001e-06
2.7379e-06
1.06983e-07
2.36537e-06
6.19252e-06
1.14631e-05
0.0380352
0.00110514
0.0701911
0.000103982
1.13534e-06
2.29733e-06
1.23199e-07
1.89564e-06
5.37729e-06
6.92094e-06
0.0424628
0.00125191
0.0743419
9.73323e-05
7.45083e-07
1.92766e-06
1.41876e-07
1.51916e-06
4.66939e-06
4.17856e-06
0.0471034
0.00142426
0.078433
9.05552e-05
4.88969e-07
1.61747e-06
1.63387e-07
1.21735e-06
4.05467e-06
2.52282e-06
0.0518992
0.00162423
0.0824302
8.3638e-05
3.20892e-07
1.35719e-06
1.88159e-07
9.75151e-07
3.52089e-06
1.52318e-06
0.0567819
0.0018547
0.0863009
7.65672e-05
2.1059e-07
1.1388e-06
2.16688e-07
7.79959e-07
3.05743e-06
9.19708e-07
0.0616762
0.00211928
0.0900161
6.93288e-05
1.3821e-07
9.55549e-07
2.49541e-07
6.19842e-07
2.65517e-06
5.55597e-07
0.0665033
0.00242229
0.0935504
6.1908e-05
9.07874e-08
8.01809e-07
2.87376e-07
4.79026e-07
2.30665e-06
3.36587e-07
0.0711863
0.00276878
0.0968836
5.42894e-05
6.0468e-08
6.7387e-07
3.30947e-07
3.23824e-07
2.00705e-06
2.07244e-07
0.0756547
0.00316455
0.1
4.64565e-05
4.88964e-08
6.16063e-07
3.81124e-07
1.83359e-07
3.12682e-07
1.84731e-06
1.63239e-07
0.0742372
0.0770513
0.00386943
3.5484e-05
3.13183e-05
4.14692e-07
1.04694e-07
3.06783e-07
1.70029e-06
1.28581e-07
0.0727658
0.0783817
0.00473338
2.71024e-05
2.11258e-05
4.5084e-07
6.0876e-08
3.07996e-07
1.56497e-06
1.01287e-07
0.0712425
0.0796726
0.0057877
2.07002e-05
1.42642e-05
4.89962e-07
3.67704e-08
3.19137e-07
1.44042e-06
7.97972e-08
0.0696695
0.0809395
0.00707021
1.58101e-05
9.64578e-06
5.32394e-07
2.38963e-08
3.4443e-07
1.32578e-06
6.28844e-08
0.0680496
0.0821911
0.00862553
1.2075e-05
6.53829e-06
5.78461e-07
1.75228e-08
3.90185e-07
1.22026e-06
4.95878e-08
0.066386
0.0834323
0.0105054
9.22231e-06
4.44846e-06
6.28495e-07
1.50393e-08
4.65803e-07
1.12314e-06
3.9159e-08
0.064682
0.0846654
0.0127687
7.04348e-06
3.04415e-06
6.82849e-07
1.50402e-08
5.85282e-07
1.03375e-06
3.10233e-08
0.0629417
0.0858917
0.0154811
5.37939e-06
2.10171e-06
7.41898e-07
1.68152e-08
7.69434e-07
9.51479e-07
2.4755e-08
0.0611692
0.0871116
0.0187136
4.10844e-06
1.47053e-06
8.06052e-07
2.00663e-08
1.0492e-06
8.75752e-07
0.0593691
0.088325
0.0225405
3.13776e-06
0.0575462
0.0895316
0.0270355
2.39641e-06
0.0557053
0.090731
0.0322659
1.83021e-06
0.0538513
0.0919226
0.0382855
1.39779e-06
0.0519885
0.0931058
0.0451254
1.06753e-06
0.0501195
0.0942803
0.0527837
8.15305e-07
0.0482418
0.0954452
0.0612153
6.22672e-07
0.0463385
0.0966002
0.0703252
4.75553e-07
0.0443502
0.0977447
0.0799646
3.63214e-07
0.0420955
0.0988781
0.089935
2.78196e-07
0.0390387
0.1
0.1
2.4181e-07
0.0375746
0.0251663
0.0359792
0.0165576
0.0342615
0.0113829
0.0324358
0.00844927
0.0305208
0.00700684
0.0285394
0.00660345
0.0265174
0.00698413
0.0244823
0.00802566
0.0224618
0.00969551
0.0204821
0.0120266
0.018567
0.0151019
0.0167369
0.0190443
0.0150077
0.0240085
0.0133912
0.0301705
0.0118947
0.0377144
0.0105218
0.0468114
0.00927247
0.0575919
0.00814379
0.0701112
0.00713185
0.084313
0.00620276
0.1
0.0051216
0.00421288
0.00345446
0.00282515
0.00230551
0.0018781
0.0015277
0.0012412
0.00100745
0.00081708
0.000662255
0.000536487
0.00043442
0.00035165
0.00028457
0.000230243
0.000186206
0.000150847
0.000120557
0.000105893
END_LIST
