BEGIN_LIST
0
3.23333e-90
1.11986e-89
3.06383e-89
7.78965e-89
1.92591e-88
4.70747e-88
1.14512e-87
2.77993e-87
6.7427e-87
1.63483e-86
3.96319e-86
9.60693e-86
2.3287e-85
5.64465e-85
1.36824e-84
3.31652e-84
8.03903e-84
1.94863e-83
4.72336e-83
1.14492e-82
5.07302e-82
1.17886e-82
1.19934e-81
1.21381e-82
2.37273e-81
1.24979e-82
4.31299e-81
1.28684e-82
7.46769e-81
1.32499e-82
1.25409e-80
1.36428e-82
2.06476e-80
1.40472e-82
3.35713e-80
1.44637e-82
5.42048e-80
1.48926e-82
8.73215e-80
1.53341e-82
1.40961e-79
1.57889e-82
2.28972e-79
1.62605e-82
3.75788e-79
1.68879e-82
6.25556e-79
2.35715e-82
1.0599e-78
2.87368e-81
1.83298e-78
1.14911e-79
3.24116e-78
4.88216e-78
5.86183e-78
2.07724e-76
1.08251e-77
8.83876e-75
2.03163e-77
3.76105e-73
2.06141e-77
2.74347e-77
1.16172e-77
8.74376e-73
4.02724e-73
2.0775e-77
3.18155e-77
6.72195e-78
1.64952e-72
4.30875e-73
2.07849e-77
3.44295e-77
3.92992e-78
2.80013e-72
4.60509e-73
2.06346e-77
3.5894e-77
2.31863e-78
4.44731e-72
4.9151e-73
2.03207e-77
3.66014e-77
1.37894e-78
6.7378e-72
5.23681e-73
1.98467e-77
3.68026e-77
8.25764e-79
9.84789e-72
5.56716e-73
1.92225e-77
3.66583e-77
4.97431e-79
1.39887e-71
5.90169e-73
1.84644e-77
3.62733e-77
3.01142e-79
1.9414e-71
6.23422e-73
1.75934e-77
3.5716e-77
1.83068e-79
2.64317e-71
6.55658e-73
1.66337e-77
3.50326e-77
1.1167e-79
3.54214e-71
6.8582e-73
1.56112e-77
3.42549e-77
6.83086e-80
4.68615e-71
7.12595e-73
1.45512e-77
3.34054e-77
4.18784e-80
6.13713e-71
7.34371e-73
1.34776e-77
3.25008e-77
2.5721e-80
7.97761e-71
7.49193e-73
1.24113e-77
3.15543e-77
1.58198e-80
1.03211e-70
7.54629e-73
1.13701e-77
3.0576e-77
9.74073e-81
1.33283e-70
7.47478e-73
1.03679e-77
2.95749e-77
6.00256e-81
1.72338e-70
7.231e-73
9.41522e-78
2.85583e-77
3.7011e-81
2.23888e-70
6.7402e-73
8.51912e-78
2.75328e-77
2.28284e-81
2.93325e-70
5.87123e-73
7.68634e-78
2.65043e-77
1.40821e-81
3.89127e-70
4.3802e-73
6.48684e-78
2.5478e-77
8.68552e-82
5.24976e-70
1.78773e-73
5.44333e-78
5.88415e-78
2.58822e-77
1.19802e-77
3.80065e-77
6.31985e-82
5.58202e-70
4.22975e-70
1.64115e-73
4.72814e-74
4.55208e-78
5.33042e-78
2.42519e-77
5.64593e-78
4.67975e-77
4.59606e-82
5.88673e-70
3.27074e-70
1.49502e-73
1.23674e-74
3.79627e-78
4.82316e-78
2.09264e-77
2.66288e-78
5.29957e-77
3.34e-82
6.16076e-70
2.44817e-70
1.35205e-73
3.22504e-75
3.1595e-78
4.3597e-78
1.6747e-77
1.25646e-78
5.75243e-77
2.42487e-82
6.40103e-70
1.7883e-70
1.21449e-73
8.40345e-76
2.62744e-78
3.93722e-78
1.25993e-77
5.93009e-79
6.10599e-77
1.75824e-82
6.60461e-70
1.28355e-70
1.08417e-73
2.18951e-76
2.19106e-78
3.55287e-78
9.05048e-78
2.79933e-79
6.40602e-77
1.27275e-82
6.76872e-70
9.10028e-71
9.62381e-74
5.70741e-77
1.85595e-78
3.20382e-78
6.29505e-78
1.32161e-79
6.68117e-77
9.19323e-83
6.89075e-70
6.39805e-71
8.49945e-74
1.49101e-77
1.67265e-78
2.8873e-78
4.28601e-78
6.23998e-80
6.94795e-77
6.62167e-83
6.96832e-70
4.47277e-71
7.47259e-74
3.93163e-78
1.83667e-78
2.60067e-78
2.87853e-78
2.94615e-80
7.21465e-77
4.75188e-83
6.99926e-70
3.115e-71
6.54362e-74
1.07726e-78
3.0202e-78
2.34141e-78
1.91681e-78
1.39079e-80
7.48422e-77
3.39355e-83
6.98164e-70
2.16394e-71
5.71013e-74
3.39775e-79
7.47177e-78
2.10714e-78
1.26974e-78
6.56293e-81
7.75621e-77
2.40797e-83
6.91383e-70
1.50074e-71
4.96765e-74
1.54419e-79
2.26636e-77
1.89565e-78
8.38661e-79
3.09439e-81
8.02799e-77
1.69393e-83
6.79448e-70
1.03965e-71
4.31032e-74
1.1366e-79
7.33909e-77
1.70485e-78
5.53707e-79
1.45654e-81
8.29549e-77
1.17763e-83
6.62255e-70
7.19708e-72
3.73147e-74
1.11424e-79
2.41917e-76
1.53285e-78
3.67986e-79
6.83307e-82
8.55373e-77
8.05277e-84
6.39737e-70
4.97985e-72
3.22406e-74
1.20181e-79
8.01192e-76
1.37788e-78
2.53768e-79
3.18435e-82
8.79704e-77
5.37629e-84
6.11858e-70
3.44461e-72
2.78099e-74
1.32866e-79
2.65702e-75
1.23832e-78
2.05616e-79
1.46429e-82
9.01927e-77
3.46081e-84
5.7862e-70
2.38219e-72
2.3954e-74
1.47761e-79
8.81572e-75
1.11272e-78
2.6323e-79
6.54984e-83
9.214e-77
2.09788e-84
5.40065e-70
1.64733e-72
2.06077e-74
1.64552e-79
2.92564e-74
9.99758e-79
5.96064e-79
2.75658e-83
9.37466e-77
1.13554e-84
4.96271e-70
1.14015e-72
1.77112e-74
1.83309e-79
9.71069e-74
8.98339e-79
1.7893e-78
9.92119e-84
9.49473e-77
4.63103e-85
4.47359e-70
7.99765e-73
1.5232e-74
2.04217e-79
3.22352e-73
8.0786e-79
5.79304e-78
1.8386e-84
9.56801e-77
0
3.93486e-70
6.66164e-73
1.40957e-74
2.2751e-79
1.86808e-73
4.89037e-73
7.58475e-79
1.00742e-77
1.90656e-84
1.06991e-84
9.57634e-77
3.24913e-70
2.79266e-70
2.42614e-79
1.08255e-73
7.2379e-73
7.12085e-79
1.74471e-77
1.9772e-84
6.22592e-85
9.44689e-77
2.65234e-70
1.98085e-70
2.58595e-79
6.27325e-74
1.05462e-72
6.68514e-79
3.01585e-77
2.05091e-84
3.62286e-85
9.17064e-77
2.14473e-70
1.40444e-70
2.75567e-79
3.63526e-74
1.52105e-72
6.2759e-79
5.20842e-77
2.12862e-84
2.10804e-85
8.74733e-77
1.72092e-70
9.95451e-71
2.93622e-79
2.10657e-74
2.17885e-72
5.89157e-79
8.99133e-77
2.21273e-84
1.22652e-85
8.1867e-77
1.37233e-70
7.05383e-71
3.12842e-79
1.22072e-74
3.10677e-72
5.53065e-79
1.55188e-76
2.30974e-84
7.13522e-86
7.50851e-77
1.08897e-70
4.9972e-71
3.33311e-79
7.07381e-75
4.4159e-72
5.19173e-79
2.67826e-76
2.43741e-84
4.14991e-86
6.74093e-77
8.60784e-71
3.53933e-71
3.55111e-79
4.09913e-75
6.26303e-72
4.87348e-79
4.622e-76
2.64474e-84
2.41266e-86
5.91778e-77
6.78353e-71
2.50602e-71
3.78332e-79
2.37536e-75
8.86941e-72
4.57465e-79
7.97627e-76
3.06706e-84
1.40174e-86
5.0749e-77
5.33327e-71
1.7737e-71
4.03065e-79
1.37646e-75
1.25473e-71
4.29408e-79
4.0786e-84
8.13508e-87
4.24661e-77
4.18542e-71
6.71442e-84
4.7127e-87
3.46258e-77
3.28e-71
1.3838e-83
2.72191e-87
2.74583e-77
2.56766e-71
3.33709e-83
1.56425e-87
2.11177e-77
2.00835e-71
8.72288e-83
8.91414e-88
1.56831e-77
1.56987e-71
2.36042e-82
5.00711e-88
1.1168e-77
1.22652e-71
6.4755e-82
2.74167e-88
7.53326e-78
9.57902e-72
1.78582e-81
1.43127e-88
4.70239e-78
7.47902e-72
4.93472e-81
6.76355e-89
2.57627e-78
5.83846e-72
1.36463e-80
2.44373e-89
1.04544e-78
4.56942e-72
3.77474e-80
0
0
4.01971e-72
3.84923e-80
2.15565e-79
3.92519e-80
3.45477e-79
4.00265e-80
4.34289e-79
4.08163e-80
4.92075e-79
4.16218e-80
5.28707e-79
4.24431e-80
5.51591e-79
4.32806e-80
5.65018e-79
4.41347e-80
5.70568e-79
4.50056e-80
5.67933e-79
4.58937e-80
5.5579e-79
4.67994e-80
5.3262e-79
4.77229e-80
4.97407e-79
4.86646e-80
4.5015e-79
4.96249e-80
3.92133e-79
5.06042e-80
3.259e-79
5.16028e-80
2.54947e-79
5.26211e-80
1.83248e-79
5.36594e-80
1.14723e-79
5.47186e-80
5.27786e-80
5.5793e-80
0
5.73255e-80
5.89001e-80
6.0518e-80
6.21803e-80
6.38882e-80
6.5643e-80
6.74461e-80
6.92987e-80
7.12021e-80
7.31579e-80
7.51674e-80
7.7232e-80
7.93534e-80
8.1533e-80
8.3773e-80
8.60718e-80
8.84464e-80
9.08278e-80
9.35442e-80
9.50905e-80
END_LIST
