BEGIN_LIST
0.1
0.0989667
0.097857
0.0966683
0.0953981
0.0940446
0.0926063
0.0910821
0.0894718
0.0877757
0.0859949
0.0841311
0.0821867
0.0801645
0.0780669
0.0758943
0.0736409
0.0712842
0.0687599
0.0658996
0.0622793
0.0528791
0.0600285
0.0444789
0.0572969
0.037108
0.0540681
0.0307411
0.0503634
0.0253145
0.0462477
0.0207411
0.0418293
0.0169228
0.0372488
0.0137595
0.0326618
0.0111556
0.0282186
0.0090234
0.0240457
0.00728484
0.0202353
0.0058722
0.0168412
0.00472761
0.0138825
0.00380237
0.0113505
0.00305597
0.00921678
0.00245507
0.00744174
0.00197274
0.00598054
0.00158802
0.00478788
0.00128646
0.00381554
0.00106265
0.00276398
0.000895761
0.00109214
0.00113502
0.0024121
0.0022484
0.000754834
0.00114755
0.00129225
0.00210492
0.00182834
0.0006359
0.00122123
0.00151223
0.00183679
0.00148632
0.000535579
0.00130895
0.0017891
0.00160276
0.001208
0.000450995
0.00140848
0.00212532
0.0013985
0.000981605
0.000379705
0.00151881
0.00252801
0.00122024
0.000797515
0.000319639
0.00163963
0.00300751
0.00106468
0.000647866
0.000269043
0.00177109
0.00357675
0.000928924
0.000526244
0.000226433
0.00191364
0.00425114
0.000810466
0.000427417
0.000190556
0.0020679
0.00504861
0.000707099
0.000347123
0.000160352
0.00223465
0.0059898
0.000616899
0.000281894
0.000134927
0.00241476
0.00709811
0.000538179
0.0002289
0.000113527
0.00260923
0.00839982
0.000469456
0.000185837
9.5518e-05
0.00281912
0.00992404
0.000409411
0.000150809
8.03626e-05
0.00304558
0.0117024
0.00035683
0.000122232
6.76099e-05
0.00328986
0.0137686
0.00031053
9.8709e-05
5.68794e-05
0.00355329
0.0161574
0.000269187
7.88469e-05
4.78508e-05
0.00383729
0.0189036
0.00023101
6.08861e-05
4.02755e-05
0.00414337
0.0220397
0.000193015
4.18886e-05
3.16386e-05
0.00447315
0.0255941
0.000149442
1.5833e-05
2.5358e-05
2.74746e-05
0.00272758
0.00704312
0.00301397
0.0282481
0.000144458
9.80983e-05
1.32856e-05
4.04359e-06
2.03237e-05
2.38585e-05
0.00165673
0.0088925
0.00207809
0.0310946
0.000139464
6.43891e-05
1.1148e-05
1.04979e-06
1.62887e-05
2.07182e-05
0.00100391
0.0106021
0.00148567
0.0341375
0.000134453
4.22608e-05
9.35424e-06
2.92147e-07
1.30546e-05
1.79911e-05
0.000607448
0.0124042
0.00111948
0.0373764
0.000129419
2.77362e-05
7.84911e-06
1.03407e-07
1.04625e-05
1.5623e-05
0.000367235
0.0144011
0.000903381
0.0408065
0.000124355
1.82031e-05
6.58614e-06
5.9852e-08
8.38506e-06
1.35665e-05
0.000221895
0.0166454
0.000788179
0.0444184
0.000119254
1.19464e-05
5.52638e-06
5.38708e-08
6.72007e-06
1.17806e-05
0.000134034
0.0191696
0.000742293
0.0481984
0.000114108
7.84012e-06
4.63713e-06
5.82116e-08
5.38566e-06
1.02298e-05
8.09458e-05
0.0219958
0.000745698
0.0521279
0.000108909
5.14525e-06
3.89097e-06
6.60648e-08
4.31621e-06
8.88315e-06
4.88793e-05
0.0251389
0.000785969
0.0561841
0.00010365
3.37666e-06
3.26487e-06
7.58342e-08
3.45912e-06
7.71374e-06
2.95138e-05
0.0286056
0.000855709
0.0603399
9.8322e-05
2.21599e-06
2.73951e-06
8.72691e-08
2.77221e-06
6.69827e-06
1.782e-05
0.0323935
0.000950894
0.0645645
9.2916e-05
1.45427e-06
2.29869e-06
1.00485e-07
2.22171e-06
5.81646e-06
1.07591e-05
0.0364889
0.0010698
0.0688244
8.74229e-05
9.54388e-07
1.9288e-06
1.15716e-07
1.78051e-06
5.05074e-06
6.49593e-06
0.0408658
0.00121231
0.0730839
8.18327e-05
6.2633e-07
1.61843e-06
1.33259e-07
1.42689e-06
4.38582e-06
3.92195e-06
0.0454851
0.00137954
0.0773066
7.61355e-05
4.11037e-07
1.358e-06
1.53464e-07
1.14341e-06
3.80843e-06
2.36789e-06
0.0502941
0.00157349
0.0814562
7.03204e-05
2.69749e-07
1.13948e-06
1.76731e-07
9.1591e-07
3.30706e-06
1.42964e-06
0.0552284
0.001797
0.0854979
6.43761e-05
1.77027e-07
9.56116e-07
2.03527e-07
7.32547e-07
2.87174e-06
8.63228e-07
0.0602144
0.00205358
0.0893995
5.8291e-05
1.16183e-07
8.02263e-07
2.34385e-07
5.82062e-07
2.49392e-06
5.21478e-07
0.0651729
0.00234746
0.0931324
5.20525e-05
7.63184e-08
6.73185e-07
2.69922e-07
4.49483e-07
2.16656e-06
3.15917e-07
0.0700237
0.00268355
0.0966724
4.56477e-05
5.08312e-08
5.6577e-07
3.10847e-07
3.02639e-07
1.88515e-06
1.94517e-07
0.0746909
0.00306752
0.1
3.90628e-05
4.11037e-08
5.17237e-07
3.57977e-07
1.71369e-07
2.91347e-07
1.73512e-06
1.53215e-07
0.073184
0.0761575
0.0037516
2.98362e-05
2.63371e-05
3.89506e-07
9.7854e-08
2.84585e-07
1.59702e-06
1.20685e-07
0.071625
0.0775415
0.00459043
2.27884e-05
1.77693e-05
4.23459e-07
5.69066e-08
2.83916e-07
1.46992e-06
9.50673e-08
0.0700164
0.0788779
0.0056147
1.74051e-05
1.20015e-05
4.60204e-07
3.43824e-08
2.91701e-07
1.35293e-06
7.48968e-08
0.0683611
0.0801865
0.00686152
1.32933e-05
8.11965e-06
5.00059e-07
2.23557e-08
3.11483e-07
1.24526e-06
5.90224e-08
0.0666623
0.0814784
0.00837484
1.01528e-05
5.508e-06
5.43328e-07
1.64057e-08
3.4856e-07
1.14615e-06
4.65422e-08
0.0649239
0.0827597
0.0102059
7.75415e-06
3.75189e-06
5.90324e-07
1.40926e-08
4.10832e-07
1.05493e-06
3.67535e-08
0.0631499
0.0840337
0.0124131
5.92217e-06
2.57215e-06
6.41376e-07
1.41036e-08
5.10058e-07
9.7097e-07
2.91169e-08
0.0613447
0.0853017
0.0150623
4.523e-06
1.78074e-06
6.9684e-07
1.57752e-08
6.63731e-07
8.93692e-07
2.32325e-08
0.0595131
0.0865644
0.0182253
3.45438e-06
1.25106e-06
7.57097e-07
1.88299e-08
8.97852e-07
8.22564e-07
0.0576599
0.0878219
0.0219781
2.63822e-06
0.0557903
0.0890738
0.0263974
2.0149e-06
0.0539094
0.0903196
0.0315554
1.53884e-06
0.0520223
0.0915589
0.0375129
1.17526e-06
0.0501334
0.0927911
0.0443102
8.97581e-07
0.0482456
0.0940155
0.0519568
6.85509e-07
0.0463568
0.0952315
0.0604206
5.23543e-07
0.0444507
0.0964386
0.0696197
3.99845e-07
0.0424703
0.0976361
0.079417
3.05392e-07
0.0402409
0.0988234
0.0896219
2.33908e-07
0.0372449
0.1
0.1
2.03315e-07
0.0356832
0.0239967
0.0339995
0.0157964
0.0322072
0.0108807
0.0303245
0.00810638
0.0283737
0.00675755
0.02638
0.00640426
0.0243707
0.00680552
0.0223729
0.00784664
0.0204131
0.00950014
0.0185148
0.011802
0.0166986
0.0148372
0.0149808
0.0187309
0.0133733
0.0236404
0.0118839
0.029747
0.0105162
0.0372426
0.00927072
0.046311
0.0081448
0.0571002
0.0071337
0.0696882
0.00623199
0.0840452
0.00540782
0.1
0.00445383
0.00365579
0.00299236
0.00244367
0.00199179
0.00162095
0.00131747
0.00106969
0.000867782
0.000703496
0.000569993
0.000461614
0.000373705
0.000302447
0.000244716
0.000197973
0.000160092
0.000129681
0.000103635
9.10262e-05
END_LIST
