BEGIN_LIST
0.1
0.0999907
0.0999804
0.0999691
0.0999566
0.0999429
0.0999278
0.0999112
0.0998929
0.0998728
0.0998507
0.0998264
0.0997995
0.0997695
0.0997354
0.0996952
0.0996441
0.0995707
0.0994465
0.0992014
0.0986613
0.0962191
0.0986613
0.0932093
0.0986612
0.0895759
0.0986612
0.0852895
0.0986611
0.0803585
0.098661
0.0748378
0.0986608
0.0688306
0.0986607
0.0624837
0.0986604
0.055973
0.0986601
0.0494859
0.0986597
0.0432005
0.0986591
0.0372688
0.0986584
0.0318062
0.0986574
0.0268889
0.098656
0.0225589
0.0986541
0.0188387
0.0986516
0.0157576
0.0986481
0.0134045
0.0986384
0.0120385
0.0984146
0.0123422
0.0890785
0.0107564
0.0130607
0.0139906
0.0814417
0.0856228
0.00933036
0.0138898
0.0160988
0.0741445
0.0815975
0.00805945
0.0148082
0.0186042
0.0672316
0.0770172
0.0069359
0.0158038
0.0214828
0.0607355
0.0719336
0.00594961
0.0168699
0.0247247
0.0546766
0.0664362
0.00508912
0.0180028
0.0283206
0.0490644
0.0606473
0.00434239
0.0192007
0.0322539
0.0438986
0.0547116
0.00369737
0.0204627
0.0364962
0.0391712
0.0487825
0.00314242
0.0217881
0.0410044
0.0348676
0.0430065
0.00266659
0.0231764
0.0457199
0.0309681
0.0375109
0.00225979
0.0246269
0.0505702
0.0274497
0.0323946
0.00191286
0.0261387
0.0554718
0.0242867
0.0277236
0.00161763
0.0277103
0.0603354
0.0214517
0.0235313
0.00136683
0.0293399
0.0650717
0.0189162
0.019821
0.00115411
0.031025
0.0695977
0.0166492
0.0165676
0.000973923
0.0327628
0.0738424
0.0146156
0.0137159
0.000821455
0.0345498
0.0777511
0.0127697
0.0111673
0.000692559
0.0363819
0.0812874
0.0110417
0.00873858
0.000583968
0.0382544
0.0844337
0.00930744
0.00605724
0.000459641
0.0401624
0.0871894
0.00732016
0.00230265
0.00036904
0.000399548
0.0281069
0.0585098
0.0270905
0.0888242
0.00707826
0.00502965
0.00194905
0.000586582
0.00029619
0.000347263
0.0187533
0.0685186
0.0183766
0.0902959
0.00683569
0.00340532
0.00164753
0.000149492
0.000237651
0.000301784
0.0120838
0.074641
0.0126503
0.0916132
0.00659214
0.00228214
0.00139106
3.83748e-05
0.000190638
0.000262233
0.0076029
0.0788554
0.00894543
0.0927862
0.0063473
0.00151882
0.00117338
1.01816e-05
0.000152896
0.000227846
0.00470967
0.0820452
0.00659822
0.0938259
0.00610084
0.0010061
0.000988943
3.07955e-06
0.000122608
0.000197952
0.00288876
0.084611
0.00516171
0.0947433
0.00585242
0.000664382
0.00083292
1.34873e-06
9.83078e-05
0.000171969
0.00176101
0.0867418
0.00433923
0.0955495
0.00560169
0.000437821
0.000701101
9.94566e-07
7.88163e-05
0.000149387
0.00106948
0.0885355
0.00393627
0.0962553
0.00534826
0.000288125
0.000589851
1.00335e-06
6.31844e-05
0.000129764
0.000648004
0.0900503
0.00382687
0.0968712
0.00509175
0.00018944
0.000496047
1.11937e-06
5.06496e-05
0.000112713
0.00039208
0.0913276
0.00393078
0.0974069
0.00483175
0.000124482
0.000417013
1.27991e-06
4.05996e-05
9.7899e-05
0.000237029
0.0924006
0.0041981
0.0978715
0.00456783
8.17656e-05
0.000350468
1.47163e-06
3.25423e-05
8.50291e-05
0.000143221
0.0932982
0.00459913
0.0982734
0.00429955
5.36937e-05
0.000294469
1.69415e-06
2.60832e-05
7.3849e-05
8.65115e-05
0.0940456
0.00511769
0.0986203
0.00402644
3.52536e-05
0.000247365
1.95086e-06
2.09053e-05
6.41372e-05
5.2247e-05
0.0946656
0.00574674
0.0989189
0.00374801
2.31438e-05
0.00020776
2.24659e-06
1.67541e-05
5.57015e-05
3.15501e-05
0.0951779
0.00648546
0.0991756
0.00346373
1.51927e-05
0.000174469
2.58718e-06
1.34241e-05
4.83745e-05
1.9051e-05
0.0955999
0.00733739
0.0993957
0.00317307
9.97276e-06
0.000146495
2.97942e-06
1.07461e-05
4.20113e-05
1.15041e-05
0.0959465
0.00830914
0.0995842
0.00287545
6.54647e-06
0.000122994
3.43112e-06
8.56912e-06
3.64874e-05
6.95001e-06
0.0962305
0.00940949
0.0997453
0.00257029
4.30104e-06
0.000103256
3.9513e-06
6.72082e-06
3.17005e-05
4.21057e-06
0.0964628
0.0106487
0.0998828
0.00225694
2.86515e-06
8.68174e-05
4.55034e-06
4.88869e-06
2.75849e-05
2.59263e-06
0.0966523
0.0120382
0.1
0.00193474
2.31708e-06
7.93871e-05
5.24018e-06
2.76497e-06
4.97085e-06
2.53904e-05
2.04216e-06
0.0966191
0.0967398
0.0144462
0.00150301
0.00130412
5.70167e-06
1.57472e-06
5.23763e-06
2.33705e-05
1.60862e-06
0.0965832
0.0968899
0.0172793
0.00116314
0.000879098
6.19862e-06
9.10606e-07
5.76937e-06
2.15112e-05
1.2672e-06
0.0965443
0.0970714
0.0205709
0.000897425
0.000592722
6.73644e-06
5.43832e-07
6.68589e-06
1.97997e-05
9.98398e-07
0.0965022
0.0972672
0.0243471
0.000690798
0.00039981
7.31977e-06
3.461e-07
8.16568e-06
1.82244e-05
7.86881e-07
0.0964566
0.0974681
0.0286196
0.000530786
0.000269886
7.95304e-06
2.45741e-07
1.04742e-05
1.67744e-05
6.20654e-07
0.0964072
0.097669
0.0333793
0.00040727
0.000182403
8.64084e-06
2.03072e-07
1.40062e-05
1.54397e-05
4.90392e-07
0.0963538
0.0978673
0.0385908
0.000312161
0.000123517
9.38799e-06
1.9656e-07
1.93478e-05
1.42112e-05
3.88977e-07
0.0962959
0.0980615
0.0441887
0.000239065
8.38976e-05
1.01997e-05
2.15099e-07
2.73703e-05
1.30804e-05
3.11209e-07
0.0962333
0.0982508
0.0500769
0.000182969
5.72588e-05
1.10815e-05
2.5371e-07
3.93671e-05
1.20395e-05
0.0961655
0.0984351
0.0561324
0.000139968
0.0960919
0.0986141
0.0622136
0.000107033
0.0960119
0.0987878
0.0681719
8.18247e-05
0.095924
0.0989563
0.0738654
6.25397e-05
0.0958249
0.0991198
0.0791716
4.7792e-05
0.0957062
0.0992782
0.0839976
3.65173e-05
0.0955445
0.0994318
0.088285
2.78998e-05
0.0952743
0.0995807
0.0920102
2.13143e-05
0.0947086
0.0997249
0.0951807
1.62832e-05
0.0933139
0.0998646
0.0978279
1.24743e-05
0.0895656
0.1
0.1
1.08439e-05
0.0895654
0.0627244
0.0895652
0.0438982
0.089565
0.0313733
0.0895648
0.0235677
0.0895645
0.0191958
0.0895642
0.0173195
0.0895638
0.0173111
0.0895634
0.0187822
0.0895629
0.0215104
0.0895623
0.025376
0.0895617
0.0303106
0.0895609
0.0362541
0.08956
0.0431209
0.0895589
0.0507768
0.0895576
0.0590271
0.089556
0.0676233
0.0895541
0.0762834
0.0895519
0.0847241
0.0895493
0.0926939
0.0895461
0.1
0.0895406
0.0895335
0.0895244
0.0895126
0.0894974
0.0894776
0.089452
0.0894188
0.0893758
0.0893199
0.0892473
0.0891532
0.089031
0.0888726
0.0886672
0.0884018
0.0880564
0.0876241
0.0869973
0.0866071
END_LIST
