BEGIN_LIST
0.1
0.0995535
0.0990671
0.0985379
0.0979629
0.0973393
0.0966638
0.0959335
0.0951452
0.0942958
0.0933823
0.0924017
0.0913511
0.090227
0.0890252
0.0877387
0.0863534
0.084837
0.083113
0.080996
0.0780381
0.0685428
0.0774565
0.0594596
0.0766889
0.0509895
0.0756839
0.0432719
0.0743808
0.0363832
0.072712
0.030344
0.0706072
0.0251311
0.0680018
0.0206905
0.0648483
0.0169497
0.0611298
0.0138275
0.0568734
0.0112417
0.0521568
0.00911367
0.0471068
0.00737145
0.0418864
0.00595129
0.0366741
0.00479801
0.0316396
0.00386492
0.0269245
0.00311385
0.02263
0.0025156
0.0188126
0.00205254
0.0154568
0.00172603
0.0113731
0.00145765
0.0017915
0.00182891
0.00993518
0.00930133
0.00123024
0.00189275
0.00207296
0.00867754
0.0075968
0.00103777
0.00201999
0.00241909
0.00757793
0.00619784
0.000875026
0.00216789
0.00285578
0.00661677
0.00505197
0.000737527
0.0023337
0.00338533
0.00577683
0.00411492
0.000621438
0.00251625
0.00401755
0.005043
0.00334968
0.000523482
0.00271534
0.00476703
0.00440199
0.00272541
0.000440868
0.00293133
0.00565187
0.00384216
0.00221661
0.000371221
0.00316498
0.00669322
0.00335328
0.0018022
0.000312528
0.00341729
0.00791495
0.00292642
0.00146488
0.000263079
0.00368948
0.00934346
0.00255373
0.00119042
0.000221429
0.00398287
0.0110073
0.00222832
0.000967166
0.000186355
0.00429896
0.0129364
0.00194412
0.000785563
0.000156824
0.00463933
0.0151614
0.00169571
0.000637724
0.000131964
0.00500567
0.0177122
0.00147812
0.000517028
0.000111039
0.00539979
0.020616
0.00128647
0.000417623
9.34267e-05
0.00582358
0.0238952
0.0011153
0.000333644
7.86048e-05
0.00627907
0.0275644
0.000957206
0.000257667
6.61664e-05
0.00676834
0.0316274
0.000799851
0.00017727
5.19821e-05
0.00729363
0.0360744
0.000619404
6.69753e-05
4.16664e-05
4.51428e-05
0.00448533
0.0114477
0.00488584
0.0392847
0.00059874
0.000406893
5.62034e-05
1.70556e-05
3.33967e-05
3.92029e-05
0.00273867
0.01437
0.00333331
0.0426331
0.000578033
0.000267201
4.71632e-05
4.37134e-06
2.67675e-05
3.40441e-05
0.00166483
0.0169883
0.002343
0.0461062
0.000557257
0.000175428
3.95766e-05
1.15271e-06
2.14538e-05
2.95639e-05
0.00100932
0.0196645
0.00172286
0.0496857
0.000536386
0.000115158
3.32099e-05
3.40905e-07
1.71946e-05
2.56731e-05
0.000610909
0.022543
0.00134768
0.0533492
0.000515389
7.55873e-05
2.78672e-05
1.41824e-07
1.37808e-05
2.22942e-05
0.000369395
0.025681
0.0011362
0.0570705
0.000494239
4.96108e-05
2.33838e-05
9.95872e-08
1.10446e-05
1.93599e-05
0.000223225
0.0290963
0.00103601
0.0608209
0.000472903
3.256e-05
1.96216e-05
9.84848e-08
8.85165e-06
1.68116e-05
0.000134846
0.032785
0.00101367
0.0645699
0.000451351
2.13689e-05
1.64646e-05
1.09299e-07
7.09405e-06
1.45988e-05
8.14396e-05
0.0367274
0.00104815
0.0682862
0.000429547
1.4024e-05
1.38155e-05
1.24824e-07
5.6854e-06
1.26771e-05
4.91787e-05
0.0408904
0.00112665
0.0719388
0.000407457
9.20356e-06
1.15925e-05
1.43483e-07
4.55645e-06
1.10084e-05
2.9695e-05
0.045228
0.00124183
0.0754976
0.000385045
6.04e-06
9.72724e-06
1.6517e-07
3.65166e-06
9.55924e-06
1.79295e-05
0.0496837
0.00139004
0.0789353
0.000362271
3.96383e-06
8.16206e-06
1.90195e-07
2.92652e-06
8.30086e-06
1.08253e-05
0.0541922
0.0015702
0.0822274
0.000339096
2.60131e-06
6.84871e-06
2.19027e-07
2.34533e-06
7.20813e-06
6.53591e-06
0.0586834
0.00178304
0.0853532
0.000315476
1.70714e-06
5.74667e-06
2.52234e-07
1.87944e-06
6.25923e-06
3.94611e-06
0.0630861
0.00203072
0.0882962
0.000291368
1.12033e-06
4.82196e-06
2.90477e-07
1.50569e-06
5.43525e-06
2.38251e-06
0.0673323
0.00231647
0.0910444
0.000266724
7.35228e-07
4.04604e-06
3.34518e-07
1.20489e-06
4.71982e-06
1.43858e-06
0.0713618
0.00264451
0.0935902
0.000241497
4.82528e-07
3.39498e-06
3.85237e-07
9.59534e-07
4.09888e-06
8.69051e-07
0.0751249
0.00301994
0.0959305
0.000215634
3.16962e-07
2.84876e-06
4.43645e-07
7.48353e-07
3.56086e-06
5.26481e-07
0.078585
0.00344875
0.0980657
0.000189081
2.11108e-07
2.3942e-06
5.10908e-07
5.29811e-07
3.09836e-06
3.24165e-07
0.0817193
0.00393779
0.1
0.000161782
1.70709e-07
2.18882e-06
5.8837e-07
2.99906e-07
5.28891e-07
2.85178e-06
2.55335e-07
0.0808384
0.0826765
0.00480671
0.000123602
0.000109
6.40191e-07
1.71127e-07
5.43846e-07
2.62482e-06
2.01124e-07
0.0799072
0.0836586
0.00586781
9.4424e-05
7.34587e-05
6.95995e-07
9.93638e-08
5.81342e-07
2.41592e-06
1.58432e-07
0.0789247
0.0846482
0.00715691
7.21293e-05
4.95269e-05
7.5639e-07
5.98452e-08
6.51342e-07
2.22364e-06
1.24819e-07
0.0778898
0.0856363
0.00871637
5.50959e-05
3.34141e-05
8.21895e-07
3.86882e-08
7.687e-07
2.04667e-06
9.8366e-08
0.0768021
0.0866185
0.0105949
4.20834e-05
2.25674e-05
8.93011e-07
2.81456e-08
9.55536e-07
1.88378e-06
7.75711e-08
0.0756612
0.0875923
0.0128472
3.21432e-05
1.52671e-05
9.70252e-07
2.39383e-08
1.24474e-06
1.73386e-06
6.12644e-08
0.0744669
0.0885564
0.0155324
2.45504e-05
1.03556e-05
1.05416e-06
2.37584e-08
1.68522e-06
1.59587e-06
4.8549e-08
0.0732197
0.0895101
0.0187129
1.87508e-05
7.05304e-06
1.14532e-06
2.64328e-08
2.34962e-06
1.46886e-06
3.87624e-08
0.0719199
0.0904527
0.0224506
1.4321e-05
4.83432e-06
1.24435e-06
3.14608e-08
3.34589e-06
1.35195e-06
0.0705687
0.0913838
0.0268028
1.09377e-05
0.0691672
0.0923032
0.0318157
8.35361e-06
0.0677171
0.0932103
0.0375174
6.37998e-06
0.06622
0.0941051
0.0439087
4.87263e-06
0.0646772
0.0949871
0.0509558
3.72139e-06
0.0630876
0.0958562
0.058583
2.84214e-06
0.0614439
0.0967121
0.0666703
2.17063e-06
0.0597188
0.0975546
0.0750564
1.65778e-06
0.0578281
0.0983835
0.0835472
1.26617e-06
0.0555247
0.0991987
0.0919315
9.69793e-07
0.0520962
0.1
0.1
8.42952e-07
0.0513623
0.0338073
0.0505147
0.0222426
0.0495419
0.0151637
0.0484331
0.0110465
0.0471793
0.00890286
0.0457739
0.0081208
0.0442137
0.00834275
0.0424999
0.00938192
0.0406386
0.0111672
0.0386417
0.0137073
0.0365264
0.017068
0.0343155
0.0213544
0.0320359
0.0266959
0.0297177
0.0332296
0.0273925
0.0410784
0.0250917
0.0503257
0.0228448
0.0609852
0.0206781
0.0729721
0.0186152
0.0860842
0.0166207
0.1
0.0141485
0.0119464
0.0100155
0.00834544
0.00691753
0.00570866
0.00469361
0.00384716
0.00314532
0.0025661
0.00208992
0.0016997
0.00138074
0.00112057
0.000908727
0.000736497
0.000596455
0.000483732
0.00038696
0.000340063
END_LIST
