BEGIN_LIST
0
3.44866e-185
1.19255e-184
3.25466e-184
8.24875e-184
2.03198e-183
4.94692e-183
1.19831e-182
2.89649e-182
6.99494e-182
1.68875e-181
4.0771e-181
9.8452e-181
2.37824e-180
5.74787e-180
1.39011e-179
3.36473e-179
8.15248e-179
1.97768e-178
4.80439e-178
7.27914e-178
2.12296e-177
7.4884e-178
4.53155e-177
7.708e-178
8.55879e-177
7.93797e-178
1.51539e-176
8.17835e-178
2.58058e-176
8.42918e-178
4.28579e-176
8.69051e-178
7.00234e-176
8.96241e-178
1.13244e-175
9.24654e-178
1.82159e-175
9.6097e-178
2.92683e-175
1.2893e-177
4.7162e-175
1.3999e-176
7.65153e-175
5.53558e-175
1.25476e-174
2.35131e-173
2.08769e-174
1.00043e-171
3.53618e-174
4.25727e-170
6.11433e-174
1.81157e-168
1.08106e-173
7.70892e-167
1.95507e-173
3.28015e-165
3.61035e-173
1.39576e-163
6.7758e-173
5.93936e-162
6.8751e-173
9.14988e-173
3.8745e-173
1.38094e-161
6.35913e-162
6.92875e-173
1.06109e-172
2.24186e-173
2.60567e-161
6.80303e-162
6.93204e-173
1.14828e-172
1.31068e-173
4.4245e-161
7.27025e-162
6.8819e-173
1.19712e-172
7.73289e-174
7.02989e-161
7.75897e-162
6.77721e-173
1.22072e-172
4.59889e-174
1.06556e-160
8.26608e-162
6.6191e-173
1.22742e-172
2.754e-174
1.55832e-160
8.78672e-162
6.41093e-173
1.22262e-172
1.65897e-174
2.21514e-160
9.31386e-162
6.15809e-173
1.20977e-172
1.00433e-174
3.07686e-160
9.83779e-162
5.86759e-173
1.19119e-172
6.10543e-175
4.19327e-160
1.03456e-161
5.54753e-173
1.1684e-172
3.72427e-175
5.62607e-160
1.08206e-161
5.20649e-173
1.14246e-172
2.27812e-175
7.45338e-160
1.1242e-161
4.85297e-173
1.11413e-172
1.39666e-175
9.77674e-160
1.15846e-161
4.4949e-173
1.08396e-172
8.57802e-176
1.2732e-159
1.18175e-161
4.13929e-173
1.05239e-172
5.27592e-176
1.65064e-159
1.19024e-161
3.79203e-173
1.01977e-172
3.24854e-176
2.13657e-159
1.17888e-161
3.45779e-173
9.8638e-173
2.00185e-176
2.76976e-159
1.14035e-161
3.14004e-173
9.52476e-173
1.23431e-176
3.60827e-159
1.06289e-161
2.84208e-173
9.18277e-173
7.61319e-177
4.74108e-159
9.2582e-162
2.47341e-173
8.83975e-173
4.69631e-177
6.30786e-159
6.90678e-162
1.13594e-172
8.49746e-173
2.89657e-177
8.53353e-159
2.81884e-162
6.39597e-172
1.02313e-172
8.63727e-173
3.99566e-173
1.26754e-172
2.10763e-177
9.07738e-159
6.87652e-159
2.58764e-162
7.45491e-163
2.30776e-171
9.20338e-173
8.10403e-173
1.88303e-173
1.5607e-172
1.53275e-177
9.57641e-159
5.31816e-159
2.35718e-162
1.94991e-163
7.72396e-171
8.26925e-173
7.01818e-173
8.88122e-174
1.76739e-172
1.11386e-177
1.00254e-158
3.98123e-159
2.13169e-162
5.08458e-164
2.54547e-170
7.42248e-173
5.68137e-173
4.19052e-174
1.9184e-172
8.08673e-178
1.04195e-158
2.90854e-159
1.91478e-162
1.32479e-164
8.37185e-170
6.65655e-173
4.45191e-173
1.97779e-174
2.03631e-172
5.86355e-178
1.07536e-158
2.08788e-159
1.70926e-162
3.45107e-165
2.75612e-169
5.96506e-173
3.71374e-173
9.33625e-175
2.13636e-172
4.24448e-178
1.10234e-158
1.48049e-159
1.51722e-162
8.98957e-166
9.08668e-169
5.3418e-173
4.14773e-173
4.4078e-175
2.22812e-172
3.06584e-178
1.12246e-158
1.04101e-159
1.33992e-162
2.34164e-166
2.99983e-168
4.78084e-173
7.7181e-173
2.08113e-175
2.31708e-172
2.20824e-178
1.13531e-158
7.27851e-160
1.17801e-162
6.09958e-167
9.91464e-168
4.27659e-173
2.08072e-172
9.82585e-176
2.40602e-172
1.58469e-178
1.14055e-158
5.0697e-160
1.03154e-162
1.58885e-167
3.2799e-167
3.82382e-173
6.43877e-172
4.63848e-176
2.49592e-172
1.1317e-178
1.13786e-158
3.5223e-160
9.00125e-163
4.13871e-168
1.08584e-166
3.41766e-173
2.07435e-171
2.18883e-176
2.58663e-172
8.03024e-179
1.12697e-158
2.44313e-160
7.83063e-163
1.07808e-168
3.5969e-166
3.0536e-173
6.77051e-171
1.03202e-176
2.67726e-172
5.649e-179
1.10767e-158
1.69273e-160
6.7943e-163
2.80828e-169
1.19207e-165
2.72753e-173
2.22182e-170
4.85776e-177
2.76647e-172
3.92721e-179
1.07977e-158
1.17196e-160
5.88172e-163
7.31543e-170
3.95228e-165
2.43566e-173
7.31132e-170
2.27892e-177
2.85259e-172
2.68547e-179
1.04317e-158
8.11023e-161
5.08178e-163
1.90574e-170
1.31077e-164
2.17455e-173
2.40968e-169
1.06202e-177
2.93373e-172
1.7929e-179
9.97812e-159
5.6107e-161
4.38331e-163
4.96575e-171
4.34824e-164
1.94107e-173
7.94925e-169
4.88356e-178
3.00784e-172
1.15412e-179
9.43695e-159
3.88072e-161
3.77546e-163
1.29513e-171
1.44274e-163
1.7324e-173
2.62381e-168
2.18445e-178
3.07278e-172
6.99607e-180
8.80888e-159
2.68398e-161
3.24796e-163
3.39136e-172
4.78775e-163
1.54603e-173
8.66332e-168
9.19348e-179
3.12636e-172
3.78682e-180
8.09519e-159
1.85789e-161
2.79137e-163
9.03129e-173
1.58904e-162
1.37988e-173
2.86103e-167
3.30881e-179
3.16641e-172
1.54437e-180
7.29785e-159
1.30341e-161
2.40057e-163
2.57321e-173
5.27458e-162
1.23275e-173
9.44956e-167
6.13177e-180
3.19084e-172
0
6.41946e-159
1.08576e-161
2.22147e-163
9.17593e-174
3.057e-162
8.00155e-162
1.15282e-173
1.6476e-166
6.35812e-180
3.56817e-180
3.19362e-172
5.30106e-159
4.55677e-159
6.30131e-174
1.7717e-162
1.18415e-161
1.07804e-173
2.85676e-166
6.59282e-180
2.07636e-180
3.15045e-172
4.32765e-159
3.23269e-159
5.0528e-174
1.02678e-162
1.72521e-161
1.00808e-173
4.94055e-166
6.8362e-180
1.20823e-180
3.05832e-172
3.49963e-159
2.29239e-159
4.5943e-174
5.95064e-163
2.48791e-161
9.42646e-174
8.53397e-166
7.08859e-180
7.03033e-181
2.91715e-172
2.80826e-159
1.62508e-159
4.52496e-174
3.44864e-163
3.56337e-161
8.81443e-174
1.47327e-165
7.35038e-180
4.09044e-181
2.73019e-172
2.23955e-159
1.15174e-159
4.65298e-174
1.99862e-163
5.08017e-161
8.24205e-174
2.54273e-165
7.62209e-180
2.3796e-181
2.50402e-172
1.77724e-159
8.16071e-160
4.88697e-174
1.15828e-163
7.21975e-161
7.70683e-174
4.38797e-165
7.90456e-180
1.384e-181
2.24804e-172
1.40492e-159
5.7809e-160
5.18384e-174
6.71266e-164
1.02381e-160
7.20654e-174
7.57188e-165
8.19948e-180
8.04623e-182
1.97353e-172
1.10723e-159
4.09385e-160
5.52372e-174
3.89022e-164
1.44963e-160
6.7392e-174
1.30657e-164
8.5109e-180
4.67479e-182
1.69243e-172
8.70567e-160
2.89801e-160
5.89793e-174
2.25452e-164
2.05041e-160
6.30327e-174
8.84939e-180
2.71305e-182
1.4162e-172
6.83242e-160
9.24344e-180
1.57168e-182
1.15474e-172
5.3547e-160
9.77124e-180
9.07756e-183
9.1571e-173
4.19204e-160
1.06483e-179
5.21675e-183
7.04256e-173
3.27909e-160
1.24702e-179
2.97285e-183
5.23018e-173
2.56333e-160
1.68837e-179
1.66986e-183
3.72443e-173
2.00282e-160
2.8444e-179
9.14343e-184
2.51227e-173
1.56428e-160
5.97526e-179
4.77326e-184
1.5682e-173
1.22142e-160
1.45671e-178
2.25563e-184
8.59163e-174
9.53556e-161
3.82649e-178
8.14978e-185
3.48644e-174
7.46338e-161
1.03752e-177
0
0
6.56574e-161
1.05797e-177
5.86733e-177
1.07883e-177
9.39535e-177
1.1001e-177
1.18067e-176
1.12178e-177
1.33753e-176
1.1439e-177
1.43694e-176
1.16644e-177
1.49902e-176
1.18944e-177
1.53542e-176
1.21289e-177
1.55045e-176
1.2368e-177
1.54324e-176
1.26118e-177
1.51021e-176
1.28604e-177
1.44723e-176
1.31139e-177
1.35154e-176
1.33724e-177
1.22312e-176
1.3636e-177
1.06547e-176
1.39048e-177
8.85506e-177
1.41789e-177
6.92717e-177
1.44584e-177
4.97902e-177
1.47435e-177
3.11711e-177
1.50342e-177
1.43404e-177
1.53291e-177
0
1.57497e-177
1.61819e-177
1.66259e-177
1.70821e-177
1.75508e-177
1.80324e-177
1.85272e-177
1.90356e-177
1.9558e-177
2.00946e-177
2.0646e-177
2.12126e-177
2.17946e-177
2.23927e-177
2.30073e-177
2.3638e-177
2.42895e-177
2.49428e-177
2.56881e-177
2.61123e-177
END_LIST
