BEGIN_LIST
0.1
0.0965687
0.0930861
0.0895664
0.0860242
0.0824738
0.0789298
0.0754061
0.071916
0.0684723
0.0650866
0.0617695
0.0585305
0.0553775
0.0523163
0.0493491
0.0464705
0.0436578
0.0408439
0.0378481
0.0341915
0.0278791
0.0294393
0.0226554
0.0250015
0.0183595
0.0209729
0.0148446
0.0174047
0.0119806
0.0143105
0.0096547
0.0116747
0.00777098
0.00946241
0.00624872
0.00762818
0.00502071
0.00612252
0.00403149
0.00489655
0.00323554
0.00390482
0.0025957
0.00310675
0.00208175
0.00246723
0.00166926
0.00195647
0.00133853
0.00154962
0.00107389
0.00122624
0.000863287
0.000969623
0.000698375
0.000766248
0.000575784
0.000604487
0.000500974
0.000435739
0.000421653
0.000518011
0.000553905
0.000380199
0.000353885
0.00035486
0.000546338
0.000640776
0.000331736
0.000287394
0.000298623
0.00058278
0.000755342
0.000289449
0.000233385
0.000251282
0.000625597
0.00089703
0.000252551
0.00018952
0.000211434
0.000673898
0.00106832
0.000220356
0.000153896
0.000177897
0.000727306
0.00127361
0.000192264
0.000124965
0.000149674
0.00078575
0.0015188
0.000167753
0.00010147
0.000125924
0.000849354
0.00181117
0.000146366
8.23921e-05
0.00010594
0.000918372
0.00215951
0.000127705
6.69e-05
8.91251e-05
0.00099314
0.00257426
0.000111423
5.432e-05
7.49776e-05
0.00107407
0.00306777
9.72149e-05
4.41046e-05
6.30749e-05
0.00116162
0.00365459
8.48154e-05
3.58084e-05
5.30609e-05
0.00125631
0.00435181
7.39906e-05
2.90686e-05
4.46363e-05
0.00135869
0.00517942
6.45323e-05
2.35876e-05
3.75489e-05
0.00146938
0.00616069
5.62495e-05
1.91167e-05
3.15866e-05
0.00158904
0.00732262
4.89556e-05
1.54373e-05
2.65709e-05
0.00171839
0.00869632
4.24421e-05
1.23309e-05
2.23514e-05
0.00185819
0.0103173
3.64268e-05
9.52242e-06
1.88116e-05
0.00200928
0.012226
3.04393e-05
6.55262e-06
1.47765e-05
0.00217256
0.0144674
2.3572e-05
2.48068e-06
1.18424e-05
1.28312e-05
0.00131541
0.00341986
0.00148257
0.0162012
2.27874e-05
1.54705e-05
2.08154e-06
6.39468e-07
9.49084e-06
1.11421e-05
0.000795543
0.00433688
0.00104389
0.0181176
2.2001e-05
1.01533e-05
1.74661e-06
1.72806e-07
7.60622e-06
9.67525e-06
0.000480805
0.00520841
0.000770195
0.0202359
2.1212e-05
6.66359e-06
1.46557e-06
5.57423e-08
6.09581e-06
8.40152e-06
0.000290467
0.00615215
0.000605499
0.0225749
2.04193e-05
4.37326e-06
1.22976e-06
2.77782e-08
4.88531e-06
7.29547e-06
0.000175435
0.00722558
0.000513618
0.0251533
1.96217e-05
2.87013e-06
1.03188e-06
2.27336e-08
3.91519e-06
6.33502e-06
0.000105943
0.00846569
0.000471295
0.0279895
1.88182e-05
1.88363e-06
8.65849e-07
2.38276e-08
3.13771e-06
5.501e-06
6.39713e-05
0.00990366
0.000463723
0.0311013
1.80076e-05
1.23621e-06
7.2653e-07
2.68422e-08
2.51462e-06
4.77679e-06
3.86257e-05
0.0115703
0.000481639
0.0345056
1.71886e-05
8.11306e-07
6.09627e-07
3.076e-08
2.01526e-06
4.14791e-06
2.33213e-05
0.0134983
0.00051944
0.0382177
1.63601e-05
5.32449e-07
5.11535e-07
3.53851e-08
1.61506e-06
3.60183e-06
1.40806e-05
0.0157221
0.000573961
0.0422509
1.55206e-05
3.49439e-07
4.29227e-07
4.07403e-08
1.29434e-06
3.12763e-06
8.5013e-06
0.0182785
0.000643695
0.0466153
1.46688e-05
2.29332e-07
3.60162e-07
4.69148e-08
1.0373e-06
2.71587e-06
5.1327e-06
0.0212053
0.000728285
0.0513177
1.38032e-05
1.50507e-07
3.0221e-07
5.40273e-08
8.31304e-07
2.35831e-06
3.09887e-06
0.0245407
0.000828216
0.0563601
1.29222e-05
9.8776e-08
2.53583e-07
6.22187e-08
6.66199e-07
2.04783e-06
1.87095e-06
0.0283215
0.000944625
0.0617389
1.20244e-05
6.48253e-08
2.1278e-07
7.16522e-08
5.33835e-07
1.77823e-06
1.12959e-06
0.0325807
0.00107918
0.0674441
1.11079e-05
4.25439e-08
1.78542e-07
8.25159e-08
4.27597e-07
1.54412e-06
6.82001e-07
0.0373452
0.00123404
0.073459
1.01711e-05
2.79211e-08
1.49814e-07
9.50268e-08
3.41913e-07
1.34086e-06
4.11799e-07
0.0426328
0.00141183
0.0797588
9.21198e-06
1.83253e-08
1.25708e-07
1.09435e-07
2.71409e-07
1.16444e-06
2.4877e-07
0.0484481
0.00161564
0.0863106
8.22869e-06
1.2038e-08
1.05484e-07
1.26027e-07
2.08679e-07
1.01159e-06
1.50708e-07
0.0547795
0.00184907
0.0930739
7.21917e-06
8.01809e-09
8.86537e-08
1.45135e-07
1.37305e-07
8.80197e-07
9.27944e-08
0.0615954
0.00211628
0.1
6.18125e-06
6.48382e-09
8.10493e-08
1.6714e-07
7.77759e-08
1.29853e-07
8.10143e-07
7.30911e-08
0.0588962
0.0639456
0.00259374
4.72093e-06
4.17721e-06
1.81861e-07
4.44455e-08
1.23475e-07
7.45665e-07
5.7573e-08
0.0562464
0.0659764
0.00318194
3.60559e-06
2.82855e-06
1.97714e-07
2.589e-08
1.18394e-07
6.86318e-07
4.53518e-08
0.0536518
0.0678453
0.00390426
2.75376e-06
1.92131e-06
2.1487e-07
1.56951e-08
1.14961e-07
6.31695e-07
3.57291e-08
0.0511176
0.0696384
0.00478969
2.10316e-06
1.31143e-06
2.33479e-07
1.02672e-08
1.13714e-07
5.81419e-07
2.81557e-08
0.0486485
0.0714025
0.00587363
1.60628e-06
9.0189e-07
2.53682e-07
7.60277e-09
1.15471e-07
5.35144e-07
2.2201e-08
0.0462484
0.073163
0.00719889
1.22678e-06
6.27342e-07
2.75624e-07
6.59722e-09
1.21459e-07
4.92553e-07
1.75296e-08
0.0439207
0.0749337
0.00881692
9.36943e-07
4.43794e-07
2.99461e-07
6.65751e-09
1.33516e-07
4.53351e-07
1.38834e-08
0.0416681
0.0767222
0.0107891
7.15582e-07
3.21621e-07
3.25357e-07
7.48596e-09
1.54383e-07
4.17269e-07
1.10707e-08
0.0394927
0.0785321
0.0131883
5.46519e-07
2.4088e-07
3.53492e-07
8.96063e-09
1.88146e-07
3.84059e-07
0.0373961
0.0803655
0.0160998
4.17398e-07
0.0353791
0.0822231
0.0196227
3.18784e-07
0.0334423
0.0841053
0.0238702
2.43468e-07
0.0315855
0.0860119
0.0289692
1.85946e-07
0.0298079
0.0879426
0.0350586
1.42014e-07
0.0281072
0.0898969
0.042285
1.08462e-07
0.0264779
0.0918742
0.0507963
8.28366e-08
0.0249054
0.0938739
0.0607312
6.32656e-08
0.0233481
0.0958953
0.072205
4.83213e-08
0.0216837
0.0979376
0.0852912
3.70112e-08
0.0195456
0.1
0.1
3.21707e-08
0.0175273
0.0126154
0.0156391
0.00845016
0.0138903
0.00605075
0.0122856
0.00480126
0.0108252
0.00433241
0.00950603
0.00443397
0.00832231
0.00500024
0.00726636
0.00599713
0.00632928
0.00744323
0.00550149
0.00940006
0.00477315
0.0119682
0.00413457
0.0152874
0.0035764
0.0195387
0.0030898
0.0249486
0.00266657
0.0317912
0.0022992
0.0403898
0.00198086
0.0511121
0.00170541
0.0643572
0.00146766
0.0805303
0.00125621
0.1
0.00101902
0.000826063
0.000669274
0.000542002
0.000438774
0.000355103
0.000287319
0.00023243
0.000187997
0.000152039
0.000122947
9.94126e-05
8.0378e-05
6.49846e-05
5.25366e-05
4.24731e-05
3.43276e-05
2.77948e-05
2.22042e-05
1.9499e-05
END_LIST
