BEGIN_LIST
0.1
0.0999102
0.0998114
0.0997029
0.0995838
0.0994531
0.0993098
0.0991526
0.0989805
0.098792
0.0985857
0.0983599
0.0981127
0.0978417
0.0975432
0.0972107
0.0968313
0.0963756
0.0957744
0.0948609
0.0932298
0.0867634
0.0932161
0.0797326
0.0931976
0.0723129
0.0931727
0.0647132
0.0931392
0.0571537
0.093094
0.0498418
0.0930332
0.0429522
0.0929511
0.0366145
0.0928405
0.0309086
0.0926915
0.0258684
0.0924908
0.0214892
0.0922208
0.0177381
0.0918582
0.0145637
0.0913726
0.0119053
0.0907247
0.00970003
0.0898646
0.00788909
0.0887311
0.0064247
0.0872505
0.00528076
0.0853245
0.00447599
0.0824291
0.00412852
0.0676734
0.00351063
0.00440193
0.00441478
0.0598586
0.0586344
0.00298033
0.00471756
0.00500898
0.0528625
0.050328
0.00252659
0.00506972
0.0058278
0.0466183
0.0428367
0.00213938
0.00545582
0.00684469
0.0410602
0.036191
0.00180966
0.00587514
0.00806073
0.0361247
0.0303798
0.00152944
0.00632809
0.00949079
0.0317512
0.0253606
0.00129166
0.00681579
0.0111568
0.027883
0.0210708
0.00109017
0.00733982
0.0130841
0.0244673
0.0174369
0.000919631
0.00790207
0.0152989
0.0214555
0.0143814
0.000775423
0.0085046
0.0178261
0.0188031
0.0118283
0.000653583
0.00914966
0.0206874
0.0164699
0.00970565
0.000550713
0.00983957
0.0238981
0.014419
0.0079483
0.00046391
0.0105767
0.027465
0.0126173
0.00649792
0.0003907
0.0113636
0.0313831
0.0110342
0.00530302
0.000328981
0.0122027
0.0356335
0.00964108
0.00431779
0.000276968
0.0130964
0.0401809
0.00840879
0.00349949
0.000233147
0.0140471
0.0449734
0.00730404
0.002803
0.000196235
0.0150574
0.0499428
0.00628037
0.00216854
0.000165237
0.0161294
0.0550076
0.0052592
0.00149338
0.000129861
0.0172653
0.0600771
0.00408779
0.000564582
0.000104123
0.000112795
0.0109572
0.0266262
0.0115185
0.0634468
0.00395205
0.00271074
0.000474314
0.000143623
8.34782e-05
9.7969e-05
0.00682538
0.032738
0.00777271
0.0667406
0.00381597
0.0017913
0.000398402
3.66003e-05
6.69216e-05
8.50888e-05
0.00420111
0.0376555
0.0053545
0.0699347
0.00367939
0.00118098
0.000334585
9.40769e-06
5.36454e-05
7.38999e-05
0.00256656
0.0421707
0.00381437
0.0730072
0.00354211
0.000777408
0.000280953
2.5112e-06
4.30008e-05
6.41808e-05
0.00156074
0.04657
0.00285538
0.0759389
0.00340396
0.000511229
0.00023589
7.76346e-07
3.44671e-05
5.57387e-05
0.000946418
0.0509317
0.00228292
0.0787137
0.00326474
0.000335964
0.000198036
3.56289e-07
2.7626e-05
4.84062e-05
0.00057291
0.0552475
0.00197034
0.0813192
0.00312425
0.000220689
0.000166243
2.73613e-07
2.21422e-05
4.20377e-05
0.000346446
0.0594741
0.00183588
0.0837469
0.00298228
0.000144925
0.000139545
2.80351e-07
1.77465e-05
3.65065e-05
0.000209368
0.063557
0.00182738
0.085992
0.0028386
9.51529e-05
0.000117128
3.14024e-07
1.42233e-05
3.17027e-05
0.000126479
0.0674424
0.00191218
0.0880534
0.002693
6.24666e-05
9.83073e-05
3.5939e-07
1.13994e-05
2.75307e-05
7.63881e-05
0.0710836
0.00207053
0.0899331
0.00254522
4.10051e-05
8.25075e-05
4.13309e-07
9.136e-06
2.39076e-05
4.61289e-05
0.0744452
0.00229129
0.0916359
0.00239501
2.69156e-05
6.92447e-05
4.75828e-07
7.32198e-06
2.07611e-05
2.78538e-05
0.0775038
0.00256917
0.0931689
0.00224212
1.76667e-05
5.81122e-05
5.47934e-07
5.8681e-06
1.80286e-05
1.6818e-05
0.0802488
0.0029029
0.0945409
0.00208625
1.15957e-05
4.87684e-05
6.31e-07
4.70288e-06
1.56557e-05
1.01543e-05
0.082681
0.0032941
0.0957623
0.00192713
7.61085e-06
4.09261e-05
7.26667e-07
3.76898e-06
1.3595e-05
6.13093e-06
0.0848107
0.00374655
0.0968438
0.00176443
4.99535e-06
3.43443e-05
8.36839e-07
3.02042e-06
1.18058e-05
3.70197e-06
0.0866555
0.00426575
0.097797
0.00159786
3.27884e-06
2.88207e-05
9.63716e-07
2.42015e-06
1.02528e-05
2.23639e-06
0.0882379
0.0048586
0.0986334
0.00142706
2.15405e-06
2.41858e-05
1.10983e-06
1.93792e-06
8.90712e-06
1.35484e-06
0.0895834
0.00553326
0.0993641
0.00125168
1.43484e-06
2.03282e-05
1.27809e-06
1.54752e-06
7.75032e-06
8.34213e-07
0.0907185
0.00629904
0.1
0.00107135
1.16033e-06
1.85852e-05
1.47187e-06
8.75329e-07
1.66611e-06
7.13356e-06
6.57086e-07
0.0904648
0.0910853
0.00764993
0.000821347
0.000721746
1.6015e-06
4.9862e-07
1.88216e-06
6.56587e-06
5.17584e-07
0.0901914
0.0915471
0.00928155
0.00062913
0.000486261
1.7411e-06
2.8846e-07
2.2404e-06
6.04335e-06
4.07725e-07
0.0898972
0.0920549
0.0112373
0.000481569
0.000327652
1.89218e-06
1.7243e-07
2.80739e-06
5.56242e-06
3.21232e-07
0.0895807
0.0925821
0.0135653
0.000368427
0.00022083
2.05604e-06
1.09923e-07
3.68211e-06
5.11975e-06
2.53172e-07
0.0892405
0.0931143
0.0163154
0.000281755
0.000148892
2.23394e-06
7.82589e-08
5.01165e-06
4.71231e-06
1.99684e-07
0.088875
0.0936438
0.0195365
0.000215406
0.000100451
2.42716e-06
6.48821e-08
7.01457e-06
4.33729e-06
1.57765e-07
0.0884828
0.0941665
0.0232721
0.000164643
6.78362e-05
2.63705e-06
6.29849e-08
1.00154e-05
3.99211e-06
1.25123e-07
0.0880622
0.0946801
0.0275545
0.000125821
4.58821e-05
2.86508e-06
6.90608e-08
1.44964e-05
3.6744e-06
1.00082e-07
0.0876115
0.0951835
0.0323988
9.61396e-05
3.1109e-05
3.11282e-06
8.15464e-08
2.11732e-05
3.38198e-06
0.087129
0.0956762
0.0377961
7.34524e-05
0.0866129
0.0961577
0.0437066
5.61145e-05
0.086061
0.0966282
0.0500564
4.28665e-05
0.0854709
0.0970875
0.0567361
3.27447e-05
0.0848384
0.0975358
0.0636057
2.5012e-05
0.0841548
0.0979731
0.070503
1.91049e-05
0.0833994
0.0983996
0.0772581
1.45925e-05
0.0825155
0.0988154
0.0837081
1.11458e-05
0.0813458
0.0992206
0.0897129
8.51355e-06
0.079447
0.0996154
0.0951658
6.52125e-06
0.0755655
0.1
0.1
5.66855e-06
0.075524
0.0503712
0.0754745
0.0337107
0.0754153
0.0231359
0.0753445
0.016763
0.0752599
0.0132626
0.0751589
0.0117586
0.0750383
0.0117092
0.0748943
0.0128061
0.0747226
0.0148988
0.0745178
0.0179405
0.0742739
0.0219486
0.0739838
0.0269726
0.0736391
0.0330666
0.0732303
0.040261
0.0727464
0.0485356
0.0721753
0.0577971
0.0715031
0.0678658
0.0707149
0.0784779
0.0697939
0.0893068
0.0687184
0.1
0.0669519
0.0648233
0.0622992
0.0593611
0.0560132
0.0522873
0.0482452
0.0439765
0.0395905
0.0352054
0.0309354
0.0268799
0.0231157
0.0196938
0.01664
0.0139587
0.0116337
0.00966184
0.00788675
0.00700744
END_LIST
