BEGIN_LIST
0.1
0.0999753
0.0999482
0.0999183
0.0998854
0.0998492
0.0998094
0.0997657
0.0997177
0.0996649
0.0996069
0.0995432
0.0994729
0.0993952
0.0993082
0.0992084
0.0990882
0.0989295
0.0986881
0.0982561
0.097367
0.0935147
0.0973665
0.0889749
0.0973659
0.08376
0.0973651
0.0779316
0.0973641
0.0716021
0.0973626
0.0649288
0.0973607
0.0580986
0.0973582
0.051308
0.0973548
0.0447422
0.0973502
0.0385573
0.097344
0.0328689
0.0973356
0.0277487
0.0973242
0.023228
0.0973088
0.0193047
0.097288
0.0159547
0.0972597
0.0131447
0.0972213
0.0108509
0.097169
0.00908989
0.0970909
0.00798398
0.0966981
0.00790998
0.0849132
0.00680155
0.00847786
0.00868771
0.0765536
0.0788689
0.00583009
0.00909765
0.00992409
0.0687871
0.0724129
0.0049837
0.00976745
0.0115138
0.0616192
0.0657015
0.0042501
0.010487
0.0134213
0.0550437
0.0589089
0.00361707
0.0112571
0.0156431
0.0490446
0.0522102
0.00307292
0.0120791
0.0181887
0.0435986
0.0457646
0.00260671
0.0129547
0.021071
0.0386767
0.039703
0.00220838
0.0138857
0.0242995
0.0342463
0.0341205
0.00186887
0.0148742
0.0278759
0.0302726
0.0290749
0.00158009
0.0159218
0.0317907
0.0267199
0.0245897
0.00133487
0.0170305
0.0360204
0.0235524
0.0206599
0.00112695
0.0182019
0.0405256
0.0207351
0.0172591
0.000950876
0.0194373
0.0452507
0.0182339
0.014346
0.000801926
0.020738
0.0501253
0.0160158
0.0118701
0.000676034
0.0221047
0.0550669
0.0140476
0.00977418
0.00056971
0.023538
0.0599861
0.0122939
0.00799347
0.00047997
0.0250379
0.0647922
0.0107115
0.00644674
0.000404265
0.0266041
0.0693999
0.00923738
0.00501128
0.000340602
0.0282357
0.0737349
0.00776215
0.00346039
0.000267852
0.0299313
0.0777389
0.00607072
0.00131118
0.000214886
0.000232728
0.019925
0.0448665
0.0200465
0.0802208
0.00586976
0.00409968
0.00110494
0.000333731
0.000172358
0.000202194
0.0128181
0.0537208
0.0135286
0.0825251
0.00566825
0.00274266
0.000930507
8.50373e-05
0.000138223
0.000175654
0.00805617
0.0598845
0.00928009
0.0846493
0.00546594
0.00182314
0.000783166
2.18324e-05
0.000110834
0.000152588
0.00498696
0.0647674
0.00654818
0.0865939
0.00526258
0.00120672
0.00065884
5.79752e-06
8.88627e-05
0.000132545
0.00305749
0.0689492
0.00482631
0.0883627
0.00505788
0.000796439
0.000554025
1.75909e-06
7.12407e-05
0.000115129
0.00186336
0.0726608
0.00377801
0.0899615
0.00485157
0.00052466
0.000465727
7.7581e-07
5.71093e-05
9.99975e-05
0.00113144
0.0759901
0.00318212
0.0913985
0.00464334
0.000345192
0.000391389
5.75695e-07
4.57785e-05
8.68519e-05
0.000685473
0.0789708
0.0028947
0.0926828
0.00443288
0.000226927
0.000328837
5.82211e-07
3.66942e-05
7.54321e-05
0.000414722
0.0816194
0.00282311
0.0938248
0.00421987
0.000149099
0.000276226
6.49952e-07
2.94115e-05
6.55122e-05
0.000250706
0.0839507
0.00290862
0.0948356
0.00400396
9.79288e-05
0.000231993
7.43276e-07
2.35735e-05
5.68955e-05
0.00015148
0.0859822
0.00311505
0.0957261
0.00378481
6.43048e-05
0.000194815
8.54641e-07
1.88939e-05
4.94113e-05
9.14986e-05
0.0877359
0.00342112
0.0965076
0.00356204
4.22192e-05
0.000163575
9.83879e-07
1.5143e-05
4.29108e-05
5.52579e-05
0.0892364
0.00381562
0.0971907
0.00333526
2.77161e-05
0.000137331
1.13296e-06
1.21364e-05
3.7265e-05
3.33678e-05
0.0905101
0.00429416
0.0977858
0.00310406
1.81939e-05
0.000115288
1.30471e-06
9.72638e-06
3.23616e-05
2.0148e-05
0.0915837
0.00485711
0.0983026
0.002868
1.19427e-05
9.67755e-05
1.50252e-06
7.79389e-06
2.81032e-05
1.21654e-05
0.0924831
0.00550821
0.0987501
0.00262664
7.83908e-06
8.12312e-05
1.73032e-06
6.24202e-06
2.44054e-05
7.3459e-06
0.0932324
0.00625373
0.0991364
0.0023795
5.14571e-06
6.81802e-05
1.99265e-06
4.98795e-06
2.11955e-05
4.43782e-06
0.0938538
0.00710188
0.0994691
0.00212609
3.38068e-06
5.72253e-05
2.29476e-06
3.94795e-06
1.84142e-05
2.68855e-06
0.0943669
0.00806237
0.0997549
0.00186588
2.25203e-06
4.8105e-05
2.64267e-06
2.99606e-06
1.6023e-05
1.65543e-06
0.0947891
0.0091461
0.1
0.00159832
1.82122e-06
4.39834e-05
3.04332e-06
1.69492e-06
3.1298e-06
1.47481e-05
1.30394e-06
0.0947077
0.0949498
0.0110413
0.00123364
0.00107705
3.31134e-06
9.658e-07
3.41182e-06
1.35746e-05
1.02711e-06
0.0946196
0.0951928
0.0133006
0.000949866
0.000725831
3.59997e-06
5.59117e-07
3.90873e-06
1.24944e-05
8.09107e-07
0.0945243
0.0954765
0.0159666
0.000730003
0.000489218
3.91234e-06
3.34692e-07
4.71975e-06
1.15002e-05
6.37466e-07
0.0944212
0.0957786
0.0190813
0.00056022
0.00032984
4.25113e-06
2.13928e-07
5.99247e-06
1.05851e-05
5.024e-07
0.0943098
0.0960868
0.0226805
0.000429447
0.000222501
4.61894e-06
1.52936e-07
7.94637e-06
9.74279e-06
3.96245e-07
0.0941893
0.0963944
0.0267886
0.000328919
0.000150221
5.01843e-06
1.27427e-07
1.09076e-05
8.9675e-06
3.13041e-07
0.0940592
0.0966979
0.031412
0.000251758
0.00010156
5.45239e-06
1.24246e-07
1.53605e-05
8.25389e-06
2.48233e-07
0.0939186
0.0969954
0.036533
0.000192602
6.88097e-05
5.92384e-06
1.36631e-07
2.20246e-05
7.59706e-06
1.9848e-07
0.0937668
0.0972861
0.0421046
0.000147288
4.67781e-05
6.43603e-06
1.61593e-07
3.19683e-05
6.99249e-06
0.0936029
0.0975693
0.0480476
0.000112603
0.0934258
0.097845
0.0542517
8.60659e-05
0.0932344
0.0981132
0.0605809
6.57716e-05
0.0930266
0.0983739
0.0668832
5.0256e-05
0.0927985
0.0986272
0.0730045
3.83967e-05
0.0925413
0.0988732
0.0788019
2.93337e-05
0.0922312
0.0991122
0.0841574
2.24086e-05
0.0918028
0.0993442
0.0889859
1.71176e-05
0.0910713
0.0995694
0.0932393
1.30762e-05
0.0895129
0.0997879
0.0969049
1.00169e-05
0.0856381
0.1
0.1
8.70742e-06
0.0856364
0.0586848
0.0856345
0.0402206
0.0856321
0.028172
0.0856293
0.0207612
0.085626
0.0166294
0.0856221
0.0148293
0.0856174
0.0147487
0.0856118
0.0160229
0.0856051
0.018456
0.0855971
0.0219601
0.0855876
0.0265066
0.0855761
0.0320869
0.0855624
0.0386781
0.085546
0.046215
0.0855263
0.0545691
0.0855026
0.0635412
0.0854742
0.0728689
0.0854402
0.0822516
0.0853992
0.0913852
0.0853499
0.1
0.0852647
0.0851547
0.0850127
0.0848297
0.0845938
0.0842901
0.0839
0.0834001
0.0827615
0.0819496
0.0809231
0.0796348
0.078033
0.0760641
0.0736772
0.0708341
0.0674972
0.0637526
0.0591683
0.056541
END_LIST
