BEGIN_LIST
0.1
0.0935008
0.0873419
0.0815172
0.0760187
0.0708371
0.065962
0.0613818
0.0570847
0.0530581
0.0492895
0.0457659
0.0424746
0.0394027
0.0365367
0.0338618
0.0313585
0.0289939
0.026699
0.0243054
0.0213744
0.0171727
0.0171447
0.0137884
0.0137036
0.0110654
0.0109223
0.00887668
0.00868607
0.00711858
0.00689542
0.00570722
0.00546621
0.00457474
0.00432841
0.00366637
0.00342442
0.00293798
0.00270733
0.00235405
0.00213923
0.00188603
0.00168961
0.00151098
0.00133402
0.00121051
0.00105299
0.000969884
0.000830982
0.000777413
0.00065567
0.00062397
0.000517275
0.000502878
0.000408049
0.000410346
0.000321854
0.000347146
0.00025354
0.00032322
0.000182641
0.000271913
0.000338638
0.000367245
0.000159365
0.0001483
0.000228746
0.000359895
0.000429852
0.000139056
0.000120414
0.00019243
0.000385574
0.00050922
0.000121334
9.77721e-05
0.000161877
0.000414927
0.000606098
0.000105871
7.93869e-05
0.000136174
0.000447604
0.000722723
9.23786e-05
6.44587e-05
0.000114551
0.000483496
0.000862385
8.06055e-05
5.23374e-05
9.63613e-05
0.000522643
0.00102929
7.03327e-05
4.24954e-05
8.10593e-05
0.000565178
0.00122859
6.13689e-05
3.45041e-05
6.81869e-05
0.000611304
0.00146649
5.35475e-05
2.80155e-05
5.73584e-05
0.000661267
0.00175039
4.67225e-05
2.27469e-05
4.82494e-05
0.000715356
0.00208916
4.07669e-05
1.84689e-05
4.05868e-05
0.000773891
0.00249333
3.5569e-05
1.49947e-05
3.41411e-05
0.000837228
0.00297546
3.10311e-05
1.21723e-05
2.8719e-05
0.000905753
0.00355049
2.70658e-05
9.87716e-06
2.41579e-05
0.000979886
0.00423617
2.35931e-05
8.00505e-06
2.03212e-05
0.00106008
0.0050536
2.05349e-05
6.46435e-06
1.70938e-05
0.00114684
0.0060278
1.78037e-05
5.16365e-06
1.43789e-05
0.00124068
0.00718843
1.52813e-05
3.98779e-06
1.21015e-05
0.0013422
0.00857058
1.27704e-05
2.74458e-06
9.50547e-06
0.00145201
0.0102157
9.89047e-06
1.04037e-06
7.61786e-06
8.25404e-06
0.000877092
0.00228105
0.001
0.0115057
9.56159e-06
6.49109e-06
8.72975e-07
2.70182e-07
6.10508e-06
7.16736e-06
0.000529704
0.00289581
0.000714305
0.0129486
9.23198e-06
4.26009e-06
7.32514e-07
7.52777e-08
4.89271e-06
6.22375e-06
0.000319867
0.00348598
0.000537916
0.014565
8.90124e-06
2.79588e-06
6.14652e-07
2.6736e-08
3.9211e-06
5.40436e-06
0.00019314
0.00413101
0.000433944
0.0163769
8.56892e-06
1.83492e-06
5.15754e-07
1.55497e-08
3.14243e-06
4.69285e-06
0.000116616
0.00487129
0.000378606
0.0184082
8.23457e-06
1.20425e-06
4.32769e-07
1.40336e-08
2.51839e-06
4.07501e-06
7.04095e-05
0.00573472
0.000356664
0.020685
7.89772e-06
7.90346e-07
3.63137e-07
1.51767e-08
2.01828e-06
3.53851e-06
4.25107e-05
0.00674675
0.000358469
0.0232359
7.55789e-06
5.187e-07
3.04708e-07
1.72275e-08
1.61748e-06
3.07265e-06
2.56661e-05
0.00793441
0.000378048
0.0260922
7.21457e-06
3.4042e-07
2.5568e-07
1.97758e-08
1.29627e-06
2.66812e-06
1.5496e-05
0.00932825
0.000411854
0.0292884
6.86721e-06
2.23416e-07
2.14541e-07
2.27581e-08
1.03885e-06
2.31684e-06
9.35575e-06
0.0109634
0.000457973
0.0328621
6.51526e-06
1.46627e-07
1.80022e-07
2.62045e-08
8.32549e-07
2.01182e-06
5.64854e-06
0.0128803
0.000515603
0.0368542
6.15814e-06
9.62304e-08
1.51056e-07
3.01766e-08
6.67216e-07
1.74695e-06
3.41031e-06
0.0151259
0.000584734
0.0413092
5.79524e-06
6.31555e-08
1.26751e-07
3.47516e-08
5.34712e-07
1.51695e-06
2.05897e-06
0.0177541
0.000665941
0.0462751
5.4259e-06
4.14486e-08
1.06357e-07
4.00206e-08
4.28513e-07
1.31724e-06
1.2431e-06
0.0208264
0.000760267
0.0518031
5.04947e-06
2.72025e-08
8.92439e-08
4.60884e-08
3.43373e-07
1.14382e-06
7.50527e-07
0.0244134
0.000869152
0.0579478
4.66522e-06
1.78529e-08
7.48845e-08
5.30763e-08
2.75035e-07
9.9323e-07
4.53139e-07
0.0285948
0.000994411
0.0647668
4.27244e-06
1.17168e-08
6.28356e-08
6.11236e-08
2.19914e-07
8.62484e-07
2.7361e-07
0.03346
0.00113822
0.0723199
3.87033e-06
7.69011e-09
5.27253e-08
7.03911e-08
1.74536e-07
7.49007e-07
1.65289e-07
0.039109
0.00130315
0.0806685
3.45808e-06
5.05174e-09
4.42431e-08
8.10637e-08
1.34093e-07
6.50688e-07
1.00135e-07
0.0456514
0.00149216
0.0898749
3.03483e-06
3.36483e-09
3.71842e-08
9.33545e-08
8.78661e-08
5.66169e-07
6.16552e-08
0.053206
0.00170871
0.1
2.59967e-06
2.72099e-09
3.39948e-08
1.07509e-07
4.9785e-08
8.28239e-08
5.21108e-07
4.85638e-08
0.0498854
0.0559924
0.00209618
1.98549e-06
1.76006e-06
1.16978e-07
2.84671e-08
7.83532e-08
4.79634e-07
3.82531e-08
0.0467532
0.058321
0.00257446
1.51641e-06
1.19523e-06
1.27175e-07
1.66038e-08
7.454e-08
4.4146e-07
3.01329e-08
0.0438011
0.0604262
0.00316329
1.15815e-06
8.15502e-07
1.3821e-07
1.00918e-08
7.15243e-08
4.06325e-07
2.37392e-08
0.0410209
0.062435
0.00388731
8.84527e-07
5.60482e-07
1.5018e-07
6.6326e-09
6.95254e-08
3.73985e-07
1.87069e-08
0.0384045
0.0644166
0.00477701
6.75552e-07
3.89497e-07
1.63175e-07
4.94509e-09
6.88791e-08
3.4422e-07
1.475e-08
0.0359438
0.0664087
0.00586985
5.15949e-07
2.75157e-07
1.77289e-07
4.32355e-09
7.00944e-08
3.16824e-07
1.16453e-08
0.0336311
0.0684324
0.00721177
3.94053e-07
1.99021e-07
1.92621e-07
4.3898e-09
7.39363e-08
2.91608e-07
9.22119e-09
0.0314586
0.0704996
0.00885891
3.00955e-07
1.48673e-07
2.09279e-07
4.95499e-09
8.15492e-08
2.68399e-07
7.34974e-09
0.029419
0.0726173
0.0108799
2.29852e-07
1.15754e-07
2.27376e-07
5.94309e-09
9.46407e-08
2.47037e-07
0.0275052
0.0747899
0.0133582
1.75548e-07
0.0257101
0.0770205
0.0163956
1.34074e-07
0.0240272
0.0793113
0.0201154
1.02398e-07
0.0224499
0.0816642
0.0246665
7.82057e-08
0.0209719
0.0840807
0.0302286
5.97291e-08
0.0195862
0.0865625
0.0370165
4.56177e-08
0.0182842
0.0891109
0.045286
3.48402e-08
0.0170506
0.0917275
0.0553394
2.6609e-08
0.0158503
0.0944136
0.0675294
2.03236e-08
0.0145852
0.0971706
0.0822628
1.55668e-08
0.012964
0.1
0.1
1.35309e-08
0.0112134
0.00843497
0.00968709
0.00576179
0.0083596
0.00427179
0.00720735
0.00355912
0.00620899
0.00338634
0.00534525
0.00362409
0.00459895
0.00421479
0.00395484
0.00515158
0.00339946
0.00646707
0.00292099
0.0082287
0.00250904
0.0105388
0.0021546
0.0135379
0.00184979
0.0174122
0.00158778
0.0224024
0.00136265
0.0288169
0.00116926
0.0370476
0.00100318
0.0475883
0.000860599
0.0610566
0.000738347
0.0782164
0.000630222
0.1
0.000509694
0.000412173
0.000333282
0.000269473
0.000217868
0.000176138
0.000142395
0.000115113
9.30563e-05
7.52241e-05
6.08082e-05
4.91543e-05
3.97334e-05
3.21179e-05
2.59618e-05
2.09862e-05
1.69598e-05
1.37312e-05
1.09686e-05
9.63196e-06
END_LIST
