BEGIN_LIST
0.00132365
0.001323
0.0013223
0.00132152
0.00132067
0.00131974
0.00131872
0.0013176
0.00131638
0.00131504
0.00131358
0.00131197
0.00131022
0.0013083
0.00130619
0.00130386
0.00130127
0.00129829
0.00129461
0.0012894
0.00114264
0.0013299
0.00109199
0.00132986
0.00103256
0.00132981
0.000964833
0.00132974
0.000890003
0.00132965
0.000809925
0.00132953
0.000726942
0.00132936
0.000643611
0.00132914
0.000562399
0.00132883
0.000485432
0.00132842
0.000414317
0.00132786
0.000350084
0.0013271
0.000293212
0.00132608
0.000243724
0.00132468
0.000201309
0.00132279
0.000165454
0.00132024
0.000135586
0.00131678
0.000111237
0.0013121
9.23155e-05
0.00130554
7.96688e-05
0.00128654
0.00013928
8.82075e-05
9.86181e-05
0.000289174
0.000828873
0.000118948
9.32484e-05
0.000108535
0.000258398
0.000750266
0.000101357
9.93715e-05
0.000124316
0.000230293
0.000670844
8.62008e-05
0.000106352
0.000144592
0.000204759
0.000592772
7.31892e-05
0.00011407
0.000168927
0.000181668
0.000517971
6.20535e-05
0.000122468
0.000197315
0.000160871
0.000447971
5.25484e-05
0.000131525
0.000229928
0.000142211
0.000383836
4.44533e-05
0.000141242
0.000266984
0.000125523
0.000326166
3.75723e-05
0.000151633
0.000308662
0.000110642
0.000275152
3.17329e-05
0.000162717
0.000355048
9.74068e-05
0.000230661
2.67841e-05
0.000174519
0.000406082
8.56624e-05
0.000192323
2.2595e-05
0.000187064
0.000461516
7.52609e-05
0.000159621
1.90525e-05
0.00020038
0.000520886
6.60631e-05
0.000131959
1.60593e-05
0.000214492
0.000583491
5.79376e-05
0.000108712
1.3532e-05
0.000229424
0.000648407
5.07584e-05
8.92505e-05
1.13993e-05
0.000245197
0.00071452
4.43985e-05
7.29421e-05
9.60051e-06
0.00026183
0.000780587
3.87162e-05
5.90969e-05
8.084e-06
0.000279338
0.000845317
3.35238e-05
4.68197e-05
6.80752e-06
0.000297732
0.000907474
2.85192e-05
3.46358e-05
5.5592e-06
0.000317018
0.000965967
2.31342e-05
1.95698e-05
6.12385e-06
4.82243e-06
0.000343002
0.000489546
0.000201168
0.00101128
5.13125e-06
9.04215e-05
2.18885e-05
9.43339e-06
4.91146e-06
4.18928e-06
0.000224908
0.00062012
0.000139096
0.00104541
4.9579e-06
6.04721e-05
1.8409e-05
2.40764e-06
3.9385e-06
3.63905e-06
0.000143116
0.000704852
9.73155e-05
0.00107702
4.78401e-06
4.01882e-05
1.54769e-05
6.16281e-07
3.15791e-06
3.16094e-06
8.92884e-05
0.000773427
6.99874e-05
0.0011061
4.60934e-06
2.65953e-05
1.30078e-05
1.61134e-07
2.53178e-06
2.74553e-06
5.50088e-05
0.000835096
5.26848e-05
0.00113266
4.43368e-06
1.75505e-05
1.09298e-05
4.60904e-08
2.02964e-06
2.38463e-06
3.36245e-05
0.000892568
4.2252e-05
0.00115676
4.25676e-06
1.15602e-05
9.18172e-06
1.76241e-08
1.62699e-06
2.0711e-06
2.04539e-05
0.000946354
3.65243e-05
0.00117847
4.07835e-06
7.60507e-06
7.71182e-06
1.1284e-08
1.30415e-06
1.79875e-06
1.24053e-05
0.000996284
3.40568e-05
0.00119792
3.89818e-06
4.99909e-06
6.47624e-06
1.07041e-08
1.04533e-06
1.56218e-06
7.51035e-06
0.00104206
3.39076e-05
0.00121525
3.71596e-06
3.28433e-06
5.43791e-06
1.17447e-08
8.37853e-07
1.35669e-06
4.5419e-06
0.00108347
3.5478e-05
0.0012306
3.53142e-06
2.157e-06
4.56556e-06
1.33774e-08
6.71536e-07
1.17821e-06
2.74491e-06
0.00112044
3.84015e-05
0.00124413
3.34425e-06
1.41629e-06
3.83281e-06
1.5368e-08
5.38223e-07
1.02319e-06
1.65823e-06
0.00115303
4.24684e-05
0.001256
3.15413e-06
9.29801e-07
3.21741e-06
1.76885e-08
4.31367e-07
8.88562e-07
1.00151e-06
0.00118144
4.75753e-05
0.00126638
2.96074e-06
6.10357e-07
2.70064e-06
2.03679e-08
3.4572e-07
7.71636e-07
6.0479e-07
0.00120595
5.36921e-05
0.00127542
2.76371e-06
4.00636e-07
2.26675e-06
2.34554e-08
2.7707e-07
6.7009e-07
3.65187e-07
0.00122691
6.08402e-05
0.00128327
2.5627e-06
2.62965e-07
1.90249e-06
2.70115e-08
2.22032e-07
5.81904e-07
2.20499e-07
0.00124468
6.90786e-05
0.00129006
2.35731e-06
1.72597e-07
1.5967e-06
3.11068e-08
1.77867e-07
5.05324e-07
1.33138e-07
0.00125965
7.84947e-05
0.00129593
2.14714e-06
1.13285e-07
1.34002e-06
3.58231e-08
1.42284e-07
4.38839e-07
8.04063e-08
0.00127218
8.91981e-05
0.00130098
1.93178e-06
7.43825e-08
1.12458e-06
4.12544e-08
1.13136e-07
3.81177e-07
4.8626e-08
0.00128262
0.000101316
0.00130532
1.71077e-06
4.91352e-08
9.44461e-07
4.75092e-08
8.76398e-08
3.31395e-07
2.96401e-08
0.00129127
0.000114991
0.00130905
1.48364e-06
3.55297e-08
8.25661e-07
5.47122e-08
3.08609e-08
1.83193e-08
2.96113e-07
2.01923e-08
0.00130477
0.00113301
0.00013492
4.37755e-05
7.73027e-06
6.11466e-08
1.75096e-08
1.94843e-08
2.7255e-07
1.59051e-08
0.00130268
0.00113953
0.000162643
3.36549e-05
5.21289e-06
6.65031e-08
1.0042e-08
2.17026e-08
2.50861e-07
1.25286e-08
0.00130044
0.0011455
0.000195466
2.58344e-05
3.51482e-06
7.22862e-08
5.89452e-09
2.5454e-08
2.30898e-07
9.86988e-09
0.00129801
0.00115111
0.000233926
1.98078e-05
2.37005e-06
7.85521e-08
3.62849e-09
3.14527e-08
2.12524e-07
7.77706e-09
0.0012954
0.00115647
0.000278494
1.51733e-05
1.59862e-06
8.53516e-08
2.43854e-09
4.07609e-08
1.95611e-07
6.13101e-09
0.00129258
0.00116164
0.000329508
1.16151e-05
1.07894e-06
9.27352e-08
1.87656e-09
5.49579e-08
1.80045e-07
4.83871e-09
0.00128955
0.00116665
0.000387077
8.8865e-06
7.28972e-07
1.00755e-07
1.69667e-09
7.63896e-08
1.65716e-07
3.82831e-09
0.00128629
0.00117151
0.000450995
6.79613e-06
4.93368e-07
1.09468e-07
1.76839e-09
1.08541e-07
1.52528e-07
3.04576e-09
0.00128277
0.00117625
0.000520661
5.19585e-06
3.34827e-07
1.18933e-07
2.02823e-09
1.56587e-07
1.4039e-07
2.45304e-09
0.00127899
0.00118086
0.000595027
3.97144e-06
2.28213e-07
1.29217e-07
0.00127492
0.00118535
0.0006726
3.035e-06
0.00127055
0.00118973
0.000751508
2.31904e-06
0.00126586
0.00119399
0.000829647
1.77179e-06
0.00126082
0.00119814
0.000904877
1.35357e-06
0.00125539
0.00120218
0.000975244
1.034e-06
0.00124952
0.00120611
0.00103919
7.89844e-07
0.00124309
0.00120994
0.00109568
6.03317e-07
0.00123574
0.00121366
0.00114425
4.60839e-07
0.00122642
0.00121729
0.00118497
3.52442e-07
0.00121168
0.00122081
0.00121832
2.85754e-07
0.00132922
0.000719501
0.00132907
0.000532682
0.00132889
0.000387626
0.00132866
0.000288163
0.0013284
0.000228523
0.00132808
0.000200457
0.0013277
0.000196783
0.00132724
0.00021241
0.00132669
0.00024418
0.00132604
0.000290315
0.00132525
0.0003498
0.0013243
0.000421794
0.00132316
0.000505113
0.00132179
0.000597815
0.00132016
0.000696951
0.00131819
0.000798593
0.00131583
0.00089817
0.001313
0.000991096
0.00130962
0.00107352
0.00130552
0.00114293
0.00129957
0.00129095
0.00127998
0.00126608
0.00124859
0.00122675
0.00119976
0.00116681
0.00112718
0.00108033
0.00102605
0.000964598
0.000896722
0.000823725
0.000747357
0.000669664
0.000592702
0.000518749
0.000447378
0.000392655
END_LIST
