BEGIN_LIST
0.00132997
0.00132996
0.00132996
0.00132996
0.00132995
0.00132995
0.00132994
0.00132994
0.00132993
0.00132992
0.00132992
0.00132991
0.0013299
0.00132989
0.00132988
0.00132987
0.00132985
0.00132984
0.00132981
0.00132978
0.0013219
0.00133
0.00131896
0.00133
0.00131498
0.00133
0.00130963
0.00133
0.00130244
0.00133
0.00129287
0.00133
0.00128021
0.00133
0.00126361
0.00133
0.00124211
0.00133
0.00121465
0.00133
0.00118021
0.00133
0.00113787
0.00133
0.00108707
0.00133
0.0010278
0.00133
0.00096082
0.00133
0.000888033
0.00133
0.000812957
0.00133
0.00074191
0.00133
0.000686665
0.00133
0.000669589
0.00133
0.00100105
0.000743141
0.000835468
0.000974871
0.0013245
0.000952251
0.000752637
0.00090981
0.000932842
0.00132262
0.000899594
0.000769609
0.00097304
0.00088848
0.00132013
0.00084365
0.000790969
0.00102837
0.00084216
0.00131681
0.000785166
0.00081477
0.00107705
0.000794322
0.00131242
0.000725033
0.000839793
0.00111962
0.000745463
0.00130661
0.000664234
0.000865277
0.00115644
0.00069611
0.00129899
0.000603779
0.00089074
0.00118791
0.000646797
0.00128903
0.00054464
0.000915869
0.00121447
0.00059805
0.0012761
0.000487692
0.000940455
0.00123663
0.000550356
0.00125946
0.000433665
0.000964354
0.00125494
0.000504152
0.00123827
0.000383121
0.000987465
0.00126993
0.000459807
0.00121162
0.000336443
0.00100972
0.0012821
0.000417612
0.00117854
0.000293839
0.00103106
0.00129193
0.000377767
0.00113806
0.000255367
0.00105145
0.00129982
0.00034037
0.00108915
0.000220955
0.00107088
0.00130612
0.000305374
0.00103034
0.000190435
0.00108933
0.00131115
0.000272515
0.000958712
0.000163567
0.0011068
0.00131513
0.000241118
0.000866746
0.000140093
0.00112329
0.00131829
0.000209667
0.000732997
0.000116296
0.00113883
0.00132079
0.000174802
0.00048854
0.000128502
0.000102068
0.00118969
0.00126828
0.000911043
0.00132247
4.10756e-05
0.000591038
0.000546862
0.000266028
0.000104667
8.9426e-05
0.00106972
0.00130353
0.000726657
0.0013236
3.9717e-05
0.000447319
0.000488894
7.36567e-05
8.49923e-05
7.82622e-05
0.000902123
0.00131376
0.000560965
0.00132455
3.83522e-05
0.000325815
0.000433947
1.92262e-05
6.88433e-05
6.84246e-05
0.000707316
0.00131833
0.000428652
0.00132537
3.69796e-05
0.000230226
0.000382609
5.01538e-06
5.56487e-05
5.97717e-05
0.000516873
0.00132101
0.000332239
0.00132607
3.55973e-05
0.00015903
0.000335273
1.3927e-06
4.49082e-05
5.21734e-05
0.000355972
0.00132285
0.000267486
0.00132666
3.42034e-05
0.000108074
0.000292154
4.87767e-07
3.61919e-05
4.55106e-05
0.000234417
0.00132425
0.000227932
0.00132716
3.2796e-05
7.26143e-05
0.0002533
2.77887e-07
2.91354e-05
3.96756e-05
0.000149608
0.00132534
0.00020738
0.00132759
3.13728e-05
4.84105e-05
0.00021863
2.47859e-07
2.34342e-05
3.4571e-05
9.35195e-05
0.00132622
0.000200839
0.00132795
2.99318e-05
3.21052e-05
0.000187958
2.67091e-07
1.88351e-05
3.01097e-05
5.76869e-05
0.00132693
0.000204639
0.00132826
2.84706e-05
2.12171e-05
0.000161027
3.02917e-07
1.513e-05
2.6214e-05
3.5289e-05
0.00132751
0.000216233
0.00132852
2.69868e-05
1.39889e-05
0.000137536
3.4765e-07
1.21481e-05
2.28145e-05
2.14769e-05
0.00132798
0.000233917
0.00132875
2.54779e-05
9.20899e-06
0.000117164
4.00047e-07
9.75028e-06
1.98501e-05
1.30299e-05
0.00132836
0.00025658
0.00132894
2.39411e-05
6.05616e-06
9.95836e-05
4.60608e-07
7.82332e-06
1.72663e-05
7.89004e-06
0.00132867
0.000283511
0.0013291
2.23738e-05
3.98008e-06
8.44762e-05
5.30402e-07
6.27542e-06
1.50155e-05
4.77216e-06
0.00132892
0.000314247
0.00132924
2.07729e-05
2.61453e-06
7.15412e-05
6.10785e-07
5.03188e-06
1.30556e-05
2.88435e-06
0.00132912
0.000348473
0.00132935
1.91352e-05
1.717e-06
6.05007e-05
7.0335e-07
4.03097e-06
1.13497e-05
1.74267e-06
0.00132929
0.000385945
0.00132945
1.74576e-05
1.1274e-06
5.11021e-05
8.09936e-07
3.218e-06
9.86569e-06
1.05286e-06
0.00132942
0.000426437
0.00132954
1.57365e-05
7.40447e-07
4.31197e-05
9.32665e-07
2.53227e-06
8.57635e-06
6.36879e-07
0.00132953
0.000469702
0.00132961
1.39682e-05
4.89218e-07
3.63796e-05
1.07398e-06
1.86833e-06
7.46151e-06
3.88274e-07
0.00132962
0.00051545
0.00132967
1.21489e-05
3.538e-07
3.19039e-05
1.23668e-06
6.23624e-07
3.59301e-07
6.67047e-06
2.64537e-07
0.00132985
0.0013121
0.000576592
0.000323621
6.23665e-05
1.382e-06
3.52779e-07
3.55735e-07
6.14171e-06
2.08383e-07
0.00132983
0.00131273
0.000652643
0.000260581
4.23892e-05
1.50295e-06
2.00966e-07
3.61689e-07
5.6547e-06
1.64159e-07
0.00132982
0.00131333
0.000730774
0.000207584
2.87485e-05
1.63352e-06
1.16264e-07
3.81067e-07
5.20618e-06
1.29338e-07
0.0013298
0.0013139
0.000808794
0.00016391
1.94774e-05
1.77496e-06
6.94954e-08
4.19707e-07
4.79313e-06
1.01938e-07
0.00132979
0.00131444
0.000884502
0.000128499
1.31964e-05
1.92842e-06
4.42988e-08
4.86318e-07
4.41274e-06
8.04029e-08
0.00132977
0.00131497
0.000955865
0.000100161
8.95108e-06
2.09502e-06
3.15332e-08
5.9387e-07
4.06247e-06
6.35256e-08
0.00132975
0.00131547
0.00102121
7.77176e-05
6.08676e-06
2.27595e-06
2.61381e-08
7.61647e-07
3.73993e-06
5.03833e-08
0.00132973
0.00131596
0.00107938
6.00877e-05
4.1573e-06
2.47246e-06
2.53692e-08
1.0183e-06
3.44294e-06
4.0301e-08
0.00132971
0.00131644
0.00112978
4.63275e-05
2.85975e-06
2.68589e-06
2.78129e-08
1.40638e-06
3.16948e-06
3.28387e-08
0.00132968
0.00131689
0.00117235
3.56409e-05
1.98899e-06
2.91771e-06
0.00132966
0.00131733
0.00120747
2.73734e-05
0.00132963
0.00131776
0.00123586
2.09965e-05
0.0013296
0.00131817
0.00125839
1.60891e-05
0.00132956
0.00131857
0.00127598
1.23192e-05
0.00132952
0.00131896
0.00128955
9.42709e-06
0.00132948
0.00131933
0.00129989
7.2107e-06
0.00132944
0.00131969
0.0013077
5.51351e-06
0.00132938
0.00132004
0.00131356
4.21478e-06
0.00132928
0.00132038
0.00131792
3.22537e-06
0.00132906
0.00132071
0.00132116
2.61612e-06
0.00133
0.00120867
0.00133
0.00107885
0.00133
0.000921795
0.00133
0.000774212
0.00133
0.000664097
0.00133
0.000602558
0.00133
0.000587848
0.00133
0.000612097
0.00133
0.000665763
0.00133
0.00073951
0.00133
0.000824718
0.00133
0.000913626
0.00133
0.000999594
0.00133
0.00107749
0.00133
0.00114401
0.00133
0.00119778
0.00133
0.00123909
0.00133
0.00126939
0.00133
0.00129069
0.00133
0.00130514
0.00133
0.00133
0.00133
0.00133
0.00133
0.00133
0.00133
0.00133
0.00133
0.00133
0.00133
0.00133
0.00133
0.00133
0.00133
0.00133
0.00133
0.00133
0.00133
0.00133
END_LIST
