BEGIN_LIST
0.00132759
0.00132735
0.00132708
0.00132678
0.00132646
0.00132611
0.00132572
0.00132529
0.00132482
0.00132431
0.00132374
0.00132313
0.00132245
0.00132171
0.00132089
0.00131999
0.00131898
0.0013178
0.00131633
0.0013142
0.00122273
0.00132999
0.00118988
0.00132999
0.00114922
0.00132999
0.00110007
0.00132998
0.00104216
0.00132998
0.000975858
0.00132997
0.000902234
0.00132996
0.000823028
0.00132994
0.000740507
0.00132992
0.000657198
0.00132989
0.000575597
0.00132986
0.000497897
0.00132981
0.000425804
0.00132974
0.000360463
0.00132964
0.000302481
0.00132952
0.000252043
0.00132934
0.000209107
0.0013291
0.000173727
0.00132878
0.00014663
0.00132832
0.000130461
0.00132632
0.000229455
0.000147548
0.000164625
0.000459796
0.00109069
0.000197956
0.000156548
0.000181551
0.000417311
0.00103435
0.000170175
0.00016689
0.000206969
0.000377295
0.000970596
0.000145838
0.000178335
0.000238708
0.000339899
0.000900418
0.000124643
0.000190751
0.000275878
0.000305198
0.000825353
0.000106278
0.000204074
0.000318135
0.000273211
0.000747341
9.04366e-05
0.000218275
0.000365299
0.0002439
0.000668523
7.68224e-05
0.000233344
0.000417164
0.000217187
0.000591017
6.51606e-05
0.000249286
0.000473389
0.000192961
0.000516714
5.51988e-05
0.000266106
0.000533437
0.000171087
0.000447123
4.67094e-05
0.000283812
0.000596551
0.000151412
0.000383304
3.94892e-05
0.000302409
0.000661758
0.000133778
0.00032586
3.3359e-05
0.000321901
0.000727911
0.000118017
0.00027498
2.81617e-05
0.000342284
0.000793748
0.000103962
0.000230515
2.37608e-05
0.000363548
0.000857987
9.14388e-05
0.00019204
2.00382e-05
0.000385681
0.000919414
8.0262e-05
0.000158878
1.6892e-05
0.000408657
0.00097698
7.02094e-05
0.000130033
1.42349e-05
0.000432448
0.00102987
6.0969e-05
0.000103895
1.19951e-05
0.000457014
0.00107755
5.2018e-05
7.74342e-05
9.8017e-06
0.000482309
0.00111976
4.23493e-05
4.41058e-05
1.07986e-05
8.50646e-06
0.000520636
0.000703649
0.000315132
0.0011508
9.46053e-06
0.000162716
4.93491e-05
2.13779e-05
8.66579e-06
7.39199e-06
0.000358599
0.000849973
0.000221064
0.00117317
9.14195e-06
0.000110588
4.16284e-05
5.47365e-06
6.95236e-06
6.4229e-06
0.000236143
0.000933152
0.000155529
0.00119318
8.82229e-06
7.4306e-05
3.50865e-05
1.40038e-06
5.57652e-06
5.5804e-06
0.000150701
0.000993246
0.00011157
0.001211
8.50114e-06
4.95388e-05
2.95519e-05
3.63985e-07
4.47219e-06
4.84805e-06
9.41974e-05
0.00104248
8.31375e-05
0.00122679
8.17808e-06
3.28533e-05
2.48755e-05
1.01603e-07
3.58606e-06
4.21154e-06
5.81021e-05
0.00108495
6.55787e-05
0.00124072
7.85264e-06
2.17112e-05
2.09287e-05
3.6275e-08
2.8752e-06
3.6584e-06
3.55415e-05
0.0011221
5.55523e-05
0.00125295
7.52438e-06
1.43144e-05
1.76007e-05
2.12526e-08
2.30505e-06
3.17776e-06
2.16298e-05
0.00115457
5.07603e-05
0.00126365
7.19281e-06
9.42304e-06
1.47966e-05
1.92582e-08
1.84783e-06
2.76015e-06
1.31222e-05
0.00118276
4.96716e-05
0.00127298
6.85741e-06
6.19678e-06
1.24355e-05
2.08521e-08
1.48121e-06
2.39733e-06
7.94574e-06
0.00120703
5.12946e-05
0.00128109
6.51766e-06
4.07239e-06
1.04486e-05
2.36765e-08
1.18728e-06
2.08214e-06
4.80571e-06
0.00122776
5.50082e-05
0.00128811
6.173e-06
2.6751e-06
8.77725e-06
2.71806e-08
9.51645e-07
1.80834e-06
2.90454e-06
0.00124533
6.04433e-05
0.00129418
5.82284e-06
1.75673e-06
7.37195e-06
3.12798e-08
7.6275e-07
1.57051e-06
1.75474e-06
0.00126012
6.74012e-05
0.00129941
5.46658e-06
1.15342e-06
6.19072e-06
3.60167e-08
6.11334e-07
1.36393e-06
1.05983e-06
0.0012725
7.57993e-05
0.00130391
5.10357e-06
7.57208e-07
5.19811e-06
4.14759e-08
4.89958e-07
1.1845e-06
6.4002e-07
0.00128281
8.56348e-05
0.00130778
4.73314e-06
4.97058e-07
4.36419e-06
4.77639e-08
3.92646e-07
1.02866e-06
3.86468e-07
0.00129135
9.69607e-05
0.0013111
4.35458e-06
3.26269e-07
3.66373e-06
5.50054e-08
3.14563e-07
8.93321e-07
2.3336e-07
0.00129842
0.000109869
0.00131394
3.96715e-06
2.14161e-07
3.07546e-06
6.33449e-08
2.51685e-07
7.75814e-07
1.40938e-07
0.00130424
0.000124482
0.00131636
3.57006e-06
1.40625e-07
2.58152e-06
7.29486e-08
2.00285e-07
6.73895e-07
8.52342e-08
0.00130902
0.000140937
0.00131844
3.1625e-06
9.28971e-08
2.1684e-06
8.40083e-08
1.55686e-07
5.859e-07
5.19555e-08
0.00131294
0.00015939
0.00132021
2.7436e-06
6.71761e-08
1.89586e-06
9.67447e-08
5.5016e-08
3.27237e-08
5.23531e-07
3.53949e-08
0.0013198
0.0012014
0.000186045
7.99867e-05
1.42701e-05
1.08122e-07
3.12103e-08
3.49567e-08
4.81877e-07
2.788e-08
0.00131894
0.00120579
0.000222684
6.18473e-05
9.63132e-06
1.17593e-07
1.78939e-08
3.91351e-08
4.43536e-07
2.19615e-08
0.00131802
0.00120984
0.000265384
4.7687e-05
6.49772e-06
1.27818e-07
1.04964e-08
4.61473e-08
4.08245e-07
1.73011e-08
0.00131702
0.00121367
0.000314488
3.66884e-05
4.38308e-06
1.38898e-07
6.45258e-09
5.73158e-08
3.75761e-07
1.36327e-08
0.00131594
0.00121734
0.000370153
2.81787e-05
2.95711e-06
1.5092e-07
4.32641e-09
7.46075e-08
3.45862e-07
1.07475e-08
0.00131477
0.00122086
0.00043226
2.16146e-05
1.99605e-06
1.63975e-07
3.31864e-09
1.00946e-07
3.18341e-07
8.48244e-09
0.00131351
0.00122428
0.000500316
1.65629e-05
1.34861e-06
1.78155e-07
2.99057e-09
1.40673e-07
2.93009e-07
6.7117e-09
0.00131215
0.00122758
0.000573397
1.26821e-05
9.12634e-07
1.9356e-07
3.10912e-09
2.00239e-07
2.69693e-07
5.34068e-09
0.00131068
0.00123079
0.000650132
9.70482e-06
6.19203e-07
2.10296e-07
3.56057e-09
2.89222e-07
2.48232e-07
4.30296e-09
0.00130909
0.00123391
0.000728747
7.42313e-06
4.21841e-07
2.28478e-07
0.00130738
0.00123694
0.000807189
5.67591e-06
0.00130553
0.00123988
0.000883314
4.33879e-06
0.00130353
0.00124273
0.000955104
3.31599e-06
0.00130137
0.00124551
0.00102088
2.5339e-06
0.00129903
0.0012482
0.00107946
1.93604e-06
0.00129648
0.00125082
0.00113021
1.47911e-06
0.00129365
0.00125336
0.00117308
1.12994e-06
0.00129032
0.00125582
0.00120845
8.63179e-07
0.00128586
0.00125821
0.001237
6.60195e-07
0.00127817
0.00126054
0.00125964
5.35301e-07
0.00132995
0.000863921
0.00132994
0.000666212
0.00132992
0.000499062
0.00132991
0.000377398
0.00132989
0.000301072
0.00132987
0.000263215
0.00132984
0.00025601
0.00132981
0.000273128
0.00132978
0.000310151
0.00132973
0.000364125
0.00132968
0.000432871
0.00132961
0.000514295
0.00132953
0.00060584
0.00132944
0.000704149
0.00132933
0.000805031
0.00132919
0.000903776
0.00132903
0.000995763
0.00132883
0.00107718
0.0013286
0.00114559
0.00132831
0.00120022
0.00132788
0.00132726
0.00132646
0.00132541
0.00132406
0.0013223
0.00132003
0.00131708
0.00131327
0.00130836
0.00130203
0.0012939
0.0012835
0.00127026
0.00125351
0.0012325
0.00120636
0.00117449
0.00113461
0.00109669
END_LIST
