BEGIN_LIST
0.00130128
0.00129842
0.0012953
0.0012919
0.00128819
0.00128414
0.00127974
0.00127495
0.00126974
0.00126408
0.00125793
0.00125127
0.00124405
0.00123623
0.00122776
0.00121856
0.00120848
0.00119719
0.00118381
0.00116596
0.000909167
0.00132449
0.000829679
0.00132256
0.000746724
0.00131998
0.000662869
0.00131651
0.000580655
0.00131187
0.000502316
0.00130566
0.000429587
0.00129739
0.000363622
0.00128642
0.000305004
0.00127196
0.000253831
0.00125305
0.000209827
0.00122858
0.00017247
0.00119735
0.000141092
0.00115817
0.000114973
0.00111004
9.33934e-05
0.00105238
7.56845e-05
0.000985257
6.12544e-05
0.000909581
4.96206e-05
0.000827129
4.04629e-05
0.000739822
3.37465e-05
0.000628528
5.82626e-05
3.62492e-05
4.09787e-05
6.02062e-05
0.000218192
4.93161e-05
3.79145e-05
4.53004e-05
5.27669e-05
0.000181539
4.17031e-05
4.02186e-05
5.2237e-05
4.62201e-05
0.000150402
3.52364e-05
4.29998e-05
6.12674e-05
4.04651e-05
0.000124162
2.97518e-05
4.61708e-05
7.22933e-05
3.5411e-05
0.000102196
2.51061e-05
4.96882e-05
8.5429e-05
3.0976e-05
8.39088e-05
2.11753e-05
5.35348e-05
0.000100903
2.70872e-05
6.87538e-05
1.78524e-05
5.77091e-05
0.000119011
2.36795e-05
5.62415e-05
1.50455e-05
6.22198e-05
0.000140088
2.06951e-05
4.5943e-05
1.26762e-05
6.70813e-05
0.000164492
1.80826e-05
3.74877e-05
1.06773e-05
7.23126e-05
0.000192588
1.57966e-05
3.056e-05
8.99168e-06
7.79351e-05
0.000224723
1.37969e-05
2.4893e-05
7.5708e-06
8.39727e-05
0.000261204
1.20477e-05
2.02626e-05
6.37348e-06
9.04508e-05
0.000302265
1.05172e-05
1.6481e-05
5.36483e-06
9.73962e-05
0.000348029
9.17639e-06
1.33893e-05
4.51532e-06
0.000104837
0.000398473
7.99754e-06
1.0849e-05
3.79999e-06
0.000112802
0.000453387
6.95135e-06
8.72818e-06
3.19773e-06
0.00012132
0.000512343
6.00106e-06
6.87504e-06
2.69138e-06
0.000130423
0.000574677
5.0899e-06
5.06048e-06
2.19675e-06
0.000140142
0.000639497
4.11345e-06
2.84415e-06
2.41962e-06
1.90493e-06
0.000151856
0.000229048
8.66991e-05
0.000694479
9.06016e-07
1.63374e-05
3.18075e-06
1.36656e-06
1.93969e-06
1.6544e-06
9.49219e-05
0.000305685
5.95145e-05
0.000739401
8.75267e-07
1.07565e-05
2.66978e-06
3.4881e-07
1.55486e-06
1.43679e-06
5.85494e-05
0.000362883
4.18396e-05
0.000783954
8.44433e-07
7.07416e-06
2.24078e-06
9.01945e-08
1.24632e-06
1.24778e-06
3.5815e-05
0.000415524
3.06083e-05
0.0008278
8.13475e-07
4.64903e-06
1.88063e-06
2.46825e-08
9.98971e-07
1.08361e-06
2.17961e-05
0.000468662
2.37159e-05
0.000870591
7.82351e-07
3.0538e-06
1.5783e-06
8.29632e-09
8.00685e-07
9.41034e-07
1.3223e-05
0.000523814
1.97513e-05
0.000911991
7.51018e-07
2.00531e-06
1.32454e-06
4.43791e-09
6.41742e-07
8.17204e-07
8.00668e-06
0.000581116
1.77843e-05
0.000951691
7.19432e-07
1.31654e-06
1.11155e-06
3.81032e-09
5.1434e-07
7.09662e-07
4.84251e-06
0.000640107
1.72119e-05
0.000989424
6.87545e-07
8.64222e-07
9.32787e-07
4.05749e-09
4.12225e-07
6.16266e-07
2.92674e-06
0.000700035
1.76505e-05
0.00102497
6.55309e-07
5.67255e-07
7.8276e-07
4.58867e-09
3.30378e-07
5.35157e-07
1.76812e-06
0.000760003
1.88632e-05
0.00105818
6.22671e-07
3.72311e-07
6.56853e-07
5.26306e-09
2.6478e-07
4.6472e-07
1.0679e-06
0.000819063
2.07111e-05
0.00108894
5.89579e-07
2.44352e-07
5.51191e-07
6.05562e-09
2.12204e-07
4.03552e-07
6.44884e-07
0.000876285
2.31219e-05
0.0011172
5.55977e-07
1.60367e-07
4.6252e-07
6.9724e-09
1.70067e-07
3.50433e-07
3.89397e-07
0.000930823
2.60688e-05
0.00114298
5.21806e-07
1.05247e-07
3.88111e-07
8.02921e-09
1.36295e-07
3.04304e-07
2.35114e-07
0.000981971
2.95573e-05
0.00116632
4.87005e-07
6.9071e-08
3.2567e-07
9.24652e-09
1.09224e-07
2.64247e-07
1.41955e-07
0.00102919
3.36167e-05
0.00118731
4.51508e-07
4.53294e-08
2.73273e-07
1.06485e-08
8.75153e-08
2.29462e-07
8.57072e-08
0.00107214
3.82951e-05
0.00120607
4.15249e-07
2.97484e-08
2.29305e-07
1.2263e-08
7.007e-08
1.99258e-07
5.17483e-08
0.00111065
4.36557e-05
0.00122274
3.78156e-07
1.95234e-08
1.92411e-07
1.41223e-08
5.59298e-08
1.73037e-07
3.12517e-08
0.00114474
4.97753e-05
0.00123747
3.40154e-07
1.28178e-08
1.61454e-07
1.62635e-08
4.40586e-08
1.50296e-07
1.88992e-08
0.00117456
5.67435e-05
0.00125043
3.01165e-07
8.46638e-09
1.35577e-07
1.87294e-08
3.2718e-08
1.30665e-07
1.15199e-08
0.00120035
6.46617e-05
0.00126177
2.61106e-07
6.1216e-09
1.18513e-07
2.15692e-08
1.10107e-08
6.36524e-09
1.16752e-07
7.84784e-09
0.00123376
0.000959014
7.63148e-05
7.79183e-06
1.36287e-06
2.41059e-08
6.25199e-09
6.37037e-09
1.0746e-07
6.18153e-09
0.00122633
0.0009701
9.27448e-05
5.95758e-06
9.18604e-07
2.62177e-08
3.5917e-09
6.57309e-09
9.89075e-08
4.86922e-09
0.0012184
0.000980041
0.000112551
4.55391e-06
6.19377e-07
2.84977e-08
2.11591e-09
7.05685e-09
9.10359e-08
3.83583e-09
0.00120994
0.000989308
0.000136264
3.48025e-06
4.17873e-07
3.09681e-08
1.31178e-09
7.94636e-09
8.37906e-08
3.02237e-09
0.00120093
0.00099815
0.000164462
2.65931e-06
2.82205e-07
3.36488e-08
8.9237e-10
9.42753e-09
7.7122e-08
2.38249e-09
0.00119135
0.0010067
0.000197739
2.03177e-06
1.90885e-07
3.65599e-08
6.98176e-10
1.17771e-08
7.0984e-08
1.87999e-09
0.00118116
0.00101503
0.000236667
1.55218e-06
1.29439e-07
3.97219e-08
6.41885e-10
1.54067e-08
6.53346e-08
1.48686e-09
0.00117035
0.00102318
0.000281736
1.18571e-06
8.81177e-08
4.3157e-08
6.7742e-10
2.09281e-08
6.01347e-08
1.18196e-09
0.00115889
0.00103117
0.000333285
9.05718e-07
6.03532e-08
4.6889e-08
7.82713e-10
2.92503e-08
5.53487e-08
9.50238e-10
0.00114677
0.001039
0.000391421
6.91813e-07
4.17235e-08
5.09436e-08
0.00113396
0.00104669
0.000455922
5.28411e-07
0.00112044
0.00105424
0.000526165
4.03593e-07
0.00110621
0.00106164
0.000601074
3.08254e-07
0.00109124
0.00106889
0.000679125
2.35433e-07
0.00107551
0.00107601
0.000758413
1.79813e-07
0.00105896
0.00108299
0.000836805
1.37332e-07
0.00104143
0.00108982
0.000912143
1.04886e-07
0.00102238
0.00109651
0.000982469
8.01081e-08
0.00100022
0.00110307
0.00104623
6.126e-08
0.000969756
0.00110948
0.00110241
4.96653e-08
0.00130253
0.000454384
0.00129724
0.00031714
0.00129097
0.000222856
0.00128356
0.000163682
0.00127481
0.000130919
0.00126451
0.000117556
0.00125243
0.000118792
0.0012383
0.000131749
0.00122184
0.000155
0.00120278
0.000188113
0.00118083
0.00023128
0.00115571
0.000284972
0.00112718
0.000349623
0.00109506
0.000425286
0.00105924
0.0005113
0.0010197
0.000605996
0.000976558
0.000706543
0.000930045
0.000809045
0.000880565
0.000908935
0.00082795
0.00100165
0.000763297
0.000686894
0.000610647
0.000536501
0.000466143
0.000400874
0.000341556
0.000288623
0.000242138
0.000201878
0.000167418
0.000138216
0.000113679
9.32039e-05
7.62178e-05
6.21945e-05
5.06571e-05
4.12281e-05
3.33508e-05
2.7917e-05
END_LIST
