BEGIN_LIST
0.00132965
0.00132962
0.00132958
0.00132954
0.00132949
0.00132944
0.00132938
0.00132932
0.00132926
0.00132918
0.0013291
0.00132901
0.00132891
0.0013288
0.00132869
0.00132855
0.00132841
0.00132823
0.00132801
0.00132769
0.00129608
0.00133
0.00128434
0.00133
0.0012689
0.00133
0.00124881
0.00133
0.00122303
0.00133
0.0011905
0.00133
0.00115024
0.00133
0.00110155
0.00133
0.00104415
0.00133
0.000978373
0.00133
0.000905235
0.00133
0.000826448
0.00133
0.000744263
0.00133
0.000661242
0.00133
0.000580007
0.00133
0.000503083
0.00133
0.000432971
0.00133
0.000372712
0.00133
0.000327413
0.00132999
0.000307741
0.00132998
0.00052719
0.000353452
0.000398431
0.000740806
0.0012835
0.000471094
0.000370463
0.000442901
0.000691189
0.00126875
0.000418099
0.000390095
0.00049631
0.00064169
0.00124986
0.000368714
0.000411602
0.000555523
0.000592836
0.00122594
0.000323266
0.000434528
0.000618526
0.000545115
0.00119611
0.000281918
0.000458581
0.000683732
0.000498961
0.00115953
0.000244686
0.000483567
0.000749691
0.00045474
0.00111557
0.000211468
0.000509344
0.000815008
0.000412747
0.0010639
0.000182073
0.000535796
0.00087836
0.000373199
0.00100462
0.000156246
0.000562822
0.000938555
0.000336238
0.000938389
0.000133696
0.000590327
0.000994605
0.000301939
0.000866403
0.000114114
0.000618213
0.00104578
0.000270313
0.000790326
9.71891e-05
0.000646382
0.00109163
0.000241318
0.000712124
8.26207e-05
0.000674736
0.001132
0.00021486
0.00063382
7.01239e-05
0.000703171
0.00116696
0.000190796
0.000557195
5.9436e-05
0.000731584
0.00119679
0.000168918
0.000483406
5.03185e-05
0.000759872
0.00122191
0.00014891
0.000412394
4.25573e-05
0.00078793
0.00124281
0.000130245
0.000341662
3.59708e-05
0.000815659
0.00126003
0.000111932
0.000263285
2.94792e-05
0.00084296
0.0012741
9.19591e-05
0.000155695
3.24964e-05
2.56365e-05
0.000900441
0.00107204
0.0006
0.00128379
2.09296e-05
0.000337405
0.000174432
7.74731e-05
2.61488e-05
2.23111e-05
0.000705005
0.00117662
0.000442614
0.00129043
2.02296e-05
0.000238974
0.0001492
2.01695e-05
2.10243e-05
1.94113e-05
0.000514459
0.00121999
0.000321457
0.00129615
1.95269e-05
0.000165353
0.000127258
5.17804e-06
1.68933e-05
1.68842e-05
0.000353884
0.00124456
0.000234391
0.00130107
1.88206e-05
0.000112504
0.000108278
1.3422e-06
1.3567e-05
1.46828e-05
0.000232831
0.00126142
0.000175213
0.0013053
1.81098e-05
7.56523e-05
9.19358e-05
3.68961e-07
1.08911e-05
1.2766e-05
0.000148502
0.00127423
0.000137149
0.00130892
1.73935e-05
5.04635e-05
7.79195e-05
1.25645e-07
8.74013e-06
1.10976e-05
9.27888e-05
0.00128445
0.000114409
0.00131203
1.66706e-05
3.34789e-05
6.59386e-05
6.86167e-08
7.01207e-06
9.64583e-06
5.72205e-05
0.00129275
0.00010259
0.00131469
1.59402e-05
2.21303e-05
5.57267e-05
5.96807e-08
5.62447e-06
8.38292e-06
3.49976e-05
0.00129955
9.85648e-05
0.00131696
1.52011e-05
1.45933e-05
4.70439e-05
6.38131e-08
4.51067e-06
7.28456e-06
2.12972e-05
0.00130514
0.00010021
0.00131891
1.4452e-05
9.60781e-06
3.96765e-05
7.22383e-08
3.61694e-06
6.32951e-06
1.29199e-05
0.00130971
0.000106141
0.00132056
1.36919e-05
6.31885e-06
3.3436e-05
8.28727e-08
2.89997e-06
5.49921e-06
7.82308e-06
0.00131346
0.000115487
0.00132198
1.29193e-05
4.15288e-06
2.8158e-05
9.53561e-08
2.32491e-06
4.77749e-06
4.73149e-06
0.00131653
0.000127732
0.00132319
1.2133e-05
2.72811e-06
2.36996e-05
1.09792e-07
1.86374e-06
4.15023e-06
2.85968e-06
0.00131904
0.000142596
0.00132422
1.13315e-05
1.79161e-06
1.99376e-05
1.26432e-07
1.49392e-06
3.60512e-06
1.72765e-06
0.00132108
0.00015996
0.00132509
1.05133e-05
1.17636e-06
1.67658e-05
1.45598e-07
1.19728e-06
3.13148e-06
1.04349e-06
0.00132275
0.000179802
0.00132584
9.67681e-06
7.72293e-07
1.40939e-05
1.67671e-07
9.59034e-07
2.71997e-06
6.30187e-07
0.00132412
0.000202165
0.00132647
8.82042e-06
5.06987e-07
1.18443e-05
1.93089e-07
7.66549e-07
2.36257e-06
3.80639e-07
0.00132522
0.000227124
0.00132702
7.94238e-06
3.3293e-07
9.95152e-06
2.22361e-07
6.07176e-07
2.05248e-06
2.30212e-07
0.00132613
0.000254769
0.00132747
7.04083e-06
2.19948e-07
8.36569e-06
2.56069e-07
4.62214e-07
1.78468e-06
1.40335e-07
0.00132686
0.000285179
0.00132787
6.11386e-06
1.59056e-07
7.31827e-06
2.94886e-07
1.59785e-07
9.38942e-08
1.59484e-06
9.56062e-08
0.00132842
0.00127653
0.000327977
0.000172574
3.16505e-05
3.29559e-07
9.05928e-08
9.75666e-08
1.46803e-06
7.53086e-08
0.00132829
0.00127841
0.000384814
0.000135457
2.14138e-05
3.58423e-07
5.18718e-08
1.05668e-07
1.3513e-06
5.93228e-08
0.00132814
0.00128017
0.000448166
0.000105688
1.44719e-05
3.89585e-07
3.03423e-08
1.20177e-07
1.24384e-06
4.67352e-08
0.00132799
0.00128183
0.000517355
8.2069e-05
9.77524e-06
4.23347e-07
1.85489e-08
1.44042e-07
1.14492e-06
3.68272e-08
0.00132782
0.00128343
0.000591306
6.34901e-05
6.60266e-06
4.59982e-07
1.23161e-08
1.81652e-07
1.05386e-06
2.90353e-08
0.00132764
0.00128496
0.00066852
4.89735e-05
4.46206e-06
4.99763e-07
9.31859e-09
2.3953e-07
9.70035e-07
2.29198e-08
0.00132744
0.00128644
0.000747137
3.76902e-05
3.01903e-06
5.42972e-07
8.27759e-09
3.27369e-07
8.92877e-07
1.81415e-08
0.00132722
0.00128788
0.000825063
2.89553e-05
2.047e-06
5.89909e-07
8.51078e-09
4.59564e-07
8.21852e-07
1.44468e-08
0.00132699
0.00128926
0.000900169
2.22146e-05
1.39277e-06
6.409e-07
9.68129e-09
6.57488e-07
7.56474e-07
1.16592e-08
0.00132674
0.0012906
0.00097051
1.70252e-05
9.52866e-07
6.96295e-07
0.00132647
0.0012919
0.00103452
1.30376e-05
0.00132618
0.00129316
0.00109116
9.97781e-06
0.00132586
0.00129438
0.00113995
7.63249e-06
0.00132551
0.00129556
0.00118094
5.83633e-06
0.00132514
0.00129671
0.0012146
4.46163e-06
0.00132472
0.00129781
0.00124168
3.41e-06
0.00132425
0.00129889
0.00126308
2.60582e-06
0.00132367
0.00129992
0.00127974
1.9911e-06
0.00132283
0.00130093
0.00129253
1.52315e-06
0.00132113
0.0013019
0.00130225
1.23516e-06
0.00133
0.00107049
0.00133
0.000889777
0.00133
0.000708861
0.00133
0.000560523
0.00133
0.000459425
0.00133
0.000405762
0.00133
0.000393032
0.00133
0.000413412
0.00133
0.000459959
0.00133
0.000526883
0.00133
0.000609057
0.00133
0.00070145
0.00133
0.000798814
0.00133
0.000895761
0.00133
0.000987194
0.00133
0.00106892
0.00133
0.00113821
0.00133
0.00119399
0.00133
0.00123673
0.00132999
0.00126802
0.00132999
0.00132999
0.00132999
0.00132999
0.00132998
0.00132998
0.00132997
0.00132996
0.00132995
0.00132993
0.00132992
0.00132989
0.00132986
0.00132981
0.00132976
0.00132968
0.00132959
0.00132946
0.00132929
0.00132912
END_LIST
