BEGIN_LIST
0.00132992
0.00132992
0.00132991
0.0013299
0.00132989
0.00132988
0.00132986
0.00132985
0.00132984
0.00132982
0.0013298
0.00132978
0.00132976
0.00132974
0.00132971
0.00132968
0.00132965
0.00132961
0.00132956
0.00132949
0.00131634
0.00133
0.00131144
0.00133
0.00130485
0.00133
0.00129605
0.00133
0.00128437
0.00133
0.00126901
0.00133
0.00124904
0.00133
0.00122342
0.00133
0.0011911
0.00133
0.00115109
0.00133
0.00110268
0.00133
0.00104561
0.00133
0.000980211
0.00133
0.000907579
0.00133
0.000829623
0.00133
0.000749124
0.00133
0.000669964
0.00133
0.000597958
0.00133
0.000543126
0.00133
0.000524607
0.00133
0.000835167
0.000592271
0.000670509
0.000901953
0.00131792
0.000776423
0.000607176
0.000739997
0.000856085
0.00131386
0.00071617
0.000627575
0.000807028
0.000808564
0.00130848
0.000655397
0.000651311
0.000871342
0.000759876
0.0013014
0.000595111
0.000677041
0.000932218
0.000710541
0.00129213
0.00053627
0.000703921
0.000988864
0.000661098
0.00128007
0.000479729
0.000731409
0.00104062
0.000612078
0.00126451
0.000426196
0.000759142
0.00108705
0.000563984
0.00124465
0.000376207
0.000786865
0.00112799
0.00051727
0.00121961
0.000330118
0.000814389
0.00116349
0.000472331
0.00118849
0.000288115
0.000841565
0.00119383
0.000429487
0.0011505
0.000250238
0.000868269
0.00121941
0.000388983
0.001105
0.000216399
0.000894399
0.00124072
0.000350984
0.00105168
0.000186418
0.000919866
0.0012583
0.000315572
0.00099055
0.00016005
0.000944592
0.00127266
0.000282737
0.000921934
0.000137006
0.000968512
0.00128432
0.000252355
0.000846042
0.000116981
0.000991572
0.00129372
0.000224122
0.00076197
9.96612e-05
0.00101373
0.00130126
0.0001974
0.000665137
8.47611e-05
0.00103494
0.00130727
0.000170853
0.000540463
6.98812e-05
0.0010552
0.00131206
0.000141616
0.000341083
7.71214e-05
6.10311e-05
0.00111196
0.00122331
0.00081018
0.0013153
3.28502e-05
0.000495094
0.000382349
0.000178015
6.24066e-05
5.32791e-05
0.000957484
0.00127862
0.000627905
0.00131749
3.17587e-05
0.000365056
0.000335022
4.78414e-05
5.04054e-05
4.64801e-05
0.000767621
0.00129675
0.000473366
0.00131935
3.06626e-05
0.000260408
0.000291915
1.23848e-05
4.06505e-05
4.05245e-05
0.000572465
0.0013055
0.000354767
0.00132094
2.95604e-05
0.000181137
0.000253078
3.21802e-06
3.27434e-05
3.53135e-05
0.000400756
0.00131088
0.000270551
0.00132229
2.84508e-05
0.000123708
0.000218426
8.8617e-07
2.63481e-05
3.07587e-05
0.000267078
0.00131472
0.000214828
0.00132344
2.73322e-05
8.3403e-05
0.000187773
3.02966e-07
2.11851e-05
2.67806e-05
0.000171847
0.00131766
0.000180956
0.00132443
2.62029e-05
5.57326e-05
0.000160862
1.66447e-07
1.70228e-05
2.3309e-05
0.000107993
0.00131999
0.000163192
0.00132526
2.50614e-05
3.70189e-05
0.000137391
1.45301e-07
1.36711e-05
2.02812e-05
6.68391e-05
0.00132186
0.000157144
0.00132597
2.39058e-05
2.44899e-05
0.000117036
1.55539e-07
1.09748e-05
1.76421e-05
4.09732e-05
0.00132339
0.000159688
0.00132658
2.27343e-05
1.61579e-05
9.94719e-05
1.76122e-07
8.80735e-06
1.53429e-05
2.49684e-05
0.00132462
0.000168707
0.0013271
2.1545e-05
1.06417e-05
8.43793e-05
2.0206e-07
7.06604e-06
1.33406e-05
1.516e-05
0.00132563
0.000182821
0.00132754
2.03358e-05
7.00043e-06
7.14577e-05
2.32498e-07
5.66777e-06
1.15977e-05
9.18422e-06
0.00132645
0.000201161
0.00132791
1.91047e-05
4.60155e-06
6.04289e-05
2.67694e-07
4.54536e-06
1.00809e-05
5.5565e-06
0.00132712
0.000223202
0.00132823
1.78493e-05
3.02317e-06
5.10406e-05
3.08261e-07
3.64458e-06
8.76134e-06
3.35897e-06
0.00132766
0.000248637
0.0013285
1.65674e-05
1.98553e-06
4.30667e-05
3.54985e-07
2.92151e-06
7.61365e-06
2.02955e-06
0.0013281
0.000277295
0.00132873
1.52564e-05
1.30375e-06
3.63069e-05
4.08793e-07
2.34007e-06
6.61571e-06
1.22598e-06
0.00132846
0.000309074
0.00132892
1.39136e-05
8.55974e-07
3.05857e-05
4.70754e-07
1.86873e-06
5.74833e-06
7.40606e-07
0.00132875
0.000343899
0.00132909
1.25364e-05
5.6215e-07
2.57503e-05
5.42105e-07
1.47366e-06
4.99531e-06
4.47961e-07
0.00132899
0.000381685
0.00132923
1.11219e-05
3.71401e-07
2.16841e-05
6.24264e-07
1.09881e-06
4.34465e-06
2.73087e-07
0.00132918
0.000422311
0.00132935
9.66686e-06
2.68589e-07
1.89915e-05
7.1887e-07
3.71241e-07
2.15367e-07
3.88319e-06
1.86053e-07
0.00132964
0.00130331
0.000477791
0.00026371
4.97964e-05
8.03372e-07
2.10215e-07
2.16972e-07
3.57486e-06
1.46557e-07
0.00132961
0.00130425
0.000548681
0.000210171
3.37803e-05
8.7371e-07
1.20023e-07
2.25862e-07
3.29095e-06
1.1545e-07
0.00132958
0.00130514
0.000623954
0.000166014
2.28752e-05
9.49645e-07
6.97785e-08
2.45155e-07
3.02955e-06
9.09573e-08
0.00132954
0.00130598
0.000701841
0.000130187
1.54771e-05
1.03191e-06
4.21326e-08
2.79507e-07
2.78887e-06
7.16808e-08
0.0013295
0.00130679
0.00078031
0.0001015
1.0471e-05
1.12117e-06
2.73625e-08
3.35856e-07
2.56728e-06
5.65257e-08
0.00132946
0.00130757
0.000857202
7.87714e-05
7.08966e-06
1.21809e-06
2.00441e-08
4.24524e-07
2.36327e-06
4.46391e-08
0.00132942
0.00130832
0.000930428
6.09113e-05
4.80894e-06
1.32335e-06
1.7183e-08
5.60849e-07
2.17545e-06
3.53666e-08
0.00132937
0.00130905
0.000998181
4.69677e-05
3.27247e-06
1.43769e-06
1.71672e-08
7.6762e-07
2.00253e-06
2.82232e-08
0.00132931
0.00130975
0.00105911
3.61366e-05
2.23869e-06
1.56188e-06
1.9181e-08
1.07867e-06
1.84334e-06
2.28817e-08
0.00132926
0.00131043
0.0011124
2.77559e-05
1.54421e-06
1.6968e-06
0.00132919
0.00131108
0.00115782
2.1291e-05
0.00132913
0.00131172
0.00119561
1.63154e-05
0.00132905
0.00131233
0.00122637
1.24928e-05
0.00132898
0.00131293
0.00125093
9.56019e-06
0.00132889
0.0013135
0.00127022
7.31263e-06
0.00132879
0.00131406
0.00128516
5.59152e-06
0.00132868
0.00131459
0.00129658
4.27434e-06
0.00132854
0.00131512
0.00130524
3.26687e-06
0.00132833
0.00131562
0.00131174
2.49961e-06
0.00132786
0.00131611
0.00131659
2.02725e-06
0.00133
0.00116935
0.00133
0.00101984
0.00133
0.000850493
0.00133
0.000698808
0.00133
0.000589148
0.00133
0.000528841
0.00133
0.00051421
0.00133
0.00053721
0.00133
0.000589138
0.00133
0.000661864
0.00133
0.000747898
0.00133
0.000840221
0.00133
0.000932357
0.00133
0.00101872
0.00133
0.0010951
0.00133
0.00115903
0.00133
0.00120981
0.00133
0.00124822
0.00133
0.001276
0.00133
0.00129531
0.00133
0.00133
0.00133
0.00133
0.00133
0.00133
0.00133
0.00133
0.00133
0.00133
0.00133
0.00133
0.00133
0.00133
0.00133
0.00133
0.00133
0.00133
0.00132999
0.00132999
END_LIST
