BEGIN_LIST
0.00081161
0.000781926
0.000752001
0.00072195
0.000691887
0.000661928
0.000632182
0.000602757
0.000573754
0.000545266
0.000517378
0.000490167
0.000463698
0.000438021
0.000413164
0.000389113
0.000365744
0.000342665
0.00031876
0.000290925
0.000161259
0.000573849
0.000131516
0.000490486
0.000106889
0.000413855
8.66289e-05
0.000345218
7.00473e-05
0.000285111
5.65336e-05
0.000233476
4.55578e-05
0.000189832
3.66679e-05
0.000153433
2.94835e-05
0.000123411
2.36879e-05
9.887e-05
1.90194e-05
7.89549e-05
1.52632e-05
6.28882e-05
1.22441e-05
4.99872e-05
9.81956e-06
3.96669e-05
7.87485e-06
3.14357e-05
6.31831e-06
2.48865e-05
5.07928e-06
1.96853e-05
4.10886e-06
1.55607e-05
3.38734e-06
1.22871e-05
2.94694e-06
9.32605e-06
5.3118e-06
3.29367e-06
3.81539e-06
6.8161e-07
2.61011e-06
4.4702e-06
3.46262e-06
4.37608e-06
5.94607e-07
2.11972e-06
3.76164e-06
3.68697e-06
5.14085e-06
5.18706e-07
1.72138e-06
3.16516e-06
3.95403e-06
6.09724e-06
4.52491e-07
1.39783e-06
2.66312e-06
4.25717e-06
7.25816e-06
3.94727e-07
1.13506e-06
2.24059e-06
4.59341e-06
8.65171e-06
3.44336e-07
9.21663e-07
1.88502e-06
4.96197e-06
1.03171e-05
3.00376e-07
7.48368e-07
1.58583e-06
5.36345e-06
1.23035e-05
2.62027e-07
6.07646e-07
1.33408e-06
5.79931e-06
1.46705e-05
2.28574e-07
4.93377e-07
1.12227e-06
6.27163e-06
1.74889e-05
1.9939e-07
4.0059e-07
9.44071e-07
6.78297e-06
2.08426e-05
1.7393e-07
3.25247e-07
7.94152e-07
7.33622e-06
2.48306e-05
1.51717e-07
2.64065e-07
6.6803e-07
7.93462e-06
2.95687e-05
1.32333e-07
2.14372e-07
5.61931e-07
8.58172e-06
3.51928e-05
1.15407e-07
1.73984e-07
4.72679e-07
9.28139e-06
4.1861e-05
1.00605e-07
1.41096e-07
3.97599e-07
1.00378e-05
4.97563e-05
8.76126e-08
1.14163e-07
3.34442e-07
1.08555e-05
5.90898e-05
7.60985e-08
9.17407e-08
2.81315e-07
1.17394e-05
7.01022e-05
6.56536e-08
7.21979e-08
2.36682e-07
1.26947e-05
8.30666e-05
5.56508e-08
5.31095e-08
1.93115e-07
1.37271e-05
9.82883e-05
4.49421e-08
2.9852e-08
2.12684e-07
1.67418e-07
1.48838e-05
2.32426e-05
8.40894e-06
0.000112834
9.88525e-09
1.79087e-07
3.34499e-08
1.44108e-08
1.70447e-07
1.45372e-07
9.01245e-06
3.21417e-05
5.8598e-06
0.000126184
9.54977e-09
1.1753e-07
2.80671e-08
3.77898e-09
1.36596e-07
1.26229e-07
5.45067e-06
3.95044e-05
4.25662e-06
0.000140916
9.21341e-09
7.71305e-08
2.35506e-08
1.09416e-09
1.09468e-07
1.09607e-07
3.29413e-06
4.69903e-05
3.27819e-06
0.000157164
8.87574e-09
5.06176e-08
1.97608e-08
4.32003e-10
8.77272e-08
9.51735e-08
1.98995e-06
5.53161e-05
2.71596e-06
0.000175056
8.53632e-09
3.32181e-08
1.65809e-08
2.87036e-10
7.0304e-08
8.26405e-08
1.20178e-06
6.48672e-05
2.43533e-06
0.000194717
8.19467e-09
2.17995e-08
1.39127e-08
2.77068e-10
5.63411e-08
7.17578e-08
7.25674e-07
7.59211e-05
2.3502e-06
0.000216266
7.8503e-09
1.43059e-08
1.16738e-08
3.05491e-10
4.51513e-08
6.23082e-08
4.38141e-07
8.87302e-05
2.40633e-06
0.000239812
7.5027e-09
9.38829e-09
9.79527e-09
3.48367e-10
3.61838e-08
5.4103e-08
2.64522e-07
0.000103552
2.57047e-06
0.000265454
7.15135e-09
6.16107e-09
8.219e-09
4.00324e-10
2.89973e-08
4.69782e-08
1.59696e-07
0.00012066
2.82336e-06
0.000293273
6.79567e-09
4.0432e-09
6.89638e-09
4.60816e-10
2.32381e-08
4.07917e-08
9.64088e-08
0.00014034
3.15512e-06
0.000323329
6.43509e-09
2.65335e-09
5.78661e-09
5.3065e-10
1.86227e-08
3.54198e-08
5.82015e-08
0.000162891
3.5624e-06
0.000355653
6.069e-09
1.74126e-09
4.85542e-09
6.11117e-10
1.4924e-08
3.07554e-08
3.51357e-08
0.000188616
4.04654e-06
0.000390245
5.69676e-09
1.1427e-09
4.07407e-09
7.038e-10
1.19597e-08
2.67052e-08
2.1211e-08
0.000217809
4.61238e-06
0.000427061
5.3177e-09
7.49898e-10
3.41847e-09
8.10541e-10
9.58362e-09
2.31884e-08
1.28048e-08
0.000250739
5.26764e-06
0.000466014
4.93111e-09
4.9212e-10
2.86836e-09
9.33473e-10
7.67781e-09
2.01348e-08
7.73016e-09
0.00028763
6.02256e-06
0.000506969
4.53626e-09
3.22954e-10
2.40678e-09
1.07505e-09
6.14484e-09
1.74834e-08
4.66681e-09
0.000328639
6.88975e-06
0.000549733
4.13238e-09
2.11944e-10
2.01947e-09
1.2381e-09
4.8971e-09
1.51819e-08
2.81808e-09
0.000373826
7.88419e-06
0.000594061
3.71865e-09
1.39145e-10
1.69452e-09
1.42588e-09
3.83196e-09
1.3186e-08
1.70405e-09
0.000423128
9.02335e-06
0.000639656
3.29422e-09
9.19052e-11
1.4229e-09
1.64213e-09
2.75733e-09
1.14631e-08
1.0386e-09
0.000476332
1.03274e-05
0.00068617
2.85818e-09
6.64505e-11
1.24379e-09
1.89119e-09
8.94711e-10
5.05528e-10
1.02421e-08
7.07483e-10
0.000529568
0.000299123
1.22669e-05
8.55333e-08
1.49552e-08
2.11367e-09
5.0853e-10
4.77926e-10
9.4267e-09
5.57238e-10
0.00050546
0.000310565
1.50415e-05
6.53244e-08
1.01278e-08
2.2989e-09
2.92794e-10
4.54225e-10
8.67623e-09
4.38916e-10
0.000481889
0.000320464
1.84524e-05
4.98901e-08
6.88067e-09
2.49888e-09
1.73303e-10
4.35222e-10
7.98551e-09
3.45745e-10
0.000458898
0.000329603
2.2635e-05
3.81025e-08
4.69806e-09
2.71557e-09
1.08435e-10
4.22169e-10
7.34977e-09
2.72401e-10
0.000436527
0.000338403
2.77554e-05
2.90998e-08
3.23259e-09
2.95071e-09
7.49128e-11
4.1699e-10
6.76464e-09
2.14703e-10
0.000414806
0.000347086
3.40144e-05
2.22243e-08
2.25035e-09
3.20606e-09
5.98173e-11
4.22602e-10
6.2261e-09
1.69381e-10
0.000393764
0.000355772
4.16536e-05
1.69732e-08
1.59386e-09
3.48344e-09
5.60976e-11
4.43397e-10
5.73043e-09
1.33901e-10
0.00037342
0.000364527
5.09606e-05
1.29628e-08
1.15707e-09
3.78478e-09
6.00616e-11
4.85948e-10
5.27422e-09
1.06342e-10
0.000353792
0.000373382
6.2275e-05
9.90002e-09
8.68585e-10
4.11217e-09
6.99798e-11
5.60064e-10
4.85433e-09
8.53199e-11
0.000334891
0.000382357
7.59943e-05
7.56087e-09
6.80361e-10
4.46786e-09
0.000316723
0.000391459
9.25769e-05
5.77441e-09
0.00029929
0.000400692
0.000112544
4.41004e-09
0.00028259
0.000410058
0.000136473
3.36805e-09
0.000266615
0.000419557
0.000164989
2.57225e-09
0.000251349
0.000429186
0.000198742
1.96448e-09
0.000236755
0.000438944
0.000238368
1.50032e-09
0.000222745
0.00044883
0.000284436
1.14583e-09
0.000209072
0.000458839
0.000337377
8.75116e-10
0.000195
0.000468969
0.000397392
6.69202e-10
0.000178291
0.000479217
0.00046435
5.42534e-10
0.000429409
5.93501e-05
0.000383367
3.94566e-05
0.00034069
2.77363e-05
0.000301493
2.13835e-05
0.000265789
1.86578e-05
0.000233509
1.85353e-05
0.00020452
2.04721e-05
0.00017864
2.42526e-05
0.000155656
2.98993e-05
0.00013534
3.76215e-05
0.000117455
4.7792e-05
0.000101766
6.09395e-05
8.80457e-05
7.77511e-05
7.60802e-05
9.90771e-05
6.56694e-05
0.000125931
5.66299e-05
0.000159473
4.87948e-05
0.000200969
4.20139e-05
0.000251704
3.61563e-05
0.000312834
3.1031e-05
0.000385163
2.59156e-05
2.10121e-05
1.70264e-05
1.37902e-05
1.11648e-05
9.03633e-06
7.3118e-06
5.91518e-06
4.78452e-06
3.86947e-06
3.12908e-06
2.53013e-06
2.04569e-06
1.65391e-06
1.33709e-06
1.08094e-06
8.73747e-07
7.06736e-07
5.688e-07
4.74415e-07
END_LIST
