BEGIN_LIST
0.00129437
0.00129085
0.00128701
0.00128283
0.00127828
0.00127332
0.00126794
0.00126209
0.00125574
0.00124886
0.00124141
0.00123336
0.00122465
0.00121526
0.00120511
0.00119414
0.00118217
0.00116883
0.00115316
0.00113246
0.000862213
0.00132072
0.000780253
0.0013175
0.000696361
0.00131319
0.00061313
0.00130743
0.000532949
0.00129976
0.00045777
0.00128958
0.000388981
0.00127616
0.000327383
0.00125858
0.000273252
0.00123579
0.000226443
0.0012066
0.000186516
0.00116983
0.000152848
0.0011244
0.000124728
0.00106959
0.000101427
0.00100526
8.225e-05
0.000932057
6.65602e-05
0.000851508
5.38053e-05
0.000765943
4.35375e-05
0.00067822
3.54548e-05
0.00059089
2.95012e-05
0.000488837
5.09038e-05
3.1616e-05
3.58103e-05
4.34812e-05
0.000160073
4.30528e-05
3.30285e-05
3.96461e-05
3.80583e-05
0.00013229
3.63819e-05
3.50156e-05
4.57659e-05
3.32978e-05
0.000108985
3.07226e-05
3.74302e-05
5.3728e-05
2.91221e-05
8.95499e-05
2.59279e-05
4.01922e-05
6.34585e-05
2.54619e-05
7.34215e-05
2.18702e-05
4.3262e-05
7.50705e-05
2.22554e-05
6.00904e-05
1.84395e-05
4.66235e-05
8.87796e-05
1.9448e-05
4.91076e-05
1.55413e-05
5.02754e-05
0.000104865
1.69911e-05
4.00838e-05
1.30946e-05
5.42253e-05
0.000123647
1.48417e-05
3.26858e-05
1.10302e-05
5.84864e-05
0.000145476
1.29621e-05
2.66317e-05
9.28915e-06
6.30758e-05
0.000170717
1.13187e-05
2.16845e-05
7.8215e-06
6.80135e-05
0.000199733
9.88225e-06
1.76462e-05
6.5847e-06
7.33211e-05
0.000232866
8.62661e-06
1.43525e-05
5.54274e-06
7.90223e-05
0.00027041
7.52861e-06
1.16664e-05
4.66514e-06
8.5142e-05
0.000312577
6.56718e-06
9.47288e-06
3.92613e-06
9.17066e-05
0.000359462
5.72227e-06
7.67238e-06
3.30392e-06
9.87432e-05
0.000411001
4.97274e-06
6.17041e-06
2.78013e-06
0.00010628
0.000466936
4.29216e-06
4.85897e-06
2.3398e-06
0.000114347
0.000526784
3.63982e-06
3.57567e-06
1.9097e-06
0.000122973
0.000589829
2.9409e-06
2.00918e-06
2.10343e-06
1.65597e-06
0.000133267
0.000202039
7.59236e-05
0.000643963
6.47486e-07
1.16914e-05
2.24707e-06
9.65361e-07
1.68615e-06
1.43815e-06
8.2935e-05
0.000271007
5.21273e-05
0.000688701
6.25506e-07
7.6904e-06
1.88591e-06
2.46593e-07
1.35158e-06
1.24896e-06
5.10137e-05
0.000323188
3.67102e-05
0.000733519
6.03465e-07
5.0546e-06
1.58273e-06
6.40089e-08
1.08335e-06
1.08464e-06
3.11518e-05
0.000371842
2.69473e-05
0.000778081
5.81337e-07
3.32046e-06
1.32826e-06
1.77965e-08
8.68326e-07
9.4192e-07
1.89382e-05
0.000421565
2.0983e-05
0.000822026
5.5909e-07
2.18052e-06
1.11467e-06
6.28134e-09
6.9596e-07
8.17974e-07
1.14818e-05
0.00047381
1.75797e-05
0.000864991
5.36695e-07
1.4316e-06
9.35403e-07
3.62094e-09
5.57798e-07
7.1033e-07
6.94964e-06
0.000528784
1.59248e-05
0.000906626
5.14119e-07
9.39772e-07
7.84954e-07
3.25165e-09
4.47057e-07
6.16846e-07
4.2022e-06
0.000586137
1.54929e-05
0.000946608
4.91328e-07
6.1685e-07
6.58693e-07
3.51125e-09
3.58296e-07
5.3566e-07
2.53938e-06
0.000645219
1.59507e-05
0.000984662
4.68288e-07
4.04864e-07
5.52734e-07
3.98431e-09
2.87155e-07
4.65157e-07
1.53398e-06
0.000705207
1.70934e-05
0.00102056
4.44963e-07
2.65718e-07
4.63815e-07
4.57334e-09
2.30137e-07
4.0393e-07
9.26433e-07
0.000765172
1.88017e-05
0.00105413
4.21313e-07
1.74389e-07
3.89197e-07
5.26293e-09
1.8444e-07
3.50761e-07
5.59436e-07
0.000824157
2.10148e-05
0.00108526
3.97299e-07
1.14449e-07
3.26581e-07
6.05993e-09
1.47815e-07
3.04589e-07
3.37794e-07
0.000881232
2.37116e-05
0.0011139
3.72878e-07
7.511e-08
2.74038e-07
6.9785e-09
1.18461e-07
2.64494e-07
2.03954e-07
0.00093556
2.68994e-05
0.00114005
3.48008e-07
4.92925e-08
2.29946e-07
8.03653e-09
9.49321e-08
2.29676e-07
1.23141e-07
0.000986444
3.06071e-05
0.00116374
3.22642e-07
3.23491e-08
1.92948e-07
9.25503e-09
7.60622e-08
1.99442e-07
7.43473e-08
0.00103336
3.48798e-05
0.00118506
2.9673e-07
2.12296e-08
1.61902e-07
1.06583e-08
6.08954e-08
1.73188e-07
4.48892e-08
0.00107598
3.97767e-05
0.00120413
2.70224e-07
1.39326e-08
1.35852e-07
1.22743e-08
4.85914e-08
1.50397e-07
2.71093e-08
0.00111415
4.53698e-05
0.00122109
2.43068e-07
9.14717e-09
1.13994e-07
1.41354e-08
3.82263e-08
1.30632e-07
1.63941e-08
0.0011479
5.17423e-05
0.00123608
2.15207e-07
6.04182e-09
9.57231e-08
1.62786e-08
2.82094e-08
1.13569e-07
9.99293e-09
0.00117739
5.89891e-05
0.00124927
1.86583e-07
4.36851e-09
8.36748e-08
1.87468e-08
9.42641e-09
5.42592e-09
1.01476e-07
6.80759e-09
0.00121462
0.000925617
6.9666e-05
5.57172e-06
9.74046e-07
2.09516e-08
5.35309e-09
5.37395e-09
9.33996e-08
5.36215e-09
0.00120588
0.000937412
8.47424e-05
4.25871e-06
6.56593e-07
2.2787e-08
3.07614e-09
5.46664e-09
8.59662e-08
4.22377e-09
0.00119657
0.000947955
0.000102953
3.2545e-06
4.42804e-07
2.47687e-08
1.81324e-09
5.7634e-09
7.91244e-08
3.32736e-09
0.00118667
0.00095777
0.000124811
2.48672e-06
2.98851e-07
2.69158e-08
1.12542e-09
6.35311e-09
7.28271e-08
2.62172e-09
0.00117616
0.000967135
0.000150879
1.89986e-06
2.01942e-07
2.92458e-08
7.67061e-10
7.36839e-09
6.70309e-08
2.06664e-09
0.00116501
0.000976199
0.000181753
1.45138e-06
1.36722e-07
3.1776e-08
6.0168e-10
9.00677e-09
6.1696e-08
1.63072e-09
0.0011532
0.000985039
0.000218023
1.10869e-06
9.28472e-08
3.45243e-08
5.54578e-10
1.15621e-08
5.67858e-08
1.28965e-09
0.00114072
0.000993698
0.000260226
8.46872e-07
6.33518e-08
3.75099e-08
5.86373e-10
1.54713e-08
5.22663e-08
1.02506e-09
0.00112754
0.0010022
0.000308782
6.46859e-07
4.35437e-08
4.07536e-08
6.78256e-10
2.13836e-08
4.81064e-08
8.23881e-10
0.00111366
0.00101054
0.000363919
4.9407e-07
3.02635e-08
4.42777e-08
0.00109904
0.00101875
0.000425578
3.77361e-07
0.0010837
0.00102681
0.00049333
2.88217e-07
0.00106762
0.00103473
0.000566313
2.20128e-07
0.00105078
0.00104251
0.000643203
1.68123e-07
0.00103319
0.00105014
0.000722255
1.28404e-07
0.00101478
0.00105764
0.000801415
9.80671e-08
0.000995395
0.001065
0.000878503
7.48976e-08
0.00097452
0.00107221
0.000951436
5.72035e-08
0.000950507
0.00107928
0.00101845
4.37442e-08
0.000918091
0.00108621
0.00107825
3.54646e-08
0.00128817
0.000415751
0.00128024
0.000288117
0.00127091
0.000201789
0.00125994
0.000148249
0.00124709
0.000118987
0.00123211
0.000107426
0.0012147
0.000109174
0.00119459
0.000121656
0.00117151
0.000143649
0.00114518
0.00017486
0.00111538
0.000215583
0.00108197
0.000266407
0.00104486
0.000327918
0.00100407
0.000400394
0.000959774
0.000483473
0.000912244
0.000575853
0.000861909
0.000675084
0.000809318
0.000777577
0.000755148
0.000878909
0.00069939
0.000974423
0.000633414
0.000558572
0.000487017
0.000420174
0.00035904
0.000304179
0.000255763
0.00021365
0.000177473
0.000146722
0.000120815
9.91514e-05
8.11468e-05
6.62598e-05
5.40021e-05
4.39446e-05
3.57118e-05
2.90111e-05
2.34323e-05
1.95934e-05
END_LIST
