time,branch0,branch1,branch2,branch3,branch4,branch5,branch6,branch7,branch8,branch9,branch10,branch11,branch12,branch13,branch14,branch15,branch16,branch17,branch18,branch19,branch20,branch21,branch22,branch23,branch24,branch25,branch26,branch27,
0,0.00995382,0.00461758,0.0092058,0.00617697,0.00457848,0.00276901,0.00125031,0.00170879,0.00568963,0.00522587,0.00247702,0.00612385,0.0023153,0.00819681,0.00865312,0.00872695,0.00989368,0.00992622,0.00136074,0.00132985,0.00141464,0.00110276,0.00962383,0.00895701,0.00673622,0.0010747,0.00124986,0.00270955,
1,0.00999338,0.00481507,0.00948542,0.00646593,0.00485218,0.00300393,0.00136835,0.00182689,0.00606736,0.00536402,0.00258838,0.00621347,0.00245375,0.00835215,0.00892198,0.00892399,0.00997012,0.00997588,0.00152144,0.00146986,0.00156221,0.00121491,0.00977939,0.00901816,0.00690079,0.00116999,0.0013859,0.00294199,
2,0.00999354,0.00482596,0.00949158,0.00647518,0.00486625,0.00301895,0.00137708,0.00183522,0.00609179,0.00537225,0.00259661,0.00622055,0.00246244,0.00835656,0.00892797,0.00892801,0.0099706,0.00997614,0.00153419,0.00148073,0.00157325,0.00122374,0.00978196,0.00901989,0.00690653,0.00117695,0.00139634,0.00295698,
3,0.00999354,0.00483179,0.00949232,0.00647635,0.00487025,0.0030232,0.00138047,0.00183953,0.00609475,0.00537831,0.00260242,0.00622666,0.00246647,0.00835933,0.00892961,0.00892962,0.00997064,0.00997619,0.00153766,0.0014842,0.00157667,0.00122689,0.00978214,0.00902129,0.00690994,0.00117865,0.00139924,0.00296119,
4,0.00999355,0.00483748,0.00949291,0.00647727,0.00487385,0.003027,0.00138369,0.00184375,0.0060964,0.00538434,0.00260819,0.00623276,0.00247034,0.00836209,0.0089312,0.00893121,0.00997069,0.00997625,0.00154073,0.00148736,0.00157978,0.00122981,0.00978222,0.00902268,0.00691332,0.0011801,0.00140178,0.00296495,
5,0.00999355,0.00484318,0.0094935,0.00647819,0.00487743,0.00303078,0.00138691,0.00184797,0.00609797,0.00539038,0.00261398,0.00623887,0.00247422,0.00836484,0.00893278,0.0089328,0.00997073,0.00997631,0.00154378,0.00149052,0.00158289,0.00123273,0.0097823,0.00902408,0.00691669,0.00118153,0.00140432,0.0029687,
6,0.00999355,0.00484887,0.00949408,0.0064791,0.00488102,0.00303457,0.00139014,0.00185219,0.00609954,0.00539641,0.00261977,0.00624497,0.0024781,0.00836759,0.00893437,0.00893438,0.00997078,0.00997637,0.00154683,0.00149368,0.001586,0.00123565,0.00978238,0.00902547,0.00692006,0.00118296,0.00140685,0.00297245,
7,0.00999355,0.00485457,0.00949467,0.00648001,0.0048846,0.00303836,0.00139338,0.00185643,0.00610111,0.00540245,0.00262557,0.00625107,0.00248198,0.00837034,0.00893595,0.00893596,0.00997082,0.00997643,0.0015499,0.00149685,0.00158912,0.00123858,0.00978246,0.00902686,0.00692343,0.0011844,0.0014094,0.0029762,
8,0.00999355,0.00486027,0.00949525,0.00648093,0.00488818,0.00304216,0.00139662,0.00186067,0.00610267,0.00540849,0.00263138,0.00625716,0.00248588,0.00837308,0.00893753,0.00893754,0.00997086,0.00997649,0.00155296,0.00150002,0.00159224,0.00124151,0.00978254,0.00902825,0.0069268,0.00118584,0.00141194,0.00297995,
9,0.00999356,0.00486597,0.00949583,0.00648184,0.00489177,0.00304596,0.00139986,0.00186493,0.00610424,0.00541453,0.00263721,0.00626326,0.00248978,0.00837582,0.00893911,0.00893912,0.00997091,0.00997654,0.00155604,0.0015032,0.00159537,0.00124445,0.00978263,0.00902963,0.00693017,0.00118729,0.0014145,0.00298371,
10,0.00999356,0.00487168,0.00949641,0.00648275,0.00489536,0.00304976,0.00140312,0.00186919,0.00610581,0.00542057,0.00264303,0.00626935,0.00249368,0.00837856,0.00894069,0.0089407,0.00997095,0.0099766,0.00155911,0.00150639,0.0015985,0.0012474,0.00978271,0.00903102,0.00693353,0.00118874,0.00141705,0.00298747,
11,3.97172e-05,0.000200587,0.000285063,0.000297545,0.000283585,0.000246635,0.000123912,0.000121455,0.000402251,0.000136806,0.000111116,8.60349e-05,0.000142407,0.000154997,0.000272455,0.000198488,7.68504e-05,4.98133e-05,0.000171775,0.000148585,0.000156371,0.000118702,0.000158153,6.02554e-05,0.000164632,0.00010166,0.000144933,0.000244217,
12,1.56322e-07,5.45719e-06,5.74408e-06,8.66314e-06,1.10274e-05,1.19222e-05,5.88534e-06,4.36594e-06,2.44741e-05,2.27941e-06,2.59282e-06,1.00011e-06,5.11051e-06,1.6656e-06,4.47004e-06,2.46909e-06,4.38917e-07,1.94625e-07,1.04189e-05,8.28241e-06,8.48962e-06,6.36981e-06,2.59552e-06,3.32429e-07,2.40814e-06,5.9565e-06,8.48835e-06,1.19462e-05,
13,2.82799e-09,1.49496e-07,1.5549e-07,2.66694e-07,4.41953e-07,4.97199e-07,1.97912e-07,1.14291e-07,1.48356e-06,3.2051e-08,4.43094e-08,9.93293e-09,1.68322e-07,1.36787e-08,5.24316e-08,2.29155e-08,2.07917e-09,6.57761e-10,4.66147e-07,3.50129e-07,3.48157e-07,2.59328e-07,9.78861e-08,1.58853e-09,3.57057e-08,2.92236e-07,3.94067e-07,5.03891e-07,
14,1.54658e-10,5.52087e-09,7.2017e-09,1.09724e-08,2.14489e-08,2.21822e-08,5.41193e-09,2.491e-09,9.00545e-08,4.1832e-10,6.27282e-10,8.79348e-11,6.48323e-09,9.59806e-11,4.95177e-10,1.78374e-10,9.00747e-12,2.1553e-12,1.83238e-08,1.33596e-08,1.31414e-08,9.50366e-09,5.55262e-09,6.92647e-12,9.75579e-10,1.3476e-08,1.76573e-08,2.26611e-08,
15,9.35989e-12,2.77408e-10,4.15881e-10,5.57812e-10,1.19833e-09,1.14003e-09,1.37515e-10,5.17931e-11,5.47152e-09,5.69114e-12,8.22991e-12,7.15311e-13,3.14089e-10,6.14203e-13,4.02286e-12,1.23968e-12,3.88295e-14,7.87897e-15,7.3986e-10,5.35794e-10,5.41415e-10,3.6351e-10,3.35386e-10,2.84648e-14,4.80903e-11,6.46257e-10,8.61555e-10,1.16873e-09,
16,5.69256e-13,1.60229e-11,2.50716e-11,3.12526e-11,7.09598e-11,6.47761e-11,3.94062e-12,1.28886e-12,3.32563e-10,1.07479e-13,1.28655e-13,5.46238e-15,1.75872e-11,3.76789e-15,2.93464e-14,8.00884e-15,1.77761e-16,3.70408e-17,3.42133e-11,2.49001e-11,2.63859e-11,1.61085e-11,2.03902e-11,1.12522e-16,2.81856e-12,3.38552e-11,4.67405e-11,6.64654e-11,
17,3.46214e-14,9.62946e-13,1.52182e-12,1.83167e-12,4.28088e-12,3.84938e-12,1.52721e-13,4.77789e-14,2.02162e-11,3.76546e-15,3.65818e-15,3.97657e-17,1.04297e-12,2.325e-17,1.98477e-16,4.97064e-17,8.94205e-19,2.34219e-19,1.82053e-12,1.33176e-12,1.46328e-12,8.32788e-13,1.24009e-12,4.33531e-19,1.70217e-13,1.91448e-12,2.71258e-12,3.95006e-12,
18,2.10519e-15,5.84043e-14,9.24842e-14,1.0968e-13,2.59672e-13,2.32387e-13,7.771e-15,2.44554e-15,1.22898e-12,1.97415e-16,1.78818e-16,2.79221e-19,6.29722e-14,1.5474e-19,1.28131e-18,3.07869e-19,5.03048e-21,2.03135e-21,1.05188e-13,7.71189e-14,8.62547e-14,4.73767e-14,7.5406e-14,1.644e-21,1.03329e-14,1.13029e-13,1.6224e-13,2.38452e-13,
19,1.27993e-16,3.5491e-15,5.62197e-15,6.62978e-15,1.57763e-14,1.40986e-14,4.48328e-16,1.42196e-16,7.47134e-14,1.16437e-17,1.04305e-17,1.91518e-21,3.82133e-15,1.39907e-21,8.24473e-21,2.08037e-21,3.46009e-23,3.32697e-23,6.28937e-15,4.61405e-15,5.196e-15,2.81328e-15,4.58464e-15,6.2876e-24,6.27937e-16,6.79965e-15,9.81153e-15,1.44659e-14,
20,7.7814e-18,2.15749e-16,3.41774e-16,4.02243e-16,9.58915e-16,8.56593e-16,2.68962e-17,8.55666e-18,4.54208e-15,7.0373e-19,6.29658e-19,1.34264e-23,2.32202e-16,3.02988e-23,6.2169e-23,2.22972e-23,4.5452e-25,1.27844e-24,3.80473e-16,2.79162e-16,3.15087e-16,1.69734e-16,2.78727e-16,3.14136e-26,3.81705e-17,4.11937e-16,5.95518e-16,8.7889e-16,
