BEGIN_LIST
0
1.19236e-140
4.13002e-140
1.13007e-139
2.87356e-139
7.10583e-139
1.73721e-138
4.22678e-138
1.02634e-137
2.49002e-137
6.0389e-137
1.46439e-136
3.55085e-136
8.61006e-136
2.08778e-135
5.06265e-135
1.22766e-134
2.9771e-134
7.21982e-134
1.75095e-133
4.23104e-133
1.87193e-132
4.35577e-133
4.42545e-132
4.48423e-133
8.75782e-132
4.6165e-133
1.59279e-131
4.75272e-133
2.75995e-131
4.89298e-133
4.63976e-131
5.03742e-133
7.64924e-131
5.18616e-133
1.24577e-130
5.33932e-133
2.01541e-130
5.49715e-133
3.25404e-130
5.66437e-133
5.26572e-130
6.03674e-133
8.57447e-130
1.49409e-132
1.4104e-129
3.8681e-131
2.3519e-129
1.62067e-129
3.98848e-129
6.89593e-128
6.89578e-129
2.93517e-126
1.2173e-128
1.24937e-124
2.19448e-128
5.31756e-123
4.03329e-128
2.26333e-121
7.52338e-128
9.6338e-120
7.63866e-128
1.01369e-127
4.30899e-128
2.24307e-119
1.03006e-119
7.71803e-128
1.17356e-127
2.49458e-128
4.24329e-119
1.1004e-119
7.75861e-128
1.26782e-127
1.45812e-128
7.23067e-119
1.17421e-119
7.75839e-128
1.31941e-127
8.59668e-129
1.15392e-118
1.25118e-119
7.71643e-128
1.34299e-127
5.10727e-129
1.75826e-118
1.33076e-119
7.63286e-128
1.348e-127
3.05464e-129
2.58692e-118
1.41215e-119
7.50897e-128
1.3405e-127
1.83762e-129
3.70227e-118
1.49421e-119
7.34712e-128
1.32443e-127
1.11098e-129
5.18099e-118
1.5754e-119
7.15062e-128
1.30239e-127
6.74499e-130
7.11815e-118
1.65372e-119
6.92353e-128
1.27609e-127
4.10941e-130
9.63314e-118
1.7266e-119
6.67047e-128
1.24672e-127
2.51094e-130
1.28785e-117
1.79092e-119
6.39636e-128
1.21508e-127
1.53789e-130
1.70534e-117
1.84284e-119
6.10623e-128
1.18176e-127
9.43737e-131
2.24241e-117
1.87775e-119
5.805e-128
1.14721e-127
5.80023e-131
2.93558e-117
1.88985e-119
5.49728e-128
1.11177e-127
3.56917e-131
3.83624e-117
1.87139e-119
5.1873e-128
1.07572e-127
2.19831e-131
5.01853e-117
1.81094e-119
4.87881e-128
1.03929e-127
1.35488e-131
6.59208e-117
1.68978e-119
4.575e-128
1.00267e-127
8.3541e-132
8.72271e-117
1.47478e-119
4.27946e-128
9.66044e-128
5.15201e-132
1.16673e-116
1.10418e-119
3.79308e-128
9.29567e-128
3.17701e-132
1.5834e-116
4.56789e-120
3.43452e-128
3.53114e-128
9.47055e-128
4.36633e-128
1.38875e-127
2.31145e-132
1.68326e-116
1.29901e-116
4.25115e-120
1.23081e-120
3.46778e-128
3.28268e-128
8.90859e-128
2.05617e-128
1.71065e-127
1.68084e-132
1.77494e-116
1.02463e-116
3.93728e-120
3.28885e-121
4.62349e-128
3.04782e-128
7.72354e-128
9.69219e-129
1.93683e-127
1.22141e-132
1.85751e-116
7.82912e-117
3.62992e-120
8.76767e-122
9.25262e-128
2.82651e-128
6.21366e-128
4.57102e-129
2.10083e-127
8.86708e-133
1.93004e-116
5.83801e-117
3.3322e-120
2.3359e-122
2.49351e-127
2.61855e-128
4.70029e-128
2.15654e-129
2.22726e-127
6.42917e-133
1.99167e-116
4.27582e-117
3.04669e-120
6.22244e-123
7.61514e-127
2.42363e-128
3.39519e-128
1.01768e-129
2.33282e-127
4.65383e-133
2.04156e-116
3.09175e-117
2.77537e-120
1.6575e-123
2.42101e-126
2.24132e-128
2.37669e-128
4.80337e-130
2.42803e-127
3.36148e-133
2.07894e-116
2.21562e-117
2.51966e-120
4.41513e-124
7.79403e-126
2.07116e-128
1.6365e-128
2.26742e-130
2.51897e-127
2.42119e-133
2.10309e-116
1.57799e-117
2.28046e-120
1.17609e-124
2.52063e-125
1.91263e-128
1.13821e-128
1.07035e-130
2.60878e-127
1.73751e-133
2.11336e-116
1.11914e-117
2.05821e-120
3.13293e-125
8.16997e-125
1.76516e-128
8.71585e-129
5.05212e-131
2.69863e-127
1.24086e-133
2.10917e-116
7.91456e-118
1.85293e-120
8.34646e-126
2.65183e-124
1.62817e-128
9.38776e-129
2.38378e-131
2.78845e-127
8.80489e-134
2.09003e-116
5.58644e-118
1.66436e-120
2.22438e-126
8.61648e-124
1.50108e-128
1.79572e-128
1.12385e-131
2.87738e-127
6.19405e-134
2.05552e-116
3.93807e-118
1.49195e-120
5.93654e-127
2.80208e-123
1.38332e-128
5.03458e-128
5.28972e-132
2.96407e-127
4.30622e-134
2.00533e-116
2.77368e-118
1.335e-120
1.59344e-127
9.11859e-123
1.2743e-128
1.59608e-127
2.48148e-132
3.04683e-127
2.94469e-134
1.93924e-116
1.95244e-118
1.19266e-120
4.3753e-128
2.96904e-122
1.17346e-128
5.20845e-127
1.15639e-132
3.12374e-127
1.96601e-134
1.85713e-116
1.37382e-118
1.06399e-120
1.30753e-128
9.67173e-122
1.08028e-128
1.71093e-126
5.31746e-133
3.19275e-127
1.26557e-134
1.759e-116
9.66437e-119
9.48011e-121
5.02849e-129
3.15176e-121
9.94227e-129
5.62992e-126
2.3785e-133
3.25172e-127
7.67177e-135
1.64494e-116
6.79787e-119
8.43751e-121
3.02176e-129
1.02739e-120
9.1484e-129
1.85363e-125
1.00099e-133
3.29849e-127
4.15261e-135
1.51519e-116
4.78569e-119
7.50254e-121
2.63624e-129
3.34988e-120
8.41727e-129
6.10457e-125
3.60233e-134
3.33095e-127
1.69356e-135
1.37007e-116
3.41388e-119
6.67418e-121
2.69579e-129
1.09251e-119
7.74745e-129
2.01069e-124
6.67145e-135
3.3471e-127
0
1.21005e-116
2.87062e-119
6.28758e-121
2.88821e-129
6.34079e-120
1.64871e-119
7.37565e-129
3.50067e-124
6.91771e-135
3.88067e-135
3.33613e-127
1.03117e-116
8.63095e-117
3.02881e-129
3.67988e-120
2.42861e-119
7.02129e-129
6.06141e-124
7.17309e-135
2.25733e-135
3.27829e-127
8.71541e-117
6.15275e-117
3.18005e-129
2.13555e-120
3.52265e-119
6.68362e-129
1.04687e-123
7.43799e-135
1.31304e-135
3.17111e-127
7.31481e-117
4.38432e-117
3.34067e-129
1.2393e-120
5.05781e-119
6.36187e-129
1.80588e-123
7.71302e-135
7.63736e-136
3.01505e-127
6.10317e-117
3.1232e-117
3.51024e-129
7.19186e-121
7.21236e-119
6.05534e-129
3.11346e-123
7.99919e-135
4.44202e-136
2.81385e-127
5.06726e-117
2.22426e-117
3.68879e-129
4.17351e-121
1.02367e-118
5.76333e-129
5.36641e-123
8.29872e-135
2.58322e-136
2.57448e-127
4.19013e-117
1.58367e-117
3.87656e-129
2.42192e-121
1.44823e-118
5.48519e-129
9.24849e-123
8.61709e-135
1.5019e-136
2.30657e-127
3.45331e-117
1.12727e-117
4.07389e-129
1.40546e-121
2.04427e-118
5.22029e-129
1.5938e-122
8.96881e-135
8.72881e-137
2.02151e-127
2.83835e-117
8.02143e-118
4.28123e-129
8.15598e-122
2.8811e-118
4.968e-129
2.74654e-122
9.39338e-135
5.06973e-137
1.73126e-127
2.32777e-117
5.70554e-118
4.49902e-129
4.73295e-122
4.056e-118
4.72777e-129
9.99932e-135
2.94133e-137
1.44718e-127
1.90564e-117
1.10862e-134
1.70342e-137
1.17907e-127
1.55783e-117
1.34819e-134
9.83566e-138
9.34463e-128
1.27204e-117
1.94766e-134
5.65093e-138
7.18385e-128
1.03772e-117
3.54057e-134
3.2195e-138
5.33365e-128
8.45936e-118
7.87972e-134
1.80802e-138
3.79744e-128
6.89191e-118
1.98148e-133
9.89809e-139
2.56125e-128
5.61225e-118
5.27639e-133
5.16645e-139
1.59869e-128
4.56847e-118
1.43853e-132
2.44117e-139
8.75846e-129
3.71793e-118
3.95811e-132
8.81958e-140
3.55413e-129
3.0325e-118
1.09288e-131
0
0
2.72884e-118
1.11444e-131
6.23602e-131
1.13643e-131
9.99313e-131
1.15885e-131
1.25607e-130
1.18171e-131
1.42301e-130
1.20502e-131
1.52869e-130
1.22879e-131
1.59458e-130
1.25303e-131
1.63312e-130
1.27775e-131
1.64891e-130
1.30296e-131
1.64107e-130
1.32866e-131
1.60581e-130
1.35487e-131
1.53872e-130
1.3816e-131
1.43689e-130
1.40886e-131
1.3003e-130
1.43665e-131
1.13266e-130
1.46499e-131
9.41317e-131
1.49389e-131
7.36361e-131
1.52336e-131
5.29262e-131
1.55342e-131
3.3134e-131
1.58407e-131
1.52433e-131
1.61516e-131
0
1.65952e-131
1.70508e-131
1.75191e-131
1.80001e-131
1.84944e-131
1.90022e-131
1.9524e-131
2.00601e-131
2.0611e-131
2.11769e-131
2.17585e-131
2.23559e-131
2.29698e-131
2.36005e-131
2.42487e-131
2.49139e-131
2.5601e-131
2.62901e-131
2.70761e-131
2.75235e-131
END_LIST
