BEGIN_LIST
0.1
0.099722
0.0994237
0.099104
0.0987616
0.0983951
0.0980031
0.0975842
0.0971368
0.0966595
0.0961506
0.0956085
0.0950312
0.0944166
0.0937612
0.0930591
0.0922981
0.0914508
0.0904516
0.0891434
0.0871461
0.0799086
0.0870335
0.0723704
0.0868898
0.0647339
0.0867065
0.0572033
0.0864732
0.0499654
0.0861768
0.0431728
0.0858009
0.0369357
0.0853256
0.0313199
0.0847265
0.0263503
0.0839745
0.0220185
0.0830353
0.0182913
0.0818698
0.0151198
0.0804348
0.0124467
0.0786848
0.0102121
0.0765751
0.00835893
0.0740663
0.00683634
0.0711299
0.00560576
0.0677548
0.00465064
0.063943
0.00399942
0.0594517
0.00378014
0.0475412
0.00330708
0.00409297
0.00385398
0.0420508
0.0404893
0.00289069
0.00440965
0.00426139
0.0371592
0.0342626
0.00252479
0.00473752
0.00488934
0.0328089
0.028832
0.00220371
0.00508152
0.0056947
0.0289462
0.024146
0.00192233
0.0054451
0.0066682
0.0255213
0.020139
0.00167601
0.00583094
0.00781744
0.0224885
0.0167388
0.00146059
0.00624125
0.00915885
0.0198058
0.0138723
0.00127236
0.00667798
0.0107137
0.0174351
0.0114686
0.001108
0.00714297
0.0125057
0.0153419
0.00946211
0.000964581
0.007638
0.0145596
0.0134951
0.00779345
0.000839508
0.00816486
0.0168994
0.0118668
0.00640997
0.000730484
0.00872533
0.0195471
0.0104316
0.0052657
0.000635493
0.00932124
0.0225204
0.00916684
0.00432092
0.000552758
0.00995442
0.0258305
0.00805173
0.00354128
0.000480722
0.0106268
0.02948
0.00706655
0.00289668
0.000418019
0.0113401
0.0334603
0.00619123
0.00235919
0.000363453
0.0120965
0.0377498
0.0054022
0.00189921
0.000315976
0.0128976
0.0423121
0.00466592
0.00147706
0.000274828
0.0137456
0.047096
0.00392464
0.0010239
0.000223109
0.0146421
0.0520363
0.00306531
0.0003967
0.000181981
0.000198066
0.00926441
0.0224525
0.00979293
0.055417
0.00296408
0.00205915
0.000344099
0.000103467
0.000148413
0.000175827
0.00576685
0.0275491
0.00663232
0.0587996
0.00286262
0.00138015
0.000298451
2.73319e-05
0.000121024
0.000156079
0.0035525
0.0316893
0.00459184
0.0621608
0.00276081
0.000923664
0.000258841
7.61069e-06
9.86804e-05
0.000138544
0.0021742
0.0355562
0.00329274
0.0654762
0.00265853
0.000617535
0.000224476
2.55228e-06
8.04558e-05
0.000122976
0.00132531
0.0394043
0.00248503
0.068722
0.00255562
0.000412587
0.000194663
1.3112e-06
6.5593e-05
0.000109155
0.000805863
0.0433121
0.00200483
0.0718752
0.00245194
0.000275533
0.000168803
1.07102e-06
5.34732e-05
9.68843e-05
0.000489273
0.0472831
0.0017454
0.0749147
0.00234735
0.00018395
0.000146372
1.10128e-06
4.35911e-05
8.59917e-05
0.000296786
0.0512872
0.00163781
0.0778223
0.00224169
0.000122783
0.000126918
1.21354e-06
3.5534e-05
7.63224e-05
0.000179926
0.0552799
0.00163802
0.0805823
0.0021348
8.19441e-05
0.000110047
1.36035e-06
2.89654e-05
6.77393e-05
0.000109043
0.0592106
0.00171848
0.0831829
0.00202651
5.46838e-05
9.54156e-05
1.53105e-06
2.36105e-05
6.01206e-05
6.60715e-05
0.0630291
0.00186252
0.0856152
0.00191663
3.649e-05
8.27281e-05
1.72478e-06
1.92452e-05
5.33581e-05
4.00291e-05
0.0666884
0.00206079
0.0878741
0.00180498
2.43484e-05
7.17263e-05
1.94343e-06
1.56867e-05
4.73557e-05
2.42496e-05
0.0701483
0.00230888
0.0899579
0.00169137
1.62464e-05
6.21866e-05
2.18991e-06
1.27857e-05
4.20282e-05
1.46897e-05
0.0733769
0.00260586
0.0918673
0.00157558
1.08401e-05
5.3915e-05
2.46768e-06
1.04203e-05
3.72997e-05
8.89843e-06
0.0763517
0.00295322
0.0936063
0.00145741
7.23282e-06
4.6743e-05
2.78069e-06
8.48967e-06
3.31031e-05
5.39028e-06
0.0790594
0.00335439
0.0951806
0.00133663
4.8259e-06
4.05247e-05
3.1334e-06
6.90738e-06
2.93788e-05
3.26544e-06
0.0814961
0.00381422
0.0965977
0.00121299
3.22013e-06
3.51333e-05
3.53085e-06
5.58895e-06
2.6075e-05
1.97916e-06
0.0836656
0.0043389
0.0978667
0.00108626
2.1506e-06
3.04598e-05
3.97871e-06
4.41864e-06
2.31486e-05
1.20293e-06
0.0855782
0.00493568
0.0989974
0.000956166
1.45618e-06
2.64441e-05
4.48337e-06
3.14587e-06
2.0574e-05
7.42952e-07
0.0872489
0.00561292
0.1
0.000822432
1.18877e-06
2.45983e-05
5.05203e-06
1.77666e-06
3.13729e-06
1.9181e-05
5.86156e-07
0.0867352
0.0878105
0.00680798
0.000655407
0.000556671
5.42478e-06
1.00659e-06
3.2142e-06
1.78823e-05
4.62484e-07
0.0861947
0.0884437
0.00825258
0.000522086
0.000376905
5.8216e-06
5.74352e-07
3.4122e-06
1.66715e-05
3.6496e-07
0.0856266
0.0891117
0.00998726
0.000415746
0.000255319
6.2458e-06
3.32829e-07
3.78421e-06
1.55427e-05
2.88101e-07
0.0850299
0.0897947
0.0120579
0.000330979
0.000173093
6.70011e-06
1.99265e-07
4.40879e-06
1.44903e-05
2.27604e-07
0.0844039
0.0904821
0.014514
0.00026344
0.000117497
7.18709e-06
1.27179e-07
5.40233e-06
1.35092e-05
1.80125e-07
0.0837477
0.0911682
0.0174069
0.000209647
7.99143e-05
7.70927e-06
9.05674e-08
6.93717e-06
1.25944e-05
1.43106e-07
0.0830606
0.0918499
0.0207862
0.000166817
5.45197e-05
8.26931e-06
7.50083e-08
9.26833e-06
1.17416e-05
1.14678e-07
0.0823417
0.0925254
0.0246961
0.000132722
3.7371e-05
8.86999e-06
7.26629e-08
1.27731e-05
1.09466e-05
9.36319e-08
0.0815905
0.0931938
0.0291696
0.000105587
2.5802e-05
9.51427e-06
7.94786e-08
1.80093e-05
1.02053e-05
0.0808063
0.0938546
0.0342222
8.39942e-05
0.0799885
0.0945073
0.0398456
6.68135e-05
0.0791364
0.0951518
0.0460007
5.31448e-05
0.078249
0.095788
0.0526143
4.2271e-05
0.0773242
0.0964157
0.0595775
3.36211e-05
0.076356
0.0970348
0.0667499
2.67407e-05
0.0753283
0.0976453
0.0739678
2.1268e-05
0.0741951
0.0982471
0.0810581
1.69151e-05
0.072825
0.0988402
0.0878529
1.34537e-05
0.0708444
0.0994245
0.0942051
1.07284e-05
0.0671915
0.1
0.1
9.53607e-06
0.0670115
0.0445272
0.066805
0.0296813
0.0665686
0.0203344
0.0662983
0.0147479
0.0659894
0.0117178
0.0656373
0.010462
0.0652363
0.010504
0.0647807
0.0115782
0.0642641
0.0135628
0.0636798
0.0164318
0.0630206
0.0202211
0.0622794
0.0250022
0.0614486
0.0308578
0.0605211
0.0378567
0.0594899
0.0460271
0.0583487
0.0553309
0.0570925
0.0656426
0.0557173
0.0767403
0.0542208
0.088315
0.0525883
0.1
0.0501442
0.0474875
0.0446445
0.0416516
0.0385538
0.0354021
0.03225
0.0291503
0.0261512
0.023294
0.0206109
0.0181249
0.0158494
0.0137894
0.0119429
0.0103025
0.00885381
0.00759827
0.00643033
0.00583934
END_LIST
