BEGIN_LIST
0
1.53131e-49
5.27038e-49
1.42806e-48
3.58701e-48
8.74744e-48
2.10685e-47
5.04733e-47
1.20637e-46
2.88043e-46
6.87462e-46
1.64047e-45
3.91437e-45
9.34014e-45
2.2287e-44
5.31819e-44
1.26908e-43
3.0285e-43
7.22746e-43
1.72488e-42
4.11668e-42
1.77898e-41
4.2863e-42
4.08437e-41
4.46299e-42
7.74828e-41
4.64704e-42
1.33199e-40
4.83877e-42
2.14989e-40
5.03851e-42
3.31586e-40
5.24658e-42
4.93782e-40
5.46333e-42
7.14976e-40
5.68914e-42
1.01235e-39
5.92439e-42
1.40933e-39
6.16946e-42
1.94087e-39
6.42479e-42
2.66397e-39
6.69079e-42
3.67867e-39
6.96793e-42
5.16884e-39
7.25722e-42
7.48161e-39
7.58205e-42
1.12825e-38
8.91736e-42
1.78601e-38
5.27283e-41
2.97248e-38
1.90327e-39
5.17658e-38
8.06303e-38
9.3363e-38
3.43057e-36
9.4816e-38
1.25121e-37
5.35566e-38
7.97705e-36
3.6722e-36
9.58242e-38
1.44532e-37
3.10743e-38
1.50529e-35
3.92743e-36
9.63516e-38
1.55963e-37
1.82207e-38
2.55588e-35
4.19568e-36
9.63731e-38
1.62205e-37
1.07898e-38
4.0597e-35
4.47581e-36
9.58764e-38
1.65042e-37
6.44903e-39
6.14934e-35
4.76594e-36
9.48628e-38
1.6562e-37
3.88876e-39
8.98217e-35
5.06321e-36
9.33479e-38
1.64676e-37
2.3649e-39
1.27433e-34
5.36353e-36
9.13607e-38
1.6269e-37
1.4501e-39
1.76495e-34
5.66136e-36
8.89418e-38
1.59976e-37
8.96451e-40
2.39551e-34
5.94941e-36
8.61415e-38
1.56744e-37
5.58726e-40
3.19608e-34
6.21844e-36
8.30169e-38
1.53136e-37
3.51113e-40
4.20278e-34
6.45699e-36
7.96289e-38
1.49252e-37
2.22492e-40
5.45998e-34
6.65115e-36
7.60399e-38
1.45163e-37
1.42178e-40
7.02394e-34
6.78396e-36
7.23108e-38
1.40922e-37
9.16197e-41
8.96867e-34
6.83423e-36
6.84991e-38
1.36573e-37
5.95253e-41
1.13956e-33
6.77358e-36
6.46573e-38
1.32148e-37
3.89761e-41
1.44497e-33
6.56017e-36
6.08319e-38
1.27676e-37
2.57041e-41
1.83462e-33
6.12571e-36
5.70629e-38
1.23181e-37
1.70579e-41
2.3417e-33
5.34958e-36
5.33985e-38
1.18685e-37
1.13781e-41
3.019e-33
4.00727e-36
4.69837e-38
1.14207e-37
7.61784e-42
3.95326e-33
1.65893e-36
4.05186e-38
4.37525e-38
1.16344e-37
5.36424e-38
1.70637e-37
5.85725e-42
4.17963e-33
3.23672e-33
1.54442e-36
4.47744e-37
3.47809e-38
4.06865e-38
1.0943e-37
2.52597e-38
2.10197e-37
4.50345e-42
4.38599e-33
2.54813e-33
1.43088e-36
1.2029e-37
2.9738e-38
3.77873e-38
9.48648e-38
1.1906e-38
2.37997e-37
3.46032e-42
4.57023e-33
1.94333e-33
1.31962e-36
3.2728e-38
2.53421e-38
3.50545e-38
7.63116e-38
5.61478e-39
2.58158e-37
2.65533e-42
4.73033e-33
1.44643e-33
1.2118e-36
9.42601e-39
2.15359e-38
3.24856e-38
5.77161e-38
2.64881e-39
2.73703e-37
2.03345e-42
4.86435e-33
1.05745e-33
1.10834e-36
3.27664e-39
1.82592e-38
3.00769e-38
4.16731e-38
1.2499e-39
2.86684e-37
1.55277e-42
4.97047e-33
7.6323e-34
1.00998e-36
1.70528e-39
1.54516e-38
2.78235e-38
2.9127e-38
5.89907e-40
2.98394e-37
1.18126e-42
5.04695e-33
5.45959e-34
9.17238e-37
1.35998e-39
1.30559e-38
2.57195e-38
1.99222e-38
2.78446e-40
3.0958e-37
8.94299e-43
5.09224e-33
3.88134e-34
8.30441e-37
1.34791e-39
1.10203e-38
2.37586e-38
1.34379e-38
1.31434e-40
3.20628e-37
6.72947e-43
5.10491e-33
2.74772e-34
7.49757e-37
1.43171e-39
9.30215e-39
2.1934e-38
8.98507e-39
6.20338e-41
3.3168e-37
5.02541e-43
5.08369e-33
1.93964e-34
6.75207e-37
1.54873e-39
7.87781e-39
2.02386e-38
5.97523e-39
2.92682e-41
3.42728e-37
3.71722e-43
5.02752e-33
1.36657e-34
6.06695e-37
1.68296e-39
6.77363e-39
1.86652e-38
3.9604e-39
1.3798e-41
3.53669e-37
2.71657e-43
4.9355e-33
9.61559e-35
5.44034e-37
1.83086e-39
6.16718e-39
1.72067e-38
2.61962e-39
6.49416e-42
3.64333e-37
1.95466e-43
4.80697e-33
6.75989e-35
4.86967e-37
1.99229e-39
6.71754e-39
1.58561e-38
1.73063e-39
3.04641e-42
3.74515e-37
1.37786e-43
4.64146e-33
4.74948e-35
4.35191e-37
2.16807e-39
1.0644e-38
1.46065e-38
1.14253e-39
1.41963e-42
3.83977e-37
9.44266e-44
4.43875e-33
3.33564e-35
3.8837e-37
2.35936e-39
2.52467e-38
1.34514e-38
7.54187e-40
6.52797e-43
3.92468e-37
6.21164e-44
4.19885e-33
2.34204e-35
3.46155e-37
2.56751e-39
7.43999e-38
1.23843e-38
4.98538e-40
2.92004e-43
3.99725e-37
3.83013e-44
3.92202e-33
1.64422e-35
3.0819e-37
2.79396e-39
2.36073e-37
1.13996e-38
3.32258e-40
1.22897e-43
4.05483e-37
2.09878e-44
3.60878e-33
1.15529e-35
2.74133e-37
3.04031e-39
7.6485e-37
1.04924e-38
2.30525e-40
4.42339e-44
4.0948e-37
8.62305e-45
3.2599e-33
8.22542e-36
2.43948e-37
3.30829e-39
2.49207e-36
9.66095e-39
1.89681e-40
8.19807e-45
4.11473e-37
0
2.87643e-33
6.90898e-36
2.29858e-37
3.59978e-39
1.44439e-36
3.76314e-36
9.19933e-39
1.97e-40
8.50466e-45
4.77047e-45
4.10134e-37
2.44904e-33
2.04697e-33
3.78464e-39
8.37102e-37
5.54946e-36
8.7593e-39
2.32822e-40
8.82802e-45
2.77627e-45
4.03032e-37
2.06811e-33
1.45586e-33
3.97778e-39
4.85129e-37
8.06117e-36
8.33989e-39
3.13706e-40
9.17814e-45
1.61591e-45
3.89863e-37
1.73424e-33
1.035e-33
4.18015e-39
2.81144e-37
1.15941e-35
7.9402e-39
4.68963e-40
9.58187e-45
9.40648e-46
3.70684e-37
1.44572e-33
7.3557e-34
4.39247e-39
1.62929e-37
1.65645e-35
7.55933e-39
7.49779e-40
1.01127e-44
5.47641e-46
3.45954e-37
1.19929e-33
5.22625e-34
4.61535e-39
9.44224e-38
2.35585e-35
7.19644e-39
1.24498e-39
1.09731e-44
3.18866e-46
3.16529e-37
9.90832e-34
3.71231e-34
4.84939e-39
5.47232e-38
3.3401e-35
6.85071e-39
2.10825e-39
1.27224e-44
1.85667e-46
2.83594e-37
8.15889e-34
2.63622e-34
5.09516e-39
3.17188e-38
4.72528e-35
6.52136e-39
3.60515e-39
1.69072e-44
1.08098e-46
2.48549e-37
6.70013e-34
1.87146e-34
5.35325e-39
1.83893e-38
6.67481e-35
6.20765e-39
6.19423e-39
2.78055e-44
6.29152e-47
2.12865e-37
5.49009e-34
1.32801e-34
5.62426e-39
1.06669e-38
9.41859e-35
5.90884e-39
5.72524e-44
3.659e-47
1.77938e-37
4.49058e-34
1.37991e-43
2.12483e-47
1.44974e-37
3.66777e-34
3.60614e-43
1.23058e-47
1.14899e-37
2.99228e-34
9.75771e-43
7.09284e-48
8.83316e-38
2.43894e-34
2.67696e-42
4.05445e-48
6.55823e-38
1.98645e-34
7.38293e-42
2.2844e-48
4.66935e-38
1.61695e-34
2.04026e-41
1.25447e-48
3.14934e-38
1.31556e-34
5.64252e-41
6.56545e-49
1.96578e-38
1.06994e-34
1.56093e-40
3.10868e-49
1.07696e-38
8.69967e-35
4.31864e-40
1.12461e-49
4.37022e-39
7.08955e-35
1.19491e-39
0
0
6.37655e-35
1.21848e-39
6.825e-39
1.24252e-39
1.09379e-38
1.26704e-39
1.37487e-38
1.29204e-39
1.55762e-38
1.31753e-39
1.67332e-38
1.34352e-39
1.74545e-38
1.37003e-39
1.78764e-38
1.39706e-39
1.80493e-38
1.42462e-39
1.79636e-38
1.45273e-39
1.75775e-38
1.48139e-39
1.68432e-38
1.51062e-39
1.57285e-38
1.54043e-39
1.42334e-38
1.57082e-39
1.23984e-38
1.60181e-39
1.03039e-38
1.63341e-39
8.06037e-39
1.66564e-39
5.79342e-39
1.6985e-39
3.62693e-39
1.73202e-39
1.66857e-39
1.76603e-39
0
1.81453e-39
1.86436e-39
1.91556e-39
1.96817e-39
2.02222e-39
2.07775e-39
2.13482e-39
2.19344e-39
2.25368e-39
2.31558e-39
2.37917e-39
2.44451e-39
2.51164e-39
2.58061e-39
2.6515e-39
2.72425e-39
2.79939e-39
2.87475e-39
2.96071e-39
3.00964e-39
END_LIST
