BEGIN_LIST
0
3.37282e-90
1.16817e-89
3.196e-89
8.12563e-89
2.00897e-88
4.91047e-88
1.1945e-87
2.8998e-87
7.03344e-87
1.70532e-86
4.13409e-86
1.00212e-85
2.42914e-85
5.88814e-85
1.42727e-84
3.45965e-84
8.38608e-84
2.03278e-83
4.92744e-83
1.19441e-82
5.29252e-82
1.22983e-82
1.25139e-81
1.26631e-82
2.47631e-81
1.30387e-82
4.50303e-81
1.34255e-82
7.80127e-81
1.38237e-82
1.31118e-80
1.42338e-82
2.16113e-80
1.4656e-82
3.51876e-80
1.50908e-82
5.69123e-80
1.55385e-82
9.18671e-80
1.59994e-82
1.48626e-79
1.64742e-82
2.41966e-79
1.6968e-82
3.97935e-79
1.76873e-82
6.63476e-79
2.74014e-82
1.12503e-78
4.19358e-81
1.94493e-78
1.70801e-79
3.43315e-78
7.26209e-78
6.18882e-78
3.09072e-76
1.13743e-77
1.31548e-74
2.12164e-77
5.59913e-73
2.15415e-77
2.85867e-77
1.21516e-77
1.30352e-72
5.9873e-73
2.17653e-77
3.3095e-77
7.03487e-78
2.46536e-72
6.39676e-73
2.18798e-77
3.57531e-77
4.112e-78
4.19972e-72
6.82653e-73
2.18792e-77
3.72079e-77
2.42432e-78
6.69945e-72
7.27471e-73
2.17608e-77
3.78731e-77
1.44028e-78
1.02028e-71
7.73817e-73
2.15252e-77
3.80143e-77
8.61429e-79
1.50018e-71
8.21225e-73
2.11758e-77
3.78028e-77
5.18221e-79
2.14533e-71
8.69033e-73
2.07194e-77
3.73497e-77
3.13305e-79
2.99947e-71
9.16345e-73
2.01652e-77
3.6728e-77
1.90214e-79
4.11658e-71
9.6199e-73
1.95248e-77
3.59865e-77
1.15889e-79
5.56415e-71
1.00448e-72
1.88112e-77
3.5158e-77
7.08106e-80
7.42806e-71
1.042e-72
1.80382e-77
3.42658e-77
4.33697e-80
9.81995e-71
1.07231e-72
1.722e-77
3.33263e-77
2.66142e-80
1.28886e-70
1.09271e-72
1.63705e-77
3.2352e-77
1.63572e-80
1.68374e-70
1.09985e-72
1.55027e-77
3.13526e-77
1.00654e-80
2.19524e-70
1.08919e-72
1.46286e-77
3.03359e-77
6.19946e-81
2.86458e-70
1.05408e-72
1.37586e-77
2.93084e-77
3.82091e-81
3.75271e-70
9.83612e-73
1.29018e-77
2.82758e-77
2.35594e-81
4.95196e-70
8.58508e-73
1.20692e-77
2.72429e-77
1.45292e-81
6.60551e-70
6.428e-73
1.06155e-77
2.62142e-77
8.95953e-82
8.94149e-70
2.6593e-73
9.15305e-78
9.88312e-78
2.67074e-77
1.23133e-77
3.91636e-77
6.51856e-82
9.50172e-70
7.33448e-70
2.47497e-73
7.1657e-74
7.85564e-78
9.18837e-78
2.51226e-77
5.79851e-78
4.82411e-77
4.74018e-82
1.00158e-69
5.78452e-70
2.29231e-73
1.91484e-74
6.71626e-78
8.53159e-78
2.17805e-77
2.73325e-78
5.46195e-77
3.44452e-82
1.04785e-69
4.41931e-70
2.11342e-73
5.10505e-75
5.72526e-78
7.91264e-78
1.75222e-77
1.28905e-78
5.92444e-77
2.50064e-82
1.08848e-69
3.29496e-70
1.94014e-73
1.36031e-75
4.87396e-78
7.33097e-78
1.32535e-77
6.08155e-79
6.28099e-77
1.81311e-82
1.12296e-69
2.41296e-70
1.77395e-73
3.62546e-76
4.16236e-78
6.78571e-78
9.57026e-78
2.8699e-79
6.57868e-77
1.31244e-82
1.15084e-69
1.74453e-70
1.61602e-73
9.67615e-77
3.62115e-78
6.27571e-78
6.68958e-78
1.35457e-79
6.84716e-77
9.47986e-83
1.17167e-69
1.25002e-70
1.46717e-73
2.59772e-77
3.38116e-78
5.79966e-78
4.57589e-78
6.39423e-80
7.10364e-77
6.82811e-83
1.18507e-69
8.90164e-71
1.32793e-73
7.13947e-78
3.89717e-78
5.35608e-78
3.0868e-78
3.01845e-80
7.3569e-77
4.90005e-83
1.19066e-69
6.31241e-71
1.19854e-73
2.14087e-78
6.67489e-78
4.94342e-78
2.0642e-78
1.42472e-80
7.61027e-77
3.49941e-83
1.18812e-69
4.46357e-71
1.07903e-73
8.30529e-79
1.66354e-77
4.56008e-78
1.37306e-78
6.72238e-81
7.86356e-77
2.48312e-83
1.17718e-69
3.15018e-71
9.69247e-74
5.04566e-79
4.98131e-77
4.20441e-78
9.10809e-79
3.16932e-81
8.11436e-77
1.74682e-83
1.1576e-69
2.22038e-71
8.68873e-74
4.42877e-79
1.58428e-76
3.8748e-78
6.04669e-79
1.49173e-81
8.35883e-77
1.21443e-83
1.1292e-69
1.56367e-71
7.77492e-74
4.53813e-79
5.12584e-76
3.56965e-78
4.06573e-79
6.99789e-82
8.59221e-77
8.30454e-84
1.09187e-69
1.10055e-71
6.94611e-74
4.86518e-79
1.66656e-75
3.28739e-78
2.9167e-79
3.26108e-82
8.8091e-77
5.54448e-84
1.04554e-69
7.74295e-72
6.19688e-74
5.27656e-79
5.42709e-75
3.02652e-78
2.68999e-79
1.49955e-82
9.00372e-77
3.56914e-84
9.90207e-70
5.44619e-72
5.52158e-74
5.73906e-79
1.76847e-74
2.78561e-78
4.29456e-79
6.7075e-83
9.17002e-77
2.16358e-84
9.25929e-70
3.83032e-72
4.91447e-74
6.24633e-79
5.76496e-74
2.56334e-78
1.11327e-78
2.82286e-83
9.30192e-77
1.17111e-84
8.52829e-70
2.69618e-72
4.37002e-74
6.79941e-79
1.87982e-73
2.35862e-78
3.4685e-78
1.01588e-83
9.39345e-77
4.77614e-85
7.71098e-70
1.92307e-72
3.88763e-74
7.40153e-79
6.13111e-73
2.17106e-78
1.12957e-77
1.88142e-84
9.439e-77
0
6.8099e-70
1.61693e-72
3.6625e-74
8.05673e-79
3.55808e-73
9.25295e-73
2.06694e-78
1.96375e-77
1.95096e-84
1.09439e-84
9.40806e-77
5.80284e-70
4.85655e-70
8.47238e-79
2.06474e-73
1.36311e-72
1.9677e-78
3.39809e-77
2.02322e-84
6.36592e-85
9.24494e-77
4.90425e-70
3.46155e-70
8.90673e-79
1.19812e-73
1.97736e-72
1.87313e-78
5.86739e-77
2.09861e-84
3.70292e-85
8.94269e-77
4.11588e-70
2.46624e-70
9.36191e-79
6.95231e-74
2.83942e-72
1.78302e-78
1.01207e-76
2.17806e-84
2.15382e-85
8.50259e-77
3.43391e-70
1.75656e-70
9.83955e-79
4.03416e-74
4.0495e-72
1.69717e-78
1.74492e-76
2.264e-84
1.2527e-85
7.93521e-77
2.85089e-70
1.25077e-70
1.03411e-78
2.34085e-74
5.74835e-72
1.61538e-78
3.00775e-76
2.36295e-84
7.28497e-86
7.26016e-77
2.35727e-70
8.90405e-71
1.08677e-78
1.35829e-74
8.13363e-72
1.53747e-78
5.18397e-76
2.49281e-84
4.23554e-86
6.50464e-77
1.94264e-70
6.33697e-71
1.14209e-78
7.88152e-75
1.14829e-71
1.46327e-78
8.93436e-76
2.70288e-84
2.46162e-86
5.70076e-77
1.5966e-70
4.50856e-71
1.20019e-78
4.57326e-75
1.61859e-71
1.3926e-78
1.53977e-75
3.12938e-84
1.42972e-86
4.88224e-77
1.30932e-70
3.20636e-71
1.26121e-78
2.65363e-75
2.27901e-71
1.3253e-78
4.14901e-84
8.29489e-87
4.08113e-77
1.07182e-70
6.80378e-84
4.80384e-87
3.32503e-77
8.76142e-71
1.39765e-83
2.77377e-87
2.63523e-77
7.15366e-71
3.36431e-83
1.59363e-87
2.02588e-77
5.83555e-71
8.78712e-83
9.07937e-88
1.50412e-77
4.75679e-71
2.37717e-82
5.09882e-88
1.0709e-77
3.87517e-71
6.52115e-82
2.79137e-88
7.22287e-78
3.15545e-71
1.79848e-81
1.457e-88
4.50839e-78
2.56844e-71
4.97009e-81
6.88438e-89
2.46993e-78
2.09013e-71
1.37454e-80
2.48722e-89
1.00228e-78
1.7047e-71
3.80261e-80
0
0
1.53395e-71
3.87763e-80
2.1718e-79
3.95413e-80
3.48056e-79
4.03215e-80
4.37497e-79
4.1117e-80
4.9565e-79
4.19282e-80
5.32467e-79
4.27554e-80
5.55422e-79
4.3599e-80
5.68848e-79
4.44591e-80
5.7435e-79
4.53363e-80
5.71622e-79
4.62307e-80
5.59339e-79
4.71428e-80
5.35974e-79
4.8073e-80
5.00503e-79
4.90214e-80
4.52926e-79
4.99886e-80
3.94534e-79
5.09748e-80
3.27884e-79
5.19805e-80
2.56492e-79
5.30061e-80
1.84355e-79
5.40518e-80
1.15414e-79
5.51185e-80
5.30963e-80
5.62006e-80
0
5.7744e-80
5.93297e-80
6.09591e-80
6.26331e-80
6.43532e-80
6.61204e-80
6.79362e-80
6.98019e-80
7.17188e-80
7.36883e-80
7.5712e-80
7.77912e-80
7.99275e-80
8.21223e-80
8.4378e-80
8.66929e-80
8.90841e-80
9.14821e-80
9.42175e-80
9.57746e-80
END_LIST
