BEGIN_LIST
0
5.19574e-101
1.79958e-100
4.92365e-100
1.25187e-99
3.09527e-99
7.56611e-99
1.84061e-98
4.46856e-98
1.08391e-97
2.62818e-97
6.37166e-97
1.54461e-96
3.74431e-96
9.07656e-96
2.20025e-95
5.33359e-95
1.29291e-94
3.13416e-94
7.59753e-94
1.84173e-93
8.1615e-93
1.89629e-93
1.92991e-92
1.95247e-93
3.81946e-92
2.01031e-93
6.94651e-92
2.06987e-93
1.20366e-91
2.13119e-93
2.02344e-91
2.19433e-93
3.33581e-91
2.25934e-93
5.43259e-91
2.32628e-93
8.78862e-91
2.3952e-93
1.41895e-90
2.46616e-93
2.2961e-90
2.53934e-93
3.73878e-90
2.61939e-93
6.14971e-90
2.9021e-93
1.02547e-89
1.17175e-92
1.73903e-89
3.83638e-91
3.00662e-89
1.62105e-89
5.30751e-89
6.89877e-88
9.56801e-89
2.93619e-86
1.75852e-88
1.24973e-84
3.2802e-88
5.31934e-83
3.33047e-88
4.4197e-88
1.87872e-88
1.23845e-82
5.68783e-83
3.36507e-88
5.11673e-88
1.08764e-88
2.34256e-82
6.07651e-83
3.38276e-88
5.5277e-88
6.35743e-89
3.99116e-82
6.48444e-83
3.38267e-88
5.75263e-88
3.74817e-89
6.36809e-82
6.9098e-83
3.36437e-88
5.85547e-88
2.22677e-89
9.7007e-82
7.34965e-83
3.32794e-88
5.8773e-88
1.33183e-89
1.42681e-81
7.79954e-83
3.27392e-88
5.84459e-88
8.01204e-90
2.0412e-81
8.25318e-83
3.20336e-88
5.77454e-88
4.8439e-90
2.85518e-81
8.70208e-83
3.11768e-88
5.67843e-88
2.94083e-90
3.92066e-81
9.1351e-83
3.01867e-88
5.56378e-88
1.79171e-90
5.30265e-81
9.53817e-83
2.90833e-88
5.4357e-88
1.09478e-90
7.08408e-81
9.89391e-83
2.78882e-88
5.29775e-88
6.70522e-91
9.37297e-81
1.01812e-82
2.66233e-88
5.1525e-88
4.11471e-91
1.23135e-80
1.03746e-82
2.53099e-88
5.00187e-88
2.52891e-91
1.61032e-80
1.04418e-82
2.39682e-88
4.84735e-88
1.55616e-91
2.10198e-80
1.03402e-82
2.26167e-88
4.69016e-88
9.58469e-92
2.74638e-80
1.00066e-82
2.12717e-88
4.5313e-88
5.90732e-92
3.60276e-80
9.33734e-83
1.99471e-88
4.37165e-88
3.6424e-92
4.76075e-80
8.14953e-83
1.86598e-88
4.21196e-88
2.24629e-92
6.35931e-80
6.10176e-83
1.64124e-88
4.05292e-88
1.38518e-92
8.61954e-80
2.52428e-83
1.41521e-88
1.52801e-88
4.12917e-88
1.90372e-88
6.05498e-88
1.0078e-92
9.16142e-80
7.07091e-80
2.34928e-83
6.80175e-84
1.21484e-88
1.42059e-88
3.88414e-88
8.96493e-89
7.45843e-88
7.3285e-93
9.6588e-80
5.57703e-80
2.17586e-83
1.81754e-84
1.0394e-88
1.31905e-88
3.36743e-88
4.2258e-89
8.44459e-88
5.32536e-93
1.01066e-79
4.26108e-80
2.00603e-83
4.84544e-85
8.88455e-89
1.22335e-88
2.70907e-88
1.99297e-89
9.15963e-88
3.86607e-93
1.04998e-79
3.17719e-80
1.84153e-83
1.29098e-85
7.64126e-89
1.13342e-88
2.04909e-88
9.40254e-90
9.71089e-88
2.80313e-93
1.08338e-79
2.32687e-80
1.68376e-83
3.43928e-86
6.77571e-89
1.04912e-88
1.47963e-88
4.43709e-90
1.01711e-87
2.02908e-93
1.1104e-79
1.6824e-80
1.53384e-83
9.16437e-87
6.6964e-89
9.70273e-89
1.03426e-88
2.09427e-90
1.05862e-87
1.46561e-93
1.13062e-79
1.20557e-80
1.39254e-83
2.4443e-87
8.77535e-89
8.96671e-89
7.07473e-89
9.88596e-91
1.09828e-87
1.05564e-93
1.14365e-79
8.58571e-81
1.26036e-83
6.54508e-88
1.75109e-88
8.2809e-89
4.77262e-89
4.66675e-91
1.13743e-87
7.5756e-94
1.14915e-79
6.08877e-81
1.13754e-83
1.78045e-88
4.75581e-88
7.6429e-89
3.19204e-89
2.20273e-91
1.17661e-87
5.41017e-94
1.14678e-79
4.30571e-81
1.0241e-83
5.14519e-89
1.466e-87
7.05022e-89
2.12491e-89
1.03933e-91
1.21577e-87
3.83896e-94
1.1363e-79
3.03897e-81
9.19891e-84
1.80866e-89
4.69802e-87
6.50034e-89
1.41489e-89
4.90001e-92
1.25454e-87
2.70062e-94
1.11747e-79
2.14213e-81
8.24616e-84
9.58721e-90
1.52232e-86
5.99073e-89
9.56816e-90
2.30632e-92
1.29234e-87
1.87752e-94
1.09012e-79
1.50866e-81
7.37879e-84
7.74619e-90
4.94949e-86
5.51894e-89
7.00633e-90
1.08193e-92
1.32842e-87
1.28389e-94
1.05414e-79
1.0619e-81
6.59211e-84
7.71635e-90
1.61123e-85
5.08255e-89
6.87724e-90
5.04188e-93
1.36195e-87
8.57184e-95
1.00946e-79
7.47156e-82
5.88099e-84
8.20972e-90
5.24845e-85
4.67923e-89
1.19487e-89
2.31842e-93
1.39204e-87
5.51794e-95
9.5608e-80
5.25565e-82
5.24004e-84
8.88677e-90
1.71035e-84
4.30676e-89
3.2282e-89
1.03703e-93
1.41775e-87
3.34492e-95
8.94054e-80
3.69656e-82
4.66382e-84
9.66093e-90
5.57543e-84
3.96311e-89
1.0165e-88
4.36434e-94
1.43815e-87
1.81055e-95
8.23501e-80
2.6022e-82
4.14707e-84
1.05133e-89
1.81797e-83
3.6466e-89
3.31732e-88
1.57063e-94
1.4523e-87
7.38397e-96
7.44606e-80
1.85617e-82
3.68924e-84
1.14435e-89
5.92921e-83
3.35661e-89
1.09073e-87
2.9088e-95
1.45934e-87
0
6.57615e-80
1.56073e-82
3.47557e-84
1.24563e-89
3.44107e-83
8.948e-83
3.19564e-89
1.89861e-87
3.01624e-95
1.692e-95
1.45456e-87
5.60383e-80
4.69022e-80
1.30989e-89
1.99694e-83
1.31813e-82
3.04221e-89
3.28722e-87
3.12779e-95
9.8421e-96
1.42934e-87
4.73621e-80
3.34327e-80
1.37704e-89
1.15883e-83
1.91201e-82
2.896e-89
5.67733e-87
3.24387e-95
5.72494e-96
1.38261e-87
3.97497e-80
2.38216e-80
1.44742e-89
6.72464e-84
2.74542e-82
2.75668e-89
9.79377e-87
3.36538e-95
3.32994e-96
1.31457e-87
3.31645e-80
1.69682e-80
1.52126e-89
3.90224e-84
3.91517e-82
2.62394e-89
1.68857e-86
3.49458e-95
1.93675e-96
1.22684e-87
2.75346e-80
1.20833e-80
1.5988e-89
2.26441e-84
5.55727e-82
2.49749e-89
2.91057e-86
3.63742e-95
1.1263e-96
1.12248e-87
2.27678e-80
8.60261e-81
1.68023e-89
1.31399e-84
7.86269e-82
2.37704e-89
5.01631e-86
3.81011e-95
6.5484e-97
1.00567e-87
1.87636e-80
6.12294e-81
1.76575e-89
7.62487e-85
1.10995e-81
2.26232e-89
8.64505e-86
4.0572e-95
3.80581e-97
8.81381e-88
1.54217e-80
4.35663e-81
1.85558e-89
4.42455e-85
1.56443e-81
2.15306e-89
1.48984e-85
4.50167e-95
2.21043e-97
7.54831e-88
1.26472e-80
3.09857e-81
1.94992e-89
2.56747e-85
2.20257e-81
2.04901e-89
5.48344e-95
1.28244e-97
6.30973e-88
1.03534e-80
7.94263e-95
7.42703e-98
5.14075e-88
8.46351e-81
1.44801e-94
4.28841e-98
4.07427e-88
6.91063e-81
3.22916e-94
2.46384e-98
3.13217e-88
5.63747e-81
8.12857e-94
1.40372e-98
2.32548e-88
4.59547e-81
2.16545e-93
7.88307e-99
1.65569e-88
3.74386e-81
5.90477e-93
4.31563e-99
1.11671e-88
3.04862e-81
1.62477e-92
2.25261e-99
6.97032e-89
2.48156e-81
4.48616e-92
1.06437e-99
3.8187e-89
2.01949e-81
1.2403e-91
3.84539e-100
1.5496e-89
1.64714e-81
3.43083e-91
0
0
1.48217e-81
3.49851e-91
1.95935e-90
3.56754e-91
3.14006e-90
3.63792e-91
3.94697e-90
3.70969e-91
4.4716e-90
3.78288e-91
4.80375e-90
3.85752e-91
5.01084e-90
3.93362e-91
5.13196e-90
4.01123e-91
5.1816e-90
4.09037e-91
5.15699e-90
4.17107e-91
5.04618e-90
4.25336e-91
4.83538e-90
4.33728e-91
4.51537e-90
4.42285e-91
4.08615e-90
4.51011e-91
3.55935e-90
4.59909e-91
2.95806e-90
4.68983e-91
2.31399e-90
4.78235e-91
1.66319e-90
4.87671e-91
1.04123e-90
4.97294e-91
4.79018e-91
5.07057e-91
0
5.20982e-91
5.35289e-91
5.49989e-91
5.65093e-91
5.80612e-91
5.96556e-91
6.12939e-91
6.29771e-91
6.47066e-91
6.64836e-91
6.83093e-91
7.01852e-91
7.21126e-91
7.40929e-91
7.6128e-91
7.82165e-91
8.03739e-91
8.25375e-91
8.50053e-91
8.64102e-91
END_LIST
