BEGIN_LIST
0.1
0.0998471
0.0996826
0.0995057
0.0993156
0.0991113
0.098892
0.0986566
0.0984041
0.0981334
0.0978433
0.0975325
0.0971995
0.0968424
0.0964584
0.0960424
0.0955839
0.0950589
0.0944109
0.0935037
0.0920069
0.0862092
0.0919819
0.0798574
0.0919498
0.0730868
0.0919088
0.0660674
0.0918564
0.0589875
0.0917895
0.0520344
0.091704
0.0453765
0.0915948
0.0391495
0.0914554
0.0334491
0.0912777
0.0283303
0.0910512
0.0238111
0.0907631
0.0198801
0.0903972
0.0165047
0.0899333
0.0136392
0.0893471
0.0112332
0.0886092
0.00923892
0.0876844
0.00762188
0.0865322
0.00637924
0.0850941
0.00557992
0.0829316
0.00545837
0.0695369
0.0047923
0.0059253
0.00565221
0.0620188
0.0614248
0.00420206
0.00638893
0.00628332
0.0552139
0.0537198
0.0036803
0.00686272
0.00720959
0.0490761
0.0465497
0.00322008
0.00735533
0.00837605
0.0435571
0.0400003
0.00281491
0.00787257
0.00976962
0.0386085
0.0341161
0.0024588
0.00841862
0.0113973
0.0341824
0.0289063
0.00214626
0.00899666
0.0132758
0.0302323
0.0243517
0.00187234
0.0096093
0.0154252
0.026714
0.0204135
0.00163251
0.0102589
0.0178664
0.0235858
0.0170399
0.00142275
0.0109475
0.0206175
0.0208087
0.0141728
0.00123945
0.0116771
0.0236921
0.0183465
0.0117524
0.00107938
0.0124498
0.0270961
0.0161658
0.00972003
0.000939699
0.0132672
0.030826
0.0142357
0.00802088
0.000817874
0.0141313
0.0348661
0.0125274
0.00660405
0.000711678
0.0150438
0.0391872
0.0110129
0.0054223
0.000619146
0.0160065
0.0437457
0.00966311
0.00442945
0.000538549
0.0170208
0.048484
0.00844304
0.00357399
0.000468371
0.0180883
0.0533322
0.00730187
0.00278396
0.000407503
0.0192104
0.0582116
0.00615123
0.00193152
0.000330949
0.0203882
0.0630391
0.00481739
0.000748702
0.000270051
0.000293859
0.0131752
0.0309056
0.0136474
0.0662177
0.00465864
0.00326084
0.000649928
0.000195147
0.000220312
0.000260909
0.00831567
0.0374927
0.00923007
0.0693056
0.00449951
0.00219691
0.000564086
5.13719e-05
0.000179702
0.000231641
0.00516806
0.0425253
0.00636436
0.0722836
0.00433981
0.00147543
0.000489507
1.41042e-05
0.000146558
0.000205646
0.00318046
0.0469446
0.00452999
0.0751343
0.00417931
0.000988759
0.000424733
4.51873e-06
0.000119513
0.000182561
0.0019453
0.0511088
0.00338067
0.0778429
0.00401782
0.000661664
0.000368487
2.13705e-06
9.74493e-05
0.00016206
0.00118533
0.0551361
0.00268811
0.0803979
0.0038551
0.00044235
0.000319657
1.64051e-06
7.94529e-05
0.000143857
0.000720582
0.0590449
0.00230292
0.0827907
0.00369092
0.000295537
0.000277274
1.6492e-06
6.47759e-05
0.000127694
0.000437435
0.0628149
0.00212824
0.0850162
0.00352503
0.000197366
0.000240493
1.80659e-06
5.28074e-05
0.000113344
0.00026532
0.0664132
0.00210187
0.087072
0.00335718
0.000131767
0.000208577
2.02228e-06
4.30485e-05
0.000100605
0.000160842
0.0698065
0.00218461
0.088959
0.00318711
8.79538e-05
0.000180886
2.2753e-06
3.50919e-05
8.92948e-05
9.74744e-05
0.0729669
0.00235245
0.0906803
0.00301453
5.87014e-05
0.000156864
2.563e-06
2.86051e-05
7.9255e-05
5.90607e-05
0.0758745
0.00259156
0.0922414
0.00283914
3.91746e-05
0.000136027
2.88787e-06
2.33167e-05
7.03428e-05
3.57814e-05
0.0785181
0.00289493
0.0936494
0.00266065
2.61418e-05
0.000117952
3.25411e-06
1.90053e-05
6.24319e-05
2.16763e-05
0.0808953
0.00326029
0.0949127
0.00247874
1.74442e-05
0.000102277
3.66685e-06
1.54897e-05
5.54099e-05
1.31309e-05
0.0830107
0.00368871
0.0960406
0.00229305
1.164e-05
8.86818e-05
4.13195e-06
1.26202e-05
4.91773e-05
7.95427e-06
0.0848752
0.00418369
0.0970431
0.00210325
7.76698e-06
7.6892e-05
4.65605e-06
1.02688e-05
4.36459e-05
4.81877e-06
0.0865042
0.00475063
0.0979303
0.00190895
5.18287e-06
6.66683e-05
5.24661e-06
8.31067e-06
3.87387e-05
2.92064e-06
0.0879162
0.00539648
0.0987123
0.00170977
3.46162e-06
5.78045e-05
5.91208e-06
6.5766e-06
3.43919e-05
1.77517e-06
0.0891313
0.00612948
0.099399
0.0015053
2.344e-06
5.01873e-05
6.66194e-06
4.70327e-06
3.05674e-05
1.09638e-06
0.0901703
0.00695901
0.1
0.00129509
1.91359e-06
4.6686e-05
7.5069e-06
2.65615e-06
4.70486e-06
2.84981e-05
8.65001e-07
0.089853
0.0905466
0.00841687
0.00103446
0.000876663
8.06075e-06
1.50477e-06
4.8403e-06
2.65689e-05
6.82498e-07
0.0895173
0.0910139
0.0101684
0.00082555
0.000593583
8.65035e-06
8.58469e-07
5.16573e-06
2.47702e-05
5.38582e-07
0.0891625
0.0915268
0.0122561
0.000658371
0.000402095
9.28064e-06
4.97296e-07
5.7646e-06
2.30932e-05
4.25163e-07
0.0887877
0.0920607
0.014726
0.000524754
0.000272582
9.95566e-06
2.97516e-07
6.76071e-06
2.15298e-05
3.35893e-07
0.0883919
0.0926022
0.0176251
0.000418068
0.000185004
1.06792e-05
1.89628e-07
8.33753e-06
2.00721e-05
2.65835e-07
0.0879743
0.0931441
0.0209974
0.000332954
0.000125796
1.14551e-05
1.3475e-07
1.07666e-05
1.87131e-05
2.1122e-07
0.0875339
0.0936824
0.0248793
0.000265093
8.57845e-05
1.22872e-05
1.1131e-07
1.44498e-05
1.74461e-05
1.69297e-07
0.0870699
0.0942151
0.0292948
0.000211015
5.87609e-05
1.31796e-05
1.07579e-07
1.99814e-05
1.62649e-05
1.38286e-07
0.0865813
0.0947409
0.0342485
0.000167939
4.05264e-05
1.41369e-05
1.17486e-07
2.82404e-05
1.51636e-05
0.0860671
0.0952592
0.03972
0.000133637
0.0855264
0.0957696
0.0456583
0.000106329
0.0849579
0.0962721
0.0519801
8.45935e-05
0.08436
0.0967665
0.0585698
6.72964e-05
0.0837296
0.0972528
0.0652861
5.3533e-05
0.0830591
0.0977309
0.0719718
4.25825e-05
0.082329
0.0982009
0.0784668
3.38708e-05
0.0814849
0.0986627
0.0846232
2.69406e-05
0.0803735
0.0991165
0.0903177
2.14291e-05
0.0785607
0.0995623
0.0954606
1.70892e-05
0.0748151
0.1
0.1
1.51904e-05
0.0747618
0.0502938
0.0747004
0.0339073
0.0746298
0.0234286
0.0745485
0.0170868
0.0744549
0.0136034
0.0743473
0.0121229
0.0742236
0.0121113
0.0740816
0.0132627
0.0739184
0.0154265
0.0737312
0.0185542
0.0735165
0.0226588
0.0732706
0.0277834
0.0729891
0.0339709
0.0726673
0.0412367
0.0723
0.0495422
0.0718812
0.0587738
0.0714046
0.0687336
0.0708635
0.0791458
0.07025
0.0896821
0.0695544
0.1
0.0684437
0.0671413
0.0656258
0.0638775
0.061881
0.0596269
0.057114
0.0543515
0.0513599
0.0481721
0.0448316
0.0413911
0.0379085
0.0344437
0.0310538
0.0277916
0.0246923
0.0218304
0.0189926
0.0175125
END_LIST
