BEGIN_LIST
0.1
0.0990941
0.0981366
0.0971263
0.096062
0.0949426
0.0937675
0.0925359
0.0912478
0.0899029
0.0885015
0.0870442
0.0855315
0.0839639
0.0823411
0.0806604
0.0789122
0.07707
0.075065
0.0727244
0.0696205
0.0606111
0.068319
0.0522096
0.0667361
0.0445407
0.0648353
0.0376727
0.0625863
0.031624
0.0599695
0.0263735
0.0569818
0.0218721
0.0536407
0.0180534
0.0499875
0.0148422
0.0460868
0.0121619
0.0420225
0.00993835
0.037891
0.00810304
0.0337919
0.00659461
0.0298189
0.00535937
0.026052
0.00435144
0.0225523
0.00353273
0.0193603
0.00287347
0.0164966
0.00235441
0.0139637
0.00197305
0.0117255
0.00176011
0.0087762
0.00153337
0.00188511
0.0017651
0.00770789
0.0072193
0.00133537
0.00202025
0.00194077
0.00676859
0.00593158
0.00116258
0.00216577
0.00222722
0.00594297
0.00486881
0.00101188
0.00232209
0.00260199
0.00521744
0.00399325
0.000880502
0.00248978
0.00306093
0.00458002
0.00327299
0.000766027
0.00266955
0.00360935
0.00402011
0.00268119
0.000666316
0.00286215
0.00425801
0.00352836
0.00219541
0.000579495
0.00306841
0.00502141
0.00309655
0.001797
0.000503919
0.00328924
0.00591698
0.00271741
0.00147044
0.000438148
0.0035256
0.00696477
0.00238456
0.00120293
0.000380922
0.00377854
0.00818734
0.00209234
0.000983866
0.000331141
0.00404912
0.00960953
0.00183578
0.000804525
0.000287844
0.00433852
0.0112582
0.00161047
0.000657689
0.000250191
0.00464794
0.0131618
0.00141242
0.000537361
0.00021745
0.00497868
0.0153495
0.00123793
0.00043845
0.000188985
0.00533211
0.0178504
0.00108328
0.000356387
0.000164239
0.00570963
0.0206917
0.000944177
0.00028647
0.000142726
0.00611276
0.0238971
0.000814621
0.000222573
0.000124096
0.00654306
0.0274842
0.000684354
0.000154226
0.000100698
0.00700219
0.0314621
0.000533363
5.98108e-05
8.20973e-05
8.9375e-05
0.00431662
0.0108792
0.00469846
0.0343723
0.000515713
0.000356202
5.1854e-05
1.57185e-05
6.69289e-05
7.9324e-05
0.00264304
0.0135532
0.00321002
0.0374442
0.000498028
0.000237808
4.49552e-05
4.28726e-06
5.45606e-05
7.04023e-05
0.00161153
0.0159079
0.00225834
0.0406734
0.000480286
0.00015873
3.89738e-05
1.34364e-06
4.44765e-05
6.24832e-05
0.000980065
0.0182907
0.0016606
0.044051
0.000462463
0.000105932
3.37881e-05
6.08142e-07
3.6255e-05
5.54544e-05
0.000595099
0.0208431
0.00129738
0.0475637
0.000444536
7.06896e-05
2.92921e-05
4.49949e-07
2.95527e-05
4.92157e-05
0.000361001
0.0236246
0.00109103
0.0511947
0.000426479
4.71686e-05
2.53942e-05
4.45891e-07
2.40889e-05
4.36785e-05
0.000218864
0.0266598
0.000991342
0.054923
0.000408267
3.14726e-05
2.20149e-05
4.86571e-07
1.9635e-05
3.8764e-05
0.000132644
0.0299554
0.000966174
0.0587247
0.000389871
2.0999e-05
1.90853e-05
5.44166e-07
1.60043e-05
3.44022e-05
8.03726e-05
0.0335063
0.000995242
0.0625732
0.000371264
1.40106e-05
1.65454e-05
6.12121e-07
1.30449e-05
3.05311e-05
4.86937e-05
0.0372968
0.00106611
0.0664396
0.000352415
9.34778e-06
1.43435e-05
6.89489e-07
1.06326e-05
2.70954e-05
2.94987e-05
0.0413016
0.00117156
0.0702941
0.000333294
6.23672e-06
1.24346e-05
7.76877e-07
8.66634e-06
2.40462e-05
1.78695e-05
0.0454857
0.00130793
0.0741064
0.000313869
4.16104e-06
1.07797e-05
8.75403e-07
7.06361e-06
2.134e-05
1.08246e-05
0.049805
0.00147396
0.0778466
0.000294103
2.77617e-06
9.34502e-06
9.86441e-07
5.7571e-06
1.89384e-05
6.55693e-06
0.0542079
0.00167017
0.0814864
0.000273963
1.85221e-06
8.10128e-06
1.11157e-06
4.69174e-06
1.68069e-05
3.97181e-06
0.058637
0.00189836
0.0849999
0.00025341
1.23575e-06
7.02306e-06
1.25257e-06
3.82188e-06
1.49154e-05
2.40591e-06
0.0630321
0.0021614
0.0883642
0.000232404
8.24469e-07
6.08833e-06
1.41145e-06
3.10783e-06
1.32369e-05
1.45749e-06
0.0673331
0.00246305
0.0915596
0.000210906
5.50102e-07
5.27801e-06
1.59049e-06
2.50897e-06
1.1748e-05
8.83367e-07
0.0714832
0.00280789
0.0945709
0.00018887
3.67371e-07
4.57565e-06
1.79223e-06
1.9647e-06
1.04293e-05
5.36905e-07
0.0754319
0.00320133
0.0973868
0.000166251
2.48736e-07
3.97221e-06
2.01957e-06
1.33391e-06
9.26908e-06
3.31601e-07
0.0791371
0.00364957
0.1
0.000143
2.03051e-07
3.69486e-06
2.27574e-06
7.5344e-07
1.28575e-06
8.6414e-06
2.61618e-07
0.0779343
0.0803055
0.00444524
0.000113758
9.68714e-05
2.44366e-06
4.26999e-07
1.25518e-06
8.05623e-06
2.06418e-07
0.0766951
0.0814241
0.00541582
9.04903e-05
6.56787e-05
2.62242e-06
2.43804e-07
1.24821e-06
7.51068e-06
1.62888e-07
0.0754205
0.0825132
0.00659424
7.19779e-05
4.45895e-05
2.81352e-06
1.41484e-07
1.27388e-06
7.00206e-06
1.2858e-07
0.0741117
0.0835848
0.0080198
5.72506e-05
3.03351e-05
3.01818e-06
8.49565e-08
1.34566e-06
6.52789e-06
1.01573e-07
0.07277
0.0846454
0.00973826
4.55352e-05
2.07045e-05
3.23756e-06
5.45208e-08
1.48361e-06
6.08583e-06
8.03719e-08
0.071397
0.085699
0.0118017
3.62163e-05
1.4202e-05
3.47281e-06
3.91594e-08
1.71751e-06
5.67369e-06
6.38316e-08
0.0699942
0.0867475
0.0142683
2.8804e-05
9.81616e-06
3.72511e-06
3.27666e-08
2.09149e-06
5.28947e-06
5.11123e-08
0.0685637
0.087792
0.0172008
2.29084e-05
6.8628e-06
3.99572e-06
3.20305e-08
2.6709e-06
4.93127e-06
4.16632e-08
0.0671074
0.0888328
0.0206651
1.82192e-05
4.87921e-06
4.28598e-06
3.52476e-08
3.55245e-06
4.59732e-06
0.0656276
0.0898702
0.0247268
1.44898e-05
0.0641265
0.0909039
0.0294464
1.15236e-05
0.0626064
0.0919339
0.0348733
9.16464e-06
0.0610695
0.0929598
0.0410377
7.28852e-06
0.0595173
0.0939812
0.0479425
5.79643e-06
0.0579488
0.094998
0.0555541
4.60979e-06
0.0563566
0.0960098
0.063796
3.66607e-06
0.0547134
0.0970162
0.0725451
2.91554e-06
0.0529361
0.0980169
0.0816341
2.3188e-06
0.0507795
0.0990116
0.0908603
1.84899e-06
0.0475317
0.1
0.1
1.64345e-06
0.0465213
0.0307926
0.0454142
0.0202395
0.0442085
0.0137974
0.0429042
0.0100634
0.0415033
0.00813277
0.0400099
0.00744744
0.0384302
0.0076837
0.036773
0.00867506
0.0350492
0.0103623
0.0332716
0.0127617
0.0314546
0.0159454
0.0296137
0.0200265
0.0277652
0.0251481
0.0259253
0.0314696
0.0241096
0.0391489
0.022333
0.0483194
0.0206087
0.0590596
0.0189481
0.0713604
0.0173619
0.0850947
0.0158235
0.1
0.0138803
0.0121104
0.0105153
0.00909115
0.00783001
0.00672136
0.0057529
0.00491157
0.00418414
0.00355776
0.00302029
0.00256049
0.00216814
0.00183409
0.00155018
0.00130932
0.00110493
0.0009336
0.000779234
0.000702282
END_LIST
