BEGIN_LIST
0.1
0.0999981
0.0999961
0.0999939
0.0999915
0.099989
0.0999862
0.0999832
0.09998
0.0999765
0.0999728
0.0999687
0.0999643
0.0999595
0.0999541
0.0999477
0.0999397
0.099928
0.0999077
0.0998667
0.0997748
0.0993427
0.0997748
0.0987747
0.0997748
0.0980333
0.0997748
0.097073
0.0997749
0.095841
0.0997749
0.094278
0.0997749
0.0923207
0.099775
0.0899066
0.099775
0.0869806
0.099775
0.0835032
0.099775
0.0794609
0.099775
0.0748759
0.0997751
0.0698139
0.0997751
0.0643912
0.0997751
0.0587801
0.0997751
0.0532209
0.0997752
0.0480554
0.0997751
0.0438102
0.0997728
0.0413918
0.0996701
0.0425029
0.0952064
0.0403791
0.0409459
0.0513079
0.0905867
0.0949396
0.0381719
0.0405539
0.0580695
0.0858089
0.0945917
0.0359023
0.040881
0.0636831
0.0809162
0.0941398
0.0335938
0.041651
0.0685706
0.0759557
0.093556
0.0312712
0.0426918
0.0729232
0.0709757
0.0928067
0.0289595
0.0438959
0.0768237
0.0660247
0.0918519
0.0266833
0.0451953
0.080308
0.0611491
0.0906461
0.0244651
0.0465464
0.0833955
0.0563916
0.0891385
0.0223252
0.0479208
0.0861033
0.0517902
0.0872753
0.0202803
0.0492994
0.0884522
0.0473769
0.0850022
0.018344
0.0506693
0.0904678
0.0431773
0.0822681
0.0165261
0.0520211
0.0921797
0.0392101
0.0790274
0.0148329
0.0533479
0.09362
0.0354864
0.0752406
0.0132672
0.0546447
0.0948217
0.0320098
0.0708666
0.0118293
0.0559073
0.0958166
0.0287743
0.0658409
0.0105169
0.0571327
0.0966349
0.0257603
0.0600236
0.0093256
0.0583182
0.0973041
0.0229258
0.0530911
0.00824973
0.059462
0.0978487
0.0201852
0.0443131
0.00728475
0.0605625
0.0982899
0.0173638
0.0320835
0.0060324
0.0616187
0.0986461
0.0140983
0.012853
0.00502184
0.00540877
0.0526807
0.0810375
0.0436887
0.0988445
0.0136398
0.0107299
0.0116344
0.0033823
0.00416548
0.00484438
0.0422804
0.0898731
0.031219
0.099016
0.0131799
0.00789008
0.0104862
0.000894394
0.00344466
0.00433467
0.031771
0.0939485
0.0227655
0.099164
0.0127181
0.00564506
0.00941354
0.00024765
0.00284134
0.00387518
0.0224786
0.0958905
0.0172008
0.0992916
0.0122537
0.00395596
0.00841936
8.13931e-05
0.00233873
0.00346167
0.0151426
0.0968688
0.0136798
0.0994014
0.0117862
0.00273069
0.00750458
4.03485e-05
0.00192165
0.00309009
0.00983575
0.0974032
0.0115927
0.0994959
0.0113149
0.00186482
0.00666843
3.21181e-05
0.00157666
0.00275665
0.00622954
0.0977252
0.0105133
0.0995771
0.0108392
0.00126405
0.00590875
3.27228e-05
0.00129205
0.00245779
0.00388033
0.0979395
0.0101515
0.0996469
0.0103584
0.000852455
0.00522229
3.59705e-05
0.00105778
0.00219021
0.00239141
0.0980942
0.0103135
0.0997068
0.0098718
0.000572882
0.00460504
4.02967e-05
0.000865278
0.00195087
0.00146401
0.0982124
0.0108731
0.0997582
0.00937858
0.000384094
0.00405243
4.53442e-05
0.000707342
0.00173698
0.000892566
0.0983061
0.0117496
0.0998023
0.00887799
0.000257112
0.00355964
5.10761e-05
0.000577917
0.00154598
0.000542798
0.0983818
0.0128929
0.0998401
0.0083692
0.000171928
0.00312172
5.75457e-05
0.00047196
0.00137554
0.000329584
0.0984437
0.0142734
0.0998725
0.00785133
0.000114884
0.00273374
6.48374e-05
0.000385278
0.00122353
0.000199933
0.0984946
0.0158746
0.0999003
0.00732349
7.67304e-05
0.00239095
7.3053e-05
0.000314386
0.00108804
0.000121215
0.0985366
0.0176881
0.099924
0.0067847
5.12315e-05
0.00208882
8.23086e-05
0.000256355
0.000967339
7.3466e-05
0.0985712
0.0197102
0.0999443
0.00623396
3.41992e-05
0.00182307
9.27353e-05
0.000208593
0.000859862
4.45205e-05
0.0985998
0.0219392
0.0999617
0.00567022
2.28275e-05
0.00158976
0.000104481
0.000168366
0.000764233
2.69893e-05
0.0986235
0.0243733
0.0999765
0.00509235
1.52494e-05
0.00138531
0.000117711
0.000131419
0.000679306
1.64063e-05
0.098643
0.0270096
0.0999892
0.00449919
1.03275e-05
0.00120806
0.000132614
8.7573e-05
0.000604406
1.01341e-05
0.0986592
0.0298421
0.1
0.00388949
8.43179e-06
0.00112627
0.000149399
4.93976e-05
8.32301e-05
0.000563819
7.99612e-06
0.0986535
0.0986834
0.0344787
0.00322497
0.00264443
0.000160396
2.79064e-05
7.9546e-05
0.000525936
6.31003e-06
0.0986475
0.0987368
0.0395123
0.00265435
0.00180094
0.0001721
1.58203e-05
7.6674e-05
0.000490579
4.981e-06
0.098641
0.0988053
0.04486
0.0021711
0.00123014
0.000184607
9.0386e-06
7.485e-05
0.000457582
3.93466e-06
0.0986341
0.0988811
0.0504164
0.00176657
0.000844298
0.000197997
5.25227e-06
7.44319e-05
0.000426791
3.11303e-06
0.0986268
0.0989599
0.056058
0.0014312
0.000583842
0.000212344
3.16236e-06
7.59571e-05
0.000398059
2.4717e-06
0.098619
0.0990396
0.0616512
0.00115538
0.000408348
0.000227722
2.0396e-06
8.0228e-05
0.00037125
1.97795e-06
0.0986107
0.0991187
0.0670638
0.000929997
0.000290427
0.000244206
1.47623e-06
8.84379e-05
0.000346237
1.61008e-06
0.0986018
0.0991967
0.072176
0.000746812
0.000211525
0.000261878
1.24645e-06
0.000102358
0.000322902
1.35833e-06
0.0985924
0.0992731
0.0768906
0.000598562
0.000159086
0.000280823
1.22801e-06
0.000124612
0.000301132
0.0985822
0.0993479
0.0811392
0.000479
0.0985713
0.0994209
0.0848846
0.000382844
0.0985592
0.0994921
0.088119
0.000305686
0.0985452
0.0995615
0.0908595
0.000243884
0.0985269
0.0996291
0.0931413
0.000194452
0.0984978
0.0996951
0.0950116
0.00015496
0.0984389
0.0997593
0.0965231
0.000123438
0.0982964
0.0998219
0.0977292
9.8297e-05
0.097915
0.0998828
0.0986808
7.82607e-05
0.0968485
0.0999422
0.0994243
6.24586e-05
0.093815
0.1
0.1
5.554e-05
0.093815
0.0711839
0.0938149
0.0543416
0.0938149
0.0424983
0.0938149
0.0348425
0.0938149
0.0305782
0.0938149
0.0290092
0.0938149
0.0295847
0.0938149
0.0318921
0.0938148
0.0356197
0.0938148
0.0405099
0.0938148
0.0463201
0.0938148
0.0527982
0.0938148
0.0596754
0.0938148
0.0666764
0.0938148
0.0735396
0.0938147
0.0800415
0.0938147
0.0860139
0.0938147
0.0913522
0.0938147
0.0960124
0.0938146
0.1
0.0938146
0.0938146
0.0938146
0.0938145
0.0938145
0.0938144
0.0938144
0.0938143
0.0938143
0.0938142
0.0938141
0.0938141
0.093814
0.0938138
0.0938137
0.0938135
0.0938133
0.0938131
0.0938127
0.0938125
END_LIST
