BEGIN_LIST
0.1
0.0998186
0.0996235
0.0994139
0.0991887
0.0989471
0.0986878
0.0984099
0.0981121
0.0977931
0.0974517
0.0970864
0.0966956
0.0962773
0.0958284
0.0953435
0.0948115
0.0942073
0.0934715
0.0924608
0.0908289
0.0846154
0.09079
0.0779017
0.0907401
0.070846
0.0906764
0.0636337
0.090595
0.0564591
0.0904911
0.0495054
0.0903584
0.0429286
0.0901893
0.0368468
0.0899739
0.0313358
0.0896999
0.0264315
0.0893518
0.0221358
0.0889108
0.0184245
0.0883534
0.0152559
0.0876515
0.0125791
0.0867718
0.0103401
0.0856754
0.00848943
0.0843186
0.00699052
0.0826541
0.00583541
0.0806203
0.00507923
0.0777886
0.00492119
0.0644002
0.00431573
0.00534069
0.00507062
0.0572864
0.0562597
0.00378036
0.00575879
0.00562724
0.0508799
0.048701
0.00330801
0.00618723
0.00645679
0.0451275
0.0418102
0.00289208
0.00663361
0.00750761
0.039976
0.0356304
0.00252643
0.00710307
0.00876778
0.0353736
0.0301674
0.00220548
0.00759938
0.0102448
0.0312705
0.0253982
0.00192413
0.00812545
0.0119555
0.0276192
0.0212791
0.00167777
0.00868374
0.0139212
0.0243753
0.0177543
0.00146228
0.00927646
0.0161642
0.0214977
0.0147613
0.00127394
0.00990562
0.0187057
0.0189481
0.0122365
0.00110946
0.0105732
0.0215632
0.0166917
0.0101182
0.000965921
0.0112812
0.0247488
0.0146965
0.0083489
0.000840723
0.0120314
0.0282663
0.0129331
0.00687604
0.00073158
0.0128257
0.0321089
0.0113742
0.00565235
0.000636474
0.0136661
0.0362574
0.00999382
0.00463482
0.000553634
0.0145541
0.0406786
0.00876476
0.0037822
0.0004815
0.0154918
0.0453246
0.0076548
0.0030493
0.000418706
0.0164806
0.0501338
0.0066174
0.00237394
0.000364255
0.0175222
0.0550329
0.00557188
0.00164654
0.000295787
0.0186181
0.0599409
0.00435985
0.000638117
0.000241327
0.000262621
0.0119511
0.0283261
0.0124573
0.0632087
0.0042161
0.00294372
0.000553783
0.000166338
0.000196857
0.000233161
0.00750966
0.0344838
0.00842663
0.06641
0.00407201
0.00197987
0.000480527
4.38148e-05
0.000160557
0.000206995
0.00465386
0.0392791
0.00581547
0.0695236
0.0039274
0.00132812
0.000416911
1.20599e-05
0.000130934
0.000183757
0.0028589
0.0435717
0.0041465
0.0725293
0.00378208
0.000889341
0.000361678
3.89639e-06
0.000106766
0.000163122
0.00174668
0.0476857
0.00310289
0.0754089
0.00363587
0.00059482
0.000313734
1.87255e-06
8.70514e-05
0.000144799
0.00106358
0.0517237
0.00247611
0.0781474
0.00348854
0.000397519
0.000272123
1.45593e-06
7.09724e-05
0.000128531
0.000646302
0.0556969
0.00212994
0.0807322
0.00333991
0.000265521
0.000236015
1.47067e-06
5.78601e-05
0.000114087
0.000392243
0.0595789
0.0019761
0.0831546
0.00318973
0.000177291
0.000204686
1.61308e-06
4.71682e-05
0.000101264
0.000237872
0.0633307
0.00195805
0.0854088
0.00303779
0.000118351
0.000177506
1.80622e-06
3.84506e-05
8.98797e-05
0.000144189
0.0669119
0.00204016
0.0874922
0.00288383
7.89924e-05
0.000153929
2.03235e-06
3.13433e-05
7.97741e-05
8.73775e-05
0.0702864
0.00220072
0.0894054
0.00272761
5.27175e-05
0.000133478
2.28937e-06
2.5549e-05
7.08035e-05
5.2941e-05
0.0734257
0.00242728
0.0911513
0.00256886
3.51798e-05
0.00011574
2.57956e-06
2.08254e-05
6.28407e-05
3.20731e-05
0.0763103
0.00271366
0.0927351
0.0024073
2.34753e-05
0.000100356
2.90671e-06
1.69745e-05
5.57727e-05
1.94295e-05
0.0789297
0.003058
0.094164
0.00224265
1.56644e-05
8.7015e-05
3.27539e-06
1.38344e-05
4.94991e-05
1.17698e-05
0.0812819
0.00346151
0.0954462
0.00207458
1.04523e-05
7.54457e-05
3.69084e-06
1.12716e-05
4.39309e-05
7.12972e-06
0.0833725
0.00392769
0.0965912
0.00190279
6.9743e-06
6.54134e-05
4.15899e-06
9.17147e-06
3.89892e-05
4.31923e-06
0.0852128
0.00446181
0.0976088
0.00172694
4.65386e-06
5.67142e-05
4.68651e-06
7.42294e-06
3.46052e-05
2.61787e-06
0.0868189
0.00507056
0.0985094
0.00154667
3.10825e-06
4.91725e-05
5.28094e-06
5.87528e-06
3.0722e-05
1.59114e-06
0.0882093
0.00576194
0.0993031
0.00136161
2.10469e-06
4.26918e-05
5.95076e-06
4.20583e-06
2.73054e-05
9.82722e-07
0.0894045
0.00654505
0.1
0.00117137
1.71822e-06
3.97129e-05
6.70553e-06
2.37523e-06
4.21006e-06
2.54569e-05
7.75325e-07
0.0890392
0.0898269
0.00792303
0.000934918
0.000792881
7.20027e-06
1.34564e-06
4.33516e-06
2.37334e-05
6.11742e-07
0.0886533
0.0903369
0.00958168
0.000745657
0.000536836
7.72694e-06
7.67707e-07
4.63191e-06
2.21266e-05
4.82746e-07
0.088246
0.0908905
0.0115632
0.000594367
0.00036364
8.28995e-06
4.44748e-07
5.17579e-06
2.06286e-05
3.81084e-07
0.0878162
0.0914639
0.0139139
0.000473554
0.000246503
8.89293e-06
2.66112e-07
6.07877e-06
1.92319e-05
3.01068e-07
0.0873632
0.0920443
0.0166818
0.000377159
0.000167295
9.53927e-06
1.69653e-07
7.50677e-06
1.79298e-05
2.38272e-07
0.0868859
0.0926246
0.0199137
0.000300298
0.000113746
1.02323e-05
1.20602e-07
9.70539e-06
1.67158e-05
1.89317e-07
0.0863835
0.0932012
0.0236507
0.000239045
7.75582e-05
1.09756e-05
9.967e-08
1.3038e-05
1.5584e-05
1.51735e-07
0.085855
0.0937719
0.027923
0.00019025
5.31173e-05
1.17728e-05
9.63697e-08
1.80422e-05
1.45288e-05
1.23932e-07
0.0852995
0.0943355
0.0327443
0.000151393
3.66252e-05
1.26279e-05
1.05273e-07
2.55128e-05
1.35451e-05
0.0847161
0.0948916
0.0381048
0.000120458
0.0841039
0.0954397
0.0439661
9.58354e-05
0.0834617
0.0959797
0.0502567
7.624e-05
0.082788
0.0965114
0.0568718
6.06477e-05
0.0820798
0.0970347
0.0636772
4.82419e-05
0.08133
0.0975498
0.0705175
3.83724e-05
0.0805199
0.0980565
0.0772291
3.05211e-05
0.079597
0.0985548
0.0836544
2.42757e-05
0.078414
0.0990449
0.0896559
1.9309e-05
0.0765522
0.0995266
0.0951273
1.53982e-05
0.0728248
0.1
0.1
1.36872e-05
0.0727478
0.0487493
0.0726592
0.0327521
0.0725573
0.0225677
0.0724401
0.0164252
0.0723055
0.0130616
0.0721508
0.0116393
0.0719734
0.0116389
0.0717699
0.0127651
0.0715369
0.0148754
0.0712701
0.0179276
0.0709651
0.0219417
0.0706169
0.0269693
0.0702199
0.0330653
0.0697681
0.0402607
0.069255
0.0485357
0.0686734
0.0577974
0.0680158
0.0678661
0.0672746
0.0784781
0.0664414
0.0893069
0.0655041
0.1
0.0640278
0.0623255
0.0603819
0.0581878
0.055742
0.0530533
0.0501414
0.047038
0.0437852
0.0404338
0.0370403
0.0336628
0.0303572
0.0271735
0.0241536
0.0213304
0.0187197
0.0163657
0.0140881
0.012914
END_LIST
