BEGIN_LIST
0
3.98744e-72
1.37991e-71
3.77058e-71
9.57157e-71
2.36234e-70
5.76357e-70
1.39938e-69
3.39072e-69
8.20862e-69
1.98653e-68
4.80692e-68
1.1631e-67
2.8143e-67
6.80973e-67
1.6478e-66
3.98736e-66
9.64898e-66
2.33504e-65
5.65088e-65
1.36758e-64
6.04447e-64
1.40976e-64
1.42503e-63
1.45326e-64
2.80852e-63
1.49813e-64
5.08088e-63
1.54441e-64
8.74859e-63
1.59213e-64
1.46025e-62
1.64136e-64
2.38884e-62
1.69213e-64
3.85914e-62
1.7445e-64
6.19259e-62
1.79852e-64
9.91924e-62
1.85423e-64
1.59319e-61
1.91171e-64
2.57681e-61
1.97102e-64
4.21378e-61
2.03328e-64
6.99267e-61
2.14347e-64
1.18133e-60
4.21379e-64
2.03661e-60
8.96254e-63
3.58795e-60
3.72213e-61
6.45942e-60
1.58312e-59
1.18618e-59
6.73765e-58
2.21148e-59
2.86762e-56
2.24538e-59
2.97949e-59
1.26663e-59
6.67445e-56
3.06704e-56
2.26872e-59
3.44927e-59
7.33291e-60
1.26179e-55
3.27746e-56
2.28065e-59
3.72625e-59
4.28627e-60
2.14806e-55
3.49837e-56
2.2806e-59
3.87784e-59
2.52711e-60
3.42372e-55
3.72881e-56
2.26827e-59
3.94714e-59
1.50138e-60
5.20853e-55
3.96717e-56
2.24372e-59
3.96185e-59
8.97989e-61
7.64843e-55
4.21107e-56
2.20731e-59
3.93979e-59
5.40229e-61
1.09205e-54
4.45712e-56
2.15974e-59
3.89256e-59
3.26621e-61
1.52399e-54
4.70071e-56
2.10199e-59
3.82777e-59
1.98306e-61
2.08699e-54
4.93583e-56
2.03524e-59
3.75048e-59
1.20824e-61
2.81365e-54
5.15485e-56
1.96086e-59
3.66414e-59
7.38305e-62
3.74504e-54
5.34837e-56
1.88029e-59
3.57115e-59
4.52223e-62
4.93408e-54
5.50495e-56
1.79502e-59
3.47324e-59
2.77531e-62
6.45075e-54
5.61071e-56
1.70647e-59
3.3717e-59
1.70587e-62
8.39019e-54
5.64827e-56
1.61602e-59
3.26754e-59
1.04981e-62
1.08855e-53
5.59442e-56
1.52491e-59
3.16158e-59
6.46678e-63
1.41285e-53
5.41486e-56
1.43423e-59
3.0545e-59
3.98622e-63
1.84028e-53
5.05352e-56
1.34492e-59
2.94688e-59
2.45826e-63
2.4139e-53
4.41123e-56
1.25813e-59
2.83924e-59
1.51629e-63
3.20075e-53
3.30313e-56
1.1066e-59
2.73203e-59
9.35212e-64
4.30812e-53
1.36664e-56
9.54143e-60
1.03026e-59
2.78342e-59
1.28328e-59
4.0816e-59
6.80514e-64
4.57412e-53
3.53275e-53
1.27199e-56
3.68293e-57
8.1887e-60
9.57837e-60
2.61825e-59
6.04316e-60
5.02765e-59
4.94932e-64
4.81797e-53
2.78535e-53
1.17818e-56
9.84369e-58
7.0001e-60
8.89375e-60
2.26995e-59
2.84857e-60
5.69241e-59
3.59705e-64
5.03716e-53
2.12735e-53
1.0863e-56
2.626e-58
5.96428e-60
8.24856e-60
1.82615e-59
1.34344e-60
6.17441e-59
2.61179e-64
5.22929e-53
1.58566e-53
9.97291e-57
7.01333e-59
5.06794e-60
7.64222e-60
1.38127e-59
6.33814e-61
6.54601e-59
1.89403e-64
5.39203e-53
1.16088e-53
9.1192e-57
1.88618e-59
4.29742e-60
7.07384e-60
9.97403e-60
2.99099e-61
6.85625e-59
1.37125e-64
5.52318e-53
8.39065e-54
8.30783e-57
5.21791e-60
3.64052e-60
6.54221e-60
6.97181e-60
1.41172e-61
7.13606e-59
9.90636e-65
5.6207e-53
6.0105e-54
7.54305e-57
1.60028e-60
3.09043e-60
6.04597e-60
4.76893e-60
6.664e-62
7.40336e-59
7.13656e-65
5.68267e-53
4.27901e-54
6.82755e-57
6.55194e-61
2.65662e-60
5.58357e-60
3.21701e-60
3.1458e-62
7.66731e-59
5.1223e-65
5.70738e-53
3.03352e-54
6.16266e-57
4.2374e-61
2.39956e-60
5.15341e-60
2.15121e-60
1.48483e-62
7.93137e-59
3.65876e-65
5.6933e-53
2.14443e-54
5.54851e-57
3.842e-61
2.54302e-60
4.7538e-60
1.43073e-60
7.00599e-63
8.19535e-59
2.59662e-65
5.63912e-53
1.51301e-54
4.98427e-57
3.97748e-61
3.83949e-60
4.38305e-60
9.48415e-61
3.30303e-63
8.45673e-59
1.82696e-65
5.54377e-53
1.06613e-54
4.46836e-57
4.27572e-61
8.76065e-60
4.03945e-60
6.27495e-61
1.55466e-63
8.71152e-59
1.27033e-65
5.4064e-53
7.50589e-55
3.99864e-57
4.64052e-61
2.53771e-59
3.72135e-60
4.14919e-61
7.29312e-64
8.95475e-59
8.68796e-66
5.22645e-53
5.28131e-55
3.5726e-57
5.04829e-61
8.00062e-59
3.42711e-60
2.75029e-61
3.39866e-64
9.18079e-59
5.80116e-66
5.00362e-53
3.71461e-55
3.18743e-57
5.49497e-61
2.58457e-58
3.15517e-60
1.8511e-61
1.56281e-64
9.38362e-59
3.73474e-66
4.73789e-53
2.61199e-55
2.84025e-57
5.98189e-61
8.40548e-58
2.90403e-60
1.34041e-61
6.99048e-65
9.55694e-59
2.26415e-66
4.42954e-53
1.83648e-55
2.5281e-57
6.51201e-61
2.73895e-57
2.67232e-60
1.27694e-61
2.94195e-65
9.6944e-59
1.22562e-66
4.07917e-53
1.29232e-55
2.24816e-57
7.08895e-61
8.93109e-57
2.45891e-60
2.13676e-61
1.05874e-65
9.7898e-59
4.99862e-67
3.68768e-53
9.21489e-56
2.00011e-57
7.71675e-61
2.91322e-56
2.26338e-60
5.6761e-61
1.96086e-66
9.83727e-59
0
3.25628e-53
7.74663e-56
1.88434e-57
8.39984e-61
1.69029e-56
4.3971e-56
2.15484e-60
9.56587e-61
2.03348e-66
1.1406e-66
9.80503e-59
2.77436e-53
2.32143e-53
8.83317e-61
9.80665e-57
6.47882e-56
2.05139e-60
1.63086e-60
2.10919e-66
6.6347e-67
9.63502e-59
2.34443e-53
1.65404e-53
9.28598e-61
5.6894e-57
9.40053e-56
1.9528e-60
2.79628e-60
2.18889e-66
3.85926e-67
9.32002e-59
1.96729e-53
1.17803e-53
9.76052e-61
3.30068e-57
1.35024e-55
1.85887e-60
4.80775e-60
2.27481e-66
2.24476e-67
8.86136e-59
1.64111e-53
8.38745e-54
1.02585e-60
1.91486e-57
1.92623e-55
1.76937e-60
8.27718e-60
2.37301e-66
1.30559e-67
8.27003e-59
1.3623e-53
5.97023e-54
1.07813e-60
1.11088e-57
2.73518e-55
1.6841e-60
1.42594e-59
2.50002e-66
7.59254e-68
7.5665e-59
1.12627e-53
4.24858e-54
1.13303e-60
6.44456e-58
3.87141e-55
1.60289e-60
2.45727e-59
2.70144e-66
4.41437e-68
6.7791e-59
9.28045e-54
3.02261e-54
1.1907e-60
3.7387e-58
5.46743e-55
1.52553e-60
4.23516e-59
3.10321e-66
2.56555e-68
5.94131e-59
7.62634e-54
2.14972e-54
1.25127e-60
2.16895e-58
7.70939e-55
1.45186e-60
7.29992e-59
4.05359e-66
1.49008e-68
5.08824e-59
6.25327e-54
1.52828e-54
1.31489e-60
1.25829e-58
1.08588e-54
1.3817e-60
6.51588e-66
8.64509e-69
4.25333e-59
5.11829e-54
1.31551e-65
5.00666e-69
3.46533e-59
4.18332e-54
3.13445e-65
2.89088e-69
2.74642e-59
3.41521e-54
8.14843e-65
1.66091e-69
2.11136e-59
2.78556e-54
2.20018e-64
9.46269e-70
1.56758e-59
2.27032e-54
6.0311e-64
5.31408e-70
1.11608e-59
1.84929e-54
1.66285e-63
2.90922e-70
7.52763e-60
1.50563e-54
4.59478e-63
1.51851e-70
4.69863e-60
1.22537e-54
1.27067e-62
7.17503e-71
2.57415e-60
9.97043e-55
3.51516e-62
2.59223e-71
1.04457e-60
8.13073e-55
9.7255e-62
0
0
7.31578e-55
9.91738e-62
5.55484e-61
1.0113e-61
8.9023e-61
1.03126e-61
1.119e-60
1.0516e-61
1.26774e-60
1.07235e-61
1.36191e-60
1.09351e-61
1.42062e-60
1.11508e-61
1.45496e-60
1.13708e-61
1.46903e-60
1.15952e-61
1.46206e-60
1.18239e-61
1.43064e-60
1.20572e-61
1.37088e-60
1.22951e-61
1.28015e-60
1.25377e-61
1.15846e-60
1.2785e-61
1.00911e-60
1.30373e-61
8.38639e-61
1.32945e-61
6.56039e-61
1.35568e-61
4.71531e-61
1.38243e-61
2.95198e-61
1.40971e-61
1.35806e-61
1.43738e-61
0
1.47686e-61
1.51741e-61
1.55909e-61
1.6019e-61
1.64589e-61
1.69109e-61
1.73753e-61
1.78525e-61
1.83428e-61
1.88465e-61
1.93641e-61
1.98958e-61
2.04422e-61
2.10036e-61
2.15805e-61
2.21726e-61
2.27841e-61
2.33975e-61
2.40971e-61
2.44953e-61
END_LIST
