BEGIN_LIST
0.1
0.0983889
0.0967137
0.0949758
0.093177
0.0913195
0.089406
0.0874397
0.0854239
0.0833626
0.0812599
0.0791203
0.0769484
0.0747485
0.0725241
0.0702757
0.0679969
0.0656629
0.0632033
0.0604336
0.0568829
0.0482413
0.0540515
0.0405898
0.0508793
0.0339177
0.0474069
0.0281758
0.0436972
0.023289
0.0398316
0.019169
0.0359031
0.0157224
0.0320071
0.012858
0.0282332
0.0104901
0.0246573
0.00854138
0.0213374
0.00694342
0.0183113
0.005637
0.0155981
0.00457158
0.0132004
0.00370462
0.011108
0.00300076
0.00930166
0.0024312
0.00775669
0.00197363
0.00644554
0.00161315
0.00533997
0.00134601
0.00440512
0.0011896
0.00326514
0.00103514
0.00127119
0.00119195
0.00286553
0.00267488
0.000900555
0.00136087
0.00131093
0.00251469
0.00219033
0.000783328
0.00145833
0.0015057
0.00220669
0.0017929
0.000681256
0.0015636
0.00176113
0.00193633
0.00146713
0.000592405
0.00167691
0.0020747
0.00169902
0.00120026
0.000515082
0.00179868
0.00245051
0.00149075
0.000981729
0.000447806
0.00192936
0.00289659
0.00130797
0.000802854
0.000389283
0.00206954
0.0034238
0.00114757
0.00065648
0.000338382
0.00221985
0.00404538
0.00100682
0.000536733
0.000294117
0.00238095
0.00477693
0.000883302
0.000438785
0.000255628
0.00255361
0.00563643
0.000774915
0.00035868
0.000222164
0.0027386
0.00664444
0.000679791
0.000293165
0.000193073
0.00293677
0.00782416
0.000596278
0.00023957
0.000167784
0.00314903
0.00920151
0.00052289
0.000195681
0.000145803
0.00337634
0.0108051
0.000458247
0.000159624
0.000126698
0.00361971
0.0126659
0.000400965
0.000129724
0.000110094
0.00388024
0.0148169
0.000349455
0.000104262
9.56632e-05
0.00415907
0.0172924
0.000301486
8.10037e-05
8.31684e-05
0.00445742
0.0201267
0.000253257
5.61397e-05
6.74789e-05
0.00477659
0.0233524
0.000197355
2.18085e-05
5.50075e-05
5.98876e-05
0.00292283
0.00744226
0.00321695
0.0257727
0.000190828
0.00013172
1.89064e-05
5.78656e-06
4.48397e-05
5.31498e-05
0.00178144
0.00931286
0.00221316
0.0283819
0.000184288
8.79032e-05
1.63904e-05
1.63985e-06
3.65505e-05
4.71698e-05
0.00108314
0.0110006
0.00157475
0.0311882
0.000177726
5.86571e-05
1.42091e-05
5.79988e-07
2.9793e-05
4.18622e-05
0.000657592
0.0127499
0.00117723
0.0341968
0.000171135
3.91393e-05
1.23182e-05
3.24199e-07
2.42845e-05
3.71516e-05
0.000398875
0.0146668
0.000939547
0.0374095
0.000164506
2.61149e-05
1.06788e-05
2.79766e-07
1.97942e-05
3.2971e-05
0.000241814
0.0168042
0.000809169
0.0408248
0.000157828
1.74243e-05
9.25759e-06
2.93028e-07
1.6134e-05
2.92606e-05
0.000146548
0.0191942
0.000752246
0.0444375
0.000151092
1.16255e-05
8.02551e-06
3.24425e-07
1.31505e-05
2.59676e-05
8.87959e-05
0.0218593
0.000747196
0.0482385
0.000144289
7.75651e-06
6.9574e-06
3.64078e-07
1.07186e-05
2.30452e-05
5.37963e-05
0.0248164
0.000780517
0.0522142
0.000137408
5.17507e-06
6.03144e-06
4.09871e-07
8.73643e-06
2.04516e-05
3.25897e-05
0.0280763
0.000844048
0.0563471
0.000130437
3.45275e-06
5.2287e-06
4.61762e-07
7.12076e-06
1.81498e-05
1.97419e-05
0.031644
0.000933204
0.0606153
0.000123366
2.30362e-06
4.5328e-06
5.20309e-07
5.80385e-06
1.6107e-05
1.19587e-05
0.0355165
0.00104583
0.0649928
0.000116182
1.53694e-06
3.92951e-06
5.86303e-07
4.73045e-06
1.42941e-05
7.24395e-06
0.0396817
0.00118147
0.0694503
0.000108872
1.02542e-06
3.40651e-06
6.60673e-07
3.85545e-06
1.26853e-05
4.38795e-06
0.0441177
0.00134091
0.073955
0.000101424
6.84143e-07
2.95312e-06
7.44477e-07
3.14194e-06
1.12575e-05
2.65795e-06
0.0487913
0.00152588
0.0784723
9.38226e-05
4.56448e-07
2.56008e-06
8.38912e-07
2.55931e-06
9.99042e-06
1.61004e-06
0.0536584
0.00173891
0.0829661
8.60543e-05
3.04535e-07
2.21934e-06
9.45327e-07
2.08082e-06
8.86608e-06
9.75351e-07
0.0586649
0.00198322
0.0874001
7.81036e-05
2.03193e-07
1.92396e-06
1.06524e-06
1.6788e-06
7.86873e-06
5.91149e-07
0.0637481
0.00226269
0.0917389
6.99542e-05
1.35698e-07
1.66793e-06
1.20036e-06
1.31105e-06
6.9854e-06
3.59297e-07
0.0688393
0.00258187
0.095949
6.15893e-05
9.18778e-08
1.44796e-06
1.35262e-06
8.77787e-07
6.20829e-06
2.21908e-07
0.0738673
0.00294602
0.1
5.2991e-05
7.5003e-08
1.34686e-06
1.5242e-06
4.95828e-07
8.37212e-07
5.78786e-06
1.75075e-07
0.0721574
0.0754607
0.00359382
4.21471e-05
3.5941e-05
1.63667e-06
2.81031e-07
8.04491e-07
5.3959e-06
1.38135e-07
0.0704264
0.0768935
0.00438666
3.35215e-05
2.44144e-05
1.7564e-06
1.60497e-07
7.81766e-07
5.03049e-06
1.09004e-07
0.0686774
0.0782399
0.00535318
2.66607e-05
1.66243e-05
1.88439e-06
9.31844e-08
7.72301e-07
4.68982e-06
8.60446e-08
0.0669136
0.079541
0.00652822
2.12037e-05
1.1362e-05
2.02146e-06
5.60099e-08
7.81011e-07
4.37222e-06
6.79704e-08
0.0651382
0.0808195
0.00795324
1.68635e-05
7.81e-06
2.1684e-06
3.60106e-08
8.15247e-07
4.07612e-06
5.37803e-08
0.0633545
0.0820881
0.00967688
1.34116e-05
5.41524e-06
2.32596e-06
2.59381e-08
8.85958e-07
3.80008e-06
4.27078e-08
0.0615658
0.0833534
0.0117555
1.06662e-05
3.80377e-06
2.49495e-06
2.17768e-08
1.0094e-06
3.54273e-06
3.41894e-08
0.0597756
0.084619
0.014253
8.48274e-06
2.72263e-06
2.6762e-06
2.13501e-08
1.20969e-06
3.30281e-06
2.78543e-08
0.0579871
0.0858868
0.0172411
6.74622e-06
2.00077e-06
2.87061e-06
2.354e-08
1.52253e-06
3.07914e-06
0.0562036
0.0871575
0.0207977
5.36516e-06
0.0544284
0.0884315
0.0250049
4.26682e-06
0.0526644
0.0897087
0.0299453
3.39332e-06
0.0509145
0.0909888
0.0356964
2.69864e-06
0.0491804
0.0922716
0.0423231
2.14617e-06
0.0474623
0.0935566
0.0498682
1.7068e-06
0.0457546
0.0948434
0.0583414
1.35738e-06
0.0440357
0.0961317
0.0677084
1.07949e-06
0.0422381
0.0974208
0.0778814
8.58542e-07
0.0401597
0.0987104
0.0887134
6.84593e-07
0.0372053
0.1
0.1
6.08493e-07
0.0356019
0.0239325
0.0339325
0.0157056
0.0322098
0.0107608
0.0304482
0.00795265
0.028663
0.00656297
0.0268701
0.0061591
0.0250855
0.00649729
0.0233246
0.0074601
0.0216019
0.00901736
0.0199302
0.0112028
0.0183207
0.0141005
0.0167827
0.0178367
0.0153233
0.0225744
0.0139475
0.0285068
0.0126587
0.0358482
0.0114582
0.0448184
0.0103459
0.055619
0.00932026
0.0684001
0.00837963
0.0832195
0.00749892
0.1
0.00643502
0.00550624
0.00469981
0.00400288
0.00340301
0.00288846
0.0024484
0.00207299
0.00175343
0.00148189
0.00125152
0.00105633
0.00089113
0.000751445
0.000633423
0.000533796
0.000449604
0.000379279
0.00031612
0.000284684
END_LIST
