BEGIN_LIST
0.1
0.0998596
0.0997086
0.0995461
0.0993714
0.0991837
0.098982
0.0987654
0.098533
0.0982838
0.0980165
0.09773
0.0974228
0.0970932
0.0967383
0.0963534
0.095928
0.0954391
0.0948316
0.0939728
0.0925409
0.0869494
0.0925208
0.0807821
0.0924952
0.0741625
0.0924624
0.0672514
0.0924205
0.0602325
0.092367
0.0532935
0.0922986
0.0466074
0.0922112
0.0403177
0.0920995
0.0345296
0.0919571
0.0293077
0.0917754
0.0246786
0.0915438
0.0206377
0.0912491
0.0171573
0.0908747
0.0141953
0.0904002
0.0117031
0.0898005
0.00963431
0.0890455
0.0079558
0.0880993
0.0066677
0.0869077
0.00584653
0.0850385
0.0057459
0.0717311
0.00504784
0.00623726
0.0059658
0.0640635
0.0637175
0.00442854
0.00672453
0.00663788
0.0571049
0.0560173
0.00388052
0.00722197
0.00761634
0.0508135
0.048775
0.0033967
0.00773873
0.00884468
0.0451445
0.0420956
0.00297041
0.00828094
0.0103092
0.0400515
0.0360429
0.00259547
0.00885296
0.0120166
0.0354885
0.0306433
0.00226622
0.0094581
0.013983
0.0314101
0.0258918
0.00197748
0.010099
0.0162282
0.0277726
0.02176
0.00172457
0.0107782
0.0187717
0.0245345
0.0182035
0.00150327
0.0114976
0.02163
0.0216567
0.0151686
0.00130981
0.0122593
0.0248139
0.0191028
0.0125976
0.00114082
0.0130652
0.0283263
0.0168389
0.0104327
0.000993317
0.0139172
0.0321593
0.0148338
0.00861827
0.000864638
0.0148171
0.0362925
0.0130578
0.00710226
0.000752443
0.0157664
0.0406918
0.0114825
0.00583563
0.000654665
0.016767
0.0453084
0.0100777
0.0047699
0.000569487
0.0178201
0.0500802
0.00880725
0.00385041
0.000495309
0.0189272
0.0549339
0.00761852
0.0030002
0.000430964
0.0200896
0.0597889
0.00641965
0.00208191
0.000350027
0.0213083
0.0645621
0.00502992
0.000807086
0.000285639
0.00031081
0.0138188
0.0322374
0.0142671
0.0676875
0.00486422
0.0034093
0.000700715
0.000210359
0.000233043
0.000275969
0.00874262
0.0390374
0.009649
0.0707111
0.00469811
0.00229905
0.000608245
5.53636e-05
0.000190096
0.000245018
0.00544174
0.0441809
0.0066509
0.0736149
0.0045314
0.00154498
0.000527889
1.51852e-05
0.000155041
0.000217527
0.00335211
0.0486519
0.00473038
0.0763831
0.00436386
0.00103581
0.00045808
4.84912e-06
0.000126434
0.000193112
0.00205152
0.052828
0.00352598
0.0790028
0.00419527
0.000693349
0.000397453
2.27873e-06
0.000103096
0.00017143
0.00125051
0.0568357
0.00279911
0.0814642
0.0040254
0.000463621
0.000344811
1.74025e-06
8.40583e-05
0.000152177
0.00076038
0.0606986
0.00239359
0.0837606
0.00385401
0.000309789
0.000299112
1.74601e-06
6.85318e-05
0.000135081
0.000461658
0.0644003
0.00220803
0.0858885
0.00368083
0.000206902
0.000259449
1.91164e-06
5.58702e-05
0.000119903
0.000280035
0.0679114
0.00217735
0.0878474
0.0035056
0.000138141
0.000225028
2.13962e-06
4.55458e-05
0.000106427
0.000169771
0.0712029
0.00226043
0.0896395
0.00332804
9.22129e-05
0.000195162
2.40724e-06
3.71279e-05
9.44642e-05
0.000102889
0.074251
0.0024321
0.0912692
0.00314786
6.15457e-05
0.000169251
2.71161e-06
3.0265e-05
8.38439e-05
6.23428e-05
0.0770404
0.00267778
0.0927428
0.00296475
4.10736e-05
0.000146772
3.0553e-06
2.46699e-05
7.44163e-05
3.77702e-05
0.0795639
0.00299005
0.0940683
0.0027784
2.74095e-05
0.000127274
3.44278e-06
2.01084e-05
6.60478e-05
2.28813e-05
0.0818223
0.00336641
0.0952544
0.00258847
1.82903e-05
0.000110362
3.87944e-06
1.63888e-05
5.86195e-05
1.38609e-05
0.0838235
0.00380784
0.096311
0.00239461
1.22047e-05
9.56946e-05
4.37151e-06
1.33527e-05
5.20262e-05
8.39653e-06
0.0855804
0.00431786
0.0972481
0.00219644
8.14385e-06
8.29741e-05
4.92599e-06
1.08647e-05
4.61746e-05
5.0867e-06
0.0871101
0.00490193
0.0980757
0.00199358
5.4344e-06
7.19429e-05
5.55079e-06
8.79256e-06
4.09832e-05
3.08304e-06
0.0884319
0.00556712
0.0988038
0.00178562
3.62964e-06
6.23787e-05
6.25483e-06
6.9565e-06
3.63848e-05
1.87388e-06
0.0895663
0.00632177
0.0994422
0.00157213
2.45778e-06
5.41595e-05
7.04816e-06
4.96997e-06
3.23387e-05
1.15735e-06
0.0905339
0.00717544
0.1
0.00135266
2.00649e-06
5.03813e-05
7.9421e-06
2.80676e-06
4.96825e-06
3.01496e-05
9.13099e-07
0.0902383
0.0908889
0.00867474
0.00108088
0.000915651
8.52805e-06
1.59009e-06
5.10654e-06
2.81086e-05
7.20448e-07
0.0899256
0.0913362
0.0104742
0.00086288
0.000619996
9.15183e-06
9.07131e-07
5.44346e-06
2.62058e-05
5.68531e-07
0.0895948
0.0918298
0.0126166
0.000688322
0.000419998
9.81865e-06
5.25471e-07
6.06618e-06
2.44317e-05
4.48805e-07
0.089245
0.0923449
0.0151478
0.000548742
0.00028473
1.05328e-05
3.14353e-07
7.104e-06
2.27776e-05
3.54571e-07
0.0888755
0.0928678
0.0181137
0.000437253
0.000193258
1.12983e-05
2.00338e-07
8.74853e-06
2.12355e-05
2.80619e-07
0.0884854
0.0933912
0.0215569
0.000348279
0.000131418
1.21191e-05
1.42336e-07
1.12834e-05
1.97978e-05
2.22969e-07
0.0880736
0.0939112
0.0255115
0.000277324
8.9628e-05
1.29994e-05
1.17552e-07
1.51283e-05
1.84574e-05
1.78716e-07
0.0876394
0.0944257
0.0299978
0.000220771
6.14038e-05
1.39436e-05
1.13591e-07
2.09041e-05
1.72077e-05
1.45985e-07
0.0871818
0.0949333
0.0350159
0.000175715
4.23596e-05
1.49563e-05
1.24035e-07
2.95288e-05
1.60426e-05
0.0866998
0.0954336
0.0405396
0.000139832
0.0861924
0.0959261
0.0465122
0.000111263
0.0856585
0.0964107
0.0528443
8.85225e-05
0.0850962
0.0968873
0.0594157
7.04241e-05
0.0845025
0.097356
0.0660822
5.60223e-05
0.0838696
0.0978165
0.0726862
4.45635e-05
0.0831776
0.0982691
0.0790706
3.5447e-05
0.0823712
0.0987137
0.0850926
2.81947e-05
0.0812946
0.0991504
0.0906362
2.24269e-05
0.0795061
0.0995791
0.09562
1.78851e-05
0.0757538
0.1
0.1
1.58979e-05
0.0757097
0.0510343
0.0756589
0.0344685
0.0756004
0.0238517
0.0755331
0.0174155
0.0754556
0.0138753
0.0753664
0.0123676
0.0752638
0.0123517
0.0751458
0.0135165
0.0750103
0.0157078
0.0748546
0.0188736
0.0746758
0.0230236
0.0744708
0.0281961
0.0742358
0.0344283
0.0739667
0.0417275
0.0736588
0.0500457
0.0733071
0.0592595
0.0729058
0.0691625
0.0724487
0.0794738
0.0719289
0.0898652
0.0713376
0.1
0.0703882
0.0692674
0.0679527
0.0664222
0.0646563
0.062639
0.0603606
0.05782
0.0550262
0.0520001
0.0487748
0.0453944
0.0419121
0.0383869
0.034879
0.0314481
0.028138
0.025039
0.0219209
0.0202835
END_LIST
