BEGIN_LIST
0.1
0.0967164
0.0934285
0.0901452
0.0868751
0.0836265
0.0804076
0.0772261
0.074089
0.0710031
0.0679744
0.0650083
0.0621096
0.0592819
0.0565272
0.053844
0.0512231
0.0486354
0.0460022
0.0431156
0.0394317
0.0324942
0.0348891
0.0266776
0.0305511
0.0218344
0.0264975
0.0178248
0.0227834
0.014521
0.019439
0.0118092
0.0164732
0.00959035
0.0138776
0.00777947
0.0116318
0.00630465
0.00970735
0.00510556
0.00807164
0.00413201
0.00669091
0.00334247
0.00553209
0.00270281
0.00456415
0.00218509
0.00375886
0.00176665
0.00309108
0.00142944
0.00253885
0.0011598
0.00208317
0.000949129
0.00170783
0.000796492
0.00139698
0.00071584
0.00103083
0.000622288
0.000768397
0.000721588
0.000904422
0.000842929
0.000540921
0.000824789
0.000796464
0.000793504
0.000689199
0.000470162
0.000885297
0.00091678
0.000696181
0.000563452
0.000408635
0.000950227
0.00107399
0.000610787
0.000460612
0.000355142
0.0010199
0.00126701
0.000535862
0.000376519
0.000308638
0.00109465
0.00149875
0.000470124
0.000307762
0.000268213
0.00117487
0.00177457
0.000412447
0.00025155
0.000233075
0.00126093
0.00210166
0.000361844
0.000205598
0.000202535
0.00135327
0.00248893
0.000317446
0.000168035
0.000175992
0.00145233
0.00294698
0.000278493
0.000137331
0.000152924
0.00155861
0.00348833
0.000244315
0.000112233
0.000132878
0.00167262
0.00412765
0.000214323
9.1716e-05
0.000115457
0.00179491
0.00488203
0.000187993
7.49377e-05
0.000100319
0.00192608
0.00577134
0.000164857
6.12018e-05
8.71641e-05
0.00206677
0.0068185
0.000144479
4.99202e-05
7.57338e-05
0.00221766
0.00804992
0.000126422
4.05669e-05
6.58018e-05
0.00237947
0.00949575
0.000110185
3.26041e-05
5.71715e-05
0.00255297
0.0111902
9.50635e-05
2.53335e-05
4.97004e-05
0.00273901
0.0131717
7.98604e-05
1.75654e-05
4.03206e-05
0.00293845
0.015483
6.2238e-05
6.84696e-06
3.28652e-05
3.57828e-05
0.00178686
0.00458381
0.00199151
0.01726
6.01826e-05
4.15288e-05
5.93572e-06
1.85111e-06
2.67881e-05
3.17556e-05
0.00108491
0.00575666
0.00138507
0.0192157
5.81229e-05
2.77095e-05
5.14576e-06
5.62496e-07
2.18345e-05
2.81816e-05
0.000658108
0.0068376
0.00100229
0.0213683
5.60565e-05
1.84884e-05
4.46092e-06
2.38102e-07
1.77967e-05
2.50097e-05
0.000398983
0.00798152
0.000767088
0.0237352
5.39807e-05
1.23357e-05
3.86722e-06
1.655e-07
1.45056e-05
2.21948e-05
0.000241803
0.00926013
0.000630121
0.0263336
5.18925e-05
8.23048e-06
3.35254e-06
1.59788e-07
1.1823e-05
1.96967e-05
0.000146514
0.0107154
0.000559495
0.0291804
4.97892e-05
5.4914e-06
2.90635e-06
1.7312e-07
9.63652e-06
1.74797e-05
8.87654e-05
0.0123794
0.000534755
0.0322918
4.76677e-05
3.66386e-06
2.51955e-06
1.93277e-07
7.85434e-06
1.55123e-05
5.37742e-05
0.0142819
0.00054295
0.0356833
4.55248e-05
2.44452e-06
2.18422e-06
2.17326e-07
6.40175e-06
1.37662e-05
3.2575e-05
0.0164531
0.000576072
0.0393688
4.33572e-05
1.63098e-06
1.89352e-06
2.44772e-07
5.21778e-06
1.22167e-05
1.97325e-05
0.018924
0.000629397
0.0433604
4.11614e-05
1.08818e-06
1.64151e-06
2.7579e-07
4.25278e-06
1.08416e-05
1.19529e-05
0.0217265
0.000700412
0.0476674
3.89339e-05
7.2603e-07
1.42304e-06
3.10765e-07
3.46624e-06
9.62123e-06
7.24037e-06
0.0248926
0.000788121
0.0522961
3.66708e-05
4.84404e-07
1.23365e-06
3.50183e-07
2.82514e-06
8.53824e-06
4.38576e-06
0.0284537
0.000892607
0.0572488
3.43681e-05
3.23192e-07
1.06946e-06
3.94603e-07
2.30255e-06
7.57715e-06
2.65661e-06
0.0324385
0.00101476
0.0625226
3.20217e-05
2.15632e-07
9.27122e-07
4.44657e-07
1.87641e-06
6.72424e-06
1.60921e-06
0.0368718
0.00115612
0.0681096
2.96272e-05
1.43868e-07
8.0373e-07
5.01061e-07
1.52841e-06
5.96736e-06
9.74768e-07
0.041772
0.00131876
0.0739954
2.71801e-05
9.59885e-08
6.9676e-07
5.6462e-07
1.24254e-06
5.29574e-06
5.90509e-07
0.0471488
0.00150529
0.0801589
2.46754e-05
6.4047e-08
6.04028e-07
6.36241e-07
1.00211e-06
4.69999e-06
3.57901e-07
0.0530006
0.00171879
0.0865722
2.21082e-05
4.27733e-08
5.2365e-07
7.16947e-07
7.81359e-07
4.17236e-06
2.17531e-07
0.059312
0.0019629
0.0931999
1.94731e-05
2.89612e-08
4.54594e-07
8.0789e-07
5.18839e-07
3.70817e-06
1.34351e-07
0.0660512
0.0022418
0.1
1.67645e-05
2.36423e-08
4.22853e-07
9.10369e-07
2.93092e-07
4.91712e-07
3.45704e-06
1.05996e-07
0.0635879
0.0682601
0.00273902
1.33329e-05
1.13981e-05
9.77543e-07
1.66147e-07
4.67909e-07
3.22292e-06
8.36314e-08
0.0611694
0.0701267
0.00334961
1.06036e-05
7.77195e-06
1.04906e-06
9.49175e-08
4.48054e-07
3.00466e-06
6.59944e-08
0.0587988
0.0718161
0.00409707
8.43301e-06
5.32303e-06
1.1255e-06
5.51482e-08
4.33128e-07
2.80117e-06
5.20934e-08
0.0564788
0.0734183
0.0050104
6.7067e-06
3.67071e-06
1.20738e-06
3.31956e-08
4.24637e-07
2.61147e-06
4.11497e-08
0.0542119
0.0749825
0.00612494
5.33377e-06
2.55747e-06
1.29514e-06
2.13995e-08
4.24853e-07
2.43461e-06
3.25567e-08
0.0519999
0.0765359
0.00748327
4.24188e-06
1.80916e-06
1.38925e-06
1.54771e-08
4.37186e-07
2.26973e-06
2.58498e-08
0.0498449
0.078093
0.00913641
3.37351e-06
1.30798e-06
1.49018e-06
1.30568e-08
4.66722e-07
2.11602e-06
2.06868e-08
0.0477481
0.079662
0.011145
2.6829e-06
9.7427e-07
1.59844e-06
1.28543e-08
5.21022e-07
1.97271e-06
1.68413e-08
0.0457107
0.0812472
0.0135808
2.13367e-06
7.54182e-07
1.71456e-06
1.42116e-08
6.11302e-07
1.83911e-06
0.0437336
0.0828508
0.0165275
1.69687e-06
0.0418174
0.0844742
0.020082
1.34949e-06
0.0399624
0.0861178
0.0243548
1.07323e-06
0.0381684
0.087782
0.0294693
8.53517e-07
0.0364346
0.0894669
0.0355601
6.78786e-07
0.0347587
0.0911722
0.0427694
5.39825e-07
0.0331341
0.0928979
0.0512405
4.29313e-07
0.0315415
0.0946438
0.061108
3.41424e-07
0.0299254
0.0964096
0.0724845
2.71544e-07
0.0281205
0.0981951
0.0854437
2.16528e-07
0.0256349
0.1
0.1
1.92459e-07
0.0235797
0.0164198
0.0216118
0.0108181
0.0197414
0.00752158
0.0179758
0.00571402
0.0163199
0.00489879
0.0147761
0.00478561
0.0133446
0.00521881
0.0120239
0.0061332
0.0108109
0.00752813
0.0097016
0.00945317
0.00869084
0.0120016
0.00777304
0.0153084
0.00694221
0.019552
0.00619219
0.024957
0.0055168
0.0317965
0.00490997
0.0403931
0.00436582
0.0511141
0.00387874
0.0643583
0.00344387
0.0805308
0.00304589
0.1
0.00257833
0.00218046
0.00184251
0.00155588
0.00131307
0.00110762
0.000933929
0.0007872
0.000663329
0.00055881
0.000470662
0.000396349
0.000333719
0.000280951
0.0002365
0.000199073
0.000167512
0.000141195
0.000117599
0.000105863
END_LIST
