BEGIN_LIST
0
2.47075e-55
8.51196e-55
2.30987e-54
5.81299e-54
1.42067e-53
3.42983e-53
8.23717e-53
1.97383e-52
4.72523e-52
1.13076e-51
2.70558e-51
6.47349e-51
1.54892e-50
3.70629e-50
8.86905e-50
2.12246e-49
5.0796e-49
1.21577e-48
2.91006e-48
6.96596e-48
3.02497e-47
7.2375e-48
6.98576e-47
7.51988e-48
1.33672e-46
7.81354e-48
2.32553e-46
8.11894e-48
3.81328e-46
8.43655e-48
6.00237e-46
8.76688e-48
9.17211e-46
9.11044e-48
1.3717e-45
9.46777e-48
2.02158e-45
9.83944e-48
2.95573e-45
1.0226e-47
4.31784e-45
1.06282e-47
6.35114e-45
1.10464e-47
9.48368e-45
1.14817e-47
1.44919e-44
1.19396e-47
2.28169e-44
1.26374e-47
3.71842e-44
2.27834e-47
6.28221e-44
4.34221e-46
1.09863e-43
1.79208e-44
1.97991e-43
7.62022e-43
3.64933e-43
3.24275e-41
3.70556e-43
4.90795e-43
2.09093e-43
7.54318e-41
3.47001e-41
3.74438e-43
5.67763e-43
1.21111e-43
1.42444e-40
3.70994e-41
3.7644e-43
6.13126e-43
7.08406e-44
2.4211e-40
3.96202e-41
3.76463e-43
6.37932e-43
4.18048e-44
3.85083e-40
4.22513e-41
3.74461e-43
6.49251e-43
2.48674e-44
5.84286e-40
4.4975e-41
3.7044e-43
6.51619e-43
1.48979e-44
8.5522e-40
4.77642e-41
3.64462e-43
6.4796e-43
8.98201e-45
1.21634e-39
5.05804e-41
3.56641e-43
6.40175e-43
5.44579e-45
1.6896e-39
5.33713e-41
3.47136e-43
6.29509e-43
3.31833e-45
2.30118e-39
5.60684e-41
3.36146e-43
6.16795e-43
2.03106e-45
3.08264e-39
5.85847e-41
3.23892e-43
6.02594e-43
1.2482e-45
4.07264e-39
6.08128e-41
3.10615e-43
5.87302e-43
7.69956e-46
5.31969e-39
6.2622e-41
2.96558e-43
5.71202e-43
4.76608e-46
6.88639e-39
6.38533e-41
2.81958e-43
5.54506e-43
2.96001e-46
8.85627e-39
6.4308e-41
2.67041e-43
5.3738e-43
1.8442e-46
1.13449e-38
6.37201e-41
2.52012e-43
5.19957e-43
1.15254e-46
1.45179e-38
6.16972e-41
2.37052e-43
5.02349e-43
7.22422e-47
1.86209e-38
5.75986e-41
2.22317e-43
4.84653e-43
4.54096e-47
2.40295e-38
5.02914e-41
2.07994e-43
4.66954e-43
2.86174e-47
3.13359e-38
3.76664e-41
1.82965e-43
4.49325e-43
1.80756e-47
4.15015e-38
1.55887e-41
1.57768e-43
1.70356e-43
4.57767e-43
2.11053e-43
6.71296e-43
1.3375e-47
4.39552e-38
3.40013e-38
1.45112e-41
4.20376e-42
1.35409e-43
1.58394e-43
4.30593e-43
9.93868e-44
8.269e-43
9.89954e-48
4.61975e-38
2.67846e-38
1.3443e-41
1.12592e-42
1.15762e-43
1.47084e-43
3.73303e-43
4.68473e-44
9.36241e-43
7.32694e-48
4.82053e-38
2.04398e-38
1.23965e-41
3.02738e-43
9.86365e-44
1.36425e-43
3.00313e-43
2.20938e-44
1.01552e-42
5.42072e-48
4.99567e-38
1.52226e-38
1.13824e-41
8.33882e-44
8.38115e-44
1.26407e-43
2.27147e-43
1.04233e-44
1.07665e-42
4.00697e-48
5.14304e-38
1.11354e-38
1.04096e-41
2.51668e-44
7.10509e-44
1.17015e-43
1.64018e-43
4.91872e-45
1.12769e-42
2.95769e-48
5.26064e-38
8.04195e-39
9.48482e-42
9.91373e-45
6.01206e-44
1.0823e-43
1.14646e-43
2.32156e-45
1.17372e-42
2.17856e-48
5.3466e-38
5.75603e-39
8.61296e-42
6.13376e-45
5.08013e-44
1.00029e-43
7.84195e-44
1.09586e-45
1.21769e-42
1.59987e-48
5.39919e-38
4.09451e-39
7.79714e-42
5.43609e-45
4.2904e-44
9.23872e-44
5.28987e-44
5.17302e-46
1.26111e-42
1.17012e-48
5.41684e-38
2.90035e-39
7.03886e-42
5.58713e-45
3.63049e-44
8.52772e-44
3.53724e-44
2.44164e-46
1.30456e-42
8.51142e-49
5.39818e-38
2.0486e-39
6.33832e-42
5.99412e-45
3.10498e-44
7.86716e-44
2.35249e-44
1.15203e-46
1.34798e-42
6.14624e-49
5.34201e-38
1.44421e-39
5.6946e-42
6.50177e-45
2.76914e-44
7.25425e-44
1.55935e-44
5.43123e-47
1.39098e-42
4.39535e-49
5.24738e-38
1.0168e-39
5.10592e-42
7.07154e-45
2.8386e-44
6.68619e-44
1.03152e-44
2.55629e-47
1.4329e-42
3.10227e-49
5.11352e-38
7.15263e-40
4.56986e-42
7.69627e-45
4.04747e-44
6.16023e-44
6.81538e-45
1.19916e-47
1.47292e-42
2.15043e-49
4.93992e-38
5.02851e-40
4.08355e-42
8.37742e-45
8.81627e-44
5.6737e-44
4.50041e-45
5.58809e-48
1.51011e-42
1.45286e-49
4.72634e-38
3.53379e-40
3.64384e-42
9.11905e-45
2.50627e-43
5.22399e-44
2.97308e-45
2.56953e-48
1.54348e-42
9.44621e-50
4.47277e-38
2.48273e-40
3.24743e-42
9.92621e-45
7.86361e-43
4.80866e-44
1.97239e-45
1.14933e-48
1.57199e-42
5.77173e-50
4.17949e-38
1.74409e-40
2.89096e-42
1.08046e-44
2.539e-42
4.42542e-44
1.33745e-45
4.83692e-49
1.59461e-42
3.14216e-50
3.84704e-38
1.22624e-40
2.57122e-42
1.17603e-44
8.262e-42
4.07242e-44
1.00245e-45
1.74069e-49
1.61031e-42
1.28594e-50
3.47627e-38
8.73612e-41
2.28786e-42
1.28003e-44
2.69438e-41
3.74896e-44
1.05823e-45
3.22397e-50
1.61812e-42
0
3.0683e-38
7.34056e-41
2.1556e-42
1.39316e-44
1.56235e-41
4.06803e-41
3.5694e-44
1.31788e-45
3.34383e-50
1.87531e-50
1.61283e-42
2.61316e-38
2.18516e-38
1.46492e-44
9.0588e-42
5.99706e-41
3.39824e-44
1.85594e-45
3.46969e-50
1.09083e-50
1.58487e-42
2.20734e-38
1.55532e-38
1.53991e-44
5.25228e-42
8.70732e-41
3.23513e-44
2.85823e-45
3.60457e-50
6.34512e-51
1.53307e-42
1.85153e-38
1.10656e-38
1.61849e-44
3.04519e-42
1.25164e-40
3.0797e-44
4.64804e-45
3.75657e-50
3.69066e-51
1.45763e-42
1.54394e-38
7.87034e-39
1.70093e-44
1.76555e-42
1.78712e-40
2.9316e-44
7.78541e-45
3.94778e-50
2.14656e-51
1.36036e-42
1.28113e-38
5.59623e-39
1.7875e-44
1.02363e-42
2.53998e-40
2.79051e-44
1.32382e-44
4.23905e-50
1.24832e-51
1.24464e-42
1.05875e-38
3.97821e-39
1.8784e-44
5.93488e-43
3.59861e-40
2.65611e-44
2.26776e-44
4.79839e-50
7.25792e-52
1.11512e-42
8.72068e-39
2.82725e-39
1.97387e-44
3.44111e-43
5.08727e-40
2.52809e-44
3.89871e-44
6.09034e-50
4.21825e-52
9.77314e-43
7.16354e-39
2.00864e-39
2.07414e-44
1.99535e-43
7.18072e-40
2.40615e-44
6.71419e-44
9.39984e-50
2.45004e-52
8.36992e-43
5.87149e-39
1.42647e-39
2.17944e-44
1.15723e-43
1.01247e-39
2.29003e-44
1.82817e-49
1.4215e-52
6.99654e-43
4.80393e-39
4.25703e-49
8.23266e-53
5.70033e-43
3.92484e-39
1.09476e-48
4.7538e-53
4.51777e-43
3.20293e-39
2.94283e-48
2.73136e-53
3.47312e-43
2.61139e-39
8.05287e-48
1.55622e-53
2.57863e-43
2.12753e-39
2.2188e-47
8.7399e-54
1.83593e-43
1.73229e-39
6.1294e-47
4.78495e-54
1.23828e-43
1.40981e-39
1.69491e-46
2.49769e-54
7.72913e-44
1.14693e-39
4.68851e-46
1.18021e-54
4.23442e-44
9.32846e-40
1.29715e-45
4.26401e-55
1.7183e-44
7.60419e-40
3.589e-45
0
0
6.84053e-40
3.65981e-45
2.04994e-44
3.73202e-45
3.28528e-44
3.80565e-45
4.12952e-44
3.88073e-45
4.67843e-44
3.9573e-45
5.02595e-44
4.03537e-45
5.24262e-44
4.11499e-45
5.36935e-44
4.19618e-45
5.42128e-44
4.27897e-45
5.39554e-44
4.36339e-45
5.2796e-44
4.44947e-45
5.05905e-44
4.53726e-45
4.72424e-44
4.62678e-45
4.27516e-44
4.71806e-45
3.724e-44
4.81115e-45
3.09489e-44
4.90607e-45
2.42103e-44
5.00287e-45
1.74013e-44
5.10157e-45
1.08939e-44
5.20225e-45
5.01175e-45
5.30438e-45
0
5.45005e-45
5.59972e-45
5.7535e-45
5.91151e-45
6.07385e-45
6.24065e-45
6.41204e-45
6.58813e-45
6.76905e-45
6.95494e-45
7.14594e-45
7.34219e-45
7.54382e-45
7.75098e-45
7.96388e-45
8.18237e-45
8.40806e-45
8.6344e-45
8.89257e-45
9.03954e-45
END_LIST
