BEGIN_LIST
0
1.18366e-45
4.07245e-45
1.10288e-44
2.76836e-44
6.74583e-44
1.6234e-43
3.8857e-43
9.2788e-43
2.21342e-42
5.27768e-42
1.25819e-41
2.99926e-41
7.14951e-41
1.70427e-40
4.06266e-40
9.68473e-40
2.30874e-39
5.50395e-39
1.31215e-38
3.12825e-38
1.34943e-37
3.25968e-38
3.09151e-37
3.39666e-38
5.84605e-37
3.53945e-38
1.00049e-36
3.68827e-38
1.60511e-36
3.84339e-38
2.45602e-36
4.00508e-38
3.6196e-36
4.17361e-38
5.17066e-36
4.34928e-38
7.19346e-36
4.5324e-38
9.78714e-36
4.72327e-38
1.30817e-35
4.92223e-38
1.72755e-35
5.12962e-38
2.27147e-35
5.34581e-38
3.00521e-35
5.57129e-38
4.05594e-35
5.81161e-38
5.67353e-35
6.28681e-38
8.34946e-35
1.63421e-37
1.30497e-34
4.3355e-36
2.16633e-34
1.81733e-34
3.78202e-34
7.72954e-33
3.8418e-34
5.04005e-34
2.17527e-34
1.79668e-32
8.27659e-33
3.8836e-34
5.80838e-34
1.26712e-34
3.38806e-32
8.85465e-33
3.90595e-34
6.26029e-34
7.47269e-35
5.74708e-32
9.46248e-33
3.90783e-34
6.50646e-34
4.46131e-35
9.11691e-32
1.00975e-32
3.8887e-34
6.61766e-34
2.69669e-35
1.37877e-31
1.07556e-32
3.84862e-34
6.63927e-34
1.65089e-35
2.01006e-31
1.14302e-32
3.7882e-34
6.60056e-34
1.02404e-35
2.84519e-31
1.21121e-32
3.7086e-34
6.52049e-34
6.43918e-36
3.92997e-31
1.27888e-32
3.61144e-34
6.41154e-34
4.10637e-36
5.31724e-31
1.34439e-32
3.49876e-34
6.282e-34
2.65655e-36
7.06835e-31
1.40563e-32
3.37286e-34
6.1375e-34
1.74341e-36
9.25554e-31
1.46001e-32
3.23621e-34
5.98199e-34
1.16019e-36
1.19658e-30
1.50437e-32
3.09132e-34
5.81831e-34
7.82231e-37
1.53075e-30
1.53487e-32
2.94066e-34
5.64858e-34
5.33651e-37
1.9421e-30
1.54668e-32
2.78657e-34
5.47448e-34
3.67772e-37
2.4497e-30
1.53337e-32
2.63117e-34
5.29734e-34
2.55539e-37
3.08071e-30
1.48543e-32
2.47636e-34
5.11831e-34
1.78643e-37
3.87564e-30
1.38736e-32
2.32375e-34
4.93836e-34
1.25379e-37
4.89735e-30
1.21181e-32
2.17532e-34
4.75834e-34
8.81548e-38
6.24697e-30
9.07902e-33
1.91475e-34
4.57901e-34
6.1964e-38
8.09267e-30
3.75981e-33
1.65162e-34
1.78351e-34
4.66401e-34
2.15058e-34
6.84225e-34
4.90671e-38
8.54164e-30
6.62164e-30
3.50066e-33
1.01595e-33
1.41804e-34
1.65895e-34
4.38626e-34
1.01262e-34
8.42907e-34
3.87737e-38
8.94992e-30
5.20974e-30
3.24363e-33
2.74102e-34
1.2127e-34
1.54114e-34
3.80196e-34
4.77256e-35
9.54438e-34
3.0557e-38
9.31335e-30
3.97086e-30
2.99174e-33
7.57973e-35
1.03366e-34
1.43005e-34
3.05804e-34
2.25055e-35
1.03534e-33
2.40012e-38
9.62795e-30
2.95379e-30
2.74758e-33
2.31221e-35
8.78603e-35
1.32561e-34
2.31261e-34
1.06165e-35
1.09773e-33
1.87762e-38
9.8899e-30
2.15819e-30
2.51327e-33
9.33436e-36
7.45085e-35
1.22765e-34
1.6696e-34
5.00937e-36
1.14985e-33
1.46187e-38
1.00956e-29
1.55681e-30
2.29046e-33
5.9373e-36
6.30651e-35
1.13599e-34
1.16683e-34
2.36416e-36
1.19688e-33
1.13183e-38
1.02417e-29
1.11299e-30
2.08035e-33
5.33437e-36
5.32965e-35
1.05038e-34
7.97991e-35
1.11591e-36
1.24181e-33
8.70548e-39
1.0325e-29
7.90792e-31
1.88369e-33
5.50276e-36
4.49883e-35
9.70577e-35
5.38198e-35
5.2676e-37
1.28618e-33
6.64425e-39
1.03429e-29
5.59501e-31
1.70085e-33
5.90564e-36
3.79544e-35
8.96298e-35
3.59818e-35
2.48639e-37
1.33058e-33
5.02471e-39
1.02927e-29
3.94727e-31
1.53189e-33
6.40245e-36
3.20572e-35
8.27262e-35
2.39257e-35
1.17328e-37
1.37496e-33
3.75829e-39
1.01725e-29
2.7794e-31
1.3766e-33
6.95848e-36
2.72691e-35
7.63178e-35
1.5856e-35
5.53257e-38
1.41891e-33
2.77342e-39
9.98055e-30
1.95452e-31
1.23455e-33
7.56745e-36
2.38724e-35
7.03759e-35
1.04867e-35
2.60484e-38
1.46175e-33
2.0124e-39
9.71545e-30
1.37323e-31
1.10517e-33
8.23096e-36
2.31154e-35
6.48722e-35
6.92693e-36
1.2225e-38
1.50266e-33
1.42873e-39
9.37636e-30
9.64249e-32
9.87766e-34
8.95295e-36
2.93537e-35
5.97788e-35
4.57224e-36
5.70031e-39
1.54068e-33
9.84962e-40
8.96286e-30
6.76796e-32
8.81589e-34
9.73829e-36
5.70467e-35
5.50689e-35
3.01711e-36
2.62316e-39
1.5748e-33
6.51047e-40
8.47498e-30
4.74907e-32
7.85846e-34
1.05925e-35
1.53604e-34
5.07172e-35
1.99209e-36
1.17445e-39
1.60397e-33
4.02921e-40
7.91327e-30
3.33201e-32
6.99733e-34
1.15214e-35
4.73999e-34
4.67e-35
1.32084e-36
4.94873e-40
1.62713e-33
2.21364e-40
7.27875e-30
2.33973e-32
6.22473e-34
1.25317e-35
1.52448e-33
4.2998e-35
8.9465e-37
1.78454e-40
1.64321e-33
9.1091e-41
6.57299e-30
1.6648e-32
5.53991e-34
1.36302e-35
4.95875e-33
3.96044e-35
6.68193e-37
3.3348e-41
1.65125e-33
0
5.79803e-30
1.39786e-32
5.22024e-34
1.48247e-35
2.8728e-33
7.48845e-33
3.77198e-35
6.3029e-37
3.46573e-41
1.95006e-41
1.64594e-33
4.93514e-30
4.12304e-30
1.5582e-35
1.66421e-33
1.10462e-32
3.5923e-35
6.58021e-37
3.60505e-41
1.14198e-41
1.6175e-33
4.16633e-30
2.93024e-30
1.63731e-35
9.64045e-34
1.60525e-32
3.42102e-35
7.82491e-37
3.7577e-41
6.69928e-42
1.5647e-33
3.49275e-30
2.08162e-30
1.72018e-35
5.58444e-34
2.30996e-32
3.25776e-35
1.06035e-36
3.93677e-41
3.9381e-42
1.48777e-33
2.91085e-30
1.47828e-30
1.80711e-35
3.23494e-34
3.3022e-32
3.10216e-35
1.59183e-36
4.1778e-41
2.32044e-42
1.38855e-33
2.414e-30
1.04953e-30
1.89835e-35
1.87399e-34
4.69953e-32
2.95388e-35
2.55198e-36
4.57832e-41
1.37085e-42
1.27048e-33
1.99385e-30
7.44939e-31
1.99413e-35
1.08571e-34
6.66751e-32
2.81259e-35
4.24464e-36
5.40733e-41
8.12143e-43
1.13832e-33
1.64135e-30
5.28602e-31
2.0947e-35
6.29164e-35
9.43936e-32
2.67797e-35
7.19575e-36
7.40813e-41
4.82517e-43
9.97673e-34
1.34751e-30
3.7497e-31
2.20029e-35
3.64775e-35
1.33436e-31
2.54971e-35
1.23144e-35
1.26363e-40
2.87439e-43
8.54454e-34
1.10383e-30
2.65881e-31
2.31115e-35
2.1171e-35
1.88427e-31
2.42753e-35
2.67777e-40
1.71591e-43
7.14271e-34
9.02619e-31
6.55624e-40
1.02541e-43
5.81956e-34
7.37025e-31
1.72511e-39
6.123e-44
4.61237e-34
6.01117e-31
4.68033e-39
3.6427e-44
3.54592e-34
4.89817e-31
1.28528e-38
2.14915e-44
2.63272e-34
3.98829e-31
3.54598e-38
1.24811e-44
1.87447e-34
3.2455e-31
9.80049e-38
7.0449e-45
1.26429e-34
2.6398e-31
2.71052e-37
3.77379e-45
7.89156e-35
2.14632e-31
7.49842e-37
1.81876e-45
4.32344e-35
1.74467e-31
2.0746e-36
6.65296e-46
1.75443e-35
1.42136e-31
5.74012e-36
0
0
1.27821e-31
5.85338e-36
3.27861e-35
5.96887e-36
5.25436e-35
6.08664e-36
6.6046e-35
6.20673e-36
7.48246e-35
6.3292e-36
8.03823e-35
6.45408e-36
8.38471e-35
6.58142e-36
8.58735e-35
6.71128e-36
8.67035e-35
6.8437e-36
8.62913e-35
6.97873e-36
8.44366e-35
7.11642e-36
8.0909e-35
7.25684e-36
7.55541e-35
7.40002e-36
6.83718e-35
7.54603e-36
5.9557e-35
7.69492e-36
4.94956e-35
7.84675e-36
3.87187e-35
8.00158e-36
2.78292e-35
8.15945e-36
1.74222e-35
8.32049e-36
8.0151e-36
8.48385e-36
0
8.71686e-36
8.95626e-36
9.20224e-36
9.45498e-36
9.71466e-36
9.98147e-36
1.02556e-35
1.05373e-35
1.08267e-35
1.1124e-35
1.14296e-35
1.17435e-35
1.2066e-35
1.23974e-35
1.2738e-35
1.30875e-35
1.34485e-35
1.38106e-35
1.42236e-35
1.44587e-35
END_LIST
