BEGIN_LIST
0
8.00589e-32
2.68031e-31
6.97287e-31
1.67006e-30
3.8797e-30
8.93313e-30
2.05851e-29
4.76606e-29
1.10986e-28
2.59851e-28
6.11125e-28
1.44222e-27
3.41219e-27
8.08743e-27
1.91922e-26
4.55826e-26
1.08321e-25
2.57511e-25
6.12328e-25
1.45629e-24
6.25842e-24
1.51991e-24
1.42777e-23
1.58636e-24
2.68371e-23
1.65575e-24
4.55584e-23
1.72824e-24
7.23314e-23
1.80395e-24
1.09229e-22
1.88305e-24
1.58354e-22
1.96569e-24
2.21604e-22
2.05203e-24
3.0038e-22
2.14225e-24
3.95243e-22
2.23652e-24
5.05612e-22
2.33505e-24
6.2957e-22
2.43803e-24
7.63901e-22
2.54568e-24
9.04471e-22
2.65822e-24
1.04708e-21
2.77592e-24
1.18888e-21
2.90034e-24
1.33071e-21
3.08761e-24
1.48057e-21
5.71251e-24
1.65926e-21
1.11721e-22
1.90891e-21
4.61269e-21
1.95075e-21
2.26713e-21
1.23582e-21
1.06789e-20
4.95514e-21
1.98408e-21
2.47866e-21
8.43551e-22
2.00022e-20
5.31887e-21
2.00796e-21
2.59606e-21
6.06174e-22
3.36164e-20
5.70344e-21
2.02169e-21
2.65262e-21
4.55619e-22
5.27051e-20
6.10761e-21
2.02478e-21
2.66939e-21
3.54712e-22
7.85817e-20
6.52907e-21
2.01705e-21
2.65977e-21
2.83009e-22
1.12661e-19
6.96413e-21
1.9986e-21
2.63232e-21
2.292e-22
1.56427e-19
7.40735e-21
1.9698e-21
2.59257e-21
1.86984e-22
2.11393e-19
7.85109e-21
1.93131e-21
2.54413e-21
1.52804e-22
2.79068e-19
8.28516e-21
1.88401e-21
2.48941e-21
1.24598e-22
3.60928e-19
8.69636e-21
1.82894e-21
2.43005e-21
1.0111e-22
4.58406e-19
9.06813e-21
1.76728e-21
2.36723e-21
8.15142e-23
5.72895e-19
9.38002e-21
1.70026e-21
2.30179e-21
6.52151e-23
7.05813e-19
9.6069e-21
1.62911e-21
2.23441e-21
5.1739e-23
8.5873e-19
9.71703e-21
1.55504e-21
2.16561e-21
4.06844e-23
1.03365e-18
9.66789e-21
1.47918e-21
2.09583e-21
3.16968e-23
1.23352e-18
9.39703e-21
1.40253e-21
2.02546e-21
2.44591e-23
1.46328e-18
8.80344e-21
1.32601e-21
1.95484e-21
1.86881e-23
1.73176e-18
7.71047e-21
1.25074e-21
1.88427e-21
1.41327e-23
2.05536e-18
5.7922e-21
1.1097e-21
1.81403e-21
1.05736e-23
2.46525e-18
2.41485e-21
9.61276e-22
1.03886e-21
1.84551e-21
8.56715e-22
2.70785e-21
8.67835e-24
2.56953e-18
2.0068e-18
2.25174e-21
6.69441e-22
8.28831e-22
9.71195e-22
1.73429e-21
4.07711e-22
3.33571e-21
7.08274e-24
2.66215e-18
1.57108e-18
2.08952e-21
1.97722e-22
7.11816e-22
9.0681e-22
1.50261e-21
1.95781e-22
3.77876e-21
5.74646e-24
2.74217e-18
1.19169e-18
1.93014e-21
7.27067e-23
6.09295e-22
8.4574e-22
1.20838e-21
9.52161e-23
4.10225e-21
4.63334e-24
2.80872e-18
8.82251e-19
1.77529e-21
4.09113e-23
5.20092e-22
7.87984e-22
9.13858e-22
4.71571e-23
4.354e-21
3.71113e-24
2.86097e-18
6.41586e-19
1.62636e-21
3.41898e-23
4.42923e-22
7.33503e-22
6.59916e-22
2.39469e-23
4.56637e-21
2.95133e-24
2.89811e-18
4.60642e-19
1.48445e-21
3.4316e-23
3.76483e-22
6.8223e-22
4.61382e-22
1.25609e-23
4.75966e-21
2.32893e-24
2.91944e-18
3.27778e-19
1.35035e-21
3.64301e-23
3.19504e-22
6.34077e-22
3.15728e-22
6.84849e-24
4.94561e-21
1.82213e-24
2.92429e-18
2.31796e-19
1.2246e-21
3.92462e-23
2.70797e-22
5.88936e-22
2.13109e-22
3.89365e-24
5.13015e-21
1.41205e-24
2.91206e-18
1.63226e-19
1.10746e-21
4.24347e-23
2.29274e-22
5.46688e-22
1.42618e-22
2.30524e-24
5.31543e-21
1.08243e-24
2.88224e-18
1.14608e-19
9.99021e-22
4.59227e-23
1.93964e-22
5.07205e-22
9.4947e-23
1.41282e-24
5.5012e-21
8.19364e-25
2.8344e-18
8.0313e-20
8.99175e-22
4.97069e-23
1.64025e-22
4.70355e-22
6.30136e-23
8.88196e-25
5.68565e-21
6.11023e-25
2.76819e-18
5.62046e-20
8.07684e-22
5.3804e-23
1.38791e-22
4.36001e-22
4.17447e-23
5.66847e-25
5.86599e-21
4.47407e-25
2.68336e-18
3.92967e-20
7.24208e-22
5.82376e-23
1.17922e-22
4.04006e-22
2.76269e-23
3.63504e-25
6.03879e-21
3.20114e-25
2.57974e-18
2.74576e-20
6.48333e-22
6.30345e-23
1.0191e-22
3.74237e-22
1.82744e-23
2.32006e-25
6.20015e-21
2.22119e-25
2.45729e-18
1.91767e-20
5.79597e-22
6.82241e-23
9.37629e-23
3.4656e-22
1.20858e-23
1.46046e-25
6.34591e-21
1.47589e-25
2.31603e-18
1.33889e-20
5.1751e-22
7.38381e-23
1.04519e-22
3.20849e-22
7.99393e-24
8.98087e-26
6.47171e-21
9.17101e-26
2.15614e-18
9.34639e-21
4.61576e-22
7.99109e-23
1.71348e-22
2.96986e-22
5.29158e-24
5.33133e-26
6.57316e-21
5.053e-26
1.97786e-18
6.52952e-21
4.11308e-22
8.64796e-23
4.16809e-22
2.74875e-22
3.51524e-24
3.00169e-26
6.64593e-21
2.08287e-26
1.78158e-18
4.62234e-21
3.6668e-22
9.35842e-23
1.24297e-21
2.54488e-22
2.37438e-24
1.55191e-26
6.68595e-21
0
1.56779e-18
3.87002e-21
3.4583e-22
1.01268e-22
7.18115e-22
1.86295e-21
2.43125e-22
1.97432e-24
1.79885e-26
1.26747e-26
6.67534e-21
1.33143e-18
1.10845e-18
1.06114e-22
4.14876e-22
2.73951e-21
2.32258e-22
1.65912e-24
2.08503e-26
1.01849e-26
6.57e-21
1.12147e-18
7.83209e-19
1.11163e-22
2.39701e-22
3.97994e-21
2.21865e-22
1.42406e-24
2.41658e-26
8.06389e-27
6.36463e-21
9.38033e-19
5.5315e-19
1.16436e-22
1.38516e-22
5.7363e-21
2.11928e-22
1.27284e-24
2.80064e-26
6.29681e-27
6.05981e-21
7.79993e-19
3.9053e-19
1.2195e-22
8.00787e-23
8.22417e-21
2.02427e-22
1.22156e-24
3.24555e-26
4.85222e-27
5.66277e-21
6.45402e-19
2.75639e-19
1.27719e-22
4.6337e-23
1.17491e-20
1.93344e-22
1.3061e-24
3.76133e-26
3.69081e-27
5.18734e-21
5.31873e-19
1.94496e-19
1.33756e-22
2.68643e-23
1.67441e-20
1.84662e-22
1.59514e-24
4.36066e-26
2.77112e-27
4.6528e-21
4.36857e-19
1.37205e-19
1.40074e-22
1.56375e-23
2.38226e-20
1.76363e-22
2.21303e-24
5.06145e-26
2.05308e-27
4.0821e-21
3.57842e-19
9.67618e-20
1.46688e-22
9.17834e-24
3.38543e-20
1.68432e-22
3.3795e-24
5.89347e-26
1.50003e-27
3.49942e-21
2.92473e-19
6.82162e-20
1.53609e-22
5.47862e-24
4.80706e-20
1.60852e-22
6.91651e-26
1.0797e-27
2.92787e-21
2.38619e-19
8.27013e-26
7.64475e-28
2.38741e-21
1.94401e-19
1.0311e-25
5.31301e-28
1.89356e-21
1.58194e-19
1.3992e-25
3.61294e-28
1.45669e-21
1.2861e-19
2.19114e-25
2.39257e-28
1.08216e-21
1.04481e-19
4.12129e-25
1.53149e-28
7.70864e-22
8.48278e-20
9.16111e-25
9.35722e-29
5.20141e-22
6.88383e-20
2.2759e-24
5.32949e-29
3.2477e-22
5.58411e-20
5.99815e-24
2.68306e-29
1.77968e-22
4.52865e-20
1.62506e-23
1.0074e-29
7.22284e-23
3.68095e-20
4.45629e-23
0
0
3.30608e-20
4.54574e-23
2.53298e-22
4.63704e-23
4.0566e-22
4.73023e-23
5.09624e-22
4.82536e-23
5.77035e-22
4.92246e-23
6.19525e-22
5.02158e-23
6.45829e-22
5.12277e-23
6.61032e-22
5.22607e-23
6.67029e-22
5.33154e-23
6.63497e-22
5.43921e-23
6.48917e-22
5.54915e-23
6.21538e-22
5.6614e-23
5.80183e-22
5.77602e-23
5.24861e-22
5.89306e-23
4.57071e-22
6.01258e-23
3.79771e-22
6.13464e-23
2.97029e-22
6.25929e-23
2.13462e-22
6.3866e-23
1.33623e-22
6.51666e-23
6.147e-23
6.64876e-23
0
6.83764e-23
7.03219e-23
7.23259e-23
7.43904e-23
7.65176e-23
7.87095e-23
8.09685e-23
8.32967e-23
8.56967e-23
8.8171e-23
9.07222e-23
9.3353e-23
9.60664e-23
9.88651e-23
1.01753e-22
1.04729e-22
1.07818e-22
1.10927e-22
1.14496e-22
1.16533e-22
END_LIST
