BEGIN_LIST
0
2.42077e-16
7.3328e-16
1.61774e-15
3.08789e-15
5.39188e-15
8.84102e-15
1.38181e-14
2.07868e-14
3.03044e-14
4.30425e-14
5.98261e-14
8.1715e-14
1.10191e-13
1.47582e-13
1.9807e-13
2.70036e-13
3.81609e-13
5.73736e-13
9.40979e-13
1.70414e-12
5.58627e-12
1.84148e-12
1.14837e-11
1.9912e-12
1.98776e-11
2.15432e-12
3.12425e-11
2.33193e-12
4.60032e-11
2.52517e-12
6.44825e-11
2.73526e-12
8.68379e-11
2.96346e-12
1.12994e-10
3.21114e-12
1.42578e-10
3.4797e-12
1.7488e-10
3.77065e-12
2.08835e-10
4.08554e-12
2.43064e-10
4.42603e-12
2.75961e-10
4.79384e-12
3.0583e-10
5.19078e-12
3.31027e-10
5.61872e-12
3.50031e-10
6.07968e-12
3.61316e-10
6.57686e-12
3.62707e-10
7.16092e-12
3.49659e-10
9.88755e-12
3.11194e-10
1.0165e-10
3.17422e-10
3.0348e-10
2.85136e-10
2.14848e-10
1.13189e-10
3.2203e-10
2.96365e-10
2.6613e-10
3.70622e-10
1.25983e-10
3.24874e-10
2.89592e-10
2.49639e-10
5.72777e-10
1.40085e-10
3.25851e-10
2.82956e-10
2.33565e-10
8.23224e-10
1.55518e-10
3.24906e-10
2.76305e-10
2.17069e-10
1.12179e-09
1.72262e-10
3.22037e-10
2.69536e-10
1.99973e-10
1.46616e-09
1.90241e-10
3.17294e-10
2.62586e-10
1.82427e-10
1.85205e-09
2.09302e-10
3.10781e-10
2.5542e-10
1.6473e-10
2.27337e-09
2.29195e-10
3.02642e-10
2.48028e-10
1.47226e-10
2.72268e-09
2.49549e-10
2.93064e-10
2.40418e-10
1.30242e-10
3.19149e-09
2.69854e-10
2.82256e-10
2.32608e-10
1.14059e-10
3.67074e-09
2.8943e-10
2.70445e-10
2.24625e-10
9.88939e-11
4.15109e-09
3.07408e-10
2.57863e-10
2.165e-10
8.49011e-11
4.62324e-09
3.22687e-10
2.44739e-10
2.0827e-10
7.21717e-11
5.07798e-09
3.33859e-10
2.31287e-10
1.99972e-10
6.07441e-11
5.50612e-09
3.39054e-10
2.17705e-10
1.91645e-10
5.06117e-11
5.89811e-09
3.35596e-10
2.04168e-10
1.83324e-10
4.17338e-11
6.24337e-09
3.19328e-10
1.90826e-10
1.75048e-10
3.40436e-11
6.52931e-09
2.83262e-10
1.77855e-10
1.66849e-10
2.7457e-11
6.74067e-09
2.14952e-10
1.5576e-10
1.5876e-10
2.18788e-11
6.86022e-09
9.09065e-11
1.33975e-10
1.44595e-10
1.66921e-10
1.23244e-10
1.76561e-10
1.86928e-11
6.94295e-09
5.49538e-09
8.53148e-11
2.60655e-11
1.14691e-10
1.3402e-10
1.60871e-10
1.00904e-10
1.86935e-10
1.58688e-11
7.00132e-09
4.23606e-09
7.9672e-11
8.45295e-12
9.77859e-11
1.24041e-10
1.42146e-10
8.47295e-11
1.93363e-10
1.33807e-11
7.03447e-09
3.16509e-09
7.40546e-11
3.82524e-12
8.30876e-11
1.14655e-10
1.16106e-10
7.18441e-11
1.9826e-10
1.12017e-11
7.0416e-09
2.30889e-09
6.8531e-11
2.72959e-12
7.03954e-11
1.05853e-10
8.89164e-11
6.10134e-11
2.03134e-10
9.30547e-12
7.02197e-09
1.65478e-09
6.31599e-11
2.60225e-12
5.94979e-11
9.76201e-11
6.4869e-11
5.16783e-11
2.08817e-10
7.66582e-12
6.97488e-09
1.17104e-09
5.79894e-11
2.75237e-12
5.01856e-11
8.99379e-11
4.57334e-11
4.35588e-11
2.15688e-10
6.2577e-12
6.89973e-09
8.21358e-10
5.30571e-11
2.99523e-12
4.22592e-11
8.27849e-11
3.15062e-11
3.6489e-11
2.23844e-10
5.05704e-12
6.79595e-09
5.72545e-10
4.83901e-11
3.28273e-12
3.55344e-11
7.61377e-11
2.13768e-11
3.03514e-11
2.33219e-10
4.04107e-12
6.66305e-09
3.97407e-10
4.40063e-11
3.60379e-12
2.98444e-11
6.9971e-11
1.436e-11
2.50491e-11
2.43656e-10
3.18841e-12
6.50062e-09
2.75036e-10
3.99152e-11
3.95748e-12
2.50407e-11
6.42593e-11
9.58294e-12
2.04963e-11
2.54949e-10
2.47916e-12
6.30831e-09
1.89961e-10
3.61195e-11
4.34576e-12
2.09928e-11
5.89764e-11
6.36639e-12
1.66135e-11
2.66867e-10
1.89491e-12
6.08589e-09
1.31018e-10
3.26159e-11
4.77161e-12
1.75871e-11
5.40963e-11
4.2161e-12
1.33268e-11
2.79165e-10
1.41876e-12
5.83316e-09
9.02748e-11
2.93967e-11
5.23851e-12
1.47257e-11
4.95934e-11
2.78551e-12
1.05675e-11
2.91585e-10
1.03535e-12
5.55005e-09
6.21578e-11
2.64507e-11
5.75028e-12
1.23252e-11
4.54431e-11
1.83693e-12
8.27162e-12
3.0386e-10
7.30754e-13
5.23656e-09
4.27758e-11
2.37644e-11
6.31114e-12
1.03168e-11
4.16213e-11
1.20953e-12
6.38014e-12
3.1571e-10
4.92496e-13
4.89278e-09
2.94261e-11
2.13225e-11
6.92568e-12
8.64986e-12
3.81053e-11
7.9541e-13
4.83893e-12
3.26849e-10
3.09477e-13
4.51891e-09
2.02377e-11
1.91091e-11
7.59889e-12
7.30769e-12
3.48742e-11
5.22686e-13
3.59857e-12
3.36983e-10
1.71899e-13
4.11525e-09
1.39281e-11
1.7108e-11
8.33625e-12
6.36411e-12
3.19105e-11
3.43894e-13
2.61427e-12
3.45813e-10
7.1205e-14
3.68219e-09
9.71405e-12
1.53213e-11
9.14367e-12
6.17441e-12
2.92075e-11
2.28656e-13
1.84573e-12
3.53048e-10
0
3.22022e-09
8.06475e-12
1.44842e-11
1.00276e-11
3.58001e-12
7.14145e-12
2.77114e-11
1.87428e-13
2.09219e-12
1.61529e-12
3.60389e-10
2.71736e-09
2.2436e-09
1.05915e-11
2.07713e-12
8.53405e-12
2.62893e-11
1.53688e-13
2.36692e-12
1.38328e-12
3.62498e-10
2.2744e-09
1.56253e-09
1.11826e-11
1.20709e-12
1.05412e-11
2.49376e-11
1.26148e-13
2.6725e-12
1.16371e-12
3.58727e-10
1.89044e-09
1.08804e-09
1.18042e-11
7.03942e-13
1.34349e-11
2.36531e-11
1.03791e-13
3.01164e-12
9.6393e-13
3.48746e-10
1.56211e-09
7.57714e-10
1.24585e-11
4.13578e-13
1.76068e-11
2.24327e-11
8.58449e-14
3.38722e-12
7.87146e-13
3.32618e-10
1.2845e-09
5.27878e-10
1.31478e-11
2.46725e-13
2.36205e-11
2.12734e-11
7.17916e-14
3.8023e-12
6.34009e-13
3.10834e-10
1.05197e-09
3.68027e-10
1.38741e-11
1.51715e-13
3.22873e-11
2.01722e-11
6.14045e-14
4.26011e-12
5.0367e-13
2.84286e-10
8.58674e-10
2.56887e-10
1.46395e-11
9.86791e-14
4.47743e-11
1.91265e-11
5.48412e-14
4.76405e-12
3.9444e-13
2.54185e-10
6.99e-10
1.79637e-10
1.54459e-11
7.03919e-14
6.27612e-11
1.81334e-11
5.28249e-14
5.31772e-12
3.04216e-13
2.21936e-10
5.67766e-10
1.25957e-10
1.62955e-11
5.69749e-14
8.86639e-11
1.71906e-11
5.92494e-12
2.30742e-13
1.88992e-10
4.60348e-10
6.58974e-12
1.71771e-13
1.56719e-10
3.72715e-10
7.31656e-12
1.25163e-13
1.26286e-10
3.01414e-10
8.11052e-12
8.89338e-14
9.8589e-11
2.43525e-10
8.97828e-12
6.12913e-14
7.42261e-11
1.96605e-10
9.93059e-12
4.06404e-14
5.35028e-11
1.58629e-10
1.09893e-11
2.55863e-14
3.6466e-11
1.27926e-10
1.22072e-11
1.49283e-14
2.2954e-11
1.03125e-10
1.37235e-11
7.64933e-15
1.26532e-11
8.31101e-11
1.5921e-11
2.90323e-15
5.15401e-12
6.71329e-11
1.98657e-11
0
0
6.00911e-11
2.06129e-11
4.35871e-11
2.13862e-11
5.91377e-11
2.21861e-11
6.82854e-11
2.30135e-11
7.30425e-11
2.38691e-11
7.51451e-11
2.47537e-11
7.57883e-11
2.56681e-11
7.56149e-11
2.66131e-11
7.4836e-11
2.75895e-11
7.33805e-11
2.85982e-11
7.10337e-11
2.96401e-11
6.75519e-11
3.07161e-11
6.27561e-11
3.18269e-11
5.65986e-11
3.29736e-11
4.91979e-11
3.4157e-11
4.08366e-11
3.53782e-11
3.19246e-11
3.6638e-11
2.29395e-11
3.79374e-11
1.43598e-11
3.9278e-11
6.60619e-12
4.06491e-11
0
4.26355e-11
4.47068e-11
4.68658e-11
4.91155e-11
5.14588e-11
5.38988e-11
5.64387e-11
5.90817e-11
6.1831e-11
6.469e-11
6.76621e-11
7.07507e-11
7.39596e-11
7.7292e-11
8.0753e-11
8.43406e-11
8.80843e-11
9.1871e-11
9.62408e-11
9.87435e-11
END_LIST
