BEGIN_LIST
0.000294502
0.000278288
0.000262824
0.000248093
0.000234074
0.000220746
0.000208087
0.000196073
0.000184682
0.000173888
0.000163669
0.000154
0.000144855
0.000136209
0.000128031
0.000120275
0.000112861
0.00010561
9.80749e-05
8.90859e-05
5.62127e-05
0.000201495
4.55627e-05
0.000167484
3.68981e-05
0.000138785
2.98601e-05
0.000114709
2.41506e-05
9.46078e-05
1.95237e-05
7.78922e-05
1.57774e-05
6.40369e-05
1.2746e-05
5.25833e-05
1.02946e-05
4.31359e-05
8.31298e-06
3.53573e-05
6.71177e-06
2.89623e-05
5.41833e-06
2.3711e-05
4.37384e-06
1.94033e-05
3.53074e-06
1.58724e-05
2.8508e-06
1.29801e-05
2.3037e-06
1.06123e-05
1.86643e-06
8.67472e-06
1.52403e-06
7.08966e-06
1.27325e-06
5.78949e-06
1.13287e-06
4.51679e-06
1.76167e-06
1.21877e-06
1.41167e-06
3.8133e-07
1.47403e-06
1.53033e-06
1.31855e-06
1.50357e-06
3.3417e-07
1.20445e-06
1.32935e-06
1.42163e-06
1.70433e-06
2.9284e-07
9.84155e-07
1.15475e-06
1.52991e-06
1.985e-06
2.56621e-07
8.04138e-07
1.00307e-06
1.64475e-06
2.33763e-06
2.24881e-07
6.57039e-07
8.71308e-07
1.76721e-06
2.76499e-06
1.97066e-07
5.36843e-07
7.56846e-07
1.8982e-06
3.27607e-06
1.7269e-07
4.3863e-07
6.57417e-07
2.03854e-06
3.8841e-06
1.51329e-07
3.58382e-07
5.71046e-07
2.18905e-06
4.60598e-06
1.3261e-07
2.92814e-07
4.96021e-07
2.35054e-06
5.46228e-06
1.16205e-07
2.39239e-07
4.3085e-07
2.52386e-06
6.47761e-06
1.01829e-07
1.95464e-07
3.7424e-07
2.7099e-06
7.68119e-06
8.92285e-08
1.59693e-07
3.25067e-07
2.90961e-06
9.10758e-06
7.8182e-08
1.30456e-07
2.82354e-07
3.124e-06
1.07977e-05
6.84916e-08
1.06542e-07
2.45253e-07
3.35416e-06
1.27997e-05
5.99772e-08
8.69426e-08
2.13027e-07
3.60124e-06
1.51705e-05
5.2466e-08
7.07817e-08
1.85034e-07
3.86649e-06
1.79771e-05
4.57731e-08
5.72255e-08
1.6072e-07
4.15124e-06
2.12982e-05
3.96627e-08
4.53066e-08
1.39636e-07
4.45691e-06
2.52261e-05
3.3765e-08
3.35504e-08
1.17585e-07
4.78504e-06
2.98693e-05
2.7394e-08
1.91151e-08
1.50959e-07
1.08802e-07
5.77102e-06
8.30657e-06
3.21021e-06
3.43421e-05
6.32583e-09
1.09895e-07
1.85154e-08
8.26453e-09
1.23024e-07
9.6539e-08
3.4974e-06
1.14235e-05
2.21651e-06
3.84816e-05
6.11126e-09
7.33004e-08
1.60495e-08
2.36508e-09
1.00258e-07
8.56584e-08
2.11879e-06
1.39433e-05
1.58715e-06
4.30926e-05
5.89635e-09
4.88915e-08
1.3912e-08
8.60515e-10
8.17047e-08
7.6004e-08
1.28333e-06
1.64607e-05
1.1978e-06
4.82337e-05
5.68081e-09
3.26107e-08
1.20591e-08
5.00999e-10
6.65847e-08
6.74377e-08
7.77199e-07
1.92321e-05
9.6776e-07
5.3967e-05
5.46436e-09
2.17512e-08
1.0453e-08
4.42869e-10
5.42628e-08
5.98369e-08
4.70646e-07
2.23933e-05
8.44871e-07
6.03598e-05
5.24671e-09
1.4508e-08
9.06087e-09
4.67499e-10
4.4221e-08
5.30927e-08
2.84994e-07
2.60415e-05
7.95627e-07
6.7485e-05
5.02753e-09
9.6768e-09
7.85411e-09
5.18672e-10
3.60376e-08
4.71086e-08
1.7257e-07
3.02659e-05
7.98756e-07
7.54216e-05
4.80651e-09
6.45438e-09
6.80807e-09
5.82426e-10
2.93685e-08
4.1799e-08
1.04493e-07
3.51611e-05
8.41037e-07
8.42556e-05
4.5833e-09
4.30504e-09
5.90134e-09
6.55859e-10
2.39336e-08
3.70878e-08
6.32708e-08
4.08321e-05
9.14579e-07
9.40798e-05
4.35756e-09
2.87144e-09
5.11538e-09
7.39031e-10
1.95044e-08
3.29076e-08
3.83105e-08
4.73977e-05
1.01507e-06
0.000104995
4.1289e-09
1.91524e-09
4.43409e-09
8.32875e-10
1.58949e-08
2.91986e-08
2.3197e-08
5.49924e-05
1.14065e-06
0.000117107
3.89695e-09
1.27745e-09
3.84354e-09
9.38667e-10
1.29533e-08
2.59076e-08
1.40457e-08
6.37685e-05
1.29119e-06
0.000130533
3.6613e-09
8.52054e-10
3.33164e-09
1.05791e-09
1.05559e-08
2.29875e-08
8.50461e-09
7.38974e-05
1.46782e-06
0.000145393
3.42151e-09
5.68315e-10
2.88792e-09
1.19229e-09
8.60166e-09
2.03966e-08
5.14951e-09
8.55712e-05
1.6727e-06
0.000161814
3.17716e-09
3.79063e-10
2.50329e-09
1.34375e-09
7.00723e-09
1.80977e-08
3.11804e-09
9.90037e-05
1.90885e-06
0.00017993
2.92776e-09
2.52833e-10
2.16989e-09
1.51445e-09
5.70181e-09
1.6058e-08
1.88805e-09
0.00011443
2.18007e-06
0.000199876
2.67284e-09
1.68643e-10
1.8809e-09
1.70684e-09
4.61778e-09
1.42488e-08
1.14353e-09
0.000132109
2.49092e-06
0.000221788
2.41186e-09
1.12532e-10
1.63041e-09
1.92366e-09
3.66706e-09
1.26453e-08
6.93547e-10
0.000152316
2.8468e-06
0.000245804
2.1443e-09
7.55471e-11
1.41421e-09
2.16802e-09
2.66796e-09
1.12299e-08
4.23947e-10
0.000175346
3.25394e-06
0.000272054
1.86958e-09
5.53851e-11
1.26838e-09
2.44343e-09
9.46747e-10
4.99281e-10
1.02092e-08
2.89481e-10
0.000175421
9.11392e-05
3.85906e-06
4.75763e-08
9.10083e-09
2.68503e-09
5.35457e-10
4.72427e-10
9.5169e-09
2.28349e-10
0.000166438
9.48423e-05
4.72444e-06
3.78319e-08
6.21389e-09
2.88255e-09
3.04418e-10
4.48534e-10
8.87153e-09
1.80143e-10
0.000157876
9.79667e-05
5.78811e-06
3.00832e-08
4.26542e-09
3.0933e-09
1.7506e-10
4.28079e-10
8.26993e-09
1.42144e-10
0.000149717
0.000100805
7.09299e-06
2.39216e-08
2.9518e-09
3.31883e-09
1.03172e-10
4.11821e-10
7.70911e-09
1.12213e-10
0.000141948
0.000103515
8.69228e-06
1.9022e-08
2.06776e-09
3.56051e-09
6.39107e-11
4.0094e-10
7.18633e-09
8.86788e-11
0.000134553
0.000106183
1.06512e-05
1.51259e-08
1.47448e-09
3.81964e-09
4.3353e-11
3.97226e-10
6.69901e-09
7.02473e-11
0.000127517
0.000108856
1.30497e-05
1.20279e-08
1.0781e-09
4.09756e-09
3.37456e-11
4.03374e-10
6.24472e-09
5.59426e-11
0.000120826
0.000111561
1.59849e-05
9.56431e-09
8.1518e-10
4.39568e-09
3.08331e-11
4.23414e-10
5.82125e-09
4.50737e-11
0.000114464
0.000114311
1.9575e-05
7.60535e-09
6.42833e-10
4.71546e-09
3.23603e-11
4.63346e-10
5.42649e-09
3.72363e-11
0.000108419
0.000117116
2.39637e-05
6.04762e-09
5.32081e-10
5.0585e-09
0.000102675
0.00011998
2.93244e-05
4.80894e-09
9.72202e-05
0.000122906
3.58665e-05
3.82397e-09
9.20409e-05
0.000125898
4.38417e-05
3.04074e-09
8.71235e-05
0.000128956
5.35505e-05
2.41793e-09
8.24527e-05
0.000132084
6.53503e-05
1.92269e-09
7.8007e-05
0.000135281
7.96622e-05
1.52888e-09
7.37454e-05
0.00013855
9.6978e-05
1.21573e-09
6.95659e-05
0.000141892
0.000117865
9.66753e-10
6.51806e-05
0.000145308
0.000142966
7.69673e-10
5.97325e-05
0.0001488
0.000172995
6.44892e-10
0.000156869
2.39922e-05
0.000139697
1.56276e-05
0.000124279
1.06775e-05
0.000110463
7.91442e-06
9.81032e-05
6.59187e-06
8.70644e-05
6.27105e-06
7.72184e-05
6.71223e-06
6.84472e-05
7.80838e-06
6.06419e-05
9.54637e-06
5.37027e-05
1.1986e-05
4.75388e-05
1.5251e-05
4.20676e-05
1.95289e-05
3.72146e-05
2.50761e-05
3.29124e-05
3.22299e-05
2.91004e-05
4.14231e-05
2.57245e-05
5.32038e-05
2.27359e-05
6.8258e-05
2.0091e-05
8.74327e-05
1.77523e-05
0.000111759
1.56598e-05
0.000142464
1.35072e-05
1.13743e-05
9.57673e-06
8.06212e-06
6.78627e-06
5.71179e-06
4.80704e-06
4.04532e-06
3.40412e-06
2.8644e-06
2.41016e-06
2.02789e-06
1.7062e-06
1.4355e-06
1.20773e-06
1.01609e-06
8.54767e-07
7.19525e-07
6.02976e-07
5.20513e-07
END_LIST
