BEGIN_LIST
0.00132719
0.00132697
0.00132673
0.00132647
0.00132619
0.00132589
0.00132557
0.00132522
0.00132484
0.00132444
0.001324
0.00132354
0.00132303
0.00132249
0.00132191
0.00132127
0.00132057
0.00131977
0.00131878
0.00131735
0.00127568
0.00133
0.00125845
0.00133
0.00123643
0.00133
0.00120867
0.00132999
0.00117426
0.00132999
0.0011324
0.00132999
0.00108259
0.00132999
0.00102476
0.00132999
0.000959381
0.00132998
0.000887528
0.00132998
0.000810845
0.00132997
0.000731395
0.00132996
0.000651454
0.00132995
0.00057328
0.00132994
0.000498935
0.00132992
0.000430234
0.0013299
0.000368921
0.00132987
0.000317258
0.00132983
0.000279463
0.00132977
0.000264873
0.0013295
0.000403738
0.000289798
0.000339454
0.000652527
0.00124771
0.000364324
0.00030725
0.00036825
0.000605469
0.00122421
0.000327494
0.000325231
0.000409705
0.000559336
0.00119515
0.000293339
0.000343815
0.000459186
0.000514525
0.00115978
0.000261886
0.00036304
0.000514183
0.000471383
0.00111752
0.000233104
0.000382922
0.000573105
0.000430194
0.00106805
0.000206921
0.000403459
0.000634693
0.000391178
0.00101145
0.000183226
0.00042464
0.000697771
0.000354491
0.000948248
0.000161884
0.000446444
0.000761155
0.000320229
0.000879465
0.000142744
0.00046884
0.000823662
0.000288432
0.000806553
0.000125644
0.000491794
0.000884158
0.000259091
0.000731281
0.000110417
0.000515263
0.000941621
0.000232157
0.000655548
9.68992e-05
0.000539201
0.000995204
0.000207544
0.000581194
8.49309e-05
0.000563553
0.00104428
0.000185133
0.000509803
7.43591e-05
0.000588261
0.00108846
0.000164772
0.000442516
6.50404e-05
0.000613265
0.00112759
0.000146261
0.000379825
5.68411e-05
0.000638496
0.00116174
0.000129311
0.000321198
4.96383e-05
0.000663887
0.00119113
0.000113447
0.000264226
4.33301e-05
0.000689366
0.00121612
9.77979e-05
0.000202433
3.66659e-05
0.000714858
0.00123713
8.05929e-05
0.000119393
4.70179e-05
3.40338e-05
0.000822065
0.000966571
0.000530262
0.00125199
1.91776e-05
0.000300756
0.000115617
5.21314e-05
3.8534e-05
3.02804e-05
0.000626187
0.00108955
0.000386587
0.00126236
1.85399e-05
0.000214216
0.000101294
1.38186e-05
3.15493e-05
2.69333e-05
0.000446634
0.00114618
0.000278781
0.00127144
1.78998e-05
0.000149614
8.86274e-05
3.68326e-06
2.58095e-05
2.39501e-05
0.0003022
0.00118088
0.000202588
0.00127937
1.72567e-05
0.000103022
7.74549e-05
1.04729e-06
2.10996e-05
2.12925e-05
0.000196745
0.00120617
0.000151348
0.00128628
1.66095e-05
7.02334e-05
6.76214e-05
3.72974e-07
1.72397e-05
1.8926e-05
0.000124759
0.00122632
0.000118615
0.00129229
1.59576e-05
4.75498e-05
5.89833e-05
2.10533e-07
1.40795e-05
1.68195e-05
7.77606e-05
0.00124304
9.91542e-05
0.00129752
1.52998e-05
3.20401e-05
5.14081e-05
1.82743e-07
1.14944e-05
1.49451e-05
4.79394e-05
0.0012571
8.90908e-05
0.00130204
1.46354e-05
2.152e-05
4.47748e-05
1.91765e-07
9.38107e-06
1.32777e-05
2.93535e-05
0.00126897
8.57128e-05
0.00130596
1.39632e-05
1.44227e-05
3.89739e-05
2.12409e-07
7.6544e-06
1.17948e-05
1.78978e-05
0.001279
8.71963e-05
0.00130935
1.32821e-05
9.65193e-06
3.39067e-05
2.38393e-07
6.24428e-06
1.04764e-05
1.08848e-05
0.00128745
9.23572e-05
0.00131227
1.25912e-05
6.45294e-06
2.94847e-05
2.6838e-07
5.0931e-06
9.30444e-06
6.6093e-06
0.00129456
0.000100457
0.00131479
1.18892e-05
4.31138e-06
2.56291e-05
3.02352e-07
4.15357e-06
8.26284e-06
4.00938e-06
0.00130052
0.00011106
0.00131696
1.11748e-05
2.87928e-06
2.227e-05
3.40679e-07
3.38694e-06
7.33727e-06
2.43079e-06
0.0013055
0.000123937
0.00131883
1.04469e-05
1.92231e-06
1.93452e-05
3.83879e-07
2.76141e-06
6.51492e-06
1.47321e-06
0.00130967
0.000138995
0.00132044
9.70403e-06
1.28316e-06
1.68001e-05
4.32558e-07
2.25075e-06
5.7844e-06
8.92672e-07
0.00131314
0.000156231
0.00132182
8.94479e-06
8.56405e-07
1.45865e-05
4.8741e-07
1.83277e-06
5.13554e-06
5.40856e-07
0.00131604
0.000175703
0.00132301
8.16769e-06
5.71547e-07
1.2662e-05
5.49214e-07
1.48682e-06
4.55942e-06
3.27748e-07
0.00131844
0.000197498
0.00132403
7.37118e-06
3.81569e-07
1.09896e-05
6.18853e-07
1.18774e-06
4.04837e-06
1.9887e-07
0.00132045
0.000221725
0.0013249
6.55357e-06
2.56279e-07
9.54297e-06
6.97317e-07
8.87197e-07
3.59689e-06
1.21617e-07
0.00132211
0.000248489
0.00132565
5.71315e-06
1.87952e-07
8.5657e-06
7.85724e-07
3.24552e-07
1.74397e-07
3.27111e-06
8.30709e-08
0.00132069
0.0012071
0.000286385
0.000138713
2.75079e-05
8.63259e-07
1.83481e-07
1.72952e-07
3.05003e-06
6.55424e-08
0.00132008
0.00121046
0.000337153
0.00011245
1.86927e-05
9.26635e-07
1.0418e-07
1.75839e-07
2.84386e-06
5.17181e-08
0.00131943
0.00121359
0.000394395
9.08245e-05
1.26953e-05
9.94242e-07
5.97257e-08
1.84833e-07
2.65161e-06
4.08198e-08
0.00131874
0.00121656
0.00045779
7.31375e-05
8.62331e-06
1.06658e-06
3.49615e-08
2.02574e-07
2.47233e-06
3.22363e-08
0.001318
0.00121942
0.000526672
5.87509e-05
5.86265e-06
1.14408e-06
2.13638e-08
2.32983e-07
2.30515e-06
2.549e-08
0.00131721
0.00122218
0.000599978
4.71009e-05
3.99318e-06
1.22716e-06
1.41508e-08
2.81869e-07
2.14926e-06
2.02129e-08
0.00131638
0.00122487
0.000676239
3.77006e-05
2.72852e-06
1.31624e-06
1.06538e-08
3.57834e-07
2.00389e-06
1.61299e-08
0.00131549
0.0012275
0.000753653
3.01377e-05
1.87395e-06
1.41178e-06
9.40175e-09
4.73607e-07
1.86835e-06
1.3051e-08
0.00131455
0.00123006
0.000830214
2.4067e-05
1.29726e-06
1.51424e-06
9.60624e-09
6.48007e-07
1.74197e-06
1.08747e-08
0.00131354
0.00123256
0.0009039
1.92033e-05
9.08855e-07
1.62412e-06
0.00131248
0.00123501
0.000972875
1.53123e-05
0.00131134
0.0012374
0.00103567
1.22033e-05
0.00131013
0.00123973
0.00109131
9.7214e-06
0.00130885
0.00124201
0.00113935
7.74167e-06
0.00130747
0.00124424
0.00117983
6.16346e-06
0.00130599
0.00124641
0.00121321
4.90593e-06
0.00130435
0.00124854
0.00124018
3.90431e-06
0.00130239
0.00125062
0.0012616
3.10684e-06
0.00129963
0.00125264
0.00127836
2.47493e-06
0.00129447
0.00125462
0.00129131
2.07453e-06
0.00132998
0.00102898
0.00132998
0.00084048
0.00132998
0.000659127
0.00132997
0.000514472
0.00132997
0.000417563
0.00132996
0.000366514
0.00132996
0.000354218
0.00132995
0.000373097
0.00132995
0.000416837
0.00132994
0.000480424
0.00132993
0.000559559
0.00132992
0.000650003
0.0013299
0.000747159
0.00132989
0.000846019
0.00132987
0.000941482
0.00132985
0.00102896
0.00132983
0.001105
0.0013298
0.00116776
0.00132977
0.00121699
0.00132973
0.00125383
0.00132968
0.00132961
0.00132953
0.00132942
0.00132929
0.00132913
0.00132894
0.0013287
0.00132841
0.00132805
0.00132761
0.00132708
0.00132642
0.00132561
0.00132463
0.00132342
0.00132193
0.00132013
0.00131784
0.00131561
END_LIST
