BEGIN_LIST
0.00132783
0.00132766
0.00132747
0.00132727
0.00132706
0.00132682
0.00132657
0.0013263
0.00132601
0.0013257
0.00132537
0.001325
0.00132462
0.0013242
0.00132374
0.00132325
0.00132271
0.00132208
0.00132132
0.00132021
0.00128479
0.00133
0.00127024
0.00133
0.00125149
0.00133
0.00122763
0.00133
0.00119773
0.00133
0.00116089
0.00133
0.00111639
0.00132999
0.00106388
0.00132999
0.00100344
0.00132999
0.000935743
0.00132999
0.00086208
0.00132999
0.000784253
0.00132998
0.000704435
0.00132998
0.000624947
0.00132997
0.000548071
0.00132996
0.000475958
0.00132995
0.000410792
0.00132994
0.000355419
0.00132992
0.000314944
0.00132989
0.000300274
0.00132976
0.00045511
0.000328292
0.00038554
0.000694006
0.00126705
0.000412771
0.000346626
0.00041938
0.000646546
0.00124852
0.000372808
0.000365737
0.000465356
0.000599622
0.00122528
0.000335399
0.000385583
0.00051879
0.000553669
0.00119653
0.000300651
0.000406131
0.000577039
0.000509081
0.00116152
0.000268602
0.000427346
0.00063834
0.000466195
0.00111965
0.000239236
0.000449197
0.000701277
0.000425287
0.0010706
0.000212488
0.000471646
0.000764554
0.00038657
0.0010144
0.000188254
0.000494652
0.000826938
0.000350192
0.000951579
0.000166406
0.000518172
0.000887274
0.000316242
0.000883108
0.000146793
0.000542154
0.000944537
0.000284754
0.000810415
0.000129256
0.000566545
0.000997885
0.000255712
0.00073524
0.00011363
0.000591286
0.0010467
0.000229059
0.000659453
9.97485e-05
0.000616313
0.00109061
0.000204696
0.000584836
8.74513e-05
0.00064156
0.00112947
0.000182483
0.000512842
7.65836e-05
0.000666958
0.00116336
0.000162223
0.000444286
6.69998e-05
0.000692434
0.00119251
0.000143617
0.000378846
5.85639e-05
0.000717915
0.00121727
0.000126159
0.000313982
5.11628e-05
0.000743326
0.00123809
0.000108897
0.000242257
4.33305e-05
0.000768593
0.00125542
8.98863e-05
0.00014404
5.55497e-05
4.02415e-05
0.000878707
0.00101668
0.00057685
0.00126758
2.1463e-05
0.000332456
0.000139684
6.32873e-05
4.55724e-05
3.58204e-05
0.00068369
0.00113068
0.00042445
0.00127601
2.07501e-05
0.000238573
0.000122654
1.68291e-05
3.7343e-05
3.18743e-05
0.000496686
0.00118076
0.000308063
0.00128336
2.00346e-05
0.000167548
0.00010753
4.48708e-06
3.05699e-05
2.83544e-05
0.000340864
0.00121038
0.000224812
0.00128976
1.93156e-05
0.000115828
9.41388e-05
1.27334e-06
2.50053e-05
2.52165e-05
0.000224162
0.00123143
0.000168363
0.00129531
1.85921e-05
7.91831e-05
8.23139e-05
4.50634e-07
2.04403e-05
2.24206e-05
0.000143108
0.00124793
0.000132091
0.00130013
1.78631e-05
5.37115e-05
7.18962e-05
2.5201e-07
1.66997e-05
1.99304e-05
8.95863e-05
0.00126144
0.000110422
0.0013043
1.71276e-05
3.62392e-05
6.2737e-05
2.1752e-07
1.36377e-05
1.77135e-05
5.53818e-05
0.00127272
9.91487e-05
0.00130791
1.63846e-05
2.43618e-05
5.46988e-05
2.27844e-07
1.11331e-05
1.57405e-05
3.39684e-05
0.00128219
9.52915e-05
0.00131102
1.56328e-05
1.6337e-05
4.76555e-05
2.52256e-07
9.08581e-06
1.39852e-05
2.07334e-05
0.00129014
9.68305e-05
0.00131371
1.48711e-05
1.09374e-05
4.14925e-05
2.83083e-07
7.41323e-06
1.2424e-05
1.26173e-05
0.00129681
0.000102445
0.00131603
1.40983e-05
7.31435e-06
3.61062e-05
3.18682e-07
6.04737e-06
1.10358e-05
7.66433e-06
0.0013024
0.000111306
0.00131802
1.3313e-05
4.88779e-06
3.14038e-05
3.59018e-07
4.93236e-06
9.80163e-06
4.6505e-06
0.00130707
0.000122919
0.00131974
1.25139e-05
3.26463e-06
2.73021e-05
4.04527e-07
4.02235e-06
8.7047e-06
2.81989e-06
0.00131097
0.000137014
0.00132121
1.16995e-05
2.17977e-06
2.37273e-05
4.55819e-07
3.27971e-06
7.72989e-06
1.70918e-06
0.00131422
0.000153476
0.00132248
1.08683e-05
1.45509e-06
2.06139e-05
5.13618e-07
2.67335e-06
6.86376e-06
1.03571e-06
0.00131693
0.000172283
0.00132357
1.00188e-05
9.71193e-07
1.7904e-05
5.78745e-07
2.17695e-06
6.09433e-06
6.27543e-07
0.00131918
0.000193477
0.00132451
9.14919e-06
6.48171e-07
1.55465e-05
6.52126e-07
1.76596e-06
5.41103e-06
3.80286e-07
0.00132105
0.000217133
0.00132531
8.25782e-06
4.32731e-07
1.34967e-05
7.34807e-07
1.41027e-06
4.80484e-06
2.30753e-07
0.0013226
0.000243343
0.001326
7.34278e-06
2.90646e-07
1.17227e-05
8.27964e-07
1.05177e-06
4.26924e-06
1.41115e-07
0.00132389
0.000272193
0.00132659
6.40213e-06
2.13158e-07
1.05239e-05
9.32925e-07
3.8407e-07
2.06161e-07
3.88273e-06
9.63901e-08
0.00132272
0.00122055
0.00031284
0.000154566
3.07982e-05
1.02498e-06
2.17117e-07
2.0391e-07
3.62041e-06
7.60514e-08
0.00132224
0.00122356
0.000366944
0.000125586
2.09389e-05
1.10022e-06
1.2326e-07
2.06553e-07
3.37577e-06
6.00109e-08
0.00132173
0.00122637
0.000427447
0.000101623
1.42264e-05
1.18048e-06
7.06407e-08
2.16077e-07
3.14763e-06
4.73657e-08
0.00132118
0.00122903
0.000493825
8.19583e-05
9.66669e-06
1.26635e-06
4.13214e-08
2.3544e-07
2.93488e-06
3.74065e-08
0.0013206
0.0012316
0.000565191
6.59181e-05
6.57443e-06
1.35835e-06
2.52142e-08
2.69033e-07
2.73648e-06
2.95796e-08
0.00131999
0.00123409
0.000640251
5.28997e-05
4.48004e-06
1.45698e-06
1.66591e-08
3.23369e-07
2.55147e-06
2.34582e-08
0.00131933
0.0012365
0.000717345
4.23764e-05
3.06311e-06
1.56273e-06
1.24969e-08
4.08088e-07
2.37895e-06
1.87239e-08
0.00131863
0.00123886
0.00079454
3.38974e-05
2.10564e-06
1.67614e-06
1.09852e-08
5.37453e-07
2.21808e-06
1.51573e-08
0.00131789
0.00124116
0.000869795
2.70836e-05
1.4596e-06
1.79776e-06
1.11894e-08
7.32559e-07
2.06806e-06
1.26425e-08
0.0013171
0.00124341
0.000941164
2.16192e-05
1.02459e-06
1.92819e-06
0.00131627
0.0012456
0.00100699
1.72445e-05
0.00131537
0.00124774
0.00106605
1.37468e-05
0.00131442
0.00124983
0.00111766
1.09534e-05
0.00131341
0.00125187
0.00116164
8.72425e-06
0.00131233
0.00125386
0.00119826
6.94667e-06
0.00131116
0.00125581
0.00122813
5.52994e-06
0.00130986
0.00125771
0.00125205
4.4013e-06
0.0013083
0.00125957
0.00127089
3.50257e-06
0.00130607
0.00126138
0.00128553
2.79032e-06
0.00130183
0.00126315
0.00129677
2.33899e-06
0.00132999
0.00105704
0.00132999
0.000873417
0.00132999
0.000691923
0.00132999
0.000544367
0.00132999
0.000444245
0.00132998
0.000391054
0.00132998
0.000378081
0.00132998
0.000397587
0.00132997
0.000442854
0.00132997
0.000508379
0.00132997
0.000589349
0.00132996
0.00068103
0.00132995
0.000778415
0.00132995
0.00087624
0.00132994
0.000969382
0.00132993
0.00105347
0.00132992
0.00112547
0.00132991
0.00118399
0.00132989
0.00122926
0.00132987
0.00126269
0.00132985
0.00132982
0.00132978
0.00132973
0.00132966
0.00132959
0.0013295
0.00132938
0.00132925
0.00132908
0.00132887
0.00132861
0.0013283
0.00132792
0.00132745
0.00132687
0.00132616
0.0013253
0.0013242
0.00132313
END_LIST
