BEGIN_LIST
0.0013143
0.00131306
0.00131173
0.0013103
0.00130877
0.00130712
0.00130535
0.00130345
0.0013014
0.00129922
0.00129687
0.00129435
0.00129165
0.00128875
0.00128563
0.00128226
0.00127858
0.00127443
0.00126941
0.00126241
0.00115092
0.00132966
0.00110414
0.00132956
0.00104925
0.00132944
0.000986513
0.00132928
0.000916778
0.00132908
0.000841497
0.00132882
0.000762608
0.00132849
0.000682332
0.00132807
0.00060294
0.00132753
0.000526502
0.00132684
0.000454719
0.00132595
0.000388811
0.00132481
0.000329507
0.00132336
0.000277093
0.00132149
0.00023151
0.00131911
0.000192486
0.00131606
0.000159695
0.00131217
0.000133018
0.0013072
0.000113013
0.00130062
0.000101943
0.00128171
0.000156463
0.000109665
0.000126671
0.000323704
0.000896725
0.000137889
0.000117845
0.000134557
0.000291493
0.000823843
0.000121312
0.00012623
0.000150867
0.000261781
0.000748217
0.000106564
0.000134951
0.000172961
0.00023452
0.000671803
9.3483e-05
0.000144091
0.000199762
0.000209627
0.00059654
8.19091e-05
0.00015371
0.000230921
0.000186997
0.000524169
7.16922e-05
0.000163852
0.000266392
0.000166504
0.000456104
6.26913e-05
0.000174553
0.000306226
0.000148013
0.000393361
5.47756e-05
0.00018584
0.00035045
0.000131381
0.000336555
4.78249e-05
0.00019774
0.000398995
0.000116463
0.000285928
4.17299e-05
0.000210274
0.000451648
0.000103115
0.000241425
3.63916e-05
0.000223461
0.000508018
9.1199e-05
0.000202762
3.17209e-05
0.00023732
0.000567516
8.0579e-05
0.000169503
2.76379e-05
0.000251866
0.000629363
7.11247e-05
0.000141113
2.40716e-05
0.00026711
0.000692607
6.27073e-05
0.000117001
2.09588e-05
0.000283063
0.000756172
5.51926e-05
9.65133e-05
1.82434e-05
0.000299731
0.00081892
4.8423e-05
7.88759e-05
1.58758e-05
0.000317118
0.00087973
4.21801e-05
6.30003e-05
1.3816e-05
0.000335223
0.000937576
3.60984e-05
4.6988e-05
1.16541e-05
0.000354041
0.000991595
2.9477e-05
2.69012e-05
1.49585e-05
1.07958e-05
0.000419258
0.000548426
0.000246593
0.00103323
6.88401e-06
0.000115363
2.59139e-05
1.14871e-05
1.22132e-05
9.58831e-06
0.00028143
0.000681702
0.000171635
0.00106447
6.65338e-06
7.88161e-05
2.25169e-05
3.01573e-06
9.96852e-06
8.51509e-06
0.000182203
0.000763828
0.000120373
0.00109335
6.42204e-06
5.34389e-05
1.95594e-05
8.08866e-07
8.13426e-06
7.56138e-06
0.00011511
0.000827558
8.64024e-05
0.00111989
6.18969e-06
3.60439e-05
1.69858e-05
2.38112e-07
6.63609e-06
6.71401e-06
7.15748e-05
0.000883269
6.46143e-05
0.00114414
5.95603e-06
2.4225e-05
1.47475e-05
9.33461e-08
5.41291e-06
5.96122e-06
4.40595e-05
0.000934266
5.12538e-05
0.00116616
5.72074e-06
1.62426e-05
1.28015e-05
5.97309e-08
4.41456e-06
5.29254e-06
2.69527e-05
0.000981464
4.36927e-05
0.00118603
5.48348e-06
1.08729e-05
1.11105e-05
5.54989e-08
3.59993e-06
4.69863e-06
1.64244e-05
0.001025
4.01509e-05
0.00120388
5.2439e-06
7.27049e-06
9.64133e-06
5.94711e-08
2.93534e-06
4.17118e-06
9.98512e-06
0.0010648
3.94533e-05
0.00121983
5.00165e-06
4.85812e-06
8.36537e-06
6.62179e-08
2.39326e-06
3.70279e-06
6.06169e-06
0.00110081
4.08435e-05
0.001234
4.75633e-06
3.24461e-06
7.25744e-06
7.44102e-08
1.95116e-06
3.28688e-06
3.67667e-06
0.00113307
4.38502e-05
0.00124656
4.50754e-06
2.16628e-06
6.29564e-06
8.37949e-08
1.59065e-06
2.91759e-06
2.22887e-06
0.00116167
4.81953e-05
0.00125763
4.25488e-06
1.44602e-06
5.46083e-06
9.44097e-08
1.29669e-06
2.58973e-06
1.35076e-06
0.0011868
5.37317e-05
0.00126736
3.9979e-06
9.65097e-07
4.73637e-06
1.06381e-07
1.057e-06
2.29865e-06
8.18434e-07
0.0012087
6.04015e-05
0.00127589
3.73614e-06
6.44058e-07
4.10775e-06
1.19874e-07
8.61556e-07
2.04024e-06
4.95839e-07
0.00122765
6.82095e-05
0.00128333
3.46912e-06
4.29785e-07
3.56237e-06
1.35078e-07
7.02083e-07
1.81085e-06
3.00379e-07
0.00124394
7.72046e-05
0.00128982
3.19634e-06
2.86787e-07
3.08924e-06
1.52211e-07
5.71625e-07
1.60724e-06
1.81969e-07
0.00125785
8.74683e-05
0.00129546
2.91725e-06
1.91367e-07
2.67885e-06
1.71517e-07
4.63755e-07
1.42655e-06
1.10259e-07
0.00126968
9.91067e-05
0.00130035
2.63131e-06
1.27744e-07
2.32291e-06
1.93271e-07
3.70747e-07
1.26636e-06
6.6899e-08
0.0012797
0.000112244
0.00130459
2.33792e-06
8.57912e-08
2.01552e-06
2.17784e-07
2.7801e-07
1.12489e-06
4.09096e-08
0.00128815
0.000127021
0.00130825
2.03647e-06
6.29146e-08
1.80812e-06
2.45405e-07
1.02146e-07
5.50289e-08
1.02286e-06
2.79428e-08
0.00128405
0.00106819
0.000148461
5.09519e-05
9.85181e-06
2.69631e-07
5.77584e-08
5.49276e-08
9.53626e-07
2.20463e-08
0.00128112
0.00107494
0.000178132
4.07987e-05
6.67831e-06
2.89435e-07
3.28118e-08
5.63423e-08
8.8908e-07
1.73959e-08
0.00127802
0.00108107
0.000213035
3.26242e-05
4.52757e-06
3.10562e-07
1.88327e-08
5.99054e-08
8.28901e-07
1.37296e-08
0.00127474
0.00108683
0.000253644
2.60589e-05
3.07108e-06
3.33169e-07
1.10516e-08
6.65575e-08
7.72792e-07
1.08418e-08
0.00127126
0.00109235
0.000300352
2.07966e-05
2.08534e-06
3.5739e-07
6.78704e-09
7.76939e-08
7.2048e-07
8.57151e-09
0.00126757
0.0010977
0.000353386
1.65853e-05
1.41857e-06
3.83358e-07
4.535e-09
9.53827e-08
6.71707e-07
6.79469e-09
0.00126368
0.00110291
0.000412726
1.32193e-05
9.67828e-07
4.11205e-07
3.45687e-09
1.22685e-07
6.26234e-07
5.41817e-09
0.00125955
0.00110801
0.000478021
1.05317e-05
6.63346e-07
4.41071e-07
3.09098e-09
1.6413e-07
5.83839e-07
4.37699e-09
0.0012552
0.00111302
0.000548524
8.38756e-06
4.57881e-07
4.73104e-07
3.19089e-09
2.26418e-07
5.44313e-07
3.63508e-09
0.00125059
0.00111792
0.000623065
6.67802e-06
3.19453e-07
5.07461e-07
0.00124573
0.00112274
0.00070007
5.31571e-06
0.0012406
0.00112747
0.000777658
4.23054e-06
0.00123518
0.00113211
0.000853787
3.36641e-06
0.00122946
0.00113667
0.000926456
2.67849e-06
0.00122341
0.00114114
0.000993909
2.13094e-06
0.00121697
0.00114552
0.0010548
1.69521e-06
0.00121001
0.00114983
0.00110831
1.34849e-06
0.00120212
0.00115405
0.00115414
1.07267e-06
0.00119203
0.00115819
0.00119246
8.54244e-07
0.00117575
0.00116225
0.00122382
7.15904e-07
0.0013281
0.000774988
0.00132781
0.000581805
0.00132747
0.000426841
0.00132708
0.000317938
0.00132663
0.000251119
0.00132612
0.000218419
0.00132552
0.000212303
0.00132484
0.000227179
0.00132404
0.000259438
0.00132313
0.000306925
0.00132208
0.000368298
0.00132087
0.000442403
0.00131947
0.000527725
0.00131786
0.00062198
0.00131601
0.000721898
0.00131387
0.000823307
0.00131142
0.000921547
0.00130859
0.00101213
0.00130534
0.00109148
0.00130158
0.00115749
0.00129636
0.00128916
0.00128047
0.00127003
0.00125752
0.00124259
0.00122487
0.00120396
0.00117947
0.00115101
0.00111826
0.00108098
0.00103906
0.000992546
0.000941695
0.000886982
0.000829026
0.000769034
0.000705851
0.000653736
END_LIST
