BEGIN_LIST
0.000106212
9.94021e-05
9.30289e-05
8.70643e-05
8.14822e-05
7.62579e-05
7.13686e-05
6.67928e-05
6.25103e-05
5.85024e-05
5.47514e-05
5.12406e-05
4.79543e-05
4.4877e-05
4.19924e-05
3.92805e-05
3.67095e-05
3.42144e-05
3.16399e-05
2.8586e-05
1.78241e-05
6.62767e-05
1.43671e-05
5.4115e-05
1.15806e-05
4.41849e-05
9.33458e-06
3.6077e-05
7.52415e-06
2.9457e-05
6.06485e-06
2.40516e-05
4.88858e-06
1.96382e-05
3.94044e-06
1.60346e-05
3.1762e-06
1.30923e-05
2.56018e-06
1.06898e-05
2.06365e-06
8.72827e-06
1.66344e-06
7.12664e-06
1.34088e-06
5.8189e-06
1.08098e-06
4.75114e-06
8.71728e-07
3.87931e-06
7.03628e-07
3.16746e-06
5.6952e-07
2.58623e-06
4.64797e-07
2.11164e-06
3.88583e-07
1.72294e-06
3.47073e-07
1.34202e-06
5.41346e-07
3.74722e-07
4.34865e-07
1.12887e-07
4.36911e-07
4.69957e-07
4.05694e-07
4.6486e-07
9.86631e-08
3.56781e-07
4.07982e-07
4.37669e-07
5.28041e-07
8.62315e-08
2.91347e-07
3.5418e-07
4.71252e-07
6.15823e-07
7.53662e-08
2.37913e-07
3.07474e-07
5.06875e-07
7.25954e-07
6.587e-08
1.94279e-07
2.66926e-07
5.44876e-07
8.5944e-07
5.75703e-08
1.58648e-07
2.31726e-07
5.85539e-07
1.01918e-06
5.03163e-08
1.29552e-07
2.01167e-07
6.29127e-07
1.2094e-06
4.39764e-08
1.05792e-07
1.74639e-07
6.75895e-07
1.43549e-06
3.84352e-08
8.63891e-08
1.51609e-07
7.26101e-07
1.70401e-06
3.35921e-08
7.05448e-08
1.31616e-07
7.80014e-07
2.02285e-06
2.9359e-08
5.76058e-08
1.14259e-07
8.37917e-07
2.40138e-06
2.56587e-08
4.70386e-08
9.91915e-08
9.0011e-07
2.85077e-06
2.24233e-08
3.84062e-08
8.61108e-08
9.66914e-07
3.38425e-06
1.95928e-08
3.13495e-08
7.47551e-08
1.03867e-06
4.01758e-06
1.71125e-08
2.55691e-08
6.4897e-08
1.11576e-06
4.76942e-06
1.49308e-08
2.08057e-08
5.63388e-08
1.19856e-06
5.66197e-06
1.29927e-08
1.68128e-08
4.89091e-08
1.28751e-06
6.72155e-06
1.12296e-08
1.33051e-08
4.24701e-08
1.38306e-06
7.97942e-06
9.53502e-09
9.84914e-09
3.57445e-08
1.4857e-06
9.47269e-06
7.71281e-09
5.61017e-09
4.58707e-08
3.30594e-08
1.79188e-06
2.58366e-06
9.96438e-07
1.09174e-05
1.77684e-09
3.08722e-08
5.43295e-09
2.4257e-09
3.73712e-08
2.93231e-08
1.08408e-06
3.55901e-06
6.87715e-07
1.22603e-05
1.71522e-09
2.05775e-08
4.70817e-09
6.95106e-10
3.04465e-08
2.60092e-08
6.55859e-07
4.35044e-06
4.92499e-07
1.37625e-05
1.65364e-09
1.37156e-08
4.08008e-09
2.54071e-10
2.4805e-08
2.30697e-08
3.96791e-07
5.14397e-06
3.71961e-07
1.54451e-05
1.59203e-09
9.14197e-09
3.53578e-09
1.48932e-10
2.02088e-08
2.04625e-08
2.40056e-07
6.02053e-06
3.00952e-07
1.73313e-05
1.53029e-09
6.09346e-09
3.06409e-09
1.32203e-10
1.64642e-08
1.81499e-08
1.45233e-07
7.02381e-06
2.63244e-07
1.94465e-05
1.46834e-09
4.06151e-09
2.65532e-09
1.39778e-10
1.34135e-08
1.60987e-08
8.78653e-08
8.18588e-06
2.48431e-07
2.18191e-05
1.40609e-09
2.70715e-09
2.30109e-09
1.55181e-10
1.0928e-08
1.42793e-08
5.31581e-08
9.53709e-06
2.49916e-07
2.44807e-05
1.34345e-09
1.80441e-09
1.99412e-09
1.74328e-10
8.90315e-09
1.26655e-08
3.21604e-08
1.11102e-05
2.63613e-07
2.74668e-05
1.28031e-09
1.20271e-09
1.72809e-09
1.96378e-10
7.25345e-09
1.12341e-08
1.94569e-08
1.29423e-05
2.87091e-07
3.08168e-05
1.21657e-09
8.01647e-10
1.49756e-09
2.21358e-10
5.90942e-09
9.96444e-09
1.17713e-08
1.50764e-05
3.19035e-07
3.45754e-05
1.15213e-09
5.34327e-10
1.29777e-09
2.49552e-10
4.81444e-09
8.8383e-09
7.12161e-09
1.75623e-05
3.58892e-07
3.87923e-05
1.08687e-09
3.56148e-10
1.12465e-09
2.81347e-10
3.92233e-09
7.83943e-09
4.30854e-09
2.04581e-05
4.06648e-07
4.35235e-05
1.02068e-09
2.37386e-10
9.74613e-10
3.17194e-10
3.19547e-09
6.95345e-09
2.60665e-09
2.38314e-05
4.62691e-07
4.88317e-05
9.53438e-10
1.58226e-10
8.44595e-10
3.5761e-10
2.60313e-09
6.1676e-09
1.57702e-09
2.77609e-05
5.27728e-07
5.47873e-05
8.85008e-10
1.05464e-10
7.31922e-10
4.03176e-10
2.12e-09
5.47058e-09
9.541e-10
3.23383e-05
6.02737e-07
6.14692e-05
8.15258e-10
7.02954e-11
6.3428e-10
4.54547e-10
1.72455e-09
4.85237e-09
5.77256e-10
3.76704e-05
6.88951e-07
6.8966e-05
7.44047e-10
4.68557e-11
5.49664e-10
5.12464e-10
1.39623e-09
4.30417e-09
3.49338e-10
4.38818e-05
7.8785e-07
7.73772e-05
6.71225e-10
3.12443e-11
4.76343e-10
5.77761e-10
1.1083e-09
3.81851e-09
2.11698e-10
5.11173e-05
9.01176e-07
8.68142e-05
5.96637e-10
2.09612e-11
4.13072e-10
6.51377e-10
8.05521e-10
3.38995e-09
1.29302e-10
5.95458e-05
1.03095e-06
9.74022e-05
5.20117e-10
1.53581e-11
3.70404e-10
7.34374e-10
2.85497e-10
1.50505e-10
3.08099e-09
8.82326e-11
5.96543e-05
3.03619e-05
1.22408e-06
1.32333e-08
2.53167e-09
8.07201e-10
1.61409e-10
1.42247e-10
2.87148e-09
6.95718e-11
5.6311e-05
3.16831e-05
1.50067e-06
1.05198e-08
1.72877e-09
8.66761e-10
9.1732e-11
1.3486e-10
2.67622e-09
5.48627e-11
5.3155e-05
3.27998e-05
1.84126e-06
8.3627e-09
1.18729e-09
9.30321e-10
5.27372e-11
1.28474e-10
2.49423e-09
4.32724e-11
5.01759e-05
3.38166e-05
2.25994e-06
6.64791e-09
8.22568e-10
9.98353e-10
3.10777e-11
1.23296e-10
2.32462e-09
3.41466e-11
4.73638e-05
3.47904e-05
2.77423e-06
5.28474e-09
5.77369e-10
1.07127e-09
1.92563e-11
1.19647e-10
2.16655e-09
2.69736e-11
4.47093e-05
3.57521e-05
3.40576e-06
4.20109e-09
4.13032e-10
1.14947e-09
1.30735e-11
1.1802e-10
2.01922e-09
2.13575e-11
4.22035e-05
3.67188e-05
4.18117e-06
3.33965e-09
3.0343e-10
1.23335e-09
1.01917e-11
1.1916e-10
1.88191e-09
1.69997e-11
3.98382e-05
3.76999e-05
5.13316e-06
2.65485e-09
2.30913e-10
1.32335e-09
9.32913e-12
1.2418e-10
1.75394e-09
1.36882e-11
3.76054e-05
3.8701e-05
6.30194e-06
2.11046e-09
1.83556e-10
1.41991e-09
9.80717e-12
1.3474e-10
1.63467e-09
1.12985e-11
3.54978e-05
3.97253e-05
7.73687e-06
1.67771e-09
1.5331e-10
1.52351e-09
3.35083e-05
4.07748e-05
9.49852e-06
1.33369e-09
3.16302e-05
4.18511e-05
1.16613e-05
1.06021e-09
2.98572e-05
4.29552e-05
1.43165e-05
8.42814e-10
2.81831e-05
4.40882e-05
1.75764e-05
6.69993e-10
2.66012e-05
4.52509e-05
2.15785e-05
5.32609e-10
2.5103e-05
4.64442e-05
2.64918e-05
4.23396e-10
2.36738e-05
4.76689e-05
3.25239e-05
3.36578e-10
2.22789e-05
4.89259e-05
3.99295e-05
2.67569e-10
2.08228e-05
5.0216e-05
4.90214e-05
2.12961e-10
1.9023e-05
5.15401e-05
6.01834e-05
1.78393e-10
5.11046e-05
7.56087e-06
4.50952e-05
4.9136e-06
3.97924e-05
3.35757e-06
3.51131e-05
2.49556e-06
3.09842e-05
2.08926e-06
2.73407e-05
2.0001e-06
2.41257e-05
2.15333e-06
2.12887e-05
2.51664e-06
1.87853e-05
3.08785e-06
1.65763e-05
3.88855e-06
1.46271e-05
4.96163e-06
1.29071e-05
6.37177e-06
1.13893e-05
8.20819e-06
1.005e-05
1.05897e-05
8.86825e-06
1.3672e-05
7.82542e-06
1.76575e-05
6.90522e-06
2.28085e-05
6.09321e-06
2.94644e-05
5.37702e-06
3.8064e-05
4.73767e-06
4.91744e-05
4.08148e-06
3.43274e-06
2.88711e-06
2.42821e-06
2.04225e-06
1.71764e-06
1.44463e-06
1.21501e-06
1.02188e-06
8.59457e-07
7.22848e-07
6.07953e-07
5.1132e-07
4.30047e-07
3.61691e-07
3.04205e-07
2.5583e-07
2.15291e-07
1.80368e-07
1.55665e-07
END_LIST
