BEGIN_LIST
0.000921116
0.000899643
0.000877709
0.000855359
0.00083264
0.000809602
0.0007863
0.000762788
0.000739123
0.000715363
0.000691567
0.000667792
0.000644092
0.000620513
0.000597082
0.000573777
0.000550446
0.000526593
0.000500793
0.000469092
0.000320241
0.000877659
0.000268439
0.000806523
0.000223575
0.000732934
0.000185196
0.000658665
0.000152701
0.000585495
0.000125425
0.000515052
0.000102693
0.000448682
8.38601e-05
0.000387377
6.83325e-05
0.000331754
5.55814e-05
0.000282083
4.51442e-05
0.000238342
3.66239e-05
0.000200287
2.96838e-05
0.000167521
2.40418e-05
0.000139557
1.94643e-05
0.000115869
1.57608e-05
9.59302e-05
1.27824e-05
7.92343e-05
1.0426e-05
6.53145e-05
8.65285e-06
5.37143e-05
7.5434e-06
4.21725e-05
1.15358e-05
7.95474e-06
9.20768e-06
3.61151e-06
1.39123e-05
1.00319e-05
8.55233e-06
9.73967e-06
3.16873e-06
1.13855e-05
8.72289e-06
9.18723e-06
1.09972e-05
2.78015e-06
9.31517e-06
7.58385e-06
9.86465e-06
1.27766e-05
2.43915e-06
7.61962e-06
6.59291e-06
1.05891e-05
1.5017e-05
2.13992e-06
6.23159e-06
5.73095e-06
1.1365e-05
1.7729e-05
1.87736e-06
5.09566e-06
4.98132e-06
1.21963e-05
2.09633e-05
1.64698e-06
4.1663e-06
4.32947e-06
1.30874e-05
2.47968e-05
1.44485e-06
3.4061e-06
3.76271e-06
1.40428e-05
2.93276e-05
1.2675e-06
2.78438e-06
3.26998e-06
1.5067e-05
3.46727e-05
1.1119e-06
2.27599e-06
2.84165e-06
1.61651e-05
4.09699e-05
9.75384e-07
1.86031e-06
2.46934e-06
1.73423e-05
4.83782e-05
8.55597e-07
1.52043e-06
2.14574e-06
1.86042e-05
5.70801e-05
7.50465e-07
1.24248e-06
1.8645e-06
1.99567e-05
6.72829e-05
6.58136e-07
1.01504e-06
1.62008e-06
2.14062e-05
7.92205e-05
5.76922e-07
8.28547e-07
1.40767e-06
2.29594e-05
9.31534e-05
5.05192e-07
6.74711e-07
1.22309e-06
2.46236e-05
0.000109368
4.41196e-07
5.45609e-07
1.06269e-06
2.64064e-05
0.000128176
3.82686e-07
4.32031e-07
9.23549e-07
2.83159e-05
0.000149903
3.26114e-07
3.19906e-07
7.77933e-07
3.03609e-05
0.000174891
2.64887e-07
1.82078e-07
9.98876e-07
7.19992e-07
3.65775e-05
5.23177e-05
2.03866e-05
0.000198299
6.12257e-08
1.0633e-06
1.75982e-07
7.82602e-08
8.14207e-07
6.38961e-07
2.23285e-05
7.14354e-05
1.40182e-05
0.000219358
5.91657e-08
7.0955e-07
1.5256e-07
2.17862e-08
6.63665e-07
5.67046e-07
1.35886e-05
8.65685e-05
9.95256e-06
0.000242189
5.71004e-08
4.73457e-07
1.32256e-07
7.30029e-09
5.40948e-07
5.03223e-07
8.25432e-06
0.000101379
7.41204e-06
0.00026689
5.50272e-08
3.15907e-07
1.14654e-07
3.74543e-09
4.40916e-07
4.46581e-07
5.00835e-06
0.000117359
5.88589e-06
0.000293538
5.29433e-08
2.10777e-07
9.93939e-08
3.05658e-09
3.59378e-07
3.96313e-07
3.03674e-06
0.000135203
5.04124e-06
0.000322182
5.08459e-08
1.40631e-07
8.61651e-08
3.14201e-09
2.92917e-07
3.51702e-07
1.84052e-06
0.000155319
4.66278e-06
0.000352846
4.87321e-08
9.38276e-08
7.46968e-08
3.4621e-09
2.38744e-07
3.12112e-07
1.11522e-06
0.000178004
4.61287e-06
0.000385523
4.65986e-08
6.26004e-08
6.47549e-08
3.88096e-09
1.94589e-07
2.76977e-07
6.75643e-07
0.000203509
4.80513e-06
0.000420171
4.44424e-08
4.17658e-08
5.61362e-08
4.36806e-09
1.586e-07
2.45797e-07
4.09291e-07
0.000232052
5.18718e-06
0.000456708
4.22598e-08
2.78652e-08
4.86646e-08
4.92088e-09
1.29266e-07
2.18127e-07
2.47926e-07
0.00026382
5.72939e-06
0.000495013
4.00475e-08
1.8591e-08
4.21874e-08
5.54487e-09
1.05358e-07
1.93571e-07
1.50175e-07
0.000298953
6.4176e-06
0.000534922
3.78017e-08
1.24035e-08
3.65722e-08
6.24829e-09
8.58703e-08
1.71779e-07
9.09629e-08
0.000337531
7.24842e-06
0.000576225
3.55185e-08
8.27528e-09
3.17045e-08
7.04102e-09
6.99862e-08
1.5244e-07
5.50967e-08
0.000379557
8.22635e-06
0.000618671
3.31938e-08
5.52105e-09
2.74846e-08
7.93435e-09
5.70363e-08
1.35278e-07
3.33722e-08
0.000424936
9.36187e-06
0.000661971
3.08234e-08
3.6835e-09
2.38264e-08
8.94102e-09
4.64697e-08
1.20049e-07
2.02137e-08
0.000473465
1.06705e-05
0.0007058
2.84028e-08
2.45754e-09
2.06551e-08
1.00754e-08
3.78177e-08
1.06535e-07
1.2244e-08
0.000524816
1.2172e-05
0.00074981
2.59272e-08
1.63965e-09
1.79059e-08
1.13537e-08
3.06339e-08
9.45449e-08
7.41824e-09
0.00057854
1.38905e-05
0.000793636
2.33917e-08
1.0944e-09
1.55228e-08
1.27942e-08
2.4338e-08
8.39176e-08
4.50062e-09
0.000634064
1.58543e-05
0.00083691
2.07912e-08
7.34911e-10
1.34656e-08
1.44175e-08
1.77378e-08
7.4535e-08
2.752e-09
0.000690713
1.8096e-05
0.000879269
1.81201e-08
5.38902e-10
1.20781e-08
1.62467e-08
6.30723e-09
3.33008e-09
6.77684e-08
1.87962e-09
0.000687442
0.000402758
2.14173e-05
4.60953e-07
8.81013e-08
1.78512e-08
3.56745e-09
3.1606e-09
6.31781e-08
1.48292e-09
0.00066691
0.000414074
2.61471e-05
3.66604e-07
5.9989e-08
1.91628e-08
2.02806e-09
3.01446e-09
5.88987e-08
1.17006e-09
0.000646437
0.000423731
3.19279e-05
2.91562e-07
4.09986e-08
2.05621e-08
1.16589e-09
2.89665e-09
5.49092e-08
9.2341e-10
0.000626058
0.000432531
3.89714e-05
2.31879e-07
2.818e-08
2.20595e-08
6.86526e-10
2.8149e-09
5.11899e-08
7.29105e-10
0.000605811
0.000440904
4.75327e-05
1.84412e-07
1.95378e-08
2.36639e-08
4.24476e-10
2.78099e-09
4.77225e-08
5.76314e-10
0.000585729
0.000449081
5.79149e-05
1.46661e-07
1.37223e-08
2.53841e-08
2.8697e-10
2.81266e-09
4.449e-08
4.56656e-10
0.000565845
0.000457185
7.0473e-05
1.16637e-07
9.82067e-09
2.72288e-08
2.22324e-10
2.93643e-09
4.14764e-08
3.63815e-10
0.000546192
0.000465283
8.56168e-05
9.27594e-08
7.21555e-09
2.92074e-08
2.02146e-10
3.19181e-09
3.86669e-08
2.93338e-10
0.0005268
0.000473409
0.000103813
7.37696e-08
5.48954e-09
3.13296e-08
2.11363e-10
3.63748e-09
3.60478e-08
2.42645e-10
0.000507696
0.000481582
0.000125582
5.86673e-08
4.36043e-09
3.3606e-08
0.000488907
0.000489809
0.000151488
4.66567e-08
0.000470457
0.000498095
0.000182124
3.71048e-08
0.000452365
0.000506442
0.000218083
2.95085e-08
0.000434648
0.000514848
0.00025991
2.34673e-08
0.000417308
0.000523312
0.000308051
1.86629e-08
0.00040032
0.000531833
0.000362772
1.4842e-08
0.000383565
0.000540408
0.000424076
1.18035e-08
0.000366662
0.000549035
0.000491616
9.38719e-09
0.000348415
0.000557712
0.000564619
7.4744e-09
0.000325138
0.000566436
0.000641853
6.26322e-09
0.000723383
0.000140382
0.000678522
9.2658e-05
0.000633826
6.32678e-05
0.000589678
4.62287e-05
0.000546439
3.7526e-05
0.000504436
3.46358e-05
0.000463953
3.60886e-05
0.000425226
4.11446e-05
0.000388441
4.95761e-05
0.000353732
6.15313e-05
0.000321186
7.74525e-05
0.000290845
9.80275e-05
0.00026271
0.000124154
0.000236749
0.000156906
0.000212903
0.00019747
0.000191088
0.00024706
0.000171208
0.000306762
0.000153151
0.000377318
0.000136808
0.000458851
0.000121881
0.000550552
0.000106202
9.03512e-05
7.67369e-05
6.50801e-05
5.51262e-05
4.66458e-05
3.94349e-05
3.33135e-05
2.81242e-05
2.37305e-05
2.0014e-05
1.6873e-05
1.42203e-05
1.19813e-05
1.00925e-05
8.49992e-06
7.15675e-06
6.02898e-06
5.05576e-06
4.36649e-06
END_LIST
