BEGIN_LIST
0.00132977
0.00132975
0.00132973
0.00132971
0.00132969
0.00132966
0.00132963
0.00132961
0.00132957
0.00132954
0.00132951
0.00132947
0.00132942
0.00132938
0.00132933
0.00132928
0.00132922
0.00132915
0.00132907
0.00132895
0.00132098
0.00133
0.00131788
0.00133
0.00131376
0.00133
0.00130829
0.00133
0.00130106
0.00133
0.00129155
0.00133
0.00127913
0.00133
0.00126305
0.00133
0.00124246
0.00133
0.00121643
0.00133
0.00118403
0.00133
0.00114446
0.00133
0.00109716
0.00133
0.00104204
0.00133
0.000979714
0.00133
0.000911808
0.00133
0.000841566
0.00133
0.000775111
0.00133
0.000724194
0.00133
0.000711187
0.00133
0.000963873
0.000752415
0.000875402
0.000970207
0.00132438
0.00092258
0.000761789
0.00094235
0.000929855
0.00132256
0.000878964
0.00077741
0.000999715
0.00088738
0.00132017
0.000833358
0.000796705
0.00105
0.000843112
0.00131702
0.000786171
0.000818056
0.00109423
0.000797434
0.0013129
0.00073787
0.000840452
0.00113292
0.000750778
0.00130752
0.000688963
0.000863263
0.00116643
0.000703603
0.00130052
0.000639978
0.000886091
0.00119514
0.000656378
0.00129145
0.000591443
0.00090868
0.00121948
0.000609568
0.00127979
0.000543857
0.000930859
0.0012399
0.000563608
0.00126488
0.00049768
0.000952512
0.00125688
0.000518895
0.001246
0.000453307
0.000973557
0.0012709
0.000475772
0.00122234
0.000411067
0.000993936
0.00128238
0.000434516
0.001193
0.000371212
0.0010136
0.00129174
0.000395325
0.00115703
0.000333917
0.00103253
0.00129933
0.000358299
0.00111329
0.000299284
0.0010507
0.00130547
0.000323401
0.00106013
0.000267352
0.00106809
0.0013104
0.000290367
0.000994223
0.000238099
0.0010847
0.00131437
0.000258504
0.000907387
0.000211496
0.00110052
0.00131755
0.000226224
0.000776762
0.000182313
0.00111557
0.00132008
0.000189985
0.000528585
0.000232251
0.00017122
0.00120576
0.00126112
0.000930098
0.00132181
4.71251e-05
0.00063542
0.000523856
0.000259989
0.000194681
0.000153957
0.00109607
0.00129889
0.00074787
0.00132298
4.5583e-05
0.000492759
0.000477604
7.36262e-05
0.000162427
0.000138248
0.000937936
0.00131026
0.00058219
0.00132399
4.40337e-05
0.000367981
0.000433396
1.99824e-05
0.000134981
0.00012399
0.00074762
0.00131545
0.000448728
0.00132485
4.24753e-05
0.000266456
0.000391539
5.71745e-06
0.000111798
0.000111081
0.000555192
0.00131854
0.000350893
0.00132559
4.09058e-05
0.000188402
0.000352255
2.04812e-06
9.23372e-05
9.9416e-05
0.000387788
0.00132071
0.000284971
0.00132622
3.93229e-05
0.000130887
0.00031569
1.16414e-06
7.60862e-05
8.88965e-05
0.000258324
0.00132238
0.000244712
0.00132676
3.77245e-05
8.97896e-05
0.000281913
1.01445e-06
6.25738e-05
7.9426e-05
0.000166376
0.00132371
0.000223943
0.00132723
3.61081e-05
6.10542e-05
0.000250928
1.06579e-06
5.13785e-05
7.0913e-05
0.000104756
0.0013248
0.000217614
0.00132763
3.44713e-05
4.12625e-05
0.000222685
1.18078e-06
4.21302e-05
6.32713e-05
6.49991e-05
0.0013257
0.00022197
0.00132797
3.28115e-05
2.77707e-05
0.000197089
1.32517e-06
3.45089e-05
5.64201e-05
3.996e-05
0.00132644
0.000234376
0.00132826
3.1126e-05
1.86378e-05
0.000174012
1.49171e-06
2.8241e-05
5.02846e-05
2.4426e-05
0.00132706
0.000253052
0.00132851
2.94118e-05
1.24846e-05
0.000153303
1.68031e-06
2.30944e-05
4.47954e-05
1.48782e-05
0.00132757
0.000276821
0.00132873
2.7666e-05
8.35223e-06
0.000134797
1.89304e-06
1.8874e-05
3.98888e-05
9.04294e-06
0.00132799
0.00030491
0.00132891
2.58854e-05
5.58287e-06
0.000118319
2.13274e-06
1.54162e-05
3.55064e-05
5.48909e-06
0.00132834
0.000336804
0.00132907
2.40666e-05
3.72961e-06
0.000103696
2.40277e-06
1.25836e-05
3.1595e-05
3.32926e-06
0.00132862
0.000372135
0.00132921
2.2206e-05
2.4906e-06
9.07578e-05
2.70692e-06
1.02573e-05
2.81064e-05
2.01837e-06
0.00132886
0.000410611
0.00132932
2.03e-05
1.66281e-06
7.93385e-05
3.04951e-06
8.32264e-06
2.49973e-05
1.22358e-06
0.00132906
0.000451958
0.00132942
1.83446e-05
1.11041e-06
6.92838e-05
3.43534e-06
6.63102e-06
2.22303e-05
7.42637e-07
0.00132923
0.000495884
0.00132951
1.63357e-05
7.4595e-07
6.04869e-05
3.86987e-06
4.87863e-06
1.97786e-05
4.54237e-07
0.00132936
0.000542059
0.00132958
1.42687e-05
5.47142e-07
5.4497e-05
4.3592e-06
1.75384e-06
9.32525e-07
1.80055e-05
3.10311e-07
0.00132916
0.00129055
0.000603335
0.000322997
6.79662e-05
4.78813e-06
9.90733e-07
8.99657e-07
1.68001e-05
2.44857e-07
0.0013291
0.00129166
0.000678953
0.000269016
4.64939e-05
5.13857e-06
5.61275e-07
8.79378e-07
1.56745e-05
1.93239e-07
0.00132904
0.0012927
0.000755934
0.000222269
3.1756e-05
5.51225e-06
3.20098e-07
8.76033e-07
1.46236e-05
1.52557e-07
0.00132898
0.0012937
0.000832139
0.000182395
2.16915e-05
5.91189e-06
1.85253e-07
8.96148e-07
1.36425e-05
1.20538e-07
0.00132891
0.00129467
0.000905486
0.000148815
1.48438e-05
6.33985e-06
1.10601e-07
9.49455e-07
1.27267e-05
9.54137e-08
0.00132884
0.0012956
0.00097412
0.000120836
1.0198e-05
6.79839e-06
7.02147e-08
1.05043e-06
1.18718e-05
7.58363e-08
0.00132877
0.00129651
0.00103658
9.77294e-05
7.05389e-06
7.28982e-06
4.9579e-08
1.22054e-06
1.1074e-05
6.08245e-08
0.00132868
0.0012974
0.00109189
7.87848e-05
4.93161e-06
7.81653e-06
4.0636e-08
1.49158e-06
1.03294e-05
4.97514e-08
0.0013286
0.00129826
0.00113964
6.33444e-05
3.50361e-06
8.38105e-06
3.89974e-08
1.91058e-06
9.63449e-06
4.23829e-08
0.00132851
0.0012991
0.00117987
5.08207e-05
2.54705e-06
8.98608e-06
0.00132841
0.00129991
0.00121303
4.07023e-05
0.0013283
0.00130071
0.00123984
3.25529e-05
0.00132819
0.00130149
0.00126115
2.60059e-05
0.00132807
0.00130224
0.00127783
2.07569e-05
0.00132794
0.00130298
0.00129074
1.65554e-05
0.00132781
0.0013037
0.00130062
1.31967e-05
0.00132765
0.0013044
0.00130811
1.05146e-05
0.00132745
0.00130508
0.00131377
8.37477e-06
0.00132713
0.00130574
0.001318
6.67635e-06
0.00132645
0.00130639
0.00132116
5.59905e-06
0.00133
0.00121774
0.00133
0.00109329
0.00133
0.00094002
0.00133
0.000794057
0.00133
0.000684132
0.00133
0.000622331
0.00133
0.000607474
0.00133
0.000631793
0.00133
0.000685564
0.00133
0.000759169
0.00133
0.000843735
0.00133
0.000931369
0.00133
0.00101545
0.00133
0.001091
0.00133
0.00115497
0.00133
0.00120626
0.00133
0.00124536
0.00133
0.00127383
0.00133
0.00129372
0.00133
0.00130713
0.00133
0.00133
0.00133
0.00133
0.00133
0.00133
0.00133
0.00133
0.00133
0.00133
0.00133
0.00133
0.00133
0.00133
0.00133
0.00133
0.00133
0.00132999
0.00132999
0.00132999
END_LIST
