BEGIN_LIST
0
1.49606e-103
5.18391e-103
1.41925e-102
3.61153e-102
8.93806e-102
2.18707e-101
5.32623e-101
1.29452e-100
3.14361e-100
7.63124e-100
1.85227e-99
4.49563e-99
1.09112e-98
2.64826e-98
6.42772e-98
1.56013e-97
3.7868e-97
9.19178e-97
2.23119e-96
5.41474e-96
2.40576e-95
5.57212e-96
5.71917e-95
5.73407e-96
1.14149e-94
5.90072e-96
2.10079e-94
6.07221e-96
3.69654e-94
6.24869e-96
6.33268e-94
6.43029e-96
1.06746e-93
6.61716e-96
1.78261e-93
6.80946e-96
2.96326e-93
7.00736e-96
4.92045e-93
7.21161e-96
8.18302e-93
7.44785e-96
1.36578e-92
8.80357e-96
2.29134e-92
5.77047e-95
3.86861e-92
2.13615e-93
6.5789e-92
9.08696e-92
1.12754e-91
3.87933e-90
1.94811e-91
1.65633e-88
3.39297e-91
7.07133e-87
5.95445e-91
3.01906e-85
1.05175e-90
1.28902e-83
1.08512e-90
1.38637e-90
6.11369e-91
3.04823e-83
1.35179e-83
1.11768e-90
1.58421e-90
3.56813e-91
5.90777e-83
1.41539e-83
1.14924e-90
1.69317e-90
2.09056e-91
1.03924e-82
1.47938e-83
1.17962e-90
1.74445e-90
1.22945e-91
1.72398e-82
1.54324e-83
1.20864e-90
1.75838e-90
7.25647e-92
2.7478e-82
1.60637e-83
1.23613e-90
1.7482e-90
4.29778e-92
4.25296e-82
1.66808e-83
1.26192e-90
1.72254e-90
2.55389e-92
6.43513e-82
1.72759e-83
1.28587e-90
1.68706e-90
1.52238e-92
9.56214e-82
1.78401e-83
1.30783e-90
1.64544e-90
9.10191e-93
1.39991e-81
1.83637e-83
1.32769e-90
1.60011e-90
5.457e-93
2.02424e-81
1.88352e-83
1.34535e-90
1.55266e-90
3.28024e-93
2.89648e-81
1.9241e-83
1.36073e-90
1.50414e-90
1.97654e-93
4.10774e-81
1.95635e-83
1.37377e-90
1.45526e-90
1.19364e-93
5.7813e-81
1.97773e-83
1.38443e-90
1.40647e-90
7.22317e-94
8.08392e-81
1.98428e-83
1.39271e-90
1.3581e-90
4.37912e-94
1.12415e-80
1.96924e-83
1.3986e-90
1.31036e-90
2.65928e-94
1.55603e-80
1.92054e-83
1.40213e-90
1.26339e-90
1.61724e-94
2.14575e-80
1.81599e-83
1.40335e-90
1.2173e-90
9.84752e-95
2.95037e-80
1.61411e-83
1.40228e-90
1.17216e-90
6.00229e-95
4.04865e-80
1.23649e-83
1.37777e-90
1.12802e-90
3.66124e-95
5.55101e-80
5.31814e-84
1.37065e-90
1.35906e-90
1.18661e-90
5.24804e-91
1.69065e-90
2.64589e-95
5.86136e-80
5.25346e-80
5.12969e-84
1.49403e-84
1.46155e-90
1.33911e-90
1.20075e-90
2.449e-91
2.0779e-90
1.91187e-95
6.14557e-80
4.88694e-80
4.9395e-84
4.17783e-85
1.84012e-90
1.31802e-90
1.17065e-90
1.14461e-91
2.33198e-90
1.381e-95
6.40087e-80
4.47126e-80
4.7485e-84
1.16674e-85
3.0563e-90
1.29592e-90
1.10318e-90
5.35523e-92
2.48674e-90
9.96967e-96
6.62458e-80
4.02813e-80
4.55756e-84
3.25735e-86
6.71254e-90
1.27291e-90
1.0098e-90
2.50757e-92
2.56836e-90
7.19081e-96
6.8141e-80
3.5783e-80
4.36752e-84
9.09399e-87
1.74944e-89
1.24911e-90
9.0428e-91
1.17495e-92
2.5965e-90
5.1798e-96
6.96699e-80
3.13941e-80
4.17916e-84
2.53923e-87
4.91425e-89
1.22462e-90
8.02014e-91
5.50868e-93
2.58574e-90
3.72451e-96
7.08093e-80
2.72484e-80
3.99319e-84
7.09278e-88
1.42054e-88
1.19956e-90
7.23438e-91
2.584e-93
2.54674e-90
2.67151e-96
7.15378e-80
2.34344e-80
3.81025e-84
1.9836e-88
4.15267e-88
1.17401e-90
7.06536e-91
1.21257e-93
2.48727e-90
1.90986e-96
7.18356e-80
2.00003e-80
3.63093e-84
5.57084e-89
1.22031e-87
1.14809e-90
8.41518e-91
5.69152e-94
2.41301e-90
1.35922e-96
7.16852e-80
1.69616e-80
3.45573e-84
1.58829e-89
3.59721e-87
1.12189e-90
1.36394e-90
2.67143e-94
2.32813e-90
9.61484e-97
7.10712e-80
1.43102e-80
3.28507e-84
4.77138e-90
1.06284e-86
1.09548e-90
2.90558e-90
1.25331e-94
2.23569e-90
6.74518e-97
6.99807e-80
1.20227e-80
3.11932e-84
1.67923e-90
3.14643e-86
1.06895e-90
7.17371e-90
5.87223e-95
2.13798e-90
4.67806e-97
6.84031e-80
1.00668e-80
2.95877e-84
8.2723e-91
9.3307e-86
1.04238e-90
1.87953e-89
2.74321e-95
2.03676e-90
3.19235e-97
6.63309e-80
8.40638e-81
2.80366e-84
6.01339e-91
2.77127e-85
1.01585e-90
5.03315e-89
1.27351e-95
1.93335e-90
2.12766e-97
6.37592e-80
7.00474e-81
2.65416e-84
5.50722e-91
8.24229e-85
9.89401e-91
1.35928e-88
5.83633e-96
1.82883e-90
1.36773e-97
6.06862e-80
5.8269e-81
2.51039e-84
5.4944e-91
2.4545e-84
9.6311e-91
3.68486e-88
2.60309e-96
1.72403e-90
8.28218e-98
5.71133e-80
4.84107e-81
2.37241e-84
5.6231e-91
7.31781e-84
9.3703e-91
1.00096e-87
1.0929e-96
1.61968e-90
4.47967e-98
5.30451e-80
4.02178e-81
2.2403e-84
5.79504e-91
2.18416e-83
9.11224e-91
2.7224e-87
3.92484e-97
1.51636e-90
1.82614e-98
4.84894e-80
3.37122e-81
2.11559e-84
5.98279e-91
6.52707e-83
8.85774e-91
7.4106e-87
7.23278e-98
1.41458e-90
0
4.34575e-80
3.09131e-81
2.05546e-84
6.17866e-91
4.14985e-83
9.46292e-83
8.70955e-91
1.17009e-86
7.49068e-98
4.1972e-98
1.26245e-90
4.05242e-80
3.17461e-80
6.29691e-91
2.63715e-83
1.34942e-82
8.56257e-91
1.84503e-86
7.75766e-98
2.43568e-98
1.11666e-90
3.76223e-80
2.31794e-80
6.41679e-91
1.67536e-83
1.90268e-82
8.41689e-91
2.90723e-86
8.03407e-98
1.41345e-98
9.78353e-91
3.47825e-80
1.69179e-80
6.53837e-91
1.06415e-83
2.66173e-82
8.27256e-91
4.57921e-86
8.3204e-98
8.20214e-99
8.48494e-91
3.20315e-80
1.2344e-80
6.66168e-91
6.75858e-84
3.70285e-82
8.12964e-91
7.21139e-86
8.61743e-98
4.7594e-99
7.27866e-91
2.93909e-80
9.00418e-81
6.78673e-91
4.2922e-84
5.13056e-82
7.98817e-91
1.13556e-85
8.92677e-98
2.76139e-99
6.17073e-91
2.68774e-80
6.56613e-81
6.91351e-91
2.72579e-84
7.08816e-82
7.8482e-91
1.78807e-85
9.25232e-98
1.60181e-99
5.16524e-91
2.45031e-80
4.78673e-81
7.04201e-91
1.73101e-84
9.77199e-82
7.70978e-91
2.81552e-85
9.60424e-98
9.28835e-100
4.2642e-91
2.22757e-80
3.48823e-81
7.17223e-91
1.09928e-84
1.34512e-81
7.57294e-91
4.43339e-85
1.00101e-97
5.38265e-100
3.4675e-91
2.01991e-80
2.54075e-81
7.30414e-91
6.98101e-85
1.84946e-81
7.43772e-91
1.05453e-97
3.11604e-100
2.77299e-91
1.82738e-80
1.14187e-97
1.80075e-100
2.17661e-91
1.64977e-80
1.32071e-97
1.03762e-100
1.67263e-91
1.48665e-80
1.75077e-97
5.94986e-101
1.25396e-91
1.33743e-80
2.8742e-97
3.38364e-101
9.12539e-92
1.20141e-80
5.91538e-97
1.89706e-101
6.39663e-92
1.07781e-80
1.4265e-96
1.03706e-101
4.26405e-92
9.65792e-81
3.73133e-96
5.40672e-102
2.63931e-92
8.6453e-81
1.01067e-95
2.55246e-102
1.43798e-92
7.73222e-81
2.77559e-95
9.21665e-103
5.81737e-93
6.92187e-81
7.66338e-95
0
0
6.54415e-81
7.81431e-95
4.37453e-94
7.9682e-95
7.00838e-94
8.12513e-95
8.80385e-94
8.28514e-95
9.96477e-94
8.4483e-95
1.06927e-93
8.61467e-95
1.11398e-93
8.78432e-95
1.13953e-93
8.95729e-95
1.14929e-93
9.13368e-95
1.14274e-93
9.31353e-95
1.11729e-93
9.49692e-95
1.06992e-93
9.68391e-95
9.98595e-94
9.87458e-95
9.03295e-94
1.0069e-94
7.86586e-94
1.02672e-94
6.53541e-94
1.04694e-94
5.11146e-94
1.06755e-94
3.67337e-94
1.08856e-94
2.29947e-94
1.10999e-94
1.05781e-94
1.13173e-94
0
1.16274e-94
1.19459e-94
1.22731e-94
1.26092e-94
1.29545e-94
1.33092e-94
1.36735e-94
1.40477e-94
1.44321e-94
1.4827e-94
1.52325e-94
1.5649e-94
1.60768e-94
1.65161e-94
1.69674e-94
1.74302e-94
1.79079e-94
1.83868e-94
1.89325e-94
1.9243e-94
END_LIST
