BEGIN_LIST
0
7.20821e-158
2.5334e-157
7.08752e-157
1.85262e-156
4.72542e-156
1.19399e-155
3.00574e-155
7.55561e-155
1.89816e-154
4.76754e-154
1.19735e-153
3.00696e-153
7.55142e-153
1.89637e-152
4.76233e-152
1.19594e-151
3.00325e-151
7.5418e-151
1.89387e-150
1.90325e-150
1.93378e-150
1.90923e-150
1.98035e-150
1.91519e-150
2.05771e-150
1.92112e-150
2.19179e-150
1.92704e-150
2.42827e-150
1.93293e-150
2.84797e-150
1.93882e-150
3.59455e-150
1.94469e-150
4.92487e-150
1.95069e-150
7.30097e-150
1.96293e-150
1.15595e-149
2.2414e-150
1.92257e-149
1.38872e-149
3.31001e-149
5.10897e-148
5.83608e-149
2.17317e-146
1.0465e-148
9.277e-145
1.90042e-148
3.961e-143
3.4865e-148
1.69116e-141
6.45227e-148
7.2207e-140
1.20331e-147
3.08274e-138
2.25932e-147
1.31617e-136
4.26748e-147
5.61956e-135
4.31965e-147
5.79442e-147
2.39555e-147
1.32894e-134
5.89304e-135
4.36545e-147
6.73733e-147
1.34967e-147
2.57578e-134
6.17013e-135
4.40449e-147
7.30544e-147
7.63097e-148
4.53149e-134
6.44891e-135
4.43641e-147
7.63267e-147
4.3293e-148
7.51806e-134
6.72713e-135
4.46091e-147
7.80467e-147
2.46428e-148
1.19845e-133
7.00213e-135
4.47774e-147
7.87629e-147
1.40716e-148
1.85521e-133
7.27092e-135
4.48672e-147
7.88265e-147
8.05987e-149
2.80762e-133
7.53008e-135
4.48773e-147
7.84631e-147
4.62998e-149
4.17277e-133
7.7758e-135
4.48074e-147
7.78176e-147
2.66709e-149
6.11037e-133
8.00377e-135
4.46578e-147
7.69833e-147
1.54043e-149
8.83757e-133
8.20905e-135
4.44294e-147
7.60209e-147
8.9192e-150
1.26489e-132
8.3857e-135
4.41242e-147
7.49698e-147
5.17637e-150
1.79435e-132
8.52601e-135
4.37443e-147
7.38559e-147
3.01078e-150
2.52611e-132
8.61898e-135
4.32929e-147
7.26965e-147
1.75478e-150
3.53326e-132
8.64729e-135
4.27736e-147
7.15034e-147
1.02469e-150
4.91479e-132
8.58154e-135
4.21909e-147
7.02847e-147
5.99417e-151
6.80501e-132
8.36914e-135
4.14894e-147
6.90463e-147
3.51211e-151
9.38677e-132
7.91339e-135
4.62355e-147
6.77927e-147
2.06084e-151
1.29103e-131
7.03357e-135
-4.58917e-146
6.65272e-147
1.21083e-151
1.77208e-131
5.38799e-135
4.63591e-144
6.52527e-147
7.12212e-152
2.43023e-131
2.31735e-135
2.84034e-143
4.51063e-144
4.5844e-146
2.94868e-147
5.26059e-147
5.0261e-152
2.5662e-131
2.3e-131
2.23521e-135
6.51007e-136
9.5911e-143
4.38394e-144
1.28709e-145
1.33638e-147
4.27353e-147
3.54763e-152
2.69071e-131
2.13957e-131
2.15232e-135
1.82042e-136
2.89923e-142
4.25631e-144
3.08532e-145
6.06593e-148
3.50812e-147
2.5042e-152
2.80257e-131
1.95761e-131
2.06907e-135
5.08381e-137
8.51072e-142
4.12818e-144
7.14203e-145
2.75625e-148
2.91642e-147
1.76744e-152
2.90059e-131
1.76362e-131
1.98586e-135
1.41929e-137
2.48116e-141
3.99998e-144
1.66523e-144
1.25343e-148
2.45885e-147
1.24698e-152
2.98365e-131
1.5667e-131
1.90303e-135
3.96225e-138
7.2328e-141
3.87213e-144
3.9709e-144
5.70413e-149
2.1037e-147
8.79178e-153
3.05066e-131
1.37456e-131
1.82094e-135
1.10621e-138
2.11258e-140
3.74498e-144
9.71722e-144
2.5975e-149
1.8261e-147
6.19183e-153
3.10061e-131
1.19306e-131
1.7399e-135
3.08863e-139
6.18584e-140
3.61888e-144
2.4356e-143
1.18349e-149
1.60691e-147
4.35352e-153
3.13256e-131
1.02608e-131
1.66017e-135
8.6246e-140
1.81583e-139
3.49414e-144
6.22914e-143
5.39491e-150
1.43152e-147
3.05361e-153
3.14565e-131
8.75732e-132
1.58203e-135
2.40859e-140
5.34309e-139
3.37105e-144
1.61895e-142
2.46017e-150
1.28895e-147
2.13442e-153
3.13912e-131
7.4269e-132
1.50567e-135
6.72763e-141
1.57568e-138
3.24987e-144
4.2603e-142
1.12208e-150
1.17094e-147
1.48461e-153
3.11227e-131
6.26605e-132
1.4313e-135
1.87985e-141
4.65613e-138
3.1308e-144
1.13172e-141
5.11705e-151
1.07134e-147
1.02542e-153
3.06455e-131
5.2645e-132
1.35907e-135
5.25843e-142
1.37844e-137
3.01406e-144
3.02762e-141
2.33161e-151
9.85587e-148
7.01179e-154
2.9955e-131
4.40813e-132
1.28911e-135
1.47639e-142
4.08778e-137
2.89981e-144
8.14202e-141
1.06008e-151
9.10307e-148
4.72502e-154
2.90479e-131
3.6811e-132
1.22152e-135
4.20092e-143
1.21409e-136
2.78819e-144
2.19803e-140
4.79551e-152
8.43011e-148
3.11501e-154
2.7922e-131
3.06737e-132
1.15638e-135
1.25301e-143
3.61091e-136
2.67933e-144
5.95062e-140
2.14538e-152
7.81874e-148
1.98426e-154
2.65765e-131
2.55164e-132
1.09373e-135
4.32919e-144
1.0753e-135
2.57332e-144
1.61431e-139
9.36427e-153
7.25568e-148
1.19293e-154
2.5012e-131
2.11997e-132
1.0336e-135
2.07611e-144
3.20586e-135
2.47026e-144
4.38598e-139
3.85942e-153
6.7313e-148
6.4188e-155
2.32305e-131
1.76122e-132
9.76033e-136
1.48705e-144
9.56851e-135
2.37028e-144
1.19294e-138
1.36354e-153
6.23874e-148
2.60839e-155
2.12356e-131
1.47635e-132
9.21692e-136
1.3649e-144
2.8594e-134
2.27363e-144
3.24726e-138
2.42515e-154
5.77313e-148
0
1.9032e-131
1.35378e-132
8.95493e-136
1.37509e-144
1.818e-134
4.14552e-134
2.21808e-144
5.12717e-138
2.48284e-154
1.38518e-154
5.10335e-148
1.77475e-131
1.39033e-131
1.40226e-144
1.15532e-134
5.91147e-134
2.16358e-144
8.08459e-138
2.54189e-154
7.91221e-155
4.48305e-148
1.64767e-131
1.01517e-131
1.4351e-144
7.33974e-135
8.3351e-134
2.11013e-144
1.27388e-137
2.60235e-154
4.51968e-155
3.90815e-148
1.52331e-131
7.40952e-132
1.47123e-144
4.6621e-135
1.16601e-133
2.05772e-144
2.00648e-137
2.66423e-154
2.58182e-155
3.37693e-148
1.40284e-131
5.40638e-132
1.50949e-144
2.961e-135
1.62207e-133
2.00636e-144
3.15978e-137
2.72758e-154
1.47486e-155
2.88892e-148
1.2872e-131
3.94369e-132
1.54927e-144
1.88048e-135
2.24746e-133
1.95604e-144
4.97556e-137
2.79242e-154
8.42472e-156
2.44415e-148
1.17713e-131
2.87591e-132
1.5903e-144
1.19422e-135
3.10494e-133
1.90675e-144
7.8345e-137
2.85879e-154
4.81186e-156
2.04271e-148
1.07315e-131
2.09659e-132
1.63243e-144
7.58402e-136
4.28051e-133
1.85849e-144
1.23362e-136
2.92675e-154
2.74769e-156
1.68437e-148
9.75605e-132
1.52787e-132
1.67561e-144
4.81629e-136
5.89204e-133
1.81125e-144
1.94246e-136
2.99635e-154
1.56831e-156
1.36841e-148
8.84661e-132
1.11289e-132
1.71981e-144
3.05864e-136
8.10106e-133
1.76502e-144
3.06774e-154
8.94433e-157
1.09355e-148
8.00344e-132
3.1412e-154
5.09396e-157
8.57888e-149
7.2256e-132
3.21752e-154
2.89402e-157
6.58961e-149
6.51121e-132
3.29877e-154
1.6372e-157
4.93852e-149
5.85771e-132
3.39062e-154
9.19363e-158
3.59291e-149
5.262e-132
3.50875e-154
5.0954e-158
2.518e-149
4.72065e-132
3.69646e-154
2.75754e-158
1.67825e-149
4.23007e-132
4.07358e-154
1.42573e-158
1.03867e-149
3.78658e-132
4.97187e-154
6.68889e-159
5.65852e-150
3.38668e-132
7.30994e-154
2.40597e-159
2.28906e-150
3.03177e-132
1.3632e-153
0
0
2.86633e-132
1.38729e-153
5.99208e-153
1.41182e-153
9.35805e-153
1.43681e-153
1.16415e-152
1.46225e-153
1.31091e-152
1.48816e-153
1.40229e-152
1.51455e-153
1.45796e-152
1.54142e-153
1.48934e-152
1.56878e-153
1.50066e-152
1.59665e-153
1.49112e-152
1.62504e-153
1.45722e-152
1.65394e-153
1.39497e-152
1.68338e-153
1.30165e-152
1.71336e-153
1.17722e-152
1.7439e-153
1.02499e-152
1.775e-153
8.51535e-153
1.80667e-153
6.65954e-153
1.83892e-153
4.78567e-153
1.87177e-153
2.99565e-153
1.90524e-153
1.37805e-153
1.93915e-153
0
1.98744e-153
2.03697e-153
2.08777e-153
2.13987e-153
2.19332e-153
2.24813e-153
2.30436e-153
2.36202e-153
2.42117e-153
2.48183e-153
2.54404e-153
2.60785e-153
2.67328e-153
2.74039e-153
2.80922e-153
2.87972e-153
2.95239e-153
3.02513e-153
3.10789e-153
3.15494e-153
END_LIST
