BEGIN_LIST
0
3.86002e-107
1.3375e-106
3.6618e-106
9.31801e-106
2.30607e-105
5.64272e-105
1.37418e-104
3.33988e-104
8.11051e-104
1.96886e-103
4.77887e-103
1.15988e-102
2.81513e-102
6.83262e-102
1.6584e-101
4.02528e-101
9.77048e-101
2.37166e-100
5.75702e-100
1.39793e-99
6.21306e-99
1.43855e-99
1.47712e-98
1.48036e-99
2.94827e-98
1.52337e-99
5.42602e-98
1.56764e-99
9.54768e-98
1.61319e-99
1.63566e-97
1.66007e-99
2.75714e-97
1.70831e-99
4.60429e-97
1.75796e-99
7.65379e-97
1.80905e-99
1.2709e-96
1.862e-99
2.11359e-96
1.93255e-99
3.52767e-96
2.69076e-99
5.9183e-96
3.27449e-98
9.99225e-96
1.31343e-96
1.69927e-95
5.59925e-95
2.91233e-95
2.39052e-93
5.03178e-95
1.02066e-91
8.76374e-95
4.3575e-90
1.53798e-94
1.86041e-88
2.71657e-94
7.94324e-87
2.80276e-94
3.58089e-94
1.57911e-94
1.87841e-86
8.32997e-87
2.88686e-94
4.09189e-94
9.21617e-95
3.6406e-86
8.72182e-87
2.96838e-94
4.37332e-94
5.39973e-95
6.40436e-86
9.11609e-87
3.04686e-94
4.50578e-94
3.17556e-95
1.06244e-85
9.50957e-87
3.12182e-94
4.54175e-94
1.87428e-95
1.69345e-85
9.89852e-87
3.19282e-94
4.51545e-94
1.11008e-95
2.62117e-85
1.02787e-86
3.25943e-94
4.44918e-94
6.59645e-96
3.96626e-85
1.06453e-86
3.32128e-94
4.35754e-94
3.93216e-96
5.89388e-85
1.09929e-86
3.378e-94
4.25004e-94
2.35094e-96
8.62923e-85
1.13154e-86
3.4293e-94
4.13295e-94
1.40949e-96
1.24784e-84
1.16059e-86
3.47492e-94
4.01039e-94
8.47254e-97
1.78565e-84
1.18559e-86
3.51464e-94
3.88508e-94
5.1052e-97
2.53256e-84
1.20545e-86
3.54832e-94
3.75882e-94
3.08306e-97
3.56461e-84
1.21862e-86
3.57586e-94
3.63281e-94
1.86567e-97
4.98472e-84
1.22264e-86
3.59723e-94
3.50788e-94
1.13108e-97
6.93225e-84
1.21337e-86
3.61244e-94
3.38456e-94
6.86866e-98
9.59626e-84
1.18335e-86
3.62156e-94
3.26325e-94
4.17718e-98
1.32341e-83
1.11893e-86
3.62471e-94
3.1442e-94
2.54351e-98
1.8198e-83
9.94538e-87
3.62154e-94
3.0276e-94
1.55033e-98
2.49739e-83
7.61862e-87
3.59656e-94
2.91359e-94
9.45662e-99
3.42431e-83
3.27676e-87
3.77278e-94
3.54722e-94
3.06525e-94
1.35553e-94
4.36679e-94
6.83407e-99
3.6158e-83
3.24077e-83
3.16064e-87
9.20542e-88
4.56026e-94
3.49465e-94
3.10244e-94
6.32557e-95
5.36699e-94
4.93815e-99
3.79115e-83
3.01469e-83
3.04345e-87
2.57414e-88
7.12648e-94
3.43915e-94
3.02618e-94
2.95643e-95
6.02324e-94
3.56699e-99
3.94868e-83
2.75827e-83
2.92576e-87
7.18878e-89
1.4862e-93
3.38101e-94
2.85522e-94
1.38321e-95
6.42299e-94
2.57506e-99
4.08671e-83
2.48492e-83
2.8081e-87
2.00697e-89
3.76517e-93
3.32053e-94
2.62181e-94
6.47684e-96
6.63378e-94
1.85731e-99
4.20365e-83
2.20743e-83
2.69101e-87
5.60303e-90
1.04403e-92
3.258e-94
2.36815e-94
3.03481e-96
6.70647e-94
1.33789e-99
4.29799e-83
1.93669e-83
2.57494e-87
1.56438e-90
2.99894e-92
3.19371e-94
2.15104e-94
1.42285e-96
6.67867e-94
9.62004e-100
4.3683e-83
1.68095e-83
2.46035e-87
4.36868e-91
8.73367e-92
3.12794e-94
2.0679e-94
6.67425e-97
6.57792e-94
6.90025e-100
4.41326e-83
1.44567e-83
2.34764e-87
1.22069e-91
2.55929e-91
3.06095e-94
2.33475e-94
3.13197e-97
6.42432e-94
4.93296e-100
4.43165e-83
1.23382e-83
2.23715e-87
3.41709e-92
7.52656e-91
2.99299e-94
3.49868e-94
1.47007e-97
6.23253e-94
3.51074e-100
4.42239e-83
1.04637e-83
2.12919e-87
9.62789e-93
2.2192e-90
2.9243e-94
7.01009e-94
6.90008e-98
6.01328e-94
2.48342e-100
4.38453e-83
8.82807e-84
2.02404e-87
2.77636e-93
6.55742e-90
2.85512e-94
1.67685e-93
3.2372e-98
5.77451e-94
1.74221e-100
4.31726e-83
7.41693e-84
1.92191e-87
8.65613e-94
1.9413e-89
2.78565e-94
4.33119e-93
1.51675e-98
5.52216e-94
1.20829e-100
4.21995e-83
6.21035e-84
1.82299e-87
3.34922e-94
5.75693e-89
2.71609e-94
1.15195e-92
7.08547e-99
5.26071e-94
8.2455e-101
4.09213e-83
5.18602e-84
1.72742e-87
1.8982e-94
1.70984e-88
2.64663e-94
3.0993e-92
3.28936e-99
4.99363e-94
5.49554e-101
3.93348e-83
4.32134e-84
1.6353e-87
1.52533e-94
5.08538e-88
2.57744e-94
8.38208e-92
1.50747e-99
4.72365e-94
3.5327e-101
3.74391e-83
3.59473e-84
1.54671e-87
1.45466e-94
1.51439e-87
2.50866e-94
2.27327e-91
6.72354e-100
4.45298e-94
2.1392e-101
3.52349e-83
2.98656e-84
1.4617e-87
1.4694e-94
4.51498e-87
2.44046e-94
6.17587e-91
2.82287e-100
4.18344e-94
1.15705e-101
3.27252e-83
2.48114e-84
1.3803e-87
1.50897e-94
1.34759e-86
2.37299e-94
1.67977e-90
1.01375e-100
3.91657e-94
4.71674e-102
2.99147e-83
2.0798e-84
1.30346e-87
1.55646e-94
4.02709e-86
2.30646e-94
4.57248e-90
1.86816e-101
3.6537e-94
0
2.68104e-83
1.90712e-84
1.26641e-87
1.60713e-94
2.5604e-86
5.83845e-86
2.26773e-94
7.21966e-90
1.93477e-101
1.0841e-101
3.26075e-94
2.50008e-83
1.95853e-83
1.6379e-94
1.62709e-86
8.32563e-86
2.22932e-94
1.13842e-89
2.00373e-101
6.29113e-102
2.88419e-94
2.32105e-83
1.43003e-83
1.66913e-94
1.03368e-86
1.17391e-85
2.19126e-94
1.79381e-89
2.07511e-101
3.6508e-102
2.52697e-94
2.14586e-83
1.04374e-83
1.70083e-94
6.56572e-87
1.64223e-85
2.15355e-94
2.82543e-89
2.14905e-101
2.11854e-102
2.19156e-94
1.97614e-83
7.61557e-84
1.73299e-94
4.16999e-87
2.28456e-85
2.11621e-94
4.44951e-89
2.22571e-101
1.22931e-102
1.87999e-94
1.81324e-83
5.5551e-84
1.76561e-94
2.64826e-87
3.16541e-85
2.07926e-94
7.00651e-89
2.30546e-101
7.1324e-103
1.59383e-94
1.65817e-83
4.05097e-84
1.79869e-94
1.6818e-87
4.37318e-85
2.04271e-94
1.10325e-88
2.38912e-101
4.13733e-103
1.33412e-94
1.5117e-83
2.95319e-84
1.83223e-94
1.06803e-87
6.02899e-85
2.00656e-94
1.73719e-88
2.47882e-101
2.39909e-103
1.10139e-94
1.37428e-83
2.15208e-84
1.86622e-94
6.78254e-88
8.29891e-85
1.97083e-94
2.73542e-88
2.58034e-101
1.39029e-103
8.95614e-95
1.24617e-83
1.56753e-84
1.90065e-94
4.3073e-88
1.14104e-84
1.93552e-94
2.70947e-101
8.04842e-104
7.1623e-95
1.12739e-83
2.90977e-101
4.65116e-104
5.62192e-95
1.01782e-83
3.30172e-101
2.68008e-104
4.3202e-95
9.17183e-84
4.21869e-101
1.53679e-104
3.23884e-95
8.25125e-84
6.58371e-101
8.7396e-105
2.35698e-95
7.41208e-84
1.29527e-100
4.89991e-105
1.65217e-95
6.64951e-84
3.04035e-100
2.67863e-105
1.10135e-95
5.95845e-84
7.85379e-100
1.3965e-105
6.81703e-96
5.33372e-84
2.11643e-99
6.59275e-106
3.71413e-96
4.77041e-84
5.80087e-99
2.38057e-106
1.50256e-96
4.27047e-84
1.60042e-98
0
0
4.03743e-84
1.63193e-98
9.13244e-98
1.66407e-98
1.46305e-97
1.69684e-98
1.83785e-97
1.73026e-98
2.08018e-97
1.76433e-98
2.23212e-97
1.79907e-98
2.32546e-97
1.8345e-98
2.37879e-97
1.87062e-98
2.39916e-97
1.90746e-98
2.38548e-97
1.94502e-98
2.33236e-97
1.98331e-98
2.23348e-97
2.02236e-98
2.08457e-97
2.06218e-98
1.88564e-97
2.10278e-98
1.642e-97
2.14418e-98
1.36427e-97
2.18639e-98
1.06702e-97
2.22943e-98
7.66818e-98
2.27331e-98
4.80015e-98
2.31807e-98
2.20819e-98
2.36347e-98
0
2.42821e-98
2.49472e-98
2.56305e-98
2.63324e-98
2.70534e-98
2.77941e-98
2.85549e-98
2.93364e-98
3.01392e-98
3.09637e-98
3.18106e-98
3.26804e-98
3.35737e-98
3.4491e-98
3.54333e-98
3.63998e-98
3.73975e-98
3.83974e-98
3.9537e-98
4.01854e-98
END_LIST
