BEGIN_LIST
0
4.11562e-116
1.42592e-115
3.90323e-115
9.93031e-115
2.45701e-114
6.01043e-114
1.4633e-113
3.55539e-113
8.63105e-113
2.09451e-112
5.08202e-112
1.233e-111
2.99143e-111
7.25759e-111
1.7608e-110
4.27199e-110
1.03646e-109
2.5147e-109
6.10132e-109
1.49179e-108
6.65479e-108
1.53537e-108
1.5831e-107
1.58021e-108
3.1605e-107
1.62636e-108
5.81719e-107
1.67386e-108
1.02365e-106
1.72273e-108
1.75371e-106
1.77302e-108
2.9562e-106
1.82478e-108
4.93678e-106
1.87804e-108
8.20657e-106
1.93293e-108
1.3627e-105
1.99296e-108
2.26628e-105
2.2062e-108
3.78255e-105
8.89267e-108
6.34595e-105
2.919e-106
1.07144e-104
1.23715e-104
1.82209e-104
5.28134e-103
3.12286e-104
2.25487e-101
5.39557e-104
9.62752e-100
9.39744e-104
4.11028e-98
1.64921e-103
1.75487e-96
2.91306e-103
7.49262e-95
3.00548e-103
3.83992e-103
1.69332e-103
1.77187e-94
7.85733e-95
3.09565e-103
4.3879e-103
9.88268e-104
3.4342e-94
8.22686e-95
3.18306e-103
4.6897e-103
5.7902e-104
6.04147e-94
8.59866e-95
3.2672e-103
4.83175e-103
3.40517e-104
1.00228e-93
8.9697e-95
3.34757e-103
4.87034e-103
2.00979e-104
1.59765e-93
9.33648e-95
3.4237e-103
4.84215e-103
1.19033e-104
2.47304e-93
9.69497e-95
3.49512e-103
4.77111e-103
7.07331e-105
3.74238e-93
1.00406e-94
3.56143e-103
4.67284e-103
4.2164e-105
5.56164e-93
1.03684e-94
3.62225e-103
4.55758e-103
2.52086e-105
8.1435e-93
1.06725e-94
3.67724e-103
4.43204e-103
1.51136e-105
1.17771e-92
1.09463e-94
3.72614e-103
4.30063e-103
9.08486e-106
1.68547e-92
1.1182e-94
3.76873e-103
4.16626e-103
5.47414e-106
2.39072e-92
1.13692e-94
3.80484e-103
4.03088e-103
3.30585e-106
3.36535e-92
1.14932e-94
3.83436e-103
3.89577e-103
2.00048e-106
4.70661e-92
1.15311e-94
3.85727e-103
3.7618e-103
1.21281e-106
6.54624e-92
1.14435e-94
3.87357e-103
3.62958e-103
7.36493e-107
9.06295e-92
1.11604e-94
3.88334e-103
3.49949e-103
4.47896e-107
1.25001e-91
1.05527e-94
3.88677e-103
3.37184e-103
2.72727e-107
1.71904e-91
9.37949e-95
3.87741e-103
3.24682e-103
1.66233e-107
2.35936e-91
7.18509e-95
4.40305e-103
3.12456e-103
1.01397e-107
3.23536e-91
3.09028e-95
7.3964e-103
4.33537e-103
3.2918e-103
1.45367e-103
4.68246e-103
7.32773e-108
3.41632e-91
3.06196e-91
2.98076e-95
8.68151e-96
1.62062e-102
4.26405e-103
3.34146e-103
6.78352e-104
5.75471e-103
5.29485e-108
3.58205e-91
2.84837e-91
2.87023e-95
2.42763e-96
4.18499e-102
4.18948e-103
3.28091e-103
3.17045e-104
6.45821e-103
3.82464e-108
3.73092e-91
2.60612e-91
2.75923e-95
6.77957e-97
1.16356e-101
4.11203e-103
3.14547e-103
1.48333e-104
6.88673e-103
2.76106e-108
3.86138e-91
2.34785e-91
2.64826e-95
1.89272e-97
3.33132e-101
4.03206e-103
3.00741e-103
6.94561e-105
7.11268e-103
1.99146e-108
3.97191e-91
2.08568e-91
2.53782e-95
5.28396e-98
9.65371e-101
3.94994e-103
3.00746e-103
3.25443e-105
7.19057e-103
1.43452e-108
4.06109e-91
1.82989e-91
2.42835e-95
1.47523e-98
2.81428e-100
3.86601e-103
3.45261e-103
1.52581e-105
7.16073e-103
1.03148e-108
4.12755e-91
1.58826e-91
2.32028e-95
4.11907e-99
8.23541e-100
3.78061e-103
5.09051e-103
7.15717e-106
7.05269e-103
7.39861e-109
4.17006e-91
1.36596e-91
2.21397e-95
1.15028e-99
2.41701e-99
3.69406e-103
9.85214e-103
3.35857e-106
6.88798e-103
5.28923e-109
4.18747e-91
1.1658e-91
2.10976e-95
3.21327e-100
7.11161e-99
3.60667e-103
2.28512e-102
1.57642e-106
6.68234e-103
3.76428e-109
4.17874e-91
9.88686e-92
2.00795e-95
8.98422e-101
2.09718e-98
3.51873e-103
5.77787e-102
7.39922e-107
6.44726e-103
2.66277e-109
4.14298e-91
8.34147e-92
1.90878e-95
2.51963e-101
6.19714e-98
3.43051e-103
1.515e-101
3.47135e-107
6.19125e-103
1.86803e-109
4.07945e-91
7.00815e-92
1.81246e-95
7.14348e-102
1.83466e-97
3.34225e-103
4.03641e-101
1.62645e-107
5.92068e-103
1.29555e-109
3.98751e-91
5.8681e-92
1.71916e-95
2.10415e-102
5.4407e-97
3.2542e-103
1.08413e-100
7.59791e-108
5.64036e-103
8.84096e-110
3.86674e-91
4.90026e-92
1.62903e-95
7.00043e-103
1.61591e-96
3.16656e-103
2.92562e-100
3.52724e-108
5.354e-103
5.8924e-110
3.71685e-91
4.08325e-92
1.54215e-95
3.11621e-103
4.80603e-96
3.07952e-103
7.91954e-100
1.61648e-108
5.06454e-103
3.78781e-110
3.53773e-91
3.39669e-92
1.45861e-95
2.07108e-103
1.4312e-95
2.99328e-103
2.1484e-99
7.20973e-109
4.77433e-103
2.29368e-110
3.32946e-91
2.82204e-92
1.37843e-95
1.82055e-103
4.26693e-95
2.90799e-103
5.83705e-99
3.02699e-109
4.48534e-103
1.24061e-110
3.09232e-91
2.34447e-92
1.30166e-95
1.79334e-103
1.27355e-94
2.82385e-103
1.58763e-98
1.08705e-109
4.19921e-103
5.05735e-111
2.82675e-91
1.96525e-92
1.22919e-95
1.8298e-103
3.80582e-94
2.74113e-103
4.32167e-98
2.00323e-110
3.91737e-103
0
2.53342e-91
1.80209e-92
1.19426e-95
1.88532e-103
2.41973e-94
5.51765e-94
2.69305e-103
6.82362e-98
2.07465e-110
1.16247e-110
3.49606e-103
2.36243e-91
1.85071e-91
1.92151e-103
1.5377e-94
7.86814e-94
2.64544e-103
1.07596e-97
2.14858e-110
6.74595e-111
3.09233e-103
2.19327e-91
1.35131e-91
1.95887e-103
9.76898e-95
1.1094e-93
2.59832e-103
1.69539e-97
2.22511e-110
3.91473e-111
2.70933e-103
2.02773e-91
9.8629e-92
1.99712e-103
6.20509e-95
1.55197e-93
2.55171e-103
2.6704e-97
2.30435e-110
2.27169e-111
2.34971e-103
1.86736e-91
7.19646e-92
2.03612e-103
3.94097e-95
2.15899e-93
2.50562e-103
4.20535e-97
2.38645e-110
1.31817e-111
2.01566e-103
1.71342e-91
5.24942e-92
2.07579e-103
2.50283e-95
2.99141e-93
2.46006e-103
6.62199e-97
2.47167e-110
7.64798e-112
1.70885e-103
1.5669e-91
3.82809e-92
2.1161e-103
1.58945e-95
4.13276e-93
2.41505e-103
1.0427e-96
2.56056e-110
4.43639e-112
1.4304e-103
1.42849e-91
2.79072e-92
2.15702e-103
1.00939e-95
5.69751e-93
2.3706e-103
1.64184e-96
2.65453e-110
2.5725e-112
1.18087e-103
1.29864e-91
2.0337e-92
2.19856e-103
6.41016e-96
7.84257e-93
2.32672e-103
2.58526e-96
2.75723e-110
1.49078e-112
9.60245e-104
1.17758e-91
1.48132e-92
2.24069e-103
4.07084e-96
1.07829e-92
2.28341e-103
2.87866e-110
8.63015e-113
7.67916e-104
1.06534e-91
3.04629e-110
4.98733e-113
6.02762e-104
9.61802e-92
3.33599e-110
2.87378e-113
4.63196e-104
8.66709e-92
3.95772e-110
1.64786e-113
3.47257e-104
7.79719e-92
5.49261e-110
9.37122e-114
2.52707e-104
7.00422e-92
9.54978e-110
5.25402e-114
1.7714e-104
6.28362e-92
2.05853e-109
2.87221e-114
1.18083e-104
5.6306e-92
5.09396e-109
1.49742e-114
7.30898e-105
5.04026e-92
1.3479e-108
7.06918e-115
3.98216e-105
4.50795e-92
3.66802e-108
2.55261e-115
1.61099e-105
4.03553e-92
1.00922e-107
0
0
3.81532e-92
1.02909e-107
5.75126e-107
1.04935e-107
9.21268e-107
1.07001e-107
1.15722e-106
1.09108e-107
1.30978e-106
1.11256e-107
1.40543e-106
1.13447e-107
1.46418e-106
1.1568e-107
1.49775e-106
1.17958e-107
1.51056e-106
1.2028e-107
1.50195e-106
1.22648e-107
1.4685e-106
1.25063e-107
1.40623e-106
1.27524e-107
1.31248e-106
1.30035e-107
1.18722e-106
1.32595e-107
1.03383e-106
1.35204e-107
8.58964e-107
1.37866e-107
6.7181e-107
1.40579e-107
4.82799e-107
1.43346e-107
3.02224e-107
1.46168e-107
1.39031e-107
1.4903e-107
0
1.53112e-107
1.57305e-107
1.61613e-107
1.66038e-107
1.70584e-107
1.75253e-107
1.8005e-107
1.84977e-107
1.90037e-107
1.95235e-107
2.00574e-107
2.06058e-107
2.11689e-107
2.17473e-107
2.23413e-107
2.29506e-107
2.35796e-107
2.42099e-107
2.49283e-107
2.53371e-107
END_LIST
