BEGIN_LIST
0
9.68869e-22
2.98635e-21
6.77259e-21
1.34043e-20
2.44455e-20
4.21206e-20
6.95601e-20
1.11178e-19
1.73325e-19
2.65555e-19
4.0329e-19
6.13734e-19
9.49412e-19
1.51962e-18
2.56409e-18
4.62619e-18
8.96093e-18
1.84971e-17
4.01071e-17
8.99654e-17
3.65947e-16
9.51651e-17
8.13298e-16
1.00736e-16
1.49044e-15
1.06711e-16
2.46415e-15
1.13125e-16
3.80772e-15
1.20017e-16
5.59823e-15
1.27428e-16
7.913e-15
1.35403e-16
1.08253e-14
1.43994e-16
1.43995e-14
1.53253e-16
1.8687e-14
1.63239e-16
2.37219e-14
1.74014e-16
2.95193e-14
1.85649e-16
3.60765e-14
1.98217e-16
4.338e-14
2.11797e-16
5.14225e-14
2.26477e-16
6.02396e-14
2.42361e-16
6.99821e-14
2.60047e-16
8.1058e-14
3.00721e-16
9.44077e-14
1.2605e-15
1.12027e-13
4.1225e-14
1.15615e-13
1.31757e-13
7.55157e-14
9.50614e-14
4.40379e-14
1.19119e-13
1.42993e-13
5.36739e-14
1.77333e-13
4.70027e-14
1.22516e-13
1.4878e-13
4.01479e-14
2.96799e-13
5.01147e-14
1.25787e-13
1.51073e-13
3.13803e-14
4.63484e-13
5.33656e-14
1.2891e-13
1.51128e-13
2.53744e-14
6.88582e-13
5.67422e-14
1.31867e-13
1.49753e-13
2.10075e-14
9.84317e-13
6.02262e-14
1.34638e-13
1.47466e-13
1.7647e-14
1.36376e-12
6.37932e-14
1.37206e-13
1.44603e-13
1.49357e-14
1.84059e-12
6.74114e-14
1.39555e-13
1.41379e-13
1.26707e-14
2.42887e-12
7.10403e-14
1.4167e-13
1.37936e-13
1.07355e-14
3.14271e-12
7.46288e-14
1.4354e-13
1.34365e-13
9.06144e-15
3.99596e-12
7.81103e-14
1.45155e-13
1.30726e-13
7.60598e-15
5.00193e-12
8.13961e-14
1.46506e-13
1.2706e-13
6.34087e-15
6.173e-12
8.43607e-14
1.47591e-13
1.23393e-13
5.24521e-15
7.52038e-12
8.68157e-14
1.48404e-13
1.19744e-13
4.30198e-15
9.05399e-12
8.84619e-14
1.48947e-13
1.16126e-13
3.49603e-15
1.07828e-11
8.88012e-14
1.49222e-13
1.12548e-13
2.81329e-15
1.27161e-11
8.69794e-14
1.49232e-13
1.09017e-13
2.24031e-15
1.48669e-11
8.15068e-14
1.48994e-13
1.05539e-13
1.76426e-15
1.72609e-11
6.97621e-14
1.45072e-13
1.02116e-13
1.37291e-15
1.9955e-11
4.70936e-14
1.38458e-13
1.43001e-13
1.05435e-13
4.9678e-14
1.52294e-13
1.15517e-15
2.04998e-11
1.86163e-11
4.5764e-14
3.53868e-14
1.31653e-13
1.40793e-13
1.04891e-13
2.52627e-14
1.87384e-13
9.65825e-16
2.09649e-11
1.7073e-11
4.43959e-14
3.27401e-14
1.24741e-13
1.3846e-13
1.00654e-13
1.3653e-14
2.11198e-13
8.02152e-16
2.13458e-11
1.54021e-11
4.29971e-14
3.28421e-14
1.17797e-13
1.36015e-13
9.34105e-14
7.95926e-15
2.26717e-13
6.61531e-16
2.16381e-11
1.36828e-11
4.15753e-14
3.37947e-14
1.1089e-13
1.33469e-13
8.41517e-14
5.03127e-15
2.36191e-13
5.41468e-16
2.18376e-11
1.19868e-11
4.0138e-14
3.50324e-14
1.04083e-13
1.30837e-13
7.39126e-14
3.42097e-15
2.4127e-13
4.39617e-16
2.19406e-11
1.03717e-11
3.86922e-14
3.63879e-14
9.74263e-14
1.28129e-13
6.3575e-14
2.45873e-15
2.43145e-13
3.53797e-16
2.19433e-11
8.87837e-12
3.72447e-14
3.78125e-14
9.09653e-14
1.25357e-13
5.37728e-14
1.83181e-15
2.42658e-13
2.81994e-16
2.18426e-11
7.53072e-12
3.58019e-14
3.92927e-14
8.47349e-14
1.22533e-13
4.48864e-14
1.39162e-15
2.40404e-13
2.22364e-16
2.16355e-11
6.33868e-12
3.43696e-14
4.08251e-14
7.87623e-14
1.19667e-13
3.70889e-14
1.06529e-15
2.368e-13
1.73232e-16
2.13195e-11
5.30141e-12
3.29532e-14
4.24097e-14
7.30674e-14
1.16771e-13
3.04083e-14
8.15148e-16
2.32141e-13
1.33094e-16
2.08923e-11
4.41071e-12
3.15573e-14
4.40471e-14
6.76636e-14
1.13852e-13
2.4784e-14
6.20161e-16
2.26634e-13
1.006e-16
2.03523e-11
3.65402e-12
3.01863e-14
4.57382e-14
6.25595e-14
1.10921e-13
2.01093e-14
4.67333e-16
2.2043e-13
7.4557e-17
1.96979e-11
3.01668e-12
2.88439e-14
4.74841e-14
5.77614e-14
1.07987e-13
1.62604e-14
3.47782e-16
2.13641e-13
5.39131e-17
1.89284e-11
2.48354e-12
2.75332e-14
4.92854e-14
5.32804e-14
1.05056e-13
1.31136e-14
2.54898e-16
2.06354e-13
3.775e-17
1.80432e-11
2.04002e-12
2.62569e-14
5.11432e-14
4.91501e-14
1.02137e-13
1.05541e-14
1.83469e-16
1.98637e-13
2.52723e-17
1.70425e-11
1.67268e-12
2.50172e-14
5.30581e-14
4.54819e-14
9.92351e-14
8.48095e-15
1.29249e-16
1.90552e-13
1.57967e-17
1.59267e-11
1.36961e-12
2.38159e-14
5.50308e-14
4.2629e-14
9.6358e-14
6.80804e-15
8.87266e-17
1.82155e-13
8.7406e-18
1.46969e-11
1.12127e-12
2.26546e-14
5.70618e-14
4.16856e-14
9.35122e-14
5.46491e-15
5.89908e-17
1.73496e-13
3.61216e-18
1.33548e-11
9.26564e-13
2.15488e-14
5.91515e-14
4.60089e-14
9.07069e-14
4.39848e-15
3.76369e-17
1.64629e-13
0
1.19023e-11
8.4335e-13
2.10133e-14
6.13e-14
2.97387e-14
5.35494e-14
8.90742e-14
3.96784e-15
4.33292e-17
3.20986e-17
1.50761e-13
1.10364e-11
8.58098e-12
6.25931e-14
1.93294e-14
6.35599e-14
8.74554e-14
3.58133e-15
4.98228e-17
2.67852e-17
1.36726e-13
1.01885e-11
6.18699e-12
6.39038e-14
1.26889e-14
7.70001e-14
8.58514e-14
3.23599e-15
5.72186e-17
2.19448e-17
1.22714e-13
9.36652e-12
4.46278e-12
6.52333e-14
8.46962e-15
9.52069e-14
8.42629e-14
2.92989e-15
6.56275e-17
1.76896e-17
1.08915e-13
8.57725e-12
3.22166e-12
6.65822e-14
5.80637e-15
1.20042e-13
8.26904e-14
2.66235e-15
7.51724e-17
1.40478e-17
9.55161e-14
7.82596e-12
2.32859e-12
6.79507e-14
4.14422e-15
1.541e-13
8.11345e-14
2.43448e-15
8.59884e-17
1.09971e-17
8.26934e-14
7.1165e-12
1.68608e-12
6.9339e-14
3.12798e-15
2.00991e-13
7.95958e-14
2.25001e-15
9.82243e-17
8.48777e-18
7.06045e-14
6.45141e-12
1.22385e-12
7.0747e-14
2.53057e-15
2.65742e-13
7.80747e-14
2.11653e-15
1.12044e-16
6.45711e-18
5.93833e-14
5.83201e-12
8.91279e-13
7.21745e-14
2.20714e-15
3.55352e-13
7.65717e-14
2.04753e-15
1.27628e-16
4.83853e-18
4.91344e-14
5.25859e-12
6.51919e-13
7.36212e-14
2.06555e-15
4.79561e-13
7.50871e-14
1.45181e-16
3.56725e-18
3.99298e-14
4.73058e-12
1.64943e-16
2.58334e-18
3.18072e-14
4.24672e-12
1.87218e-16
1.83332e-18
2.47706e-14
3.80523e-12
2.1247e-16
1.2707e-18
1.87928e-14
3.40394e-12
2.41559e-16
8.55949e-19
1.38192e-14
3.04042e-12
2.76411e-16
5.56075e-19
9.77347e-15
2.71213e-12
3.21887e-16
3.44e-19
6.56306e-15
2.41645e-12
3.90935e-16
1.97866e-19
4.08572e-15
2.15075e-12
5.18925e-16
1.00326e-19
2.23522e-15
1.91261e-12
8.03411e-16
3.78323e-20
9.06507e-16
1.70247e-12
1.51452e-15
0
0
1.60481e-12
1.56017e-15
6.56264e-15
1.60744e-15
1.01673e-14
1.65641e-15
1.25477e-14
1.70712e-15
1.40163e-14
1.75964e-15
1.48753e-14
1.81405e-15
1.53508e-14
1.8704e-15
1.55751e-14
1.92878e-15
1.56001e-14
1.98925e-15
1.54223e-14
2.0519e-15
1.50082e-14
2.11679e-15
1.43176e-14
2.18401e-15
1.33229e-14
2.25365e-15
1.20228e-14
2.3258e-15
1.04499e-14
2.40053e-15
8.66993e-15
2.47795e-15
6.77356e-15
2.55814e-15
4.864e-15
2.64121e-15
3.04315e-15
2.7273e-15
1.39949e-15
2.81563e-15
0
2.94447e-15
3.07974e-15
3.22174e-15
3.3708e-15
3.52725e-15
3.69144e-15
3.86372e-15
4.04448e-15
4.2341e-15
4.433e-15
4.64158e-15
4.86028e-15
5.08956e-15
5.32987e-15
5.58177e-15
5.84534e-15
6.1231e-15
6.40641e-15
6.73741e-15
6.92825e-15
END_LIST
