BEGIN_LIST
0.1
0.0999008
0.0997975
0.0996898
0.0995776
0.0994607
0.099339
0.0992123
0.0990803
0.098943
0.0987999
0.098651
0.0984959
0.0983342
0.0981648
0.097986
0.0977934
0.0975767
0.0973104
0.0969318
0.0962859
0.0937552
0.0962814
0.0909943
0.0962762
0.0880065
0.0962703
0.0848005
0.0962634
0.0813905
0.0962556
0.077797
0.0962466
0.0740457
0.0962363
0.0701675
0.0962245
0.0661971
0.096211
0.0621727
0.0961954
0.0581339
0.0961776
0.0541215
0.0961571
0.0501773
0.0961337
0.0463446
0.0961068
0.042673
0.096076
0.0392274
0.0960407
0.0361104
0.0960002
0.0335084
0.0959505
0.0317911
0.0957592
0.0317202
0.089997
0.0302895
0.0315585
0.0348201
0.0854201
0.0876567
0.0288736
0.031815
0.0376935
0.0809709
0.0851252
0.027477
0.0323365
0.0404939
0.0766571
0.0824065
0.0261045
0.033028
0.0432911
0.0724852
0.0795088
0.02476
0.0338303
0.046112
0.0684605
0.0764446
0.0234474
0.0347065
0.0489622
0.0645868
0.0732304
0.0221699
0.0356335
0.0518358
0.0608668
0.0698868
0.0209306
0.0365967
0.0547213
0.057302
0.0664377
0.0197319
0.0375868
0.057604
0.0538926
0.0629094
0.0185759
0.0385977
0.0604678
0.0506379
0.0593291
0.017464
0.0396251
0.0632961
0.0475358
0.0557234
0.0163975
0.0406664
0.0660729
0.0445824
0.0521147
0.0153772
0.0417192
0.0687828
0.0417718
0.0485168
0.0144034
0.042782
0.0714116
0.0390938
0.0449252
0.0134762
0.0438533
0.0739467
0.0365305
0.041299
0.0125953
0.0449319
0.0763776
0.0340493
0.0375252
0.0117601
0.0460166
0.0786952
0.0315866
0.0333437
0.0109698
0.0471062
0.0808927
0.0290168
0.0281908
0.0102259
0.0481997
0.0829656
0.0260853
0.0208668
0.00917058
0.049296
0.0849108
0.0222721
0.00880364
0.00827153
0.00861668
0.040998
0.0639699
0.0371845
0.0861427
0.0216548
0.0188691
0.00820902
0.00261406
0.00744588
0.00809155
0.0332328
0.0714099
0.0288303
0.0873165
0.0210281
0.0157806
0.00764688
0.000935505
0.00669054
0.00759427
0.0263281
0.0756105
0.0231756
0.0884327
0.0203912
0.0130477
0.0071165
0.000493764
0.00600196
0.00712386
0.0204533
0.0783333
0.0194497
0.0894921
0.0197434
0.0106819
0.00661701
0.000390922
0.0053762
0.00667932
0.0156351
0.0803548
0.0170989
0.0904958
0.0190839
0.00867187
0.00614743
0.000381829
0.00480918
0.00625964
0.0117986
0.0820177
0.0157307
0.0914452
0.0184119
0.00699083
0.00570669
0.000399699
0.00429672
0.00586377
0.00881425
0.0834733
0.0150684
0.0923415
0.0177266
0.00560309
0.00529366
0.000426418
0.00383464
0.00549069
0.00653413
0.0847894
0.0149192
0.0931866
0.017027
0.00446962
0.00490714
0.000457154
0.00341887
0.00513937
0.00481569
0.0859972
0.0151487
0.0939819
0.0163121
0.0035518
0.00454593
0.000490704
0.00304547
0.00480878
0.00353376
0.0871123
0.0156643
0.0947295
0.0155811
0.00281377
0.00420877
0.000526866
0.00271069
0.00449792
0.00258471
0.0881432
0.0164023
0.0954311
0.0148329
0.0022236
0.00389445
0.000565717
0.00241098
0.00420581
0.00188605
0.089096
0.0173191
0.0960887
0.0140664
0.00175377
0.00360172
0.000607419
0.002143
0.00393148
0.00137385
0.0899753
0.0183853
0.0967042
0.0132804
0.00138107
0.00332939
0.000652169
0.00190359
0.00367402
0.000999466
0.0907854
0.0195808
0.0972796
0.0124738
0.00108623
0.00307627
0.000700183
0.00168967
0.0034325
0.000726435
0.0915305
0.0208925
0.097817
0.0116453
0.000853502
0.0028412
0.000751692
0.00149787
0.00320608
0.000527644
0.0922145
0.0223116
0.0983182
0.0107937
0.000670131
0.00262308
0.000806945
0.00132353
0.00299391
0.000383104
0.0928415
0.0238322
0.0987853
0.00991757
0.000525889
0.00242083
0.000866207
0.00115753
0.00279525
0.000278173
0.0934153
0.0254505
0.09922
0.00901545
0.000412928
0.00223349
0.000929761
0.000976694
0.00260949
0.000202264
0.0939396
0.0271638
0.0996244
0.00808588
0.000327813
0.0020619
0.000997909
0.000714375
0.00243656
0.000148019
0.094418
0.0289699
0.1
0.00712727
0.00029219
0.00198038
0.00107097
0.000442958
0.000691339
0.00233958
0.000127375
0.0942695
0.0946056
0.0318843
0.00638047
0.00506635
0.00111669
0.000276781
0.000670066
0.00224633
0.000109632
0.094116
0.0948503
0.0350082
0.00569475
0.00363925
0.00116409
0.000175424
0.000650916
0.00215668
9.43981e-05
0.0939574
0.0951249
0.0383294
0.00506879
0.00265289
0.00121335
0.000114032
0.00063442
0.00207048
8.13438e-05
0.0937935
0.0954148
0.0418333
0.0045004
0.0019729
0.0012646
7.73382e-05
0.000621362
0.00198763
7.01986e-05
0.0936242
0.0957118
0.0455017
0.00398676
0.00150581
0.00131794
5.59842e-05
0.000612879
0.001908
6.07503e-05
0.0934493
0.0960114
0.0493126
0.00352461
0.0011867
0.00137347
4.42461e-05
0.000610629
0.00183147
5.285e-05
0.0932687
0.0963112
0.0532397
0.00311039
0.000970473
0.00143128
3.86386e-05
0.00061701
0.00175792
4.64247e-05
0.0930822
0.0966098
0.057253
0.0027404
0.000825834
0.00149147
3.70571e-05
0.000635496
0.00168726
4.15019e-05
0.0928897
0.0969066
0.0613192
0.00241095
0.000731064
0.00155413
3.82512e-05
0.0006711
0.00161936
0.0926909
0.0972011
0.0654029
0.00211839
0.0924856
0.0974931
0.0694672
0.00185923
0.0922734
0.0977825
0.0734754
0.00163014
0.0920531
0.0980692
0.0773919
0.00142801
0.0918225
0.0983532
0.0811838
0.00124998
0.0915745
0.0986345
0.0848215
0.00109339
0.0912902
0.098913
0.08828
0.000955842
0.0909149
0.0991889
0.0915391
0.00083516
0.0902935
0.099462
0.0945843
0.000729417
0.0889826
0.0997323
0.097406
0.000638019
0.0857169
0.1
0.1
0.000595982
0.0857107
0.0622904
0.0857039
0.0453296
0.0856966
0.0337342
0.0856887
0.0263944
0.0856801
0.0223169
0.0856709
0.0207178
0.085661
0.0210385
0.0856502
0.0229109
0.0856386
0.0261026
0.0856261
0.0304611
0.0856125
0.0358645
0.0855979
0.0421833
0.0855821
0.0492532
0.085565
0.0568644
0.0855466
0.0647662
0.0855267
0.0726877
0.0855052
0.0803666
0.085482
0.0875777
0.0854569
0.0941551
0.0854299
0.1
0.0853887
0.085343
0.0852922
0.0852356
0.0851728
0.085103
0.0850254
0.0849392
0.0848434
0.0847371
0.0846191
0.084488
0.0843427
0.0841815
0.0840027
0.0838048
0.0835845
0.0833465
0.0830535
0.0828822
END_LIST
