BEGIN_LIST
0
1.30074e-85
4.5071e-85
1.23395e-84
3.14e-84
7.77107e-84
1.90151e-83
4.6308e-83
1.1255e-82
2.73315e-82
6.63482e-82
1.61042e-81
3.90863e-81
9.48655e-81
2.30247e-80
5.58845e-80
1.35642e-79
3.29236e-79
7.99163e-79
1.93987e-78
4.70899e-78
2.09251e-77
4.84586e-78
4.97463e-77
4.98669e-78
9.92903e-77
5.13162e-78
1.82734e-76
5.28076e-78
3.21539e-76
5.43423e-78
5.50843e-76
5.59216e-78
9.28526e-76
5.75468e-78
1.5506e-75
5.92191e-78
2.57759e-75
6.094e-78
4.28008e-75
6.2711e-78
7.11807e-75
6.45363e-78
1.18804e-74
6.65404e-78
1.99316e-74
7.39791e-78
3.36519e-74
3.11155e-77
5.72281e-74
1.03548e-75
9.80821e-74
4.39072e-74
1.69462e-73
1.87432e-72
2.95149e-73
8.00174e-71
5.17969e-73
3.41621e-69
9.14899e-73
1.45855e-67
9.43929e-73
1.20599e-72
5.31821e-73
3.44876e-67
1.5297e-67
9.72251e-73
1.37809e-72
3.10386e-73
6.68267e-67
1.60182e-67
9.99707e-73
1.47287e-72
1.81854e-73
1.17522e-66
1.67439e-67
1.02614e-72
1.51748e-72
1.06948e-73
1.94884e-66
1.74683e-67
1.05138e-72
1.52959e-72
6.31227e-74
3.10483e-66
1.81845e-67
1.07529e-72
1.52074e-72
3.73856e-74
4.80308e-66
1.88848e-67
1.09773e-72
1.49842e-72
2.22157e-74
7.26324e-66
1.95602e-67
1.11856e-72
1.46755e-72
1.32428e-74
1.07855e-65
2.02008e-67
1.13766e-72
1.43135e-72
7.91752e-75
1.57788e-65
2.07955e-67
1.15493e-72
1.39192e-72
4.7469e-75
2.27978e-65
2.13313e-67
1.1703e-72
1.35064e-72
2.85339e-75
3.2594e-65
2.17928e-67
1.18367e-72
1.30844e-72
1.71933e-75
4.61833e-65
2.21599e-67
1.19502e-72
1.26592e-72
1.03831e-75
6.4939e-65
2.2404e-67
1.20429e-72
1.22348e-72
6.28318e-76
9.0717e-65
2.248e-67
1.21149e-72
1.1814e-72
3.80923e-76
1.26029e-64
2.23113e-67
1.21661e-72
1.13987e-72
2.3132e-76
1.74279e-64
2.17611e-67
1.21968e-72
1.09901e-72
1.40677e-76
2.40101e-64
2.05778e-67
1.22074e-72
1.05892e-72
8.56587e-77
3.29834e-64
1.82912e-67
1.21991e-72
1.01965e-72
5.22108e-77
4.52227e-64
1.40125e-67
1.18941e-72
9.81252e-73
3.18471e-77
6.19553e-64
6.02704e-68
1.13664e-72
1.17338e-72
1.03214e-72
4.56523e-73
1.47069e-72
2.30151e-77
6.54115e-64
5.86312e-64
5.81365e-68
1.69327e-68
1.08339e-72
1.15627e-72
1.04428e-72
2.13036e-73
1.80756e-72
1.66301e-77
6.85761e-64
5.4538e-64
5.59826e-68
4.73537e-69
1.03244e-72
1.13818e-72
1.01775e-72
9.95684e-74
2.02859e-72
1.20125e-77
7.14182e-64
4.98965e-64
5.38194e-68
1.32272e-69
9.90511e-73
1.11921e-72
9.58253e-73
4.65846e-74
2.16323e-72
8.67195e-78
7.3908e-64
4.49492e-64
5.16568e-68
3.69521e-70
9.75996e-73
1.09944e-72
8.75156e-73
2.18131e-74
2.23422e-72
6.25478e-78
7.60167e-64
3.99276e-64
4.95043e-68
1.03402e-70
1.04156e-72
1.07899e-72
7.7885e-73
1.02208e-74
2.25871e-72
4.50554e-78
7.77169e-64
3.50287e-64
4.73707e-68
2.91148e-71
1.34061e-72
1.05793e-72
6.78632e-73
4.79194e-75
2.24935e-72
3.23968e-78
7.89829e-64
3.04015e-64
4.52641e-68
8.38285e-72
2.32331e-72
1.03638e-72
5.81599e-73
2.24779e-75
2.21542e-72
2.32374e-78
7.97908e-64
2.61449e-64
4.31918e-68
2.60297e-72
5.31544e-72
1.0144e-72
4.92574e-73
1.0548e-75
2.16369e-72
1.66123e-78
8.01187e-64
2.23125e-64
4.11603e-68
9.98038e-73
1.42315e-71
9.92093e-73
4.14847e-73
4.95098e-76
2.09909e-72
1.18228e-78
7.9947e-64
1.89215e-64
3.91753e-68
5.59148e-73
4.06529e-71
9.69532e-73
3.51777e-73
2.32385e-76
2.02525e-72
8.36313e-79
7.92587e-64
1.5963e-64
3.72418e-68
4.46171e-73
1.18905e-70
9.46794e-73
3.10138e-73
1.09024e-76
1.94484e-72
5.86704e-79
7.80393e-64
1.34106e-64
3.53638e-68
4.2451e-73
3.50886e-70
9.23948e-73
3.08111e-73
5.10818e-77
1.85985e-72
4.06902e-79
7.62772e-64
1.12284e-64
3.35447e-68
4.28653e-73
1.03953e-69
9.01061e-73
3.96102e-73
2.38628e-77
1.77179e-72
2.77673e-79
7.39639e-64
9.37591e-65
3.17871e-68
4.40308e-73
3.08655e-69
8.78194e-73
7.12729e-73
1.10781e-77
1.68184e-72
1.85066e-79
7.10939e-64
7.81221e-65
3.0093e-68
4.5437e-73
9.17932e-69
8.55403e-73
1.6368e-72
5.07693e-78
1.59092e-72
1.18966e-79
6.76654e-64
6.49827e-65
2.84637e-68
4.69417e-73
2.73353e-68
8.3274e-73
4.20105e-72
2.26439e-78
1.49976e-72
7.20387e-80
6.36799e-64
5.39857e-65
2.69001e-68
4.85053e-73
8.14981e-68
8.10256e-73
1.12194e-71
9.507e-79
1.40898e-72
3.89643e-80
5.91424e-64
4.48471e-65
2.54028e-68
5.01172e-73
2.43254e-67
7.88003e-73
3.03596e-71
3.41416e-79
1.31909e-72
1.58838e-80
5.40617e-64
3.75908e-65
2.39895e-68
5.17745e-73
7.26948e-67
7.66054e-73
8.25206e-71
6.29168e-80
1.23056e-72
0
4.84504e-64
3.44687e-65
2.3308e-68
5.34764e-73
4.62169e-67
1.05395e-66
7.53271e-73
1.30264e-70
6.51606e-80
3.65108e-80
1.09822e-72
4.51792e-64
3.53915e-64
5.44997e-73
2.93688e-67
1.50298e-66
7.40593e-73
2.0538e-70
6.74838e-80
2.11876e-80
9.71395e-73
4.19431e-64
2.58396e-64
5.55361e-73
1.8657e-67
2.11928e-66
7.28025e-73
3.23604e-70
6.98907e-80
1.22953e-80
8.51083e-73
3.87764e-64
1.88584e-64
5.65866e-73
1.185e-67
2.96488e-66
7.15573e-73
5.09706e-70
7.23881e-80
7.1349e-81
7.38117e-73
3.57087e-64
1.37591e-64
5.76518e-73
7.52582e-68
4.12475e-66
7.0324e-73
8.027e-70
7.49906e-80
4.14012e-81
6.33181e-73
3.27643e-64
1.00358e-64
5.87318e-73
4.77926e-68
5.71543e-66
6.91033e-73
1.26402e-69
7.77334e-80
2.40208e-81
5.36802e-73
2.99617e-64
7.31797e-65
5.98266e-73
3.03497e-68
7.89661e-66
6.78954e-73
1.99042e-69
8.07088e-80
1.39339e-81
4.49333e-73
2.73144e-64
5.33452e-65
6.09362e-73
1.92728e-68
1.08871e-65
6.67007e-73
3.13425e-69
8.41673e-80
8.07975e-82
3.7095e-73
2.4831e-64
3.88718e-65
6.20604e-73
1.22387e-68
1.49871e-65
6.55196e-73
4.93547e-69
8.87975e-80
4.68226e-82
3.01643e-73
2.25157e-64
2.83117e-65
6.31993e-73
7.77192e-69
2.06075e-65
6.43524e-73
9.64999e-80
2.71058e-82
2.41227e-73
2.03691e-64
1.12531e-79
1.56643e-82
1.89347e-73
1.8389e-64
1.51441e-79
9.02607e-83
1.45505e-73
1.65705e-64
2.53515e-79
5.17565e-83
1.09085e-73
1.49069e-64
5.30299e-79
2.94335e-83
7.93834e-74
1.33906e-64
1.29068e-78
1.6502e-83
5.56454e-74
1.20127e-64
3.3901e-78
9.02115e-84
3.70938e-74
1.0764e-64
9.19759e-78
4.70318e-84
2.29599e-74
9.63519e-65
2.52743e-77
2.22032e-84
1.25093e-74
8.61738e-65
6.97936e-77
8.01734e-85
5.06064e-75
7.71411e-65
1.93099e-76
0
0
7.29307e-65
1.96903e-76
1.10338e-75
2.00781e-76
1.76787e-75
2.04736e-76
2.22085e-75
2.08768e-76
2.51374e-75
2.1288e-76
2.6974e-75
2.17073e-76
2.81022e-75
2.21348e-76
2.87469e-75
2.25707e-76
2.89932e-75
2.30152e-76
2.8828e-75
2.34685e-76
2.81862e-75
2.39306e-76
2.69912e-75
2.44019e-76
2.51918e-75
2.48824e-76
2.27877e-75
2.53723e-76
1.98434e-75
2.58719e-76
1.64871e-75
2.63813e-76
1.28948e-75
2.69007e-76
9.26693e-76
2.74303e-76
5.80093e-76
2.79705e-76
2.66858e-76
2.85184e-76
0
2.92997e-76
3.01024e-76
3.0927e-76
3.17741e-76
3.26443e-76
3.35382e-76
3.44564e-76
3.53996e-76
3.63684e-76
3.73635e-76
3.83855e-76
3.94352e-76
4.05134e-76
4.16205e-76
4.27578e-76
4.39242e-76
4.51284e-76
4.63352e-76
4.77105e-76
4.84931e-76
END_LIST
