BEGIN_LIST
0
1.95009e-78
6.7571e-78
1.84995e-77
4.70748e-77
1.16503e-76
2.8507e-76
6.94233e-76
1.6873e-75
4.09738e-75
9.9465e-75
2.41422e-74
5.85949e-74
1.42213e-73
3.45163e-73
8.37758e-73
2.03338e-72
4.93548e-72
1.198e-71
2.90797e-71
7.05899e-71
3.13673e-70
7.26417e-71
7.45705e-70
7.47532e-71
1.48836e-69
7.69261e-71
2.73914e-69
7.91621e-71
4.81972e-69
8.1463e-71
8.25674e-69
8.38309e-71
1.39177e-68
8.62674e-71
2.32417e-68
8.87748e-71
3.86345e-68
9.1355e-71
6.41517e-68
9.40101e-71
1.06688e-67
9.67431e-71
1.78066e-67
9.95888e-71
2.98738e-67
1.03944e-70
5.04382e-67
1.6934e-70
8.57749e-67
2.83735e-69
1.47009e-66
1.16614e-67
2.53996e-66
4.9741e-66
4.42383e-66
2.12342e-64
7.7636e-66
9.06534e-63
1.37131e-65
3.87033e-61
1.41482e-65
1.80762e-65
7.97125e-66
9.1505e-61
4.05952e-61
1.45727e-65
2.06558e-65
4.65224e-66
1.77273e-60
4.25128e-61
1.49842e-65
2.20764e-65
2.72572e-66
3.11665e-60
4.44428e-61
1.53803e-65
2.27451e-65
1.60298e-66
5.16639e-60
4.63697e-61
1.57586e-65
2.29267e-65
9.46105e-67
8.22726e-60
4.82753e-61
1.6117e-65
2.2794e-65
5.60345e-67
1.27207e-59
5.01388e-61
1.64533e-65
2.24595e-65
3.32974e-67
1.92249e-59
5.19367e-61
1.67654e-65
2.19969e-65
1.98485e-67
2.8529e-59
5.36425e-61
1.70517e-65
2.14543e-65
1.18668e-67
4.17062e-59
5.52265e-61
1.73106e-65
2.08632e-65
7.11463e-68
6.02109e-59
5.66545e-61
1.75408e-65
2.02446e-65
4.27661e-68
8.60101e-59
5.78853e-61
1.77413e-65
1.9612e-65
2.57688e-68
1.2176e-58
5.88655e-61
1.79113e-65
1.89747e-65
1.55618e-68
1.71048e-58
5.95189e-61
1.80503e-65
1.83386e-65
9.41691e-69
2.38715e-58
5.97256e-61
1.81581e-65
1.77079e-65
5.70903e-69
3.31308e-58
5.9282e-61
1.82348e-65
1.70854e-65
3.46684e-69
4.57698e-58
5.78242e-61
1.82808e-65
1.64731e-65
2.10833e-69
6.2995e-58
5.46832e-61
1.82966e-65
1.58721e-65
1.28376e-69
8.64568e-58
4.86094e-61
1.82841e-65
1.52835e-65
7.82471e-70
1.18434e-57
3.72402e-61
1.78255e-65
1.4708e-65
4.7728e-70
1.62124e-57
1.60186e-61
1.70271e-65
1.75853e-65
1.54707e-65
6.8428e-66
2.20443e-65
3.44915e-70
1.71148e-57
1.53418e-57
1.54519e-61
4.50078e-62
1.62078e-65
1.73289e-65
1.56526e-65
3.19319e-66
2.70937e-65
2.49226e-70
1.79409e-57
1.427e-57
1.48798e-61
1.25899e-62
1.53831e-65
1.70578e-65
1.52547e-65
1.49242e-66
3.04067e-65
1.80022e-70
1.86826e-57
1.30549e-57
1.43053e-61
3.51958e-63
1.45781e-65
1.67734e-65
1.43628e-65
6.98253e-67
3.24248e-65
1.29959e-70
1.93323e-57
1.17598e-57
1.37309e-61
9.86105e-64
1.38478e-65
1.64771e-65
1.3117e-65
3.26953e-67
3.3489e-65
9.37343e-71
1.98823e-57
1.04455e-57
1.31591e-61
2.78864e-64
1.33358e-65
1.61706e-65
1.16727e-65
1.53198e-67
3.38561e-65
6.75195e-71
2.03255e-57
9.16345e-58
1.25923e-61
8.15315e-65
1.34479e-65
1.58551e-65
1.01687e-65
7.18256e-68
3.37158e-65
4.85491e-71
2.06553e-57
7.95258e-58
1.20327e-61
2.65626e-65
1.53636e-65
1.5532e-65
8.70968e-66
3.36916e-68
3.32073e-65
3.48228e-71
2.08653e-57
6.83877e-58
1.14822e-61
1.13452e-65
2.25473e-65
1.52026e-65
7.36339e-66
1.58102e-68
3.24319e-65
2.48945e-71
2.09499e-57
5.83602e-58
1.09424e-61
7.23105e-66
4.52208e-65
1.48683e-65
6.16707e-66
7.42089e-69
3.14638e-65
1.77169e-71
2.09039e-57
4.94883e-58
1.0415e-61
6.22166e-66
1.1362e-64
1.45302e-65
5.13877e-66
3.48314e-69
3.0357e-65
1.25324e-71
2.0723e-57
4.17483e-58
9.90129e-62
6.08364e-66
3.17358e-64
1.41894e-65
4.29297e-66
1.63412e-69
2.91517e-65
8.79191e-72
2.04033e-57
3.50713e-58
9.40227e-62
6.1934e-66
9.22462e-64
1.3847e-65
3.66695e-66
7.65645e-70
2.78778e-65
6.0975e-72
1.99418e-57
2.93629e-58
8.91889e-62
6.37684e-66
2.71982e-63
1.3504e-65
3.37884e-66
3.57669e-70
2.6558e-65
4.16095e-72
1.93363e-57
2.45172e-58
8.45184e-62
6.58543e-66
8.06368e-63
1.31612e-65
3.77608e-66
1.66044e-70
2.52097e-65
2.77321e-72
1.85854e-57
2.04272e-58
8.00164e-62
6.80565e-66
2.39705e-62
1.28197e-65
5.8332e-66
7.60957e-71
2.38468e-65
1.7827e-72
1.76886e-57
1.69907e-58
7.56865e-62
7.0338e-66
7.13736e-62
1.248e-65
1.22319e-65
3.39397e-71
2.24804e-65
1.07949e-72
1.66463e-57
1.41146e-58
7.15309e-62
7.26889e-66
2.12791e-61
1.2143e-65
3.03022e-65
1.42495e-71
2.11197e-65
5.83876e-73
1.54597e-57
1.17247e-58
6.75515e-62
7.51067e-66
6.35141e-61
1.18095e-65
8.00404e-65
5.11729e-72
1.97725e-65
2.38017e-73
1.41313e-57
9.82709e-59
6.3795e-62
7.7591e-66
1.89811e-60
1.14806e-65
2.1597e-64
9.43022e-73
1.84455e-65
0
1.26642e-57
9.01068e-59
6.19838e-62
8.01419e-66
1.20671e-60
2.75199e-60
1.1289e-65
3.40476e-64
9.76656e-73
5.47237e-73
1.64617e-65
1.18089e-57
9.25028e-58
8.16755e-66
7.66776e-61
3.92459e-60
1.1099e-65
5.36415e-64
1.01149e-72
3.17567e-73
1.45607e-65
1.09628e-57
6.75328e-58
8.32288e-66
4.87087e-61
5.5341e-60
1.09106e-65
8.44852e-64
1.04759e-72
1.84287e-73
1.27573e-65
1.01349e-57
4.92843e-58
8.48033e-66
3.09362e-61
7.74254e-60
1.0724e-65
1.33043e-63
1.0851e-72
1.0694e-73
1.10641e-65
9.33295e-58
3.59556e-58
8.63997e-66
1.96464e-61
1.0772e-59
1.05392e-65
2.09499e-63
1.12434e-72
6.20532e-74
9.49113e-66
8.56319e-58
2.62242e-58
8.80182e-66
1.24759e-61
1.49269e-59
1.03562e-65
3.29887e-63
1.16607e-72
3.6003e-74
8.04645e-66
7.83055e-58
1.91212e-58
8.96591e-66
7.92223e-62
2.06246e-59
1.01752e-65
5.1946e-63
1.21241e-72
2.08844e-74
6.73533e-66
7.13852e-58
1.39378e-58
9.1322e-66
5.0306e-62
2.84369e-59
9.99615e-66
8.17991e-63
1.26908e-72
1.21101e-74
5.56041e-66
6.48934e-58
1.01556e-58
9.3007e-66
3.19442e-62
3.91481e-59
9.81914e-66
1.28812e-62
1.35184e-72
7.01785e-75
4.52153e-66
5.88414e-58
7.39626e-59
9.47138e-66
2.02847e-62
5.38325e-59
9.6442e-66
1.50429e-72
4.06265e-75
3.61592e-66
5.32306e-58
1.84704e-72
2.34779e-75
2.83825e-66
4.80549e-58
2.71396e-72
1.35283e-75
2.18107e-66
4.33017e-58
5.02948e-72
7.75728e-76
1.63515e-66
3.89538e-58
1.13534e-71
4.4115e-76
1.18994e-66
3.49906e-58
2.87744e-71
2.47333e-76
8.3411e-67
3.13893e-58
7.69232e-71
1.35209e-76
5.56026e-67
2.81259e-58
2.10166e-70
7.0491e-77
3.44163e-67
2.51758e-58
5.79073e-70
3.32781e-77
1.87511e-67
2.25159e-58
1.60069e-69
1.20163e-77
7.58578e-68
2.01553e-58
4.43035e-69
0
0
1.90551e-58
4.51761e-69
2.53199e-68
4.6066e-69
4.05689e-68
4.69733e-69
5.09642e-68
4.78985e-69
5.76858e-68
4.88419e-69
6.19004e-68
4.98039e-69
6.44896e-68
5.07848e-69
6.59692e-68
5.1785e-69
6.65343e-68
5.28049e-69
6.61554e-68
5.38448e-69
6.46824e-68
5.49052e-69
6.19402e-68
5.59864e-69
5.78109e-68
5.70889e-69
5.22938e-68
5.82131e-69
4.55373e-68
5.93593e-69
3.7835e-68
6.05281e-69
2.95915e-68
6.17198e-69
2.1266e-68
6.29349e-69
1.33122e-68
6.41743e-69
6.12393e-69
6.54314e-69
0
6.72241e-69
6.90658e-69
7.09578e-69
7.29014e-69
7.48979e-69
7.69489e-69
7.90556e-69
8.12197e-69
8.34425e-69
8.57256e-69
8.80707e-69
9.04792e-69
9.29529e-69
9.54931e-69
9.81025e-69
1.00779e-68
1.03542e-68
1.06311e-68
1.09466e-68
1.11262e-68
END_LIST
