BEGIN_LIST
0.1
0.0995255
0.0990351
0.0985285
0.0980054
0.0974655
0.0969086
0.0963343
0.0957425
0.0951329
0.0945052
0.0938592
0.0931945
0.0925106
0.0918062
0.0910785
0.0903207
0.0895161
0.0886234
0.0875409
0.0860179
0.0808995
0.0857927
0.0757427
0.0855356
0.0705974
0.0852424
0.0655127
0.0849083
0.060534
0.0845284
0.0557027
0.0840969
0.0510541
0.0836077
0.0466176
0.0830542
0.0424155
0.0824291
0.0384642
0.0817248
0.0347735
0.0809333
0.0313481
0.0800463
0.0281884
0.0790555
0.0252922
0.0779524
0.0226573
0.0767291
0.0202862
0.075378
0.0181951
0.0738925
0.0164337
0.0722616
0.0151257
0.0702979
0.0145592
0.0624702
0.013598
0.014832
0.0152985
0.0583214
0.0576278
0.0126879
0.015224
0.016415
0.0544186
0.0529819
0.011828
0.0156966
0.0177829
0.0507513
0.0485552
0.0110167
0.016226
0.0193403
0.0473085
0.0443644
0.0102528
0.0167981
0.0210578
0.0440796
0.0404209
0.0095345
0.0174041
0.022922
0.0410539
0.0367309
0.00886019
0.0180389
0.0249272
0.0382209
0.0332962
0.00822803
0.0186994
0.0270709
0.0355702
0.0301144
0.00763617
0.019384
0.0293519
0.0330919
0.0271797
0.00708271
0.0200917
0.0317684
0.0307759
0.0244836
0.00656576
0.0208219
0.0343177
0.0286126
0.0220148
0.00608341
0.0215746
0.0369956
0.0265919
0.0197599
0.00563382
0.0223497
0.039796
0.0247033
0.0177024
0.00521513
0.0231472
0.0427109
0.0229346
0.0158211
0.00482556
0.0239673
0.0457301
0.0212695
0.0140855
0.00446337
0.0248101
0.0488417
0.0196831
0.0124451
0.00412689
0.0256756
0.0520314
0.0181323
0.0108066
0.00381451
0.026564
0.0552833
0.0165347
0.00898284
0.00352595
0.0274752
0.0585798
0.0147267
0.00658017
0.00312147
0.0284095
0.0619021
0.012374
0.00275076
0.00277692
0.00291357
0.0218329
0.0384107
0.0211127
0.0641396
0.0120264
0.00991117
0.00253515
0.000813681
0.00246878
0.002719
0.016545
0.0441148
0.0161659
0.0663707
0.0116736
0.00790191
0.00233591
0.000290174
0.00219354
0.00253697
0.0124002
0.0480252
0.0128684
0.0685905
0.0113152
0.00627648
0.00215187
0.000152566
0.00194796
0.00236674
0.00921517
0.0511895
0.0107273
0.0707935
0.0109507
0.00497046
0.00198194
0.000120522
0.00172908
0.0022076
0.0068042
0.0540443
0.00939905
0.0729742
0.0105797
0.00392677
0.0018251
0.000117652
0.00153415
0.00205885
0.0049998
0.0567686
0.00864515
0.0751272
0.0102017
0.00309633
0.0016804
0.000123168
0.00136069
0.00191987
0.00366073
0.0594312
0.00830108
0.0772472
0.00981624
0.00243782
0.00154693
0.000131437
0.00120645
0.00179005
0.00267321
0.0620549
0.00825388
0.0793291
0.0094228
0.00191707
0.00142386
0.000140956
0.00106938
0.00166881
0.00194828
0.0646425
0.00842647
0.0813681
0.00902084
0.00150613
0.00131041
0.000151355
0.000947639
0.00155561
0.00141792
0.0671888
0.00876663
0.0833597
0.00860981
0.0011824
0.00120585
0.000162572
0.000839562
0.00144994
0.00103086
0.0696856
0.00923939
0.0852999
0.0081891
0.000927716
0.00110952
0.000174633
0.000743655
0.00135132
0.000748895
0.0721236
0.00982173
0.087185
0.00775811
0.000727553
0.00102077
0.00018759
0.000658572
0.0012593
0.000543752
0.074494
0.0104989
0.0890119
0.00731619
0.000570372
0.000939041
0.000201507
0.000583092
0.00117344
0.000394646
0.0767887
0.011262
0.0907777
0.00686267
0.000447021
0.000863777
0.000216454
0.000516072
0.00109336
0.000286346
0.0790004
0.012106
0.0924804
0.00639684
0.000350269
0.000794483
0.000232506
0.000456337
0.00101866
0.000207727
0.0811232
0.0130288
0.0941181
0.00591796
0.000274413
0.000730694
0.000249745
0.000402368
0.000949017
0.000150686
0.0831521
0.0140301
0.0956896
0.00542525
0.000214975
0.000671981
0.000268257
0.000351359
0.0008841
0.000109341
0.0850835
0.0151112
0.0971939
0.00491789
0.000168567
0.00061796
0.000288136
0.000296364
0.000823659
7.94644e-05
0.0869151
0.016274
0.0986307
0.00439505
0.000133674
0.00056877
0.000309483
0.000217548
0.000767621
5.81304e-05
0.0886454
0.0175212
0.1
0.00385581
0.000119084
0.000545463
0.000332404
0.000135197
0.000211047
0.000736282
5.00135e-05
0.0880846
0.0892124
0.0195814
0.00338287
0.00271081
0.000346766
8.48636e-05
0.000205301
0.00070621
4.30371e-05
0.087511
0.0897875
0.0218615
0.00296508
0.0019177
0.000361672
5.42419e-05
0.000200516
0.000677356
3.70455e-05
0.0869244
0.0903658
0.0243722
0.00259669
0.00136883
0.000377178
3.57777e-05
0.000196991
0.00064967
3.19075e-05
0.0863249
0.0909449
0.027124
0.00227238
0.00098949
0.000393327
2.48371e-05
0.000195166
0.000623107
2.75138e-05
0.0857124
0.0915236
0.0301267
0.00198726
0.000727818
0.000410156
1.85828e-05
0.000195674
0.000597621
2.37768e-05
0.0850869
0.0921012
0.0333877
0.00173693
0.000547826
0.000427696
1.52824e-05
0.000199437
0.00057317
2.06314e-05
0.0844485
0.0926775
0.0369119
0.00151736
0.000424553
0.00044598
1.38844e-05
0.000207785
0.000549712
1.80384e-05
0.0837971
0.0932522
0.0407004
0.00132496
0.000340681
0.000465039
1.3757e-05
0.00022264
0.000527208
1.59913e-05
0.0831328
0.0938253
0.0447498
0.00115651
0.000284198
0.000484907
1.45289e-05
0.000246776
0.000505618
0.0824556
0.0943966
0.0490517
0.00100914
0.0817655
0.094966
0.0535917
0.000880284
0.0810624
0.0955336
0.0583496
0.000767684
0.0803456
0.0960993
0.0632988
0.000669336
0.0796132
0.096663
0.0684068
0.000583472
0.0788593
0.0972246
0.0736355
0.000508536
0.0780668
0.0977841
0.0789421
0.000443157
0.0771866
0.0983415
0.0842803
0.000386134
0.0760782
0.0988966
0.0896018
0.000336427
0.074339
0.0994495
0.0948575
0.000293644
0.0708194
0.1
0.1
0.000274004
0.0706242
0.0480189
0.0704143
0.032603
0.0701889
0.0226584
0.069947
0.0166061
0.0696874
0.0132751
0.0694092
0.0118681
0.0691111
0.0118826
0.068792
0.0130299
0.0684507
0.0151693
0.068086
0.0182587
0.0676965
0.0223162
0.0672809
0.02739
0.066838
0.0335295
0.0663665
0.0407582
0.065865
0.049047
0.0653323
0.0582924
0.0647671
0.0683056
0.0641681
0.0788164
0.0635343
0.0894971
0.0628625
0.1
0.0618717
0.0608077
0.0596687
0.0584536
0.0571623
0.0557951
0.0543537
0.0528404
0.0512589
0.0496136
0.0479103
0.0461557
0.0443572
0.0425235
0.0406632
0.0387874
0.0368984
0.0350451
0.0330347
0.0319296
END_LIST
