BEGIN_LIST
0.1
0.0990688
0.0981159
0.0971415
0.0961459
0.0951294
0.0940922
0.0930347
0.0919574
0.0908607
0.089745
0.0886109
0.0874587
0.0862887
0.0851003
0.0838911
0.0826545
0.0813723
0.0799985
0.0784174
0.0763409
0.0702914
0.0754239
0.0644623
0.0744001
0.0588916
0.0732619
0.0536089
0.0720019
0.0486357
0.0706139
0.0439853
0.0690927
0.0396639
0.0674346
0.0356712
0.065638
0.0320018
0.0637038
0.0286456
0.0616352
0.0255895
0.0594385
0.0228181
0.057123
0.0203145
0.054701
0.0180619
0.0521876
0.016045
0.0496007
0.0142525
0.0469598
0.0126825
0.0442863
0.0113529
0.0415994
0.0103255
0.0388351
0.00975678
0.0332954
0.00905455
0.00998138
0.0101073
0.0309293
0.0299948
0.00839795
0.0102806
0.010805
0.0287249
0.0269743
0.0077847
0.0106315
0.0117255
0.0266721
0.0242195
0.00721255
0.0110202
0.0128099
0.024761
0.0217148
0.00667927
0.0114385
0.014032
0.0229828
0.0194437
0.00618269
0.0118814
0.0153824
0.0213286
0.0173896
0.00572067
0.0123463
0.0168597
0.0197903
0.015536
0.00529115
0.0128315
0.0184669
0.0183603
0.0138666
0.00489214
0.0133365
0.0202088
0.0170311
0.0123659
0.00452174
0.0138609
0.0220907
0.015796
0.0110188
0.00417809
0.0144049
0.0241183
0.0146482
0.00981107
0.00385947
0.0149686
0.0262965
0.0135814
0.00872886
0.00356422
0.0155524
0.0286297
0.0125888
0.00775856
0.00329075
0.0161567
0.0311211
0.0116633
0.00688577
0.00303757
0.016782
0.0337723
0.0107955
0.00609317
0.0028033
0.0174288
0.0365837
0.00997215
0.00535607
0.00258659
0.0180974
0.0395535
0.0091702
0.00463234
0.0023862
0.0187885
0.0426779
0.00834681
0.00384053
0.00220182
0.0195024
0.0459508
0.00741692
0.00281154
0.00194408
0.0202397
0.0493637
0.00620696
0.00118206
0.0017246
0.00181214
0.0151706
0.027656
0.0150735
0.0517334
0.00603238
0.0049016
0.00108734
0.000361045
0.00152937
0.001689
0.0112746
0.0320843
0.0115987
0.0541531
0.00585521
0.00386369
0.00100013
0.000140168
0.00135582
0.00157407
0.00832512
0.0353413
0.0093031
0.0566196
0.00567526
0.00304115
0.000919846
8.30846e-05
0.00120163
0.00146683
0.00611753
0.0381719
0.0078308
0.0591287
0.00549229
0.00239098
0.000845947
7.08663e-05
0.00106471
0.00136679
0.00447918
0.040881
0.00693559
0.0616756
0.0053061
0.00187811
0.000777935
7.11215e-05
0.000943192
0.00127348
0.00327091
0.0435914
0.00644791
0.0642548
0.00511643
0.00147421
0.000715349
7.50418e-05
0.000835381
0.00118645
0.00238392
0.0463496
0.00625149
0.0668603
0.00492306
0.00115652
0.000657762
8.02467e-05
0.000739766
0.0011053
0.00173497
0.0491697
0.00626698
0.0694857
0.00472571
0.000906898
0.000604782
8.61088e-05
0.000654995
0.00102964
0.00126137
0.0520518
0.00644056
0.0721243
0.00452412
0.000710907
0.000556043
9.24799e-05
0.00057986
0.000959096
0.000916354
0.0549892
0.00673613
0.074769
0.00431801
0.000557121
0.000511211
9.9344e-05
0.000513282
0.000893341
0.000665339
0.0579719
0.00712978
0.0774127
0.00410708
0.00043651
0.000469975
0.000106723
0.000454298
0.000832053
0.000482891
0.0609882
0.00760613
0.0800481
0.00389102
0.000341954
0.00043205
0.000114651
0.000402047
0.000774934
0.000350371
0.064025
0.00815567
0.0826681
0.00366951
0.000267845
0.000397172
0.000123168
0.000355753
0.000721704
0.000254166
0.0670687
0.00877303
0.0852654
0.0034422
0.000209775
0.000365099
0.000132316
0.000314695
0.000672104
0.000184349
0.0701054
0.00945574
0.087833
0.00320875
0.000164283
0.000335607
0.000142143
0.000278138
0.000625891
0.000133699
0.073121
0.0102034
0.0903641
0.00296878
0.000128649
0.000308489
0.000152699
0.000245139
0.000582839
9.6967e-05
0.0761015
0.0110171
0.0928523
0.0027219
0.000100748
0.000283556
0.000164037
0.000213974
0.000542744
7.03512e-05
0.0790335
0.0118989
0.0952913
0.0024677
7.8977e-05
0.000260638
0.000176215
0.000180385
0.000505446
5.11229e-05
0.0819044
0.0128519
0.0976757
0.00220576
6.26146e-05
0.000239786
0.000189296
0.000132223
0.00047089
3.73947e-05
0.0847024
0.0138795
0.1
0.00193562
5.57741e-05
0.00022991
0.000203345
8.22215e-05
0.00012814
0.000451575
3.21719e-05
0.0837599
0.0855946
0.0155893
0.00169001
0.00136445
0.00021215
5.16722e-05
0.000124463
0.000433048
2.7683e-05
0.0828056
0.0864203
0.0175014
0.00147501
0.000969058
0.00022129
3.30989e-05
0.000121294
0.000415278
2.38276e-05
0.0818399
0.0872094
0.0196314
0.00128695
0.000695635
0.000230801
2.19126e-05
0.000118781
0.000398234
2.05209e-05
0.0808632
0.0879785
0.0219963
0.00112254
0.000506848
0.000240708
1.52996e-05
0.000117142
0.000381887
1.76925e-05
0.0798761
0.0887369
0.0246141
0.000978884
0.000376799
0.000251033
1.15373e-05
0.000116693
0.000366208
1.52853e-05
0.0788789
0.0894899
0.0275024
0.000853429
0.000287525
0.000261798
9.57456e-06
0.000117891
0.00035117
1.32566e-05
0.0778722
0.0902402
0.0306787
0.00074391
0.000226565
0.000273021
8.77368e-06
0.000121399
0.000336747
1.15801e-05
0.0768566
0.0909894
0.0341587
0.000648337
0.000185281
0.000284724
8.75216e-06
0.000128176
0.000322915
1.02492e-05
0.0758324
0.0917384
0.0379565
0.00056496
0.000157678
0.000296926
9.28577e-06
0.000139603
0.000309649
0.0748004
0.0924876
0.0420829
0.000492244
0.0737609
0.0932372
0.0465452
0.000428839
0.0727143
0.0939873
0.0513456
0.000373566
0.0716607
0.0947379
0.0564807
0.000325389
0.0705988
0.0954889
0.0619406
0.000283405
0.069524
0.0962402
0.067708
0.000246822
0.0684221
0.0969919
0.0737577
0.000214949
0.0672507
0.0977438
0.0800564
0.000187184
0.0658867
0.0984959
0.0865631
0.000163006
0.0639753
0.099248
0.0932292
0.000142214
0.0604944
0.1
0.1
0.000132673
0.0598862
0.0399043
0.0592431
0.0264668
0.0585644
0.0180259
0.0578491
0.0129828
0.0570968
0.0102389
0.0563069
0.00908461
0.055479
0.00909001
0.0546133
0.0100187
0.0537096
0.0117668
0.0527685
0.014322
0.0517905
0.0177351
0.0507764
0.0220995
0.0497274
0.0275325
0.048645
0.0341562
0.0475307
0.0420736
0.0463866
0.0513421
0.0452149
0.061944
0.0440179
0.0737607
0.0427989
0.0865598
0.0415506
0.1
0.0398051
0.0380371
0.0362555
0.0344699
0.0326897
0.0309242
0.0291821
0.0274719
0.0258012
0.0241769
0.0226049
0.0210905
0.0196375
0.0182493
0.0169278
0.0156753
0.0144885
0.0133871
0.0122662
0.0116687
END_LIST
