BEGIN_LIST
0.1
0.0999331
0.0998633
0.0997906
0.0997147
0.0996356
0.0995532
0.0994673
0.0993778
0.0992845
0.0991873
0.0990859
0.0989802
0.0988698
0.0987539
0.098631
0.0984975
0.0983449
0.0981519
0.0978663
0.0973585
0.095325
0.0973569
0.0930757
0.0973551
0.0906052
0.097353
0.0879124
0.0973507
0.0850008
0.0973479
0.0818791
0.0973448
0.0785619
0.0973412
0.0750692
0.0973371
0.0714268
0.0973323
0.0676652
0.0973269
0.0638195
0.0973207
0.0599286
0.0973135
0.0560355
0.0973053
0.0521885
0.0972959
0.0484456
0.0972851
0.0448859
0.0972728
0.0416331
0.0972586
0.0389074
0.0972395
0.037134
0.0971008
0.0371699
0.0919847
0.0357282
0.0366879
0.0411514
0.087657
0.0902862
0.0342819
0.0367602
0.0445571
0.0834156
0.0884133
0.0328362
0.0371815
0.0476864
0.0792706
0.0863602
0.0313964
0.0378236
0.0506836
0.0752311
0.084124
0.0299676
0.0386068
0.0536138
0.0713053
0.0817047
0.0285546
0.039481
0.0565014
0.0674998
0.0791058
0.0271623
0.0404147
0.0593509
0.0638202
0.0763347
0.0257951
0.0413881
0.0621561
0.060271
0.0734025
0.0244569
0.0423884
0.0649064
0.0568552
0.0703235
0.0231514
0.0434072
0.0675892
0.0535747
0.0671148
0.021882
0.0444392
0.0701919
0.0504301
0.0637941
0.0206513
0.0454803
0.0727028
0.0474198
0.0603765
0.0194619
0.0465279
0.0751114
0.0445399
0.0568682
0.0183155
0.0475798
0.077409
0.0417819
0.0532551
0.0172137
0.0486343
0.0795889
0.0391291
0.0494793
0.0161576
0.04969
0.0816462
0.0365487
0.0453937
0.0151478
0.0507456
0.083578
0.0339757
0.0406694
0.0141846
0.0517998
0.0853831
0.0312797
0.0346048
0.0132706
0.0528516
0.0870621
0.0281958
0.025726
0.0119681
0.0538997
0.0886171
0.0241831
0.0109134
0.0108596
0.0112779
0.0458175
0.0690644
0.0409806
0.0895911
0.0235166
0.0208141
0.0102249
0.00327091
0.00982962
0.0106199
0.0379055
0.0765529
0.032033
0.0905118
0.0228398
0.0176587
0.00956791
0.00119701
0.0088772
0.00999333
0.03058
0.0805916
0.0259589
0.0913807
0.0221521
0.0147871
0.00894246
0.000652945
0.00800039
0.00939758
0.0241266
0.0830574
0.0219505
0.0921994
0.0214526
0.0122399
0.00834848
0.000528565
0.00719643
0.00883186
0.0186786
0.0847823
0.0194229
0.0929696
0.0207405
0.0100302
0.00778562
0.000520495
0.00646201
0.00829529
0.0142388
0.0861356
0.017958
0.0936933
0.0200149
0.00814942
0.00725337
0.000546055
0.00579337
0.00778698
0.0107215
0.0872818
0.0172597
0.0943722
0.0192749
0.00657411
0.00675107
0.000582821
0.00518646
0.00730596
0.00799608
0.0882954
0.0171202
0.0950084
0.0185195
0.00527203
0.00627792
0.000624822
0.00463711
0.00685123
0.00592004
0.0892114
0.017394
0.0956038
0.0177477
0.00420744
0.00583301
0.000670583
0.00414108
0.00642177
0.00435893
0.0900471
0.0179801
0.0961603
0.0169585
0.00334469
0.00541535
0.000719869
0.00369422
0.00601657
0.00319631
0.0908125
0.0188086
0.0966799
0.0161507
0.00265047
0.00502386
0.000772792
0.00329243
0.00563457
0.00233666
0.0915141
0.0198311
0.0971646
0.0153231
0.00209505
0.00465744
0.000829574
0.00293179
0.00527475
0.0017044
0.092157
0.0210144
0.0976162
0.0144747
0.00165269
0.00431495
0.000890477
0.00260847
0.00493608
0.00124118
0.0927455
0.0223357
0.0980366
0.013604
0.00130166
0.00399523
0.000955789
0.00231866
0.00461754
0.00090277
0.0932836
0.0237793
0.0984276
0.0127098
0.00102389
0.00369711
0.00102582
0.00205806
0.00431815
0.000656072
0.093775
0.0253342
0.0987909
0.0117906
0.000804606
0.00341944
0.00110089
0.00182049
0.00403696
0.000476534
0.0942231
0.0269926
0.0991282
0.0108451
0.000631846
0.00316108
0.00118137
0.00159351
0.00377308
0.00034611
0.0946314
0.0287489
0.0994411
0.00987154
0.00049639
0.00292098
0.00126762
0.0013451
0.00352584
0.000251716
0.0950029
0.0305983
0.0997312
0.00886845
0.000394241
0.00270047
0.00136003
0.000983053
0.00329521
0.000184239
0.0953406
0.032537
0.1
0.0078341
0.000351473
0.00259558
0.00145903
0.000609139
0.000950767
0.0031657
0.000158557
0.0952362
0.0954829
0.0356427
0.00705625
0.00560321
0.00152094
0.000380057
0.00092065
0.00304104
0.000136484
0.0951282
0.0956809
0.0389386
0.00633344
0.00405911
0.00158509
0.000240208
0.000893085
0.00292107
0.000117535
0.0950165
0.0959085
0.0424056
0.00566636
0.00299292
0.00165173
0.000155371
0.00086864
0.00280562
0.000101303
0.0949009
0.0961511
0.0460223
0.00505457
0.00225909
0.00172102
0.000104522
0.000848156
0.00269455
8.74555e-05
0.0947814
0.0964008
0.0497638
0.00449671
0.00175638
0.0017931
7.47618e-05
0.000832864
0.0025877
7.57347e-05
0.0946578
0.0966532
0.053602
0.00399065
0.00141438
0.0018681
5.81971e-05
0.000824555
0.00248492
6.59651e-05
0.09453
0.0969059
0.0575059
0.00353375
0.00118419
0.00194613
5.00172e-05
0.000825827
0.00238608
5.80719e-05
0.0943979
0.0971576
0.0614415
0.00312296
0.00103188
0.00202732
4.73118e-05
0.000840443
0.00229103
5.21144e-05
0.0942613
0.0974077
0.0653738
0.00275503
0.000933877
0.00211178
4.83457e-05
0.000873842
0.00219964
0.09412
0.0976556
0.0692672
0.00242661
0.0939739
0.0979012
0.0730866
0.00213433
0.0938225
0.0981444
0.0767992
0.00187491
0.0936649
0.0983851
0.080375
0.0016452
0.0934986
0.0986233
0.0837879
0.00144222
0.093317
0.098859
0.0870166
0.00126319
0.0931014
0.0990922
0.0900446
0.00110555
0.0927983
0.0993229
0.0928609
0.000966942
0.0922552
0.0995511
0.0954591
0.000845259
0.0910362
0.0997768
0.0978379
0.000739922
0.0878961
0.1
0.1
0.000691441
0.0878937
0.0650646
0.0878911
0.0483191
0.0878883
0.036726
0.0878854
0.0293244
0.0878821
0.0252163
0.0878786
0.0236621
0.0878749
0.0241131
0.0878708
0.0261896
0.0878664
0.0296333
0.0878617
0.0342542
0.0878566
0.0398845
0.0878511
0.0463435
0.0878451
0.0534186
0.0878387
0.0608631
0.0878317
0.0684098
0.0878242
0.0757966
0.0878161
0.0827931
0.0878073
0.0892232
0.0877979
0.094975
0.0877876
0.1
0.0877721
0.0877548
0.0877356
0.0877142
0.0876904
0.087664
0.0876346
0.0876018
0.0875654
0.0875249
0.0874798
0.0874298
0.0873741
0.0873121
0.0872433
0.0871668
0.0870814
0.0869888
0.0868743
0.0868071
END_LIST
