BEGIN_LIST
0.1
0.0999262
0.0998492
0.0997689
0.0996853
0.0995981
0.0995072
0.0994125
0.0993138
0.099211
0.0991039
0.0989923
0.0988759
0.0987544
0.0986269
0.0984919
0.0983455
0.0981789
0.0979697
0.0976631
0.0971234
0.0949733
0.0971214
0.0926027
0.097119
0.090008
0.0971163
0.0871903
0.0971132
0.0841556
0.0971096
0.0809154
0.0971056
0.0774869
0.0971009
0.0738931
0.0970955
0.0701621
0.0970893
0.0663267
0.0970822
0.0624235
0.0970741
0.0584924
0.0970648
0.0545764
0.0970541
0.050723
0.0970419
0.0469887
0.0970279
0.0434493
0.0970118
0.0402237
0.0969932
0.0375243
0.0969691
0.0357637
0.0968207
0.0357781
0.0915509
0.0343335
0.0353841
0.0395351
0.087158
0.0897062
0.0328892
0.0355085
0.0428097
0.0828611
0.0876808
0.0314504
0.0359596
0.0458629
0.0786702
0.085471
0.0300222
0.0366182
0.0488187
0.0745938
0.0830761
0.0286097
0.0374097
0.0517318
0.0706393
0.0804988
0.0272175
0.0382877
0.0546214
0.0668127
0.0777457
0.0258501
0.0392229
0.0574885
0.0631192
0.0748272
0.0245114
0.0401968
0.0603254
0.0595622
0.0717578
0.0232053
0.0411976
0.0631199
0.0561444
0.0685551
0.0219349
0.0422175
0.0658584
0.0528669
0.0652392
0.0207031
0.0432514
0.0685269
0.0497296
0.0618305
0.0195123
0.0442956
0.0711123
0.0467306
0.0583468
0.0183645
0.0453476
0.0736028
0.0438652
0.0547972
0.0172611
0.0464053
0.0759883
0.0411247
0.0511708
0.0162033
0.0474671
0.0782605
0.038492
0.0474153
0.0151917
0.0485315
0.080413
0.0359342
0.0433935
0.0142267
0.0495974
0.0824416
0.0333869
0.0387951
0.0133082
0.0506634
0.0843437
0.0307206
0.0329553
0.0124386
0.0517285
0.0861188
0.0276729
0.0244717
0.0112007
0.0527915
0.0877678
0.0237076
0.0103657
0.0101468
0.0105465
0.0446316
0.0678622
0.0400526
0.0888034
0.0230532
0.0203244
0.00969953
0.0030984
0.00917069
0.00992364
0.036734
0.0753517
0.0312387
0.0897841
0.0223888
0.0171807
0.0090654
0.00112662
0.00827071
0.00933151
0.0294971
0.0794359
0.0252595
0.0907112
0.0217135
0.0143402
0.00846317
0.000608862
0.0074444
0.00876928
0.023179
0.0819666
0.0213149
0.0915863
0.0210268
0.0118363
0.00789251
0.000489857
0.0066886
0.0082361
0.0178853
0.083764
0.0188269
0.0924109
0.0203276
0.00967589
0.00735289
0.000481304
0.00599971
0.00773104
0.0135976
0.0851914
0.0173829
0.0931868
0.0196152
0.00784551
0.00684365
0.000504637
0.00537379
0.00725313
0.0102172
0.0864109
0.0166913
0.0939158
0.0188886
0.0063182
0.00636397
0.000538549
0.00480669
0.0068014
0.00760772
0.0874954
0.0165476
0.0945998
0.0181469
0.00505975
0.00591292
0.000577362
0.00429423
0.00637481
0.00562564
0.0884792
0.0168089
0.0952408
0.0173891
0.00403345
0.00548949
0.000619672
0.0038322
0.00597233
0.00413837
0.0893794
0.0173763
0.0958408
0.0166142
0.00320344
0.00509261
0.00066525
0.00341651
0.00559294
0.00303252
0.0902056
0.0181813
0.0964016
0.015821
0.00253668
0.00472115
0.000714199
0.00304321
0.0052356
0.00221582
0.0909644
0.0191767
0.0969252
0.0150085
0.00200393
0.00437395
0.000766724
0.0027085
0.00489928
0.00161566
0.0916609
0.0203301
0.0974136
0.0141754
0.00158008
0.00404983
0.000823068
0.00240872
0.00458298
0.00117624
0.0922993
0.0216196
0.0978687
0.0133205
0.00124401
0.00374762
0.000883499
0.00214024
0.0042857
0.000855369
0.0928838
0.02303
0.0982924
0.0124424
0.000978264
0.00346614
0.000948305
0.00189903
0.00400649
0.000621535
0.0934182
0.024551
0.0986864
0.0115398
0.000768572
0.00320424
0.00101779
0.00167931
0.00374441
0.000451401
0.0939061
0.0261752
0.0990525
0.0106113
0.00060344
0.00296079
0.00109229
0.00146957
0.00349863
0.000327831
0.0943511
0.0278974
0.0993924
0.00965528
0.000474006
0.00273474
0.00117214
0.00124033
0.00326847
0.000238408
0.0947563
0.0297136
0.0997077
0.00867023
0.00037642
0.00252729
0.00125773
0.000906642
0.0030539
0.000174491
0.095125
0.0316201
0.1
0.00765446
0.000335567
0.00242864
0.00134943
0.000561888
0.000876992
0.00293345
0.000150165
0.0950109
0.0952774
0.03468
0.00688373
0.00546536
0.00140678
0.000350707
0.000849398
0.00281754
0.000129256
0.0948929
0.0954862
0.0379356
0.00616972
0.00395
0.00146623
0.000221816
0.000824237
0.00270603
0.000111306
0.0947709
0.0957247
0.0413695
0.0055126
0.00290335
0.00152798
0.000143657
0.000802071
0.00259874
9.59289e-05
0.0946447
0.0959784
0.0449621
0.0049115
0.00218264
0.0015922
9.68444e-05
0.000783725
0.00249555
8.28077e-05
0.0945142
0.0962392
0.0486899
0.00436464
0.00168854
0.00165902
6.94858e-05
0.000770408
0.00239631
7.16967e-05
0.0943793
0.0965027
0.0525264
0.00386962
0.00135199
0.00172855
5.43056e-05
0.000763878
0.00230087
6.24274e-05
0.0942399
0.0967665
0.0564412
0.00342353
0.00112504
0.00180091
4.68706e-05
0.000766684
0.00220911
5.49247e-05
0.0940958
0.0970292
0.0604015
0.00302314
0.000974406
0.00187621
4.44999e-05
0.000782518
0.00212089
4.92383e-05
0.0939468
0.0972903
0.0643722
0.00266508
0.000876971
0.00195456
4.55968e-05
0.000816713
0.00203608
0.0937928
0.0975491
0.0683176
0.00234589
0.0936336
0.0978056
0.0722019
0.00206217
0.0934687
0.0980597
0.075991
0.00181061
0.0932972
0.0983112
0.0796534
0.00158808
0.0931166
0.0985601
0.0831612
0.00139161
0.0929202
0.0988065
0.0864909
0.00121845
0.0926892
0.0990503
0.0896241
0.00106607
0.0923697
0.0992916
0.0925473
0.000932162
0.0918084
0.0995303
0.0952525
0.000814667
0.090567
0.0997664
0.0977363
0.000712996
0.0873937
0.1
0.1
0.000666211
0.0873906
0.0643912
0.0873873
0.0475721
0.0873838
0.0359636
0.08738
0.0285675
0.0873759
0.0244611
0.0873714
0.0228925
0.0873666
0.0233096
0.0873614
0.0253355
0.0873558
0.0287184
0.0873497
0.033278
0.0873432
0.0388583
0.0873361
0.0452909
0.0873285
0.0523747
0.0873203
0.0598707
0.0873114
0.0675146
0.0873017
0.0750401
0.0872914
0.0822081
0.0872802
0.0888298
0.0872681
0.0947804
0.087255
0.1
0.0872351
0.087213
0.0871884
0.087161
0.0871306
0.0870967
0.0870591
0.0870172
0.0869706
0.0869189
0.0868613
0.0867973
0.0867262
0.0866471
0.0865593
0.0864618
0.0863529
0.086235
0.0860892
0.0860037
END_LIST
