BEGIN_LIST
0
8.09353e-84
2.80443e-83
7.67796e-83
1.95378e-82
4.83535e-82
1.18317e-81
2.88139e-81
7.00311e-81
1.70063e-80
4.12834e-80
1.00204e-79
2.43204e-79
5.90274e-79
1.43265e-78
3.47725e-78
8.43993e-78
2.04858e-77
4.97256e-77
1.20703e-76
2.93003e-76
1.302e-75
3.01519e-76
3.09531e-75
3.10282e-76
6.17802e-75
3.193e-76
1.137e-74
3.2858e-76
2.00067e-74
3.38129e-76
3.42743e-74
3.47956e-76
5.77743e-74
3.58068e-76
9.64806e-74
3.68474e-76
1.60382e-73
3.79182e-76
2.66312e-73
3.90201e-76
4.42896e-73
4.01552e-76
7.39215e-73
4.1374e-76
1.24017e-72
4.47972e-76
2.09387e-72
1.40917e-75
3.56082e-72
4.19331e-74
6.10284e-72
1.77152e-72
1.05442e-71
7.56155e-71
1.83647e-71
3.22811e-69
3.2229e-71
1.37818e-67
5.69268e-71
5.8841e-66
5.8733e-71
7.5039e-71
3.30909e-71
1.39128e-65
6.17128e-66
6.04953e-71
8.57474e-71
1.93128e-71
2.69577e-65
6.46232e-66
6.22037e-71
9.16449e-71
1.13153e-71
4.74053e-65
6.75522e-66
6.38481e-71
9.44206e-71
6.65447e-72
7.86056e-65
7.0476e-66
6.54188e-71
9.51744e-71
3.9276e-72
1.25221e-64
7.3367e-66
6.69066e-71
9.46233e-71
2.32619e-72
1.93692e-64
7.61936e-66
6.83026e-71
9.32347e-71
1.3823e-72
2.92867e-64
7.892e-66
6.95985e-71
9.13142e-71
8.23989e-73
4.34836e-64
8.15063e-66
7.07872e-71
8.90616e-71
4.92641e-73
6.36053e-64
8.39071e-66
7.18621e-71
8.66081e-71
2.95359e-73
9.18849e-64
8.60706e-66
7.28179e-71
8.40398e-71
1.77542e-73
1.31345e-63
8.79344e-66
7.36502e-71
8.14138e-71
1.06979e-73
1.86073e-63
8.94173e-66
7.4356e-71
7.87679e-71
6.4605e-74
2.61591e-63
9.04037e-66
7.49331e-71
7.61274e-71
3.90947e-74
3.65361e-63
9.07118e-66
7.53809e-71
7.35093e-71
2.37014e-74
5.07479e-63
9.00325e-66
7.56996e-71
7.09252e-71
1.4393e-74
7.01632e-63
8.78135e-66
7.58906e-71
6.8383e-71
8.75303e-75
9.66439e-63
8.30394e-66
7.59564e-71
6.58882e-71
5.32976e-75
1.32738e-62
7.38128e-66
7.59046e-71
6.34449e-71
3.2486e-75
1.81961e-62
5.65469e-66
7.40043e-71
6.10556e-71
1.98155e-75
2.49248e-62
2.43221e-66
7.07075e-71
7.30071e-71
6.42222e-71
2.84058e-71
9.15096e-71
1.43201e-75
2.63146e-62
2.35873e-62
2.34611e-66
6.8333e-67
6.73569e-71
7.19427e-71
6.49772e-71
1.32556e-71
1.12471e-70
1.03474e-75
2.75871e-62
2.19404e-62
2.25921e-66
1.91105e-67
6.4078e-71
7.08171e-71
6.33261e-71
6.19536e-72
1.26223e-70
7.47421e-76
2.87299e-62
2.00729e-62
2.17192e-66
5.33861e-68
6.11551e-71
6.96364e-71
5.9624e-71
2.89859e-72
1.34601e-70
5.39572e-76
2.9731e-62
1.80825e-62
2.08466e-66
1.49193e-68
5.93401e-71
6.84067e-71
5.4453e-71
1.35725e-72
1.39018e-70
3.89175e-76
3.05788e-62
1.60622e-62
1.99781e-66
4.18003e-69
6.07617e-71
6.7134e-71
4.84594e-71
6.35959e-73
1.40542e-70
2.80335e-76
3.12623e-62
1.40913e-62
1.91171e-66
1.18231e-69
7.1598e-71
6.58241e-71
4.22203e-71
2.98164e-73
1.39959e-70
2.01573e-76
3.17711e-62
1.22297e-62
1.82671e-66
3.45893e-70
1.09958e-70
6.44828e-71
3.61746e-71
1.39862e-73
1.37848e-70
1.44583e-76
3.20957e-62
1.05173e-62
1.74309e-66
1.12897e-70
2.29159e-70
6.31156e-71
3.06141e-71
6.56319e-74
1.3463e-70
1.03362e-76
3.22273e-62
8.97555e-63
1.66111e-66
4.83966e-71
5.86614e-70
6.17276e-71
2.57221e-71
3.0806e-74
1.3061e-70
7.35611e-77
3.21579e-62
7.61141e-63
1.58101e-66
3.09633e-71
1.64803e-69
6.03239e-71
2.16502e-71
1.44594e-74
1.26016e-70
5.20353e-77
3.18807e-62
6.42124e-63
1.50299e-66
2.66917e-71
4.79368e-69
5.89091e-71
1.86651e-71
6.78368e-75
1.21012e-70
3.65046e-77
3.139e-62
5.39449e-63
1.42721e-66
2.61142e-71
1.41211e-68
5.74876e-71
1.74796e-71
3.17841e-75
1.15724e-70
2.53173e-77
3.0681e-62
4.51663e-63
1.3538e-66
2.65872e-71
4.18117e-68
5.60636e-71
2.00965e-71
1.48479e-75
1.10245e-70
1.72767e-77
2.97503e-62
3.77142e-63
1.28288e-66
2.73725e-71
1.24126e-67
5.46409e-71
3.20637e-71
6.89298e-76
1.04648e-70
1.15147e-77
2.85957e-62
3.1424e-63
1.21451e-66
2.82642e-71
3.69129e-67
5.32228e-71
6.8587e-71
3.15896e-76
9.89905e-71
7.40199e-78
2.72165e-62
2.61385e-63
1.14876e-66
2.92051e-71
1.09922e-66
5.18128e-71
1.71166e-70
1.40894e-76
9.33184e-71
4.48222e-78
2.56133e-62
2.17149e-63
1.08566e-66
3.01793e-71
3.27725e-66
5.04138e-71
4.52916e-70
5.91543e-77
8.76698e-71
2.42434e-78
2.37881e-62
1.80388e-63
1.02524e-66
3.11826e-71
9.7819e-66
4.90292e-71
1.22212e-69
2.12435e-77
8.20773e-71
9.88285e-79
2.17445e-62
1.51199e-63
9.68205e-67
3.22138e-71
2.92327e-65
4.76636e-71
3.31905e-69
3.9148e-78
7.65686e-71
0
1.94874e-62
1.38641e-63
9.40706e-67
3.32728e-71
1.8585e-65
4.23825e-65
4.68682e-71
5.23855e-69
4.05441e-78
2.27176e-78
6.83338e-71
1.81716e-62
1.42348e-62
3.39095e-71
1.18098e-65
6.04397e-65
4.60794e-71
8.25867e-69
4.19897e-78
1.31833e-78
6.04426e-71
1.68699e-62
1.03928e-62
3.45544e-71
7.50233e-66
8.5224e-65
4.52974e-71
1.30121e-68
4.34876e-78
7.65038e-79
5.29565e-71
1.55962e-62
7.58484e-63
3.5208e-71
4.76509e-66
1.19229e-64
4.45227e-71
2.04948e-68
4.50423e-78
4.43946e-79
4.59275e-71
1.43623e-62
5.53382e-63
3.58707e-71
3.02622e-66
1.65874e-64
4.37554e-71
3.22755e-68
4.66636e-78
2.57605e-79
3.93981e-71
1.3178e-62
4.03629e-63
3.65427e-71
1.92178e-66
2.29845e-64
4.29958e-71
5.08247e-68
4.83757e-78
1.49462e-79
3.34012e-71
1.20507e-62
2.94318e-63
3.72239e-71
1.22038e-66
3.17563e-64
4.22443e-71
8.00322e-68
5.02423e-78
8.66989e-80
2.79586e-71
1.09859e-62
2.14544e-63
3.79143e-71
7.74964e-67
4.37833e-64
4.1501e-71
1.26025e-67
5.24367e-78
5.02736e-80
2.30814e-71
9.98701e-63
1.56333e-63
3.86138e-71
4.92116e-67
6.02721e-64
4.07661e-71
1.98452e-67
5.54351e-78
2.91338e-80
1.8769e-71
9.05576e-63
1.13861e-63
3.93223e-71
3.12506e-67
8.28761e-64
4.00398e-71
6.05527e-78
1.68656e-80
1.50098e-71
8.1924e-63
7.14275e-78
9.7466e-81
1.17816e-71
7.39596e-63
9.81301e-78
5.61616e-81
9.05368e-72
6.66453e-63
1.68542e-77
3.22037e-81
6.78752e-72
5.99545e-63
3.59869e-77
1.8314e-81
4.93944e-72
5.38556e-63
8.85903e-77
1.02678e-81
3.4624e-72
4.83135e-63
2.33871e-76
5.6131e-82
2.30807e-72
4.32913e-63
6.358e-76
2.92639e-82
1.42862e-72
3.87513e-63
1.74849e-75
1.38152e-82
7.78359e-73
3.46576e-63
4.82979e-75
4.98851e-83
3.14886e-73
3.10247e-63
1.33641e-74
0
0
2.93313e-63
1.36274e-74
7.63676e-74
1.38958e-74
1.22359e-73
1.41695e-74
1.53711e-73
1.44486e-74
1.73983e-73
1.47331e-74
1.86695e-73
1.50233e-74
1.94504e-73
1.53192e-74
1.98966e-73
1.56209e-74
2.0067e-73
1.59285e-74
1.99527e-73
1.62422e-74
1.95085e-73
1.65621e-74
1.86814e-73
1.68882e-74
1.7436e-73
1.72208e-74
1.5772e-73
1.75599e-74
1.37342e-73
1.79056e-74
1.14112e-73
1.82582e-74
8.92489e-74
1.86177e-74
6.41392e-74
1.89842e-74
4.015e-74
1.9358e-74
1.847e-74
1.97372e-74
0
2.0278e-74
2.08335e-74
2.14042e-74
2.19905e-74
2.25928e-74
2.32114e-74
2.38469e-74
2.44997e-74
2.51702e-74
2.58589e-74
2.65662e-74
2.72927e-74
2.80389e-74
2.88051e-74
2.95922e-74
3.03995e-74
3.12329e-74
3.20681e-74
3.302e-74
3.35616e-74
END_LIST
