BEGIN_LIST
0.1
0.0992671
0.098514
0.0977404
0.0969465
0.0961321
0.0952972
0.0944419
0.0935662
0.0926704
0.0917544
0.0908184
0.0898625
0.0888864
0.0878894
0.0868689
0.0858179
0.0847191
0.0835281
0.082135
0.0802674
0.0744906
0.0796929
0.0688327
0.079044
0.0633411
0.078313
0.0580563
0.077492
0.0530118
0.0765729
0.0482334
0.0755476
0.0437395
0.0744082
0.0395412
0.0731473
0.0356432
0.0717584
0.0320447
0.0702359
0.02874
0.0685759
0.0257201
0.0667766
0.0229732
0.0648381
0.0204866
0.0627634
0.0182486
0.0605584
0.0162513
0.0582318
0.0144977
0.0557954
0.0130147
0.0532602
0.0118816
0.0505189
0.0112936
0.0438475
0.0105023
0.0115394
0.0117502
0.0407908
0.0397876
0.0097594
0.0118732
0.012575
0.0379351
0.0360192
0.00906297
0.0122672
0.0136384
0.0352687
0.0325375
0.00841094
0.012705
0.0148781
0.0327806
0.0293342
0.00780124
0.0131764
0.016266
0.03046
0.0263985
0.00723176
0.0136756
0.0177911
0.0282968
0.0237174
0.00670042
0.0141991
0.0194506
0.0262813
0.0212767
0.00620516
0.014745
0.0212461
0.0244041
0.0190611
0.00574395
0.0153123
0.0231805
0.0226564
0.0170551
0.00531483
0.0159006
0.0252573
0.0210298
0.0152429
0.00491588
0.0165097
0.0274794
0.0195159
0.0136087
0.00454526
0.0171399
0.0298492
0.0181068
0.0121367
0.00420119
0.0177914
0.0323676
0.0167942
0.0108107
0.00388197
0.0184644
0.0350339
0.0155687
0.00961267
0.00358598
0.0191593
0.0378458
0.0144183
0.00852009
0.00331169
0.0198766
0.0407988
0.0133255
0.0074996
0.00305764
0.0206166
0.0438866
0.0122601
0.00649298
0.00282242
0.0213797
0.0471001
0.011165
0.00538643
0.00260574
0.0221662
0.0504282
0.00992755
0.00394287
0.00230258
0.0229765
0.0538575
0.00831721
0.00165243
0.00204441
0.00214721
0.0173625
0.0312957
0.0170886
0.056213
0.00808326
0.0065944
0.00152079
0.000496736
0.00181437
0.00200206
0.0129844
0.0361867
0.0131171
0.058598
0.00784583
0.00521465
0.00139946
0.00018515
0.00160958
0.0018665
0.00963312
0.0397009
0.0104843
0.0610079
0.00760464
0.00411491
0.00128767
0.000103936
0.0014274
0.00173993
0.00710381
0.0426845
0.0087875
0.0634377
0.0073594
0.00324168
0.00118469
8.5779e-05
0.00126544
0.00162177
0.00521503
0.0454856
0.00774714
0.0658817
0.00710981
0.00255038
0.00108984
8.5101e-05
0.00112155
0.00151149
0.00381565
0.0482443
0.00717035
0.0683336
0.00685556
0.0020044
0.0010025
8.95028e-05
0.000993772
0.00140859
0.0027849
0.0510133
0.00692457
0.0707873
0.00659631
0.00157401
0.000922077
9.56292e-05
0.00088036
0.00131257
0.00202892
0.0538082
0.00691914
0.073236
0.00633172
0.00123524
0.000848047
0.000102591
0.00077974
0.00122301
0.0014762
0.0566285
0.00709244
0.0756733
0.00606143
0.000968882
0.000779908
0.000110174
0.0006905
0.00113947
0.00107302
0.0594666
0.00740298
0.0780926
0.00578505
0.000759657
0.000717198
0.000118347
0.00061138
0.00106157
0.000779403
0.0623118
0.00782317
0.0804873
0.0055022
0.000595426
0.000659493
0.000127134
0.000541249
0.000988932
0.000565842
0.065152
0.00833511
0.0828512
0.00521246
0.000466586
0.000606398
0.000136575
0.000479096
0.000921208
0.000410646
0.0679743
0.00892755
0.0851781
0.0049154
0.000365553
0.000557551
0.000146716
0.000424007
0.000858074
0.000297936
0.070766
0.00959399
0.0874623
0.00461055
0.000286355
0.000512615
0.000157609
0.000375133
0.000799226
0.000216121
0.0735146
0.0103311
0.0896984
0.00429744
0.000224289
0.000471282
0.000169309
0.000331603
0.00074438
0.000156754
0.0762084
0.0111381
0.0918815
0.00397558
0.00017566
0.000433265
0.000181876
0.000292301
0.000693271
0.000113695
0.0788361
0.0120154
0.0940069
0.00364444
0.000137577
0.000398301
0.000195374
0.000255178
0.000645661
8.24911e-05
0.0813878
0.0129651
0.0960707
0.00330347
0.000107856
0.000366153
0.000209871
0.000215175
0.00060136
5.99467e-05
0.0838545
0.0139898
0.0980694
0.00295211
8.55158e-05
0.000336899
0.00022544
0.000157855
0.000560307
4.38501e-05
0.0862286
0.0150929
0.1
0.00258973
7.61759e-05
0.000323041
0.000242162
9.81409e-05
0.00015307
0.000537357
3.77262e-05
0.0854412
0.0869904
0.0169237
0.0022642
0.00182245
0.000252641
6.1653e-05
0.000148805
0.000515341
3.24627e-05
0.0846405
0.0877176
0.0189641
0.00197852
0.00129114
0.000263518
3.94646e-05
0.000145199
0.000494222
2.79421e-05
0.0838267
0.0884252
0.0212281
0.00172806
0.000923579
0.000274835
2.6096e-05
0.000142451
0.000473963
2.40652e-05
0.0830002
0.0891216
0.023731
0.00150867
0.000669652
0.000286623
1.8187e-05
0.000140855
0.00045453
2.07492e-05
0.0821611
0.0898116
0.0264879
0.00131665
0.000494589
0.000298908
1.36804e-05
0.000140835
0.00043589
1.79276e-05
0.0813096
0.0904979
0.0295136
0.00114871
0.000374267
0.000311715
1.13206e-05
0.000143008
0.00041801
1.55507e-05
0.0804462
0.0911821
0.0328211
0.00100191
0.000291957
0.000325067
1.03457e-05
0.000148264
0.000400861
1.35878e-05
0.0795711
0.0918649
0.0364213
0.000873658
0.000236053
0.000338988
1.02985e-05
0.00015789
0.000384412
1.20323e-05
0.0786847
0.0925469
0.0403221
0.00076166
0.000198509
0.000353502
1.09107e-05
0.000173744
0.000368634
0.0777872
0.0932281
0.0445275
0.000663896
0.076879
0.0939087
0.0490365
0.000578587
0.0759603
0.0945886
0.0538427
0.000504169
0.0750308
0.095268
0.0589332
0.000439268
0.074089
0.0959466
0.0642884
0.000382681
0.07313
0.0966245
0.0698813
0.000333352
0.0721383
0.0973016
0.0756778
0.000290358
0.071069
0.0979777
0.0816372
0.000252892
0.0697927
0.0986529
0.0877125
0.000220257
0.0679366
0.099327
0.0938518
0.000192186
0.0644317
0.1
0.1
0.000179303
0.0640124
0.0429087
0.0635655
0.0286823
0.0630898
0.0196615
0.0625841
0.0142361
0.0620471
0.0112703
0.0614778
0.0100173
0.0608749
0.0100184
0.0602374
0.0110177
0.0595644
0.0128983
0.0588552
0.0156382
0.0581088
0.0192785
0.0573249
0.0238989
0.0565031
0.0295956
0.055643
0.0364579
0.0547449
0.0445423
0.0538088
0.0538453
0.0528354
0.0642787
0.0518252
0.0756539
0.0507796
0.0876828
0.0496933
0.1
0.0481404
0.0465296
0.0448669
0.0431593
0.0414145
0.0396411
0.037848
0.0360446
0.0342405
0.032445
0.0306675
0.0289166
0.0272007
0.0255271
0.0239023
0.0223332
0.0208192
0.0193913
0.0179114
0.0171157
END_LIST
