BEGIN_LIST
0
1.49063e-171
5.57187e-171
1.69904e-170
4.89035e-170
1.3742e-169
3.80815e-169
1.04471e-168
2.84284e-168
7.68298e-168
2.06422e-167
5.51789e-167
1.46841e-166
3.89236e-166
1.02815e-165
2.70732e-165
7.10878e-165
1.86183e-164
4.86492e-164
1.26848e-163
1.2001e-163
9.96914e-164
1.16709e-163
7.99118e-164
1.13338e-163
6.24926e-164
1.09897e-163
5.05825e-164
1.06385e-163
4.96975e-164
1.02802e-163
6.96049e-164
9.91487e-164
1.27759e-163
9.54254e-164
2.55604e-163
9.16525e-164
5.10211e-163
8.87106e-164
9.95897e-163
1.24196e-163
1.90466e-162
1.80326e-162
3.59218e-162
7.36629e-161
6.72182e-162
3.14207e-159
1.25385e-161
1.3414e-157
2.33935e-161
5.72737e-156
4.3754e-161
2.44532e-154
8.21531e-161
1.04407e-152
1.54965e-160
4.45746e-151
2.93698e-160
1.9031e-149
5.59146e-160
8.12555e-148
5.64854e-160
7.61578e-160
3.12724e-160
1.92157e-147
8.52099e-148
5.69687e-160
8.87068e-160
1.75511e-160
3.72443e-147
8.92164e-148
5.73597e-160
9.6324e-160
9.88317e-161
6.55227e-147
9.32474e-148
5.76543e-160
1.00775e-159
5.5832e-161
1.08707e-146
9.72702e-148
5.7849e-160
1.03186e-159
3.16381e-161
1.73289e-146
1.01247e-147
5.79412e-160
1.04278e-159
1.79815e-161
2.68254e-146
1.05133e-147
5.79293e-160
1.04511e-159
1.02486e-161
4.05967e-146
1.0888e-147
5.78124e-160
1.04181e-159
5.85693e-162
6.03362e-146
1.12433e-147
5.75907e-160
1.03476e-159
3.35561e-162
8.83531e-146
1.1573e-147
5.72653e-160
1.02519e-159
1.92711e-162
1.27787e-145
1.18698e-147
5.68382e-160
1.01389e-159
1.10918e-162
1.82898e-145
1.21252e-147
5.63123e-160
1.00136e-159
6.39726e-163
2.59455e-145
1.23281e-147
5.56916e-160
9.87936e-160
3.69671e-163
3.65266e-145
1.24625e-147
5.49804e-160
9.73854e-160
2.13992e-163
5.10897e-145
1.25034e-147
5.41841e-160
9.59262e-160
1.24074e-163
7.10663e-145
1.24084e-147
5.33095e-160
9.44264e-160
7.20434e-164
9.83985e-145
1.21013e-147
5.22758e-160
9.2894e-160
4.18868e-164
1.3573e-144
1.14423e-147
5.91322e-160
9.13346e-160
2.43817e-164
1.86679e-144
1.01701e-147
-6.71308e-159
8.97529e-160
1.42064e-164
2.56239e-144
7.79069e-148
6.70273e-157
8.81527e-160
8.28436e-165
3.51407e-144
3.35074e-148
4.10704e-156
6.52159e-157
6.56379e-159
3.97522e-160
6.67717e-160
5.81214e-165
3.71068e-144
3.32576e-144
3.23197e-148
9.41315e-149
1.38686e-155
6.33841e-157
1.85453e-158
1.79774e-160
5.03694e-160
4.07811e-165
3.89073e-144
3.09378e-144
3.11212e-148
2.63221e-149
4.19225e-155
6.15386e-157
4.45494e-158
8.14196e-161
3.79045e-160
2.86136e-165
4.05247e-144
2.83067e-144
2.99175e-148
7.35086e-150
1.23064e-154
5.9686e-157
1.03213e-157
3.69108e-161
2.84975e-160
2.00728e-165
4.19421e-144
2.55017e-144
2.87142e-148
2.0522e-150
3.58773e-154
5.78325e-157
2.40736e-157
1.67458e-161
2.14323e-160
1.40757e-165
4.31431e-144
2.26542e-144
2.75166e-148
5.72915e-151
1.04586e-153
5.59838e-157
5.74142e-157
7.60211e-162
1.6142e-160
9.86358e-166
4.4112e-144
1.98759e-144
2.63296e-148
1.5995e-151
3.05477e-153
5.41454e-157
1.40506e-156
3.45308e-162
1.21871e-160
6.90462e-166
4.48343e-144
1.72515e-144
2.51578e-148
4.46596e-152
8.94467e-153
5.23221e-157
3.52184e-156
1.56925e-162
9.23202e-161
4.82568e-166
4.52964e-144
1.4837e-144
2.4005e-148
1.24706e-152
2.62568e-152
5.05186e-157
9.00727e-156
7.1343e-163
7.02295e-161
3.36499e-166
4.54857e-144
1.26629e-144
2.28751e-148
3.48266e-153
7.72605e-152
4.87389e-157
2.34099e-155
3.24445e-163
5.36965e-161
2.33873e-166
4.53911e-144
1.07392e-144
2.17711e-148
9.72772e-154
2.27841e-151
4.69867e-157
6.16037e-155
1.47564e-163
4.12995e-161
1.61788e-166
4.5003e-144
9.06061e-145
2.06957e-148
2.71814e-154
6.73271e-151
4.52652e-157
1.63646e-154
6.71011e-164
3.19807e-161
1.11174e-166
4.4313e-144
7.61239e-145
1.96513e-148
7.60334e-155
1.99321e-150
4.35773e-157
4.37792e-154
3.04862e-164
2.49536e-161
7.56595e-167
4.33146e-144
6.37408e-145
1.86397e-148
2.13476e-155
5.91088e-150
4.19253e-157
1.17733e-153
1.38204e-164
1.96342e-161
5.0765e-167
4.20028e-144
5.32281e-145
1.76624e-148
6.07424e-156
1.75556e-149
4.03115e-157
3.17834e-153
6.23406e-165
1.55891e-161
3.33403e-167
4.03748e-144
4.43538e-145
1.67204e-148
1.81174e-156
5.22134e-149
3.87375e-157
8.60456e-153
2.78131e-165
1.24963e-161
2.11696e-167
3.84292e-144
3.68963e-145
1.58146e-148
6.25949e-157
1.55487e-148
3.72048e-157
2.33428e-152
1.21094e-165
1.01168e-161
1.26944e-167
3.6167e-144
3.06544e-145
1.49452e-148
3.00168e-157
4.63564e-148
3.57147e-157
6.34209e-152
4.97978e-166
8.27264e-162
6.81769e-168
3.3591e-144
2.5467e-145
1.41128e-148
2.14993e-157
1.3836e-147
3.4269e-157
1.72499e-151
1.75587e-166
6.83158e-162
2.76733e-168
3.07063e-144
2.13478e-145
1.33271e-148
1.9733e-157
4.13466e-147
3.28716e-157
4.69551e-151
3.10906e-167
5.69504e-162
0
2.752e-144
1.95754e-145
1.29482e-148
1.98803e-157
2.62881e-147
5.99438e-147
3.20685e-157
7.41385e-151
3.1783e-167
1.77219e-167
4.37577e-162
2.56627e-144
2.0104e-144
2.02731e-157
1.67058e-147
8.54792e-147
3.12806e-157
1.16903e-150
3.24902e-167
1.01018e-167
3.42264e-162
2.38251e-144
1.46792e-144
2.07479e-157
1.06132e-147
1.20525e-146
3.05077e-157
1.84202e-150
3.32125e-167
5.75826e-168
2.71458e-162
2.20269e-144
1.07141e-144
2.12704e-157
6.74135e-148
1.68604e-146
2.975e-157
2.90135e-150
3.39501e-167
3.28232e-168
2.17384e-162
2.02849e-144
7.81756e-145
2.18234e-157
4.28158e-148
2.34549e-146
2.90074e-157
4.56902e-150
3.47034e-167
1.87094e-168
1.75022e-162
1.86127e-144
5.70252e-145
2.23986e-157
2.71915e-148
3.2498e-146
2.82798e-157
7.19461e-150
3.54725e-167
1.06638e-168
1.41114e-162
1.70211e-144
4.15853e-145
2.29918e-157
1.72684e-148
4.48971e-146
2.75671e-157
1.13286e-149
3.62579e-167
6.07718e-169
1.13522e-162
1.55176e-144
3.03164e-145
2.3601e-157
1.09664e-148
6.18957e-146
2.68693e-157
1.7838e-149
3.70598e-167
3.46244e-169
9.08208e-163
1.41071e-144
2.20928e-145
2.42253e-157
6.9643e-149
8.51982e-146
2.61864e-157
2.80878e-149
3.78785e-167
1.9718e-169
7.20373e-163
1.27921e-144
1.60922e-145
2.48644e-157
4.42277e-149
1.1714e-145
2.5518e-157
3.87143e-167
1.12201e-169
5.64822e-163
1.15729e-144
3.95675e-167
6.37571e-170
4.36439e-163
1.04481e-144
4.04383e-167
3.61421e-170
3.3122e-163
9.41513e-145
4.1327e-167
2.04024e-170
2.45864e-163
8.47017e-145
4.22336e-167
1.14335e-170
1.77524e-163
7.60878e-145
4.31575e-167
6.32485e-171
1.2368e-163
6.826e-145
4.40968e-167
3.41717e-171
8.20609e-164
6.11663e-145
4.50448e-167
1.76431e-171
5.0618e-164
5.47534e-145
4.59813e-167
8.26866e-172
2.7513e-164
4.89709e-145
4.68476e-167
2.97225e-172
1.11151e-164
4.3839e-145
4.74724e-167
0
0
4.14468e-145
4.80239e-167
4.7662e-167
4.8582e-167
4.62875e-167
4.91467e-167
4.4044e-167
4.97181e-167
4.15607e-167
5.02963e-167
3.92552e-167
5.08813e-167
3.73048e-167
5.14733e-167
3.5698e-167
5.20723e-167
3.43046e-167
5.26784e-167
3.29381e-167
5.32916e-167
3.14021e-167
5.39122e-167
2.95264e-167
5.45401e-167
2.71939e-167
5.51754e-167
2.43603e-167
5.58183e-167
2.10614e-167
5.64689e-167
1.7407e-167
5.71271e-167
1.35621e-167
5.77931e-167
9.71994e-168
5.84671e-167
6.07344e-168
5.91491e-167
2.79102e-168
5.98371e-167
0
6.08074e-167
6.17938e-167
6.27964e-167
6.38154e-167
6.48513e-167
6.59041e-167
6.69741e-167
6.80617e-167
6.9167e-167
7.02904e-167
7.1432e-167
7.25921e-167
7.3771e-167
7.49689e-167
7.61863e-167
7.74218e-167
7.86832e-167
7.99353e-167
8.13433e-167
8.21386e-167
END_LIST
