BEGIN_LIST
0
1.08859e-128
3.77115e-128
1.03208e-127
2.62493e-127
6.49198e-127
1.58722e-126
3.86157e-126
9.3745e-126
2.27342e-125
5.51027e-125
1.3351e-124
3.23393e-124
7.83129e-124
1.89592e-123
4.58869e-123
1.11026e-122
2.68548e-122
6.49341e-122
1.56949e-121
4.01345e-121
1.83173e-120
4.13515e-121
4.37386e-120
4.26015e-121
8.7443e-120
4.38857e-121
1.61063e-119
4.52049e-121
2.8355e-119
4.65603e-121
4.85931e-119
4.79529e-121
8.19329e-119
4.93837e-121
1.36856e-118
5.08552e-121
2.27544e-118
5.24156e-121
3.77907e-118
5.60835e-121
6.28602e-118
1.47992e-120
1.04936e-117
4.00578e-119
1.76084e-117
1.68656e-117
2.97354e-117
7.19787e-116
5.05782e-117
3.07325e-114
8.67037e-117
1.31213e-112
1.49837e-116
5.60237e-111
2.6103e-116
2.39182e-109
4.58207e-116
1.02118e-107
8.09553e-116
4.36007e-106
8.35176e-116
1.06726e-115
4.70519e-116
1.03109e-105
4.57227e-106
8.60171e-116
1.21965e-115
2.74572e-116
1.99846e-105
4.78727e-106
8.84397e-116
1.30361e-115
1.60849e-116
3.51578e-105
5.00359e-106
9.07712e-116
1.34318e-115
9.45826e-117
5.83285e-105
5.21947e-106
9.29978e-116
1.35398e-115
5.58176e-117
9.29792e-105
5.43286e-106
9.51063e-116
1.34623e-115
3.3055e-117
1.4393e-104
5.64143e-106
9.70842e-116
1.32657e-115
1.96401e-117
2.17815e-104
5.84253e-106
9.89199e-116
1.29934e-115
1.17061e-117
3.23715e-104
6.0332e-106
1.00603e-115
1.26739e-115
6.99802e-118
4.74017e-104
6.21011e-106
1.02124e-115
1.23258e-115
4.19517e-118
6.85561e-104
6.36941e-106
1.03476e-115
1.19613e-115
2.52148e-118
9.8119e-104
6.50649e-106
1.04653e-115
1.15885e-115
1.51919e-118
1.39184e-103
6.61538e-106
1.0565e-115
1.12129e-115
9.17358e-119
1.95939e-103
6.68754e-106
1.06464e-115
1.08381e-115
5.55076e-119
2.74049e-103
6.70953e-106
1.07094e-115
1.04663e-115
3.3649e-119
3.8119e-103
6.65853e-106
1.07541e-115
1.00994e-115
2.04321e-119
5.27776e-103
6.49374e-106
1.07806e-115
9.73839e-116
1.24247e-119
7.27983e-103
6.14013e-106
1.07936e-115
9.38409e-116
7.56491e-120
1.00121e-102
5.45748e-106
1.03946e-115
9.03705e-116
4.61064e-120
1.37423e-102
4.18065e-106
4.6427e-115
8.69769e-116
2.81217e-120
1.88456e-102
1.79808e-106
2.30248e-114
4.53144e-115
9.45101e-116
4.04588e-116
1.3001e-115
2.0322e-120
1.98999e-102
1.78357e-102
1.73435e-106
5.05131e-107
7.53212e-114
4.41813e-115
1.02004e-115
1.8877e-116
1.59619e-115
1.46836e-120
2.08654e-102
1.65916e-102
1.67003e-106
1.41251e-107
2.25707e-113
4.30322e-115
1.13608e-115
8.82132e-117
1.79037e-115
1.0606e-120
2.17328e-102
1.51805e-102
1.60544e-106
3.94465e-108
6.60769e-113
4.18714e-115
1.39817e-115
4.12656e-117
1.90856e-115
7.65629e-121
2.24928e-102
1.36762e-102
1.54087e-106
1.10126e-108
1.92468e-112
4.07033e-115
2.06228e-115
1.93196e-117
1.97077e-115
5.52203e-121
2.31368e-102
1.21491e-102
1.47661e-106
3.07441e-109
5.60903e-112
3.95316e-115
3.76504e-115
9.05114e-118
1.99207e-115
3.97757e-121
2.36564e-102
1.06591e-102
1.41292e-106
8.58337e-110
1.63815e-111
3.83602e-115
8.13196e-115
4.24296e-118
1.9836e-115
2.85996e-121
2.40436e-102
9.25168e-103
1.35003e-106
2.39656e-110
4.79654e-111
3.71925e-115
1.93963e-114
1.99001e-118
1.95353e-115
2.05132e-121
2.42914e-102
7.95682e-103
1.28818e-106
6.69212e-111
1.408e-110
3.60317e-115
4.87301e-114
9.33713e-119
1.90781e-115
1.46644e-121
2.43928e-102
6.7909e-103
1.22754e-106
1.86893e-111
4.14303e-110
3.48807e-115
1.25887e-113
4.38206e-119
1.85077e-115
1.04362e-121
2.43421e-102
5.7592e-103
1.1683e-106
5.22053e-112
1.22178e-109
3.37422e-115
3.30624e-113
2.05656e-119
1.78561e-115
7.38211e-122
2.41339e-102
4.85901e-103
1.11059e-106
1.45899e-112
3.61036e-109
3.26186e-115
8.77736e-113
9.64729e-120
1.71467e-115
5.1787e-122
2.37638e-102
4.08235e-103
1.05455e-106
4.08382e-113
1.06884e-108
3.15121e-115
2.3477e-112
4.5196e-120
1.63971e-115
3.59157e-122
2.32284e-102
3.41827e-103
1.00027e-106
1.14932e-113
3.16967e-108
3.04245e-115
6.31318e-112
2.1111e-120
1.56205e-115
2.45087e-122
2.25249e-102
2.85449e-103
9.4782e-107
3.2983e-114
9.41405e-108
2.93576e-115
1.70429e-111
9.79962e-121
1.48273e-115
1.63345e-122
2.16518e-102
2.37858e-103
8.97272e-107
1.01221e-114
2.79991e-107
2.83126e-115
4.61394e-111
4.49064e-121
1.40256e-115
1.05002e-122
2.06084e-102
1.97865e-103
8.48661e-107
3.77212e-115
8.33789e-107
2.72909e-115
1.25169e-110
2.00273e-121
1.32218e-115
6.35825e-123
1.93952e-102
1.64391e-103
8.02009e-107
2.03767e-115
2.48583e-106
2.62937e-115
3.40078e-110
8.40789e-122
1.24214e-115
3.43903e-123
1.80138e-102
1.36572e-103
7.57341e-107
1.59478e-115
7.41946e-106
2.53223e-115
9.24981e-110
3.01927e-122
1.1629e-115
1.40192e-123
1.64668e-102
1.14482e-103
7.15176e-107
1.51457e-115
2.21719e-105
2.43795e-115
2.51786e-109
5.56329e-123
1.08484e-115
0
1.47581e-102
1.04977e-103
6.94848e-107
1.53744e-115
1.40969e-105
3.21446e-105
2.38362e-115
3.97552e-109
5.76144e-123
3.22822e-123
9.68166e-116
1.3762e-102
1.07811e-102
1.56752e-115
8.95837e-106
4.58379e-105
2.33019e-115
6.26866e-109
5.96652e-123
1.87327e-123
8.56359e-116
1.27766e-102
7.87193e-103
1.60212e-115
5.69124e-106
6.4631e-105
2.27767e-115
9.87748e-109
6.1788e-123
1.08702e-123
7.50293e-116
1.18123e-102
5.74556e-103
1.63939e-115
3.61499e-106
9.04138e-105
2.22606e-115
1.55579e-108
6.39853e-123
6.30761e-124
6.50703e-116
1.08781e-102
4.19226e-103
1.67844e-115
2.29596e-106
1.25777e-104
2.17537e-115
2.45005e-108
6.62604e-123
3.65989e-124
5.58194e-116
9.98136e-103
3.05804e-103
1.7188e-115
1.45812e-106
1.7427e-104
2.12559e-115
3.85799e-108
6.86182e-123
2.12335e-124
4.73228e-116
9.12782e-103
2.23005e-103
1.76026e-115
9.25997e-107
2.40761e-104
2.07673e-115
6.07479e-108
7.10674e-123
1.23165e-124
3.96117e-116
8.32153e-103
1.62574e-103
1.80271e-115
5.88061e-107
3.31917e-104
2.02878e-115
9.56534e-108
7.36276e-123
7.14156e-125
3.27017e-116
7.56514e-103
1.18474e-103
1.8461e-115
3.73452e-107
4.56879e-104
1.98175e-115
1.50617e-107
7.63486e-123
4.13839e-125
2.65919e-116
6.85993e-103
8.62954e-104
1.8904e-115
2.37165e-107
6.28171e-104
1.93562e-115
7.93632e-123
2.39563e-125
2.12657e-116
6.2061e-103
8.30338e-123
1.38437e-125
1.66922e-116
5.60293e-103
8.83593e-123
7.97665e-126
1.28272e-116
5.04898e-103
9.81e-123
4.57373e-126
9.61651e-117
4.54223e-103
1.19894e-122
2.60096e-126
6.99816e-117
4.08029e-103
1.74889e-122
1.4582e-126
4.9055e-117
3.66052e-103
3.21643e-122
7.97129e-127
3.27005e-117
3.2801e-103
7.22321e-122
4.15574e-127
2.02406e-117
2.93621e-103
1.82605e-121
1.96185e-127
1.10277e-117
2.62611e-103
4.8768e-121
7.08396e-128
4.46128e-118
2.3509e-103
1.33207e-120
0
0
2.22262e-103
1.35828e-120
7.56415e-120
1.38502e-120
1.2113e-119
1.41227e-120
1.52135e-119
1.44007e-120
1.72179e-119
1.46841e-120
1.84746e-119
1.49731e-120
1.92464e-119
1.52677e-120
1.96872e-119
1.55682e-120
1.98554e-119
1.58746e-120
1.97419e-119
1.61869e-120
1.93021e-119
1.65055e-120
1.84836e-119
1.68302e-120
1.72512e-119
1.71614e-120
1.56048e-119
1.74991e-120
1.35886e-119
1.78434e-120
1.12901e-119
1.81944e-120
8.83019e-120
1.85524e-120
6.34585e-120
1.89173e-120
3.97239e-120
1.92896e-120
1.8274e-120
1.96671e-120
0
2.02056e-120
2.07587e-120
2.13269e-120
2.19106e-120
2.25102e-120
2.31262e-120
2.37588e-120
2.44087e-120
2.50762e-120
2.57618e-120
2.6466e-120
2.71893e-120
2.7932e-120
2.86948e-120
2.94783e-120
3.02819e-120
3.11114e-120
3.19428e-120
3.28903e-120
3.34294e-120
END_LIST
