BEGIN_LIST
0
-1.60098e-166
-5.44369e-166
-1.44626e-165
-3.53691e-165
-8.34158e-165
-1.93005e-164
-4.41054e-164
-9.97705e-164
-2.23431e-163
-4.94793e-163
-1.08117e-162
-2.32322e-162
-4.88413e-162
-9.96479e-162
-1.94604e-161
-3.54287e-161
-5.65381e-161
-6.38239e-161
2.78167e-161
-2.8349e-160
-1.25681e-159
-4.34456e-160
-2.24126e-159
-5.91251e-160
-3.11455e-159
-7.53954e-160
-3.6631e-159
-9.22645e-160
-3.51296e-159
-1.0974e-159
-2.00519e-159
-1.27831e-159
2.03139e-159
-1.46542e-159
1.06965e-158
-1.65747e-159
2.77873e-158
-1.79703e-159
6.02253e-158
5.70997e-160
1.20724e-157
1.1027e-157
2.32802e-157
4.80307e-156
4.40271e-157
2.05183e-154
8.25287e-157
8.7599e-153
1.54289e-156
3.74023e-151
2.88745e-156
1.5969e-149
5.421e-156
6.81824e-148
1.02214e-155
2.91092e-146
1.93618e-155
1.24281e-144
3.68367e-155
5.30634e-143
3.72197e-155
5.01589e-155
2.06095e-155
1.25487e-142
5.56458e-143
3.75453e-155
5.84146e-155
1.1571e-155
2.43222e-142
5.82622e-143
3.78104e-155
6.34223e-155
6.51819e-156
4.27892e-142
6.08947e-143
3.80121e-155
6.63445e-155
3.68375e-156
7.09904e-142
6.35217e-143
3.81482e-155
6.79233e-155
2.08835e-156
1.13165e-141
6.61185e-143
3.82169e-155
6.86333e-155
1.18745e-156
1.75181e-141
6.86565e-143
3.82171e-155
6.87778e-155
6.77113e-157
2.65114e-141
7.11037e-143
3.81481e-155
6.85513e-155
3.87153e-157
3.94021e-141
7.34239e-143
3.80101e-155
6.80784e-155
2.21929e-157
5.76983e-141
7.55765e-143
3.78037e-155
6.74396e-155
1.27523e-157
8.34506e-141
7.75149e-143
3.75303e-155
6.66867e-155
7.34412e-158
1.1944e-140
7.91829e-143
3.71916e-155
6.58535e-155
4.23837e-158
1.69435e-140
8.05078e-143
3.67903e-155
6.49622e-155
2.45077e-158
2.38534e-140
8.13857e-143
3.63292e-155
6.40276e-155
1.41965e-158
3.33637e-140
8.1653e-143
3.58118e-155
6.30598e-155
8.23707e-159
4.64092e-140
8.10322e-143
3.52424e-155
6.20658e-155
4.78644e-159
6.42582e-140
7.90266e-143
3.45685e-155
6.10506e-155
2.78507e-159
8.86374e-140
7.47231e-143
3.90465e-155
6.00182e-155
1.62249e-159
1.21909e-139
6.64153e-143
-4.37959e-154
5.89714e-155
9.46182e-160
1.67334e-139
5.08767e-143
4.37718e-152
5.79129e-155
5.52255e-160
2.29483e-139
2.18818e-143
2.68206e-151
4.25889e-152
4.29004e-154
2.61206e-155
4.41228e-155
3.87688e-160
2.42322e-139
2.17185e-139
2.11062e-143
6.14721e-144
9.05671e-151
4.13927e-152
1.21145e-153
1.1815e-155
3.35303e-155
2.72194e-160
2.5408e-139
2.02036e-139
2.03235e-143
1.71895e-144
2.7377e-150
4.01875e-152
2.9096e-153
5.3521e-156
2.54681e-155
1.91103e-160
2.64642e-139
1.84854e-139
1.95374e-143
4.80044e-145
8.03656e-150
3.89776e-152
6.74053e-153
2.42683e-156
1.93724e-155
1.34148e-160
2.73898e-139
1.66536e-139
1.87517e-143
1.34018e-145
2.34293e-149
3.77672e-152
1.57213e-152
1.10125e-156
1.47836e-155
9.41302e-161
2.81741e-139
1.47941e-139
1.79696e-143
3.74139e-146
6.82984e-149
3.65599e-152
3.74939e-152
5.00049e-157
1.13375e-155
6.60053e-161
2.88069e-139
1.29798e-139
1.71944e-143
1.04455e-146
1.99488e-148
3.53594e-152
9.17562e-152
2.27188e-157
8.75153e-156
4.62348e-161
2.92786e-139
1.12659e-139
1.64291e-143
2.91647e-147
5.84121e-148
3.41687e-152
2.2999e-151
1.0327e-157
6.80976e-156
3.23348e-161
2.95803e-139
9.68915e-140
1.56764e-143
8.14386e-148
1.71467e-147
3.29909e-152
5.88209e-151
4.69614e-158
5.34892e-156
2.25618e-161
2.97039e-139
8.2694e-140
1.49385e-143
2.27434e-148
5.04541e-147
3.18287e-152
1.52876e-150
2.1362e-158
4.24648e-156
1.56907e-161
2.96422e-139
7.0131e-140
1.42175e-143
6.35263e-149
1.48789e-146
3.06844e-152
4.02296e-150
9.71841e-159
3.41089e-156
1.0861e-161
2.93887e-139
5.91693e-140
1.35152e-143
1.77507e-149
4.39672e-146
2.95602e-152
1.06867e-149
4.42038e-159
2.77399e-156
7.46746e-162
2.89381e-139
4.97119e-140
1.28332e-143
4.96532e-150
1.30165e-145
2.84579e-152
2.85895e-149
2.00887e-159
2.28513e-156
5.08466e-162
2.82861e-139
4.16253e-140
1.21726e-143
1.39409e-150
3.86004e-145
2.73792e-152
7.68842e-149
9.10938e-160
1.90672e-156
3.41328e-162
2.74295e-139
3.476e-140
1.15344e-143
3.96675e-151
1.14645e-144
2.63253e-152
2.07557e-148
4.11012e-160
1.61085e-156
2.24265e-162
2.63663e-139
2.89647e-140
1.09192e-143
1.18315e-151
3.40974e-144
2.52974e-152
5.6191e-148
1.83419e-160
1.37683e-156
1.4245e-162
2.50958e-139
2.40947e-140
1.03276e-143
4.08774e-152
1.01539e-143
2.42964e-152
1.52438e-147
7.98771e-161
1.1893e-156
8.54455e-163
2.36184e-139
2.00185e-140
9.75989e-144
1.96024e-152
3.02725e-143
2.33233e-152
4.14163e-147
3.28549e-161
1.03688e-156
4.58992e-163
2.19362e-139
1.66309e-140
9.21629e-144
1.40401e-152
9.03541e-143
2.23793e-152
1.12648e-146
1.15868e-161
9.11088e-157
1.86331e-163
2.00524e-139
1.39409e-140
8.70317e-144
1.28866e-152
2.70009e-142
2.14667e-152
3.06635e-146
2.05251e-162
8.05661e-157
0
1.79716e-139
1.27835e-140
8.45579e-144
1.29828e-152
1.71672e-142
3.91456e-142
2.09422e-152
4.84153e-146
2.09852e-162
1.17017e-162
6.72858e-157
1.67587e-139
1.31287e-139
1.32393e-152
1.09095e-142
5.58212e-142
2.04277e-152
7.63419e-146
2.14552e-162
6.67152e-163
5.65912e-157
1.55587e-139
9.58608e-140
1.35494e-152
6.93082e-143
7.87072e-142
1.9923e-152
1.20291e-145
2.19353e-162
3.8037e-163
4.77265e-157
1.43844e-139
6.99671e-140
1.38906e-152
4.40236e-143
1.10105e-141
1.94282e-152
1.89469e-145
2.24258e-162
2.16862e-163
4.02133e-157
1.32468e-139
5.10517e-140
1.42517e-152
2.79603e-143
1.5317e-141
1.89432e-152
2.98374e-145
2.29268e-162
1.23639e-163
3.37481e-157
1.21548e-139
3.72397e-140
1.46273e-152
1.77571e-143
2.12224e-141
1.8468e-152
4.69836e-145
2.34384e-162
7.04851e-164
2.81366e-157
1.11154e-139
2.71568e-140
1.50147e-152
1.12769e-143
2.93195e-141
1.80026e-152
7.39802e-145
2.39611e-162
4.01774e-164
2.32516e-157
1.01336e-139
1.97978e-140
1.54126e-152
7.16149e-144
4.04203e-141
1.75469e-152
1.16489e-144
2.44948e-162
2.28958e-164
1.90063e-157
9.2125e-140
1.44275e-140
1.58203e-152
4.54796e-144
5.56378e-141
1.71009e-152
1.83424e-144
2.50399e-162
1.30416e-164
1.53367e-157
8.35373e-140
1.05088e-140
1.62376e-152
2.88824e-144
7.64972e-141
1.66645e-152
2.55966e-162
7.42271e-165
1.21913e-157
7.55753e-140
2.61652e-162
4.21879e-165
9.52424e-158
6.82303e-140
2.67463e-162
2.39203e-165
7.29177e-158
6.14845e-140
2.73411e-162
1.3506e-165
5.45061e-158
5.53135e-140
2.79526e-162
7.57023e-166
3.95742e-158
4.96883e-140
2.85884e-162
4.18853e-166
2.76908e-158
4.45764e-140
2.92694e-162
2.26333e-166
1.84337e-158
3.9944e-140
3.00529e-162
1.16874e-166
1.13985e-158
3.57561e-140
3.10963e-162
5.478e-167
6.20598e-159
3.19799e-140
3.28333e-162
1.96925e-167
2.50964e-159
2.86286e-140
3.64604e-162
0
0
2.70664e-140
3.69272e-162
6.02864e-162
3.74004e-162
7.66703e-162
3.78801e-162
8.69688e-162
3.83662e-162
9.29396e-162
3.8859e-162
9.61842e-162
3.93585e-162
9.78211e-162
3.98649e-162
9.84278e-162
4.03782e-162
9.81401e-162
4.08985e-162
9.68011e-162
4.14259e-162
9.41106e-162
4.19605e-162
8.97574e-162
4.25025e-162
8.35303e-162
4.30519e-162
7.53994e-162
4.36089e-162
6.55562e-162
4.41735e-162
5.44063e-162
4.47459e-162
4.25171e-162
4.53262e-162
3.05373e-162
4.59144e-162
1.91084e-162
4.65109e-162
8.7884e-163
4.71134e-162
0
4.79656e-162
4.88341e-162
4.97193e-162
5.06215e-162
5.15411e-162
5.24783e-162
5.34335e-162
5.44071e-162
5.53994e-162
5.64108e-162
5.74415e-162
5.8492e-162
5.95627e-162
6.06538e-162
6.17659e-162
6.2898e-162
6.40574e-162
6.52115e-162
6.65141e-162
6.72516e-162
END_LIST
