BEGIN_LIST
0
5.81366e-08
1.51259e-07
2.79282e-07
4.4212e-07
6.39687e-07
8.71885e-07
1.13862e-06
1.4398e-06
1.77531e-06
2.14508e-06
2.54904e-06
2.98719e-06
3.45975e-06
3.96739e-06
4.51196e-06
5.09819e-06
5.73795e-06
6.4606e-06
7.33833e-06
8.5484e-06
1.24513e-05
9.12206e-06
1.67341e-05
9.71614e-06
2.13309e-05
1.03306e-05
2.61684e-05
1.09654e-05
3.11661e-05
1.16206e-05
3.62376e-05
1.22961e-05
4.12918e-05
1.29918e-05
4.62351e-05
1.37079e-05
5.09741e-05
1.44442e-05
5.54185e-05
1.52008e-05
5.94845e-05
1.59775e-05
6.30982e-05
1.67745e-05
6.61988e-05
1.75916e-05
6.87414e-05
1.84289e-05
7.06986e-05
1.92862e-05
7.2058e-05
2.01637e-05
7.28126e-05
2.10614e-05
7.29299e-05
2.19872e-05
7.22733e-05
2.328e-05
7.04047e-05
3.95184e-05
7.07309e-05
7.08492e-05
6.72881e-05
5.48206e-05
4.26989e-05
7.09098e-05
7.09884e-05
6.53392e-05
7.08238e-05
4.58936e-05
7.09382e-05
7.09334e-05
6.38496e-05
8.72348e-05
4.90754e-05
7.08143e-05
7.07467e-05
6.24579e-05
0.000103785
5.22144e-05
7.05375e-05
7.0463e-05
6.09836e-05
0.00012023
5.52779e-05
7.01085e-05
7.01016e-05
5.93416e-05
0.000136352
5.82303e-05
6.95295e-05
6.96728e-05
5.74978e-05
0.00015196
6.10337e-05
6.88042e-05
6.91822e-05
5.54463e-05
0.000166889
6.36479e-05
6.79374e-05
6.86332e-05
5.31967e-05
0.000180996
6.60301e-05
6.69353e-05
6.80276e-05
5.07677e-05
0.000194164
6.81342e-05
6.58053e-05
6.73667e-05
4.81831e-05
0.000206293
6.99083e-05
6.45557e-05
6.66517e-05
4.54695e-05
0.000217299
7.12895e-05
6.31958e-05
6.58838e-05
4.26552e-05
0.000227098
7.21916e-05
6.17358e-05
6.50642e-05
3.97687e-05
0.000235597
7.24825e-05
6.01863e-05
6.41943e-05
3.68383e-05
0.000242656
7.19386e-05
5.85582e-05
6.32756e-05
3.38913e-05
0.000248041
7.01583e-05
5.68629e-05
6.23099e-05
3.0954e-05
0.000251317
6.63975e-05
5.51117e-05
6.12988e-05
2.8051e-05
0.000251675
5.92567e-05
5.33206e-05
6.02445e-05
2.52054e-05
0.000247598
4.60788e-05
5.01088e-05
5.91488e-05
2.24381e-05
0.000236272
2.17317e-05
4.6887e-05
4.83479e-05
5.79449e-05
5.88932e-05
5.66257e-05
2.06453e-05
0.000234358
0.000214274
2.09146e-05
8.71125e-06
4.37131e-05
4.65929e-05
5.46889e-05
5.73132e-05
5.44182e-05
1.89e-05
0.00023196
0.000191134
2.00918e-05
5.19098e-06
4.06131e-05
4.48494e-05
4.9798e-05
5.49475e-05
5.26814e-05
1.72075e-05
0.000229069
0.000167795
1.92674e-05
4.37138e-06
3.76098e-05
4.31227e-05
4.38654e-05
5.21662e-05
5.14596e-05
1.5573e-05
0.000225678
0.000145127
1.84453e-05
4.32134e-06
3.47216e-05
4.14176e-05
3.75169e-05
4.91872e-05
5.07318e-05
1.40009e-05
0.00022178
0.000123831
1.7629e-05
4.49789e-06
3.19632e-05
3.97385e-05
3.12859e-05
4.61322e-05
5.04425e-05
1.24954e-05
0.000217365
0.000104397
1.68221e-05
4.74924e-06
2.93454e-05
3.80893e-05
2.55471e-05
4.30691e-05
5.05219e-05
1.10602e-05
0.000212427
8.70986e-05
1.60275e-05
5.03343e-06
2.68752e-05
3.64735e-05
2.05086e-05
4.0037e-05
5.08977e-05
9.69873e-06
0.00020696
7.20223e-05
1.52479e-05
5.33933e-06
2.45568e-05
3.48941e-05
1.62421e-05
3.70594e-05
5.15013e-05
8.41403e-06
0.000200954
5.91119e-05
1.44859e-05
5.66447e-06
2.23913e-05
3.33537e-05
1.27269e-05
3.41521e-05
5.22703e-05
7.20894e-06
0.000194405
4.82157e-05
1.37434e-05
6.00888e-06
2.03774e-05
3.18544e-05
9.88999e-06
3.13262e-05
5.31498e-05
6.08604e-06
0.000187304
3.91281e-05
1.30223e-05
6.37326e-06
1.8512e-05
3.0398e-05
7.63587e-06
2.85906e-05
5.40916e-05
5.04765e-06
0.000179647
3.16217e-05
1.2324e-05
6.75856e-06
1.67901e-05
2.8986e-05
5.86579e-06
2.59525e-05
5.50537e-05
4.09589e-06
0.000171426
2.54695e-05
1.16496e-05
7.16584e-06
1.5205e-05
2.76192e-05
4.48815e-06
2.34181e-05
5.59993e-05
3.2327e-06
0.000162635
2.04585e-05
1.1e-05
7.59616e-06
1.37483e-05
2.62986e-05
3.42325e-06
2.09925e-05
5.68962e-05
2.45979e-06
0.00015327
1.63974e-05
1.03759e-05
8.05068e-06
1.2407e-05
2.50245e-05
2.60443e-06
1.86805e-05
5.77156e-05
1.77876e-06
0.000143325
1.31195e-05
9.77757e-06
8.53055e-06
1.11567e-05
2.37972e-05
1.97752e-06
1.64861e-05
5.84321e-05
1.19103e-06
0.000132796
1.04829e-05
9.20523e-06
9.03697e-06
9.94022e-06
2.26168e-05
1.49947e-06
1.4413e-05
5.90225e-05
6.97902e-07
0.000121677
8.3754e-06
8.659e-06
9.57117e-06
8.60248e-06
2.1484e-05
1.1369e-06
1.24644e-05
5.94664e-05
3.00536e-07
0.000109966
6.7593e-06
8.14502e-06
1.01344e-05
6.69628e-06
2.04013e-05
8.6536e-07
1.06431e-05
5.97452e-05
0
9.76575e-05
6.07674e-06
7.89761e-06
1.07279e-05
4.22304e-06
6.6613e-06
1.97837e-05
7.59268e-07
1.14181e-05
9.92731e-06
5.98263e-05
8.97041e-05
7.03365e-05
1.10934e-05
2.67766e-06
6.63911e-06
1.91815e-05
6.66306e-07
1.22213e-05
9.13535e-06
5.94341e-05
8.20389e-05
5.11026e-05
1.14687e-05
1.7153e-06
6.63592e-06
1.85945e-05
5.85047e-07
1.30526e-05
8.31815e-06
5.85339e-05
7.47193e-05
3.75795e-05
1.18548e-05
1.11907e-06
6.66051e-06
1.80225e-05
5.14317e-07
1.39119e-05
7.50528e-06
5.7104e-05
6.77895e-05
2.80842e-05
1.22523e-05
7.52911e-07
6.72535e-06
1.74654e-05
4.53213e-07
1.47989e-05
6.71396e-06
5.51376e-05
6.12812e-05
2.1427e-05
1.26615e-05
5.31665e-07
6.84811e-06
1.6923e-05
4.01158e-07
1.57136e-05
5.95427e-06
5.26437e-05
5.52135e-05
1.67682e-05
1.30828e-05
4.02137e-07
7.05386e-06
1.63949e-05
3.57994e-07
1.66558e-05
5.23216e-06
4.96482e-05
4.95947e-05
1.35158e-05
1.35166e-05
3.31192e-07
7.37823e-06
1.58811e-05
3.2414e-07
1.76252e-05
4.55122e-06
4.61939e-05
4.44234e-05
1.12526e-05
1.39631e-05
2.98273e-07
7.87187e-06
1.53812e-05
3.00867e-07
1.86218e-05
3.91366e-06
4.23394e-05
3.96905e-05
9.6852e-06
1.44225e-05
2.90728e-07
8.60676e-06
1.48951e-05
1.96453e-05
3.32092e-06
3.81583e-05
3.53805e-05
2.06955e-05
2.77397e-06
3.37366e-05
3.14735e-05
2.1772e-05
2.27353e-06
2.91704e-05
2.79461e-05
2.28746e-05
1.82017e-06
2.45628e-05
2.4773e-05
2.40023e-05
1.41436e-06
2.0021e-05
2.19278e-05
2.51532e-05
1.05652e-06
1.56534e-05
1.93838e-05
2.63227e-05
7.47053e-07
1.15668e-05
1.7115e-05
2.74984e-05
4.86314e-07
7.8644e-06
1.50963e-05
2.86472e-05
2.74667e-07
4.64347e-06
1.33042e-05
2.96807e-05
1.1245e-07
1.99447e-06
1.17373e-05
3.03622e-05
0
0
1.10125e-05
3.09983e-05
3.01004e-05
3.16414e-05
2.84078e-05
3.22914e-05
2.61707e-05
3.29483e-05
2.40128e-05
3.36121e-05
2.22764e-05
3.42829e-05
2.10742e-05
3.49605e-05
2.03658e-05
3.56451e-05
2.00236e-05
3.63365e-05
1.98769e-05
3.70348e-05
1.97394e-05
3.774e-05
1.94288e-05
3.8452e-05
1.87858e-05
3.9171e-05
1.76917e-05
3.98967e-05
1.60838e-05
4.06294e-05
1.39656e-05
4.13688e-05
1.14076e-05
4.21151e-05
8.54008e-06
4.28682e-05
5.54074e-06
4.36283e-05
2.61866e-06
4.43933e-05
0
4.54678e-05
4.65553e-05
4.76558e-05
4.87693e-05
4.98957e-05
5.1035e-05
5.21871e-05
5.3352e-05
5.45296e-05
5.57199e-05
5.69227e-05
5.81381e-05
5.93658e-05
6.06058e-05
6.18583e-05
6.31216e-05
6.44028e-05
6.56674e-05
6.70773e-05
6.78702e-05
END_LIST
