BEGIN_LIST
0.1
0.0994772
0.0989374
0.0983805
0.097806
0.0972138
0.0966037
0.0959753
0.0953285
0.0946631
0.0939789
0.0932757
0.0925533
0.091811
0.0910478
0.0902608
0.0894432
0.088578
0.0876234
0.0864758
0.0848798
0.0796017
0.0846001
0.0743164
0.0842811
0.0690747
0.0839179
0.063925
0.0835051
0.0589112
0.0830367
0.0540722
0.0825063
0.0494402
0.0819068
0.045041
0.0812307
0.0408934
0.0804703
0.0370098
0.0796174
0.0333966
0.0786637
0.0300553
0.0776008
0.0269833
0.0764206
0.0241759
0.0751157
0.0216281
0.0736792
0.0193399
0.0721056
0.0173241
0.0703909
0.0156243
0.0685274
0.0143533
0.0663415
0.0137755
0.0586508
0.0128527
0.0140445
0.0144403
0.0547076
0.0538917
0.0119807
0.0144247
0.0154844
0.0510046
0.0493623
0.0111583
0.0148803
0.0167793
0.0475304
0.0450788
0.010384
0.0153894
0.0182622
0.0442739
0.0410522
0.00965596
0.0159389
0.0199036
0.041224
0.0372881
0.0089726
0.0165209
0.0216906
0.0383698
0.0337875
0.00833201
0.0171307
0.023618
0.0357006
0.0305473
0.00773232
0.0177656
0.0256846
0.0332061
0.0275612
0.00717158
0.0184239
0.0278901
0.0308763
0.0248201
0.00664788
0.0191049
0.030234
0.0287013
0.0223127
0.00615927
0.0198083
0.032715
0.0266715
0.0200258
0.00570387
0.0205339
0.0353305
0.0247773
0.0179447
0.00527981
0.0212817
0.0380759
0.0230084
0.0160521
0.00488526
0.022052
0.040945
0.0213531
0.014327
0.00451846
0.0228448
0.0439291
0.0197959
0.0127403
0.00417773
0.0236604
0.0470179
0.0183134
0.0112454
0.00386141
0.0244989
0.0501986
0.016865
0.00975716
0.00356794
0.0253605
0.0534565
0.0153739
0.00810604
0.00329704
0.0262453
0.0567751
0.0136871
0.00593638
0.00291749
0.0271535
0.0601363
0.0114919
0.00248228
0.00259419
0.00272254
0.0207845
0.0367797
0.0201791
0.0624099
0.0111689
0.00918085
0.00228687
0.000736061
0.00230532
0.00254018
0.0157007
0.0423084
0.0154561
0.0646847
0.0108411
0.00730434
0.00210642
0.000264326
0.00204751
0.00236964
0.0117386
0.0461402
0.0123114
0.0669556
0.0105081
0.00579207
0.00193984
0.000140488
0.00181766
0.00221022
0.00870715
0.0492763
0.0102727
0.0692172
0.0101695
0.00458067
0.00178614
0.000111824
0.00161292
0.00206123
0.00642004
0.0521325
0.00901083
0.0714636
0.00982482
0.00361495
0.00164435
0.000109475
0.00143069
0.00192203
0.00471256
0.0548783
0.00829775
0.0736892
0.00947366
0.00284802
0.0015136
0.000114703
0.00126862
0.00179201
0.00344774
0.0575783
0.0079763
0.0758883
0.00911559
0.0022408
0.00139306
0.00012243
0.00112458
0.00167059
0.00251624
0.0602533
0.00793866
0.0780553
0.0087501
0.00176119
0.00128196
0.000131306
0.000996619
0.00155723
0.00183311
0.0629048
0.0081113
0.0801849
0.00837671
0.00138309
0.00117959
0.000140997
0.000883009
0.00145142
0.00133369
0.0655269
0.00844448
0.0822721
0.00799489
0.00108545
0.00108528
0.000151449
0.000782185
0.00135267
0.000969411
0.0681101
0.00890495
0.0843122
0.00760409
0.000851418
0.000998407
0.000162686
0.00069274
0.00126053
0.000704136
0.0706445
0.00947088
0.0863009
0.00720375
0.000667579
0.000918411
0.000174759
0.000613409
0.00117456
0.000511194
0.0731201
0.0101284
0.0882344
0.00679326
0.000523269
0.000844755
0.000187727
0.000543048
0.00109438
0.000370984
0.0755274
0.010869
0.0901094
0.006372
0.000410052
0.000776947
0.000201655
0.000480586
0.0010196
0.000269161
0.077858
0.0116883
0.0919228
0.00593931
0.000321269
0.000714533
0.000216614
0.000424924
0.000949867
0.000195251
0.0801044
0.0125843
0.0936724
0.0054945
0.000251672
0.000657091
0.000232679
0.000374643
0.000884855
0.000141631
0.0822605
0.0135571
0.0953561
0.00503685
0.000197147
0.000604232
0.000249931
0.00032713
0.000824267
0.000102768
0.0843214
0.0146079
0.0969725
0.0045656
0.00015458
0.000555605
0.000268459
0.000275916
0.000767866
7.46862e-05
0.0862832
0.0157391
0.0985207
0.00407997
0.000122577
0.000511335
0.000288354
0.000202534
0.000715579
5.46342e-05
0.0881435
0.0169535
0.1
0.00357911
0.000109196
0.00049036
0.000309718
0.000125879
0.000196478
0.000686341
4.70052e-05
0.0875378
0.0887496
0.0189615
0.00313732
0.0025163
0.000323105
7.90298e-05
0.000191123
0.000658287
4.04481e-05
0.0869189
0.0893558
0.0211876
0.00274772
0.00178016
0.000336999
5.05311e-05
0.00018666
0.00063137
3.48166e-05
0.0862869
0.089961
0.0236431
0.00240468
0.00127074
0.000351454
3.33502e-05
0.000183368
0.000605546
2.99873e-05
0.0856417
0.0905646
0.0263399
0.00210307
0.000918678
0.000366509
2.31739e-05
0.000181654
0.000580769
2.58573e-05
0.0849833
0.0911667
0.0292889
0.00183823
0.000675831
0.000382197
1.73609e-05
0.000182106
0.000557
2.23442e-05
0.0843118
0.0917673
0.0324993
0.00160592
0.000508796
0.000398549
1.42992e-05
0.00018558
0.000534196
1.93867e-05
0.0836273
0.0923663
0.035978
0.00140234
0.000394402
0.000415595
1.30099e-05
0.000193309
0.00051232
1.69475e-05
0.0829298
0.0929638
0.0397283
0.00122409
0.000316578
0.000433365
1.29052e-05
0.000207078
0.000491334
1.50201e-05
0.0822194
0.0935597
0.0437492
0.00106813
0.000264174
0.00045189
1.36399e-05
0.000229461
0.000471202
0.0814963
0.0941541
0.0480351
0.000931762
0.0807604
0.0947468
0.0525744
0.000812593
0.0800117
0.0953379
0.0573496
0.000708503
0.0792496
0.0959273
0.0623368
0.000617623
0.0784723
0.0965149
0.0675059
0.000538307
0.077674
0.0971007
0.0728206
0.000469106
0.0768381
0.0976846
0.0782392
0.000408747
0.0759163
0.0982665
0.0837158
0.000356113
0.0747703
0.0988464
0.0892016
0.000310242
0.0730039
0.0994243
0.0946464
0.000270766
0.0694843
0.1
0.1
0.000252646
0.0692506
0.0469219
0.0689998
0.0317426
0.0687307
0.0219882
0.0684424
0.0160671
0.0681337
0.0128127
0.0678033
0.0114368
0.06745
0.0114457
0.0670726
0.0125577
0.0666699
0.0146375
0.0662404
0.0176475
0.065783
0.0216119
0.0652963
0.0265865
0.064779
0.032632
0.06423
0.0397872
0.0636479
0.0480418
0.0630316
0.0573133
0.06238
0.0674319
0.0616922
0.0781411
0.0609673
0.089116
0.0602017
0.1
0.059079
0.0578812
0.0566079
0.0552596
0.0538376
0.0523444
0.0507834
0.0491592
0.0474773
0.0457441
0.0439673
0.0421551
0.0403163
0.0384606
0.0365973
0.0347376
0.0328841
0.0310832
0.0291517
0.0280959
END_LIST
