BEGIN_LIST
0.1
0.0998212
0.0996352
0.0994418
0.0992407
0.0990316
0.0988143
0.0985885
0.0983539
0.0981103
0.0978573
0.0975945
0.0973216
0.097038
0.0967423
0.0964324
0.0961026
0.0957398
0.0953118
0.0947397
0.0938286
0.0904049
0.0938077
0.0867631
0.0937836
0.082925
0.093756
0.0789184
0.0937243
0.0747761
0.093688
0.0705356
0.0936463
0.0662368
0.0935985
0.0619215
0.0935437
0.0576311
0.0934809
0.0534058
0.0934089
0.049283
0.0933266
0.0452967
0.0932323
0.0414779
0.0931243
0.0378552
0.0930008
0.034459
0.0928596
0.0313287
0.0926983
0.0285309
0.0925138
0.0261951
0.0922987
0.0245923
0.0918843
0.024302
0.0850293
0.0229894
0.0244487
0.0262519
0.0801984
0.0814835
0.0217148
0.0248558
0.0283509
0.0755613
0.0777916
0.0204806
0.0254309
0.0305884
0.0711199
0.0739805
0.0192893
0.0261171
0.0329539
0.0668745
0.0700802
0.0181425
0.0268792
0.0354376
0.0628244
0.0661229
0.0170415
0.0276956
0.0380291
0.0589675
0.0621425
0.0159874
0.0285526
0.0407177
0.0553011
0.0581725
0.0149805
0.0294418
0.0434915
0.0518215
0.0542457
0.0140211
0.0303578
0.0463372
0.048524
0.0503926
0.0131089
0.0312971
0.0492403
0.0454035
0.0466401
0.0122436
0.0322576
0.0521852
0.0424538
0.0430108
0.0114242
0.0332375
0.055155
0.0396676
0.0395208
0.0106499
0.0342357
0.0581323
0.0370359
0.036177
0.00991955
0.0352512
0.0610993
0.0345464
0.0329719
0.00923173
0.0362833
0.0640381
0.03218
0.0298719
0.00858505
0.037331
0.0669313
0.0299047
0.0267936
0.00797793
0.0383937
0.0697624
0.0276608
0.0235522
0.00740875
0.0394706
0.072516
0.0253323
0.0197514
0.00687792
0.0405608
0.0751784
0.0226853
0.0145436
0.00612904
0.0416637
0.0777373
0.0192425
0.00610018
0.00549084
0.00574006
0.0335535
0.055026
0.0311516
0.0793911
0.0187057
0.0159301
0.0056556
0.001797
0.00491237
0.00537364
0.0264322
0.0621023
0.0239466
0.0809901
0.0181608
0.0130557
0.00524001
0.000631222
0.00438943
0.00502874
0.0204374
0.0664038
0.0190942
0.0825327
0.0176071
0.0106086
0.00485199
0.000323717
0.0039178
0.00470433
0.0155633
0.0694535
0.0159089
0.0840173
0.0170439
0.00855845
0.00449016
0.000251119
0.00349335
0.0043994
0.0117092
0.0719124
0.0139041
0.0854431
0.0164706
0.00686369
0.00415311
0.0002434
0.00311209
0.00411296
0.0087272
0.074066
0.0127381
0.0868093
0.0158864
0.0054779
0.00383948
0.00025426
0.00277021
0.00384406
0.00645822
0.0760369
0.0121722
0.0881156
0.0152906
0.00435475
0.00354791
0.000271143
0.00246411
0.00359176
0.00475345
0.077877
0.0120411
0.0893621
0.0146824
0.00345096
0.00327709
0.000290693
0.00219042
0.00335517
0.00348466
0.0796079
0.0122306
0.0905489
0.0140609
0.00272783
0.00302575
0.000312074
0.00194602
0.00313341
0.00254695
0.0812389
0.0126625
0.0916767
0.0134254
0.00215189
0.00279266
0.000335136
0.00172799
0.00292566
0.00185751
0.082774
0.0132836
0.0927465
0.0127749
0.00169484
0.00257666
0.000359925
0.00153368
0.00273111
0.00135252
0.0842156
0.014058
0.0937592
0.0121084
0.00133318
0.00237663
0.000386546
0.00136065
0.00254899
0.000983669
0.0855658
0.0149619
0.0947163
0.011425
0.00104765
0.00219148
0.000415126
0.00120661
0.00237858
0.000714798
0.0868269
0.0159798
0.0956192
0.0107237
0.000822619
0.00202022
0.000445806
0.00106942
0.00221919
0.0005191
0.0880014
0.0171018
0.0964696
0.0100033
0.000645527
0.00186188
0.000478739
0.000946795
0.00207015
0.000376819
0.0890925
0.0183221
0.0972693
0.00926274
0.000506316
0.00171556
0.000514086
0.000835677
0.00193084
0.000273474
0.0901035
0.0196374
0.0980203
0.0085008
0.000397013
0.0015804
0.000552021
0.000730271
0.0018007
0.000198506
0.091038
0.0210462
0.0987243
0.00771621
0.000311534
0.00145564
0.000592732
0.00061603
0.00167928
0.000144303
0.0918999
0.0225479
0.0993836
0.00690769
0.000247192
0.00134172
0.000636418
0.000451284
0.00156648
0.000105583
0.0926932
0.0241429
0.1
0.00607385
0.000220275
0.00128767
0.000683291
0.000280099
0.00043721
0.00150331
9.08486e-05
0.0924443
0.0929783
0.0267423
0.00539113
0.00428993
0.000712641
0.000175374
0.000424453
0.00144264
7.81849e-05
0.0921878
0.0933153
0.0295662
0.00477452
0.00305421
0.000743087
0.000111572
0.000413332
0.00138436
6.73103e-05
0.0919234
0.0936793
0.0326125
0.00422
0.00219937
0.000774745
7.30054e-05
0.00040431
0.00132839
5.79883e-05
0.0916509
0.0940569
0.0358773
0.00372323
0.0016091
0.000807698
5.00429e-05
0.000398068
0.00127464
5.00229e-05
0.0913701
0.0944405
0.0393534
0.00327969
0.00120259
0.000842018
3.6784e-05
0.000395597
0.00122303
4.32589e-05
0.0910809
0.0948261
0.0430297
0.00288489
0.000923716
0.000877769
2.96231e-05
0.000398329
0.00117347
3.7584e-05
0.090783
0.0952116
0.0468905
0.00253443
0.000733519
0.000915012
2.63676e-05
0.000408341
0.00112589
3.29363e-05
0.0904764
0.0955958
0.0509153
0.00222405
0.000604968
0.000953812
2.56965e-05
0.000428634
0.0010802
2.93194e-05
0.0901607
0.0959779
0.0550786
0.00194977
0.00051931
0.000994232
2.68287e-05
0.000463539
0.00103634
0.0898358
0.0963575
0.0593505
0.00170782
0.0895014
0.0967346
0.063697
0.00149476
0.0891571
0.0971089
0.0680811
0.0013074
0.0888017
0.0974804
0.0724636
0.00114284
0.088433
0.0978491
0.0768049
0.000998483
0.0880439
0.0982149
0.0810657
0.000871962
0.0876154
0.0985778
0.085209
0.000761171
0.0870931
0.0989377
0.089201
0.000664227
0.0863219
0.0992948
0.0930121
0.000579484
0.08486
0.0996489
0.0966181
0.000506378
0.0814473
0.1
0.1
0.000472784
0.0814221
0.0576236
0.0813949
0.0407627
0.0813655
0.0294708
0.0813337
0.0224222
0.0812994
0.0185103
0.0812624
0.0169124
0.0812224
0.0170719
0.0811793
0.0186439
0.0811327
0.0214324
0.0810824
0.0253337
0.0810281
0.0302891
0.0809695
0.0362443
0.0809064
0.0431175
0.0808382
0.0507765
0.0807647
0.0590282
0.0806854
0.0676247
0.0806
0.0762846
0.0805079
0.0847249
0.0804086
0.0926942
0.0803016
0.1
0.0801393
0.0799596
0.0797605
0.0795401
0.0792963
0.0790267
0.078729
0.0784003
0.0780379
0.0776387
0.0771994
0.0767166
0.0761867
0.075606
0.0749706
0.0742772
0.0735178
0.0727103
0.0717388
0.071177
END_LIST
