BEGIN_LIST
0.1
0.0995898
0.0991653
0.0987261
0.098272
0.0978025
0.0973175
0.0968165
0.0962993
0.0957656
0.0952151
0.0946475
0.0940624
0.093459
0.0928362
0.0921911
0.091517
0.0907975
0.0899925
0.089003
0.0875854
0.0827159
0.0874243
0.0777654
0.0872399
0.0727818
0.0870292
0.0678137
0.0867886
0.0629078
0.0865141
0.058108
0.0862014
0.0534535
0.0858456
0.0489781
0.0854413
0.0447096
0.0849826
0.0406693
0.0844631
0.0368725
0.0838759
0.0333287
0.0832134
0.0300431
0.0824679
0.0270176
0.081631
0.0242541
0.0806944
0.0217595
0.0796495
0.019556
0.0784876
0.0177028
0.077195
0.0163419
0.0755712
0.0157988
0.0676582
0.01478
0.0160737
0.0166641
0.0632531
0.0627927
0.0138124
0.0164814
0.0178978
0.059098
0.0580662
0.0128951
0.0169784
0.0193808
0.0551835
0.0535089
0.0120274
0.0175377
0.0210537
0.0514999
0.0491461
0.011208
0.0181432
0.0228875
0.0480374
0.0449975
0.0104356
0.0187849
0.0248684
0.0447858
0.0410775
0.00970879
0.0194571
0.0269895
0.0417353
0.0373952
0.00902585
0.020156
0.029247
0.0388759
0.0339553
0.00838509
0.0208797
0.0316377
0.0361978
0.0307578
0.00778472
0.0216269
0.034158
0.033691
0.0277991
0.00722292
0.022397
0.0368028
0.0313459
0.0250722
0.00669783
0.0231897
0.0395656
0.0291522
0.0225664
0.00620761
0.0240048
0.0424381
0.0270993
0.0202672
0.00575039
0.0248423
0.0454097
0.0251742
0.0181539
0.00532439
0.025702
0.0484682
0.0233596
0.0161941
0.00492782
0.0265841
0.0515992
0.0216289
0.014332
0.00455896
0.0274885
0.0547868
0.0199351
0.0124617
0.00421612
0.0284152
0.0580136
0.0181886
0.0103683
0.00389909
0.0293642
0.061261
0.0162109
0.00759869
0.00345437
0.0303353
0.0645097
0.0136376
0.0031761
0.0030755
0.00322551
0.023459
0.0408945
0.0225488
0.0666832
0.0132548
0.0109691
0.00292899
0.000936959
0.00273616
0.00301118
0.0178663
0.0468526
0.0172612
0.0688399
0.0128663
0.00877526
0.00270036
0.000331501
0.00243265
0.00281052
0.0134429
0.0508687
0.0137305
0.0709748
0.0124715
0.00698943
0.00248894
0.000172116
0.00216152
0.00262275
0.0100199
0.0540614
0.0114332
0.0730828
0.0120701
0.00554733
0.00229354
0.000134749
0.0019196
0.0024471
0.00741516
0.0568997
0.0100036
0.075159
0.0116614
0.00439028
0.00211301
0.000131089
0.00170395
0.00228284
0.00545794
0.0595773
0.00918744
0.0771984
0.0112451
0.00346669
0.0019463
0.000137097
0.0015119
0.00212927
0.00400118
0.0621701
0.00880895
0.0791965
0.0108205
0.00273246
0.00179241
0.00014626
0.00134099
0.00198576
0.00292451
0.0647043
0.0087474
0.0811489
0.0103871
0.00215067
0.0016504
0.00015684
0.00118901
0.00185167
0.00213288
0.0671849
0.00892021
0.0830516
0.00994431
0.00169084
0.0015194
0.000168405
0.00105394
0.00172643
0.00155304
0.0696084
0.00927138
0.0849011
0.00949151
0.00132815
0.0013986
0.000180881
0.000933974
0.00160946
0.00112951
0.0719683
0.0097633
0.0866942
0.00902805
0.00104252
0.00128723
0.000194296
0.000827463
0.00150026
0.000820772
0.074257
0.0103711
0.0884283
0.00855326
0.000817868
0.00118458
0.000208707
0.000732935
0.00139833
0.000596055
0.0764675
0.0110788
0.0901011
0.00806642
0.000641348
0.00108999
0.000224185
0.000649043
0.0013032
0.000432667
0.0785935
0.0118766
0.0917107
0.0075668
0.000502756
0.00100285
0.000240807
0.00057453
0.00121443
0.000313965
0.0806299
0.0127588
0.093256
0.0070536
0.000394008
0.000922585
0.000258657
0.000508097
0.00113162
0.00022778
0.0825724
0.0137228
0.094736
0.00652601
0.00030872
0.000848669
0.000277826
0.000448057
0.00105439
0.000165241
0.0844182
0.014768
0.0961503
0.00598319
0.000241877
0.000780612
0.00029841
0.00039129
0.000982376
0.000119907
0.0861655
0.0158954
0.0974988
0.00542424
0.000189678
0.000717972
0.000320513
0.000330059
0.000915318
8.7146e-05
0.0878134
0.0171065
0.0987818
0.00484821
0.000150425
0.000660918
0.000344245
0.000242262
0.00085313
6.37512e-05
0.0893623
0.018404
0.1
0.00425412
0.000134011
0.000633881
0.000369725
0.000150533
0.000235012
0.000818347
5.485e-05
0.0888635
0.0898748
0.0205433
0.00373771
0.00299136
0.000385689
9.44602e-05
0.000228597
0.000784966
4.71996e-05
0.0883525
0.090406
0.0229051
0.00328027
0.00211662
0.000402257
6.03417e-05
0.000223244
0.000752934
4.06292e-05
0.0878292
0.0909461
0.0254985
0.00287595
0.00151125
0.000419491
3.97625e-05
0.000219285
0.000722195
3.4995e-05
0.0872933
0.0914899
0.0283323
0.00251925
0.00109285
0.00043744
2.75616e-05
0.000217203
0.0006927
3.01775e-05
0.086745
0.0920349
0.031414
0.00220508
0.000804244
0.000456142
2.05782e-05
0.000217698
0.000664399
2.60807e-05
0.086184
0.0925794
0.0347485
0.00192878
0.000605737
0.000475633
1.68823e-05
0.000221787
0.000637244
2.26337e-05
0.0856104
0.0931229
0.0383377
0.00168609
0.000469797
0.00049595
1.53022e-05
0.000230935
0.00061119
1.9794e-05
0.0850241
0.0936648
0.0421792
0.00147316
0.000377322
0.000517127
1.51337e-05
0.000247264
0.000586192
1.75555e-05
0.0844251
0.0942048
0.046266
0.00128654
0.000315064
0.000539201
1.59626e-05
0.000273835
0.00056221
0.0838133
0.0947429
0.0505857
0.0011231
0.0831886
0.095279
0.05512
0.00098008
0.0825508
0.0958129
0.0598448
0.000855009
0.0818992
0.0963446
0.0647301
0.000745699
0.0812317
0.096874
0.0697403
0.000650211
0.0805422
0.0974011
0.0748354
0.000566834
0.0798131
0.0979258
0.0799715
0.00049406
0.0789942
0.0984481
0.0851024
0.000430562
0.0779415
0.0989679
0.0901811
0.000375194
0.076244
0.0994852
0.0951616
0.000327525
0.0727281
0.1
0.1
0.000305639
0.0725804
0.0496191
0.0724215
0.0338793
0.0722504
0.0236673
0.0720664
0.0174279
0.0718687
0.0139876
0.0716562
0.0125377
0.0714281
0.0125635
0.0711833
0.0137663
0.0709207
0.0159975
0.0706393
0.0192071
0.0703378
0.0234043
0.0700152
0.0286244
0.0696701
0.0348992
0.0693014
0.0422289
0.0689076
0.0505563
0.0684876
0.0597487
0.0680399
0.0695917
0.0675633
0.0798001
0.0670563
0.0900464
0.0665165
0.1
0.0657145
0.0648458
0.0639076
0.062897
0.0618119
0.0606505
0.0594118
0.0580955
0.0567022
0.0552333
0.0536915
0.0520804
0.0504046
0.0486701
0.0468833
0.0450536
0.0431816
0.0413175
0.0392588
0.0381171
END_LIST
