BEGIN_LIST
0.1
0.0998457
0.099685
0.0995179
0.099344
0.0991631
0.098975
0.0987794
0.0985761
0.0983647
0.0981451
0.0979168
0.0976795
0.0974326
0.0971749
0.0969043
0.0966155
0.096296
0.0959154
0.0953986
0.0945608
0.0913754
0.0945464
0.0879638
0.09453
0.0843427
0.094511
0.0805347
0.0944893
0.0765684
0.0944644
0.0724772
0.0944358
0.0682982
0.0944031
0.0640714
0.0943655
0.0598378
0.0943224
0.0556382
0.094273
0.0515117
0.0942165
0.0474952
0.0941516
0.043623
0.0940774
0.0399282
0.0939924
0.0364464
0.0938951
0.0332236
0.0937838
0.0303353
0.0936563
0.0279254
0.0935065
0.0262899
0.0931757
0.0260563
0.0866006
0.0247045
0.0261455
0.0282667
0.081811
0.083374
0.0233858
0.0265287
0.0305505
0.0771988
0.0799787
0.0221035
0.0271008
0.0329312
0.0727677
0.0764355
0.0208603
0.0277966
0.0354147
0.0685198
0.0727693
0.0196587
0.0285758
0.0379979
0.0644559
0.0690084
0.0185007
0.0294135
0.0406734
0.0605757
0.0651835
0.0173877
0.0302942
0.0434306
0.0568779
0.0613268
0.0163208
0.0312079
0.0462569
0.0533601
0.0574711
0.0153007
0.0321485
0.0491381
0.0500189
0.0536477
0.0143277
0.0331119
0.0520584
0.0468502
0.0498863
0.0134018
0.0340956
0.0550014
0.0438489
0.0462122
0.0125225
0.0350975
0.0579496
0.0410085
0.042645
0.0116893
0.0361162
0.0608853
0.0383207
0.0391952
0.0109013
0.0371506
0.063791
0.0357737
0.0358572
0.0101574
0.0381997
0.0666495
0.0333486
0.0325972
0.00945634
0.0392627
0.0694445
0.0310131
0.029326
0.00879677
0.0403385
0.0721611
0.0287063
0.0258423
0.00817715
0.0414264
0.0747857
0.0263093
0.021712
0.00759811
0.0425254
0.0773067
0.0235824
0.0160058
0.00678019
0.0436347
0.0797144
0.0200355
0.00672163
0.00608316
0.0063544
0.0354185
0.0573872
0.0326857
0.081262
0.0194775
0.0166808
0.00623971
0.00198279
0.00544957
0.00595274
0.0280929
0.0645893
0.0251691
0.0827523
0.0189109
0.0137378
0.00578808
0.000698655
0.00487532
0.00557417
0.0218458
0.0688858
0.0201001
0.0841844
0.0183351
0.0112091
0.00536545
0.000360043
0.00435622
0.00521766
0.0167128
0.0718656
0.0167689
0.0855574
0.0177495
0.00907417
0.00497049
0.000280279
0.00388807
0.00488217
0.0126197
0.0742213
0.0146702
0.0868711
0.0171534
0.00729801
0.00460183
0.000272025
0.00346678
0.00456669
0.0094322
0.0762542
0.0134483
0.0881254
0.016546
0.00583806
0.00425814
0.000284264
0.00308836
0.00427022
0.00699477
0.0780949
0.0128543
0.0893206
0.0159264
0.00464979
0.00393807
0.000303159
0.00274904
0.00399179
0.00515658
0.0797996
0.0127154
0.090457
0.015294
0.00369032
0.0036403
0.000325015
0.00244525
0.00373045
0.00378467
0.0813931
0.0129121
0.0915356
0.0146478
0.00292056
0.00336353
0.000348908
0.00217363
0.0034853
0.00276865
0.0828863
0.0133626
0.0925575
0.013987
0.00230614
0.0031065
0.000374677
0.00193107
0.00325545
0.00202049
0.0842848
0.0140107
0.0935237
0.0133106
0.00181771
0.002868
0.000402373
0.00171469
0.00304004
0.00147189
0.0855922
0.0148188
0.0944359
0.0126176
0.00143069
0.00264687
0.000432112
0.00152184
0.00283827
0.00107085
0.0868116
0.0157615
0.0952956
0.011907
0.0011248
0.00244197
0.000464038
0.00135003
0.00264935
0.000778346
0.0879461
0.0168223
0.0961046
0.0111778
0.000883535
0.00225224
0.000498305
0.00119691
0.00247253
0.000565353
0.0889989
0.0179904
0.0968646
0.0104287
0.000693533
0.00207666
0.000535084
0.00105995
0.0023071
0.000410449
0.0899735
0.0192594
0.0975777
0.00965871
0.000544096
0.00191427
0.000574554
0.000935768
0.00215239
0.00029791
0.0908738
0.0206253
0.0982457
0.00886647
0.000426714
0.00176414
0.000616909
0.000817873
0.00200779
0.000216259
0.0917035
0.0220861
0.0988708
0.0080507
0.000334889
0.00162546
0.000662357
0.000689949
0.00187283
0.000157216
0.0924666
0.0236409
0.0994549
0.00721006
0.000265755
0.00149874
0.000711117
0.000505223
0.00174738
0.000115035
0.0931672
0.0252893
0.1
0.00634311
0.00023683
0.0014386
0.000763427
0.000313504
0.000489327
0.00167711
9.89845e-05
0.0929481
0.093424
0.0279694
0.00564171
0.00448608
0.000796176
0.000196195
0.000474846
0.0016096
8.51887e-05
0.0927221
0.093735
0.0308717
0.00500572
0.0031998
0.000830145
0.000124709
0.000462111
0.00154474
7.33424e-05
0.0924889
0.0940743
0.0339917
0.00443174
0.00231013
0.000865461
8.14764e-05
0.000451604
0.00148244
6.31881e-05
0.0922485
0.0944278
0.0373229
0.00391588
0.00169601
0.000902219
5.57125e-05
0.000444032
0.0014226
5.45132e-05
0.0920005
0.0947878
0.0408552
0.00345399
0.0012733
0.000940497
4.08085e-05
0.000440426
0.00136512
4.71493e-05
0.0917449
0.0951501
0.0445748
0.00304182
0.000983543
0.000980365
3.27252e-05
0.000442277
0.00130992
4.09755e-05
0.0914815
0.0955123
0.0484631
0.0026751
0.000786188
0.00102189
2.90054e-05
0.000451748
0.00125691
3.59267e-05
0.09121
0.0958733
0.0524966
0.00234969
0.000653075
0.00106515
2.81681e-05
0.000471963
0.00120601
3.20104e-05
0.0909303
0.0962322
0.0566477
0.0020616
0.000564672
0.00111021
2.93366e-05
0.000507434
0.00115713
0.0906421
0.0965887
0.0608842
0.00180709
0.0903452
0.0969426
0.0651709
0.00158265
0.0900392
0.0972937
0.0694701
0.00138505
0.0897229
0.0976421
0.073743
0.00121132
0.0893939
0.0979876
0.0779508
0.00105877
0.0890454
0.0983302
0.0820564
0.00092496
0.0886581
0.09867
0.0860254
0.000807703
0.0881773
0.0990068
0.0898272
0.000705037
0.0874475
0.0993408
0.0934363
0.000615244
0.0860249
0.0996719
0.0968321
0.000537747
0.0826438
0.1
0.1
0.000502128
0.0826259
0.0588576
0.0826065
0.0419211
0.0825855
0.030518
0.0825629
0.0233743
0.0825385
0.0194076
0.0825121
0.0178013
0.0824835
0.0179965
0.0824527
0.0196416
0.0824195
0.0225318
0.0823836
0.0265522
0.0823448
0.0316292
0.082303
0.0376902
0.0822578
0.0446325
0.0822091
0.0523022
0.0821565
0.0604885
0.0820997
0.0689333
0.0820385
0.0773556
0.0819725
0.085484
0.0819012
0.093088
0.0818244
0.1
0.0817078
0.0815784
0.0814349
0.0812757
0.0810994
0.080904
0.0806876
0.0804483
0.0801836
0.0798911
0.0795681
0.0792119
0.0788193
0.0783871
0.0779118
0.0773905
0.076816
0.0762015
0.0754561
0.0750233
END_LIST
