BEGIN_LIST
0
-1.30611e-167
-4.58458e-167
-1.28027e-166
-3.3398e-166
-8.50225e-166
-2.14473e-165
-5.39232e-165
-1.35438e-164
-3.40141e-164
-8.54451e-164
-2.14729e-163
-5.39858e-163
-1.35789e-162
-3.41699e-162
-8.60227e-162
-2.16651e-161
-5.45866e-161
-1.37589e-160
-3.46931e-160
-3.46173e-160
-3.43868e-160
-3.46215e-160
-3.40824e-160
-3.46329e-160
-3.34432e-160
-3.46518e-160
-3.19862e-160
-3.46784e-160
-2.88361e-160
-3.47131e-160
-2.24161e-160
-3.47561e-160
-9.88687e-161
-3.48076e-160
1.38826e-160
-3.48646e-160
5.82151e-160
-3.47845e-160
1.40151e-159
-2.84708e-160
2.91041e-159
2.44379e-159
5.68942e-159
1.18982e-157
1.08208e-158
5.09492e-156
2.03347e-158
2.17529e-154
3.80644e-158
9.28789e-153
7.12901e-158
3.9655e-151
1.33915e-157
1.69313e-149
2.52614e-157
7.22852e-148
4.787e-157
3.0862e-146
9.10904e-157
1.31769e-144
9.2029e-157
1.24048e-156
5.09549e-157
3.11615e-144
1.38182e-144
9.28254e-157
1.44475e-156
2.86029e-157
6.03978e-144
1.44679e-144
9.34718e-157
1.5687e-156
1.61096e-157
1.06256e-143
1.51216e-144
9.39612e-157
1.64108e-156
9.10254e-158
1.76286e-143
1.5774e-144
9.42883e-157
1.68023e-156
5.15924e-158
2.81016e-143
1.64188e-144
9.44486e-157
1.6979e-156
2.93292e-158
4.35018e-143
1.70491e-144
9.44392e-157
1.70158e-156
1.67204e-158
6.58343e-143
1.76568e-144
9.4259e-157
1.69608e-156
9.55791e-159
9.7845e-143
1.82329e-144
9.39079e-157
1.6845e-156
5.47751e-159
1.43279e-142
1.87675e-144
9.33879e-157
1.6688e-156
3.1466e-159
2.07228e-142
1.92488e-144
9.27021e-157
1.65028e-156
1.81163e-159
2.966e-142
1.9663e-144
9.18554e-157
1.62976e-156
1.0452e-159
4.20749e-142
1.9992e-144
9.08537e-157
1.60781e-156
6.0418e-160
5.92338e-142
2.021e-144
8.97046e-157
1.58478e-156
3.49866e-160
8.28503e-142
2.02764e-144
8.84165e-157
1.56093e-156
2.0293e-160
1.15245e-141
2.01222e-144
8.70003e-157
1.53642e-156
1.17877e-160
1.59569e-141
1.96242e-144
8.53254e-157
1.51138e-156
6.85628e-161
2.20109e-141
1.85555e-144
9.64447e-157
1.48592e-156
3.99265e-161
3.02731e-141
1.64925e-144
-1.08808e-155
1.46009e-156
2.32743e-161
4.15532e-141
1.26339e-144
1.08696e-153
1.43397e-156
1.35786e-161
5.69863e-141
5.43378e-145
6.66021e-153
1.05758e-153
1.06489e-155
6.46706e-157
1.08945e-156
9.52948e-162
6.01745e-141
5.39325e-141
5.24119e-145
1.5265e-145
2.24901e-152
1.02788e-153
3.00788e-155
2.92494e-157
8.24983e-157
6.68859e-162
6.30943e-141
5.01706e-141
5.04682e-145
4.26857e-146
6.79839e-152
9.97951e-154
7.22484e-155
1.32484e-157
6.23843e-157
4.69453e-162
6.57173e-141
4.59039e-141
4.85162e-145
1.19207e-146
1.99568e-151
9.67908e-154
1.6738e-154
6.0067e-158
4.71901e-157
3.29438e-162
6.80158e-141
4.13551e-141
4.65649e-145
3.32798e-147
5.81807e-151
9.3785e-154
3.90395e-154
2.72545e-158
3.57649e-157
2.31091e-162
6.99634e-141
3.67374e-141
4.46228e-145
9.29078e-148
1.69602e-150
9.0787e-154
9.31064e-154
1.23742e-158
2.7197e-157
1.61993e-162
7.15347e-141
3.2232e-141
4.26979e-145
2.59386e-148
4.95379e-150
8.78057e-154
2.27853e-153
5.62135e-159
2.07793e-157
1.13436e-162
7.2706e-141
2.7976e-141
4.07975e-145
7.24231e-149
1.45052e-149
8.4849e-154
5.71121e-153
2.55493e-159
1.59718e-157
7.93082e-163
7.34553e-141
2.40606e-141
3.89282e-145
2.02232e-149
4.25795e-149
8.19243e-154
1.46067e-152
1.1617e-159
1.2366e-157
5.53207e-163
7.37623e-141
2.0535e-141
3.70958e-145
5.64772e-150
1.2529e-148
7.90383e-154
3.79629e-152
5.28374e-160
9.65577e-158
3.84616e-163
7.3609e-141
1.74153e-141
3.53054e-145
1.57751e-150
3.69481e-148
7.61968e-154
9.99001e-152
2.40348e-160
7.61206e-158
2.66151e-163
7.29795e-141
1.46932e-141
3.35616e-145
4.40792e-151
1.09182e-147
7.34051e-154
2.65378e-151
1.09307e-160
6.06454e-158
1.82943e-163
7.18606e-141
1.23447e-141
3.18679e-145
1.23301e-151
3.23231e-147
7.06678e-154
7.09949e-151
4.96688e-161
4.88661e-158
1.24536e-163
7.02414e-141
1.03366e-141
3.02275e-145
3.46187e-152
9.58543e-147
6.7989e-154
1.90923e-150
2.25198e-161
3.98422e-158
8.35807e-164
6.81143e-141
8.63179e-142
2.86426e-145
9.8504e-153
2.84691e-146
6.53718e-154
5.15417e-150
1.01595e-161
3.28762e-158
5.49045e-164
6.54741e-141
7.19267e-142
2.7115e-145
2.93804e-153
8.46722e-146
6.28193e-154
1.39536e-149
4.53325e-162
2.74501e-158
3.48685e-164
6.2319e-141
5.98332e-142
2.5646e-145
1.01508e-153
2.52147e-145
6.03338e-154
3.78541e-149
1.97396e-162
2.31795e-158
2.09122e-164
5.86505e-141
4.9711e-142
2.42362e-145
4.86773e-154
7.51742e-145
5.79174e-154
1.02847e-148
8.11843e-163
1.97789e-158
1.12324e-164
5.44732e-141
4.12988e-142
2.28863e-145
3.48648e-154
2.24372e-144
5.5573e-154
2.79734e-148
2.86283e-163
1.70361e-158
4.55958e-165
4.97952e-141
3.46188e-142
2.16121e-145
3.20004e-154
6.705e-144
5.33069e-154
7.61452e-148
5.07025e-164
1.47931e-158
0
4.46281e-141
3.17447e-142
2.09978e-145
3.22392e-154
4.26304e-144
9.72083e-144
5.20045e-154
1.20227e-147
5.18354e-164
2.89037e-164
1.2056e-158
4.16161e-141
3.26018e-141
3.28763e-154
2.70911e-144
1.38618e-143
5.07267e-154
1.89576e-147
5.29927e-164
1.64773e-164
9.93758e-159
3.86362e-141
2.38046e-141
3.36463e-154
1.7211e-144
1.9545e-143
4.94734e-154
2.98713e-147
5.41749e-164
9.39345e-165
8.24597e-159
3.57201e-141
1.73746e-141
3.44935e-154
1.09322e-144
2.73419e-143
4.82447e-154
4.70499e-147
5.53823e-164
5.35501e-165
6.85886e-159
3.28952e-141
1.26774e-141
3.53904e-154
6.94325e-145
3.80358e-143
4.70404e-154
7.40938e-147
5.66154e-164
3.05273e-165
5.69797e-159
3.01835e-141
9.24755e-142
3.63231e-154
4.40954e-145
5.27006e-143
4.58604e-154
1.16672e-146
5.78748e-164
1.74015e-165
4.7128e-159
2.76024e-141
6.74372e-142
3.72851e-154
2.80034e-145
7.28077e-143
4.47048e-154
1.83711e-146
5.91609e-164
9.91802e-166
3.8703e-159
2.51643e-141
4.91629e-142
3.8273e-154
1.77838e-145
1.00374e-142
4.35732e-154
2.89271e-146
6.04742e-164
5.65137e-166
3.14816e-159
2.28769e-141
3.5827e-142
3.92854e-154
1.12937e-145
1.38162e-142
4.24656e-154
4.55488e-146
6.18152e-164
3.21873e-166
2.53054e-159
2.07444e-141
2.6096e-142
4.03218e-154
7.17222e-146
1.89962e-142
4.13818e-154
6.31845e-164
1.83176e-166
2.00543e-159
1.87672e-141
6.45827e-164
1.041e-166
1.56292e-159
1.69433e-141
6.60107e-164
5.90176e-167
1.19428e-159
1.52681e-141
6.74702e-164
3.33194e-167
8.91376e-160
1.37357e-141
6.89646e-164
1.86741e-167
6.46411e-160
1.23388e-141
7.05026e-164
1.03313e-167
4.51883e-160
1.10694e-141
7.21075e-164
5.58221e-168
3.00605e-160
9.91908e-142
7.38417e-164
2.88234e-168
1.85781e-160
8.87914e-142
7.58755e-164
1.35092e-168
1.01114e-160
7.94141e-142
7.86754e-164
4.85618e-169
4.08807e-161
7.10918e-142
8.35203e-164
0
0
6.72126e-142
8.45423e-164
1.12035e-163
8.55775e-164
1.3037e-163
8.66259e-164
1.40728e-163
8.76877e-164
1.45734e-163
8.87632e-164
1.47645e-163
8.98525e-164
1.47943e-163
9.09558e-164
1.47306e-163
9.20732e-164
1.45786e-163
9.3205e-164
1.43036e-163
9.43514e-164
1.38536e-163
9.55126e-164
1.3177e-163
9.66887e-164
1.22388e-163
9.788e-164
1.10317e-163
9.90866e-164
9.58146e-164
1.00309e-163
7.94572e-164
1.01547e-163
6.20591e-164
1.02801e-163
4.45554e-164
1.04071e-163
2.78727e-164
1.05358e-163
1.28173e-164
1.06657e-163
0
1.08492e-163
1.1036e-163
1.12261e-163
1.14197e-163
1.16168e-163
1.18174e-163
1.20216e-163
1.22294e-163
1.2441e-163
1.26564e-163
1.28757e-163
1.30989e-163
1.3326e-163
1.35572e-163
1.37926e-163
1.40318e-163
1.42765e-163
1.45198e-163
1.4794e-163
1.4949e-163
END_LIST
