BEGIN_LIST
0
6.65468e-118
2.30609e-117
6.3146e-117
1.60718e-116
3.97849e-116
9.73768e-116
2.37215e-115
5.76729e-115
1.40102e-114
3.40232e-114
8.26156e-114
2.00603e-113
4.87108e-113
1.18285e-112
2.87249e-112
6.97606e-112
1.69429e-111
4.11527e-111
9.99625e-111
2.41588e-110
1.07117e-109
2.48557e-110
2.54575e-109
2.55729e-110
5.08071e-109
2.6311e-110
9.35031e-109
2.70707e-110
1.64528e-108
2.78525e-110
2.81862e-108
2.86572e-110
4.75122e-108
2.94853e-110
7.9344e-108
3.03376e-110
1.31896e-107
3.12169e-110
2.19014e-107
3.22099e-110
3.64239e-107
3.69924e-110
6.07937e-107
2.02484e-109
1.01994e-106
7.22873e-108
1.72205e-106
3.07154e-106
2.92853e-106
1.3113e-104
5.01921e-106
5.59863e-103
8.67207e-106
2.39042e-101
1.51042e-105
1.02054e-99
2.65074e-105
4.35718e-98
4.68213e-105
1.86035e-96
4.83067e-105
6.17188e-105
2.72165e-105
4.3994e-96
1.9509e-96
4.97559e-105
7.05267e-105
1.58842e-105
8.52684e-96
2.04265e-96
5.11607e-105
7.53776e-105
9.30643e-106
1.50006e-95
2.13496e-96
5.2513e-105
7.76609e-105
5.47302e-106
2.48862e-95
2.22708e-96
5.38047e-105
7.82813e-105
3.23026e-106
3.96691e-95
2.31815e-96
5.50281e-105
7.78283e-105
1.91317e-106
6.14052e-95
2.40715e-96
5.6176e-105
7.66865e-105
1.13686e-106
9.29236e-95
2.49297e-96
5.72416e-105
7.51073e-105
6.77679e-107
1.38097e-94
2.57435e-96
5.8219e-105
7.32548e-105
4.05164e-107
2.02208e-94
2.64984e-96
5.91029e-105
7.12371e-105
2.42912e-107
2.92436e-94
2.71783e-96
5.98887e-105
6.91251e-105
1.46015e-107
4.18521e-94
2.77634e-96
6.05731e-105
6.69655e-105
8.7982e-108
5.93653e-94
2.82281e-96
6.11533e-105
6.47896e-105
5.31325e-108
8.3568e-94
2.85362e-96
6.16278e-105
6.26181e-105
3.21522e-108
1.16876e-93
2.86301e-96
6.19959e-105
6.0465e-105
1.94925e-108
1.6256e-93
2.84127e-96
6.22578e-105
5.83398e-105
1.1837e-108
2.2506e-93
2.77096e-96
6.24147e-105
5.62491e-105
7.19863e-109
3.10418e-93
2.62008e-96
6.24704e-105
5.41974e-105
4.38328e-109
4.26902e-93
2.32879e-96
6.2261e-105
5.21879e-105
2.6717e-109
5.85923e-93
1.78395e-96
7.61697e-105
5.0223e-105
1.62966e-109
8.03477e-93
7.67271e-97
1.51999e-104
7.49358e-105
5.29566e-105
2.33657e-105
7.52588e-105
1.17771e-109
8.4842e-93
7.60417e-93
7.40078e-97
2.15549e-97
3.72326e-104
7.36419e-105
5.38513e-105
1.09035e-105
9.24899e-105
8.50987e-110
8.89578e-93
7.07373e-93
7.12635e-97
6.02743e-98
1.01075e-103
7.22946e-105
5.30879e-105
5.09599e-106
1.03795e-104
6.14694e-110
9.26552e-93
6.47212e-93
6.85073e-97
1.68326e-98
2.8627e-103
7.09003e-105
5.13843e-105
2.38421e-106
1.10681e-104
4.43755e-110
9.58951e-93
5.83074e-93
6.57522e-97
4.69932e-99
8.24793e-103
6.94656e-105
5.02748e-105
1.11639e-106
1.14312e-104
3.20066e-110
9.86402e-93
5.17966e-93
6.30101e-97
1.31192e-99
2.39512e-102
6.79966e-105
5.29646e-105
5.23093e-107
1.15563e-104
2.30555e-110
1.00855e-92
4.54441e-93
6.02922e-97
3.66274e-100
6.98706e-102
6.64995e-105
6.68206e-105
2.45246e-107
1.15084e-104
1.65779e-110
1.02506e-92
3.94434e-93
5.76089e-97
1.02269e-100
2.04507e-101
6.49799e-105
1.10217e-104
1.15038e-107
1.13347e-104
1.18909e-110
1.03562e-92
3.39229e-93
5.49694e-97
2.85587e-101
6.00248e-101
6.34435e-105
2.30986e-104
5.39825e-108
1.107e-104
8.50078e-111
1.03994e-92
2.8952e-93
5.23821e-97
7.97699e-102
1.76616e-100
6.18955e-105
5.56067e-104
2.53378e-108
1.07395e-104
6.0499e-111
1.03777e-92
2.45535e-93
4.98541e-97
2.22956e-102
5.20835e-100
6.03409e-105
1.42546e-103
1.18927e-108
1.03616e-104
4.27955e-111
1.02889e-92
2.07156e-93
4.73918e-97
6.24475e-103
1.53907e-99
5.87841e-105
3.75475e-103
5.57947e-109
9.9502e-105
3.00226e-111
1.01311e-92
1.74044e-93
4.50004e-97
1.76215e-103
4.5564e-99
5.72296e-105
1.00182e-102
2.61417e-109
9.51535e-105
2.08219e-111
9.90283e-93
1.45732e-93
4.2684e-97
5.10584e-104
1.3512e-98
5.56811e-105
2.69196e-102
1.2212e-109
9.06483e-105
1.4209e-111
9.60291e-93
1.21696e-93
4.04461e-97
1.61565e-104
4.01314e-98
5.41424e-105
7.26551e-102
5.66925e-110
8.60461e-105
9.47015e-112
9.23066e-93
1.01406e-93
3.82891e-97
6.47131e-105
1.19358e-97
5.26167e-105
1.96683e-101
2.59813e-110
8.1394e-105
6.08769e-112
8.78583e-93
8.43553e-94
3.62148e-97
3.8339e-105
3.55439e-97
5.1107e-105
5.33562e-101
1.1588e-110
7.673e-105
3.68636e-112
8.26861e-93
7.00843e-94
3.42241e-97
3.16813e-105
1.0597e-96
4.96162e-105
1.44966e-100
4.86518e-111
7.20855e-105
1.99388e-112
7.67967e-93
5.82241e-94
3.2318e-97
3.05559e-105
3.16288e-96
4.81473e-105
3.94295e-100
1.74718e-111
6.7487e-105
8.12807e-113
7.02015e-93
4.88063e-94
3.05188e-97
3.09991e-105
9.45179e-96
4.6705e-105
1.0733e-99
3.2197e-112
6.29575e-105
0
6.29167e-93
4.47542e-94
2.96513e-97
3.19033e-105
6.00942e-96
1.37031e-95
4.58675e-105
1.69467e-99
3.3345e-112
1.8684e-112
5.61864e-105
5.86703e-93
4.59619e-93
3.25165e-105
3.8189e-96
1.95406e-95
4.50388e-105
2.67219e-99
3.45332e-112
1.08425e-112
4.96979e-105
5.44691e-93
3.35594e-93
3.31552e-105
2.42614e-96
2.7552e-95
4.42192e-105
4.21056e-99
3.57632e-112
6.29196e-113
4.35426e-105
5.0358e-93
2.44943e-93
3.38121e-105
1.54104e-96
3.85433e-95
4.3409e-105
6.63203e-99
3.70366e-112
3.65117e-113
3.77631e-105
4.63753e-93
1.78722e-93
3.44834e-105
9.78745e-97
5.36186e-95
4.26084e-105
1.04441e-98
3.83559e-112
2.11863e-113
3.23944e-105
4.25523e-93
1.30368e-93
3.51673e-105
6.21582e-97
7.42917e-95
4.18175e-105
1.64459e-98
3.97248e-112
1.22922e-113
2.74635e-105
3.89135e-93
9.50699e-94
3.5863e-105
3.94742e-97
1.02637e-94
4.10367e-105
2.58958e-98
4.11517e-112
7.13037e-114
2.29884e-105
3.54761e-93
6.93072e-94
3.65699e-105
2.50683e-97
1.41497e-94
4.0266e-105
4.07755e-98
4.26568e-112
4.13463e-114
1.89782e-105
3.22514e-93
5.05067e-94
3.72878e-105
1.59198e-97
1.9477e-94
3.95057e-105
6.42056e-98
4.42933e-112
2.39604e-114
1.54324e-105
2.9245e-93
3.67884e-94
3.80165e-105
1.011e-97
2.67793e-94
3.87558e-105
4.62055e-112
1.38707e-114
1.23414e-105
2.64576e-93
4.87907e-112
8.01582e-115
9.6872e-106
2.38861e-93
5.31454e-112
4.61885e-115
7.44419e-106
2.15245e-93
6.23028e-112
2.64849e-115
5.58089e-106
1.93641e-93
8.46596e-112
1.50617e-115
4.06134e-106
1.73948e-93
1.43464e-111
8.44443e-116
2.84688e-106
1.56053e-93
3.03098e-111
4.6163e-116
1.89776e-106
1.39835e-93
7.41855e-111
2.4067e-116
1.17465e-106
1.25174e-93
1.95353e-110
1.13618e-116
6.39987e-107
1.11954e-93
5.30583e-110
4.10262e-117
2.58908e-107
1.00222e-93
1.45876e-109
0
0
9.47527e-94
1.48748e-109
8.3101e-109
1.51677e-109
1.33112e-108
1.54663e-109
1.67202e-108
1.57709e-109
1.89243e-108
1.60814e-109
2.03062e-108
1.6398e-109
2.1155e-108
1.67208e-109
2.164e-108
1.705e-109
2.18251e-108
1.73856e-109
2.17006e-108
1.77279e-109
2.12173e-108
1.80769e-109
2.03177e-108
1.84327e-109
1.89631e-108
1.87955e-109
1.71534e-108
1.91655e-109
1.4937e-108
1.95427e-109
1.24105e-108
1.99274e-109
9.7065e-109
2.03196e-109
6.97561e-109
2.07195e-109
4.36661e-109
2.11273e-109
2.00875e-109
2.1541e-109
0
2.2131e-109
2.27371e-109
2.33597e-109
2.39993e-109
2.46563e-109
2.53312e-109
2.60245e-109
2.67366e-109
2.7468e-109
2.82193e-109
2.8991e-109
2.97835e-109
3.05975e-109
3.14333e-109
3.22919e-109
3.31725e-109
3.40816e-109
3.49927e-109
3.6031e-109
3.66218e-109
END_LIST
