BEGIN_LIST
0.1
0.0999502
0.0998983
0.0998441
0.0997876
0.0997286
0.0996672
0.0996031
0.0995363
0.0994666
0.0993939
0.0993182
0.0992391
0.0991563
0.0990694
0.0989769
0.0988757
0.0987586
0.0986073
0.0983765
0.0979545
0.0962408
0.0979538
0.0943283
0.097953
0.0922074
0.0979521
0.0898717
0.097951
0.0873181
0.0979498
0.0845482
0.0979484
0.0815686
0.0979467
0.0783913
0.0979449
0.075034
0.0979428
0.0715203
0.0979403
0.0678792
0.0979375
0.0641454
0.0979343
0.0603597
0.0979306
0.0565709
0.0979264
0.0528405
0.0979216
0.0492546
0.097916
0.0459496
0.0979096
0.0431652
0.0978997
0.0413575
0.0977823
0.0414306
0.0930959
0.0400208
0.0406578
0.0460834
0.088971
0.0917812
0.038592
0.0405528
0.0498627
0.0849044
0.0903148
0.0371491
0.0408669
0.0531892
0.0809073
0.0886872
0.0356972
0.0414446
0.0562716
0.0769901
0.0868906
0.0342416
0.0421889
0.0592096
0.0731623
0.0849189
0.0327876
0.0430386
0.0620469
0.0694323
0.0827682
0.0313403
0.0439555
0.0647987
0.0658072
0.0804377
0.029905
0.0449152
0.0674666
0.0622934
0.0779292
0.0284866
0.045902
0.070045
0.0588957
0.0752477
0.0270898
0.0469061
0.0725264
0.0556177
0.0724004
0.0257188
0.0479206
0.0749027
0.0524617
0.069395
0.0243778
0.048941
0.0771666
0.0494279
0.0662365
0.0230703
0.049964
0.0793123
0.0465138
0.0629201
0.0217996
0.0509874
0.0813355
0.043712
0.0594175
0.0205684
0.0520092
0.0832338
0.0410068
0.0556502
0.019379
0.0530279
0.0850064
0.0383655
0.0514361
0.0182332
0.0540421
0.0866541
0.0357222
0.0463828
0.0171325
0.0550507
0.0881791
0.0329434
0.0396701
0.0160806
0.0560527
0.0895849
0.0297576
0.0296001
0.0145759
0.0570469
0.0908758
0.0256105
0.012621
0.0132974
0.0137716
0.0492819
0.0723839
0.0436765
0.0916788
0.0249082
0.022305
0.0118725
0.00381982
0.0120968
0.0130007
0.0414145
0.079823
0.0343891
0.0924342
0.0241952
0.0191335
0.0111526
0.00143051
0.0109755
0.0122631
0.0338947
0.083711
0.0280719
0.0931436
0.0234706
0.0161831
0.0104619
0.000805912
0.00993387
0.0115584
0.027081
0.0859843
0.0239002
0.0938091
0.0227337
0.0135144
0.00980124
0.000665988
0.00897076
0.0108862
0.0211895
0.0875031
0.0212734
0.0944325
0.0219834
0.0111597
0.00917084
0.00066065
0.00808422
0.0102459
0.0162928
0.0886498
0.0197596
0.0950158
0.021219
0.00912627
0.00857081
0.000694447
0.00727145
0.00963681
0.0123521
0.089595
0.0190513
0.095561
0.0204394
0.00740227
0.00800103
0.000741494
0.00652905
0.00905825
0.00926099
0.0904162
0.0189316
0.0960699
0.0196436
0.00596287
0.00746117
0.000794908
0.0058532
0.00850932
0.00688418
0.0911497
0.0192481
0.0965446
0.0188306
0.00477626
0.00695074
0.000853004
0.0052398
0.00798913
0.00508417
0.0918135
0.0198946
0.0969869
0.0179993
0.00380816
0.00646907
0.00091553
0.00468461
0.00749672
0.00373652
0.0924177
0.0207967
0.0973986
0.0171484
0.00302496
0.00601541
0.000982638
0.00418334
0.00703109
0.00273614
0.0929688
0.0219028
0.0977815
0.0162768
0.00239563
0.00558886
0.00105461
0.00373169
0.00659122
0.00199822
0.0934716
0.0231772
0.0981373
0.0153832
0.00189268
0.00518846
0.00113176
0.00332542
0.00617608
0.00145645
0.0939301
0.0245946
0.0984677
0.0144663
0.00149247
0.00481319
0.00121447
0.00296012
0.00578463
0.00106005
0.0943479
0.0261376
0.0987742
0.0135247
0.00117511
0.00446198
0.00130309
0.0026307
0.00541583
0.000770738
0.0947282
0.0277933
0.0990584
0.0125568
0.00092413
0.00413373
0.00139806
0.00232952
0.00506866
0.000560016
0.0950742
0.0295526
0.0993218
0.0115612
0.000726138
0.00382731
0.00149979
0.0020408
0.00474218
0.000406848
0.0953885
0.0314079
0.0995656
0.0105362
0.000570736
0.0035417
0.00160874
0.0017235
0.00443567
0.000295944
0.0956739
0.0333534
0.0997913
0.00948018
0.000453458
0.00327872
0.0017254
0.00125908
0.0041492
0.000216644
0.0959328
0.0353835
0.1
0.00839133
0.00040434
0.00315347
0.0018503
0.000779792
0.00121726
0.00398813
0.000186459
0.0958529
0.0960486
0.0386163
0.00759423
0.00603748
0.00192833
0.000485984
0.001178
0.00383293
0.000160517
0.0957703
0.096218
0.0420202
0.00684655
0.00440912
0.00200917
0.00030649
0.0011417
0.00368343
0.000138248
0.0956847
0.0964157
0.045571
0.00615051
0.00328587
0.0020931
0.000197474
0.00110895
0.00353944
0.00011918
0.0955962
0.0966278
0.0492423
0.00550706
0.00251408
0.00218032
0.00013199
0.00108063
0.00340078
0.000102924
0.0955045
0.0968468
0.0530053
0.00491604
0.00198679
0.002271
9.34966e-05
0.00105804
0.00326728
8.91855e-05
0.0954097
0.0970684
0.0568285
0.00437635
0.00162961
0.00236529
7.18691e-05
0.00104307
0.00313876
7.7768e-05
0.0953116
0.0972904
0.0606782
0.00388617
0.00139088
0.00246335
6.09303e-05
0.00103846
0.00301507
6.86011e-05
0.0952101
0.0975116
0.0645199
0.00344308
0.00123469
0.0025653
5.69384e-05
0.00104817
0.00289603
6.1783e-05
0.0951051
0.0977311
0.0683185
0.00304431
0.00113615
0.0026713
5.76566e-05
0.00107797
0.00278149
0.0949964
0.0979487
0.07204
0.00268681
0.0948838
0.0981642
0.0756527
0.00236744
0.094767
0.0983774
0.0791278
0.002083
0.0946451
0.0985883
0.0824404
0.00183037
0.0945157
0.0987969
0.0855703
0.00160655
0.0943723
0.0990032
0.0885024
0.00140868
0.0941966
0.0992072
0.0912263
0.00123408
0.0939366
0.0994088
0.093737
0.00108027
0.0934429
0.0996082
0.0960334
0.000945033
0.0922892
0.0998052
0.0981189
0.00082781
0.0892559
0.1
0.1
0.000773827
0.0892548
0.0670198
0.0892536
0.0505702
0.0892522
0.039082
0.0892508
0.0317031
0.0892493
0.0276136
0.0892476
0.0261149
0.0892459
0.0266708
0.0892439
0.0288947
0.0892418
0.0325082
0.0892396
0.0372918
0.0892372
0.0430425
0.0892346
0.0495436
0.0892317
0.0565519
0.0892287
0.0638029
0.0892254
0.0710283
0.0892219
0.0779821
0.089218
0.0844644
0.0892139
0.0903356
0.0892094
0.0955202
0.0892046
0.1
0.0891973
0.0891891
0.08918
0.0891699
0.0891587
0.0891462
0.0891323
0.0891169
0.0890997
0.0890805
0.0890593
0.0890356
0.0890092
0.0889799
0.0889473
0.088911
0.0888704
0.0888264
0.0887719
0.0887399
END_LIST
