BEGIN_LIST
0
-1.28233e-162
-4.48187e-162
-1.24327e-161
-3.21568e-161
-8.10498e-161
-2.02196e-160
-5.02296e-160
-1.24558e-159
-3.08624e-159
-7.64394e-159
-1.89284e-158
-4.68648e-158
-1.16022e-157
-2.87212e-157
-7.10965e-157
-1.75987e-156
-4.35621e-156
-1.07833e-155
-2.66936e-155
-2.73153e-155
-2.88445e-155
-2.77008e-155
-3.00579e-155
-2.8092e-155
-3.0718e-155
-2.84888e-155
-3.04428e-155
-2.8891e-155
-2.85922e-155
-2.92983e-155
-2.40603e-155
-2.97107e-155
-1.48987e-155
-3.01278e-155
2.3757e-156
-3.05472e-155
3.40559e-155
-3.08756e-155
9.16089e-155
-2.71311e-155
1.9609e-154
1.50676e-154
3.86424e-154
7.76076e-153
7.35067e-154
3.32711e-151
1.37775e-153
1.42056e-149
2.57036e-153
6.06541e-148
4.79831e-153
2.58965e-146
8.98737e-153
1.10569e-144
1.69115e-152
4.72055e-143
3.19797e-152
2.01543e-141
6.07392e-152
8.60513e-140
6.1392e-152
8.26573e-152
3.40043e-152
2.03499e-139
9.02391e-140
6.19511e-152
9.62307e-152
1.91042e-152
3.94425e-139
9.44821e-140
6.24109e-152
1.04454e-151
1.07695e-152
6.93899e-139
9.87511e-140
6.27669e-152
1.0924e-151
6.09091e-153
1.15123e-138
1.03011e-139
6.30152e-152
1.11813e-151
3.45571e-153
1.83516e-138
1.07222e-139
6.31527e-152
1.12955e-151
1.96656e-153
2.84086e-138
1.11338e-139
6.31775e-152
1.13164e-151
1.12236e-153
4.29927e-138
1.15307e-139
6.30884e-152
1.12763e-151
6.4232e-154
6.38971e-138
1.19069e-139
6.28854e-152
1.11957e-151
3.68554e-154
9.35674e-138
1.2256e-139
6.25695e-152
1.10878e-151
2.11991e-154
1.35329e-137
1.25704e-139
6.21427e-152
1.09612e-151
1.22217e-154
1.93692e-137
1.28409e-139
6.16081e-152
1.08215e-151
7.06113e-155
2.74767e-137
1.30557e-139
6.09695e-152
1.06724e-151
4.08778e-155
3.86822e-137
1.31981e-139
6.02318e-152
1.05162e-151
2.37083e-155
5.41047e-137
1.32414e-139
5.94004e-152
1.03547e-151
1.37738e-155
7.526e-137
1.31407e-139
5.84826e-152
1.01889e-151
8.01458e-156
1.04205e-136
1.28155e-139
5.7393e-152
1.00199e-151
4.67003e-156
1.4374e-136
1.21176e-139
6.46557e-152
9.84808e-152
2.72462e-156
1.97695e-136
1.07704e-139
-7.08884e-151
9.67407e-152
1.59136e-156
2.71359e-136
8.25053e-140
7.09842e-149
9.49823e-152
9.30318e-157
3.72143e-136
3.54851e-140
4.34938e-148
6.90659e-149
6.96819e-151
4.28553e-152
7.31521e-152
6.53806e-157
3.92963e-136
3.522e-136
3.42274e-140
9.96874e-141
1.46869e-147
6.71259e-149
1.96568e-150
1.93916e-152
5.63411e-152
4.59546e-157
4.1203e-136
3.27634e-136
3.2958e-140
2.78757e-141
4.43961e-147
6.51715e-149
4.71947e-150
8.78758e-153
4.35076e-152
3.23006e-157
4.29159e-136
2.9977e-136
3.16833e-140
7.78474e-142
1.30325e-146
6.32095e-149
1.09319e-149
3.98616e-153
3.3769e-152
2.26999e-157
4.4417e-136
2.70065e-136
3.0409e-140
2.17333e-142
3.79942e-146
6.12466e-149
2.54954e-149
1.80958e-153
2.64048e-152
1.59468e-157
4.56888e-136
2.3991e-136
2.91407e-140
6.06731e-143
1.10756e-145
5.92888e-149
6.0803e-149
8.22026e-154
2.08431e-152
1.11951e-157
4.67149e-136
2.10487e-136
2.78837e-140
1.69391e-143
3.23501e-145
5.73419e-149
1.48798e-148
3.73634e-154
1.66393e-152
7.85091e-158
4.74798e-136
1.82694e-136
2.66427e-140
4.72956e-144
9.47244e-145
5.5411e-149
3.72964e-148
1.69914e-154
1.34535e-152
5.49693e-158
4.79691e-136
1.57125e-136
2.54219e-140
1.32067e-144
2.7806e-144
5.35011e-149
9.53873e-148
7.73028e-155
1.10283e-152
3.83983e-158
4.81696e-136
1.34101e-136
2.42253e-140
3.68822e-145
8.18192e-144
5.16163e-149
2.47912e-147
3.51804e-155
9.1702e-153
2.67335e-158
4.80695e-136
1.13729e-136
2.30561e-140
1.03019e-145
2.41285e-143
4.97607e-149
6.52385e-147
1.60127e-155
7.73482e-153
1.85242e-158
4.76584e-136
9.59524e-137
2.19173e-140
2.87858e-146
7.12997e-143
4.79376e-149
1.73302e-146
7.28694e-156
6.61449e-153
1.27491e-158
4.69277e-136
8.06156e-137
2.08112e-140
8.05212e-147
2.11082e-142
4.615e-149
4.63623e-146
3.31326e-156
5.72927e-153
8.68901e-159
4.58704e-136
6.75019e-137
1.97399e-140
2.26076e-147
6.25965e-142
4.44006e-149
1.2468e-145
1.50319e-156
5.0198e-153
5.83776e-159
4.44812e-136
5.63689e-137
1.87049e-140
6.43277e-148
1.85914e-141
4.26915e-149
3.36587e-145
6.78573e-157
4.44214e-153
3.83847e-159
4.27571e-136
4.69709e-137
1.77073e-140
1.91868e-148
5.52942e-141
4.10245e-149
9.11225e-145
3.02966e-157
3.96371e-153
2.43968e-159
4.06967e-136
3.90734e-137
1.6748e-140
6.629e-149
1.64661e-140
3.94013e-149
2.47201e-144
1.31997e-157
3.56042e-153
1.46413e-159
3.8301e-136
3.24632e-137
1.58273e-140
3.17889e-149
4.90916e-140
3.78233e-149
6.71629e-144
5.43137e-158
3.21446e-153
7.86782e-160
3.55731e-136
2.69697e-137
1.49458e-140
2.27688e-149
1.46523e-139
3.62923e-149
1.82677e-143
1.91613e-158
2.91268e-153
3.19471e-160
3.25182e-136
2.26074e-137
1.41137e-140
2.08982e-149
4.37862e-139
3.48124e-149
4.97257e-143
3.39692e-159
2.64539e-153
0
2.91438e-136
2.07305e-137
1.37125e-140
2.10541e-149
2.78392e-139
6.34807e-139
3.39619e-149
7.85129e-143
3.47396e-159
1.93734e-159
2.28603e-153
2.71769e-136
2.12903e-136
2.14702e-149
1.76915e-139
9.05228e-139
3.31275e-149
1.238e-142
3.55271e-159
1.10494e-159
1.97461e-153
2.52309e-136
1.55453e-136
2.1973e-149
1.12394e-139
1.27636e-138
3.2309e-149
1.95071e-142
3.63319e-159
6.30206e-160
1.69996e-153
2.33266e-136
1.13463e-136
2.25263e-149
7.13912e-140
1.78553e-138
3.15066e-149
3.07254e-142
3.71543e-159
3.59439e-160
1.45521e-153
2.14818e-136
8.27884e-137
2.3112e-149
4.53421e-140
2.48388e-138
3.07201e-149
4.8386e-142
3.79947e-159
2.05004e-160
1.23619e-153
1.9711e-136
6.039e-137
2.37211e-149
2.8796e-140
3.44155e-138
2.99495e-149
7.61912e-142
3.88535e-159
1.16916e-160
1.04033e-153
1.80254e-136
4.40391e-137
2.43494e-149
1.82873e-140
4.75462e-138
2.91948e-149
1.1997e-141
3.9731e-159
6.66698e-161
8.65944e-154
1.64332e-136
3.21052e-137
2.49945e-149
1.16135e-140
6.55478e-138
2.84558e-149
1.88905e-141
4.06276e-159
3.80081e-161
7.11817e-154
1.49395e-136
2.33964e-137
2.56557e-149
7.37522e-141
9.02253e-138
2.77325e-149
2.97451e-141
4.15438e-159
2.16585e-161
5.76902e-154
1.35469e-136
1.70417e-137
2.63325e-149
4.68373e-141
1.24052e-137
2.70248e-149
4.24803e-159
1.2332e-161
4.60161e-154
1.22557e-136
4.34381e-159
7.01184e-162
3.60463e-154
1.10646e-136
4.44196e-159
3.97724e-162
2.76559e-154
9.97067e-137
4.54312e-159
2.24651e-162
2.07076e-154
8.96996e-137
4.64888e-159
1.25965e-162
1.50546e-154
8.05773e-137
4.76368e-159
6.97189e-163
1.05448e-154
7.22877e-137
4.89969e-159
3.76849e-163
7.02518e-155
6.47754e-137
5.0905e-159
1.94646e-163
4.34651e-155
5.79842e-137
5.42895e-159
9.125e-164
2.36743e-155
5.18605e-137
6.17186e-159
3.28067e-164
9.57583e-156
4.64257e-137
8.02975e-159
0
0
4.38924e-137
8.14689e-159
2.12477e-158
8.26586e-159
3.07266e-158
8.38671e-159
3.70419e-158
8.50946e-159
4.10095e-158
8.63414e-159
4.34131e-158
8.76079e-159
4.48296e-158
8.88944e-159
4.55835e-158
9.02013e-159
4.57841e-158
9.15288e-159
4.53921e-158
9.28773e-159
4.42912e-158
9.42472e-159
4.23522e-158
9.56388e-159
3.94876e-158
9.70524e-159
3.56922e-158
9.84886e-159
3.10634e-158
9.99475e-159
2.57988e-158
1.0143e-158
2.01718e-158
1.02936e-158
1.44935e-158
1.04465e-158
9.07143e-159
1.0602e-158
4.17275e-159
1.07592e-158
0
1.09823e-158
1.12104e-158
1.14436e-158
1.16819e-158
1.19255e-158
1.21746e-158
1.24292e-158
1.26895e-158
1.29556e-158
1.32276e-158
1.35057e-158
1.37899e-158
1.40805e-158
1.43775e-158
1.46812e-158
1.49913e-158
1.53099e-158
1.56279e-158
1.59882e-158
1.61926e-158
END_LIST
