BEGIN_LIST
0.1
0.0999363
0.0998699
0.0998006
0.0997284
0.0996531
0.0995746
0.0994928
0.0994075
0.0993186
0.099226
0.0991294
0.0990287
0.0989235
0.098813
0.0986957
0.0985683
0.0984222
0.0982369
0.0979612
0.0974688
0.0954916
0.0974674
0.0933013
0.0974658
0.0908915
0.097464
0.0882601
0.0974619
0.0854094
0.0974595
0.0823469
0.0974567
0.0790857
0.0974536
0.0756445
0.09745
0.0720477
0.0974458
0.0683249
0.0974411
0.06451
0.0974356
0.0606417
0.0974293
0.0567625
0.0974222
0.052921
0.0974139
0.0491763
0.0974045
0.0456085
0.0973937
0.0423439
0.0973812
0.0396063
0.0973642
0.0378268
0.0972298
0.0378719
0.0921886
0.0364331
0.0373441
0.0419659
0.0878941
0.0905597
0.0349873
0.0373889
0.0454362
0.0836809
0.0887598
0.0335396
0.0377941
0.0486018
0.0795596
0.0867824
0.0320953
0.0384271
0.0516173
0.0755395
0.0846234
0.0306596
0.0392052
0.0545533
0.0716288
0.0822816
0.0292376
0.0400767
0.0574372
0.0678346
0.0797593
0.027834
0.0410089
0.060275
0.0641629
0.0770622
0.0264535
0.0419812
0.0630616
0.0606184
0.0741997
0.0251001
0.0429805
0.0657871
0.0572044
0.0711847
0.0237779
0.0439981
0.0684398
0.0539232
0.0680325
0.0224902
0.0450283
0.0710076
0.0507755
0.0647594
0.0212401
0.0460671
0.0734796
0.0477603
0.0613789
0.0200302
0.0471118
0.0758459
0.0448737
0.0578957
0.0188625
0.0481601
0.0780987
0.0421076
0.0542938
0.0177388
0.0492103
0.0802319
0.0394452
0.0505122
0.0166603
0.0502609
0.0822415
0.036854
0.0463986
0.0156279
0.0513107
0.0841251
0.0342686
0.0416142
0.0146421
0.0523583
0.0858823
0.0315581
0.0354385
0.0137056
0.0534027
0.0875142
0.0284567
0.0263613
0.0123701
0.0544428
0.0890231
0.0244207
0.0111917
0.0112339
0.0116616
0.046405
0.0696475
0.0414392
0.0899672
0.0237482
0.0210602
0.0104924
0.00335917
0.0101764
0.0109855
0.0384913
0.0771325
0.0324285
0.0908588
0.0230653
0.0179002
0.0098243
0.00123354
0.00919695
0.0103412
0.0311259
0.0811474
0.0263095
0.0916995
0.0223714
0.0150139
0.00918747
0.000676193
0.00829403
0.00972814
0.0246075
0.0835807
0.0222708
0.092491
0.0216656
0.0124455
0.00858198
0.000549147
0.00746508
0.00914558
0.0190834
0.0852701
0.0197247
0.0932351
0.0209471
0.0102113
0.00800759
0.000541389
0.00670694
0.00859269
0.0145674
0.0865872
0.0182502
0.0939337
0.0202149
0.00830527
0.00746388
0.000568152
0.00601596
0.00806858
0.0109808
0.0876979
0.0175492
0.0945886
0.0194682
0.00670567
0.00695026
0.000606445
0.00538817
0.00757231
0.0081963
0.0886774
0.0174122
0.0952019
0.018706
0.00538139
0.006466
0.000650146
0.00481943
0.00710291
0.00607212
0.0895607
0.0176926
0.0957755
0.0179273
0.00429722
0.00601025
0.000697747
0.00430549
0.00665937
0.00447302
0.0903656
0.0182884
0.0963114
0.0171309
0.00341767
0.00558206
0.000749008
0.00384216
0.00624067
0.00328113
0.0911019
0.0191288
0.0968114
0.0163159
0.00270933
0.00518041
0.000804049
0.0034253
0.00584576
0.0023993
0.0917763
0.020165
0.0972776
0.0154809
0.00214222
0.0048042
0.000863099
0.00305092
0.00547361
0.00175042
0.0923937
0.0213634
0.0977118
0.0146248
0.00169031
0.00445234
0.000926431
0.00271512
0.00512319
0.00127487
0.0929586
0.0227006
0.0981157
0.0137464
0.00133154
0.00412366
0.000994342
0.00241397
0.00479348
0.000927369
0.0934747
0.0241608
0.0984912
0.0128441
0.00104755
0.00381701
0.00106715
0.00214306
0.00448347
0.000674
0.0939457
0.0257326
0.0988401
0.0119168
0.000823295
0.00353125
0.0011452
0.00189599
0.00419221
0.000489582
0.0943751
0.0274081
0.0991638
0.0109627
0.000646583
0.00326522
0.00122886
0.0016598
0.00391879
0.000355601
0.0947661
0.0291812
0.099464
0.00998052
0.000508005
0.00301788
0.00131851
0.00140115
0.00366253
0.000258626
0.0951217
0.0310471
0.0997423
0.00896849
0.00040349
0.00279064
0.00141455
0.00102394
0.00342342
0.000189302
0.0954449
0.0330016
0.1
0.00792493
0.000359729
0.00268251
0.00151744
0.000634419
0.000990239
0.00328912
0.000162916
0.095345
0.0955823
0.0361296
0.00714366
0.00567328
0.00158176
0.000395755
0.000958771
0.00315983
0.000140238
0.0952417
0.0957753
0.0394448
0.00641655
0.00411495
0.00164842
0.000250039
0.000929916
0.00303539
0.00012077
0.0951348
0.0959976
0.0429275
0.00574455
0.00303907
0.00171765
0.000161627
0.000904247
0.00291562
0.000104094
0.0950242
0.0962348
0.0465551
0.00512745
0.00229877
0.00178964
0.000108615
0.000882613
0.00280038
8.98702e-05
0.0949099
0.0964791
0.0503023
0.00456408
0.00179183
0.00186451
7.7567e-05
0.000866255
0.0026895
7.78331e-05
0.0947916
0.0967261
0.0541402
0.00405248
0.00144717
0.00194241
6.02581e-05
0.00085698
0.00258284
6.78046e-05
0.0946693
0.0969735
0.0580371
0.00359012
0.00121544
0.00202345
5.1676e-05
0.000857412
0.00248024
5.97099e-05
0.0945428
0.0972198
0.0619592
0.00317407
0.00106235
0.00210777
4.87872e-05
0.000871348
0.00238158
5.36139e-05
0.094412
0.0974645
0.0658711
0.00280114
0.000964133
0.00219547
4.97827e-05
0.000904279
0.0022867
0.0942767
0.0977071
0.0697375
0.00246802
0.0941368
0.0979474
0.0735237
0.00217137
0.0939918
0.0981853
0.0771975
0.00190794
0.0938407
0.0984208
0.0807296
0.00167456
0.0936812
0.0986538
0.0840952
0.00146825
0.0935066
0.0988844
0.0872737
0.00128622
0.0932983
0.0991124
0.0902498
0.00112588
0.0930029
0.099338
0.0930135
0.000984855
0.0924685
0.0995611
0.0955595
0.000861021
0.0912606
0.0997818
0.0978872
0.000753799
0.0881376
0.1
0.1
0.000704446
0.0881355
0.0653969
0.0881332
0.0486929
0.0881308
0.0371113
0.0881281
0.0297094
0.0881253
0.0256019
0.0881222
0.0240557
0.0881189
0.0245239
0.0881153
0.0266255
0.0881114
0.0300988
0.0881072
0.0347491
0.0881027
0.0404027
0.0880978
0.0468727
0.0880925
0.0539409
0.0880869
0.0613571
0.0880807
0.0688533
0.0880741
0.0761696
0.0880669
0.0830804
0.0880592
0.0894155
0.0880508
0.0950698
0.0880418
0.1
0.0880281
0.0880128
0.0879958
0.0879769
0.0879559
0.0879325
0.0879065
0.0878776
0.0878454
0.0878096
0.0877698
0.0877256
0.0876763
0.0876216
0.0875607
0.0874931
0.0874175
0.0873356
0.0872342
0.0871747
END_LIST
