BEGIN_LIST
0
3.32605e-156
1.10312e-155
2.80386e-155
6.40227e-155
1.36314e-154
2.7043e-154
4.84045e-154
7.02133e-154
4.29633e-154
-2.36256e-153
-1.47809e-152
-5.98069e-152
-2.0825e-151
-6.71269e-151
-2.06393e-150
-6.14595e-150
-1.7882e-149
-5.11211e-149
-1.44133e-148
-1.13613e-148
-4.22162e-150
-1.01661e-148
1.42976e-148
-8.97145e-149
3.5919e-148
-7.77839e-149
6.99172e-148
-6.58799e-149
1.25845e-147
-5.40129e-149
2.20373e-147
-4.21934e-149
3.82712e-147
-3.04268e-149
6.64328e-147
-1.84924e-149
1.15655e-146
3.47478e-150
2.02264e-146
4.57118e-148
3.55686e-146
1.93449e-146
6.29366e-146
8.25335e-145
1.12117e-145
3.52387e-143
2.01169e-145
1.50443e-141
3.63668e-145
6.42346e-140
6.62491e-145
2.74252e-138
1.21615e-144
1.17096e-136
2.24922e-144
4.99921e-135
4.18882e-144
2.1344e-133
7.84853e-144
9.11311e-132
7.96258e-144
1.06202e-143
4.42428e-144
2.15511e-131
9.55661e-132
8.0656e-144
1.2324e-143
2.50358e-144
4.17708e-131
1.0006e-131
8.15677e-144
1.33414e-143
1.42197e-144
7.3486e-131
1.04581e-131
8.23535e-144
1.39174e-143
8.10564e-145
1.21919e-130
1.09092e-131
8.30069e-144
1.42086e-143
4.63661e-145
1.94349e-130
1.13552e-131
8.35224e-144
1.43158e-143
2.66123e-145
3.00855e-130
1.17911e-131
8.38957e-144
1.43035e-143
1.53242e-145
4.55304e-130
1.22114e-131
8.41235e-144
1.42132e-143
8.85181e-146
6.76686e-130
1.26098e-131
8.4204e-144
1.40718e-143
5.1284e-146
9.90901e-130
1.29795e-131
8.41367e-144
1.38965e-143
2.97967e-146
1.43316e-129
1.33124e-131
8.39223e-144
1.36985e-143
1.73589e-146
2.05124e-129
1.35989e-131
8.3563e-144
1.34853e-143
1.01388e-146
2.90983e-129
1.38264e-131
8.30622e-144
1.32615e-143
5.93595e-147
4.0965e-129
1.39772e-131
8.24244e-144
1.30304e-143
3.48316e-147
5.72976e-129
1.40231e-131
8.16553e-144
1.27942e-143
2.0482e-147
7.97012e-129
1.39165e-131
8.07625e-144
1.25544e-143
1.20676e-147
1.10354e-128
1.35721e-131
7.9656e-144
1.23122e-143
7.12285e-148
1.52221e-128
1.2833e-131
8.73634e-144
1.20682e-143
4.21114e-148
2.0936e-128
1.14062e-131
-7.31825e-143
1.18231e-143
2.49335e-148
2.8737e-128
8.7376e-132
7.51903e-141
1.15774e-143
1.47812e-148
3.94099e-128
3.75799e-132
4.60615e-140
7.31586e-141
7.53901e-143
5.245e-144
1.00233e-143
1.0486e-148
4.16148e-128
3.7298e-128
3.6248e-132
1.05573e-132
1.55535e-139
7.11039e-141
2.0978e-142
2.38332e-144
8.76447e-144
7.44057e-149
4.3634e-128
3.46964e-128
3.49037e-132
2.95214e-133
4.70154e-139
6.90339e-141
5.01363e-142
1.08472e-144
7.74755e-144
5.27991e-149
4.5448e-128
3.17457e-128
3.35537e-132
8.24431e-134
1.38014e-138
6.69559e-141
1.15916e-141
4.94241e-145
6.92465e-144
3.74616e-149
4.70376e-128
2.85999e-128
3.22042e-132
2.30163e-134
4.02357e-138
6.48769e-141
2.7013e-141
2.25398e-145
6.25469e-144
2.65688e-149
4.83844e-128
2.54064e-128
3.08611e-132
6.4255e-135
1.17291e-137
6.28033e-141
6.44019e-141
1.02873e-145
5.70361e-144
1.88293e-149
4.94711e-128
2.22906e-128
2.95299e-132
1.79391e-135
3.42586e-137
6.07411e-141
1.57586e-140
4.69851e-146
5.24394e-144
1.33286e-149
5.02811e-128
1.93473e-128
2.82155e-132
5.00877e-136
1.00313e-136
5.8696e-141
3.94975e-140
2.14731e-146
4.85405e-144
9.41801e-150
5.07993e-128
1.66395e-128
2.69227e-132
1.39863e-136
2.94465e-136
5.6673e-141
1.01015e-139
9.81906e-147
4.51714e-144
6.6377e-150
5.10116e-128
1.42013e-128
2.56554e-132
3.90596e-137
8.66462e-136
5.46767e-141
2.62537e-139
4.49195e-147
4.22039e-144
4.66107e-150
5.09055e-128
1.20439e-128
2.44172e-132
1.09101e-137
2.5552e-135
5.27113e-141
6.90871e-139
2.05545e-147
3.95408e-144
3.25621e-150
5.04702e-128
1.01614e-128
2.32112e-132
3.04852e-138
7.55061e-135
5.07803e-141
1.83526e-138
9.40443e-148
3.71096e-144
2.25826e-150
4.96964e-128
8.5372e-129
2.20398e-132
8.52749e-139
2.23535e-134
4.88869e-141
4.90973e-138
4.29943e-148
3.48565e-144
1.55e-150
4.85767e-128
7.14845e-129
2.09053e-132
2.39423e-139
6.62895e-134
4.70339e-141
1.32035e-137
1.96124e-148
3.27422e-144
1.04802e-150
4.71056e-128
5.96946e-129
1.98092e-132
6.8126e-140
1.96883e-133
4.52236e-141
3.56443e-137
8.90083e-149
3.0738e-144
6.92955e-151
4.52797e-128
4.97421e-129
1.87527e-132
2.03202e-140
5.85563e-133
4.3458e-141
9.64982e-137
3.99426e-149
2.88239e-144
4.42508e-151
4.30978e-128
4.13787e-129
1.77367e-132
7.021e-141
1.74376e-132
4.17387e-141
2.61785e-136
1.74834e-149
2.69857e-144
2.66559e-151
4.05607e-128
3.43785e-129
1.67617e-132
3.36724e-141
5.19878e-132
4.00672e-141
7.11251e-136
7.22339e-150
2.52141e-144
1.43633e-151
3.76718e-128
2.85609e-129
1.58281e-132
2.41199e-141
1.55168e-131
3.84456e-141
1.93453e-135
2.55765e-150
2.35032e-144
5.84185e-152
3.44367e-128
2.39412e-129
1.49469e-132
2.21391e-141
4.63694e-131
3.6878e-141
5.26592e-135
4.57122e-151
2.18497e-144
0
3.08633e-128
2.19536e-129
1.4522e-132
2.23045e-141
2.94816e-131
6.72258e-131
3.59771e-141
8.31448e-135
4.68753e-151
2.61679e-151
1.94205e-144
2.87803e-128
2.25464e-128
2.27452e-141
1.87352e-131
9.58634e-131
3.50932e-141
1.31104e-134
4.80687e-151
1.49809e-151
1.71276e-144
2.67195e-128
1.64625e-128
2.32779e-141
1.19025e-131
1.35166e-130
3.42263e-141
2.06579e-134
4.92929e-151
8.57706e-152
1.49744e-144
2.47028e-128
1.20157e-128
2.3864e-141
7.5603e-132
1.89087e-130
3.33763e-141
3.2538e-134
5.05489e-151
4.91086e-152
1.29666e-144
2.27492e-128
8.76727e-129
2.44844e-141
4.80171e-132
2.63043e-130
3.25433e-141
5.12406e-134
5.18373e-151
2.81184e-152
1.11103e-144
2.08739e-128
6.39529e-129
2.51296e-141
3.04948e-132
3.64459e-130
3.17271e-141
8.06861e-134
5.31593e-151
1.60996e-152
9.41098e-145
1.90889e-128
4.66373e-129
2.57951e-141
1.93661e-132
5.03513e-130
3.09276e-141
1.27048e-133
5.45157e-151
9.21715e-153
7.87235e-145
1.74028e-128
3.39994e-129
2.64785e-141
1.22986e-132
6.94149e-130
3.01449e-141
2.00049e-133
5.59082e-151
5.27573e-153
6.49582e-145
1.58209e-128
2.47767e-129
2.71788e-141
7.81033e-133
9.55484e-130
2.93787e-141
3.14999e-133
5.73391e-151
3.0184e-153
5.28014e-145
1.43461e-128
1.80471e-129
2.78957e-141
4.96005e-133
1.31371e-129
2.8629e-141
5.88141e-151
1.72553e-153
4.22131e-145
1.29788e-128
6.0347e-151
9.85023e-154
3.31267e-145
1.17174e-128
6.19744e-151
5.60905e-154
2.54517e-145
1.05589e-128
6.3796e-151
3.1802e-154
1.90783e-145
9.49917e-129
6.60862e-151
1.78958e-154
1.38822e-145
8.53312e-129
6.96032e-151
9.9376e-155
9.73015e-146
7.65525e-129
7.64449e-151
5.38723e-155
6.48577e-146
6.8597e-129
9.24189e-151
2.78931e-155
4.01429e-146
6.14051e-129
1.33607e-150
1.31002e-155
2.18704e-146
5.49201e-129
2.44547e-150
4.71525e-156
8.84753e-147
4.91647e-129
5.4861e-150
0
0
4.6482e-129
5.58943e-150
2.78532e-149
5.69474e-150
4.41537e-149
5.80207e-150
5.52428e-149
5.91145e-150
6.23946e-149
6.02292e-150
6.68656e-149
6.13653e-150
6.96025e-149
6.25232e-150
7.11575e-149
6.37032e-150
7.17376e-149
6.49058e-150
7.13085e-149
6.61315e-150
6.97064e-149
6.73806e-150
6.67413e-149
6.86537e-150
6.22851e-149
6.99511e-150
5.63366e-149
7.12734e-150
4.90548e-149
7.26211e-150
4.07558e-149
7.39945e-150
3.18748e-149
7.53943e-150
2.29065e-149
7.68208e-150
1.43388e-149
7.82751e-150
6.59617e-150
7.97497e-150
0
8.18512e-150
8.40088e-150
8.62238e-150
8.84978e-150
9.08322e-150
9.32288e-150
9.56891e-150
9.82148e-150
1.00808e-149
1.03469e-149
1.06201e-149
1.09005e-149
1.11884e-149
1.14838e-149
1.17871e-149
1.2098e-149
1.24187e-149
1.274e-149
1.31059e-149
1.3314e-149
END_LIST
