BEGIN_LIST
0
7.54092e-154
2.68553e-153
7.65887e-153
2.04746e-152
5.34651e-152
1.38242e-151
3.5568e-151
9.12306e-151
2.33453e-150
5.96187e-150
1.51974e-149
3.86718e-149
9.82427e-149
2.49176e-148
6.31018e-148
1.59556e-147
4.02847e-147
1.01563e-146
2.55683e-146
2.58012e-146
2.71058e-146
2.58236e-146
3.00309e-146
2.58236e-146
3.62334e-146
2.58013e-146
4.85156e-146
2.57562e-146
7.16415e-146
2.56883e-146
1.13766e-145
2.55973e-146
1.88963e-145
2.54833e-146
3.21726e-145
2.53554e-146
5.55067e-145
2.56111e-146
9.65183e-145
4.32304e-146
1.68826e-144
8.03172e-145
2.96983e-144
3.32598e-143
5.25636e-144
1.41909e-141
9.36635e-144
6.05834e-140
1.68125e-143
2.58674e-138
3.04113e-143
1.10442e-136
5.54433e-143
4.71549e-135
1.01864e-142
2.01319e-133
1.88515e-142
8.59526e-132
3.51121e-142
3.66986e-130
3.56826e-142
4.73896e-142
1.98547e-142
8.67866e-130
3.84845e-130
3.62061e-142
5.49106e-142
1.12714e-142
1.68211e-129
4.02941e-130
3.66785e-142
5.93715e-142
6.42323e-143
2.95929e-129
4.21147e-130
3.70963e-142
6.18618e-142
3.67402e-143
4.90967e-129
4.39316e-130
3.74562e-142
6.30811e-142
2.10908e-143
7.82644e-129
4.57275e-130
3.77555e-142
6.34787e-142
1.21496e-143
1.21154e-128
4.74828e-130
3.79918e-142
6.33436e-142
7.02253e-144
1.83351e-128
4.91753e-130
3.81634e-142
6.28618e-142
4.07219e-144
2.72502e-128
5.078e-130
3.82691e-142
6.21536e-142
2.36867e-144
3.99036e-128
5.22687e-130
3.83082e-142
6.12965e-142
1.38185e-144
5.77134e-128
5.36093e-130
3.82808e-142
6.03411e-142
8.08413e-145
8.26033e-128
5.4763e-130
3.81875e-142
5.93204e-142
4.74189e-145
1.17179e-127
5.56793e-130
3.80293e-142
5.82562e-142
2.7884e-145
1.64966e-127
5.62864e-130
3.7808e-142
5.7163e-142
1.64351e-145
2.30737e-127
5.64713e-130
3.75259e-142
5.60506e-142
9.70824e-146
3.20956e-127
5.60419e-130
3.71861e-142
5.49259e-142
5.74631e-146
4.44394e-127
5.46549e-130
3.67523e-142
5.37936e-142
3.40761e-146
6.12992e-127
5.16786e-130
3.98601e-142
5.26573e-142
2.02418e-146
8.43088e-127
4.59329e-130
-2.90027e-141
5.15199e-142
1.20421e-146
1.15723e-126
3.51864e-130
3.02835e-139
5.03835e-142
7.1732e-147
1.58703e-126
1.51335e-130
1.85493e-138
2.94652e-139
3.0755e-141
2.28715e-142
4.60012e-142
5.10496e-147
1.67582e-126
1.50198e-126
1.45971e-130
4.25142e-131
6.26339e-138
2.86377e-139
8.4878e-141
1.04142e-142
4.22234e-142
3.63381e-147
1.75713e-126
1.39722e-126
1.40558e-130
1.18883e-131
1.8933e-137
2.78041e-139
2.02287e-140
4.74982e-143
3.89756e-142
2.5867e-147
1.83018e-126
1.27839e-126
1.35121e-130
3.32e-132
5.55779e-137
2.69672e-139
4.67155e-140
2.16887e-143
3.61779e-142
1.84101e-147
1.89419e-126
1.15171e-126
1.29687e-130
9.26869e-133
1.62028e-136
2.61299e-139
1.08814e-139
9.91289e-144
3.37522e-142
1.3097e-147
1.94843e-126
1.02311e-126
1.24278e-130
2.58756e-133
4.72326e-136
2.52948e-139
2.59374e-139
4.53446e-144
3.16268e-142
9.30973e-148
1.99219e-126
8.97637e-127
1.18917e-130
7.22411e-134
1.37958e-135
2.44643e-139
6.34618e-139
2.07577e-144
2.97399e-142
6.60933e-148
2.02481e-126
7.79112e-127
1.13624e-130
2.01704e-134
4.03956e-135
2.36407e-139
1.59057e-138
9.50882e-145
2.80397e-142
4.68343e-148
2.04567e-126
6.70069e-127
1.08418e-130
5.63232e-135
1.1858e-134
2.28259e-139
4.06786e-138
4.35845e-145
2.64847e-142
3.30984e-148
2.05422e-126
5.71884e-127
1.03315e-130
1.57294e-135
3.48922e-134
2.20219e-139
1.05723e-137
1.99868e-145
2.50421e-142
2.33024e-148
2.04995e-126
4.85003e-127
9.83285e-131
4.3935e-136
1.02897e-133
2.12304e-139
2.78211e-137
9.16805e-146
2.36866e-142
1.63188e-148
2.03242e-126
4.09195e-127
9.34718e-131
1.22764e-136
3.04061e-133
2.04527e-139
7.39051e-137
4.20507e-146
2.23993e-142
1.13432e-148
2.00126e-126
3.4379e-127
8.87548e-131
3.43404e-137
9.00169e-133
1.96901e-139
1.97713e-136
1.92718e-146
2.11662e-142
7.80173e-149
1.95617e-126
2.87866e-127
8.4186e-131
9.64163e-138
2.66946e-132
1.89438e-139
5.317e-136
8.81262e-147
1.99772e-142
5.28487e-149
1.89693e-126
2.40389e-127
7.97719e-131
2.74346e-138
7.9284e-132
1.82148e-139
1.43538e-135
4.00901e-147
1.88253e-142
3.49999e-149
1.8234e-126
2.0031e-127
7.55175e-131
8.18313e-139
2.35804e-131
1.75037e-139
3.88595e-135
1.8031e-147
1.77059e-142
2.23804e-149
1.73553e-126
1.66631e-127
7.14261e-131
2.82754e-139
7.02206e-131
1.68112e-139
1.0542e-134
7.90856e-148
1.66162e-142
1.3496e-149
1.63337e-126
1.38441e-127
6.74997e-131
1.35617e-139
2.09353e-130
1.6138e-139
2.86419e-134
3.27328e-148
1.55548e-142
7.27783e-150
1.51703e-126
1.15014e-127
6.37402e-131
9.71493e-140
6.24855e-130
1.54849e-139
7.7903e-134
1.16084e-148
1.45213e-142
2.96144e-150
1.38676e-126
9.64107e-128
6.01914e-131
8.91733e-140
1.86728e-129
1.48536e-139
2.12057e-133
2.082e-149
1.35161e-142
0
1.24286e-126
8.84064e-128
5.84805e-131
8.98399e-140
1.18722e-129
2.70716e-129
1.44908e-139
3.34821e-133
2.13744e-149
1.19373e-149
1.20305e-142
1.15897e-126
9.07935e-127
9.16152e-140
7.54462e-130
3.86039e-129
1.41348e-139
5.2795e-133
2.1944e-149
6.84499e-150
1.0621e-142
1.07599e-126
6.62939e-127
9.37605e-140
4.7931e-130
5.4431e-129
1.37856e-139
8.31887e-133
2.25291e-149
3.92529e-150
9.29267e-143
9.94777e-127
4.83867e-127
9.61211e-140
3.04451e-130
7.61447e-129
1.34433e-139
1.31029e-132
2.31302e-149
2.2511e-150
8.05108e-143
9.16103e-127
3.53056e-127
9.86199e-140
1.93363e-130
1.05926e-128
1.31078e-139
2.06344e-132
2.37478e-149
1.29103e-150
6.90131e-143
8.40586e-127
2.57536e-127
1.01219e-139
1.22802e-130
1.46767e-128
1.2779e-139
3.2492e-132
2.43823e-149
7.40407e-151
5.84754e-143
7.68705e-127
1.87807e-127
1.03899e-139
7.79868e-131
2.02763e-128
1.2457e-139
5.11619e-132
2.50343e-149
4.24587e-151
4.89263e-143
7.00804e-127
1.36914e-127
1.06651e-139
4.95261e-131
2.79532e-128
1.21418e-139
8.05592e-132
2.57048e-149
2.43425e-151
4.03784e-143
6.37104e-127
9.97751e-128
1.09472e-139
3.14519e-131
3.8477e-128
1.18332e-139
1.26849e-131
2.63954e-149
1.39499e-151
3.28261e-143
5.77714e-127
7.26753e-128
1.12359e-139
1.9974e-131
5.29027e-128
1.15313e-139
2.71098e-149
7.98773e-152
2.62462e-143
5.22652e-127
2.78573e-149
4.56714e-152
2.05984e-143
4.71856e-127
2.86634e-149
2.60476e-152
1.58271e-143
4.25205e-127
2.9597e-149
1.47906e-152
1.18644e-143
3.82529e-127
3.08484e-149
8.3349e-153
8.63337e-144
3.43626e-127
3.29435e-149
4.63444e-153
6.0514e-144
3.08275e-127
3.73378e-149
2.51525e-153
4.03374e-144
2.76238e-127
4.80613e-149
1.30354e-153
2.49668e-144
2.47276e-127
7.62732e-149
6.12658e-154
1.36024e-144
2.21162e-127
1.52881e-148
2.20616e-154
5.5028e-145
1.97985e-127
3.635e-148
0
0
1.87181e-127
3.70461e-148
1.91448e-147
3.77555e-148
3.04535e-147
3.84787e-148
3.81515e-147
3.92158e-148
4.31202e-147
3.99673e-148
4.62291e-147
4.07332e-148
4.81343e-147
4.1514e-148
4.92186e-147
4.23098e-148
4.96261e-147
4.3121e-148
4.93335e-147
4.3948e-148
4.82281e-147
4.47909e-148
4.61786e-147
4.56501e-148
4.30968e-147
4.6526e-148
3.89817e-147
4.74187e-148
3.39437e-147
4.83287e-148
2.82015e-147
4.92564e-148
2.20564e-147
5.02019e-148
1.58507e-147
5.11657e-148
9.92215e-148
5.21484e-148
4.56441e-148
5.3145e-148
0
5.45656e-148
5.60244e-148
5.75224e-148
5.90606e-148
6.06401e-148
6.22619e-148
6.39273e-148
6.56373e-148
6.7393e-148
6.91957e-148
7.10465e-148
7.29467e-148
7.48975e-148
7.69002e-148
7.89565e-148
8.10648e-148
8.32404e-148
8.54202e-148
8.79032e-148
8.93157e-148
END_LIST
