BEGIN_LIST
0.1
0.0993956
0.0987727
0.0981311
0.0974706
0.0967911
0.0960923
0.0953741
0.0946365
0.0938793
0.0931024
0.0923058
0.0914893
0.0906524
0.0897943
0.088912
0.0879988
0.0870374
0.085985
0.0847353
0.083026
0.0775208
0.082642
0.0720596
0.0822055
0.0666928
0.0817105
0.0614667
0.0811501
0.0564217
0.0805173
0.0515918
0.0798044
0.0470038
0.0790035
0.0426776
0.0781063
0.038626
0.0771048
0.0348559
0.0759907
0.0313684
0.0747563
0.0281602
0.0733946
0.0252245
0.0718996
0.022553
0.0702667
0.0201374
0.068493
0.017974
0.066578
0.016071
0.0645233
0.0144641
0.0623288
0.0132506
0.0598469
0.012663
0.0524924
0.0117972
0.0129236
0.013229
0.0489033
0.0479608
0.0109815
0.0132845
0.0141728
0.0455408
0.0436967
0.0102143
0.0137139
0.0153639
0.0423931
0.039707
0.00949371
0.0141923
0.0167391
0.0394487
0.0359933
0.00881793
0.014708
0.0182691
0.0366965
0.0325534
0.00818501
0.0152542
0.0199419
0.0341255
0.0293811
0.00759295
0.0158266
0.0217534
0.0317253
0.0264674
0.00703978
0.016423
0.0237035
0.0294857
0.0238011
0.0065235
0.017042
0.0257934
0.0273971
0.0213693
0.00604215
0.017683
0.0280247
0.02545
0.0191579
0.00559377
0.0183458
0.0303979
0.0236352
0.0171517
0.00517648
0.0190305
0.0329125
0.0219437
0.0153348
0.00478844
0.019737
0.0355665
0.0203659
0.0136899
0.00442787
0.0204658
0.038356
0.0188909
0.0121969
0.00409308
0.0212169
0.0412751
0.0175048
0.0108292
0.0037824
0.0219908
0.0443158
0.0161866
0.00954597
0.0034943
0.0227876
0.047468
0.0148999
0.00827403
0.00322725
0.0236077
0.0507191
0.0135762
0.00686902
0.00298097
0.0244512
0.0540546
0.0120796
0.00502905
0.00263614
0.0253185
0.0574581
0.0101319
0.00210434
0.00234244
0.0024592
0.0192693
0.0343815
0.0188189
0.0597755
0.00984698
0.00806577
0.00193773
0.000626989
0.00208036
0.00229379
0.0144907
0.0396404
0.0144248
0.0621059
0.00955785
0.00639891
0.00178403
0.00022818
0.00184672
0.00213919
0.0107964
0.0433435
0.0115045
0.0644445
0.00926412
0.00506252
0.00164226
0.000123748
0.00163862
0.00199475
0.00798718
0.0464241
0.00961571
0.0667856
0.00896544
0.00399641
0.00151155
9.98632e-05
0.00145343
0.00185983
0.00587756
0.0492679
0.00845104
0.0691235
0.00866145
0.00314929
0.00139107
9.82683e-05
0.00128874
0.00173383
0.00430803
0.052031
0.00779779
0.071452
0.00835176
0.00247831
0.00128004
0.000103112
0.00114237
0.0016162
0.00314837
0.0547727
0.00750955
0.073765
0.00803597
0.00194815
0.00117775
0.000110102
0.00101235
0.00150639
0.00229592
0.0575108
0.00748602
0.0760565
0.00771365
0.00153008
0.00108352
0.000118098
0.000896928
0.00140391
0.00167163
0.0602457
0.0076589
0.0783205
0.00738438
0.00120091
0.000996736
0.000126819
0.000794496
0.00130829
0.00121569
0.0629704
0.00798208
0.0805511
0.00704768
0.000942049
0.000916828
0.000136223
0.000703632
0.00121908
0.000883364
0.0656745
0.0084248
0.0827428
0.00670308
0.000738678
0.000843259
0.000146334
0.000623055
0.00113586
0.000641491
0.0683469
0.00896696
0.0848905
0.00635007
0.000579021
0.000775539
0.000157197
0.000551615
0.00105825
0.000465638
0.070976
0.00959584
0.0869893
0.00598813
0.000453754
0.000713209
0.000168865
0.000488271
0.000985882
0.000337882
0.0735509
0.0103039
0.0890347
0.00561669
0.000355516
0.00065585
0.000181397
0.000432054
0.000918402
0.000245123
0.0760611
0.0110871
0.0910228
0.00523518
0.000278503
0.000603069
0.000194858
0.00038197
0.000855493
0.000177803
0.0784972
0.0119441
0.0929502
0.00484298
0.000218147
0.000554508
0.000209315
0.000336739
0.000796855
0.000128969
0.080851
0.0128751
0.0948138
0.00443948
0.00017087
0.000509833
0.000224841
0.000294007
0.000742219
9.3577e-05
0.0831154
0.0138817
0.0966112
0.00402399
0.000133967
0.000468747
0.000241516
0.000247957
0.000691368
6.80049e-05
0.0852844
0.0149664
0.0983404
0.00359582
0.000106225
0.000431348
0.000259423
0.000181983
0.000644236
4.97458e-05
0.0873536
0.0161323
0.1
0.00315423
9.46267e-05
0.000413631
0.000278654
0.000113122
0.00017652
0.000617883
4.27989e-05
0.0866748
0.0880227
0.0180634
0.00276155
0.00221808
0.000290705
7.10401e-05
0.00017168
0.0005926
3.68282e-05
0.0859826
0.0886785
0.0202091
0.00241604
0.00156973
0.000303212
4.54453e-05
0.000167631
0.000568344
3.17002e-05
0.085277
0.0893258
0.0225822
0.00211243
0.00112111
0.000316225
3.00192e-05
0.000164616
0.000545074
2.73026e-05
0.0845582
0.0899679
0.0251959
0.00184597
0.000811102
0.000329779
2.08871e-05
0.000162995
0.000522751
2.35415e-05
0.0838262
0.0906066
0.0280633
0.00161234
0.000597292
0.000343904
1.56764e-05
0.000163286
0.000501336
2.03418e-05
0.0830812
0.0912428
0.0311959
0.00140769
0.00045026
0.000358627
1.29391e-05
0.000166241
0.000480793
1.76473e-05
0.0823233
0.0918773
0.0346033
0.00122856
0.000349595
0.000373976
1.17961e-05
0.000172947
0.000461087
1.54236e-05
0.0815527
0.0925103
0.0382921
0.00107188
0.000281139
0.000389978
1.17198e-05
0.000184976
0.000442185
1.36642e-05
0.0807696
0.0931419
0.0422654
0.000934916
0.000235075
0.00040666
1.24005e-05
0.000204594
0.000424053
0.0799741
0.0937723
0.0465213
0.000815254
0.0791665
0.0944015
0.0510528
0.000710755
0.0783467
0.0950294
0.0558469
0.000619535
0.0775143
0.095656
0.0608842
0.000539934
0.0766677
0.0962812
0.0661384
0.000470493
0.0758013
0.096905
0.0715768
0.000409932
0.074899
0.0975272
0.0771603
0.000357128
0.0739141
0.098148
0.0828445
0.000311096
0.0727117
0.098767
0.0885804
0.00027099
0.0709055
0.0993844
0.0943166
0.000236482
0.0673894
0.1
0.1
0.000220644
0.0670866
0.0452335
0.0667623
0.0304394
0.0664155
0.0209869
0.066045
0.0152718
0.0656493
0.0121374
0.0652274
0.0108116
0.0647778
0.0108151
0.0642993
0.0118767
0.0637907
0.0138692
0.0632508
0.016762
0.0626782
0.0205869
0.062072
0.0254108
0.0614309
0.0313103
0.0607541
0.0383464
0.0600406
0.0465375
0.0592898
0.0558339
0.0585009
0.0660982
0.0576737
0.0770986
0.0568078
0.088521
0.0558991
0.1
0.05458
0.053188
0.0517256
0.0501959
0.0486033
0.0469531
0.0452517
0.0435063
0.0417251
0.0399167
0.0380905
0.0362558
0.0344225
0.0326002
0.0307978
0.0290254
0.0272848
0.0256166
0.0238556
0.0229004
END_LIST
