BEGIN_LIST
0.00130501
0.00130393
0.0013028
0.00130162
0.0013004
0.00129912
0.00129779
0.00129641
0.00129497
0.00129348
0.00129192
0.00129029
0.00128861
0.00128685
0.00128501
0.00128308
0.00128104
0.0012788
0.00127617
0.00127264
0.0011586
0.00132974
0.00113432
0.0013297
0.00110742
0.00132966
0.00107785
0.00132961
0.00104558
0.00132955
0.00101066
0.00132948
0.000973187
0.0013294
0.000933345
0.00132931
0.000891381
0.00132921
0.000847609
0.0013291
0.000802407
0.00132896
0.000756202
0.00132881
0.000709468
0.00132863
0.000662717
0.00132843
0.000616528
0.0013282
0.0005716
0.00132794
0.000528922
0.00132764
0.000490149
0.00132729
0.000458438
0.00132687
0.000440174
0.00132545
0.000668398
0.000472512
0.000543034
0.000525283
0.0011551
0.000640068
0.000478408
0.000572366
0.000500013
0.00113209
0.000611868
0.000487293
0.000605334
0.0004753
0.00110678
0.000583896
0.000498078
0.000640299
0.000451199
0.00107911
0.000556249
0.000510084
0.000676327
0.00042776
0.00104908
0.000529017
0.00052289
0.000712835
0.000405026
0.0010167
0.000502287
0.000536235
0.000749419
0.000383032
0.000982057
0.000476136
0.000549954
0.000785763
0.000361805
0.000945283
0.000450636
0.000563943
0.000821602
0.000341368
0.000906561
0.000425848
0.000578132
0.000856705
0.000321732
0.000866123
0.000401828
0.000592474
0.000890866
0.000302905
0.000824236
0.000378619
0.000606935
0.000923905
0.000284884
0.000781179
0.00035626
0.000621489
0.000955665
0.000267652
0.000737206
0.000334777
0.000636116
0.000986018
0.000251174
0.000692454
0.00031419
0.000650796
0.00101486
0.000235379
0.000646783
0.000294512
0.000665512
0.00104212
0.000220124
0.000599399
0.000275748
0.000680249
0.00106775
0.000205121
0.000548045
0.000257896
0.00069499
0.00109173
0.000189785
0.000487086
0.000240981
0.000709722
0.00111405
0.000172902
0.000402721
0.000221024
0.000724429
0.00113474
0.000151918
0.000259306
0.000293013
0.000222265
0.000837045
0.000934197
0.000536164
0.00115079
3.78414e-05
0.000569373
0.000285006
0.000134224
0.000265237
0.00020914
0.000715781
0.00102944
0.000430178
0.00116292
3.6776e-05
0.000486816
0.000266287
4.33915e-05
0.000239548
0.000196662
0.000594836
0.00107521
0.00035086
0.00117436
3.56932e-05
0.000410505
0.000248521
1.78425e-05
0.000215896
0.000184814
0.00048141
0.00110379
0.00029473
0.00118513
3.45915e-05
0.00034188
0.000231697
1.12256e-05
0.000194207
0.000173577
0.000380637
0.00112533
0.000257303
0.00119526
3.34697e-05
0.00028164
0.000215797
9.88535e-06
0.000174391
0.000162934
0.000295104
0.00114347
0.000234292
0.00120477
3.23262e-05
0.000229851
0.000200799
1.00238e-05
0.00015635
0.000152862
0.000225163
0.00115959
0.000222112
0.0012137
3.11597e-05
0.000186109
0.00018668
1.06027e-05
0.000139973
0.000143342
0.00016964
0.00117428
0.000217969
0.00122206
2.99684e-05
0.000149704
0.000173409
1.13412e-05
0.000125149
0.000134352
0.000126564
0.00118777
0.000219787
0.00122989
2.87508e-05
0.000119771
0.000160957
1.21657e-05
0.000111763
0.00012587
9.37255e-05
0.00120022
0.000226065
0.00123721
2.75051e-05
9.54018e-05
0.000149291
1.30592e-05
9.97034e-05
0.000117874
6.90201e-05
0.00121169
0.00023574
0.00124404
2.62294e-05
7.57217e-05
0.000138375
1.40203e-05
8.88605e-05
0.000110343
5.06157e-05
0.00122225
0.000248071
0.00125042
2.49219e-05
5.99303e-05
0.000128177
1.5052e-05
7.91285e-05
0.000103255
3.70048e-05
0.00123196
0.000262544
0.00125636
2.35805e-05
4.73244e-05
0.000118659
1.6159e-05
7.04057e-05
9.65891e-05
2.69929e-05
0.00124087
0.000278806
0.0012619
2.22031e-05
3.73024e-05
0.000109788
1.73465e-05
6.25929e-05
9.03239e-05
1.96572e-05
0.00124904
0.000296614
0.00126705
2.07874e-05
2.93608e-05
0.000101528
1.86201e-05
5.55857e-05
8.44393e-05
1.4298e-05
0.00125652
0.0003158
0.00127183
1.93312e-05
2.30838e-05
9.38439e-05
1.9986e-05
4.92519e-05
7.89158e-05
1.03913e-05
0.00126336
0.000336244
0.00127628
1.7832e-05
1.81334e-05
8.67032e-05
2.14504e-05
4.33596e-05
7.37348e-05
7.54895e-06
0.00126961
0.000357857
0.00128041
1.62871e-05
1.42418e-05
8.00735e-05
2.30205e-05
3.73576e-05
6.88808e-05
5.48662e-06
0.0012753
0.00038057
0.00128424
1.46939e-05
1.12416e-05
7.39549e-05
2.47034e-05
2.96971e-05
6.43466e-05
4.00128e-06
0.00128049
0.000404322
0.00128779
1.30494e-05
9.41101e-06
6.96314e-05
2.65071e-05
1.12872e-05
5.9911e-06
6.09304e-05
3.14618e-06
0.00128172
0.00106242
0.000435862
0.000332125
6.58651e-05
2.80235e-05
7.04336e-06
5.80936e-06
5.85213e-05
2.70771e-06
0.00128001
0.00106635
0.000475518
0.000298131
4.70434e-05
2.9212e-05
4.44527e-06
5.64699e-06
5.62035e-05
2.33089e-06
0.00127823
0.00106997
0.000517114
0.000266754
3.38555e-05
3.04454e-05
2.86534e-06
5.50905e-06
5.39739e-05
2.00746e-06
0.0012764
0.00107339
0.000560345
0.000237972
2.46643e-05
3.17274e-05
1.91559e-06
5.40297e-06
5.18294e-05
1.73051e-06
0.00127451
0.0010767
0.000604876
0.000211723
1.82894e-05
3.30611e-05
1.35708e-06
5.33955e-06
4.97671e-05
1.49443e-06
0.00127255
0.00107994
0.000650334
0.000187909
1.38903e-05
3.44489e-05
1.04321e-06
5.33448e-06
4.77839e-05
1.29491e-06
0.00127053
0.00108311
0.000696317
0.000166405
1.08731e-05
3.58932e-05
8.84453e-07
5.41049e-06
4.58772e-05
1.12909e-06
0.00126844
0.00108624
0.000742398
0.000147069
8.82081e-06
3.73963e-05
8.26535e-07
5.60043e-06
4.40441e-05
9.95963e-07
0.00126629
0.00108934
0.000788141
0.000129748
7.44183e-06
3.89606e-05
8.36996e-07
5.95171e-06
4.2282e-05
8.96938e-07
0.00126406
0.0010924
0.00083311
0.000114286
6.53269e-06
4.05883e-05
0.00126176
0.00109543
0.000876892
0.000100524
0.00125939
0.00109842
0.000919107
8.83089e-05
0.00125694
0.00110139
0.000959422
7.74917e-05
0.0012544
0.00110433
0.00099756
6.79328e-05
0.00125176
0.00110723
0.00103331
5.95015e-05
0.00124899
0.00111011
0.00106652
5.2077e-05
0.00124598
0.00111296
0.00109712
4.55483e-05
0.00124239
0.00111578
0.00112508
3.98157e-05
0.00123726
0.00111857
0.00115044
3.48179e-05
0.00122746
0.00112133
0.00117328
3.14301e-05
0.00132923
0.00112261
0.00132917
0.000954601
0.0013291
0.000775249
0.00132903
0.000620869
0.00132895
0.000511482
0.00132887
0.000450855
0.00132878
0.000433804
0.00132868
0.000452411
0.00132857
0.000499016
0.00132846
0.000566929
0.00132833
0.000650138
0.0013282
0.000742842
0.00132805
0.000839239
0.00132789
0.000933685
0.00132772
0.00102117
0.00132754
0.00109791
0.00132734
0.00116172
0.00132713
0.00121215
0.0013269
0.00125012
0.00132665
0.00127747
0.00132632
0.00132591
0.00132544
0.00132493
0.00132436
0.00132372
0.00132301
0.00132222
0.00132135
0.00132037
0.00131929
0.00131808
0.00131675
0.00131526
0.00131361
0.00131177
0.00130973
0.00130749
0.0013049
0.00130258
END_LIST
