BEGIN_LIST
0.00118982
0.00118431
0.00117863
0.00117276
0.0011667
0.00116045
0.00115401
0.00114737
0.00114052
0.00113347
0.00112622
0.00111875
0.00111107
0.00110316
0.00109502
0.0010866
0.00107781
0.0010684
0.00105772
0.00104402
0.000832449
0.00130775
0.000786508
0.00130449
0.000739718
0.00130078
0.000692542
0.00129655
0.000645446
0.00129174
0.000598885
0.00128628
0.000553285
0.00128008
0.000509029
0.00127305
0.000466449
0.0012651
0.000425817
0.00125612
0.000387342
0.00124599
0.000351176
0.00123461
0.000317415
0.00122184
0.000286112
0.00120757
0.000257294
0.00119165
0.000230996
0.00117397
0.000207322
0.0011544
0.000186577
0.00113283
0.000169547
0.00110872
0.000158102
0.00106504
0.000257304
0.000170441
0.000197137
0.000175329
0.000569828
0.000240365
0.000174801
0.000206866
0.000163782
0.000527743
0.000224321
0.000180121
0.000221629
0.000152906
0.000487021
0.000209155
0.00018611
0.000239633
0.000142674
0.000447909
0.000194843
0.000192592
0.000259997
0.000133058
0.000410604
0.00018136
0.000199463
0.000282293
0.00012403
0.00037526
0.00016868
0.000206658
0.000306312
0.000115562
0.000341977
0.000156773
0.000214141
0.00033195
0.000107626
0.000310815
0.000145607
0.000221891
0.000359139
0.000100195
0.000281793
0.00013515
0.000229895
0.000387824
9.32422e-05
0.000254893
0.000125369
0.000238147
0.000417943
8.67393e-05
0.000230067
0.000116231
0.000246645
0.000449417
8.06598e-05
0.000207238
0.000107703
0.000255388
0.000482149
7.49749e-05
0.000186295
9.97522e-05
0.000264374
0.000516018
6.96526e-05
0.00016709
9.23468e-05
0.000273606
0.000550882
6.46525e-05
0.000149399
8.54553e-05
0.000283083
0.000586576
5.99158e-05
0.000132856
7.90472e-05
0.000292805
0.000622915
5.53434e-05
0.000116782
7.3093e-05
0.000302773
0.000659698
5.0752e-05
9.98148e-05
6.75765e-05
0.000312987
0.00069671
4.57791e-05
7.90506e-05
6.12096e-05
0.000323446
0.000733729
3.96844e-05
4.80616e-05
8.24139e-05
6.12131e-05
0.000388069
0.000469705
0.000222942
0.000764408
9.5087e-06
0.000169682
5.3235e-05
2.40403e-05
7.33491e-05
5.71428e-05
0.000301144
0.000558425
0.000172652
0.000788981
9.23672e-06
0.000136103
4.90668e-05
7.93147e-06
6.52355e-05
5.33327e-05
0.000229937
0.000611753
0.000137937
0.000813264
8.96052e-06
0.000108636
4.52142e-05
3.60728e-06
5.79827e-05
4.97674e-05
0.000173332
0.000652035
0.000114826
0.000837206
8.67978e-06
8.63694e-05
4.16551e-05
2.53369e-06
5.15074e-05
4.64325e-05
0.000129372
0.000687307
0.000100197
0.000860757
8.39415e-06
6.84477e-05
3.83684e-05
2.35615e-06
4.57323e-05
4.3314e-05
9.58339e-05
0.000720555
9.17065e-05
0.000883863
8.10328e-06
5.41065e-05
3.53344e-05
2.43147e-06
4.05866e-05
4.0399e-05
7.05884e-05
0.000752857
8.76561e-05
0.000906475
7.80678e-06
4.26832e-05
3.25348e-05
2.58486e-06
3.60056e-05
3.76748e-05
5.1774e-05
0.000784551
8.684e-05
0.000928544
7.50427e-06
3.36175e-05
2.99522e-05
2.76939e-06
3.19303e-05
3.51298e-05
3.78559e-05
0.000815689
8.84167e-05
0.000950028
7.19534e-06
2.64435e-05
2.75706e-05
2.97296e-06
2.83074e-05
3.27526e-05
2.76158e-05
0.000846211
9.18079e-05
0.000970888
6.87955e-06
2.07795e-05
2.5375e-05
3.19308e-06
2.50886e-05
3.05328e-05
2.01118e-05
0.000876022
9.6622e-05
0.00099109
6.55644e-06
1.63158e-05
2.33513e-05
3.4299e-06
2.22302e-05
2.84604e-05
1.46289e-05
0.00090502
0.000102599
0.0010106
6.22556e-06
1.28029e-05
2.14866e-05
3.68436e-06
1.96929e-05
2.65261e-05
1.06312e-05
0.000933107
0.000109569
0.00102941
5.88639e-06
1.00415e-05
1.97686e-05
3.95768e-06
1.74411e-05
2.47209e-05
7.72094e-06
0.000960196
0.000117428
0.00104749
5.53842e-06
7.8726e-06
1.81863e-05
4.25122e-06
1.54419e-05
2.30365e-05
5.60472e-06
0.000986214
0.000126114
0.00106482
5.18111e-06
6.17032e-06
1.67291e-05
4.56647e-06
1.36631e-05
2.14652e-05
4.06719e-06
0.0010111
0.000135599
0.00108141
4.81389e-06
4.83499e-06
1.53875e-05
4.90501e-06
1.2067e-05
1.99997e-05
2.95088e-06
0.00103481
0.000145872
0.00109725
4.43615e-06
3.78811e-06
1.41523e-05
5.26856e-06
1.05927e-05
1.86332e-05
2.14106e-06
0.00105732
0.000156938
0.00111234
4.04726e-06
2.96897e-06
1.30155e-05
5.65896e-06
9.10286e-06
1.736e-05
1.55472e-06
0.00107861
0.000168813
0.00112669
3.64658e-06
2.33969e-06
1.19746e-05
6.07815e-06
7.21824e-06
1.61769e-05
1.13307e-06
0.00109867
0.000181517
0.00114031
3.23341e-06
1.95663e-06
1.12433e-05
6.52826e-06
2.73111e-06
1.44661e-06
1.52893e-05
8.90552e-07
0.00110396
0.000768612
0.000198886
9.03966e-05
1.65519e-05
6.90733e-06
1.70598e-06
1.40273e-06
1.46654e-05
7.66255e-07
0.00109712
0.000775316
0.000221529
7.9328e-05
1.1748e-05
7.2049e-06
1.08048e-06
1.36362e-06
1.40667e-05
6.5945e-07
0.00109012
0.000781233
0.000246359
6.95457e-05
8.41464e-06
7.51409e-06
7.01415e-07
1.33051e-06
1.34922e-05
5.67771e-07
0.00108296
0.000786715
0.000273438
6.09165e-05
6.1071e-06
7.83592e-06
4.74678e-07
1.30525e-06
1.2941e-05
4.89232e-07
0.00107565
0.000791954
0.000302814
5.3317e-05
4.51399e-06
8.17118e-06
3.42529e-07
1.29051e-06
1.24121e-05
4.22201e-07
0.00106818
0.000797053
0.000334513
4.6634e-05
3.41801e-06
8.52057e-06
2.69646e-07
1.29016e-06
1.19046e-05
3.65405e-07
0.00106055
0.00080207
0.000368524
4.07645e-05
2.6678e-06
8.88474e-06
2.34517e-07
1.30982e-06
1.14177e-05
3.17956e-07
0.00105276
0.000807036
0.000404798
3.56152e-05
2.15809e-06
9.26434e-06
2.24143e-07
1.35764e-06
1.09506e-05
2.79431e-07
0.00104481
0.000811966
0.000443235
3.11021e-05
1.81572e-06
9.66003e-06
2.30795e-07
1.44534e-06
1.05024e-05
2.50021e-07
0.00103671
0.000816869
0.000483683
2.71501e-05
1.58989e-06
1.00725e-05
0.00102845
0.000821751
0.000525935
2.3692e-05
0.00102003
0.000826613
0.000569725
2.0668e-05
0.00101145
0.000831456
0.000614737
1.80252e-05
0.00100271
0.000836282
0.000660604
1.57166e-05
0.000993775
0.000841089
0.000706924
1.3701e-05
0.00098458
0.000845877
0.000753267
1.19417e-05
0.00097491
0.000850647
0.000799192
1.04067e-05
0.000964119
0.000855398
0.000844264
9.06799e-06
0.000950261
0.000860129
0.000888067
7.90771e-06
0.000927326
0.00086484
0.000930224
7.12442e-06
0.00128634
0.000760431
0.00128292
0.000566312
0.00127924
0.000410877
0.0012753
0.000301096
0.00127106
0.0002325
0.00126653
0.000196924
0.00126167
0.000186778
0.00125646
0.000196494
0.00125089
0.000222537
0.00124494
0.000262922
0.00123858
0.000316612
0.00123178
0.000382937
0.00122453
0.000461074
0.0012168
0.000549588
0.00120857
0.000646105
0.00119982
0.000747199
0.00119052
0.000848573
0.00118064
0.000945558
0.00117017
0.00103383
0.00115903
0.00111013
0.00114491
0.00112738
0.00110853
0.00108834
0.00106678
0.00104384
0.00101953
0.00099386
0.000966876
0.000938633
0.000909207
0.000878695
0.000847211
0.000814887
0.000781869
0.000748325
0.00071438
0.00068046
0.000645379
0.000616761
END_LIST
