BEGIN_LIST
0.00125236
0.00124914
0.0012458
0.00124233
0.00123873
0.001235
0.00123114
0.00122714
0.00122299
0.00121869
0.00121424
0.00120964
0.00120487
0.00119993
0.00119481
0.00118948
0.00118386
0.00117779
0.00117081
0.00116169
0.000978965
0.00132484
0.000939256
0.00132408
0.000897381
0.0013232
0.000853652
0.00132219
0.000808436
0.00132104
0.00076215
0.00131972
0.000715243
0.00131821
0.000668179
0.00131649
0.000621419
0.00131451
0.000575404
0.00131226
0.000530542
0.00130969
0.000487195
0.00130675
0.000445677
0.00130341
0.000406253
0.00129959
0.000369163
0.00129524
0.000334657
0.0012903
0.000303091
0.00128467
0.000275134
0.00127829
0.000252201
0.00127082
0.000237404
0.00125339
0.000379885
0.00025594
0.000295732
0.000294911
0.000840807
0.000357458
0.000261584
0.000310975
0.000277224
0.000798075
0.000335908
0.000268693
0.000332093
0.000260358
0.000754485
0.000315257
0.000276792
0.000356899
0.000244304
0.000710415
0.000295517
0.00028559
0.000384269
0.00022905
0.00066625
0.000276693
0.000294909
0.000413607
0.00021458
0.00062237
0.000258783
0.000304642
0.000444572
0.000200874
0.00057914
0.00024178
0.000314723
0.000476936
0.000187911
0.000536896
0.000225671
0.000325109
0.000510515
0.000175668
0.000495935
0.000210438
0.000335777
0.000545138
0.000164118
0.000456511
0.000196061
0.000346709
0.000580627
0.000153234
0.000418824
0.000182514
0.000357894
0.000616793
0.000142985
0.000383015
0.000169771
0.000369324
0.000653432
0.000133338
0.000349152
0.000157802
0.000380993
0.000690331
0.000124249
0.000317204
0.000146576
0.000392894
0.000727267
0.000115658
0.000286972
0.00013606
0.000405022
0.000764015
0.000107474
0.000257951
0.000126224
0.000417371
0.000800351
9.95299e-05
0.000228997
0.000117032
0.000429936
0.000836056
9.15113e-05
0.000197572
0.000108471
0.000442709
0.000870926
8.27846e-05
0.000158004
9.85386e-05
0.000455683
0.000904771
7.20451e-05
9.71905e-05
0.000132227
9.86757e-05
0.000541038
0.000637934
0.000320445
0.000932087
1.74518e-05
0.000296892
0.000107236
4.87036e-05
0.000118147
9.22833e-05
0.000432836
0.000739631
0.000250224
0.000953454
1.69544e-05
0.000242785
9.91477e-05
1.56574e-05
0.00010545
8.62781e-05
0.000338873
0.000796588
0.000200578
0.000974157
1.64492e-05
0.00019691
9.16272e-05
6.66871e-06
9.4023e-05
8.06401e-05
0.000260605
0.000837026
0.000166894
0.000994177
1.59356e-05
0.000158608
8.46406e-05
4.38568e-06
8.37593e-05
7.53499e-05
0.000197562
0.000870701
0.000145183
0.00101349
1.54128e-05
0.000127036
7.81553e-05
3.95329e-06
7.45561e-05
7.03886e-05
0.000148099
0.000901207
0.000132286
0.00103209
1.48803e-05
0.00010128
7.21402e-05
4.04002e-06
6.63165e-05
6.57382e-05
0.000110069
0.000929877
0.000125822
0.00104996
1.43373e-05
8.04445e-05
6.65651e-05
4.28338e-06
5.89496e-05
6.13812e-05
8.12745e-05
0.000957189
0.000124063
0.00106708
1.37832e-05
6.37043e-05
6.14013e-05
4.58566e-06
5.23711e-05
5.73008e-05
5.97218e-05
0.00098329
0.000125781
0.00108345
1.32171e-05
5.0327e-05
5.66213e-05
4.92143e-06
4.65029e-05
5.34811e-05
4.37266e-05
0.00100821
0.000130118
0.00109908
1.26383e-05
3.96831e-05
5.21992e-05
5.28505e-06
4.12735e-05
4.99067e-05
3.19304e-05
0.00103194
0.000136486
0.00111396
1.20459e-05
3.12431e-05
4.81103e-05
5.67633e-06
3.66171e-05
4.65633e-05
2.32711e-05
0.00105446
0.000144489
0.00112811
1.14391e-05
2.45688e-05
4.43314e-05
6.09671e-06
3.2474e-05
4.34367e-05
1.6936e-05
0.00107576
0.00015386
0.00114153
1.08169e-05
1.93021e-05
4.08405e-05
6.54815e-06
2.87893e-05
4.0514e-05
1.23127e-05
0.00109585
0.000164429
0.00115424
1.01784e-05
1.51532e-05
3.7617e-05
7.03287e-06
2.55118e-05
3.77827e-05
8.94477e-06
0.00111472
0.00017609
0.00116625
9.52256e-06
1.18891e-05
3.46415e-05
7.55328e-06
2.25907e-05
3.52308e-05
6.49458e-06
0.00113239
0.000188777
0.00117758
8.84834e-06
9.32386e-06
3.18961e-05
8.11199e-06
1.99655e-05
3.28474e-05
4.71394e-06
0.0011489
0.000202458
0.00118826
8.15463e-06
7.30981e-06
2.93636e-05
8.71178e-06
1.75376e-05
3.06222e-05
3.4213e-06
0.00116428
0.000217118
0.0011983
7.44025e-06
5.73209e-06
2.70286e-05
9.35562e-06
1.50806e-05
2.85464e-05
2.4849e-06
0.00117857
0.000232754
0.00120774
6.70398e-06
4.519e-06
2.4887e-05
1.00467e-05
1.19691e-05
2.66154e-05
1.81127e-06
0.00119181
0.00024937
0.00121659
5.94454e-06
3.78014e-06
2.33806e-05
1.07885e-05
4.53465e-06
2.40362e-06
2.51652e-05
1.42374e-06
0.00119518
0.000892143
0.000271893
0.000161905
3.02825e-05
1.14129e-05
2.83166e-06
2.33213e-06
2.41452e-05
1.22509e-06
0.00119074
0.00089794
0.000300937
0.000143014
2.14841e-05
1.19029e-05
1.79175e-06
2.26908e-06
2.31659e-05
1.0544e-06
0.00118617
0.000903134
0.00033236
0.00012611
1.53609e-05
1.2412e-05
1.16104e-06
2.21682e-06
2.22256e-05
9.07876e-07
0.00118147
0.000907989
0.000366125
0.000111033
1.11122e-05
1.29417e-05
7.83314e-07
2.17872e-06
2.1323e-05
7.82369e-07
0.00117664
0.000912647
0.000402169
9.76256e-05
8.17319e-06
1.34933e-05
5.62658e-07
2.15974e-06
2.04565e-05
6.75282e-07
0.00117168
0.000917187
0.000440384
8.57328e-05
6.14753e-06
1.4068e-05
4.40367e-07
2.16706e-06
1.96247e-05
5.84597e-07
0.00116659
0.000921651
0.000480617
7.52081e-05
4.75803e-06
1.46668e-05
3.80659e-07
2.21106e-06
1.88263e-05
5.08925e-07
0.00116136
0.000926062
0.000522661
6.5913e-05
3.81142e-06
1.52908e-05
3.61897e-07
2.30676e-06
1.80599e-05
4.47638e-07
0.00115599
0.000930433
0.000566252
5.77185e-05
3.17313e-06
1.59409e-05
3.71198e-07
2.47584e-06
1.73244e-05
4.01119e-07
0.00115048
0.000934769
0.000611077
5.05056e-05
2.7496e-06
1.66184e-05
0.00114483
0.000939075
0.000656774
4.41657e-05
0.00113903
0.000943352
0.000702942
3.85997e-05
0.00113308
0.000947601
0.000749155
3.37184e-05
0.00112698
0.000951823
0.000794976
2.94415e-05
0.00112069
0.000956017
0.00083997
2.56974e-05
0.00111416
0.000960184
0.000883725
2.24219e-05
0.0011072
0.000964324
0.000925863
1.95583e-05
0.00109925
0.000968435
0.000966053
1.70564e-05
0.00108866
0.000972519
0.00100403
1.48847e-05
0.00107021
0.000976575
0.00103957
1.34171e-05
0.00131797
0.000916241
0.001317
0.000716405
0.00131595
0.000540057
0.00131482
0.000407075
0.0013136
0.000320447
0.00131229
0.000274405
0.00131088
0.000261076
0.00130935
0.000273672
0.00130771
0.000307292
0.00130595
0.000358622
0.00130404
0.000425266
0.00130199
0.000505042
0.00129979
0.000595394
0.00129741
0.000693017
0.00129486
0.000793775
0.00129211
0.000892971
0.00128916
0.000985925
0.00128599
0.00106869
0.00128258
0.00113864
0.0012789
0.00119483
0.00127416
0.00126815
0.00126153
0.00125425
0.00124625
0.00123747
0.00122786
0.00121734
0.00120586
0.00119336
0.00117976
0.00116502
0.00114906
0.00113185
0.00111332
0.00109346
0.0010722
0.00104971
0.00102496
0.00100372
END_LIST
