BEGIN_LIST
0.00107709
0.00106817
0.00105904
0.00104968
0.0010401
0.00103031
0.00102029
0.00101006
0.000999614
0.000988957
0.00097809
0.000967018
0.000955741
0.000944258
0.000932555
0.000920591
0.00090825
0.000895215
0.000880643
0.000862286
0.000644655
0.00124456
0.000597915
0.00123281
0.000552172
0.00121964
0.000507809
0.00120493
0.000465155
0.00118855
0.000424479
0.00117038
0.000385986
0.00115029
0.00034982
0.0011282
0.000316066
0.00110401
0.000284756
0.00107766
0.000255879
0.00104913
0.000229383
0.00101842
0.000205192
0.000985584
0.00018321
0.000950713
0.000163338
0.000913949
0.000145491
0.000875481
0.00012964
0.000835545
0.000115888
0.000794405
0.000104633
0.000751925
9.69309e-05
0.000691387
0.000159765
0.000104538
0.000121012
8.27298e-05
0.000296505
0.000148402
0.000107503
0.000126825
7.69149e-05
0.000268482
0.000137758
0.000111049
0.000136234
7.14882e-05
0.000242576
0.0001278
0.000115012
0.000148002
6.64267e-05
0.00021873
0.000118495
0.000119292
0.000161544
6.17081e-05
0.000196868
0.00010981
0.000123833
0.000176602
5.73114e-05
0.000176896
0.000101711
0.0001286
0.000193079
5.32164e-05
0.000158708
9.41669e-05
0.000133575
0.000210956
4.9404e-05
0.000142195
8.71451e-05
0.000138748
0.00023025
4.58559e-05
0.000127241
8.0615e-05
0.000144116
0.000250991
4.25548e-05
0.00011373
7.45468e-05
0.000149677
0.000273208
3.9484e-05
0.000101548
6.89119e-05
0.000155433
0.000296927
3.66275e-05
9.05783e-05
6.36828e-05
0.000161387
0.000322159
3.39688e-05
8.07068e-05
5.88331e-05
0.000167541
0.000348902
3.14906e-05
7.18115e-05
5.43381e-05
0.0001739
0.000377136
2.91721e-05
6.375e-05
5.01738e-05
0.000180467
0.000406822
2.69844e-05
5.63282e-05
4.63178e-05
0.000187247
0.000437898
2.48806e-05
4.92295e-05
4.27489e-05
0.000194242
0.000470279
2.27759e-05
4.18579e-05
3.94544e-05
0.000201457
0.000503855
2.05041e-05
3.2989e-05
3.56656e-05
0.000208895
0.000538493
1.77285e-05
1.99813e-05
4.8128e-05
3.56346e-05
0.000252626
0.000312542
0.000141851
0.000568018
4.21768e-06
7.7678e-05
2.229e-05
1.01071e-05
4.27195e-05
3.32236e-05
0.00019115
0.000379642
0.000109395
0.000592283
4.09696e-06
6.14772e-05
2.05085e-05
3.52814e-06
3.7903e-05
3.09722e-05
0.000143081
0.000422468
8.74272e-05
0.00061679
3.9744e-06
4.85442e-05
1.88675e-05
1.78695e-06
3.36172e-05
2.88702e-05
0.000106219
0.000456608
7.30484e-05
0.000641494
3.84987e-06
3.82625e-05
1.73562e-05
1.37344e-06
2.98062e-05
2.69082e-05
7.83647e-05
0.000487878
6.41111e-05
0.000666341
3.7232e-06
3.01151e-05
1.59646e-05
1.32664e-06
2.64195e-05
2.50771e-05
5.75465e-05
0.000518478
5.90671e-05
0.00069127
3.59423e-06
2.36757e-05
1.46835e-05
1.38467e-06
2.34116e-05
2.33686e-05
4.21137e-05
0.00054921
5.68222e-05
0.000716217
3.46282e-06
1.85965e-05
1.35041e-05
1.47652e-06
2.07414e-05
2.17748e-05
3.07416e-05
0.000580317
5.66138e-05
0.000741116
3.32877e-06
1.45966e-05
1.24187e-05
1.58324e-06
1.83719e-05
2.02881e-05
2.23987e-05
0.00061182
5.79175e-05
0.0007659
3.1919e-06
1.14508e-05
1.14198e-05
1.70006e-06
1.62703e-05
1.89016e-05
1.62978e-05
0.000643644
6.0377e-05
0.000790501
3.05204e-06
8.97897e-06
1.05007e-05
1.82615e-06
1.44067e-05
1.76086e-05
1.18469e-05
0.000675672
6.37542e-05
0.000814852
2.90897e-06
7.03833e-06
9.65509e-06
1.96176e-06
1.27547e-05
1.64031e-05
8.60532e-06
0.000707769
6.78936e-05
0.00083889
2.76249e-06
5.51565e-06
8.87713e-06
2.10748e-06
1.12906e-05
1.52792e-05
6.24744e-06
0.000739792
7.2697e-05
0.000862552
2.61239e-06
4.32148e-06
8.1615e-06
2.26401e-06
9.99299e-06
1.42316e-05
4.5339e-06
0.000771595
7.81067e-05
0.000885779
2.45843e-06
3.38529e-06
7.50326e-06
2.43216e-06
8.84242e-06
1.32552e-05
3.28945e-06
0.000803034
8.40927e-05
0.000908517
2.30037e-06
2.65157e-06
6.89785e-06
2.61277e-06
7.81978e-06
1.23452e-05
2.38613e-06
0.000833972
9.0645e-05
0.000930714
2.13797e-06
2.07668e-06
6.34108e-06
2.80677e-06
6.90303e-06
1.14972e-05
1.73071e-06
0.000864275
9.77673e-05
0.000952325
1.97096e-06
1.62637e-06
5.82907e-06
3.01514e-06
6.05695e-06
1.07072e-05
1.25548e-06
0.000893824
0.000105473
0.00097331
1.79906e-06
1.27427e-06
5.3583e-06
3.23895e-06
5.20218e-06
9.97173e-06
9.1152e-07
0.000922507
0.000113784
0.000993633
1.62198e-06
1.00393e-06
4.92762e-06
3.47933e-06
4.12061e-06
9.28881e-06
6.6423e-07
0.000950229
0.000122724
0.00101327
1.43943e-06
8.39425e-07
4.62523e-06
3.73751e-06
1.55693e-06
8.24014e-07
8.77673e-06
5.22022e-07
0.000957776
0.000615847
0.000135038
4.09614e-05
7.40775e-06
3.95499e-06
9.72798e-07
7.98064e-07
8.41699e-06
4.49142e-07
0.000948084
0.000623051
0.000151241
3.57865e-05
5.28303e-06
4.12574e-06
6.16559e-07
7.74444e-07
8.07191e-06
3.8652e-07
0.000938252
0.000629305
0.000169218
3.12513e-05
3.81258e-06
4.30321e-06
4.00806e-07
7.53699e-07
7.7409e-06
3.32767e-07
0.000928285
0.000635045
0.000189078
2.72799e-05
2.79714e-06
4.48796e-06
2.71872e-07
7.36627e-07
7.4234e-06
2.86714e-07
0.000918186
0.000640505
0.000210934
2.38048e-05
2.09799e-06
4.68046e-06
1.96856e-07
7.24397e-07
7.11885e-06
2.47403e-07
0.000907959
0.000645815
0.000234892
2.07662e-05
1.61864e-06
4.88111e-06
1.55639e-07
7.1871e-07
6.82674e-06
2.1408e-07
0.000897608
0.000651045
0.000261045
1.81106e-05
1.29208e-06
5.0903e-06
1.35971e-07
7.22035e-07
6.54657e-06
1.86218e-07
0.000887137
0.000656231
0.000289467
1.57909e-05
1.07175e-06
5.30839e-06
1.30457e-07
7.37946e-07
6.27784e-06
1.63556e-07
0.000876551
0.000661395
0.000320205
1.37655e-05
9.25357e-07
5.53579e-06
1.34704e-07
7.7161e-07
6.02009e-06
1.46187e-07
0.000865855
0.000666547
0.000353274
1.19978e-05
8.30489e-07
5.77289e-06
0.000855052
0.000671693
0.000388647
1.04555e-05
0.000844148
0.000676835
0.000426251
9.11019e-06
0.000833145
0.000681976
0.000465959
7.93706e-06
0.000822039
0.000687116
0.000507592
6.91429e-06
0.000810813
0.000692253
0.000550909
6.02278e-06
0.000799395
0.000697389
0.000595617
5.2458e-06
0.000787567
0.000702523
0.000641368
4.56876e-06
0.000774665
0.000707654
0.000687772
3.97896e-06
0.000758682
0.000712781
0.000734408
3.46825e-06
0.000733484
0.000717905
0.000780831
3.1237e-06
0.00119268
0.000574054
0.0011828
0.000407096
0.00117233
0.000285036
0.00116124
0.000203854
0.00114952
0.000155044
0.00113714
0.000130375
0.00112409
0.000123609
0.00111036
0.000130669
0.00109592
0.00014925
0.00108078
0.000178328
0.00106492
0.000217724
0.00104834
0.000267724
0.00103105
0.000328724
0.00101304
0.000400883
0.000994343
0.000483766
0.000974958
0.000576023
0.00095491
0.000675178
0.000934225
0.000777625
0.000912939
0.000878929
0.000890958
0.000974428
0.000864116
0.000832165
0.000799447
0.000766116
0.000732336
0.000698282
0.000664132
0.000630064
0.000596255
0.000562874
0.000530082
0.000498027
0.00046684
0.00043664
0.000407523
0.000379576
0.000352831
0.000327503
0.000302706
0.000283338
END_LIST
