BEGIN_LIST
0.00129472
0.0012932
0.00129162
0.00128997
0.00128826
0.00128648
0.00128463
0.0012827
0.0012807
0.00127862
0.00127645
0.0012742
0.00127186
0.00126943
0.00126689
0.00126423
0.00126141
0.00125833
0.00125474
0.00124996
0.0011158
0.00132934
0.00108699
0.00132924
0.00105547
0.00132913
0.00102128
0.001329
0.000984503
0.00132886
0.00094529
0.00132869
0.000903873
0.00132849
0.000860548
0.00132827
0.000815673
0.00132801
0.000769656
0.00132772
0.000722942
0.00132738
0.000676002
0.001327
0.000629315
0.00132656
0.000583369
0.00132605
0.000538676
0.00132547
0.000495822
0.00132481
0.000455614
0.00132405
0.000419397
0.00132317
0.000389766
0.00132213
0.000372065
0.00131891
0.000575922
0.000400276
0.00046116
0.000458355
0.00108727
0.000548376
0.000406561
0.000486021
0.000434691
0.00105786
0.000521272
0.000415286
0.000515846
0.000411723
0.00102608
0.000494694
0.000425587
0.000548591
0.000389486
0.000992012
0.000468718
0.000436928
0.000583132
0.000368013
0.000955767
0.000443411
0.00044898
0.000618805
0.000347326
0.00091752
0.000418835
0.000461537
0.000655172
0.000327441
0.000877501
0.00039504
0.000474471
0.0006919
0.000308371
0.000835984
0.000372069
0.000487699
0.000728709
0.000290119
0.000793287
0.000349956
0.000501169
0.000765344
0.000272683
0.000749754
0.000328728
0.000514843
0.000801568
0.000256057
0.000705741
0.000308401
0.000528695
0.000837158
0.000240224
0.000661591
0.000288985
0.000542704
0.000871905
0.00022516
0.000617592
0.000270483
0.000556852
0.000905623
0.000210824
0.000573911
0.000252892
0.000571124
0.000938142
0.000197143
0.000530452
0.000236202
0.000585505
0.000969322
0.000183988
0.000486561
0.0002204
0.000599981
0.000999045
0.000171106
0.00044037
0.000205466
0.000614539
0.00102722
0.000157992
0.000387291
0.000191407
0.000629164
0.00105379
0.000143608
0.00031634
0.000174923
0.000643843
0.00107871
0.000125789
0.000200196
0.000233003
0.000175632
0.000750791
0.000851983
0.000468473
0.00109824
3.10438e-05
0.000486562
0.000220259
0.000102226
0.000209884
0.000164878
0.000628892
0.00095316
0.000372256
0.00111314
3.0166e-05
0.000410224
0.000205001
3.27963e-05
0.000188706
0.000154701
0.000512641
0.00100416
0.00030158
0.00112727
2.9274e-05
0.000341593
0.000190629
1.35008e-05
0.000169376
0.000145079
0.000407855
0.00103728
0.000252236
0.00114067
2.83667e-05
0.000281365
0.000177116
8.52451e-06
0.000151792
0.000135991
0.00031784
0.001063
0.000219669
0.00115335
2.74429e-05
0.000229599
0.00016443
7.52299e-06
0.000135842
0.000127415
0.000243518
0.00108512
0.000199829
0.00116533
2.65015e-05
0.000185885
0.00015254
7.63454e-06
0.000121415
0.00011933
0.000184065
0.00110509
0.000189454
0.00117663
2.55413e-05
0.000149511
0.000141412
8.07796e-06
0.000108396
0.000111714
0.000137668
0.0011235
0.000186065
0.00118728
2.45609e-05
0.000119607
0.000131011
8.64219e-06
9.66744e-05
0.000104544
0.000102141
0.00114058
0.000187847
0.00119729
2.3559e-05
9.52658e-05
0.000121301
9.27191e-06
8.61405e-05
9.7801e-05
7.53236e-05
0.00115646
0.000193505
0.0012067
2.25342e-05
7.56099e-05
0.000112248
9.95439e-06
7.66909e-05
9.14623e-05
5.52961e-05
0.00117121
0.00020213
0.00121553
2.14849e-05
5.98394e-05
0.000103816
1.06887e-05
6.82273e-05
8.55081e-05
4.04578e-05
0.00118489
0.000213093
0.0012238
2.04096e-05
4.72509e-05
9.59708e-05
1.14773e-05
6.06569e-05
7.99182e-05
2.95283e-05
0.00119755
0.000225966
0.00123153
1.93066e-05
3.72435e-05
8.86782e-05
1.23236e-05
5.38925e-05
7.46734e-05
2.15124e-05
0.00120924
0.000240457
0.00123877
1.81743e-05
2.93137e-05
8.19052e-05
1.32319e-05
4.78504e-05
6.9755e-05
1.56519e-05
0.00122002
0.000256371
0.00124552
1.70107e-05
2.30463e-05
7.562e-05
1.42065e-05
4.2445e-05
6.51451e-05
1.13771e-05
0.00122994
0.000273578
0.00125182
1.5814e-05
1.81028e-05
6.97918e-05
1.5252e-05
3.75703e-05
6.08264e-05
8.26448e-06
0.00123904
0.000291988
0.00125769
1.45822e-05
1.42104e-05
6.43913e-05
1.63736e-05
3.30461e-05
5.6783e-05
6.00176e-06
0.0012474
0.000311541
0.00126315
1.33132e-05
1.11544e-05
5.93908e-05
1.75767e-05
2.845e-05
5.30012e-05
4.36099e-06
0.00125504
0.000332192
0.00126824
1.20047e-05
8.80068e-06
5.4787e-05
1.8867e-05
2.26031e-05
4.94742e-05
3.17978e-06
0.00126204
0.000353903
0.00127297
1.06545e-05
7.36549e-06
5.15397e-05
2.02507e-05
8.58025e-06
4.55207e-06
4.68204e-05
2.49994e-06
0.00126374
0.00101858
0.000382932
0.000277411
5.39299e-05
2.14146e-05
5.35528e-06
4.41554e-06
4.49508e-05
2.15139e-06
0.00126142
0.00102305
0.000419734
0.000247717
3.84079e-05
2.23273e-05
3.38291e-06
4.29444e-06
4.31535e-05
1.85185e-06
0.00125902
0.00102713
0.000458729
0.000220585
2.75557e-05
2.32748e-05
2.18469e-06
4.19292e-06
4.1426e-05
1.59475e-06
0.00125655
0.00103099
0.000499697
0.000195928
2.00026e-05
2.42601e-05
1.46536e-06
4.11707e-06
3.97656e-05
1.37457e-06
0.001254
0.0010347
0.000542381
0.000173629
1.47676e-05
2.52856e-05
1.04337e-06
4.07574e-06
3.817e-05
1.18681e-06
0.00125137
0.00103833
0.00058648
0.000153551
1.11554e-05
2.63532e-05
8.07384e-07
4.08177e-06
3.66367e-05
1.028e-06
0.00124865
0.00104189
0.000631652
0.000135544
8.67673e-06
2.74647e-05
6.89482e-07
4.15378e-06
3.51634e-05
8.95808e-07
0.00124585
0.00104541
0.00067751
0.000119452
6.9887e-06
2.86221e-05
6.48523e-07
4.31865e-06
3.3748e-05
7.89315e-07
0.00124296
0.00104889
0.000723642
0.000105115
5.85186e-06
2.98272e-05
6.59939e-07
4.61519e-06
3.23882e-05
7.09469e-07
0.00123998
0.00105233
0.000769613
9.23785e-05
5.09938e-06
3.10819e-05
0.00123691
0.00105573
0.000814988
8.10913e-05
0.00123374
0.00105911
0.000859343
7.11104e-05
0.00123047
0.00106246
0.00090228
6.23017e-05
0.00122709
0.00106577
0.000943446
5.45409e-05
0.00122359
0.00106906
0.00098254
4.77133e-05
0.00121992
0.00107231
0.00101932
4.17149e-05
0.00121595
0.00107553
0.00105362
3.64509e-05
0.00121129
0.00107873
0.00108532
3.18369e-05
0.00120476
0.00108189
0.00111438
2.78205e-05
0.0011926
0.00108503
0.00114081
2.51008e-05
0.00132817
0.00107176
0.00132802
0.000890008
0.00132786
0.00070683
0.00132769
0.000555417
0.0013275
0.000450862
0.0013273
0.000393602
0.00132708
0.000377232
0.00132685
0.000393996
0.00132659
0.000437067
0.00132632
0.000500862
0.00132602
0.000580544
0.0013257
0.000671406
0.00132535
0.000768481
0.00132498
0.000866523
0.00132458
0.000960371
0.00132414
0.00104555
0.00132367
0.00111886
0.00132317
0.00117877
0.00132262
0.00122533
0.00132202
0.00125985
0.00132125
0.00132027
0.00131917
0.00131796
0.00131661
0.00131511
0.00131344
0.00131159
0.00130954
0.00130726
0.00130473
0.00130193
0.00129882
0.00129538
0.00129158
0.00128737
0.00128271
0.0012776
0.00127174
0.00126653
END_LIST
