BEGIN_LIST
0.00124432
0.00124079
0.00123713
0.00123334
0.0012294
0.00122533
0.0012211
0.00121673
0.00121221
0.00120752
0.00120268
0.00119766
0.00119248
0.00118711
0.00118156
0.00117577
0.00116969
0.00116312
0.00115558
0.00114577
0.00095737
0.00132338
0.000916406
0.0013224
0.000873441
0.00132127
0.000828818
0.00131998
0.000782934
0.0013185
0.000736228
0.00131682
0.000689159
0.00131489
0.00064219
0.00131269
0.000595776
0.00131017
0.000550338
0.0013073
0.00050626
0.00130402
0.000463872
0.00130029
0.000423454
0.00129604
0.000385236
0.0012912
0.000349418
0.0012857
0.000316209
0.00127946
0.000285918
0.00127238
0.000259138
0.00126436
0.000237166
0.00125504
0.000222873
0.00123412
0.000357784
0.000240285
0.0002777
0.000274194
0.000799921
0.000336219
0.000245742
0.000291906
0.000257466
0.000756337
0.000315552
0.000252569
0.000311917
0.00024155
0.000712256
0.000295797
0.000260326
0.00033559
0.000226431
0.000668066
0.000276957
0.000268746
0.000361832
0.000212093
0.000624149
0.000259032
0.000277665
0.000390073
0.000198517
0.000580869
0.000242015
0.000286984
0.000419992
0.000185681
0.000538564
0.000225892
0.000296642
0.000451382
0.000173561
0.000497537
0.000210646
0.000306602
0.000484079
0.000162131
0.000458044
0.000196256
0.000316842
0.000517931
0.000151364
0.000420292
0.000182697
0.000327348
0.000552778
0.000141232
0.000384438
0.000169942
0.000338109
0.000588445
0.000131704
0.000350579
0.000157961
0.000349118
0.000624744
0.000122746
0.000318743
0.000146725
0.000360372
0.00066147
0.000114315
0.00028887
0.000136199
0.000371864
0.000698409
0.000106357
0.000260748
0.000126353
0.000383591
0.000735336
9.87817e-05
0.000233891
0.000117153
0.000395548
0.000772027
9.14369e-05
0.000207235
0.000108565
0.000407729
0.000808257
8.403e-05
0.000178463
0.000100575
0.00042013
0.000843812
7.59761e-05
0.000142439
9.13136e-05
0.000432744
0.000878488
6.6072e-05
8.73971e-05
0.000122614
9.14173e-05
0.000514794
0.000609786
0.000303193
0.000906592
1.59724e-05
0.000274158
9.64776e-05
4.37479e-05
0.000109474
8.54647e-05
0.000409628
0.000710087
0.000236356
0.000928658
1.55168e-05
0.000223407
8.91455e-05
1.41004e-05
9.76416e-05
7.98765e-05
0.000319255
0.000766964
0.000189304
0.000950104
1.50541e-05
0.00018066
8.2336e-05
6.05455e-06
8.70073e-05
7.46335e-05
0.00024462
0.000807782
0.000157486
0.000970905
1.45837e-05
0.000145165
7.60169e-05
4.01678e-06
7.74666e-05
6.97168e-05
0.000184908
0.000842067
0.00013704
0.000991034
1.41049e-05
0.000116037
7.01575e-05
3.63649e-06
6.89208e-05
6.51086e-05
0.000138304
0.000873333
0.000124937
0.00101047
1.36173e-05
9.2361e-05
6.4728e-05
3.72142e-06
6.12769e-05
6.07913e-05
0.000102615
0.000902878
0.000118914
0.00102919
1.31201e-05
7.32652e-05
5.97001e-05
3.94711e-06
5.44484e-05
5.67484e-05
7.56742e-05
0.000931155
0.000117333
0.00104718
1.26127e-05
5.79586e-05
5.50471e-05
4.22614e-06
4.83552e-05
5.29641e-05
5.5554e-05
0.000958296
0.000119035
0.00106444
1.20943e-05
4.57498e-05
5.07432e-05
4.53579e-06
4.29236e-05
4.9423e-05
4.06466e-05
0.000984314
0.000123213
0.00108094
1.15644e-05
3.60502e-05
4.67643e-05
4.87104e-06
3.8086e-05
4.61108e-05
2.96661e-05
0.00100918
0.000129315
0.0010967
1.10221e-05
2.83681e-05
4.30876e-05
5.23179e-06
3.37809e-05
4.30136e-05
2.16127e-05
0.00103287
0.000136967
0.00111172
1.04665e-05
2.22987e-05
3.96917e-05
5.61938e-06
2.99521e-05
4.01185e-05
1.57247e-05
0.00105536
0.000145923
0.00112599
9.89697e-06
1.7513e-05
3.65564e-05
6.03563e-06
2.65483e-05
3.74131e-05
1.14298e-05
0.00107663
0.000156024
0.00113953
9.31249e-06
1.3745e-05
3.36628e-05
6.48258e-06
2.35219e-05
3.48855e-05
8.30215e-06
0.00109668
0.000167173
0.00115236
8.71217e-06
1.07821e-05
3.09931e-05
6.96248e-06
2.08254e-05
3.25247e-05
6.02735e-06
0.00111552
0.000179311
0.00116449
8.09506e-06
8.45437e-06
2.85307e-05
7.47771e-06
1.84028e-05
3.03204e-05
4.37447e-06
0.00113316
0.00019241
0.00117594
7.46013e-06
6.62731e-06
2.62604e-05
8.03087e-06
1.61629e-05
2.82629e-05
3.17473e-06
0.00114964
0.00020646
0.00118673
6.80631e-06
5.19637e-06
2.41678e-05
8.62469e-06
1.38969e-05
2.63441e-05
2.30573e-06
0.00116499
0.000221462
0.00119689
6.1325e-06
4.09634e-06
2.22493e-05
9.26214e-06
1.10282e-05
2.45594e-05
1.68061e-06
0.00117924
0.000237423
0.00120642
5.43752e-06
3.42641e-06
2.09e-05
9.94638e-06
4.17727e-06
2.21395e-06
2.32193e-05
1.32101e-06
0.0011829
0.000873412
0.000259092
0.000148818
2.77218e-05
1.05224e-05
2.60864e-06
2.14799e-06
2.2277e-05
1.13669e-06
0.0011781
0.000879372
0.000287087
0.000131296
1.96642e-05
1.09745e-05
1.65092e-06
2.08979e-06
2.13723e-05
9.78297e-07
0.00117317
0.0008847
0.000317449
0.000115652
1.40594e-05
1.14442e-05
1.07015e-06
2.04145e-06
2.05038e-05
8.4234e-07
0.00116811
0.000889672
0.000350158
0.000101728
1.0172e-05
1.19329e-05
7.22411e-07
2.0061e-06
1.96701e-05
7.25879e-07
0.00116292
0.000894441
0.000385173
8.93676e-05
7.48362e-06
1.24419e-05
5.1936e-07
1.98824e-06
1.88698e-05
6.26505e-07
0.00115758
0.000899088
0.000422411
7.84217e-05
5.63116e-06
1.29723e-05
4.06929e-07
1.99444e-06
1.81017e-05
5.42342e-07
0.0011521
0.000903657
0.000461743
6.87487e-05
4.36074e-06
1.35249e-05
3.52165e-07
2.0342e-06
1.73645e-05
4.72097e-07
0.00114649
0.000908173
0.000502989
6.02165e-05
3.49546e-06
1.41008e-05
3.35148e-07
2.12125e-06
1.66569e-05
4.15178e-07
0.00114072
0.000912648
0.000545912
5.2703e-05
2.91218e-06
1.47009e-05
3.44017e-07
2.27542e-06
1.59779e-05
3.71925e-07
0.00113482
0.000917091
0.000590223
4.6096e-05
2.52531e-06
1.53262e-05
0.00112876
0.000921503
0.000635579
4.02934e-05
0.00112255
0.000925889
0.000681598
3.52031e-05
0.00111619
0.000930247
0.000727863
3.07419e-05
0.00110967
0.000934579
0.000773939
2.68354e-05
0.00110296
0.000938885
0.00081939
2.34171e-05
0.001096
0.000943164
0.000863789
2.04281e-05
0.0010886
0.000947416
0.00090674
1.78159e-05
0.00108018
0.000951642
0.00094789
1.55345e-05
0.00106903
0.000955841
0.000986939
1.35547e-05
0.00104977
0.000960013
0.00102365
1.2217e-05
0.00131496
0.000892622
0.00131374
0.000692389
0.00131244
0.000518576
0.00131103
0.000388966
0.00130952
0.000305132
0.00130789
0.000260752
0.00130613
0.000247918
0.00130423
0.000260016
0.0013022
0.000292382
0.0013
0.000341948
0.00129764
0.000406578
0.0012951
0.000484374
0.00129237
0.000573089
0.00128943
0.000669725
0.00128628
0.000770398
0.00128289
0.000870539
0.00127925
0.000965427
0.00127534
0.00105089
0.00127114
0.00112399
0.00126663
0.00118336
0.00126082
0.00125346
0.00124538
0.00123653
0.00122682
0.00121621
0.00120464
0.00119203
0.00117832
0.00116346
0.00114738
0.00113004
0.00111139
0.00109139
0.00107002
0.00104727
0.00102311
0.000997763
0.000970125
0.000946574
END_LIST
