BEGIN_LIST
0.000802335
0.000788743
0.000775069
0.000761323
0.000747518
0.000733664
0.000719773
0.000705857
0.000691928
0.000677998
0.000664077
0.000650177
0.000636306
0.000622469
0.000608658
0.000594832
0.000580871
0.000566439
0.000550633
0.000531055
0.000363822
0.000970099
0.000328896
0.000933528
0.00029646
0.000895165
0.000266509
0.000855235
0.000238999
0.000814007
0.000213852
0.000771788
0.000190964
0.000728911
0.000170214
0.000685727
0.00015147
0.000642595
0.000134591
0.000599865
0.000119435
0.000557872
0.000105863
0.000516923
9.37379e-05
0.000477291
8.29333e-05
0.00043921
7.33346e-05
0.000402868
6.48474e-05
0.00036841
5.74134e-05
0.000335937
5.1044e-05
0.000305505
4.58959e-05
0.000276971
4.24376e-05
0.000243125
7.09026e-05
4.59377e-05
5.32392e-05
2.32832e-05
8.86743e-05
6.55229e-05
4.73952e-05
5.58252e-05
2.15811e-05
7.9024e-05
6.05334e-05
4.90915e-05
6.01538e-05
2.00017e-05
7.03747e-05
5.59086e-05
5.09655e-05
6.56501e-05
1.85365e-05
6.26329e-05
5.1624e-05
5.29812e-05
7.20545e-05
1.71774e-05
5.57116e-05
4.76566e-05
5.51179e-05
7.9266e-05
1.59169e-05
4.95304e-05
4.39845e-05
5.73645e-05
8.72641e-05
1.4748e-05
4.40153e-05
4.05872e-05
5.97152e-05
9.60703e-05
1.36642e-05
3.90988e-05
3.74453e-05
6.21681e-05
0.000105728
1.26593e-05
3.47189e-05
3.45407e-05
6.47234e-05
0.000116292
1.17276e-05
3.08195e-05
3.18564e-05
6.73824e-05
0.000127825
1.08638e-05
2.73493e-05
2.93763e-05
7.01477e-05
0.000140394
1.00626e-05
2.42613e-05
2.70857e-05
7.30219e-05
0.000154067
9.31911e-06
2.15116e-05
2.49706e-05
7.60086e-05
0.000168912
8.62791e-06
1.90574e-05
2.30179e-05
7.91111e-05
0.000184998
7.98288e-06
1.6853e-05
2.12157e-05
8.23333e-05
0.000202389
7.37573e-06
1.48409e-05
1.95527e-05
8.5679e-05
0.000221148
6.79331e-06
1.29334e-05
1.80184e-05
8.91522e-05
0.000241329
6.21209e-06
1.0972e-05
1.66062e-05
9.2757e-05
0.00026298
5.58639e-06
8.63793e-06
1.4987e-05
9.64976e-05
0.000286139
4.82391e-06
5.25332e-06
2.02592e-05
1.49625e-05
0.000117509
0.000148385
6.4728e-05
0.000306555
1.14318e-06
2.14397e-05
5.94484e-06
2.74222e-06
1.79434e-05
1.3936e-05
8.6818e-05
0.000183967
4.98965e-05
0.000323871
1.11059e-06
1.68336e-05
5.46463e-06
1.06529e-06
1.58896e-05
1.29793e-05
6.38212e-05
0.000208044
4.00509e-05
0.000341851
1.07751e-06
1.32088e-05
5.02307e-06
6.31665e-07
1.40687e-05
1.20877e-05
4.67413e-05
0.000228296
3.37256e-05
0.0003605
1.0439e-06
1.03594e-05
4.61708e-06
5.38884e-07
1.24547e-05
1.1257e-05
3.41384e-05
0.000247718
2.98851e-05
0.000379817
1.00973e-06
8.1215e-06
4.24381e-06
5.40884e-07
1.10246e-05
1.04829e-05
2.48834e-05
0.000267503
2.7807e-05
0.000399795
9.74955e-07
6.36513e-06
3.90064e-06
5.70738e-07
9.7577e-06
9.76165e-06
1.81107e-05
0.00028813
2.69916e-05
0.000420417
9.39526e-07
4.9874e-06
3.58515e-06
6.10361e-07
8.63555e-06
9.08975e-06
1.31672e-05
0.000309796
2.70965e-05
0.000441666
9.03399e-07
3.90716e-06
3.29512e-06
6.54986e-07
7.6418e-06
8.46383e-06
9.56562e-06
0.000332576
2.78893e-05
0.000463513
8.66526e-07
3.06044e-06
3.0285e-06
7.03489e-07
6.76191e-06
7.88079e-06
6.94519e-06
0.000356493
2.92141e-05
0.00048593
8.28855e-07
2.39693e-06
2.78342e-06
7.55749e-07
5.98294e-06
7.3377e-06
5.04052e-06
0.000381539
3.09686e-05
0.000508878
7.90332e-07
1.87711e-06
2.55813e-06
8.11936e-07
5.29338e-06
6.83187e-06
3.65709e-06
0.000407689
3.30872e-05
0.000532317
7.50903e-07
1.46992e-06
2.35106e-06
8.7231e-07
4.683e-06
6.36076e-06
2.65278e-06
0.000434901
3.55304e-05
0.0005562
7.10509e-07
1.15099e-06
2.16071e-06
9.37174e-07
4.14264e-06
5.92201e-06
1.92397e-06
0.000463119
3.82768e-05
0.000580477
6.69088e-07
9.01223e-07
1.98576e-06
1.00686e-06
3.66396e-06
5.51341e-06
1.39524e-06
0.000492273
4.13179e-05
0.00060509
6.26577e-07
7.05632e-07
1.82496e-06
1.08172e-06
3.23887e-06
5.13291e-06
1.01174e-06
0.000522276
4.46544e-05
0.000629981
5.82908e-07
5.52477e-07
1.67716e-06
1.16215e-06
2.85808e-06
4.7786e-06
7.33644e-07
0.000553029
4.82938e-05
0.000655087
5.38011e-07
4.32575e-07
1.54132e-06
1.24855e-06
2.50681e-06
4.44875e-06
5.32089e-07
0.000584422
5.22487e-05
0.000680341
4.91813e-07
3.38859e-07
1.41649e-06
1.34136e-06
2.15193e-06
4.14188e-06
3.86253e-07
0.00061633
5.65355e-05
0.000705675
4.44236e-07
2.66927e-07
1.30234e-06
1.44107e-06
1.70252e-06
3.85709e-06
2.8143e-07
0.000648621
6.11738e-05
0.000731019
3.95199e-07
2.23165e-07
1.22222e-06
1.54819e-06
6.42381e-07
3.39697e-07
3.64365e-06
2.21159e-07
0.000657748
0.000378537
6.76112e-05
1.13754e-05
2.04966e-06
1.63843e-06
4.01486e-07
3.28526e-07
3.49376e-06
1.90274e-07
0.000645931
0.000384888
7.61637e-05
9.91222e-06
1.48024e-06
1.70931e-06
2.54641e-07
3.18129e-07
3.35002e-06
1.63736e-07
0.000634141
0.00039029
8.5769e-05
8.63619e-06
1.08732e-06
1.78297e-06
1.65756e-07
3.08647e-07
3.21219e-06
1.40957e-07
0.000622384
0.000395186
9.65274e-05
7.52361e-06
8.16982e-07
1.85967e-06
1.12685e-07
3.00289e-07
3.08001e-06
1.2144e-07
0.000610667
0.00039982
0.000108549
6.55373e-06
6.31764e-07
1.93961e-06
8.18601e-08
2.93363e-07
2.95326e-06
1.04777e-07
0.000598998
0.000404322
0.000121954
5.7084e-06
5.05684e-07
2.02294e-06
6.49859e-08
2.8832e-07
2.83172e-06
9.06476e-08
0.000587382
0.000408766
0.000136867
4.97175e-06
4.20715e-07
2.10983e-06
5.70147e-08
2.85819e-07
2.71517e-06
7.88244e-08
0.000575827
0.000413189
0.000153418
4.32989e-06
3.64353e-07
2.20044e-06
5.49003e-08
2.86812e-07
2.60341e-06
6.91925e-08
0.000564339
0.000417613
0.000171736
3.77069e-06
3.27926e-07
2.29494e-06
5.68353e-08
2.92681e-07
2.49624e-06
6.17831e-08
0.000552924
0.000422049
0.000191953
3.28354e-06
3.05424e-07
2.39348e-06
0.000541588
0.000426505
0.000214191
2.85922e-06
0.000530336
0.000430982
0.000238565
2.48964e-06
0.000519171
0.000435483
0.000265174
2.16776e-06
0.000508093
0.000440008
0.000294095
1.88744e-06
0.000497087
0.000444557
0.000325379
1.64334e-06
0.000486097
0.000449132
0.000359041
1.43077e-06
0.000474951
0.00045373
0.000395054
1.24568e-06
0.000463126
0.000458353
0.000433342
1.08454e-06
0.000449048
0.000463
0.000473779
9.45086e-07
0.000427963
0.00046767
0.000516175
8.51041e-07
0.000879435
0.00031583
0.000856332
0.000211598
0.000832785
0.000142616
0.000808851
9.95981e-05
0.00078459
7.48045e-05
0.000760063
6.26897e-05
0.000735336
5.96516e-05
0.000710476
6.35697e-05
0.000685551
7.33886e-05
0.00066063
8.88083e-05
0.000635781
0.000110071
0.000611071
0.000137811
0.000586564
0.000172938
0.000562325
0.000216517
0.000538413
0.000269625
0.000514883
0.000333155
0.000491787
0.000407566
0.000469175
0.000492584
0.000447093
0.000586912
0.00042543
0.000688033
0.00040051
0.00037272
0.000346195
0.000320975
0.00029708
0.000274519
0.000253285
0.00023336
0.000214716
0.000197315
0.000181114
0.000166065
0.000152115
0.000139209
0.000127289
0.0001163
0.000106175
9.6915e-05
8.81528e-05
8.14871e-05
END_LIST
