BEGIN_LIST
0.00119655
0.00119128
0.00118583
0.0011802
0.00117439
0.0011684
0.00116221
0.00115583
0.00114925
0.00114247
0.00113548
0.00112829
0.00112088
0.00111326
0.0011054
0.00109727
0.00108878
0.00107967
0.00106933
0.00105604
0.000846245
0.00131023
0.000800669
0.00130733
0.000754107
0.00130402
0.000707014
0.00130024
0.000659858
0.00129595
0.000613097
0.00129107
0.000567169
0.00128552
0.000522472
0.00127922
0.000479353
0.00127209
0.000438103
0.00126401
0.000398952
0.0012549
0.00036207
0.00124463
0.000327571
0.00123309
0.000295524
0.00122014
0.000265972
0.00120567
0.000238964
0.00118954
0.000214621
0.00117163
0.000193272
0.00115182
0.000175744
0.00112954
0.000163995
0.00108831
0.000266572
0.000176797
0.000204474
0.000184618
0.000594042
0.000249159
0.000181274
0.000214598
0.000172542
0.000551326
0.000232648
0.000186747
0.000229857
0.000161157
0.00050981
0.000217023
0.000192913
0.000248418
0.000150437
0.00046977
0.000202266
0.000199589
0.000269374
0.000140354
0.00043143
0.000188351
0.000206663
0.000292283
0.00013088
0.000394969
0.000175253
0.000214071
0.000316926
0.000121988
0.000360516
0.000162944
0.000221772
0.000343187
0.000113649
0.000328155
0.000151392
0.000229744
0.000370991
0.000105835
0.000297926
0.000140566
0.000237975
0.000400274
9.85191e-05
0.000269831
0.000130434
0.000246457
0.000430963
9.16732e-05
0.000243837
0.000120962
0.000255187
0.000462971
8.52695e-05
0.000219877
0.000112118
0.000264164
0.000496188
7.92786e-05
0.000197851
0.000103867
0.000273387
0.000530486
7.36673e-05
0.000177612
9.61793e-05
0.000282855
0.000565711
6.83933e-05
0.000158935
8.90213e-05
0.00029257
0.000601691
6.3395e-05
0.000141439
8.23626e-05
0.000302531
0.000638232
5.85682e-05
0.000124409
7.61731e-05
0.000312737
0.000675128
5.37195e-05
0.000106399
7.04365e-05
0.000323189
0.00071216
4.8466e-05
8.43174e-05
6.38132e-05
0.000333885
0.000749103
4.20254e-05
5.12978e-05
8.58995e-05
6.38228e-05
0.000400285
0.000483505
0.000230477
0.000779649
1.00775e-05
0.000179219
5.67954e-05
2.5651e-05
7.64724e-05
5.95866e-05
0.000311355
0.000573698
0.000178582
0.000804065
9.78926e-06
0.000143957
5.23591e-05
8.43566e-06
6.80299e-05
5.56201e-05
0.000238184
0.000627614
0.000142692
0.000828151
9.49659e-06
0.000115038
4.82572e-05
3.8094e-06
6.04797e-05
5.19077e-05
0.000179815
0.000668141
0.000118765
0.000851857
9.19911e-06
9.1544e-05
4.44663e-05
2.6579e-06
5.3736e-05
4.84344e-05
0.000134363
0.000703485
0.000103595
0.000875135
8.89644e-06
7.26028e-05
4.09644e-05
2.46422e-06
4.77193e-05
4.5186e-05
9.96169e-05
0.000736692
9.47725e-05
0.000897934
8.5882e-06
5.74254e-05
3.77307e-05
2.54065e-06
4.23566e-05
4.21488e-05
7.34221e-05
0.000768865
9.05435e-05
0.000920208
8.274e-06
4.5323e-05
3.4746e-05
2.70025e-06
3.7581e-05
3.931e-05
5.38782e-05
0.000800351
8.96612e-05
0.00094191
7.95342e-06
3.57101e-05
3.19919e-05
2.89281e-06
3.33315e-05
3.66574e-05
3.94083e-05
0.000831208
9.12544e-05
0.000963002
7.62602e-06
2.80979e-05
2.94516e-05
3.10539e-06
2.95529e-05
3.41794e-05
2.87557e-05
0.000861385
9.47239e-05
0.000983448
7.29134e-06
2.20848e-05
2.71091e-05
3.33528e-06
2.61949e-05
3.18651e-05
2.0946e-05
0.00089079
9.96631e-05
0.00100322
6.94891e-06
1.73439e-05
2.49496e-05
3.58261e-06
2.32125e-05
2.97042e-05
1.52377e-05
0.000919328
0.000105801
0.00102228
6.59822e-06
1.36117e-05
2.29593e-05
3.84837e-06
2.05646e-05
2.7687e-05
1.10748e-05
0.000946908
0.000112963
0.00104063
6.23875e-06
1.0677e-05
2.11254e-05
4.13381e-06
1.82144e-05
2.58042e-05
8.04369e-06
0.000973451
0.000121038
0.00105824
5.86995e-06
8.37164e-06
1.9436e-05
4.44038e-06
1.61275e-05
2.40474e-05
5.83932e-06
0.000998891
0.000129963
0.00107511
5.49123e-06
6.56192e-06
1.788e-05
4.76961e-06
1.42705e-05
2.24082e-05
4.2376e-06
0.00102318
0.000139705
0.00109122
5.10199e-06
5.14214e-06
1.64471e-05
5.12316e-06
1.2604e-05
2.08793e-05
3.0746e-06
0.00104627
0.000150254
0.00110659
4.7016e-06
4.02894e-06
1.51278e-05
5.50281e-06
1.10647e-05
1.94535e-05
2.23088e-06
0.00106815
0.000161612
0.00112121
4.2894e-06
3.15783e-06
1.39134e-05
5.91049e-06
9.5089e-06
1.8125e-05
1.61997e-06
0.00108881
0.000173795
0.0011351
3.86467e-06
2.48859e-06
1.28014e-05
6.34824e-06
7.54086e-06
1.68904e-05
1.18063e-06
0.00110824
0.000186821
0.00114826
3.42669e-06
2.08119e-06
1.202e-05
6.81825e-06
2.8535e-06
1.51154e-06
1.5964e-05
9.27943e-07
0.00111335
0.000779968
0.00020462
9.56208e-05
1.7534e-05
7.21407e-06
1.78239e-06
1.46581e-06
1.53129e-05
7.98431e-07
0.00110673
0.000786606
0.000227802
8.39522e-05
1.24428e-05
7.52478e-06
1.12879e-06
1.4251e-06
1.4688e-05
6.87143e-07
0.00109996
0.000792473
0.000253197
7.36305e-05
8.90927e-06
7.84762e-06
7.32683e-07
1.39073e-06
1.40884e-05
5.91617e-07
0.00109303
0.000797912
0.000280861
6.45183e-05
6.46267e-06
8.18366e-06
4.95728e-07
1.36466e-06
1.35131e-05
5.09783e-07
0.00108595
0.000803112
0.000310833
5.64878e-05
4.77324e-06
8.53371e-06
3.576e-07
1.34971e-06
1.2961e-05
4.39942e-07
0.0010787
0.000808174
0.000343129
4.94215e-05
3.61076e-06
8.8985e-06
2.81393e-07
1.35001e-06
1.24313e-05
3.80767e-07
0.0010713
0.000813154
0.000377729
4.3212e-05
2.81483e-06
9.27871e-06
2.44626e-07
1.37151e-06
1.19231e-05
3.31334e-07
0.00106375
0.000818082
0.00041457
3.77618e-05
2.27385e-06
9.67503e-06
2.33717e-07
1.42283e-06
1.14354e-05
2.91205e-07
0.00105603
0.000822975
0.000453539
3.29831e-05
1.91028e-06
1.00881e-05
2.40587e-07
1.51642e-06
1.09676e-05
2.60583e-07
0.00104816
0.000827839
0.000494469
2.87969e-05
1.67027e-06
1.05187e-05
0.00104013
0.000832681
0.000537139
2.51328e-05
0.00103194
0.000837502
0.000581268
2.19277e-05
0.00102358
0.000842304
0.000626527
1.9126e-05
0.00101506
0.000847086
0.000672539
1.66781e-05
0.00100635
0.000851849
0.000718892
1.45404e-05
0.000997381
0.000856592
0.000765154
1.26743e-05
0.000987934
0.000861316
0.000810883
1.10458e-05
0.000977372
0.000866019
0.000855648
9.62547e-06
0.000963766
0.000870702
0.000899043
8.39428e-06
0.000941151
0.000875364
0.000940701
7.56306e-06
0.00129059
0.000774677
0.00128749
0.000579297
0.00128415
0.000421607
0.00128057
0.000309645
0.00127673
0.00023945
0.00127261
0.000202968
0.00126819
0.000192543
0.00126346
0.000202488
0.00125839
0.000229164
0.00125296
0.000270486
0.00124715
0.000325323
0.00124094
0.000392899
0.00123431
0.000472262
0.00122724
0.000561823
0.00121969
0.000659046
0.00121165
0.000760356
0.0012031
0.000861367
0.001194
0.000957407
0.00118435
0.00104425
0.00117405
0.00111882
0.00116098
0.0011447
0.00112715
0.00110829
0.00108809
0.00106652
0.00104356
0.00101923
0.000993547
0.000966547
0.000938289
0.000908849
0.000878324
0.000846828
0.000814491
0.000781471
0.000747881
0.000714142
0.000679059
0.000650313
END_LIST
