BEGIN_LIST
0.00131865
0.00131815
0.00131763
0.00131709
0.00131653
0.00131594
0.00131532
0.00131468
0.00131402
0.00131332
0.0013126
0.00131185
0.00131106
0.00131024
0.00130938
0.00130848
0.00130752
0.00130646
0.00130521
0.00130351
0.00122801
0.00132997
0.0012123
0.00132997
0.00119454
0.00132996
0.00117454
0.00132995
0.00115215
0.00132995
0.00112724
0.00132994
0.0010997
0.00132993
0.00106949
0.00132992
0.00103659
0.00132991
0.00100107
0.00132989
0.000963051
0.00132988
0.000922747
0.00132986
0.00088045
0.00132984
0.000836561
0.00132982
0.000791619
0.00132979
0.000746404
0.00132976
0.00070215
0.00132972
0.000661044
0.00132968
0.000627286
0.00132963
0.000609208
0.00132944
0.000876009
0.000648796
0.000738214
0.000663523
0.00124945
0.000849936
0.000652095
0.000775705
0.000636559
0.00123761
0.000823267
0.000659796
0.00081219
0.000609759
0.00122423
0.000796083
0.000670233
0.00084772
0.000583208
0.00120915
0.000768473
0.000682351
0.000882224
0.000556985
0.00119224
0.000740529
0.000695491
0.000915584
0.000531166
0.00117335
0.000712351
0.000709244
0.000947671
0.000505821
0.00115235
0.000684039
0.000723351
0.000978367
0.000481014
0.00112914
0.000655696
0.000737651
0.00100757
0.000456801
0.00110362
0.000627424
0.000752039
0.00103521
0.000433232
0.00107573
0.000599324
0.000766445
0.00106122
0.000410346
0.00104543
0.000571495
0.000780822
0.00108558
0.000388172
0.00101269
0.000544031
0.000795136
0.00110829
0.00036672
0.00097744
0.000517021
0.000809362
0.00112936
0.000345975
0.000939515
0.000490547
0.00082348
0.00114883
0.000325873
0.000898401
0.000464684
0.000837471
0.00116675
0.000306251
0.000852766
0.0004395
0.000851322
0.00118317
0.000286755
0.00079931
0.000415052
0.000865018
0.00119818
0.000266626
0.000729934
0.000391433
0.000878548
0.00121185
0.000244258
0.000623961
0.000363034
0.000891901
0.00122426
0.000216229
0.000422525
0.000473472
0.000366722
0.00100717
0.00108586
0.000688229
0.00123373
5.51358e-05
0.000748454
0.000463157
0.00022841
0.000435144
0.000347589
0.000900698
0.00116025
0.000566393
0.00124078
5.36018e-05
0.000660665
0.000437437
7.64809e-05
0.000398608
0.000329134
0.000782775
0.00119235
0.000470958
0.00124736
5.2042e-05
0.000574027
0.000412496
3.22088e-05
0.000364011
0.000311367
0.000660798
0.00121077
0.000401212
0.00125348
5.04545e-05
0.000491296
0.000388387
2.06706e-05
0.000331452
0.000294295
0.000542535
0.00122378
0.000353627
0.00125919
4.88371e-05
0.000414674
0.000365153
1.83769e-05
0.000300987
0.000277919
0.000434373
0.00123427
0.000323865
0.00126449
4.7188e-05
0.000345644
0.000342828
1.86856e-05
0.000272635
0.000262238
0.00034031
0.00124332
0.000307849
0.00126943
4.55048e-05
0.000284953
0.000321436
1.97728e-05
0.00024638
0.000247247
0.000261861
0.00125139
0.00030219
0.00127402
4.37852e-05
0.000232704
0.000300991
2.11447e-05
0.000222177
0.000232939
0.000198607
0.00125869
0.000304256
0.00127828
4.20268e-05
0.00018852
0.000281503
2.26717e-05
0.000199958
0.000219301
0.000148937
0.00126532
0.000312088
0.00128223
4.0227e-05
0.000151711
0.000262971
2.43239e-05
0.00017964
0.000206322
0.000110724
0.00127136
0.000324264
0.0012859
3.83832e-05
0.000121422
0.000245388
2.60988e-05
0.000161122
0.000193985
8.17764e-05
0.00127687
0.000339768
0.0012893
3.64925e-05
9.67463e-05
0.000228742
2.80019e-05
0.000144298
0.000182275
6.01007e-05
0.00128188
0.000357881
0.00129244
3.4552e-05
7.68077e-05
0.000213015
3.00411e-05
0.000129052
0.000171172
4.40098e-05
0.00128644
0.00037809
0.00129536
3.25585e-05
6.08018e-05
0.000198185
3.22256e-05
0.000115261
0.000160657
3.21406e-05
0.00129059
0.00040003
0.00129806
3.05087e-05
4.80201e-05
0.000184227
3.4565e-05
0.000102781
0.00015071
2.34265e-05
0.00129436
0.000423431
0.00130056
2.83992e-05
3.78559e-05
0.000171112
3.70697e-05
9.14043e-05
0.00014131
1.70514e-05
0.00129778
0.00044809
0.00130287
2.62263e-05
2.98009e-05
0.000158808
3.97508e-05
8.07312e-05
0.000132437
1.2401e-05
0.00130088
0.000473846
0.00130501
2.39863e-05
2.34447e-05
0.000147284
4.26199e-05
6.97542e-05
0.000124074
9.02035e-06
0.0013037
0.000500562
0.00130698
2.1675e-05
1.85301e-05
0.000136563
4.56892e-05
5.55818e-05
0.000116218
6.58227e-06
0.00130625
0.000528117
0.0013088
1.92882e-05
1.55259e-05
0.000128943
4.89718e-05
2.12316e-05
1.12891e-05
0.000110272
5.17752e-06
0.00130683
0.00114169
0.000564079
0.000462877
9.67191e-05
5.17262e-05
1.32466e-05
1.09357e-05
0.000106064
4.45692e-06
0.00130598
0.00114457
0.000608363
0.000420841
6.97355e-05
5.38813e-05
8.3414e-06
1.06136e-05
0.000102004
3.83756e-06
0.00130511
0.00114724
0.000653668
0.000381051
5.07283e-05
5.61145e-05
5.34915e-06
1.03302e-05
9.80875e-05
3.30602e-06
0.00130421
0.0011498
0.000699534
0.000343694
3.74411e-05
5.84323e-05
3.54321e-06
1.00962e-05
9.43108e-05
2.8511e-06
0.00130328
0.00115227
0.000745502
0.000308886
2.82151e-05
6.08396e-05
2.47409e-06
9.92747e-06
9.06696e-05
2.46378e-06
0.00130231
0.00115469
0.000791119
0.000276682
2.18531e-05
6.33406e-05
1.86518e-06
9.84678e-06
8.71598e-05
2.13728e-06
0.00130132
0.00115707
0.000835943
0.000247079
1.75021e-05
6.5939e-05
1.54711e-06
9.88736e-06
8.37772e-05
1.8674e-06
0.00130028
0.00115941
0.000879559
0.000220029
1.45594e-05
6.86383e-05
1.41691e-06
1.00972e-05
8.05181e-05
1.65321e-06
0.00129921
0.00116172
0.000921585
0.000195444
1.26016e-05
7.14423e-05
1.41272e-06
1.05456e-05
7.73784e-05
1.49826e-06
0.00129811
0.00116401
0.000961694
0.000173208
1.13325e-05
7.43544e-05
0.00129696
0.00116626
0.000999614
0.000153186
0.00129578
0.00116849
0.00103514
0.000135227
0.00129455
0.00117069
0.00106812
0.000119177
0.00129328
0.00117287
0.00109849
0.000104877
0.00129196
0.00117502
0.00112624
9.21722e-05
0.00129055
0.00117715
0.00115139
8.09126e-05
0.00128901
0.00117925
0.00117403
7.09556e-05
0.00128713
0.00118132
0.00119428
6.21692e-05
0.00128431
0.00118338
0.00121229
5.44762e-05
0.00127863
0.0011854
0.00122822
4.92457e-05
0.0013299
0.00120729
0.00132989
0.00107607
0.00132989
0.000917103
0.00132988
0.000767289
0.00132987
0.000654825
0.00132986
0.000590963
0.00132984
0.000574072
0.00132983
0.00059641
0.00132982
0.0006486
0.0013298
0.000721489
0.00132979
0.000806606
0.00132977
0.000896258
0.00132975
0.000983746
0.00132973
0.00106374
0.00132971
0.00113269
0.00132969
0.00118891
0.00132966
0.00123246
0.00132963
0.00126465
0.0013296
0.00128744
0.00132957
0.00130298
0.00132953
0.00132948
0.00132942
0.00132935
0.00132928
0.0013292
0.00132911
0.001329
0.00132889
0.00132877
0.00132863
0.00132847
0.0013283
0.0013281
0.00132789
0.00132765
0.00132738
0.00132709
0.00132675
0.00132644
END_LIST
