BEGIN_LIST
0.000896158
0.000883596
0.000870878
0.000858015
0.000845014
0.000831885
0.000818637
0.000805281
0.000791827
0.000778284
0.000764665
0.000750978
0.000737232
0.000723432
0.000709569
0.000695602
0.000681408
0.000666643
0.000650384
0.000630169
0.000441981
0.0010768
0.00040233
0.00104766
0.000364992
0.00101634
0.000330072
0.000982895
0.000297619
0.000947423
0.000267634
0.000910081
0.000240077
0.000871071
0.000214873
0.000830639
0.000191923
0.000789072
0.000171108
0.000746688
0.000152298
0.00070383
0.000135355
0.000660848
0.000120142
0.000618097
0.000106522
0.000575916
9.43731e-05
0.000534627
8.35911e-05
0.000494517
7.41147e-05
0.000455838
6.59675e-05
0.000418794
5.93532e-05
0.00038332
5.48657e-05
0.000339745
9.13415e-05
5.93046e-05
6.8708e-05
3.3889e-05
0.000127689
8.45104e-05
6.11305e-05
7.20177e-05
3.14289e-05
0.000114126
7.81605e-05
6.3273e-05
7.75365e-05
2.91439e-05
0.000101902
7.22622e-05
6.56484e-05
8.45273e-05
2.7022e-05
9.09052e-05
6.67871e-05
6.82073e-05
9.26529e-05
2.50521e-05
8.10298e-05
6.17082e-05
7.09211e-05
0.000101778
2.32236e-05
7.2175e-05
5.69994e-05
7.37739e-05
0.000111868
2.15266e-05
6.42463e-05
5.26362e-05
7.67574e-05
0.000122939
1.99519e-05
5.71554e-05
4.85953e-05
7.98684e-05
0.000135037
1.84909e-05
5.08206e-05
4.48546e-05
8.31063e-05
0.000148217
1.71356e-05
4.51665e-05
4.13933e-05
8.64723e-05
0.000162542
1.58782e-05
4.01232e-05
3.81918e-05
8.9969e-05
0.000178078
1.47113e-05
3.56264e-05
3.52317e-05
9.35994e-05
0.000194888
1.36279e-05
3.1615e-05
3.24957e-05
9.73672e-05
0.000213036
1.26202e-05
2.80289e-05
2.99676e-05
0.000101276
0.000232577
1.16794e-05
2.48029e-05
2.76324e-05
0.000105331
0.000253562
1.07934e-05
2.18538e-05
2.54759e-05
0.000109535
0.000276031
9.94314e-06
1.90535e-05
2.34848e-05
0.000113894
0.000300013
9.09417e-06
1.61687e-05
2.16511e-05
0.000118411
0.000325524
8.1797e-06
1.27281e-05
1.95471e-05
0.000123091
0.000352562
7.06463e-06
7.7272e-06
2.64134e-05
1.95185e-05
0.000149658
0.00018809
8.27858e-05
0.000376194
1.67525e-06
3.13204e-05
8.70697e-06
3.99437e-06
2.34054e-05
1.81835e-05
0.000111187
0.000232087
6.37965e-05
0.000396075
1.62742e-06
2.46257e-05
8.00491e-06
1.5051e-06
2.07352e-05
1.69388e-05
8.20765e-05
0.000261448
5.11317e-05
0.000416569
1.57887e-06
1.93442e-05
7.35916e-06
8.56979e-07
1.8366e-05
1.57784e-05
6.02973e-05
0.000285831
4.29565e-05
0.000437667
1.52955e-06
1.51844e-05
6.76527e-06
7.13562e-07
1.62646e-05
1.46966e-05
4.41399e-05
0.000308958
3.79614e-05
0.00045935
1.4794e-06
1.19123e-05
6.2191e-06
7.10183e-07
1.44013e-05
1.36883e-05
3.22276e-05
0.000332285
3.52257e-05
0.000481593
1.42834e-06
9.34117e-06
5.71684e-06
7.47616e-07
1.27497e-05
1.27486e-05
2.34849e-05
0.00035638
3.41099e-05
0.000504361
1.37633e-06
7.32239e-06
5.25501e-06
7.99019e-07
1.12861e-05
1.18729e-05
1.70899e-05
0.000381451
3.41737e-05
0.000527616
1.32329e-06
5.73831e-06
4.83036e-06
8.57292e-07
9.98948e-06
1.10569e-05
1.24235e-05
0.000407557
3.51175e-05
0.000551313
1.26915e-06
4.49595e-06
4.43992e-06
9.20725e-07
8.84092e-06
1.02966e-05
9.02458e-06
0.00043469
3.67398e-05
0.000575402
1.21383e-06
3.52197e-06
4.08095e-06
9.89097e-07
7.82373e-06
9.58816e-06
6.55199e-06
0.000462807
3.89073e-05
0.00059983
1.15726e-06
2.75861e-06
3.75093e-06
1.06261e-06
6.92303e-06
8.92821e-06
4.75497e-06
0.000491841
4.15346e-05
0.000624537
1.09935e-06
2.16048e-06
3.44754e-06
1.1416e-06
6.12553e-06
8.31343e-06
3.44983e-06
0.000521708
4.45693e-05
0.000649462
1.04001e-06
1.69191e-06
3.16863e-06
1.22647e-06
5.41935e-06
7.74075e-06
2.50241e-06
0.000552311
4.79823e-05
0.000674539
9.79171e-07
1.32487e-06
2.91224e-06
1.31764e-06
4.79365e-06
7.20734e-06
1.81491e-06
0.000583538
5.1761e-05
0.000699702
9.16721e-07
1.03741e-06
2.67656e-06
1.41558e-06
4.23789e-06
6.71052e-06
1.31617e-06
0.000615267
5.59045e-05
0.00072488
8.52565e-07
8.12286e-07
2.45992e-06
1.52079e-06
3.73995e-06
6.24782e-06
9.54459e-07
0.000647364
6.04204e-05
0.000750006
7.86601e-07
6.36027e-07
2.26079e-06
1.63382e-06
3.28058e-06
5.817e-06
6.92274e-07
0.000679689
6.53224e-05
0.000775007
7.18719e-07
4.98254e-07
2.07777e-06
1.75523e-06
2.81649e-06
5.41612e-06
5.02555e-07
0.000712096
7.06293e-05
0.000799815
6.48808e-07
3.92498e-07
1.91041e-06
1.88565e-06
2.2289e-06
5.04405e-06
3.66182e-07
0.000744435
7.63633e-05
0.000824361
5.76746e-07
3.28156e-07
1.79293e-06
2.02576e-06
8.41255e-07
4.4495e-07
4.76517e-06
2.87768e-07
0.000753486
0.000447101
8.43066e-05
1.65646e-05
2.98473e-06
2.14379e-06
5.25745e-07
4.3046e-07
4.5693e-06
2.47583e-07
0.000741815
0.000453921
9.48346e-05
1.44406e-05
2.14716e-06
2.23648e-06
3.33394e-07
4.1704e-07
4.38147e-06
2.13056e-07
0.000730109
0.000459753
0.000106623
1.25867e-05
1.56876e-06
2.33282e-06
2.16949e-07
4.04899e-07
4.20133e-06
1.83418e-07
0.000718376
0.000465057
0.000119781
1.0969e-05
1.17038e-06
2.43314e-06
1.47407e-07
3.94346e-07
4.02858e-06
1.58026e-07
0.000706623
0.000470083
0.00013443
9.55792e-06
8.97038e-07
2.53767e-06
1.06999e-07
3.85837e-07
3.86291e-06
1.36347e-07
0.000694856
0.000474967
0.000150693
8.32733e-06
7.10557e-07
2.64664e-06
8.48584e-08
3.80037e-07
3.70404e-06
1.17966e-07
0.000683084
0.000479784
0.0001687
7.25441e-06
5.84453e-07
2.76026e-06
7.43731e-08
3.77915e-07
3.55169e-06
1.02588e-07
0.000671314
0.000484573
0.000188579
6.31914e-06
5.00351e-07
2.87874e-06
7.15525e-08
3.80876e-07
3.40559e-06
9.00646e-08
0.000659552
0.000489357
0.000210452
5.50401e-06
4.45505e-07
3.00229e-06
7.40277e-08
3.90952e-07
3.26548e-06
8.04396e-08
0.000647805
0.000494148
0.000234433
4.79369e-06
4.1108e-07
3.13113e-06
0.000636081
0.000498951
0.000260623
4.17478e-06
0.000624385
0.000503769
0.000289101
3.63558e-06
0.000612722
0.000508605
0.000319918
3.16588e-06
0.000601092
0.000513459
0.000353094
2.75675e-06
0.000589478
0.000518331
0.000388607
2.4004e-06
0.000577821
0.000523221
0.000426388
2.09006e-06
0.000565929
0.000528129
0.000466315
1.81979e-06
0.00055322
0.000533054
0.00050821
1.58447e-06
0.00053794
0.000537996
0.000551836
1.3808e-06
0.000514769
0.000542954
0.000596899
1.24344e-06
0.00099228
0.000385784
0.000972511
0.000262214
0.000952084
0.000178389
0.000931025
0.000125278
0.00090937
9.43417e-05
0.000887156
7.90866e-05
0.000864427
7.51488e-05
0.000841232
7.98958e-05
0.000817624
9.19732e-05
0.000793659
0.000110936
0.000769398
0.000136979
0.000744905
0.000170727
0.000720244
0.000213069
0.000695484
0.000264974
0.000670691
0.000327283
0.000645933
0.000400442
0.000621278
0.00048421
0.000596791
0.000577359
0.000572543
0.000677471
0.000548431
0.000780941
0.000520268
0.000488342
0.00045734
0.000427373
0.000398534
0.000370896
0.000344514
0.000319429
0.000295661
0.000273218
0.000252094
0.000232271
0.000213721
0.000196407
0.000180286
0.000165313
0.000151419
0.000138633
0.00012646
0.000117157
END_LIST
