BEGIN_LIST
0.000775892
0.000762114
0.000748277
0.000734391
0.000720469
0.000706522
0.000692563
0.000678603
0.000664653
0.000650727
0.000636834
0.000622986
0.000609191
0.000595452
0.000581762
0.000568082
0.00055429
0.000540056
0.000524488
0.000505223
0.000344108
0.000938586
0.000310539
0.000900326
0.000279469
0.00086047
0.000250869
0.000819284
0.000224675
0.000777072
0.000200792
0.000734168
0.000179106
0.000690922
0.000159487
0.000647692
0.000141798
0.000604832
0.000125897
0.00056268
0.000111641
0.000521546
9.88908e-05
0.000481709
8.75147e-05
0.000443405
7.73883e-05
0.000406829
6.84008e-05
0.00037213
6.0461e-05
0.000339411
5.35121e-05
0.000308737
4.75636e-05
0.00028013
4.27617e-05
0.000253431
3.95458e-05
0.000221996
6.61302e-05
4.28254e-05
4.96365e-05
2.10794e-05
8.04597e-05
6.10958e-05
4.41946e-05
5.2054e-05
1.9536e-05
7.16595e-05
5.6429e-05
4.57847e-05
5.61021e-05
1.81043e-05
6.37813e-05
5.21054e-05
4.75395e-05
6.12446e-05
1.67763e-05
5.6737e-05
4.81018e-05
4.94263e-05
6.72399e-05
1.55448e-05
5.04451e-05
4.4396e-05
5.14261e-05
7.39948e-05
1.44028e-05
4.48307e-05
4.09674e-05
5.35287e-05
8.14918e-05
1.3344e-05
3.98251e-05
3.77966e-05
5.5729e-05
8.97527e-05
1.23623e-05
3.53657e-05
3.48651e-05
5.80254e-05
9.882e-05
1.14523e-05
3.13954e-05
3.21559e-05
6.04181e-05
0.000108748
1.06087e-05
2.78624e-05
2.96528e-05
6.29085e-05
0.000119598
9.82664e-06
2.47197e-05
2.73408e-05
6.5499e-05
0.000131436
9.10141e-06
2.19243e-05
2.52059e-05
6.81924e-05
0.00014433
8.42841e-06
1.94362e-05
2.32351e-05
7.09919e-05
0.000158348
7.80285e-06
1.72162e-05
2.1416e-05
7.39008e-05
0.00017356
7.21913e-06
1.52227e-05
1.97374e-05
7.69229e-05
0.000190034
6.66974e-06
1.34037e-05
1.81887e-05
8.00618e-05
0.000207835
6.14279e-06
1.16799e-05
1.676e-05
8.33214e-05
0.000227022
5.61699e-06
9.90812e-06
1.54454e-05
8.67057e-05
0.000247648
5.05103e-06
7.80074e-06
1.39382e-05
9.02188e-05
0.000269761
4.36146e-06
4.7465e-06
1.8843e-05
1.39148e-05
0.000109903
0.000138934
6.04798e-05
0.000289295
1.03346e-06
1.93944e-05
5.37723e-06
2.48394e-06
1.66872e-05
1.29595e-05
8.10924e-05
0.000172441
4.66272e-05
0.000305896
1.004e-06
1.52233e-05
4.9427e-06
9.72362e-07
1.47757e-05
1.20693e-05
5.95541e-05
0.000195189
3.74418e-05
0.000323164
9.74107e-07
1.19425e-05
4.54318e-06
5.82182e-07
1.30813e-05
1.12397e-05
4.35847e-05
0.000214381
3.15475e-05
0.000341108
9.4374e-07
9.36456e-06
4.17586e-06
4.99449e-07
1.15798e-05
1.04667e-05
3.1816e-05
0.000232835
2.79744e-05
0.000359732
9.12863e-07
7.34055e-06
3.83816e-06
5.02259e-07
1.02494e-05
9.7466e-06
2.31816e-05
0.000251678
2.60469e-05
0.000379031
8.81438e-07
5.75243e-06
3.52771e-06
5.30261e-07
9.07101e-06
9.0757e-06
1.68673e-05
0.000271368
2.52984e-05
0.000398995
8.49425e-07
4.50692e-06
3.24231e-06
5.67153e-07
8.02739e-06
8.45072e-06
1.22606e-05
0.000292096
2.54094e-05
0.00041961
8.16782e-07
3.5305e-06
2.97995e-06
6.08642e-07
7.10329e-06
7.86855e-06
8.90562e-06
0.000313942
2.61631e-05
0.000440855
7.83465e-07
2.76525e-06
2.73879e-06
6.53721e-07
6.28513e-06
7.32629e-06
6.46526e-06
0.000336935
2.74144e-05
0.000462704
7.49428e-07
2.16565e-06
2.51711e-06
7.0229e-07
5.56087e-06
6.82122e-06
4.69182e-06
0.000361077
2.90679e-05
0.000485126
7.14622e-07
1.69593e-06
2.31334e-06
7.54506e-07
4.91979e-06
6.35083e-06
3.40388e-06
0.000386352
3.10628e-05
0.000508085
6.78998e-07
1.328e-06
2.12604e-06
8.10613e-07
4.35235e-06
5.91274e-06
2.469e-06
0.00041273
3.33624e-05
0.00053154
6.42503e-07
1.03984e-06
1.95389e-06
8.70894e-07
3.85004e-06
5.50477e-06
1.79062e-06
0.000440166
3.5947e-05
0.000555443
6.05082e-07
8.14177e-07
1.79567e-06
9.35655e-07
3.40509e-06
5.12484e-06
1.2985e-06
0.0004686
3.88091e-05
0.000579745
5.66676e-07
6.37468e-07
1.65024e-06
1.00523e-06
3.00997e-06
4.77106e-06
9.41566e-07
0.000497959
4.19496e-05
0.000604389
5.27225e-07
4.99101e-07
1.51657e-06
1.07997e-06
2.65603e-06
4.44165e-06
6.8275e-07
0.000528155
4.53759e-05
0.000629316
4.86665e-07
3.90779e-07
1.39373e-06
1.16027e-06
2.32955e-06
4.13498e-06
4.9517e-07
0.000559087
4.91001e-05
0.000654462
4.44931e-07
3.06115e-07
1.28083e-06
1.24653e-06
1.99971e-06
3.84968e-06
3.59449e-07
0.00059064
5.31382e-05
0.000679762
4.01951e-07
2.41133e-07
1.17761e-06
1.3392e-06
1.58199e-06
3.58493e-06
2.61898e-07
0.000622689
5.75088e-05
0.000705148
3.57654e-07
2.01598e-07
1.10515e-06
1.43875e-06
5.96861e-07
3.15611e-07
3.38651e-06
2.05809e-07
0.000631771
0.000360785
6.35774e-05
1.02996e-05
1.85596e-06
1.52263e-06
3.73043e-07
3.05209e-07
3.24717e-06
1.77066e-07
0.000619999
0.000366983
7.16446e-05
8.97397e-06
1.3417e-06
1.5885e-06
2.36611e-07
2.95517e-07
3.11356e-06
1.5237e-07
0.00060827
0.000372248
8.07115e-05
7.81807e-06
9.86929e-07
1.65697e-06
1.54031e-07
2.86663e-07
2.98543e-06
1.31172e-07
0.00059659
0.000377016
9.08752e-05
6.81038e-06
7.42892e-07
1.72826e-06
1.04728e-07
2.78833e-07
2.86256e-06
1.13009e-07
0.000584967
0.000381527
0.000102243
5.93207e-06
5.75762e-07
1.80255e-06
7.60944e-08
2.72307e-07
2.74474e-06
9.75021e-08
0.000573406
0.00038591
0.000114932
5.16664e-06
4.62061e-07
1.88e-06
6.04232e-08
2.67492e-07
2.63176e-06
8.43526e-08
0.000561914
0.000390237
0.000129065
4.49968e-06
3.85503e-07
1.96077e-06
5.30248e-08
2.64982e-07
2.52342e-06
7.3349e-08
0.000550497
0.000394545
0.000144769
3.9186e-06
3.34793e-07
2.04499e-06
5.10692e-08
2.65637e-07
2.41954e-06
6.43839e-08
0.000539162
0.000398855
0.000162177
3.41238e-06
3.02098e-07
2.13281e-06
5.28772e-08
2.70705e-07
2.31993e-06
5.74861e-08
0.000527914
0.00040318
0.000181419
2.97144e-06
2.8199e-07
2.22441e-06
0.000516758
0.000407524
0.000202623
2.58737e-06
0.0005057
0.000411892
0.00022591
2.25287e-06
0.000494742
0.000416285
0.000251387
1.96156e-06
0.000483882
0.000420703
0.000279144
1.70788e-06
0.000473107
0.000425147
0.000309247
1.48697e-06
0.000462363
0.000429617
0.000341731
1.29461e-06
0.000451482
0.000434114
0.000376592
1.12712e-06
0.000439959
0.000438635
0.000413781
9.81303e-07
0.000426273
0.000443183
0.000453198
8.55115e-07
0.000405835
0.000447755
0.000494686
7.70018e-07
0.000847371
0.000298367
0.000823602
0.0001992
0.000799471
0.000133961
0.000775039
9.34312e-05
0.000750369
7.01316e-05
0.000725528
5.8773e-05
0.000700583
5.59469e-05
0.000675604
5.96582e-05
0.000650659
6.89221e-05
0.000625816
8.34699e-05
0.000601141
0.00010355
0.000576699
0.000129789
0.000552552
0.000163089
0.000528758
0.000204522
0.000505371
0.000255202
0.000482442
0.000316105
0.000460016
0.000387842
0.000438134
0.000470363
0.000416839
0.000562664
0.000396013
0.000662546
0.000372144
0.000345627
0.000320418
0.000296539
0.000273997
0.000252783
0.000232881
0.00021426
0.000196883
0.000180707
0.000165683
0.000151757
0.000138874
0.000126978
0.000116009
0.000105914
9.66252e-05
8.81422e-05
8.0125e-05
7.40321e-05
END_LIST
