BEGIN_LIST
0.000427619
0.000415527
0.000403648
0.000391985
0.000380542
0.000369321
0.000358327
0.000347559
0.00033702
0.00032671
0.000316631
0.000306781
0.000297158
0.000287758
0.000278567
0.000269552
0.000260628
0.000251571
0.000241803
0.000229801
0.000147885
0.000503506
0.000131243
0.00046322
0.000116332
0.000424775
0.000103004
0.000388329
9.11146e-05
0.00035399
8.05288e-05
0.000321825
7.11189e-05
0.000291855
6.27662e-05
0.000264068
5.53616e-05
0.000238422
4.8805e-05
0.00021485
4.30052e-05
0.000193267
3.78798e-05
0.000173572
3.33549e-05
0.000155657
2.9365e-05
0.000139406
2.58536e-05
0.000124703
2.27757e-05
0.000111431
2.01026e-05
9.94751e-05
1.78351e-05
8.87239e-05
1.60325e-05
7.90277e-05
1.4878e-05
6.81831e-05
2.51062e-05
1.61994e-05
1.87938e-05
6.10533e-06
2.36597e-05
2.31394e-05
1.67593e-05
1.97468e-05
5.65249e-06
2.09826e-05
2.13245e-05
1.73945e-05
2.13307e-05
5.23313e-06
1.86051e-05
1.96502e-05
1.80879e-05
2.33447e-05
4.84479e-06
1.64944e-05
1.81058e-05
1.88296e-05
2.57009e-05
4.48519e-06
1.46211e-05
1.66815e-05
1.96142e-05
2.83687e-05
4.15221e-06
1.2959e-05
1.53681e-05
2.04388e-05
3.1347e-05
3.84389e-06
1.14845e-05
1.41572e-05
2.13023e-05
3.46508e-05
3.5584e-06
1.01768e-05
1.30409e-05
2.22047e-05
3.83044e-05
3.29407e-06
9.01712e-06
1.20119e-05
2.31466e-05
4.23382e-05
3.0493e-06
7.98887e-06
1.10636e-05
2.41288e-05
4.67872e-05
2.82262e-06
7.07709e-06
1.01896e-05
2.51528e-05
5.16904e-05
2.61263e-06
6.26836e-06
9.3843e-06
2.62198e-05
5.70902e-05
2.41795e-06
5.55033e-06
8.64227e-06
2.73316e-05
6.30329e-05
2.23717e-06
4.91117e-06
7.95861e-06
2.84899e-05
6.9568e-05
2.06864e-06
4.3385e-06
7.32878e-06
2.96965e-05
7.67489e-05
1.91018e-06
3.81713e-06
6.74858e-06
3.09532e-05
8.46325e-05
1.75836e-06
3.32434e-06
6.21412e-06
3.2262e-05
9.32789e-05
1.60707e-06
2.81958e-06
5.72295e-06
3.3625e-05
0.000102752
1.4445e-06
2.22176e-06
5.16063e-06
3.50444e-05
0.000113119
1.2468e-06
1.35929e-06
6.98144e-06
5.15006e-06
4.28227e-05
5.46524e-05
2.33784e-05
0.000122458
2.95158e-07
5.56295e-06
1.55714e-06
7.29894e-07
6.17683e-06
4.79427e-06
3.12371e-05
6.84904e-05
1.80566e-05
0.000130547
2.86763e-07
4.35777e-06
1.43096e-06
3.07303e-07
5.46464e-06
4.46299e-06
2.27469e-05
7.81605e-05
1.45638e-05
0.000139103
2.78246e-07
3.41317e-06
1.315e-06
2.00218e-07
4.83433e-06
4.15454e-06
1.65437e-05
8.65417e-05
1.23471e-05
0.000148155
2.69599e-07
2.673e-06
1.20843e-06
1.79713e-07
4.27654e-06
3.86735e-06
1.20211e-05
9.4793e-05
1.10248e-05
0.000157728
2.60811e-07
2.09315e-06
1.11049e-06
1.83444e-07
3.78296e-06
3.59998e-06
8.72913e-06
0.0001034
1.03346e-05
0.000167846
2.5187e-07
1.63897e-06
1.02049e-06
1.94472e-07
3.34623e-06
3.35105e-06
6.3356e-06
0.000112581
1.00971e-05
0.000178534
2.42766e-07
1.28326e-06
9.37771e-07
2.08232e-07
2.95983e-06
3.1193e-06
4.59676e-06
0.000122454
1.01905e-05
0.000189813
2.33486e-07
1.00471e-06
8.61755e-07
2.23538e-07
2.61799e-06
2.90355e-06
3.33431e-06
0.000133093
1.05327e-05
0.000201707
2.24018e-07
7.86592e-07
7.91899e-07
2.40125e-07
2.31556e-06
2.70269e-06
2.41814e-06
0.000144558
1.10692e-05
0.000214234
2.14349e-07
6.15811e-07
7.27702e-07
2.57986e-07
2.04803e-06
2.51571e-06
1.75347e-06
0.000156902
1.17645e-05
0.000227417
2.04466e-07
4.82099e-07
6.68708e-07
2.77186e-07
1.81137e-06
2.34165e-06
1.27137e-06
0.000170177
1.25963e-05
0.000241273
1.94354e-07
3.77414e-07
6.14494e-07
2.97817e-07
1.60201e-06
2.17961e-06
9.21755e-07
0.000184433
1.35517e-05
0.000255819
1.83997e-07
2.95456e-07
5.64674e-07
3.19986e-07
1.41677e-06
2.02877e-06
6.68249e-07
0.000199716
1.46243e-05
0.00027107
1.73382e-07
2.31294e-07
5.18892e-07
3.43804e-07
1.25276e-06
1.88836e-06
4.84447e-07
0.000216072
1.58124e-05
0.00028704
1.6249e-07
1.81064e-07
4.76821e-07
3.69394e-07
1.10716e-06
1.75766e-06
3.51195e-07
0.000233543
1.71177e-05
0.000303737
1.51305e-07
1.41742e-07
4.3816e-07
3.96889e-07
9.76789e-07
1.636e-06
2.54605e-07
0.000252168
1.85444e-05
0.00032117
1.39809e-07
1.10964e-07
4.02632e-07
4.2643e-07
8.56555e-07
1.52278e-06
1.8462e-07
0.00027198
2.00989e-05
0.000339342
1.27983e-07
8.69129e-08
3.69989e-07
4.58169e-07
7.3509e-07
1.41748e-06
1.33996e-07
0.000293004
2.1789e-05
0.000358254
1.15807e-07
6.84551e-08
3.40143e-07
4.9227e-07
5.81203e-07
1.31979e-06
9.7616e-08
0.000315259
2.36242e-05
0.000377902
1.03261e-07
5.72267e-08
3.19197e-07
5.28908e-07
2.19135e-07
1.15831e-07
1.24659e-06
7.67015e-08
0.00032172
0.000169802
2.61832e-05
2.98467e-06
5.38805e-07
5.5978e-07
1.36979e-07
1.11939e-07
1.1952e-06
6.5985e-08
0.000313203
0.000173485
2.96032e-05
2.59876e-06
3.93602e-07
5.84027e-07
8.69133e-08
1.08282e-07
1.14592e-06
5.67778e-08
0.000304854
0.000176575
3.34734e-05
2.26269e-06
2.93632e-07
6.09232e-07
5.66196e-08
1.04895e-07
1.09868e-06
4.88748e-08
0.000296672
0.000179353
3.78454e-05
1.97002e-06
2.25061e-07
6.35479e-07
3.8543e-08
1.01828e-07
1.05338e-06
4.21037e-08
0.000288656
0.000181974
4.27781e-05
1.71517e-06
1.78294e-07
6.62834e-07
2.80552e-08
9.91616e-08
1.00995e-06
3.63224e-08
0.000280808
0.000184522
4.8338e-05
1.49325e-06
1.46679e-07
6.91355e-07
2.23278e-08
9.7008e-08
9.68308e-07
3.14191e-08
0.000273125
0.000187043
5.45989e-05
1.30003e-06
1.25602e-07
7.21097e-07
1.96399e-08
9.55346e-08
9.28382e-07
2.73145e-08
0.000265607
0.000189561
6.16423e-05
1.13179e-06
1.11864e-07
7.52116e-07
1.89536e-08
9.49841e-08
8.90101e-07
2.39674e-08
0.000258252
0.000192091
6.95578e-05
9.85309e-07
1.03248e-07
7.84466e-07
1.96534e-08
9.57085e-08
8.53398e-07
2.13869e-08
0.000251061
0.000194641
7.84432e-05
8.57777e-07
9.82176e-08
8.18207e-07
0.000244031
0.000197214
8.84044e-05
7.46744e-07
0.00023716
0.000199813
9.95555e-05
6.50078e-07
0.000230446
0.00020244
0.000112018
5.65921e-07
0.000223883
0.000205095
0.000125922
4.92655e-07
0.000217461
0.000207778
0.000141402
4.28872e-07
0.000211145
0.000210492
0.000158597
3.73345e-07
0.000204845
0.000213234
0.000177648
3.25006e-07
0.000198288
0.000216007
0.000198696
2.82931e-07
0.000190669
0.000218809
0.000221876
2.46526e-07
0.000179583
0.000221641
0.000247315
2.21977e-07
0.000437554
0.000127325
0.000415732
8.22978e-05
0.000394587
5.42437e-05
0.000374141
3.74106e-05
0.000354413
2.79616e-05
0.000335413
2.34621e-05
0.000317149
2.24439e-05
0.000299625
2.40913e-05
0.000282838
2.80328e-05
0.000266784
3.4212e-05
0.000251455
4.28124e-05
0.000236839
5.42178e-05
0.000222924
6.89951e-05
0.000209692
8.78897e-05
0.000197127
0.000111823
0.000185209
0.000141882
0.000173918
0.000179294
0.000163231
0.000225361
0.00015313
0.000281348
0.00014352
0.000348295
0.000132836
0.000121337
0.000110755
0.00010103
9.21048e-05
8.39224e-05
7.64289e-05
6.95729e-05
6.33056e-05
5.7581e-05
5.2356e-05
4.75902e-05
4.32457e-05
3.92876e-05
3.56832e-05
3.24029e-05
2.94157e-05
2.67131e-05
2.41816e-05
2.22707e-05
END_LIST
