BEGIN_LIST
0.00131684
0.00131626
0.00131566
0.00131503
0.00131438
0.0013137
0.00131299
0.00131225
0.00131148
0.00131068
0.00130984
0.00130897
0.00130806
0.00130711
0.00130612
0.00130508
0.00130397
0.00130275
0.00130131
0.00129935
0.00121749
0.00132995
0.00120039
0.00132995
0.0011811
0.00132994
0.00115947
0.00132993
0.00113535
0.00132992
0.00110863
0.00132991
0.00107925
0.0013299
0.00104717
0.00132988
0.00101245
0.00132986
0.000975173
0.00132984
0.000935528
0.00132982
0.000893769
0.00132979
0.000850235
0.00132976
0.000805362
0.00132973
0.000759715
0.00132969
0.00071408
0.00132964
0.000669669
0.00132959
0.000628599
0.00132953
0.000594917
0.00132945
0.000576672
0.00132916
0.000838602
0.000615226
0.000701688
0.000639214
0.00123665
0.000811701
0.000619168
0.000738028
0.000612386
0.00122313
0.000784321
0.000627247
0.000774327
0.000585798
0.00120791
0.000756555
0.000637902
0.000810259
0.000559531
0.00119083
0.000728497
0.000650151
0.000845556
0.000533662
0.00117177
0.000700248
0.000663381
0.000879991
0.000508262
0.00115059
0.000671909
0.000677208
0.000913368
0.000483394
0.00112719
0.000643582
0.000691395
0.000945518
0.000459116
0.00110149
0.000615371
0.000705788
0.000976303
0.000435481
0.00107342
0.000587374
0.00072029
0.00100561
0.00041253
0.00104296
0.000559689
0.000734835
0.00103336
0.000390297
0.00101013
0.000532409
0.000749377
0.00105949
0.000368804
0.000974957
0.000505618
0.000763885
0.00108397
0.000348058
0.000937438
0.000479396
0.000778332
0.0011068
0.000328038
0.00089747
0.000453815
0.000792699
0.00112799
0.000308679
0.000854625
0.00042894
0.000806966
0.00114757
0.00028982
0.000807683
0.000404824
0.000821119
0.00116559
0.00027112
0.000753535
0.000381514
0.000835144
0.00118213
0.000251849
0.000684521
0.000359087
0.000849027
0.00119723
0.000230474
0.000581227
0.000332232
0.000862756
0.00121099
0.000203733
0.00038947
0.00043494
0.000335292
0.000978597
0.0010614
0.000660436
0.00122152
5.17102e-05
0.000716314
0.000427172
0.000208565
0.000398415
0.000317292
0.000868209
0.00114011
0.000540789
0.00122937
5.0268e-05
0.000628579
0.000402561
6.92447e-05
0.000363829
0.000299984
0.000748314
0.00117476
0.000447887
0.00123671
4.88016e-05
0.000543059
0.000378802
2.89502e-05
0.000331281
0.000283373
0.000626614
0.00119495
0.000380407
0.00124356
4.73092e-05
0.000462336
0.000355932
1.84573e-05
0.000300829
0.000267458
0.000510644
0.00120937
0.000334561
0.00124995
4.5789e-05
0.00038836
0.000333982
1.63564e-05
0.000272488
0.000252234
0.000406176
0.00122109
0.000305969
0.0012559
4.4239e-05
0.000322337
0.000312973
1.66151e-05
0.000246244
0.000237696
0.000316476
0.00123125
0.000290614
0.00126144
4.26571e-05
0.000264762
0.000292916
1.75787e-05
0.000222052
0.000223834
0.00024244
0.00124034
0.000285201
0.00126659
4.10411e-05
0.00021554
0.000273817
1.87991e-05
0.000199844
0.000210634
0.000183231
0.00124858
0.000287196
0.00127138
3.93888e-05
0.00017416
0.000255672
2.01587e-05
0.000179536
0.000198082
0.000137035
0.00125609
0.000294722
0.00127583
3.76978e-05
0.000139852
0.000238472
2.16305e-05
0.000161028
0.000186162
0.000101666
0.00126295
0.000306424
0.00127997
3.59655e-05
0.000111733
0.000222203
2.32121e-05
0.000144215
0.000174856
7.497e-05
0.0012692
0.000321338
0.0012838
3.41894e-05
8.88994e-05
0.000206845
2.49084e-05
0.000128983
0.000164144
5.50351e-05
0.0012749
0.000338783
0.00128736
3.23665e-05
7.04969e-05
0.000192374
2.67266e-05
0.000115215
0.000154008
4.02661e-05
0.00128009
0.000358278
0.00129066
3.04941e-05
5.57548e-05
0.000178763
2.8675e-05
0.000102791
0.000144425
2.93882e-05
0.00128482
0.000379482
0.00129371
2.85689e-05
4.40019e-05
0.000165983
3.07623e-05
9.15706e-05
0.000135374
2.14105e-05
0.00128912
0.000402146
0.00129654
2.65879e-05
3.4668e-05
0.000154001
3.2998e-05
8.13637e-05
0.000126835
1.55788e-05
0.00129303
0.000426083
0.00129915
2.45475e-05
2.72788e-05
0.000142783
3.53921e-05
7.1807e-05
0.000118786
1.13272e-05
0.00129658
0.000451145
0.00130157
2.24443e-05
2.14527e-05
0.000132298
3.79551e-05
6.20005e-05
0.000111211
8.23786e-06
0.0012998
0.000477209
0.00130381
2.02743e-05
1.69509e-05
0.00012256
4.06983e-05
4.93736e-05
0.000104104
6.01049e-06
0.00130272
0.000504165
0.00130588
1.80337e-05
1.42001e-05
0.000115648
4.36336e-05
1.88362e-05
1.00113e-05
9.87309e-05
4.72738e-06
0.00130338
0.00112878
0.000539467
0.000437893
9.05393e-05
4.60978e-05
1.17518e-05
9.6997e-06
9.49313e-05
4.06923e-06
0.00130242
0.00113184
0.000583115
0.000397145
6.51424e-05
4.80265e-05
7.40328e-06
9.41686e-06
9.12678e-05
3.50356e-06
0.00130142
0.00113468
0.000627986
0.000358762
4.72711e-05
5.00259e-05
4.75248e-06
9.16962e-06
8.77363e-05
3.01809e-06
0.00130039
0.00113738
0.000673643
0.000322891
3.47849e-05
5.21018e-05
3.15397e-06
8.96809e-06
8.43329e-05
2.60255e-06
0.00129932
0.00114
0.000719642
0.000289609
2.61163e-05
5.42586e-05
2.20895e-06
8.82705e-06
8.10534e-05
2.24866e-06
0.00129822
0.00114256
0.000765534
0.000258937
2.0137e-05
5.65002e-05
1.67218e-06
8.76796e-06
7.78941e-05
1.95016e-06
0.00129708
0.00114508
0.000810874
0.000230843
1.60447e-05
5.88301e-05
1.39357e-06
8.82195e-06
7.4851e-05
1.70312e-06
0.00129589
0.00114756
0.000855233
0.000205255
1.3273e-05
6.12515e-05
1.28193e-06
9.03403e-06
7.19205e-05
1.50653e-06
0.00129467
0.00115
0.000898209
0.000182068
1.14244e-05
6.37679e-05
1.28256e-06
9.46917e-06
6.90989e-05
1.36339e-06
0.00129341
0.00115242
0.000939445
0.000161152
1.0221e-05
6.63825e-05
0.0012921
0.00115481
0.000978636
0.000142364
0.00129075
0.00115717
0.00101554
0.000125548
0.00128935
0.0011595
0.00104997
0.000110547
0.0012879
0.00116181
0.00108183
9.72055e-05
0.00128638
0.00116409
0.00111105
8.53698e-05
0.00128478
0.00116635
0.00113766
7.48943e-05
0.00128303
0.00116857
0.00116171
6.56418e-05
0.00128089
0.00117078
0.00118329
5.74855e-05
0.00127773
0.00117295
0.00120255
5.03505e-05
0.00127141
0.00117511
0.00121962
4.55025e-05
0.00132986
0.0011943
0.00132984
0.00105596
0.00132983
0.000892188
0.00132982
0.000740392
0.0013298
0.000627643
0.00132979
0.000563888
0.00132977
0.000546786
0.00132975
0.000568513
0.00132973
0.000619981
0.00132971
0.000692468
0.00132969
0.00077791
0.00132966
0.000868878
0.00132963
0.000958717
0.0013296
0.00104192
0.00132957
0.00111457
0.00132954
0.0011746
0.0013295
0.00122168
0.00132946
0.00125687
0.00132941
0.00128205
0.00132937
0.00129938
0.00132931
0.00132923
0.00132914
0.00132904
0.00132893
0.00132881
0.00132868
0.00132853
0.00132836
0.00132817
0.00132797
0.00132774
0.00132748
0.00132719
0.00132688
0.00132652
0.00132613
0.00132569
0.00132519
0.00132473
END_LIST
