BEGIN_LIST
0.00127501
0.00127269
0.00127027
0.00126775
0.00126514
0.00126243
0.00125962
0.00125669
0.00125366
0.00125051
0.00124724
0.00124385
0.00124033
0.00123668
0.00123288
0.00122891
0.00122472
0.00122016
0.00121489
0.00120793
0.00104628
0.00132788
0.00101128
0.00132756
0.000973719
0.0013272
0.000933783
0.00132679
0.000891718
0.00132631
0.000847843
0.00132576
0.00080253
0.00132514
0.0007562
0.00132442
0.000709304
0.0013236
0.000662307
0.00132267
0.000615669
0.00132159
0.000569833
0.00132036
0.000525215
0.00131895
0.000482198
0.00131734
0.000441152
0.0013155
0.00040248
0.00131339
0.000366728
0.00131099
0.000334842
0.00130824
0.000308719
0.00130498
0.000292387
0.00129629
0.000461914
0.000315066
0.000363712
0.000367565
0.000966099
0.000436785
0.000321208
0.000382921
0.000346869
0.000928299
0.000412402
0.000329194
0.000407954
0.000326979
0.000888656
0.000388815
0.0003384
0.000436566
0.000307907
0.000847436
0.000366063
0.000348443
0.000467572
0.000289658
0.000804952
0.000344178
0.000359089
0.00050031
0.000272229
0.00076155
0.000323183
0.000370191
0.000534375
0.000255617
0.000717602
0.000303094
0.00038166
0.000569475
0.000239812
0.00067349
0.000283919
0.00039344
0.000605366
0.000224798
0.000629591
0.000265658
0.000405495
0.000641822
0.00021056
0.000586267
0.000248307
0.000417799
0.000678617
0.000197074
0.000543846
0.000231855
0.000430335
0.000715525
0.000184315
0.000502605
0.000216286
0.000443089
0.000752317
0.00017225
0.000462746
0.00020158
0.000456051
0.000788766
0.000160835
0.000424347
0.000187715
0.000469209
0.000824652
0.000150002
0.000387269
0.000174663
0.000482554
0.000859765
0.000139641
0.000350953
0.000162397
0.000496077
0.000893912
0.000129548
0.000313955
0.000150885
0.000509767
0.000926917
0.000119323
0.000272906
0.000140119
0.000523614
0.00095863
0.000108159
0.000220022
0.000127578
0.000537606
0.000988923
9.43826e-05
0.000136778
0.000170729
0.000127886
0.000633645
0.000734856
0.000383376
0.00101303
2.30389e-05
0.000378948
0.0001507
6.89607e-05
0.000153019
0.000119773
0.000516968
0.000838835
0.0003014
0.00103167
2.23844e-05
0.000313927
0.000139687
2.2068e-05
0.000136952
0.00011213
0.000411608
0.000894505
0.000242515
0.00104954
2.17194e-05
0.000257426
0.000129397
9.2034e-06
0.000122417
0.000104936
0.000320965
0.000932537
0.000202077
0.00106666
2.10431e-05
0.000209272
0.000119793
5.90968e-06
0.000109298
9.81686e-05
0.000246034
0.000963256
0.000175741
0.00108303
2.03547e-05
0.000168893
0.00011084
5.26254e-06
9.74847e-05
9.18074e-05
0.00018604
0.000990445
0.00015991
0.00109864
1.96534e-05
0.000135489
0.000102504
5.35675e-06
8.68675e-05
8.58317e-05
0.000139187
0.00101553
0.000151804
0.00111351
1.89382e-05
0.00010816
9.47487e-05
5.67304e-06
7.73422e-05
8.02216e-05
0.000103291
0.00103907
0.000149368
0.00112763
1.82081e-05
8.59994e-05
8.75412e-05
6.0713e-06
6.88101e-05
7.49577e-05
7.61843e-05
0.00106125
0.000151121
0.00114103
1.74622e-05
6.81607e-05
8.08485e-05
6.5149e-06
6.11785e-05
7.00212e-05
5.59348e-05
0.00108215
0.000156024
0.00115372
1.66994e-05
5.3884e-05
7.46387e-05
6.99553e-06
5.43609e-05
6.53942e-05
4.09288e-05
0.00110181
0.000163353
0.00116572
1.59186e-05
4.25107e-05
6.88813e-05
7.51275e-06
4.82773e-05
6.10592e-05
2.9874e-05
0.00112026
0.000172618
0.00117704
1.51186e-05
3.34836e-05
6.3547e-05
8.06835e-06
4.28538e-05
5.69995e-05
2.17652e-05
0.00113752
0.000183485
0.0011877
1.42982e-05
2.63397e-05
5.86079e-05
8.66489e-06
3.80219e-05
5.31994e-05
1.58363e-05
0.00115363
0.000195737
0.00119773
1.34561e-05
2.06989e-05
5.40374e-05
9.30527e-06
3.37175e-05
4.96434e-05
1.15112e-05
0.00116862
0.000209231
0.00120715
1.2591e-05
1.62532e-05
4.98103e-05
9.99265e-06
2.98758e-05
4.63172e-05
8.3616e-06
0.00118253
0.000223876
0.00121599
1.17015e-05
1.27544e-05
4.59027e-05
1.07304e-05
2.6419e-05
4.3207e-05
6.07095e-06
0.00119542
0.00023962
0.00122427
1.07862e-05
1.00043e-05
4.22922e-05
1.15222e-05
2.32178e-05
4.03003e-05
4.40719e-06
0.00120733
0.000256428
0.00123202
9.84337e-06
7.84806e-06
3.89581e-05
1.2372e-05
1.9974e-05
3.75862e-05
3.20149e-06
0.00121831
0.000274283
0.00123927
8.8715e-06
6.18906e-06
3.58959e-05
1.32838e-05
1.58599e-05
3.50589e-05
2.33388e-06
0.00122841
0.000293174
0.00124603
7.86886e-06
5.17818e-06
3.37397e-05
1.42622e-05
6.01336e-06
3.18862e-06
3.31596e-05
1.83467e-06
0.00123093
0.000952349
0.000318636
0.000210401
3.99738e-05
1.50855e-05
3.75424e-06
3.09381e-06
3.18229e-05
1.57876e-06
0.00122756
0.000957561
0.000351237
0.000186694
2.83929e-05
1.57315e-05
2.37394e-06
3.0102e-06
3.0539e-05
1.35885e-06
0.00122409
0.00096227
0.000386203
0.000165295
2.03176e-05
1.64024e-05
1.53625e-06
2.94086e-06
2.93057e-05
1.17009e-06
0.00122051
0.000966692
0.000423421
0.000146062
1.47069e-05
1.71003e-05
1.0341e-06
2.89029e-06
2.81213e-05
1.00841e-06
0.00121683
0.000970944
0.000462744
0.000128839
1.08222e-05
1.78269e-05
7.4027e-07
2.86505e-06
2.69838e-05
8.70489e-07
0.00121303
0.000975091
0.00050398
0.000113468
8.14299e-06
1.85838e-05
5.76846e-07
2.87464e-06
2.58915e-05
7.53746e-07
0.00120913
0.000979168
0.000546886
9.97918e-05
6.30441e-06
1.93722e-05
4.96319e-07
2.93282e-06
2.48426e-05
6.5642e-07
0.00120511
0.000983193
0.000591167
8.76549e-05
5.05148e-06
2.01934e-05
4.69942e-07
3.05947e-06
2.38355e-05
5.77752e-07
0.00120097
0.000987177
0.00063648
7.69097e-05
4.20649e-06
2.1049e-05
4.80579e-07
3.28331e-06
2.28686e-05
5.1831e-07
0.00119671
0.000991125
0.00068244
6.74163e-05
3.64575e-06
2.19402e-05
0.00119233
0.000995041
0.000728632
5.90442e-05
0.00118783
0.000998926
0.00077462
5.16729e-05
0.0011832
0.00100278
0.000819969
4.51919e-05
0.00117843
0.0010066
0.000864256
3.95008e-05
0.0011735
0.0010104
0.000907086
3.45088e-05
0.00116835
0.00101416
0.000948109
3.01342e-05
0.00116283
0.0010179
0.000987029
2.6304e-05
0.00115645
0.00102161
0.00102361
2.29532e-05
0.00114776
0.00102528
0.00105769
2.00414e-05
0.00113215
0.00102893
0.00108916
1.8072e-05
0.00132462
0.000991448
0.00132418
0.000796614
0.00132371
0.000614402
0.0013232
0.000471418
0.00132265
0.000375891
0.00132206
0.000324428
0.00132142
0.000309547
0.00132073
0.000323934
0.00131999
0.000361851
0.00131918
0.000419052
0.00131832
0.000492141
0.00131738
0.000577867
0.00131638
0.000672579
0.00131529
0.000771983
0.00131412
0.000871263
0.00131285
0.000965552
0.00131149
0.0010506
0.00131002
0.00112343
0.00130844
0.00118264
0.00130673
0.00122846
0.00130452
0.00130169
0.00129856
0.0012951
0.00129127
0.00128703
0.00128235
0.00127718
0.00127147
0.00126519
0.00125827
0.00125066
0.0012423
0.00123314
0.00122311
0.00121215
0.00120017
0.00118723
0.00117263
0.00115984
END_LIST
