BEGIN_LIST
0.00103694
0.00102703
0.00101689
0.00100654
0.000995979
0.000985205
0.000974223
0.000963039
0.000951656
0.000940079
0.000928312
0.000916362
0.000904232
0.000891921
0.000879418
0.000866681
0.000853591
0.000839819
0.000824486
0.000805245
0.000591783
0.00121325
0.000546139
0.0011977
0.000501933
0.00118042
0.000459487
0.00116128
0.000419058
0.00114017
0.000380845
0.00111701
0.000344981
0.00109172
0.000311543
0.00106425
0.000280555
0.00103459
0.000251998
0.00100278
0.000225815
0.000968872
0.000201921
0.000932997
0.000180213
0.000895318
0.000160574
0.000856049
0.000142889
0.000815445
0.000127063
0.000773802
0.000113049
0.000731442
0.00010092
0.0006887
9.101e-05
0.000645534
8.42269e-05
0.000586935
0.000139216
9.0872e-05
0.000105215
6.60722e-05
0.000240909
0.000129161
9.35086e-05
0.000110259
6.13762e-05
0.000217192
0.000119764
9.66467e-05
0.000118512
5.70009e-05
0.000195454
0.000110991
0.000100147
0.00012888
5.29261e-05
0.000175601
0.000102811
0.000103925
0.00014085
4.91328e-05
0.000157527
9.5189e-05
0.000107934
0.000154201
4.56029e-05
0.000141121
8.80947e-05
0.000112145
0.000168857
4.23193e-05
0.000126268
8.14965e-05
0.000116542
0.000184813
3.92657e-05
0.000112853
7.53647e-05
0.000121118
0.000202097
3.64268e-05
0.000100762
6.96703e-05
0.00012587
0.000220751
3.37882e-05
8.98843e-05
6.43856e-05
0.000130799
0.00024082
3.1336e-05
8.01129e-05
5.94841e-05
0.000135907
0.000262345
2.90567e-05
7.13449e-05
5.49407e-05
0.000141196
0.000285358
2.6937e-05
6.34787e-05
5.07314e-05
0.000146669
0.000309881
2.49628e-05
5.64102e-05
4.68336e-05
0.000152332
0.000335921
2.3117e-05
5.00209e-05
4.32259e-05
0.000158187
0.000363467
2.13765e-05
4.41532e-05
3.98881e-05
0.00016424
0.00039249
1.9704e-05
3.8555e-05
3.6801e-05
0.000170494
0.00042294
1.80318e-05
3.27572e-05
3.39534e-05
0.000176953
0.000454744
1.6228e-05
2.58018e-05
3.06809e-05
0.000183623
0.000487803
1.40256e-05
1.56307e-05
4.14192e-05
3.06486e-05
0.000222424
0.000276475
0.000124319
0.00051618
3.33287e-06
6.17049e-05
1.7479e-05
7.94578e-06
3.67453e-05
2.8568e-05
0.000167385
0.000337404
9.58294e-05
0.000539652
3.23752e-06
4.87244e-05
1.60776e-05
2.82698e-06
3.25872e-05
2.6626e-05
0.00012477
0.000376806
7.66294e-05
0.000563492
3.14072e-06
3.84047e-05
1.47875e-05
1.47776e-06
2.88905e-05
2.48137e-05
9.23329e-05
0.000408596
6.41116e-05
0.000587661
3.04236e-06
3.02272e-05
1.35998e-05
1.16247e-06
2.56059e-05
2.31228e-05
6.79588e-05
0.00043801
5.63669e-05
0.000612113
2.94232e-06
2.37638e-05
1.25067e-05
1.13303e-06
2.2689e-05
2.15453e-05
4.98174e-05
0.000467045
5.20298e-05
0.000636792
2.84048e-06
1.86657e-05
1.15008e-05
1.18568e-06
2.01e-05
2.0074e-05
3.64101e-05
0.000496439
5.01401e-05
0.000661638
2.73671e-06
1.4651e-05
1.05752e-05
1.26521e-06
1.78029e-05
1.87018e-05
2.65528e-05
0.000526422
5.00313e-05
0.000686589
2.63086e-06
1.14934e-05
9.72359e-06
1.35691e-06
1.57655e-05
1.74223e-05
1.93332e-05
0.000557021
5.12461e-05
0.000711578
2.5228e-06
9.01235e-06
8.94013e-06
1.45712e-06
1.39592e-05
1.62294e-05
1.40601e-05
0.000588173
5.34751e-05
0.000736537
2.41238e-06
7.06448e-06
8.21943e-06
1.56523e-06
1.2358e-05
1.51172e-05
1.02165e-05
0.000619773
5.65119e-05
0.000761397
2.29943e-06
5.53612e-06
7.55653e-06
1.68149e-06
1.09392e-05
1.40806e-05
7.41901e-06
0.000651697
6.02224e-05
0.00078609
2.1838e-06
4.3375e-06
6.94683e-06
1.80642e-06
9.68214e-06
1.31143e-05
5.3851e-06
0.000683806
6.45227e-05
0.000810549
2.06532e-06
3.39783e-06
6.38611e-06
1.94063e-06
8.56834e-06
1.22139e-05
3.90751e-06
0.000715957
6.9364e-05
0.000834708
1.94379e-06
2.66138e-06
5.87046e-06
2.08479e-06
7.58095e-06
1.13747e-05
2.83469e-06
0.000748003
7.4722e-05
0.000858504
1.81904e-06
2.08434e-06
5.3963e-06
2.23965e-06
6.70353e-06
1.05928e-05
2.05609e-06
0.000779797
8.059e-05
0.000881877
1.69086e-06
1.6323e-06
4.9603e-06
2.406e-06
5.91711e-06
9.86437e-06
1.49124e-06
0.000811195
8.69734e-05
0.000904771
1.55906e-06
1.27826e-06
4.55942e-06
2.58468e-06
5.19139e-06
9.18583e-06
1.08172e-06
0.00084206
9.38865e-05
0.000927133
1.4234e-06
1.00147e-06
4.19088e-06
2.7766e-06
4.45823e-06
8.55423e-06
7.85336e-07
0.00087226
0.00010135
0.000948918
1.28367e-06
7.88975e-07
3.85378e-06
2.98274e-06
3.53039e-06
7.96783e-06
5.72264e-07
0.000901677
0.00010939
0.000970082
1.13963e-06
6.59674e-07
3.61711e-06
3.20416e-06
1.33349e-06
7.05621e-07
7.52818e-06
4.49738e-07
0.000909747
0.00057265
0.000120482
3.25302e-05
5.87338e-06
3.39067e-06
8.33239e-07
6.83179e-07
7.21935e-06
3.86946e-07
0.000899382
0.000579855
0.000135107
2.83993e-05
4.1971e-06
3.53713e-06
5.28189e-07
6.62645e-07
6.92313e-06
3.32993e-07
0.000888897
0.000586085
0.000151376
2.47839e-05
3.03771e-06
3.68934e-06
3.43461e-07
6.44445e-07
6.639e-06
2.8668e-07
0.000878296
0.000591787
0.000169403
2.1622e-05
2.23761e-06
3.84782e-06
2.33089e-07
6.29207e-07
6.36649e-06
2.47002e-07
0.000867583
0.000597206
0.000189306
1.88582e-05
1.68719e-06
4.01294e-06
1.68897e-07
6.17851e-07
6.10511e-06
2.1313e-07
0.000856766
0.000602475
0.000211204
1.64438e-05
1.31026e-06
4.18506e-06
1.33655e-07
6.11715e-07
5.85442e-06
1.84416e-07
0.000845847
0.000607665
0.000235204
1.43354e-05
1.05391e-06
4.36451e-06
1.16876e-07
6.12746e-07
5.61399e-06
1.60403e-07
0.000834833
0.000612816
0.000261402
1.24951e-05
8.81411e-07
4.55162e-06
1.12226e-07
6.23758e-07
5.38339e-06
1.40865e-07
0.00082373
0.000617948
0.000289873
1.08892e-05
7.67277e-07
4.74671e-06
1.15947e-07
6.48827e-07
5.16223e-06
1.25878e-07
0.000812543
0.000623074
0.000320666
9.48847e-06
6.93835e-07
4.95013e-06
0.000801278
0.000628199
0.000353794
8.26687e-06
0.00078994
0.000633325
0.000389233
7.20179e-06
0.000778533
0.000638454
0.000426907
6.27334e-06
0.000767055
0.000643588
0.000466693
5.46415e-06
0.000755487
0.000648724
0.000508407
4.75899e-06
0.000743762
0.000653865
0.000551811
4.14459e-06
0.000731666
0.000659008
0.00059661
3.60931e-06
0.000718544
0.000664153
0.000642454
3.1431e-06
0.000702427
0.000669301
0.000688954
2.73947e-06
0.000677304
0.000674449
0.000735684
2.46719e-06
0.0011518
0.000523822
0.00113948
0.000367075
0.00112649
0.0002549
0.00111281
0.000181323
0.00109844
0.000137483
0.00108335
0.000115472
0.00106755
0.000109519
0.00105103
0.000115941
0.0010338
0.000132709
0.00101585
0.000158986
0.000997205
0.000194731
0.000977872
0.000240373
0.000957873
0.000296504
0.000937234
0.000363579
0.000915984
0.000441583
0.000894161
0.000529709
0.000871804
0.00062608
0.000848959
0.000727645
0.000825683
0.000830318
0.000801882
0.000929446
0.000773162
0.000739423
0.000705376
0.000671198
0.00063707
0.000603167
0.000569662
0.000536717
0.000504481
0.000473092
0.000442669
0.000413315
0.000385113
0.000358129
0.000332413
0.000307999
0.000284877
0.000263193
0.000242166
0.000225866
END_LIST
