BEGIN_LIST
0.000916899
0.000904643
0.000892218
0.000879633
0.000866896
0.000854015
0.000840998
0.000827856
0.000814598
0.000801234
0.000787773
0.000774226
0.000760601
0.000746901
0.000733117
0.00071921
0.000705056
0.000690309
0.000674048
0.000653809
0.000461266
0.001099
0.000420613
0.00107176
0.000382198
0.00104231
0.000346153
0.00101069
0.000312554
0.000976959
0.000281425
0.000941225
0.000252745
0.000903652
0.000226453
0.000864446
0.000202462
0.000823861
0.000180663
0.000782189
0.00016093
0.00073975
0.000143128
0.000696889
0.000127122
0.000653958
0.000112775
0.000611309
9.99638e-05
0.000569279
8.85828e-05
0.000528184
7.85711e-05
0.000488307
6.99563e-05
0.000449886
6.29556e-05
0.000412877
5.8197e-05
0.000366948
9.68014e-05
6.28861e-05
7.28515e-05
3.70457e-05
0.000139137
8.95901e-05
6.4808e-05
7.63557e-05
3.4362e-05
0.000124466
8.28827e-05
6.70673e-05
8.21898e-05
3.18686e-05
0.00011122
7.66489e-05
6.95744e-05
8.95742e-05
2.95526e-05
9.92873e-05
7.08593e-05
7.2276e-05
9.81514e-05
2.74017e-05
8.85566e-05
6.5486e-05
7.51415e-05
0.000107776
2.54048e-05
7.89235e-05
6.05021e-05
7.81535e-05
0.00011841
2.35511e-05
7.02887e-05
5.5882e-05
8.13031e-05
0.000130068
2.18307e-05
6.25589e-05
5.16016e-05
8.45865e-05
0.000142794
2.02342e-05
5.56475e-05
4.76377e-05
8.8003e-05
0.000156644
1.87527e-05
4.94739e-05
4.39686e-05
9.15538e-05
0.000171679
1.73781e-05
4.39637e-05
4.05739e-05
9.52413e-05
0.000187964
1.61024e-05
3.90475e-05
3.74343e-05
9.90688e-05
0.00020556
1.49176e-05
3.46596e-05
3.45316e-05
0.00010304
0.000224528
1.38156e-05
3.0735e-05
3.18489e-05
0.000107158
0.000244918
1.27865e-05
2.72028e-05
2.93703e-05
0.000111429
0.000266776
1.18172e-05
2.39724e-05
2.70808e-05
0.000115855
0.000290135
1.08869e-05
2.09036e-05
2.49666e-05
0.000120442
0.000315016
9.95792e-06
1.77405e-05
2.30192e-05
0.000125194
0.000341426
8.95709e-06
1.39656e-05
2.07843e-05
0.000130116
0.00036935
7.73653e-06
8.47526e-06
2.80823e-05
2.07548e-05
0.000158132
0.000198491
8.75744e-05
0.000393703
1.83493e-06
3.42737e-05
9.54005e-06
4.37089e-06
2.48874e-05
1.93365e-05
0.000117657
0.00024461
6.74843e-05
0.000414148
1.78253e-06
2.6959e-05
8.77122e-06
1.63461e-06
2.20508e-05
1.80138e-05
8.69491e-05
0.000275276
5.40689e-05
0.000435185
1.72933e-06
2.1184e-05
8.06401e-06
9.2101e-07
1.95332e-05
1.67806e-05
6.39298e-05
0.000300656
4.53988e-05
0.0004568
1.67529e-06
1.66329e-05
7.41354e-06
7.61873e-07
1.72998e-05
1.5631e-05
4.68277e-05
0.000324659
4.00929e-05
0.000478972
1.62034e-06
1.30513e-05
6.81528e-06
7.56503e-07
1.53192e-05
1.45593e-05
3.42054e-05
0.000348808
3.71786e-05
0.000501669
1.5644e-06
1.0236e-05
6.2651e-06
7.95857e-07
1.35633e-05
1.35603e-05
2.49345e-05
0.000373692
3.59791e-05
0.000524854
1.5074e-06
8.02481e-06
5.75915e-06
8.50431e-07
1.20071e-05
1.26294e-05
1.81491e-05
0.000399522
3.60282e-05
0.000548483
1.44928e-06
6.2894e-06
5.29391e-06
9.1241e-07
1.06282e-05
1.17618e-05
1.31959e-05
0.000426352
3.70083e-05
0.000572508
1.38995e-06
4.92811e-06
4.86614e-06
9.79907e-07
9.40669e-06
1.09534e-05
9.58688e-06
0.000454166
3.87056e-05
0.000596875
1.32933e-06
3.86075e-06
4.47282e-06
1.05267e-06
8.32478e-06
1.02001e-05
6.96089e-06
0.000482911
4.09787e-05
0.000621527
1.26733e-06
3.02411e-06
4.1112e-06
1.1309e-06
7.36668e-06
9.49835e-06
5.05208e-06
0.000512512
4.37366e-05
0.000646402
1.20387e-06
2.36851e-06
3.77875e-06
1.21496e-06
6.51831e-06
8.84456e-06
3.66558e-06
0.000542877
4.69234e-05
0.000671436
1.13885e-06
1.85487e-06
3.47311e-06
1.30528e-06
5.76703e-06
8.23552e-06
2.65901e-06
0.000573897
5.0508e-05
0.000696561
1.07216e-06
1.45252e-06
3.19214e-06
1.4023e-06
5.10132e-06
7.6682e-06
1.92854e-06
0.000605454
5.44765e-05
0.000721709
1.00372e-06
1.13738e-06
2.93385e-06
1.50652e-06
4.51e-06
7.13978e-06
1.3986e-06
0.000637418
5.88275e-05
0.00074681
9.3341e-07
8.9058e-07
2.69643e-06
1.61848e-06
3.98019e-06
6.64763e-06
1.01426e-06
0.00066965
6.35685e-05
0.000771794
8.61114e-07
6.97341e-07
2.47819e-06
1.73876e-06
3.49139e-06
6.18936e-06
7.35654e-07
0.000702006
6.87135e-05
0.000796592
7.86715e-07
5.46291e-07
2.2776e-06
1.86796e-06
2.99758e-06
5.76293e-06
5.34052e-07
0.000734338
7.42816e-05
0.000821136
7.10091e-07
4.30344e-07
2.09417e-06
2.00674e-06
2.37237e-06
5.36713e-06
3.89136e-07
0.000766497
8.02957e-05
0.00084536
6.31108e-07
3.59799e-07
1.9654e-06
2.15583e-06
8.95484e-07
4.73657e-07
5.07045e-06
3.05807e-07
0.000775475
0.000463633
8.86229e-05
1.81145e-05
3.26431e-06
2.28143e-06
5.59625e-07
4.58273e-07
4.86209e-06
2.63105e-07
0.000763907
0.000470539
9.96529e-05
1.5794e-05
2.34611e-06
2.38006e-06
3.54863e-07
4.44045e-07
4.66226e-06
2.26414e-07
0.000752291
0.000476452
0.000111994
1.3768e-05
1.71191e-06
2.48258e-06
2.30899e-07
4.31201e-07
4.47061e-06
1.94919e-07
0.000740633
0.000481833
0.000125757
1.19997e-05
1.27499e-06
2.58931e-06
1.56864e-07
4.20081e-07
4.28683e-06
1.67935e-07
0.000728942
0.000486935
0.000141063
1.0457e-05
9.75087e-07
2.70054e-06
1.1384e-07
4.11186e-07
4.11057e-06
1.44898e-07
0.000717224
0.000491892
0.000158039
9.11137e-06
7.70384e-07
2.81649e-06
9.02606e-08
4.05246e-07
3.94155e-06
1.25365e-07
0.000705485
0.000496781
0.000176811
7.93798e-06
6.31847e-07
2.93739e-06
7.90868e-08
4.03322e-07
3.77945e-06
1.09025e-07
0.000693734
0.000501641
0.000197506
6.91501e-06
5.39336e-07
3.06345e-06
7.60702e-08
4.06956e-07
3.62401e-06
9.57195e-08
0.000681978
0.000506493
0.000220243
6.02333e-06
4.78881e-07
3.19491e-06
7.86888e-08
4.18374e-07
3.47494e-06
8.54955e-08
0.000670222
0.00051135
0.000245131
5.24623e-06
4.40799e-07
3.33199e-06
0.000658476
0.000516218
0.000272261
4.56908e-06
0.000646743
0.0005211
0.0003017
3.97909e-06
0.00063503
0.000525998
0.000333489
3.46512e-06
0.000623335
0.000530912
0.000367628
3.0174e-06
0.000611643
0.000535843
0.000404078
2.62742e-06
0.000599892
0.000540789
0.000442746
2.28777e-06
0.000587887
0.000545751
0.000483487
1.99197e-06
0.000575034
0.000550729
0.000526099
1.73442e-06
0.000559541
0.000555722
0.00057032
1.51149e-06
0.000535971
0.000560729
0.000615832
1.36114e-06
0.0010168
0.00040324
0.000997966
0.000275094
0.000978443
0.000187608
0.000958254
0.000131947
0.000937426
9.9438e-05
0.000915989
8.33707e-05
0.000893981
7.91957e-05
0.000871444
8.41505e-05
0.000848424
9.68021e-05
0.000824973
0.000116664
0.000801146
0.000143911
0.000777003
0.000179159
0.000752606
0.000223277
0.00072802
0.000277194
0.000703311
0.000341668
0.000678546
0.000417012
0.000653794
0.000502792
0.000629121
0.000597535
0.000604601
0.000698565
0.000580134
0.000802062
0.00055144
0.000518774
0.000486907
0.000455968
0.000426065
0.000397291
0.000369719
0.000343403
0.000318383
0.00029468
0.000272299
0.000251236
0.000231472
0.000212978
0.000195718
0.000179651
0.000164712
0.000150939
0.000137802
0.000127748
END_LIST
