BEGIN_LIST
0.000587311
0.000573504
0.000559805
0.000546223
0.000532768
0.000519449
0.000506274
0.000493253
0.000480393
0.000467702
0.000455185
0.00044285
0.000430698
0.00041873
0.000406934
0.000395274
0.000383643
0.000371757
0.000358866
0.000342986
0.000225684
0.000704494
0.000201605
0.000660427
0.000179757
0.00061672
0.000160007
0.00057372
0.000142211
0.000531751
0.000126222
0.0004911
0.000111895
0.000452011
9.90864e-05
0.000414686
8.76595e-05
0.000379277
7.74841e-05
0.000345892
6.84382e-05
0.000314598
6.04087e-05
0.000285419
5.3292e-05
0.000258347
4.69947e-05
0.000233344
4.14353e-05
0.000210348
3.65478e-05
0.000189279
3.22905e-05
0.000170042
2.86657e-05
0.000152533
2.57644e-05
0.000136563
2.38669e-05
0.000118409
4.01275e-05
2.59238e-05
3.0063e-05
1.08017e-05
4.16599e-05
3.70168e-05
2.67921e-05
3.15583e-05
1.00047e-05
3.69963e-05
3.41417e-05
2.77867e-05
3.40574e-05
9.26608e-06
3.28441e-05
3.1485e-05
2.88774e-05
3.72363e-05
8.58173e-06
2.91495e-05
2.9031e-05
3.00466e-05
4.09515e-05
7.94766e-06
2.58639e-05
2.67648e-05
3.12845e-05
4.51509e-05
7.36022e-06
2.29434e-05
2.46725e-05
3.25859e-05
4.9829e-05
6.81601e-06
2.03485e-05
2.27413e-05
3.39485e-05
5.50058e-05
6.31186e-06
1.80437e-05
2.09591e-05
3.53718e-05
6.07148e-05
5.84484e-06
1.59974e-05
1.93147e-05
3.68563e-05
6.69986e-05
5.4122e-06
1.41809e-05
1.77978e-05
3.84034e-05
7.39057e-05
5.01137e-06
1.25686e-05
1.63987e-05
4.00149e-05
8.14894e-05
4.6399e-06
1.11372e-05
1.51085e-05
4.16928e-05
8.98069e-05
4.29538e-06
9.86525e-06
1.39189e-05
4.34395e-05
9.8919e-05
3.97532e-06
8.73222e-06
1.28221e-05
4.52574e-05
0.00010889
3.67684e-06
7.71632e-06
1.18111e-05
4.71492e-05
0.000119786
3.39606e-06
6.79073e-06
1.08792e-05
4.91176e-05
0.000131676
3.12692e-06
5.91508e-06
1.00203e-05
5.11655e-05
0.000144632
2.85856e-06
5.01704e-06
9.23056e-06
5.32957e-05
0.000158725
2.56995e-06
3.95175e-06
8.32596e-06
5.55114e-05
0.000174025
2.21866e-06
2.41226e-06
1.12609e-05
8.31013e-06
6.77564e-05
8.6171e-05
3.70958e-05
0.000187706
5.25407e-07
9.8893e-06
2.75123e-06
1.28213e-06
9.96662e-06
7.73739e-06
4.96355e-05
0.000107606
2.86276e-05
0.000199468
5.10458e-07
7.75191e-06
2.52851e-06
5.24931e-07
8.82024e-06
7.20393e-06
3.62582e-05
0.000122425
2.30479e-05
0.000211829
4.95291e-07
6.07476e-06
2.32379e-06
3.31616e-07
7.80507e-06
6.7071e-06
2.64313e-05
0.00013514
1.94915e-05
0.000224816
4.79886e-07
4.75942e-06
2.13562e-06
2.92975e-07
6.90624e-06
6.24439e-06
1.92386e-05
0.000147547
1.73563e-05
0.000238449
4.64227e-07
3.72824e-06
1.96267e-06
2.97524e-07
6.11052e-06
5.81348e-06
1.39877e-05
0.000160385
1.62266e-05
0.000252747
4.48292e-07
2.92008e-06
1.80371e-06
3.14963e-07
5.40617e-06
5.4122e-06
1.01618e-05
0.000173974
1.58169e-05
0.000267725
4.32062e-07
2.28686e-06
1.65761e-06
3.37118e-07
4.78277e-06
5.03853e-06
7.37796e-06
0.000188467
1.5933e-05
0.000283396
4.15516e-07
1.7908e-06
1.52333e-06
3.61853e-07
4.23107e-06
4.69058e-06
5.35451e-06
0.000203952
1.64436e-05
0.000299769
3.98631e-07
1.40225e-06
1.39992e-06
3.88683e-07
3.74285e-06
4.36658e-06
3.88479e-06
0.000220487
1.72611e-05
0.000316851
3.81385e-07
1.09795e-06
1.2865e-06
4.17577e-07
3.31085e-06
4.06491e-06
2.81786e-06
0.000238117
1.83283e-05
0.000334644
3.63751e-07
8.59656e-07
1.18226e-06
4.48639e-07
2.92861e-06
3.78403e-06
2.04362e-06
0.000256877
1.96093e-05
0.000353146
3.45707e-07
6.73056e-07
1.08646e-06
4.82017e-07
2.5904e-06
3.52251e-06
1.48193e-06
0.000276795
2.10825e-05
0.000372355
3.27224e-07
5.26947e-07
9.98417e-07
5.17879e-07
2.2911e-06
3.27903e-06
1.07453e-06
0.000297893
2.27372e-05
0.00039226
3.08274e-07
4.12548e-07
9.17506e-07
5.56408e-07
2.02604e-06
3.05235e-06
7.7909e-07
0.000320183
2.45699e-05
0.000412847
2.88829e-07
3.2298e-07
8.43148e-07
5.97803e-07
1.79073e-06
2.84131e-06
5.6486e-07
0.000343666
2.65822e-05
0.000434098
2.68857e-07
2.52856e-07
7.74813e-07
6.42276e-07
1.57998e-06
2.64484e-06
4.09548e-07
0.000368334
2.87803e-05
0.00045599
2.48327e-07
1.97965e-07
7.12014e-07
6.90056e-07
1.38561e-06
2.46198e-06
2.97002e-07
0.000394168
3.1173e-05
0.000478493
2.27205e-07
1.55066e-07
6.54309e-07
7.41389e-07
1.18924e-06
2.29189e-06
2.1558e-07
0.000421134
3.37717e-05
0.000501574
2.05455e-07
1.22142e-07
6.01548e-07
7.96538e-07
9.40494e-07
2.13408e-06
1.57063e-07
0.000449184
3.65899e-05
0.000525194
1.83042e-07
1.02112e-07
5.64518e-07
8.55788e-07
3.54693e-07
1.87511e-07
2.01582e-06
1.23419e-07
0.000457249
0.000249125
4.05131e-05
5.28395e-06
9.53007e-07
9.05711e-07
2.21706e-07
1.81256e-07
1.93279e-06
1.0618e-07
0.000446699
0.000254051
4.57456e-05
4.60178e-06
6.93257e-07
9.44919e-07
1.40655e-07
1.75396e-07
1.85317e-06
9.13675e-08
0.000436284
0.000258202
5.16512e-05
4.00746e-06
5.14274e-07
9.85675e-07
9.16053e-08
1.69994e-07
1.77683e-06
7.86532e-08
0.000426007
0.000261946
5.83026e-05
3.48972e-06
3.91362e-07
1.02811e-06
6.23305e-08
1.65143e-07
1.70363e-06
6.77597e-08
0.000415871
0.000265481
6.57819e-05
3.03873e-06
3.0739e-07
1.07234e-06
4.53388e-08
1.60982e-07
1.63344e-06
5.84587e-08
0.00040588
0.000268917
7.41801e-05
2.64593e-06
2.50473e-07
1.11845e-06
3.60515e-08
1.57718e-07
1.56614e-06
5.05707e-08
0.000396036
0.000272312
8.3597e-05
2.30383e-06
2.12369e-07
1.16654e-06
3.16825e-08
1.55648e-07
1.50161e-06
4.39684e-08
0.000386341
0.000275699
9.41404e-05
2.00591e-06
1.87364e-07
1.21668e-06
3.05514e-08
1.55208e-07
1.43974e-06
3.85864e-08
0.000376798
0.000279096
0.000105926
1.74646e-06
1.71495e-07
1.26898e-06
3.1661e-08
1.57027e-07
1.38041e-06
3.44404e-08
0.000367408
0.000282512
0.000119075
1.52055e-06
1.62017e-07
1.32353e-06
0.000358173
0.000285954
0.000133718
1.32383e-06
0.000349095
0.000289424
0.000149986
1.15254e-06
0.000340172
0.000292923
0.000168016
1.0034e-06
0.000331401
0.000296452
0.000187941
8.73547e-07
0.000322768
0.000300012
0.000209893
7.60491e-07
0.000314232
0.000303604
0.000233994
6.62061e-07
0.000305664
0.000307227
0.000260354
5.76367e-07
0.000296685
0.000310881
0.000289062
5.01773e-07
0.000286165
0.000314566
0.000320183
4.37225e-07
0.000270708
0.000318283
0.000353748
3.93699e-07
0.000621019
0.000194661
0.00059599
0.000127388
0.000571239
8.45999e-05
0.000546828
5.85855e-05
0.000522815
4.38483e-05
0.000499252
3.67636e-05
0.000476189
3.50918e-05
0.000453669
3.75642e-05
0.000431731
4.35839e-05
0.000410408
5.30304e-05
0.00038973
6.61378e-05
0.000369717
8.34231e-05
0.00035039
0.000105642
0.000331761
0.000133753
0.000313838
0.000168881
0.000296626
0.000212246
0.000280126
0.000265056
0.000264334
0.000328337
0.000249249
0.000402697
0.000234753
0.000488023
0.00021846
0.000200726
0.00018422
0.000168891
0.000154684
0.000141543
0.000129409
0.000118224
0.000107928
9.84646e-05
8.97768e-05
8.18104e-05
7.45133e-05
6.78357e-05
6.17304e-05
5.61538e-05
5.10584e-05
4.64345e-05
4.20909e-05
3.88051e-05
END_LIST
