time,Integral
0,0
0
1,6.6524e-09
6.6524e-09
2,1.3308e-08
1.3308e-08
3,1.99636e-08
1.99636e-08
4,2.66191e-08
2.66191e-08
5,3.32747e-08
3.32747e-08
6,3.99303e-08
3.99303e-08
7,4.65859e-08
4.65859e-08
8,5.32415e-08
5.32415e-08
9,5.98971e-08
5.98971e-08
10,6.65527e-08
6.65527e-08
11,7.32084e-08
7.32084e-08
12,7.32115e-08
7.32115e-08
13,7.32115e-08
7.32115e-08
14,7.32115e-08
7.32115e-08
15,7.32115e-08
7.32115e-08
16,7.32115e-08
7.32115e-08
17,7.32115e-08
7.32115e-08
18,7.32115e-08
7.32115e-08
19,7.32115e-08
7.32115e-08
20,7.32115e-08
7.32115e-08
