BEGIN_LIST
0
2.65563e-116
9.21548e-116
2.52879e-115
6.45364e-115
1.60255e-114
3.93572e-114
9.62233e-114
2.3483e-113
5.72703e-113
1.39645e-112
3.40511e-112
8.30389e-112
2.02535e-111
4.94075e-111
1.20551e-110
2.94191e-110
7.18084e-110
1.75314e-109
4.281e-109
9.83217e-109
4.23774e-108
1.00897e-108
9.99959e-108
1.0354e-108
1.98383e-107
1.06254e-108
3.62558e-107
1.09039e-108
6.32447e-107
1.11897e-108
1.07195e-106
1.14829e-108
1.78376e-106
1.17838e-108
2.93387e-106
1.20925e-108
4.79229e-106
1.24116e-108
7.80159e-106
1.2839e-108
1.26931e-105
1.75697e-108
2.06858e-105
2.0611e-107
3.38297e-105
8.26092e-106
5.56044e-105
3.52952e-104
9.19693e-105
1.51067e-102
1.53221e-104
6.4662e-101
2.57294e-104
2.76805e-99
4.35627e-104
1.18494e-97
7.43542e-104
5.073e-96
1.27816e-103
2.17235e-94
1.35761e-103
1.65816e-103
7.4749e-104
5.13142e-94
2.28966e-94
1.442e-103
1.87749e-103
4.37886e-104
9.93086e-94
2.41134e-94
1.53164e-103
1.99189e-103
2.57219e-104
1.74367e-93
2.53711e-94
1.62685e-103
2.03806e-103
1.51582e-104
2.88574e-93
2.66657e-94
1.72797e-103
2.04018e-103
8.96331e-105
4.58645e-93
2.79918e-94
1.83539e-103
2.01419e-103
5.31833e-105
7.07516e-93
2.93424e-94
1.94948e-103
1.97055e-103
3.16614e-105
1.06646e-92
3.07084e-94
2.07067e-103
1.91618e-103
1.89093e-105
1.57788e-92
3.2078e-94
2.19939e-103
1.8556e-103
1.13276e-105
2.29906e-92
3.34364e-94
2.33611e-103
1.79178e-103
6.80514e-106
3.30708e-92
3.47639e-94
2.48133e-103
1.72664e-103
4.09914e-106
4.70549e-92
3.6034e-94
2.63558e-103
1.66144e-103
2.47524e-106
6.63317e-92
3.72088e-94
2.79942e-103
1.59699e-103
1.49806e-106
9.27631e-92
3.82313e-94
2.97344e-103
1.53381e-103
9.08529e-107
1.28847e-91
3.90095e-94
3.15828e-103
1.47219e-103
5.5203e-107
1.77942e-91
3.93881e-94
3.35462e-103
1.41234e-103
3.35977e-107
2.44574e-91
3.90923e-94
3.56315e-103
1.35435e-103
2.04782e-107
3.34871e-91
3.76228e-94
3.7856e-103
1.29827e-103
1.24972e-107
4.57194e-91
3.40537e-94
3.93731e-103
1.24411e-103
7.63428e-108
6.23074e-91
2.66422e-94
1.15037e-102
1.19186e-103
4.66696e-108
8.4872e-91
1.20532e-94
4.64634e-102
1.17332e-102
1.32046e-103
5.5623e-104
1.76054e-103
3.37754e-108
8.94104e-91
8.24514e-91
1.22758e-94
3.56981e-95
1.40836e-101
1.19673e-102
1.39935e-103
2.60221e-104
2.14795e-103
2.44398e-108
9.35664e-91
7.87446e-91
1.25026e-94
1.05712e-95
3.96033e-101
1.22061e-102
1.42265e-103
1.21886e-104
2.39972e-103
1.76781e-108
9.73006e-91
7.3914e-91
1.27335e-94
3.13036e-96
1.08741e-100
1.24497e-102
1.40668e-103
5.7136e-105
2.55297e-103
1.27794e-108
1.00575e-90
6.82113e-91
1.29686e-94
9.26989e-97
2.96417e-100
1.26981e-102
1.40411e-103
2.67994e-105
2.63625e-103
9.22949e-109
1.03353e-90
6.19404e-91
1.32081e-94
2.7452e-97
8.06878e-100
1.29515e-102
1.53775e-103
1.25765e-105
2.67052e-103
6.65682e-109
1.05598e-90
5.54141e-91
1.3452e-94
8.13014e-98
2.19819e-99
1.321e-102
2.1013e-103
5.90452e-106
2.67063e-103
4.79243e-109
1.07279e-90
4.89159e-91
1.37005e-94
2.40804e-98
5.9985e-99
1.34737e-102
3.85612e-103
2.77314e-106
2.64689e-103
3.44155e-109
1.08365e-90
4.26753e-91
1.39535e-94
7.13392e-99
1.6402e-98
1.37427e-102
8.88306e-103
1.30282e-106
2.60628e-103
2.4631e-109
1.08826e-90
3.68565e-91
1.42112e-94
2.11485e-99
4.49477e-98
1.40171e-102
2.30152e-102
6.12151e-107
2.55351e-103
1.7548e-109
1.08638e-90
3.15606e-91
1.44736e-94
6.28258e-100
1.23455e-97
1.42971e-102
6.28057e-102
2.87604e-107
2.4917e-103
1.24252e-109
1.07778e-90
2.68342e-91
1.47409e-94
1.87902e-100
3.39887e-97
1.45828e-102
1.75557e-101
1.35052e-107
2.42294e-103
8.72455e-110
1.06227e-90
2.26826e-91
1.50132e-94
5.74299e-101
9.38001e-97
1.48742e-102
4.97051e-101
6.33299e-108
2.34864e-103
6.05573e-110
1.03969e-90
1.90822e-91
1.52904e-94
1.87463e-101
2.59497e-96
1.51716e-102
1.41827e-100
2.96078e-108
2.26975e-103
4.13544e-110
1.00993e-90
1.59917e-91
1.55728e-94
7.25246e-102
7.19661e-96
1.5475e-102
4.06741e-100
1.37552e-108
2.18698e-103
2.75793e-110
9.72899e-91
1.33604e-91
1.58604e-94
3.81367e-102
2.0008e-95
1.57847e-102
1.1705e-99
6.30822e-109
2.10086e-103
1.77379e-110
9.28568e-91
1.11347e-91
1.61533e-94
2.76179e-102
5.57664e-95
1.61006e-102
3.37633e-99
2.81544e-109
2.01182e-103
1.07454e-110
8.76939e-91
9.26256e-92
1.64517e-94
2.41773e-102
1.55842e-94
1.64231e-102
9.75486e-99
1.18292e-109
1.92027e-103
5.81367e-111
8.18063e-91
7.70108e-92
1.67554e-94
2.28405e-102
4.36819e-94
1.67525e-102
2.8215e-98
4.25291e-110
1.82661e-103
2.37036e-111
7.52035e-91
6.45829e-92
1.70606e-94
2.21335e-102
1.22951e-93
1.70892e-102
8.16714e-98
7.88119e-111
1.73125e-103
0
6.78998e-91
5.92307e-92
1.72126e-94
2.16196e-102
7.73277e-94
1.75796e-93
1.72894e-102
1.32999e-97
8.17092e-111
4.58714e-111
1.58273e-103
6.75888e-91
5.00108e-91
2.13529e-102
4.82782e-94
2.47744e-93
1.7492e-102
2.16083e-97
8.47152e-111
2.66983e-111
1.43312e-103
6.72688e-91
3.68222e-91
2.10964e-102
3.00019e-94
3.45639e-93
1.7697e-102
3.50653e-97
8.78379e-111
1.55385e-111
1.2842e-103
6.69402e-91
2.71044e-91
2.08467e-102
1.85906e-94
4.7877e-93
1.79045e-102
5.68675e-97
9.10926e-111
9.0429e-112
1.13784e-103
6.66033e-91
1.99468e-91
2.06018e-102
1.14994e-94
6.5976e-93
1.81144e-102
9.21973e-97
9.45143e-111
5.26222e-112
9.95922e-104
6.62586e-91
1.46763e-91
2.03609e-102
7.10553e-95
9.05754e-93
1.8327e-102
1.49453e-96
9.81935e-111
3.0617e-112
8.603e-104
6.59064e-91
1.0796e-91
2.01234e-102
4.38772e-95
1.24005e-92
1.85421e-102
2.42248e-96
1.02373e-110
1.78094e-112
7.32654e-104
6.55471e-91
7.93954e-92
1.9889e-102
2.70844e-95
1.69428e-92
1.87598e-102
3.92643e-96
1.07716e-110
1.03551e-112
6.14432e-104
6.51809e-91
5.83688e-92
1.96576e-102
1.67148e-95
2.31144e-92
1.89802e-102
6.36389e-96
1.16054e-110
6.01685e-113
5.06758e-104
6.48082e-91
4.28916e-92
1.9429e-102
1.0314e-95
3.14995e-92
1.92032e-102
1.32449e-110
3.49223e-113
4.10394e-104
6.44295e-91
1.70913e-110
2.02322e-113
3.25713e-104
6.40449e-91
2.70247e-110
1.16863e-113
2.52702e-104
6.36549e-91
5.37903e-110
6.71632e-114
1.90998e-104
6.32596e-91
1.27149e-109
3.82758e-114
1.39941e-104
6.28596e-91
3.29523e-109
2.15004e-114
9.86381e-105
6.2455e-91
8.89204e-109
1.1773e-114
6.60394e-105
6.20462e-91
2.43847e-108
6.14608e-115
4.10093e-105
6.16334e-91
6.72851e-108
2.90439e-115
2.23932e-105
6.12173e-91
1.86096e-107
1.04939e-115
9.07092e-106
6.08061e-91
5.1515e-107
0
0
6.06037e-91
5.25032e-107
2.94387e-106
5.35103e-107
4.7009e-106
5.45367e-107
5.85752e-106
5.55829e-107
6.54176e-106
5.6649e-107
6.89707e-106
5.77357e-107
7.04395e-106
5.88432e-107
7.06167e-106
5.99719e-107
6.98887e-106
6.11223e-107
6.83391e-106
6.22947e-107
6.58759e-106
6.34897e-107
6.23486e-106
6.47075e-107
5.76431e-106
6.59487e-107
5.17495e-106
6.72138e-107
4.47959e-106
6.8503e-107
3.70476e-106
6.98171e-107
2.88741e-106
7.11563e-107
2.06972e-106
7.25212e-107
1.29334e-106
7.39127e-107
5.94362e-107
7.53236e-107
0
7.73346e-107
7.93992e-107
8.1519e-107
8.36953e-107
8.59298e-107
8.82239e-107
9.05792e-107
9.29975e-107
9.54803e-107
9.80294e-107
1.00647e-106
1.03334e-106
1.06092e-106
1.08925e-106
1.11833e-106
1.14816e-106
1.17895e-106
1.2098e-106
1.24496e-106
1.26497e-106
END_LIST
