BEGIN_LIST
0.1
0.0997976
0.0995956
0.0993939
0.0991927
0.0989919
0.0987914
0.0985913
0.0983916
0.0981922
0.0979931
0.097794
0.0975942
0.0973924
0.0971847
0.0969617
0.0966993
0.0963369
0.0957215
0.0944668
0.0915974
0.0825318
0.0894483
0.0741403
0.0873303
0.0664192
0.0852441
0.0593535
0.08319
0.0529194
0.0811685
0.0470863
0.0791798
0.041819
0.0772243
0.0370798
0.0753022
0.0328292
0.0734138
0.0290278
0.071559
0.025637
0.0697381
0.0226196
0.0679511
0.019941
0.0661981
0.0175699
0.0644789
0.0154796
0.0627936
0.0136519
0.0611421
0.0120831
0.0595241
0.0107997
0.0579365
0.00989225
0.0562517
0.00959042
0.0491208
0.0095902
0.0107505
0.00744355
0.0456249
0.0442059
0.00958998
0.0115942
0.00666229
0.0423658
0.0396889
0.00958977
0.0122455
0.00659183
0.0393291
0.0355569
0.00958955
0.0127812
0.00690887
0.0365012
0.031793
0.00958933
0.0132489
0.00745583
0.033869
0.0283775
0.00958911
0.0136779
0.00815792
0.0314199
0.0252886
0.00958889
0.0140866
0.00898194
0.0291421
0.0225038
0.00958867
0.0144863
0.00991567
0.0270245
0.02
0.00958845
0.0148843
0.0109577
0.0250563
0.0177544
0.00958823
0.0152849
0.0121124
0.0232276
0.0157447
0.00958801
0.0156911
0.0133873
0.0215284
0.0139498
0.0095878
0.0161048
0.014792
0.0199494
0.0123494
0.00958758
0.0165271
0.0163374
0.0184809
0.0109245
0.00958736
0.016959
0.0180356
0.0171122
0.00965734
0.00958714
0.0174011
0.0198993
0.0158298
0.00853136
0.00958692
0.0178539
0.0219422
0.0146144
0.00753073
0.0095867
0.0183178
0.0241785
0.013433
0.00663976
0.00958643
0.0187931
0.026623
0.0122242
0.00584139
0.00959072
0.0192802
0.0292907
0.0108662
0.00511396
0.00918089
0.0197793
0.0321972
0.00911093
0.00442401
0.00839247
0.00903283
0.013876
0.0276841
0.0139196
0.0342985
0.00885988
0.00720623
0.00442396
0.00414899
0.00766884
0.00888714
0.00967409
0.0322408
0.00997695
0.0365143
0.00860668
0.00568743
0.0044239
0.00411724
0.00700517
0.00874376
0.00671504
0.0355062
0.00734632
0.0388505
0.00835102
0.00448104
0.00442384
0.00415632
0.0063969
0.00860268
0.00464681
0.0383235
0.00561405
0.0413124
0.00809263
0.00352576
0.00442379
0.0042166
0.00583974
0.00846384
0.00320874
0.041041
0.00449821
0.0439046
0.0078312
0.00277116
0.00442373
0.00428378
0.00532969
0.00832722
0.00221244
0.0438041
0.00380727
0.0466316
0.00756641
0.00217622
0.00442367
0.00435378
0.004863
0.00819277
0.00152393
0.0466751
0.00341145
0.049497
0.00729792
0.00170788
0.00442361
0.00442541
0.00443619
0.00806048
0.00104895
0.0496823
0.00322318
0.0525043
0.0070254
0.00133963
0.00442356
0.00449835
0.00404601
0.0079303
0.000721658
0.0528392
0.0031836
0.0556562
0.00674848
0.00105035
0.0044235
0.00457254
0.00368946
0.00780219
0.000496322
0.0561535
0.00325353
0.0589551
0.00646677
0.000823276
0.00442344
0.00464795
0.00336375
0.00767614
0.000341268
0.0596296
0.00340715
0.0624026
0.00617988
0.000645128
0.00442339
0.0047246
0.00306628
0.0075521
0.000234617
0.0632705
0.00362782
0.0659997
0.0058874
0.000505429
0.00442333
0.00480251
0.00279464
0.00743005
0.000161278
0.0670781
0.00390522
0.0697468
0.00558888
0.00039592
0.00442327
0.00488169
0.00254648
0.00730994
0.000110856
0.0710531
0.00423341
0.0736431
0.00528387
0.0003101
0.00442321
0.00496217
0.0023193
0.00719176
7.6195e-05
0.0751953
0.0046095
0.0776871
0.00497188
0.00024286
0.00442316
0.00504397
0.00210986
0.00707548
5.23707e-05
0.0795034
0.00503279
0.0818765
0.00465243
0.000190187
0.0044231
0.0051271
0.00191227
0.00696106
3.59991e-05
0.083975
0.00550418
0.0862077
0.00432498
0.000148943
0.00442304
0.0052116
0.00171253
0.00684848
2.47584e-05
0.0886065
0.00602576
0.090676
0.00398897
0.000116758
0.00442299
0.00529748
0.00147216
0.00673775
1.70687e-05
0.093393
0.00660057
0.0952758
0.00364384
9.25684e-05
0.00442293
0.00538476
0.00107947
0.00662893
1.18948e-05
0.0983283
0.00723245
0.1
0.00328896
8.24557e-05
0.0044229
0.00547347
0.000646729
0.00104818
0.00656581
1.00051e-05
0.0983283
0.0990732
0.00830808
0.0031834
0.00249022
0.00552628
0.000387532
0.00101823
0.00650329
8.44171e-06
0.0983283
0.0994862
0.00954802
0.00308121
0.00193901
0.00557954
0.000232343
0.000989754
0.00644136
7.16603e-06
0.0983283
0.0997153
0.0109729
0.00298227
0.00156068
0.00563328
0.000139468
0.000962954
0.00638002
6.15522e-06
0.0983283
0.0998423
0.0126071
0.00288649
0.00130316
0.00568752
8.39246e-05
0.000938144
0.00631925
5.40591e-06
0.0983283
0.0999127
0.0144786
0.00279376
0.00113011
0.00574227
5.07487e-05
0.00091578
0.00625906
4.94173e-06
0.0983283
0.0999517
0.0166187
0.002704
0.0010162
0.00579753
3.09819e-05
0.000896529
0.00619943
4.82662e-06
0.0983283
0.0999733
0.0190627
0.0026171
0.00094375
0.00585333
1.92623e-05
0.000881359
0.00614037
5.18793e-06
0.0983282
0.0999853
0.0218495
0.00253297
0.000900437
0.00590965
1.23829e-05
0.000871668
0.00608187
6.25558e-06
0.0983282
0.099992
0.0250217
0.00245153
0.000877673
0.00596651
8.42803e-06
0.000869473
0.00602391
0.0983281
0.0999956
0.0286258
0.0023727
0.0983277
0.0999977
0.0327117
0.00229639
0.0983267
0.0999988
0.0373322
0.00222251
0.0983238
0.0999994
0.0425427
0.002151
0.0983155
0.0999997
0.0483999
0.00208179
0.0982916
0.0999999
0.0549601
0.00201478
0.0982228
0.1
0.062278
0.00194993
0.0980247
0.1
0.0704038
0.00188715
0.0974545
0.1
0.0793803
0.00182642
0.0958126
0.1
0.0892397
0.0017686
0.0910855
0.1
0.1
0.00174064
0.0910855
0.0585401
0.0910855
0.0375696
0.0910855
0.0243835
0.0910855
0.0163108
0.0910854
0.0115687
0.0910854
0.00901519
0.0910854
0.00794567
0.0910854
0.0079475
0.0910854
0.00880259
0.0910854
0.0104254
0.0910854
0.0128256
0.0910853
0.0160859
0.0910853
0.0203504
0.0910853
0.0258183
0.0910853
0.032739
0.0910853
0.0414057
0.0910853
0.052144
0.0910853
0.0652911
0.0910852
0.0811617
0.0910852
0.1
0.0910852
0.0910852
0.0910852
0.0910851
0.0910851
0.0910851
0.0910851
0.0910851
0.091085
0.091085
0.091085
0.091085
0.091085
0.0910849
0.0910849
0.0910849
0.0910849
0.0910849
0.0910848
0.0910848
END_LIST
