BEGIN_LIST
0
7.09135e-32
2.37267e-31
6.16739e-31
1.47592e-30
3.42669e-30
7.88879e-30
1.81851e-29
4.21416e-29
9.82691e-29
2.30484e-28
5.43185e-28
1.28483e-27
3.04725e-27
7.24091e-27
1.72285e-26
4.1028e-26
9.77626e-26
2.33046e-25
5.55685e-25
1.32526e-24
5.71995e-24
1.3802e-24
1.31074e-23
1.43741e-24
2.48015e-23
1.49697e-24
4.25023e-23
1.55898e-24
6.83503e-23
1.62355e-24
1.04972e-22
1.69077e-24
1.55512e-22
1.76076e-24
2.23649e-22
1.83362e-24
3.13615e-22
1.90948e-24
4.30224e-22
1.98846e-24
5.78992e-22
2.07068e-24
7.66433e-22
2.15629e-24
1.00077e-21
2.24541e-24
1.29346e-21
2.33821e-24
1.66218e-21
2.43491e-24
2.13681e-21
2.53886e-24
2.77063e-21
2.78722e-24
3.66138e-21
9.03387e-24
4.98995e-21
2.71479e-22
7.08949e-21
1.14867e-20
7.52471e-21
8.85091e-21
4.23153e-21
2.69415e-20
1.21797e-20
7.9869e-21
9.85738e-21
2.55844e-21
5.14614e-20
1.29054e-20
8.47775e-21
1.0373e-20
1.57446e-21
8.87154e-20
1.3663e-20
8.99908e-21
1.05709e-20
9.90743e-22
1.43434e-19
1.44517e-20
9.5528e-21
1.05644e-20
6.4008e-22
2.2161e-19
1.52699e-20
1.0141e-20
1.04279e-20
4.25842e-22
3.30705e-19
1.61157e-20
1.07657e-20
1.021e-20
2.9211e-22
4.79883e-19
1.69874e-20
1.14295e-20
9.94254e-21
2.06417e-22
6.80241e-19
1.78836e-20
1.21346e-20
9.64634e-21
1.49824e-22
9.45066e-19
1.88049e-20
1.28837e-20
9.33499e-21
1.11209e-22
1.29012e-18
1.9756e-20
1.36796e-20
9.0173e-21
8.39841e-23
1.73398e-18
2.07501e-20
1.45253e-20
8.699e-21
6.41974e-23
2.29844e-18
2.1817e-20
1.5424e-20
8.38374e-21
4.94391e-23
3.00914e-18
2.3018e-20
1.63789e-20
8.07386e-21
3.82053e-23
3.89645e-18
2.44727e-20
1.73938e-20
7.77082e-21
2.95299e-23
4.99697e-18
2.64099e-20
1.84723e-20
7.47548e-21
2.27692e-23
6.356e-18
2.9261e-20
1.96185e-20
7.18836e-21
1.74775e-23
8.03181e-18
3.38374e-20
2.08367e-20
6.90969e-21
1.33327e-23
1.01032e-17
4.16696e-20
2.21324e-20
6.63958e-21
1.00936e-23
1.26829e-17
5.56758e-20
2.34361e-20
6.378e-21
7.57373e-24
1.59429e-17
8.15481e-20
2.39254e-20
2.41462e-20
6.96416e-21
2.96924e-21
9.48599e-21
6.23232e-24
1.65863e-17
1.53925e-17
8.39361e-20
9.40366e-20
2.43813e-20
2.48767e-20
7.2532e-21
1.38742e-21
1.16189e-20
5.10166e-24
1.71621e-17
1.46105e-17
8.63937e-20
9.591e-20
2.47991e-20
2.56282e-20
7.18941e-21
6.50464e-22
1.3024e-20
4.15266e-24
1.7665e-17
1.3631e-17
8.89228e-20
9.46391e-20
2.51742e-20
2.64014e-20
6.78501e-21
3.06263e-22
1.39016e-20
3.35979e-24
1.80898e-17
1.25036e-17
9.15255e-20
9.24686e-20
2.55021e-20
2.71967e-20
6.11669e-21
1.45087e-22
1.4405e-20
2.70057e-24
1.84316e-17
1.12863e-17
9.42038e-20
9.00725e-20
2.57787e-20
2.80148e-20
5.29641e-21
6.9354e-23
1.46461e-20
2.1553e-24
1.86855e-17
1.00372e-17
9.69598e-20
8.76522e-20
2.60003e-20
2.88563e-20
4.4347e-21
3.35877e-23
1.47041e-20
1.70675e-24
1.88474e-17
8.8078e-18
9.97959e-20
8.52675e-20
2.61635e-20
2.97218e-20
3.61534e-21
1.65662e-23
1.46333e-20
1.33992e-24
1.8913e-17
7.63878e-18
1.02714e-19
8.29354e-20
2.62656e-20
3.0612e-20
2.8877e-21
8.37208e-24
1.44703e-20
1.04179e-24
1.88788e-17
6.55834e-18
1.05717e-19
8.06601e-20
2.63048e-20
3.15276e-20
2.2717e-21
4.3612e-24
1.42394e-20
8.01095e-25
1.87414e-17
5.5828e-18
1.08807e-19
7.84419e-20
2.628e-20
3.24692e-20
1.76745e-21
2.35195e-24
1.39565e-20
6.08177e-25
1.84979e-17
4.71862e-18
1.11986e-19
7.62802e-20
2.61917e-20
3.34375e-20
1.36427e-21
1.3145e-24
1.36321e-20
4.5476e-25
1.81458e-17
3.96485e-18
1.15256e-19
7.41736e-20
2.6043e-20
3.44332e-20
1.04718e-21
7.58963e-25
1.32732e-20
3.33803e-25
1.76834e-17
3.31556e-18
1.18622e-19
7.21212e-20
2.58433e-20
3.54571e-20
8.00635e-22
4.4942e-25
1.28843e-20
2.39351e-25
1.7109e-17
2.76184e-18
1.22084e-19
7.01217e-20
2.56178e-20
3.65099e-20
6.10464e-22
2.70166e-25
1.24688e-20
1.66393e-25
1.64218e-17
2.29339e-18
1.25646e-19
6.81738e-20
2.54359e-20
3.75923e-20
4.64608e-22
1.6293e-25
1.20293e-20
1.10736e-25
1.56215e-17
1.89964e-18
1.29311e-19
6.62765e-20
2.5492e-20
3.87052e-20
3.53238e-22
9.7289e-26
1.15679e-20
6.88964e-26
1.47082e-17
1.57048e-18
1.3308e-19
6.44285e-20
2.63367e-20
3.98497e-20
2.68626e-22
5.66479e-26
1.10867e-20
3.7995e-26
1.36829e-17
1.2976e-18
1.36957e-19
6.26287e-20
2.95469e-20
4.1027e-20
2.05025e-22
3.15031e-26
1.0588e-20
1.56705e-26
1.25468e-17
1.08159e-18
1.4089e-19
6.0876e-20
3.96805e-20
4.22403e-20
1.58879e-22
1.61496e-26
1.0074e-20
0
1.13022e-17
9.8883e-19
1.42859e-19
5.91693e-20
2.51984e-20
4.89391e-20
4.2965e-20
1.4196e-22
1.8691e-26
1.31821e-26
9.26242e-21
1.12215e-17
8.28114e-18
5.81933e-20
1.58879e-20
6.11644e-20
4.37014e-20
1.28515e-22
2.16354e-26
1.05908e-26
8.43213e-21
1.11396e-17
6.06859e-18
5.72305e-20
9.97492e-21
7.74207e-20
4.44498e-20
1.18983e-22
2.50459e-26
8.38537e-27
7.5942e-21
1.10565e-17
4.44899e-18
5.62818e-20
6.24903e-21
9.91635e-20
4.52103e-20
1.14273e-22
2.89963e-26
6.54844e-27
6.76057e-21
1.09722e-17
3.26377e-18
5.53474e-20
3.9129e-21
1.28383e-19
4.59831e-20
1.16014e-22
3.35734e-26
5.04668e-27
5.94354e-21
1.0887e-17
2.39655e-18
5.44273e-20
2.45293e-21
1.67805e-19
4.67683e-20
1.26977e-22
3.88843e-26
3.83909e-27
5.15526e-21
1.08007e-17
1.76195e-18
5.35215e-20
1.54277e-21
2.21154e-19
4.75662e-20
1.51741e-22
4.50701e-26
2.88265e-27
4.40705e-21
1.07136e-17
1.29751e-18
5.26297e-20
9.76728e-22
2.9353e-19
4.83769e-20
1.97773e-22
5.23457e-26
2.13579e-27
3.70886e-21
1.06256e-17
9.57483e-19
5.1752e-20
6.25817e-22
3.91913e-19
4.92007e-20
2.77164e-22
6.11027e-26
1.56047e-27
3.06872e-21
1.05368e-17
7.08416e-19
5.0888e-20
4.09398e-22
5.25853e-19
5.00377e-20
7.21939e-26
1.12318e-27
2.49242e-21
1.04473e-17
8.77147e-26
7.95222e-28
1.98333e-21
1.03572e-17
1.13166e-25
5.52635e-28
1.54236e-21
1.02665e-17
1.63436e-25
3.75773e-28
1.16816e-21
1.01752e-17
2.79358e-25
2.48825e-28
8.57421e-22
1.00835e-17
5.73568e-25
1.5926e-28
6.05268e-22
9.99137e-18
1.35748e-24
9.72986e-29
4.05734e-22
9.89888e-18
3.49294e-24
5.54136e-29
2.52195e-22
9.80609e-18
9.36595e-24
2.78957e-29
1.37806e-22
9.71311e-18
2.55835e-23
1.04735e-29
5.58445e-23
9.62171e-18
7.04416e-23
0
0
9.57681e-18
7.181e-23
4.01353e-22
7.32056e-23
6.40594e-22
7.4629e-23
7.97871e-22
7.60807e-23
8.9066e-22
7.75613e-23
9.38551e-22
7.90715e-23
9.58007e-22
8.06118e-23
9.5987e-22
8.21829e-23
9.49441e-22
8.37855e-23
9.27895e-22
8.54203e-23
8.94011e-22
8.70879e-23
8.45769e-22
8.87891e-23
7.81638e-22
9.05245e-23
7.0149e-22
9.22949e-23
6.07061e-22
9.41011e-23
5.01942e-22
9.59439e-23
3.91131e-22
9.78241e-23
2.80327e-22
9.97424e-23
1.75155e-22
1.017e-22
8.04889e-23
1.03687e-22
0
1.06524e-22
1.09442e-22
1.12443e-22
1.1553e-22
1.18706e-22
1.21974e-22
1.25336e-22
1.28795e-22
1.32355e-22
1.36019e-22
1.3979e-22
1.43673e-22
1.47669e-22
1.51784e-22
1.56022e-22
1.60382e-22
1.64896e-22
1.69434e-22
1.74627e-22
1.77589e-22
END_LIST
