BEGIN_LIST
0
1.13805e-43
3.92349e-43
1.06588e-42
2.68611e-42
6.57512e-42
1.59008e-41
3.82553e-41
9.18345e-41
2.20247e-40
5.28022e-40
1.26573e-39
3.034e-39
7.27281e-39
1.74344e-38
4.17965e-38
1.00206e-37
2.40257e-37
5.76086e-37
1.38141e-36
3.31274e-36
1.44245e-35
3.43691e-36
3.33939e-35
3.56567e-36
6.41316e-35
3.6992e-36
1.12139e-34
3.83764e-36
1.85112e-34
3.98119e-36
2.93813e-34
4.13002e-36
4.53402e-34
4.2843e-36
6.85518e-34
4.44424e-36
1.0217e-33
4.61001e-36
1.50908e-33
4.78182e-36
2.22023e-33
4.95988e-36
3.27005e-33
5.14439e-36
4.84566e-33
5.33558e-36
7.25888e-33
5.53401e-36
1.10396e-32
5.75414e-36
1.71028e-32
6.60582e-36
2.70461e-32
3.41674e-35
4.36844e-32
1.20403e-33
7.19972e-32
5.12457e-32
1.20773e-31
2.19269e-30
1.2823e-31
1.56097e-31
7.06159e-32
5.16502e-30
2.31657e-30
1.36147e-31
1.76484e-31
4.13716e-32
9.94316e-30
2.44549e-30
1.44552e-31
1.87119e-31
2.43152e-32
1.73284e-29
2.57922e-30
1.53475e-31
1.91416e-31
1.43458e-32
2.84051e-29
2.71738e-30
1.62947e-31
1.91623e-31
8.50016e-33
4.46218e-29
2.85948e-30
1.73002e-31
1.89218e-31
5.05971e-33
6.78927e-29
3.00482e-30
1.83676e-31
1.85174e-31
3.02659e-33
1.00723e-28
3.15254e-30
1.95008e-31
1.80131e-31
1.81995e-33
1.46366e-28
3.30153e-30
2.07036e-31
1.74509e-31
1.10056e-33
2.09018e-28
3.45036e-30
2.19806e-31
1.68581e-31
6.69616e-34
2.94065e-28
3.59724e-30
2.3336e-31
1.62528e-31
4.10133e-34
4.08406e-28
3.73983e-30
2.47749e-31
1.56466e-31
2.53024e-34
5.60865e-28
3.87497e-30
2.63023e-31
1.50469e-31
1.57322e-34
7.6275e-28
3.99811e-30
2.79236e-31
1.44585e-31
9.86363e-35
1.02862e-27
4.10233e-30
2.96447e-31
1.38843e-31
6.23848e-35
1.37738e-27
4.17633e-30
3.14715e-31
1.33261e-31
3.98106e-35
1.83379e-27
4.20066e-30
3.34107e-31
1.27849e-31
2.5631e-35
2.43087e-27
4.14054e-30
3.54691e-31
1.22612e-31
1.66418e-35
3.21338e-27
3.9322e-30
3.76555e-31
1.1755e-31
1.08882e-35
4.24361e-27
3.45663e-30
3.98454e-31
1.12662e-31
7.17002e-36
5.61101e-27
2.48875e-30
4.066e-31
4.1035e-31
1.24086e-31
5.25442e-32
1.66672e-31
5.46163e-36
5.88424e-27
5.43951e-27
2.54946e-30
1.88363e-30
4.14163e-31
4.22574e-31
1.30256e-31
2.4565e-32
2.0351e-31
4.1653e-36
6.13266e-27
5.18415e-27
2.61172e-30
1.67484e-30
4.21065e-31
4.35133e-31
1.3004e-31
1.1498e-32
2.27502e-31
3.17835e-36
6.35393e-27
4.85609e-27
2.67558e-30
1.58365e-30
4.27227e-31
4.48038e-31
1.23538e-31
5.38589e-33
2.42166e-31
2.42477e-36
6.54579e-27
4.47228e-27
2.74107e-30
1.52784e-30
4.32577e-31
4.61295e-31
1.12055e-31
2.52432e-33
2.50204e-31
1.84797e-36
6.70605e-27
4.05292e-27
2.80824e-30
1.48318e-30
4.37045e-31
4.74915e-31
9.75905e-32
1.1837e-33
2.53599e-31
1.40566e-36
6.83266e-27
3.6186e-27
2.87713e-30
1.44251e-30
4.40574e-31
4.88906e-31
8.21646e-32
5.55296e-34
2.53759e-31
1.06608e-36
6.92367e-27
3.18788e-27
2.9478e-30
1.40372e-30
4.43116e-31
5.03277e-31
6.73408e-32
2.60595e-34
2.51654e-31
8.05216e-37
6.97728e-27
2.77563e-27
3.02028e-30
1.36615e-30
4.44654e-31
5.18039e-31
5.40665e-32
1.2233e-34
2.47946e-31
6.04873e-37
6.99183e-27
2.39241e-27
3.09463e-30
1.3296e-30
4.45223e-31
5.33202e-31
4.27492e-32
5.7434e-35
2.43077e-31
4.51163e-37
6.96583e-27
2.04456e-27
3.1709e-30
1.29399e-30
4.44991e-31
5.48775e-31
3.34264e-32
2.69639e-35
2.37342e-31
3.33461e-37
6.89798e-27
1.73491e-27
3.24914e-30
1.25929e-30
4.44476e-31
5.64768e-31
2.5929e-32
1.26529e-35
2.30937e-31
2.43589e-37
6.78718e-27
1.46356e-27
3.3294e-30
1.22546e-30
4.4514e-31
5.81193e-31
2e-32
5.92978e-36
2.23994e-31
1.7524e-37
6.63252e-27
1.22878e-27
3.41174e-30
1.1925e-30
4.51056e-31
5.9806e-31
1.53659e-32
2.77093e-36
2.16603e-31
1.23529e-37
6.43334e-27
1.02768e-27
3.49621e-30
1.16036e-30
4.73561e-31
6.1538e-31
1.17741e-32
1.2869e-36
2.08829e-31
8.46671e-38
6.18919e-27
8.56839e-28
3.58287e-30
1.12905e-30
5.44315e-31
6.33165e-31
9.00841e-33
5.90105e-37
2.00721e-31
5.57071e-38
5.89987e-27
7.12634e-28
3.67178e-30
1.09852e-30
7.52021e-31
6.51428e-31
6.89502e-33
2.63407e-37
1.92323e-31
3.43566e-38
5.56546e-27
5.9159e-28
3.763e-30
1.06878e-30
1.34601e-30
6.70184e-31
5.30736e-33
1.10729e-37
1.83671e-31
1.88298e-38
5.18626e-27
4.90835e-28
3.85655e-30
1.03978e-30
3.03e-30
6.89455e-31
4.18358e-33
3.98672e-38
1.74805e-31
7.73741e-39
4.76288e-27
4.10789e-28
3.95124e-30
1.01153e-30
7.80414e-30
7.09287e-31
3.58595e-33
7.44645e-39
1.65763e-31
0
4.29618e-27
3.7635e-28
3.99856e-30
9.83999e-31
4.90575e-30
1.10356e-29
7.21123e-31
3.54243e-33
7.733e-39
4.35553e-39
1.51656e-31
4.27267e-27
3.15678e-27
9.6824e-31
3.06139e-30
1.54384e-29
7.33142e-31
3.74286e-33
8.03546e-39
2.55158e-39
1.37416e-31
4.24862e-27
2.31877e-27
9.5269e-31
1.90167e-30
2.14357e-29
7.45348e-31
4.30661e-33
8.36048e-39
1.4976e-39
1.23216e-31
4.22405e-27
1.70279e-27
9.37358e-31
1.17798e-30
2.96042e-29
7.57742e-31
5.43097e-33
8.72513e-39
8.8094e-40
1.09238e-31
4.19898e-27
1.2502e-27
9.2225e-31
7.28517e-31
4.0729e-29
7.70329e-31
7.43928e-33
9.17515e-39
5.19535e-40
9.56659e-32
4.17345e-27
9.17751e-28
9.07366e-31
4.50182e-31
5.58795e-29
7.83109e-31
1.08587e-32
9.83553e-39
3.07278e-40
8.26803e-32
4.14747e-27
6.73591e-28
8.92705e-31
2.78136e-31
7.65123e-29
7.96087e-31
1.65467e-32
1.10506e-38
1.82302e-40
7.04455e-32
4.12107e-27
4.94297e-28
8.78263e-31
1.71917e-31
1.04611e-28
8.09266e-31
2.58958e-32
1.37721e-38
1.08497e-40
5.91034e-32
4.09427e-27
3.62643e-28
8.6404e-31
1.06398e-31
1.42879e-28
8.22647e-31
4.11655e-32
2.06332e-38
6.47637e-41
4.87648e-32
4.0671e-27
2.65975e-28
8.50031e-31
6.60199e-32
1.94996e-28
8.36235e-31
3.8925e-38
3.87511e-41
3.95055e-32
4.03958e-27
8.88374e-38
2.32162e-41
3.13636e-32
4.01172e-27
2.26287e-37
1.39006e-41
2.434e-32
3.98356e-27
6.06141e-37
8.29279e-42
1.84012e-32
3.9551e-27
1.65732e-36
4.90607e-42
1.34851e-32
3.92638e-27
4.56778e-36
2.85654e-42
9.50666e-33
3.89741e-27
1.26278e-35
1.61608e-42
6.36573e-33
3.86822e-27
3.49501e-35
8.67354e-43
3.95344e-33
3.83881e-27
9.67738e-35
4.18618e-43
2.15895e-33
3.80924e-27
2.68003e-34
1.53265e-43
8.74579e-34
3.78007e-27
7.42246e-34
0
0
3.76573e-27
7.56485e-34
4.24261e-33
7.70998e-34
6.77489e-33
7.85789e-34
8.44182e-33
8.00864e-34
9.42791e-33
8.16228e-34
9.9399e-33
8.31887e-34
1.01515e-32
8.47846e-34
1.01769e-32
8.64112e-34
1.00719e-32
8.80689e-34
9.84848e-33
8.97585e-34
9.4934e-33
9.14805e-34
8.98498e-33
9.32355e-34
8.30681e-33
9.50242e-34
7.45744e-33
9.68473e-34
6.45534e-33
9.87053e-34
5.33873e-33
1.00599e-33
4.16087e-33
1.02529e-33
2.98254e-33
1.04496e-33
1.86374e-33
1.06501e-33
8.56493e-34
1.08535e-33
0
1.11433e-33
1.14408e-33
1.17463e-33
1.206e-33
1.2382e-33
1.27126e-33
1.30521e-33
1.34006e-33
1.37585e-33
1.41258e-33
1.45031e-33
1.48903e-33
1.5288e-33
1.56962e-33
1.61154e-33
1.65454e-33
1.69891e-33
1.74339e-33
1.79407e-33
1.82291e-33
END_LIST
