BEGIN_LIST
0.1
0.0998113
0.0996229
0.0994348
0.0992471
0.0990596
0.0988725
0.0986857
0.0984992
0.0983129
0.098127
0.0979411
0.0977551
0.0975684
0.0973791
0.0971832
0.0969698
0.0967121
0.0963418
0.0956872
0.0943144
0.0896582
0.0933953
0.0848359
0.0924633
0.0798937
0.0915187
0.0748818
0.0905619
0.0698519
0.0895932
0.0648552
0.0886128
0.0599408
0.0876213
0.0551536
0.0866191
0.0505332
0.0856064
0.0461129
0.0845839
0.0419195
0.0835519
0.0379731
0.0825109
0.0342887
0.0814614
0.0308779
0.080404
0.0277527
0.0793391
0.0249335
0.0782673
0.0224656
0.0771891
0.0204524
0.0761015
0.0191287
0.0748698
0.0190177
0.068443
0.0190173
0.020732
0.0162768
0.0643558
0.0650729
0.0190169
0.0220083
0.0155252
0.0604527
0.0616006
0.0190166
0.0230166
0.0158453
0.0567326
0.0580576
0.0190162
0.0238627
0.0167709
0.0531938
0.0544773
0.0190158
0.0246123
0.0180676
0.0498332
0.050894
0.0190154
0.0253063
0.0196186
0.0466474
0.0473412
0.019015
0.0259702
0.021367
0.043632
0.0438508
0.0190146
0.0266199
0.0232856
0.040782
0.0404518
0.0190143
0.0272653
0.0253622
0.0380922
0.0371696
0.0190139
0.0279126
0.0275913
0.0355566
0.0340257
0.0190135
0.0285658
0.02997
0.0331687
0.0310367
0.0190131
0.0292273
0.0324962
0.0309215
0.0282144
0.0190127
0.0298988
0.0351668
0.0288067
0.0255657
0.0190124
0.0305812
0.0379775
0.0268135
0.0230918
0.019012
0.0312752
0.0409219
0.0249264
0.0207871
0.0190116
0.0319812
0.0439917
0.0231204
0.018635
0.0190112
0.0326997
0.0471761
0.0213499
0.0166003
0.0190107
0.0334307
0.050462
0.0195271
0.0146105
0.0190178
0.0341745
0.0538343
0.0174764
0.0125141
0.0183389
0.0349312
0.0572756
0.014839
0.00998991
0.0170576
0.0180583
0.0264521
0.0475459
0.0248564
0.0596186
0.0144417
0.012175
0.00998978
0.00879266
0.0158409
0.0177817
0.0195358
0.054335
0.0179825
0.0619744
0.0140411
0.00990218
0.00998966
0.00854283
0.0146893
0.0175091
0.0141471
0.0586568
0.0133478
0.0643377
0.0136369
0.00799464
0.00998953
0.00856757
0.0136023
0.0172404
0.0100934
0.0619338
0.0102711
0.0667026
0.0132285
0.00641542
0.00998941
0.00867296
0.0125793
0.0169756
0.0071228
0.0647683
0.00827629
0.069063
0.0128154
0.0051226
0.00998928
0.00880313
0.0116189
0.0167146
0.00498686
0.067414
0.00703389
0.0714127
0.0123973
0.00407382
0.00998916
0.00894199
0.0107196
0.0164573
0.00347185
0.0699751
0.00631758
0.0737451
0.0119736
0.00322926
0.00998903
0.00908493
0.00987918
0.0162038
0.00240754
0.0724922
0.00597294
0.076054
0.0115438
0.00255313
0.00998891
0.00923065
0.00909557
0.015954
0.00166489
0.0749785
0.00589531
0.0783331
0.0111073
0.00201439
0.00998879
0.00937879
0.00836633
0.0157077
0.00114911
0.0774356
0.00601429
0.0805765
0.0106635
0.00158671
0.00998866
0.00952928
0.0076889
0.0154651
0.000792064
0.0798604
0.00628307
0.0827783
0.0102118
0.00124821
0.00998854
0.0096821
0.0070606
0.015226
0.000545454
0.0822478
0.00667101
0.0849334
0.00975159
0.000980917
0.00998841
0.0098373
0.00647862
0.0149904
0.000375388
0.0845922
0.00715859
0.0870367
0.00928221
0.000770235
0.00998829
0.00999489
0.00593988
0.0147583
0.000258234
0.086888
0.00773401
0.0890838
0.00880294
0.000604419
0.00998816
0.0101549
0.00544055
0.0145295
0.00017759
0.0891299
0.00839074
0.0910706
0.00831304
0.000474061
0.00998804
0.0103174
0.00497455
0.0143041
0.000122108
0.091313
0.00912599
0.0929939
0.00781176
0.000371675
0.00998791
0.0104824
0.00452909
0.014082
8.39579e-05
0.093433
0.00993956
0.0948506
0.00729828
0.00029134
0.00998779
0.0106499
0.00407145
0.0138633
5.77527e-05
0.095486
0.0108331
0.0966383
0.00677175
0.000228548
0.00998767
0.01082
0.00350995
0.0136478
3.9821e-05
0.097469
0.0118096
0.0983552
0.00623129
0.000181303
0.00998754
0.0109928
0.00257824
0.0134358
2.77545e-05
0.0993792
0.0128729
0.1
0.00567596
0.000161541
0.00998748
0.0111681
0.00154743
0.00250334
0.0133127
2.33481e-05
0.0993792
0.0996559
0.0146597
0.00549916
0.00443071
0.0112724
0.000928231
0.00243127
0.0131906
1.97038e-05
0.0993792
0.0998094
0.0166817
0.00532766
0.00357571
0.0113775
0.000556859
0.00236225
0.0130697
1.67324e-05
0.0993792
0.0998944
0.0189569
0.00516131
0.00299368
0.0114835
0.000334373
0.00229657
0.0129498
1.43819e-05
0.0993792
0.0999416
0.0215045
0.00499998
0.00260267
0.0115905
0.000201229
0.00223471
0.012831
1.26467e-05
0.0993792
0.0999678
0.0243434
0.00484352
0.0023455
0.0116983
0.000121667
0.00217737
0.0127131
1.15855e-05
0.0993793
0.0999823
0.0274912
0.0046918
0.0021822
0.0118071
7.42459e-05
0.00212561
0.0125964
1.13533e-05
0.0993793
0.0999903
0.0309627
0.00454468
0.00208493
0.0119169
4.61185e-05
0.00208092
0.0124806
1.22571e-05
0.0993793
0.0999947
0.0347688
0.00440204
0.00203425
0.0120277
2.95972e-05
0.0020455
0.0123659
1.48495e-05
0.0993792
0.0999972
0.0389148
0.00426374
0.0020166
0.0121394
2.00874e-05
0.00202254
0.0122521
0.0993792
0.0999985
0.0433991
0.00412966
0.0993789
0.0999993
0.0482119
0.00399968
0.0993781
0.0999997
0.0533341
0.00387368
0.0993757
0.0999999
0.0587364
0.00375155
0.0993687
0.1
0.0643791
0.00363317
0.0993487
0.1
0.0702127
0.00351844
0.0992912
0.1
0.0761786
0.00340725
0.0991254
0.1
0.082211
0.00329949
0.0986481
0.1
0.0882397
0.00319512
0.0972739
0.1
0.0941929
0.00309566
0.0933174
0.1
0.1
0.00304754
0.0933174
0.0645016
0.0933174
0.0441044
0.0933174
0.0303422
0.0933174
0.0215292
0.0933174
0.016269
0.0933174
0.0135267
0.0933174
0.0126019
0.0933174
0.0130599
0.0933174
0.0146603
0.0933174
0.0172973
0.0933174
0.020954
0.0933174
0.0256656
0.0933174
0.0314889
0.0933174
0.0384721
0.0933174
0.0466255
0.0933174
0.0558941
0.0933174
0.0661375
0.0933174
0.0771216
0.0933174
0.0885312
0.0933174
0.1
0.0933173
0.0933173
0.0933173
0.0933173
0.0933173
0.0933173
0.0933173
0.0933173
0.0933173
0.0933173
0.0933173
0.0933173
0.0933173
0.0933173
0.0933173
0.0933173
0.0933173
0.0933173
0.0933173
0.0933173
END_LIST
