BEGIN_LIST
0.1
0.0997931
0.0995867
0.0993807
0.0991751
0.0989699
0.0987651
0.0985607
0.0983567
0.0981531
0.0979497
0.0977462
0.0975419
0.0973349
0.0971205
0.0968869
0.0966039
0.0961959
0.0954715
0.0939474
0.0904036
0.0795885
0.0876518
0.0700188
0.0849788
0.0615623
0.0823826
0.0540983
0.0798615
0.0475169
0.0774133
0.0417192
0.0750364
0.0366156
0.0727289
0.0321263
0.0704889
0.0281796
0.0683147
0.024712
0.0662045
0.0216667
0.0641568
0.0189938
0.0621697
0.0166493
0.0602417
0.0145953
0.0583712
0.0128
0.0565565
0.0112399
0.0547962
0.00990386
0.0530888
0.0088034
0.05143
0.00799692
0.0497025
0.00764331
0.0427622
0.00764312
0.00859374
0.00579893
0.0395904
0.0377739
0.00764294
0.00928446
0.00510408
0.0366519
0.0333515
0.00764275
0.00981753
0.0050035
0.0339299
0.0294343
0.00764257
0.0102561
0.00522434
0.0314086
0.0259674
0.00764238
0.0106392
0.00563415
0.0290734
0.0229014
0.00764219
0.010991
0.00617043
0.0269108
0.0201915
0.007642
0.0113266
0.00680573
0.0249081
0.0177976
0.00764182
0.0116553
0.00753034
0.0230536
0.0156841
0.00764163
0.011983
0.00834378
0.0213363
0.0138188
0.00764144
0.0123134
0.00925057
0.0197462
0.0121732
0.00764125
0.0126489
0.0102583
0.0182734
0.0107219
0.00764106
0.0129909
0.0113764
0.0169089
0.0094424
0.00764087
0.0133407
0.0126162
0.0156433
0.0083146
0.00764068
0.0136989
0.0139903
0.0144668
0.00732081
0.00764049
0.0140661
0.0155127
0.0133672
0.00644534
0.0076403
0.0144427
0.0171991
0.0123273
0.00567441
0.00764011
0.0148291
0.0190666
0.0113186
0.00499601
0.00763988
0.0152256
0.0211342
0.010288
0.00439997
0.00764341
0.0156326
0.0234226
0.00913083
0.0038782
0.00730538
0.0160503
0.0259547
0.0076336
0.00342564
0.0066535
0.00718637
0.0110677
0.0225994
0.0112804
0.0278123
0.00742211
0.00598605
0.0034256
0.00326088
0.00605941
0.0070693
0.00762382
0.026438
0.00808214
0.0297949
0.00720878
0.00469242
0.00342555
0.00325115
0.00551805
0.00695413
0.00524777
0.0292663
0.00595439
0.0319125
0.00699339
0.00367733
0.0034255
0.00328669
0.0050248
0.00684084
0.00361045
0.031778
0.0045572
0.0341749
0.00677569
0.0028812
0.00342545
0.0033359
0.00457541
0.00672938
0.00248313
0.03426
0.00366019
0.0365925
0.00655542
0.00225705
0.0034254
0.00338969
0.00416604
0.00661974
0.0017074
0.036835
0.00310746
0.0391759
0.0063323
0.00176787
0.00342535
0.00344546
0.00379314
0.00651188
0.00117382
0.0395599
0.00279371
0.0419361
0.00610607
0.00138456
0.0034253
0.00350247
0.0034535
0.00640577
0.000806896
0.0424652
0.00264804
0.0448845
0.00587642
0.00108428
0.00342525
0.00356051
0.00314417
0.00630139
0.000554628
0.0455714
0.00262292
0.0480334
0.00564305
0.000849063
0.0034252
0.00361954
0.00286245
0.0061987
0.000381209
0.0488952
0.00268679
0.0513954
0.00540562
0.000664841
0.00342515
0.00367955
0.0026059
0.00609769
0.000262005
0.0524522
0.00281891
0.0549839
0.00516382
0.000520569
0.0034251
0.00374056
0.00237226
0.00599832
0.000180071
0.0562581
0.00300599
0.0588129
0.00491728
0.000407592
0.00342505
0.00380258
0.00215945
0.00590056
0.000123758
0.0603292
0.00323989
0.062897
0.00466564
0.000319126
0.00342501
0.00386562
0.0019655
0.0058044
8.50543e-05
0.0646824
0.00351597
0.0672516
0.0044085
0.000249856
0.00342496
0.00392971
0.00178834
0.0057098
5.84547e-05
0.0693354
0.00383214
0.0718927
0.00414546
0.00019562
0.00342491
0.00399486
0.00162537
0.00561674
4.01746e-05
0.0743066
0.00418808
0.076837
0.0038761
0.000153156
0.00342486
0.00406109
0.00147197
0.00552519
2.76143e-05
0.0796154
0.0045848
0.0821017
0.00359996
0.000119919
0.00342481
0.00412841
0.00131734
0.00543515
1.89911e-05
0.0852818
0.00502431
0.0877046
0.00331659
9.39916e-05
0.00342476
0.00419685
0.00113188
0.0053466
1.30924e-05
0.0913265
0.00550947
0.0936644
0.00302549
7.45095e-05
0.00342471
0.00426643
0.000829736
0.0052596
9.12361e-06
0.097771
0.00604381
0.1
0.00272614
6.63656e-05
0.00342468
0.00433715
0.000496954
0.00080572
0.00520915
7.67416e-06
0.097771
0.0987641
0.00695589
0.00263809
0.002052
0.00437926
0.000297728
0.000782762
0.00515919
6.47503e-06
0.097771
0.0993148
0.00801147
0.00255287
0.00158638
0.00442173
0.000178481
0.000760978
0.0051097
5.4966e-06
0.0977709
0.0996202
0.00923013
0.0024704
0.00126638
0.00446459
0.000107128
0.000740543
0.00506068
4.72139e-06
0.0977709
0.0997895
0.0106353
0.00239059
0.00104809
0.00450785
6.4461e-05
0.00072172
0.00501214
4.14685e-06
0.0977709
0.0998834
0.0122543
0.00231335
0.000900898
0.00455153
3.89776e-05
0.000704895
0.00496406
3.79114e-06
0.0977709
0.0999355
0.014119
0.00223861
0.000803461
0.00459562
2.37946e-05
0.000690632
0.00491644
3.70341e-06
0.0977708
0.0999643
0.0162658
0.00216628
0.00074089
0.00464014
1.47929e-05
0.000679747
0.00486927
3.98147e-06
0.0977708
0.0999803
0.0187366
0.00209629
0.000702804
0.00468509
9.50881e-06
0.000673418
0.00482256
4.80195e-06
0.0977707
0.0999892
0.0215795
0.00202855
0.000681969
0.00473047
6.47089e-06
0.000673344
0.0047763
0.0977706
0.0999941
0.0248494
0.001963
0.0977702
0.0999968
0.0286089
0.00189957
0.0977691
0.0999983
0.0329292
0.00183818
0.097766
0.0999991
0.0378916
0.00177878
0.0977571
0.0999996
0.043588
0.00172129
0.0977317
0.0999998
0.0501225
0.00166566
0.0976585
0.0999999
0.0576122
0.00161183
0.0974477
0.1
0.0661891
0.00155973
0.0968411
0.1
0.0760006
0.00150935
0.0950946
0.1
0.0872105
0.00146139
0.0900663
0.1
0.1
0.0014382
0.0900663
0.0563338
0.0900663
0.0354455
0.0900662
0.0226404
0.0900662
0.0149165
0.0900662
0.0104057
0.0900662
0.00796179
0.0900661
0.0068955
0.0900661
0.00680863
0.0900661
0.00749171
0.090066
0.00886255
0.090066
0.010931
0.090066
0.0137807
0.090066
0.0175624
0.0900659
0.0224952
0.0900659
0.0288739
0.0900659
0.037082
0.0900658
0.0476085
0.0900658
0.0610675
0.0900658
0.078221
0.0900657
0.1
0.0900657
0.0900656
0.0900656
0.0900655
0.0900655
0.0900654
0.0900654
0.0900653
0.0900653
0.0900652
0.0900652
0.0900651
0.0900651
0.090065
0.090065
0.0900649
0.0900649
0.0900648
0.0900648
0.0900647
END_LIST
