BEGIN_LIST
0
8.20491e-57
2.83947e-56
7.75903e-56
1.96971e-55
4.86172e-55
1.18624e-54
2.88045e-54
6.9802e-54
1.69008e-53
4.09074e-53
9.90037e-53
2.39601e-52
5.79877e-52
1.40345e-51
3.3969e-51
8.22213e-51
1.99025e-50
4.81786e-50
1.16632e-49
2.82361e-49
1.24845e-48
2.90948e-49
2.94281e-48
2.99789e-49
5.79933e-48
3.08891e-49
1.04937e-47
3.18262e-49
1.80804e-47
3.27907e-49
3.02134e-47
3.37835e-49
4.95042e-47
3.48053e-49
8.01105e-47
3.58568e-49
1.28717e-46
3.69389e-49
2.06179e-46
3.80522e-49
3.30319e-46
3.91977e-49
5.30714e-46
4.03762e-49
8.56974e-46
4.15929e-49
1.39317e-45
4.30365e-49
2.28323e-45
5.27431e-49
3.77579e-45
4.14563e-48
6.30402e-45
1.58443e-46
1.06276e-44
6.76122e-45
1.8084e-44
2.89369e-43
3.10219e-44
1.2388e-41
3.29491e-44
4.02326e-44
1.81408e-44
2.92307e-41
1.3069e-41
3.4996e-44
4.55491e-44
1.06262e-44
5.64543e-41
1.37762e-41
3.717e-44
4.8322e-44
6.24149e-45
9.8836e-41
1.45082e-41
3.9479e-44
4.94412e-44
3.67788e-45
1.62967e-40
1.52627e-41
4.19314e-44
4.94928e-44
2.17464e-45
2.57845e-40
1.60367e-41
4.45362e-44
4.88629e-44
1.29022e-45
3.95651e-40
1.68262e-41
4.73026e-44
4.78055e-44
7.68056e-46
5.92747e-40
1.7626e-41
5.02408e-44
4.64879e-44
4.58689e-46
8.70983e-40
1.84296e-41
5.33615e-44
4.50196e-44
2.74772e-46
1.2594e-39
1.92281e-41
5.66759e-44
4.34725e-44
1.65075e-46
1.79645e-39
2.00104e-41
6.01962e-44
4.18935e-44
9.94404e-47
2.53298e-39
2.07612e-41
6.39349e-44
4.03131e-44
6.00537e-47
3.5361e-39
2.14586e-41
6.79058e-44
3.87507e-44
3.63526e-47
4.89452e-39
2.20697e-41
7.21232e-44
3.72187e-44
2.2053e-47
6.72571e-39
2.25419e-41
7.66025e-44
3.57248e-44
1.34048e-47
9.18582e-39
2.27857e-41
8.13598e-44
3.42735e-44
8.16268e-48
1.24836e-38
2.2644e-41
8.64124e-44
3.28673e-44
4.97856e-48
1.69003e-38
2.18311e-41
9.17785e-44
3.15073e-44
3.04078e-48
2.28189e-38
1.98182e-41
9.74816e-44
3.01938e-44
1.85943e-48
3.07688e-38
1.5611e-41
1.0321e-43
2.89265e-44
1.13807e-48
4.1499e-38
7.30943e-42
1.05355e-43
1.06327e-43
3.19127e-44
1.34992e-44
4.27481e-44
8.24379e-49
4.36527e-38
4.02878e-38
7.45034e-42
2.46813e-42
1.07351e-43
1.09531e-43
3.35522e-44
6.31504e-45
5.21656e-44
5.97105e-49
4.56205e-38
3.84506e-38
7.59401e-42
1.02574e-42
1.09177e-43
1.12825e-43
3.35466e-44
2.9578e-45
5.82872e-44
4.32365e-49
4.73839e-38
3.60676e-38
7.7405e-42
5.9059e-43
1.10814e-43
1.1621e-43
3.19147e-44
1.38644e-45
6.20154e-44
3.12908e-49
4.89247e-38
3.32629e-38
7.88986e-42
4.53991e-43
1.12247e-43
1.1969e-43
2.89882e-44
6.50267e-46
6.40435e-44
2.26261e-49
5.02257e-38
3.01851e-38
8.04215e-42
4.06014e-43
1.13468e-43
1.23266e-43
2.52805e-44
3.05139e-46
6.48804e-44
1.63398e-49
5.12704e-38
2.6987e-38
8.19743e-42
3.84475e-43
1.14485e-43
1.26942e-43
2.1313e-44
1.43251e-46
6.48875e-44
1.17789e-49
5.2043e-38
2.3807e-38
8.35576e-42
3.70954e-43
1.15358e-43
1.30719e-43
1.74912e-44
6.72751e-47
6.43148e-44
8.47006e-50
5.25292e-38
2.07563e-38
8.5172e-42
3.5999e-43
1.16272e-43
1.34601e-43
1.40624e-44
3.16034e-47
6.33322e-44
6.0702e-50
5.27157e-38
1.79147e-38
8.68182e-42
3.49962e-43
1.17766e-43
1.3859e-43
1.11343e-44
1.48483e-47
6.20537e-44
4.33046e-50
5.25904e-38
1.53306e-38
8.84967e-42
3.40383e-43
1.2134e-43
1.42688e-43
8.71861e-45
6.97552e-48
6.05554e-44
3.07032e-50
5.21429e-38
1.30264e-38
9.02082e-42
3.31108e-43
1.31164e-43
1.46899e-43
6.77349e-45
3.27526e-48
5.8888e-44
2.15862e-50
5.13641e-38
1.10039e-38
9.19534e-42
3.22087e-43
1.58795e-43
1.51226e-43
5.23412e-45
1.53574e-48
5.70855e-44
1.5001e-50
5.02468e-38
9.2513e-39
9.3733e-42
3.13302e-43
2.36359e-43
1.55671e-43
4.03227e-45
7.17919e-49
5.51714e-44
1.02554e-50
4.87855e-38
7.74793e-39
9.55476e-42
3.04744e-43
4.53351e-43
1.60238e-43
3.10816e-45
3.33503e-49
5.31624e-44
6.84599e-51
4.69763e-38
6.46883e-39
9.7398e-42
2.96407e-43
1.05971e-42
1.6493e-43
2.42093e-45
1.52934e-49
5.10715e-44
4.40672e-51
4.48177e-38
5.38764e-39
9.9285e-42
2.88284e-43
2.7553e-42
1.69749e-43
1.96862e-45
6.82511e-50
4.89095e-44
2.67132e-51
4.23101e-38
4.47881e-39
1.01209e-41
2.80371e-43
7.50546e-42
1.74701e-43
1.84279e-45
2.8674e-50
4.66863e-44
1.44599e-51
3.94556e-38
3.72129e-39
1.0317e-41
2.72662e-43
2.08506e-41
1.79791e-43
2.38768e-45
1.03085e-50
4.44114e-44
5.8974e-52
3.62591e-38
3.11872e-39
1.05144e-41
2.65152e-43
5.85178e-41
1.85033e-43
4.66428e-45
1.9101e-51
4.20949e-44
0
3.27273e-38
2.8593e-39
1.06127e-41
2.57837e-43
3.67868e-41
8.36576e-41
1.88161e-43
6.99129e-45
1.98048e-51
1.11167e-51
3.84863e-44
3.2568e-38
2.40858e-38
2.53652e-43
2.29568e-41
1.1791e-40
1.91339e-43
1.0831e-44
2.05396e-51
6.46975e-52
3.48506e-44
3.24044e-38
1.77199e-38
2.49522e-43
1.42598e-41
1.64549e-40
1.94568e-43
1.71158e-44
2.13153e-51
3.76515e-52
3.12309e-44
3.22367e-38
1.3033e-38
2.45452e-43
8.83214e-42
2.28026e-40
1.97847e-43
2.73583e-44
2.21584e-51
2.19103e-52
2.76729e-44
3.20651e-38
9.58357e-39
2.41442e-43
5.46081e-42
3.14391e-40
2.01177e-43
4.40126e-44
2.31404e-51
1.2749e-52
2.42226e-44
3.18898e-38
7.04565e-39
2.37493e-43
3.37279e-42
4.31871e-40
2.0456e-43
7.10586e-44
2.44574e-51
7.41715e-53
2.0925e-44
3.1711e-38
5.17867e-39
2.33603e-43
2.08185e-42
5.91651e-40
2.07997e-43
1.1495e-43
2.66506e-51
4.31408e-53
1.78211e-44
3.15287e-38
3.80541e-39
2.29773e-43
1.28457e-42
8.08939e-40
2.11487e-43
1.86153e-43
3.12173e-51
2.5082e-53
1.4946e-44
3.13433e-38
2.79538e-39
2.26001e-43
7.92489e-43
1.10442e-39
2.15031e-43
3.01634e-43
4.23027e-51
1.45727e-53
1.23272e-44
3.11548e-38
2.05253e-39
2.22288e-43
4.88892e-43
1.5062e-39
2.18631e-43
7.13855e-51
8.45747e-54
9.98343e-45
3.09635e-38
1.50255e-50
4.89946e-54
7.92365e-45
3.07694e-38
3.66956e-50
2.82975e-54
6.14766e-45
3.05728e-38
9.65343e-50
1.62619e-54
4.64666e-45
3.03738e-38
2.62081e-49
9.26687e-55
3.40459e-45
3.01726e-38
7.20393e-49
5.20508e-55
2.39977e-45
2.99693e-38
1.98957e-48
2.84999e-55
1.6067e-45
2.9764e-38
5.50455e-48
1.48777e-55
9.97742e-46
2.95569e-38
1.52396e-47
7.03036e-56
5.44821e-46
2.93483e-38
4.22023e-47
2.54008e-56
2.20695e-46
2.91423e-38
1.16879e-46
0
0
2.9041e-38
1.19121e-46
6.68069e-46
1.21406e-46
1.06682e-45
1.23735e-46
1.32932e-45
1.26109e-46
1.4846e-45
1.28528e-46
1.56524e-45
1.30993e-46
1.59858e-45
1.33506e-46
1.6026e-45
1.36067e-46
1.58608e-45
1.38677e-46
1.55092e-45
1.41337e-46
1.49502e-45
1.44049e-46
1.41497e-45
1.46812e-46
1.30818e-45
1.49628e-46
1.17443e-45
1.52498e-46
1.01662e-45
1.55423e-46
8.40775e-46
1.58405e-46
6.55282e-46
1.61443e-46
4.69713e-46
1.6454e-46
2.93517e-46
1.67697e-46
1.34887e-46
1.70899e-46
0
1.75461e-46
1.80146e-46
1.84955e-46
1.89893e-46
1.94963e-46
2.00168e-46
2.05512e-46
2.10999e-46
2.16632e-46
2.22416e-46
2.28354e-46
2.34451e-46
2.4071e-46
2.47136e-46
2.53736e-46
2.60503e-46
2.67489e-46
2.74489e-46
2.82468e-46
2.87007e-46
END_LIST
