BEGIN_LIST
0.1
0.0998104
0.0996211
0.0994321
0.0992435
0.0990551
0.0988671
0.0986794
0.098492
0.0983049
0.098118
0.0979313
0.0977444
0.0975567
0.0973663
0.0971688
0.0969528
0.0966896
0.0963068
0.0956219
0.0941741
0.0892773
0.0931975
0.084237
0.0922086
0.0791036
0.0912077
0.0739298
0.0901951
0.0687691
0.0891713
0.0636731
0.0881366
0.05869
0.0870916
0.0538628
0.0860367
0.0492284
0.0849725
0.0448169
0.0838993
0.0406515
0.0828177
0.0367486
0.0817283
0.0331195
0.0806316
0.0297721
0.0795282
0.0267149
0.0784186
0.0239647
0.0773035
0.0215621
0.0761834
0.0196043
0.0750553
0.0183147
0.0737836
0.0181957
0.0672586
0.0181954
0.019893
0.0154512
0.0631849
0.0637414
0.018195
0.0211524
0.0146692
0.0593017
0.0601432
0.0181946
0.022144
0.0149412
0.055607
0.056498
0.0181943
0.0229737
0.0158071
0.0520978
0.0528406
0.0181939
0.0237071
0.0170361
0.0487707
0.0492056
0.0181935
0.024385
0.0185139
0.045621
0.045626
0.0181931
0.0250329
0.0201855
0.0426439
0.0421324
0.0181928
0.0256667
0.0220251
0.0398339
0.0387519
0.0181924
0.0262963
0.0240218
0.0371849
0.0355074
0.018192
0.0269278
0.0261714
0.0346906
0.0324172
0.0181917
0.0275653
0.0284725
0.0323442
0.0294951
0.0181913
0.0282111
0.0309244
0.0301383
0.0267501
0.0181909
0.028867
0.0335258
0.0280643
0.0241863
0.0181906
0.0295338
0.036274
0.0261113
0.0218025
0.0181902
0.0302124
0.0391645
0.024264
0.0195916
0.0181898
0.0309031
0.0421908
0.0224973
0.0175369
0.0181894
0.0316063
0.0453442
0.0207666
0.0156051
0.018189
0.0323223
0.0486134
0.0189856
0.0137299
0.0181959
0.0330512
0.0519848
0.0169822
0.0117756
0.0175353
0.0337932
0.0554426
0.0144043
0.00945564
0.016286
0.0172657
0.0254322
0.0461041
0.0240192
0.0578075
0.0140176
0.0117836
0.00945552
0.00836418
0.0151032
0.017
0.0186899
0.0527647
0.0173578
0.0601936
0.0136276
0.00956003
0.0094554
0.00814065
0.0139867
0.0167382
0.0134833
0.0570446
0.0128697
0.062596
0.0132341
0.00770247
0.00945528
0.00816871
0.0129356
0.0164801
0.00959271
0.0603242
0.0098919
0.0650087
0.0128365
0.00617049
0.00945516
0.00827072
0.0119488
0.0162258
0.00675559
0.0631871
0.00796165
0.0674258
0.0124344
0.00492022
0.00945505
0.00839552
0.0110246
0.0159752
0.00472285
0.0658778
0.0067593
0.0698408
0.0120273
0.00390852
0.00945493
0.00852838
0.0101608
0.0157282
0.00328464
0.0684965
0.00606554
0.0722471
0.0116147
0.00309546
0.00945481
0.00866508
0.00935539
0.0154849
0.00227607
0.0710817
0.00573088
0.074638
0.0111961
0.0024456
0.00945469
0.00880442
0.00860575
0.0152451
0.00157318
0.0736455
0.00565405
0.077007
0.010771
0.00192845
0.00945457
0.00894609
0.00790931
0.0150088
0.00108543
0.0761891
0.00576702
0.0793476
0.0103388
0.00151834
0.00945445
0.00909
0.00726337
0.014776
0.00074799
0.0787084
0.00602455
0.0816536
0.00989885
0.001194
0.00945434
0.00923616
0.00666516
0.0145466
0.000515017
0.081198
0.00639709
0.0839188
0.0094506
0.000938053
0.00945422
0.0093846
0.00611182
0.0143206
0.0003544
0.0836516
0.00686582
0.0861378
0.00899337
0.000736416
0.0094541
0.00953535
0.00560024
0.0140979
0.000243777
0.0860628
0.00741941
0.0883053
0.00852648
0.000577779
0.00945398
0.00968844
0.00512666
0.0138785
0.000167638
0.0884255
0.00805165
0.0904166
0.0080492
0.000453106
0.00945386
0.0098439
0.00468521
0.0136624
0.000115261
0.0907342
0.00875994
0.0924675
0.0075608
0.000355208
0.00945374
0.0100018
0.00426377
0.0134495
7.92482e-05
0.0929837
0.00954418
0.0944541
0.00706047
0.000278408
0.00945363
0.0101621
0.00383151
0.0132397
5.4512e-05
0.0951694
0.0104061
0.0963734
0.0065474
0.000218389
0.00945351
0.0103249
0.00330216
0.0130332
3.75859e-05
0.0972872
0.0113488
0.0982227
0.00602071
0.000173235
0.00945339
0.0104902
0.00242515
0.01283
2.61962e-05
0.0993337
0.0123763
0.1
0.00547949
0.000154349
0.00945333
0.010658
0.00145528
0.00235469
0.012712
2.20369e-05
0.0993337
0.0996307
0.0141047
0.00530836
0.00426542
0.0107579
0.000872868
0.00228692
0.0125951
1.85967e-05
0.0993337
0.0997954
0.0160637
0.00514239
0.00343139
0.0108585
0.000523614
0.00222205
0.0124792
1.57914e-05
0.0993337
0.0998867
0.0182721
0.00498144
0.00286316
0.01096
0.000314401
0.00216036
0.0123643
1.35719e-05
0.0993337
0.0999373
0.0207499
0.00482536
0.00248091
0.0110623
0.000189209
0.00210233
0.0122504
1.19324e-05
0.0993337
0.0999654
0.0235174
0.00467402
0.00222892
0.0111656
0.000114402
0.00204865
0.0121376
1.09278e-05
0.0993337
0.0999809
0.0265939
0.00452728
0.00206831
0.0112698
6.98168e-05
0.00200031
0.0120257
1.07038e-05
0.0993337
0.0999895
0.0299966
0.00438501
0.00197192
0.0113749
4.33729e-05
0.00195882
0.0119148
1.15487e-05
0.0993337
0.0999943
0.0337391
0.00424709
0.00192085
0.011481
2.78418e-05
0.00192629
0.0118049
1.39821e-05
0.0993337
0.0999969
0.0378301
0.00411339
0.00190188
0.011588
1.89035e-05
0.00190583
0.011696
0.0993336
0.0999984
0.0422719
0.00398378
0.0993333
0.0999992
0.0470592
0.00385816
0.0993325
0.0999996
0.0521774
0.00373639
0.0993301
0.0999999
0.0576018
0.00361838
0.099323
0.1
0.0632974
0.00350401
0.0993028
0.1
0.069218
0.00339317
0.0992446
0.1
0.075308
0.00328576
0.0990769
0.1
0.081503
0.00318169
0.0985941
0.1
0.0877326
0.00308089
0.097204
0.1
0.0939229
0.00298485
0.0932018
0.1
0.1
0.00293838
0.0932018
0.0641334
0.0932018
0.0436602
0.0932018
0.0299054
0.0932018
0.0211226
0.0932018
0.0158852
0.0932018
0.0131466
0.0932018
0.0122035
0.0932018
0.0126214
0.0932018
0.0141615
0.0932018
0.0167203
0.0932018
0.0202843
0.0932018
0.0248951
0.0932018
0.030619
0.0932018
0.0375183
0.0932018
0.0456224
0.0932018
0.0548991
0.0932018
0.0652315
0.0932018
0.076406
0.0932018
0.0881182
0.0932018
0.1
0.0932018
0.0932018
0.0932018
0.0932018
0.0932018
0.0932017
0.0932017
0.0932017
0.0932017
0.0932017
0.0932017
0.0932017
0.0932017
0.0932017
0.0932017
0.0932017
0.0932017
0.0932017
0.0932017
0.0932017
END_LIST
