BEGIN_LIST
0.1
0.0998316
0.0996634
0.0994954
0.0993276
0.0991601
0.0989927
0.0988256
0.0986586
0.0984919
0.0983254
0.0981591
0.0979929
0.0978267
0.0976602
0.0974927
0.0973223
0.097144
0.0969459
0.0966976
0.0963222
0.0950906
0.0961117
0.0936919
0.0958948
0.0921121
0.0956713
0.0903385
0.0954412
0.0883604
0.0952043
0.0861696
0.0949604
0.0837618
0.0947093
0.081137
0.0944509
0.0783005
0.0941851
0.0752636
0.0939116
0.072044
0.0936303
0.0686666
0.0933411
0.0651646
0.0930437
0.0615813
0.092738
0.0579747
0.0924239
0.054427
0.0921011
0.0510649
0.0917696
0.0481012
0.0914266
0.0459182
0.0909826
0.0452348
0.0871185
0.0452342
0.0451336
0.0465336
0.0836411
0.086445
0.0452336
0.0453643
0.0484248
0.0801762
0.0856739
0.045233
0.0458012
0.0507085
0.0767351
0.0847942
0.0452324
0.0463668
0.0532393
0.0733288
0.0837943
0.0452318
0.0470135
0.0559143
0.0699676
0.0826629
0.0452312
0.0477116
0.0586613
0.0666613
0.0813886
0.0452306
0.048443
0.0614286
0.0634189
0.0799606
0.04523
0.0491964
0.0641783
0.0602485
0.078369
0.0452294
0.0499647
0.0668819
0.0571573
0.0766053
0.0452288
0.0507434
0.0695169
0.0541513
0.0746622
0.0452283
0.0515297
0.0720657
0.0512352
0.0725331
0.0452277
0.0523217
0.0745142
0.0484123
0.0702111
0.0452271
0.0531182
0.0768513
0.045683
0.0676849
0.0452265
0.0539183
0.0790689
0.0430439
0.0649313
0.0452259
0.0547213
0.081161
0.0404845
0.0618997
0.0452253
0.0555267
0.0831242
0.0379803
0.0584802
0.0452247
0.0563342
0.0849571
0.0354802
0.0544407
0.045224
0.0571432
0.08666
0.0328793
0.0493
0.0452327
0.0579534
0.0882349
0.0299637
0.0420711
0.0443878
0.0587646
0.0896852
0.0262975
0.030731
0.0430417
0.0438295
0.0518505
0.0749735
0.0437968
0.0905894
0.0256877
0.023372
0.0307308
0.0247402
0.0416478
0.0432762
0.0441236
0.0827297
0.0333087
0.091441
0.0250749
0.0204437
0.0307305
0.0232401
0.0402111
0.0427278
0.036168
0.086717
0.0261078
0.0922418
0.0244585
0.017609
0.0307303
0.0230414
0.0387374
0.0421843
0.0286002
0.089011
0.0212915
0.0929938
0.0238378
0.0149501
0.03073
0.0232219
0.0372328
0.0416458
0.0219001
0.0905289
0.0181918
0.0936988
0.0232124
0.0125271
0.0307297
0.023515
0.0357044
0.0411123
0.0163216
0.0916761
0.0163245
0.0943589
0.0225816
0.0103751
0.0307295
0.0238436
0.0341593
0.0405837
0.0119036
0.092632
0.0153441
0.0949761
0.0219448
0.00850615
0.0307292
0.0241856
0.0326051
0.0400601
0.00853821
0.0934766
0.0150075
0.0955526
0.0213013
0.00691396
0.030729
0.0245344
0.0310493
0.0395415
0.00604894
0.0942461
0.0151452
0.0960904
0.0206503
0.00557928
0.0307287
0.0248884
0.0294994
0.0390278
0.00424697
0.0949576
0.0156403
0.0965916
0.0199912
0.00447538
0.0307284
0.0252469
0.0279628
0.0385192
0.00296265
0.0956197
0.0164124
0.097058
0.0193232
0.00357235
0.0307282
0.0256098
0.0264462
0.0380154
0.00205733
0.0962374
0.0174068
0.0974918
0.0186454
0.00284023
0.0307279
0.0259771
0.0249555
0.0375167
0.00142411
0.0968139
0.0185865
0.0978947
0.0179571
0.00225094
0.0307277
0.0263489
0.0234945
0.0370229
0.000983594
0.097352
0.0199266
0.0982688
0.0172573
0.00177936
0.0307274
0.0267251
0.0220622
0.036534
0.000678301
0.0978539
0.0214103
0.0986157
0.0165451
0.00140371
0.0307271
0.0271058
0.0206451
0.0360501
0.000467281
0.0983216
0.0230264
0.0989371
0.0158195
0.00110558
0.0307269
0.0274911
0.0191961
0.0355711
0.000321713
0.0987571
0.0247669
0.0992347
0.0150796
0.000869746
0.0307266
0.0278808
0.0175734
0.0350971
0.000221505
0.0991623
0.0266262
0.0995101
0.0143242
0.000684241
0.0307264
0.0282752
0.0153687
0.0346281
0.000152841
0.099539
0.0285995
0.0997647
0.0135522
0.000544036
0.0307261
0.0286741
0.0114124
0.0341645
0.000106621
0.099889
0.0306826
0.1
0.0127624
0.000485276
0.030726
0.0290777
0.00691508
0.0110903
0.0338945
8.97608e-05
0.099889
0.0999386
0.0340424
0.0124013
0.0110347
0.0293169
0.00417219
0.010778
0.0336262
7.58485e-05
0.099889
0.0999661
0.0376364
0.012049
0.00988703
0.0295576
0.00251152
0.0104755
0.0333595
6.45632e-05
0.099889
0.0999814
0.0414387
0.0117054
0.00914764
0.0297997
0.00151082
0.0101833
0.0330945
5.57389e-05
0.0998891
0.0999898
0.0454185
0.0113703
0.00869622
0.0300434
0.000909773
0.0099019
0.0328312
4.94081e-05
0.0998891
0.0999945
0.0495395
0.0110435
0.00844836
0.0302887
0.000549722
0.00963239
0.0325695
4.58856e-05
0.0998891
0.0999971
0.05376
0.010725
0.008345
0.0305356
0.000334687
0.00937621
0.0323095
4.59154e-05
0.0998891
0.0999985
0.0580338
0.0104146
0.00834479
0.0307841
0.000206854
0.00913556
0.0320512
5.09236e-05
0.0998891
0.0999993
0.0623115
0.0101122
0.00841885
0.0310342
0.000131504
0.00891366
0.0317945
6.34452e-05
0.0998891
0.0999997
0.066543
0.00981751
0.00854702
0.031286
8.7842e-05
0.00871521
0.0315394
0.0998891
0.0999999
0.0706792
0.00953052
0.0998889
0.1
0.074674
0.00925106
0.0998883
0.1
0.0784867
0.00897896
0.0998865
0.1
0.0820834
0.00871409
0.0998812
0.1
0.0854378
0.0084563
0.0998662
0.1
0.0885318
0.00820544
0.0998228
0.1
0.0913558
0.00796136
0.0996978
0.1
0.0939075
0.00772394
0.0993378
0.1
0.0961914
0.00749314
0.0983015
0.1
0.0982175
0.00727249
0.0953175
0.1
0.1
0.00716557
0.0953175
0.0727948
0.0953175
0.0556322
0.0953175
0.0431526
0.0953176
0.034703
0.0953176
0.0296112
0.0953176
0.027245
0.0953176
0.0270762
0.0953176
0.0287019
0.0953176
0.031825
0.0953176
0.0362156
0.0953176
0.0416699
0.0953176
0.0479769
0.0953176
0.0549003
0.0953176
0.0621776
0.0953176
0.0695343
0.0953176
0.0767085
0.0953176
0.0834763
0.0953176
0.0896714
0.0953176
0.0951924
0.0953176
0.1
0.0953176
0.0953176
0.0953177
0.0953177
0.0953177
0.0953177
0.0953177
0.0953177
0.0953177
0.0953177
0.0953177
0.0953177
0.0953177
0.0953177
0.0953177
0.0953177
0.0953178
0.0953178
0.0953178
0.0953178
END_LIST
