BEGIN_LIST
0
6.42715e-102
2.22787e-101
6.10297e-101
1.55411e-100
3.84926e-100
9.42668e-100
2.29766e-99
5.58915e-99
1.35842e-98
3.30036e-98
8.01728e-98
1.94743e-97
4.73025e-97
1.14895e-96
2.79075e-96
6.77853e-96
1.64646e-95
3.99917e-95
9.71373e-95
2.35854e-94
1.04807e-93
2.42454e-94
2.48521e-93
2.49227e-94
4.93842e-93
2.56176e-94
9.03121e-93
2.63305e-94
1.57585e-92
2.70619e-94
2.67126e-92
2.78121e-94
4.44529e-92
2.85815e-94
7.31151e-92
2.93705e-94
1.19428e-91
3.01796e-94
1.94418e-91
3.10152e-94
3.16309e-91
3.21306e-94
5.15472e-91
4.43513e-94
8.42985e-91
5.30966e-93
1.38554e-90
2.13182e-91
2.2916e-90
9.11027e-90
3.8177e-90
3.89937e-88
6.41059e-90
1.66923e-86
1.08535e-89
7.14553e-85
1.85243e-89
3.05916e-83
3.18424e-89
1.30998e-81
3.38221e-89
4.13085e-89
1.86223e-89
3.09431e-81
1.38075e-81
3.59249e-89
4.67722e-89
1.09093e-89
5.98819e-81
1.45415e-81
3.81584e-89
4.96216e-89
6.40837e-90
1.05135e-80
1.53002e-81
4.05308e-89
5.07713e-89
3.77657e-90
1.73984e-80
1.60812e-81
4.30506e-89
5.08237e-89
2.2332e-90
2.76497e-80
1.68813e-81
4.57272e-89
5.01757e-89
1.32507e-90
4.26487e-80
1.76962e-81
4.85702e-89
4.90883e-89
7.88865e-91
6.42779e-80
1.85203e-81
5.15899e-89
4.77334e-89
4.71143e-91
9.50899e-80
1.93467e-81
5.47973e-89
4.62238e-89
2.82242e-91
1.38531e-79
2.01663e-81
5.82042e-89
4.46333e-89
1.69562e-91
1.99238e-79
2.09674e-81
6.18229e-89
4.30102e-89
1.02138e-91
2.83438e-79
2.17338e-81
6.56666e-89
4.13857e-89
6.16765e-92
3.99479e-79
2.24428e-81
6.97492e-89
3.97798e-89
3.73282e-92
5.58555e-79
2.30599e-81
7.40857e-89
3.82053e-89
2.26387e-92
7.75676e-79
2.35297e-81
7.86918e-89
3.66701e-89
1.37556e-92
1.07101e-78
2.37584e-81
8.35843e-89
3.51787e-89
8.37205e-93
1.47176e-78
2.35804e-81
8.87809e-89
3.37338e-89
5.10292e-93
2.01473e-78
2.26943e-81
9.43012e-89
3.23365e-89
3.11418e-93
2.75014e-78
2.05416e-81
1.00118e-88
3.09871e-89
1.9024e-93
3.74726e-78
1.6071e-81
1.10418e-88
2.96853e-89
1.16298e-93
5.10344e-78
7.27079e-82
1.33583e-88
1.13687e-88
3.27587e-89
1.38542e-89
4.38641e-89
8.41669e-94
5.3762e-78
4.95783e-78
7.40511e-82
2.15341e-82
1.92303e-88
1.17047e-88
3.44541e-89
6.48154e-90
5.3524e-89
6.09033e-94
5.62597e-78
4.73489e-78
7.54191e-82
6.37692e-83
3.47501e-88
1.205e-88
3.44678e-89
3.03599e-90
5.98019e-89
4.40536e-94
5.85038e-78
4.44437e-78
7.68125e-82
1.88839e-83
7.64637e-88
1.24048e-88
3.28281e-89
1.42319e-90
6.36239e-89
3.18461e-94
6.04714e-78
4.10143e-78
7.82315e-82
5.5924e-84
1.89393e-87
1.27694e-88
2.98982e-89
6.67558e-91
6.57012e-89
2.3e-94
6.21404e-78
3.72433e-78
7.96768e-82
1.65643e-84
4.96283e-87
1.31441e-88
2.6266e-89
3.13278e-91
6.65564e-89
1.65889e-94
6.34897e-78
3.33188e-78
8.11488e-82
4.90836e-85
1.33252e-86
1.35291e-88
2.26305e-89
1.47084e-91
6.65601e-89
1.19429e-94
6.44994e-78
2.94113e-78
8.2648e-82
1.45639e-85
3.61648e-86
1.39246e-88
1.98557e-89
6.90812e-92
6.5969e-89
8.57648e-95
6.51511e-78
2.56588e-78
8.41748e-82
4.33981e-86
9.86882e-86
1.4331e-88
1.94398e-89
3.24548e-92
6.49574e-89
6.13816e-95
6.54277e-78
2.216e-78
8.57299e-82
1.31102e-86
2.70242e-85
1.47485e-88
2.49955e-89
1.52497e-92
6.36425e-89
4.37306e-95
6.53139e-78
1.89756e-78
8.73137e-82
4.13241e-87
7.42061e-85
1.51774e-88
4.64804e-89
7.16481e-93
6.21022e-89
3.09644e-95
6.47962e-78
1.61337e-78
8.89268e-82
1.46653e-87
2.04279e-84
1.56181e-88
1.12273e-88
3.36447e-93
6.03887e-89
2.17422e-95
6.38631e-78
1.36374e-78
9.05697e-82
6.70321e-88
5.63742e-84
1.60707e-88
3.03894e-88
1.57773e-93
5.85369e-89
1.50914e-95
6.25052e-78
1.14727e-78
9.22429e-82
4.28088e-88
1.55957e-83
1.65357e-88
8.56198e-88
7.37623e-94
5.6571e-89
1.03059e-95
6.07154e-78
9.61445e-79
9.39471e-82
3.50115e-88
4.32517e-83
1.70133e-88
2.44703e-87
3.42691e-94
5.45081e-89
6.87301e-96
5.84888e-78
8.03239e-79
9.56827e-82
3.2096e-88
1.20249e-82
1.75039e-88
7.03553e-87
1.57162e-94
5.23615e-89
4.42045e-96
5.58233e-78
6.6942e-79
9.74505e-82
3.06422e-88
3.3516e-82
1.80078e-88
2.02895e-86
7.01441e-95
5.01423e-89
2.67786e-96
5.27192e-78
5.56861e-79
9.92508e-82
2.96368e-88
9.36627e-82
1.85255e-88
5.86176e-86
2.94715e-95
4.78606e-89
1.44882e-96
4.91794e-78
4.6298e-79
1.01084e-81
2.87789e-88
2.62534e-81
1.90575e-88
1.69546e-85
1.05959e-95
4.55263e-89
5.90718e-97
4.52098e-78
3.88261e-79
1.02926e-81
2.79792e-88
7.38958e-81
1.96053e-88
4.90777e-85
1.9636e-96
4.31496e-89
0
4.08188e-78
3.56082e-79
1.03843e-81
2.72109e-88
4.64749e-81
1.05657e-80
1.99322e-88
7.9922e-85
2.03582e-96
1.14289e-96
3.94479e-89
4.06317e-78
3.00642e-78
2.6773e-88
2.90156e-81
1.489e-80
2.02643e-88
1.2985e-84
2.11079e-96
6.65197e-97
3.57191e-89
4.04391e-78
2.21355e-78
2.63414e-88
1.80312e-81
2.07739e-80
2.06016e-88
2.10718e-84
2.18878e-96
3.8715e-97
3.20074e-89
4.02413e-78
1.62935e-78
2.59162e-88
1.11729e-81
2.87758e-80
2.09442e-88
3.41738e-84
2.27037e-96
2.2531e-97
2.83594e-89
4.00386e-78
1.19906e-78
2.54974e-88
6.91107e-82
3.96543e-80
2.12922e-88
5.54052e-84
2.357e-96
1.31113e-97
2.48223e-89
3.98312e-78
8.82222e-79
2.5085e-88
4.27033e-82
5.44403e-80
2.16456e-88
8.98136e-84
2.45245e-96
7.62853e-98
2.14421e-89
3.96193e-78
6.48961e-79
2.46788e-88
2.63695e-82
7.45338e-80
2.20045e-88
1.45579e-83
2.56703e-96
4.43741e-98
1.82606e-89
3.94031e-78
4.77249e-79
2.42788e-88
1.62771e-82
1.01837e-79
2.2369e-88
2.35962e-83
2.7291e-96
2.58011e-98
1.53141e-89
3.91827e-78
3.50853e-79
2.3885e-88
1.00451e-82
1.38934e-79
2.27393e-88
3.82446e-83
3.01698e-96
1.49919e-98
1.26304e-89
3.89585e-78
2.57816e-79
2.34971e-88
6.19838e-83
1.89337e-79
2.31153e-88
3.6474e-96
8.70144e-99
1.02286e-89
3.87306e-78
5.22037e-96
5.04121e-99
8.11805e-90
3.84993e-78
9.39759e-96
2.91186e-99
6.29833e-90
3.82646e-78
2.07811e-95
1.6735e-99
4.76043e-90
3.80268e-78
5.21169e-95
9.53722e-100
3.48789e-90
3.77862e-78
1.38706e-94
5.35729e-100
2.45845e-90
3.75428e-78
3.78324e-94
2.9335e-100
1.64596e-90
3.72968e-78
1.04177e-93
1.53144e-100
1.02212e-90
3.70485e-78
2.87906e-93
7.23699e-101
5.58127e-91
3.67982e-78
7.96752e-93
2.6148e-101
2.26083e-91
3.65508e-78
2.20605e-92
0
0
3.64291e-78
2.24837e-92
1.2608e-91
2.2915e-92
2.01332e-91
2.33546e-92
2.50869e-91
2.38025e-92
2.80175e-91
2.42591e-92
2.95393e-91
2.47245e-92
3.01684e-91
2.51987e-92
3.02443e-91
2.56821e-92
2.99325e-91
2.61747e-92
2.92689e-91
2.66768e-92
2.82139e-91
2.71886e-92
2.67032e-91
2.77101e-92
2.46879e-91
2.82416e-92
2.21638e-91
2.87834e-92
1.91856e-91
2.93355e-92
1.58671e-91
2.98982e-92
1.23664e-91
3.04717e-92
8.8644e-92
3.10562e-92
5.53924e-92
3.16521e-92
2.54559e-92
3.22563e-92
0
3.31175e-92
3.40017e-92
3.49094e-92
3.58414e-92
3.67983e-92
3.77807e-92
3.87894e-92
3.9825e-92
4.08882e-92
4.19799e-92
4.31006e-92
4.42513e-92
4.54327e-92
4.66456e-92
4.78912e-92
4.91686e-92
5.0487e-92
5.18083e-92
5.33141e-92
5.41709e-92
END_LIST
