BEGIN_LIST
0.1
0.0997936
0.0995877
0.0993822
0.099177
0.0989723
0.098768
0.0985642
0.0983607
0.0981575
0.0979545
0.0977515
0.0975477
0.0973414
0.0971278
0.0968954
0.0966149
0.0962123
0.0955008
0.0940089
0.0905457
0.0799326
0.0878671
0.0704922
0.0852606
0.0621114
0.0827248
0.0546839
0.0802581
0.0481113
0.077859
0.0423029
0.0755259
0.0371758
0.0732575
0.0326548
0.0710523
0.0286717
0.0689088
0.0251655
0.0668256
0.0220813
0.0648011
0.0193704
0.0628342
0.0169895
0.0609232
0.0149014
0.059067
0.0130747
0.057264
0.0114864
0.055513
0.0101258
0.0538127
0.00900614
0.052159
0.00818892
0.0504333
0.00784023
0.0434617
0.00784005
0.0088132
0.00596238
0.040252
0.0384707
0.00783987
0.00952028
0.00525725
0.0372764
0.0340285
0.00783969
0.0100659
0.00515882
0.0345182
0.0300801
0.00783951
0.0105148
0.00538879
0.0319621
0.026575
0.00783932
0.0109068
0.00581203
0.0295934
0.0234667
0.00783914
0.0112668
0.00636472
0.0273987
0.0207129
0.00783896
0.0116101
0.00701883
0.0253654
0.0182751
0.00783878
0.0119463
0.00776439
0.0234818
0.0161188
0.00783859
0.0122814
0.00860086
0.021737
0.0142127
0.00783841
0.0126192
0.00953276
0.0201207
0.0125286
0.00783823
0.0129621
0.0105677
0.0186232
0.0110415
0.00783805
0.0133118
0.0117153
0.0172354
0.00972894
0.00783787
0.0136692
0.0129867
0.0159478
0.00857085
0.00783768
0.0140352
0.0143946
0.0147506
0.00754943
0.0078375
0.0144103
0.0159531
0.0136313
0.00664885
0.00783732
0.014795
0.0176775
0.0125726
0.00585509
0.00783714
0.0151897
0.019585
0.0115453
0.00515577
0.00783691
0.0155946
0.021694
0.0104956
0.0045401
0.00784053
0.0160102
0.0240249
0.00931684
0.00399884
0.00749499
0.0164367
0.0265999
0.00779176
0.00352458
0.00682875
0.00737302
0.0113541
0.0231294
0.0115532
0.0284863
0.00757607
0.00611557
0.00352453
0.00334996
0.00622114
0.00725304
0.00783066
0.0270454
0.00827753
0.0304969
0.0073585
0.00479734
0.00352449
0.00333837
0.00566709
0.007135
0.00539468
0.0299225
0.00609763
0.0326415
0.00713883
0.00376165
0.00352444
0.00337437
0.00516198
0.00701888
0.00371367
0.03247
0.00466573
0.0349295
0.00691679
0.00294856
0.0035244
0.00342473
0.00470154
0.00690464
0.00255514
0.0349811
0.00374607
0.0373707
0.00669212
0.00231061
0.00352435
0.00347988
0.00428189
0.00679225
0.0017574
0.0375808
0.00317904
0.0399748
0.00646455
0.00181032
0.00352431
0.00353709
0.00389946
0.00668169
0.00120842
0.0403266
0.00285679
0.0427522
0.00623379
0.00141812
0.00352426
0.00359557
0.00355099
0.00657292
0.000830794
0.0432487
0.00270669
0.0457135
0.00599954
0.00111074
0.00352421
0.00365512
0.0032335
0.00646592
0.000571106
0.0463666
0.00268006
0.0488695
0.00576149
0.000869908
0.00352417
0.00371567
0.00294426
0.00636066
0.00039256
0.049696
0.00274451
0.0522319
0.0055193
0.000681237
0.00352412
0.00377724
0.00268077
0.0062571
0.000269818
0.0532512
0.00287881
0.0558125
0.00527264
0.000533455
0.00352408
0.00383982
0.00244075
0.00615523
0.000185447
0.0570461
0.00306933
0.0596235
0.00502115
0.000417711
0.00352403
0.00390344
0.00222207
0.00605501
0.000127455
0.0610952
0.00330767
0.0636777
0.00476445
0.000327068
0.00352399
0.00396812
0.00202272
0.00595641
8.75967e-05
0.0654132
0.0035891
0.0679881
0.00450213
0.000256086
0.00352394
0.00403386
0.00184059
0.00585942
6.02027e-05
0.0700152
0.00391142
0.0725681
0.0042338
0.000200505
0.0035239
0.00410069
0.00167301
0.00576401
4.13763e-05
0.0749166
0.00427428
0.0774316
0.00395901
0.000156986
0.00352385
0.00416863
0.00151524
0.00567014
2.84405e-05
0.0801336
0.00467868
0.0825923
0.00367731
0.000122922
0.0035238
0.00423769
0.00135615
0.00557782
1.95594e-05
0.0856821
0.00512665
0.0880645
0.00338823
9.63478e-05
0.00352376
0.00430789
0.00116529
0.00548702
1.34842e-05
0.0915787
0.00562106
0.0938624
0.00309126
7.6379e-05
0.00352371
0.00437925
0.000854255
0.00539782
9.39673e-06
0.09784
0.00616548
0.1
0.00278587
6.80316e-05
0.00352369
0.00445179
0.000511656
0.000829529
0.00534608
7.9039e-06
0.09784
0.0988024
0.00709452
0.00269596
0.00209816
0.00449498
0.000306542
0.000805888
0.00529484
6.66887e-06
0.09784
0.0993361
0.0081693
0.00260893
0.00162321
0.00453854
0.000183767
0.000783451
0.0052441
5.66114e-06
0.0978399
0.099632
0.00940952
0.00252472
0.00129682
0.0045825
0.000110303
0.000762397
0.00519383
4.8627e-06
0.0978399
0.0997961
0.0108387
0.00244321
0.00107422
0.00462687
6.63715e-05
0.000742995
0.00514405
4.27092e-06
0.0978399
0.0998871
0.0124845
0.00236433
0.000924171
0.00467167
4.01331e-05
0.000725637
0.00509474
3.9045e-06
0.0978399
0.0999375
0.0143784
0.002288
0.000824891
0.00471689
2.45002e-05
0.000710899
0.00504591
3.81402e-06
0.0978399
0.0999655
0.0165572
0.00221412
0.000761191
0.00476255
1.52318e-05
0.000699613
0.00499754
4.10021e-06
0.0978398
0.099981
0.0190623
0.00214263
0.000722481
0.00480865
9.79114e-06
0.000692982
0.00494964
4.94491e-06
0.0978398
0.0999896
0.0219415
0.00207344
0.000701378
0.0048552
6.66324e-06
0.000692739
0.00490219
0.0978396
0.0999943
0.0252488
0.00200648
0.0978393
0.0999969
0.0290455
0.00194168
0.0978382
0.0999984
0.0334013
0.00187897
0.0978351
0.0999992
0.0383945
0.00181828
0.0978263
0.0999996
0.0441133
0.00175955
0.0978011
0.0999998
0.0506563
0.00170272
0.0977284
0.0999999
0.0581334
0.00164772
0.0975192
0.1
0.0666666
0.00159449
0.0969168
0.1
0.0763895
0.00154301
0.0951826
0.1
0.0874481
0.00149401
0.0901896
0.1
0.1
0.00147031
0.0901895
0.056589
0.0901895
0.0356847
0.0901895
0.0228327
0.0901895
0.0150675
0.0901895
0.0105297
0.0901894
0.00807256
0.0901894
0.00700493
0.0901894
0.00692677
0.0901894
0.0076276
0.0901894
0.00902488
0.0901893
0.0111285
0.0901893
0.0140223
0.0901893
0.0178566
0.0901893
0.0228489
0.0901893
0.0292899
0.0901892
0.0375539
0.0901892
0.0481121
0.0901892
0.0615468
0.0901892
0.0785638
0.0901891
0.1
0.0901891
0.0901891
0.0901891
0.090189
0.090189
0.090189
0.090189
0.0901889
0.0901889
0.0901889
0.0901888
0.0901888
0.0901888
0.0901888
0.0901887
0.0901887
0.0901887
0.0901886
0.0901886
0.0901886
END_LIST
