BEGIN_LIST
0
1.39616e-123
4.80935e-123
1.30461e-122
3.28038e-122
8.00488e-122
1.92794e-121
4.6144e-121
1.10068e-120
2.6196e-120
6.22349e-120
1.4761e-119
3.49509e-119
8.26079e-119
1.94865e-118
4.58684e-118
1.0771e-117
2.52257e-117
5.89033e-117
1.37079e-116
4.9355e-116
2.57123e-115
5.12013e-116
6.23986e-115
5.30951e-116
1.24944e-114
5.50375e-116
2.2921e-114
5.70296e-116
4.00507e-114
5.90725e-116
6.79348e-114
6.11673e-116
1.13086e-113
6.33152e-116
1.86029e-113
6.55194e-116
3.03892e-113
6.78745e-116
4.94748e-113
7.43755e-116
8.04996e-113
2.55923e-115
1.31198e-112
7.92625e-114
2.14582e-112
3.36096e-112
3.52738e-112
1.438e-110
5.83501e-112
6.155e-109
9.72259e-112
2.63457e-107
1.63291e-111
1.12781e-105
2.7652e-111
4.82788e-104
4.72063e-111
2.06693e-102
8.11649e-111
8.851e-101
8.62052e-111
1.05305e-110
4.74618e-111
2.09075e-100
9.32893e-101
9.15587e-111
1.19242e-110
2.78008e-111
4.04627e-100
9.82466e-101
9.72448e-111
1.26513e-110
1.63289e-111
7.10454e-100
1.0337e-100
1.03284e-110
1.29451e-110
9.62188e-112
1.17581e-99
1.08645e-100
1.09699e-110
1.29593e-110
5.68909e-112
1.8688e-99
1.14047e-100
1.16512e-110
1.27948e-110
3.37529e-112
2.88292e-99
1.1955e-100
1.23748e-110
1.25183e-110
2.00923e-112
4.3456e-99
1.25115e-100
1.31434e-110
1.21736e-110
1.19988e-112
6.42972e-99
1.30694e-100
1.39598e-110
1.17894e-110
7.18728e-113
9.36872e-99
1.36228e-100
1.48269e-110
1.13846e-110
4.3175e-113
1.34769e-98
1.41636e-100
1.57479e-110
1.09714e-110
2.60049e-113
1.91763e-98
1.4681e-100
1.67261e-110
1.05579e-110
1.57018e-113
2.70331e-98
1.51596e-100
1.77651e-110
1.01491e-110
9.50237e-114
3.78065e-98
1.55761e-100
1.88686e-110
9.7482e-111
5.76252e-114
5.25152e-98
1.58932e-100
2.00407e-110
9.3573e-111
3.50114e-114
7.2528e-98
1.60474e-100
2.12857e-110
8.97755e-111
2.13074e-114
9.96905e-98
1.59268e-100
2.26076e-110
8.60961e-111
1.29864e-114
1.36502e-97
1.53281e-100
2.40511e-110
8.25378e-111
7.92474e-115
1.86371e-97
1.38739e-100
2.21301e-110
7.91011e-111
4.8408e-115
2.54001e-97
1.08544e-100
3.22481e-109
7.57854e-111
2.95911e-115
3.45999e-97
4.91064e-101
1.74481e-108
3.27407e-109
8.57995e-111
3.5364e-111
1.11735e-110
2.14148e-115
3.64502e-97
3.36131e-97
5.00132e-101
1.45438e-101
5.58973e-108
3.32395e-109
9.46292e-111
1.65423e-111
1.36219e-110
1.54952e-115
3.81447e-97
3.21021e-97
5.09368e-101
4.30681e-102
1.5992e-107
3.37445e-109
1.04137e-110
7.74742e-112
1.52124e-110
1.12079e-115
3.96672e-97
3.01328e-97
5.18774e-101
1.27534e-102
4.41786e-107
3.42559e-109
1.20706e-110
3.63129e-112
1.618e-110
8.10185e-116
4.10022e-97
2.78081e-97
5.28354e-101
3.77663e-103
1.20695e-106
3.47737e-109
1.61122e-110
1.70305e-112
1.67051e-110
5.85115e-116
4.21347e-97
2.52516e-97
5.38111e-101
1.11841e-103
3.28818e-106
3.52981e-109
2.68181e-110
7.99125e-113
1.69204e-110
4.22007e-116
4.30505e-97
2.2591e-97
5.48048e-101
3.31223e-104
8.96077e-106
3.5829e-109
5.54238e-110
3.75142e-113
1.69199e-110
3.03808e-116
4.37359e-97
1.99419e-97
5.58169e-101
9.80999e-105
2.44553e-105
3.63665e-109
1.32397e-109
1.76173e-113
1.67685e-110
2.18166e-116
4.41785e-97
1.73978e-97
5.68476e-101
2.90589e-105
6.68722e-105
3.69109e-109
3.42232e-109
8.27575e-114
1.65106e-110
1.56137e-116
4.43666e-97
1.50257e-97
5.78974e-101
8.61106e-106
1.83257e-104
3.7462e-109
9.22612e-109
3.88813e-114
1.61758e-110
1.11235e-116
4.42901e-97
1.28666e-97
5.89666e-101
2.55471e-106
5.03344e-104
3.80202e-109
2.54845e-108
1.82658e-114
1.5784e-110
7.87608e-117
4.39395e-97
1.09398e-97
6.00555e-101
7.60813e-107
1.38577e-103
3.85853e-109
7.14848e-108
8.57641e-115
1.53482e-110
5.53024e-117
4.33073e-97
9.24728e-98
6.11645e-101
2.29393e-107
3.82436e-103
3.91576e-109
2.02591e-107
4.02141e-115
1.48773e-110
3.8385e-117
4.23869e-97
7.77949e-98
6.22941e-101
7.19205e-108
1.058e-102
3.97371e-109
5.78218e-107
1.87993e-115
1.43775e-110
2.62127e-117
4.11736e-97
6.51955e-98
6.34444e-101
2.52162e-108
2.93416e-102
4.03239e-109
1.65837e-106
8.73316e-116
1.38531e-110
1.74811e-117
3.9664e-97
5.44683e-98
6.4616e-101
1.13254e-108
8.15752e-102
4.09181e-109
4.77245e-106
4.00481e-116
1.33075e-110
1.1243e-117
3.78567e-97
4.53945e-98
6.58093e-101
7.1559e-109
2.27366e-101
4.15199e-109
1.37663e-105
1.7873e-116
1.27434e-110
6.81083e-118
3.57519e-97
3.77622e-98
6.70246e-101
5.86704e-109
6.35387e-101
4.21295e-109
3.97733e-105
7.50901e-117
1.21635e-110
3.6849e-118
3.33516e-97
3.13964e-98
6.82618e-101
5.43232e-109
1.78096e-100
4.2747e-109
1.1504e-104
2.69958e-117
1.15702e-110
1.50241e-118
3.06598e-97
2.63297e-98
6.95051e-101
5.25134e-109
5.01286e-100
4.33732e-109
3.32995e-104
5.00222e-118
1.09662e-110
0
2.76822e-97
2.41477e-98
7.01243e-101
5.14622e-109
3.15274e-100
7.16737e-100
4.37434e-109
5.42269e-104
5.18595e-118
2.91136e-118
1.00254e-110
2.75554e-97
2.0389e-97
5.09721e-109
1.96836e-100
1.01008e-99
4.41164e-109
8.81023e-104
5.37653e-118
1.69442e-118
9.07773e-111
2.74249e-97
1.50122e-97
5.05156e-109
1.22322e-100
1.4092e-99
4.44922e-109
1.42969e-103
5.57442e-118
9.86122e-119
8.13442e-111
2.7291e-97
1.10503e-97
5.0078e-109
7.57965e-101
1.95199e-99
4.48708e-109
2.31861e-103
5.7804e-118
5.7387e-119
7.20729e-111
2.71537e-97
8.13221e-98
4.96518e-109
4.68848e-101
2.68989e-99
4.52522e-109
3.75908e-103
5.99625e-118
3.33932e-119
6.30838e-111
2.70132e-97
5.98347e-98
4.92329e-109
2.89703e-101
3.69282e-99
4.56365e-109
6.09352e-103
6.22639e-118
1.94284e-119
5.44931e-111
2.68696e-97
4.4015e-98
4.88194e-109
1.78894e-101
5.05574e-99
4.60237e-109
9.87693e-103
6.48261e-118
1.13008e-119
4.64078e-111
2.67231e-97
3.23694e-98
4.84101e-109
1.10427e-101
6.90765e-99
4.64138e-109
1.60088e-102
6.79707e-118
6.57053e-120
3.89193e-111
2.65739e-97
2.3797e-98
4.80044e-109
6.8149e-102
9.42384e-99
4.68069e-109
2.59467e-102
7.25829e-118
3.81769e-120
3.2099e-111
2.6422e-97
1.7487e-98
4.76021e-109
4.2052e-102
1.28424e-98
4.7203e-109
8.11099e-118
2.21575e-120
2.59952e-111
2.62676e-97
1.00323e-117
1.28366e-120
2.06313e-111
2.61108e-97
1.48971e-117
7.41427e-121
1.60066e-111
2.59518e-97
2.78977e-117
4.261e-121
1.20982e-111
2.57907e-97
6.34146e-117
2.42825e-121
8.86415e-112
2.56277e-97
1.61275e-116
1.36397e-121
6.24793e-112
2.54628e-97
4.3179e-116
7.46856e-122
4.18306e-112
2.52961e-97
1.18048e-115
3.8989e-122
2.59761e-112
2.51278e-97
3.25352e-115
1.84244e-122
1.41843e-112
2.49582e-97
8.99458e-115
6.65689e-123
5.7457e-113
2.47906e-97
2.48947e-114
0
0
2.47081e-97
2.53722e-114
1.42252e-113
2.58589e-114
2.27152e-113
2.63549e-114
2.8304e-113
2.68605e-114
3.16103e-113
2.73757e-114
3.33271e-113
2.79008e-114
3.40368e-113
2.8436e-114
3.41225e-113
2.89815e-114
3.37707e-113
2.95374e-114
3.30219e-113
3.0104e-114
3.18317e-113
3.06814e-114
3.01272e-113
3.12699e-114
2.78535e-113
3.18698e-114
2.50057e-113
3.24811e-114
2.16457e-113
3.31041e-114
1.79016e-113
3.37391e-114
1.39521e-113
3.43863e-114
1.0001e-113
3.50459e-114
6.2495e-114
3.57183e-114
2.87199e-114
3.64002e-114
0
3.73719e-114
3.83697e-114
3.9394e-114
4.04457e-114
4.15255e-114
4.26342e-114
4.37724e-114
4.4941e-114
4.61408e-114
4.73726e-114
4.86373e-114
4.99358e-114
5.1269e-114
5.26377e-114
5.40433e-114
5.54847e-114
5.69724e-114
5.84635e-114
6.01627e-114
6.11295e-114
END_LIST
