BEGIN_LIST
0.1
0.0998232
0.0996467
0.0994705
0.0992944
0.0991187
0.0989432
0.0987679
0.0985929
0.0984182
0.0982436
0.0980693
0.097895
0.0977205
0.0975452
0.0973672
0.0971823
0.0969794
0.0967311
0.0963674
0.0957129
0.0934783
0.0953152
0.091011
0.094907
0.0883085
0.0944885
0.0853737
0.0940593
0.0822149
0.0936193
0.0788468
0.0931684
0.0752903
0.0927066
0.0715724
0.0922335
0.0677255
0.0917492
0.0637865
0.0912535
0.0597957
0.0907464
0.0557959
0.0902277
0.0518321
0.0896974
0.0479523
0.0891553
0.044211
0.0886015
0.0406788
0.0880358
0.0374632
0.0874582
0.0347528
0.0868656
0.032912
0.0861468
0.0326764
0.0812518
0.0326759
0.0339112
0.0312975
0.0773451
0.0797378
0.0326753
0.0349579
0.0316456
0.0735207
0.0780554
0.0326748
0.035889
0.0329825
0.0697877
0.0761983
0.0326743
0.0367502
0.0349042
0.0661544
0.0741627
0.0326737
0.0375705
0.0371883
0.0626278
0.0719481
0.0326732
0.0383683
0.0397094
0.0592139
0.0695578
0.0326727
0.0391551
0.042394
0.0559176
0.0669994
0.0326721
0.0399382
0.0451956
0.0527424
0.0642847
0.0326716
0.0407221
0.0480813
0.0496911
0.0614298
0.0326711
0.0415096
0.0510255
0.0467651
0.0584543
0.0326705
0.0423026
0.0540056
0.0439644
0.0553807
0.03267
0.043102
0.0570007
0.0412879
0.0522328
0.0326694
0.0439084
0.0599906
0.0387318
0.0490324
0.0326689
0.0447222
0.0629558
0.0362891
0.0457951
0.0326684
0.0455435
0.0658777
0.0339461
0.0425214
0.0326678
0.0463723
0.0687386
0.0316765
0.0391796
0.0326673
0.0472085
0.0715222
0.0294283
0.0356718
0.0326667
0.048052
0.0742137
0.0270982
0.0317641
0.0326755
0.0489026
0.0768003
0.0244765
0.0269391
0.0318184
0.0497602
0.0792714
0.0211355
0.020082
0.0302933
0.031374
0.0412216
0.06537
0.0361872
0.0808599
0.0206018
0.0181272
0.0200818
0.0165708
0.0287748
0.0309348
0.032918
0.0731882
0.0267819
0.0823895
0.0200644
0.0153296
0.0200816
0.0157236
0.0272701
0.0305008
0.0254226
0.0775609
0.0203719
0.083859
0.0195227
0.0127996
0.0200813
0.0156476
0.0257862
0.0300718
0.0190804
0.0803906
0.0160929
0.0852675
0.0189761
0.0105679
0.0200811
0.0157966
0.0243294
0.0296479
0.0139924
0.0825099
0.0133211
0.0866146
0.0184241
0.00864118
0.0200809
0.0160129
0.0229058
0.0292291
0.0100784
0.0842832
0.0116138
0.0879002
0.017866
0.00700793
0.0200807
0.0162512
0.0215206
0.0288152
0.00716206
0.0858696
0.0106611
0.0891244
0.0173012
0.00564453
0.0200805
0.0164982
0.0201786
0.0284064
0.00503965
0.0873383
0.0102482
0.0902877
0.016729
0.00452077
0.0200803
0.0167503
0.0188837
0.0280024
0.00352116
0.0887199
0.0102278
0.091391
0.0161488
0.00360407
0.02008
0.0170064
0.017639
0.0276034
0.00244789
0.0900276
0.0104995
0.0924353
0.0155598
0.00286256
0.0200798
0.0172662
0.016447
0.0272092
0.00169576
0.0912677
0.0109955
0.093422
0.0149613
0.0022668
0.0200796
0.0175296
0.0153095
0.0268199
0.00117185
0.0924437
0.0116708
0.0943524
0.0143524
0.00179074
0.0200794
0.0177967
0.0142271
0.0264354
0.00080842
0.0935575
0.012496
0.0952285
0.0137323
0.00141196
0.0200792
0.0180675
0.0131995
0.0260556
0.000557044
0.094611
0.0134522
0.0960518
0.0131002
0.00111162
0.020079
0.0183421
0.0122234
0.0256805
0.000383522
0.0956059
0.014528
0.0968245
0.0124551
0.000874124
0.0200787
0.0186204
0.0112898
0.0253101
0.000263912
0.0965439
0.0157168
0.0975485
0.0117961
0.000686725
0.0200785
0.0189026
0.0103723
0.0249444
0.000181557
0.097427
0.0170156
0.0982259
0.0111221
0.000539151
0.0200783
0.0191886
0.00939665
0.0245833
0.000124937
0.0982571
0.0184233
0.0988589
0.0104322
0.000423484
0.0200781
0.0194785
0.00814932
0.0242269
8.61716e-05
0.0990362
0.0199402
0.0994495
0.00972511
0.00033628
0.0200779
0.0197724
0.00601186
0.0238754
6.00837e-05
0.0997666
0.0215675
0.1
0.00899975
0.000299773
0.0200778
0.0200703
0.00362204
0.00583862
0.0236711
5.05624e-05
0.0997666
0.0998708
0.0242476
0.00873193
0.00738784
0.0202472
0.00217769
0.00567117
0.0234682
4.26967e-05
0.0997667
0.0999285
0.0271976
0.00847141
0.00629424
0.0204253
0.00130815
0.00550973
0.0232669
3.62992e-05
0.0997667
0.0999605
0.0304164
0.00821802
0.00556418
0.0206047
0.00078602
0.00535467
0.0230672
3.12668e-05
0.0997667
0.0999783
0.0338994
0.00797161
0.00508932
0.0207855
0.000473098
0.00520658
0.0228689
2.76019e-05
0.0997667
0.0999881
0.037637
0.00773203
0.0047939
0.0209676
0.000285919
0.00506636
0.0226721
2.54559e-05
0.0997667
0.0999935
0.041613
0.00749911
0.00462495
0.0211512
0.000174254
0.00493537
0.0224769
2.5205e-05
0.0997668
0.0999965
0.0458037
0.0072727
0.0045455
0.0213363
0.000107951
0.00481559
0.0222831
2.7581e-05
0.0997668
0.0999982
0.0501777
0.00705266
0.00452971
0.0215227
6.89357e-05
0.00470992
0.0220908
3.38931e-05
0.0997668
0.0999991
0.0546962
0.00683883
0.00455958
0.0217106
4.64003e-05
0.00462256
0.0219
0.0997667
0.0999996
0.0593139
0.00663106
0.0997665
0.0999999
0.0639804
0.0064292
0.0997658
0.1
0.0686416
0.00623312
0.0997637
0.1
0.073243
0.00604266
0.0997578
0.1
0.077731
0.0058577
0.0997407
0.1
0.0820563
0.00567808
0.0996913
0.1
0.0861753
0.00550368
0.0995492
0.1
0.0900519
0.00533437
0.0991399
0.1
0.093659
0.00517009
0.0979616
0.1
0.0969781
0.0050133
0.094569
0.1
0.1
0.00493738
0.094569
0.0692117
0.094569
0.0503222
0.094569
0.0369419
0.094569
0.0280674
0.094569
0.0227254
0.094569
0.020088
0.0945691
0.0195321
0.0945691
0.0206334
0.0945691
0.0231261
0.0945691
0.0268508
0.0945691
0.0317046
0.0945691
0.0375978
0.0945691
0.0444188
0.0945691
0.0520106
0.0945691
0.0601611
0.0945691
0.0686109
0.0945691
0.0770757
0.0945691
0.0852778
0.0945691
0.0929782
0.0945691
0.1
0.0945691
0.0945691
0.0945691
0.0945691
0.0945691
0.0945691
0.0945691
0.0945691
0.0945692
0.0945692
0.0945692
0.0945692
0.0945692
0.0945692
0.0945692
0.0945692
0.0945692
0.0945692
0.0945692
0.0945692
END_LIST
