BEGIN_LIST
0.1
0.0998024
0.0996052
0.0994084
0.0992119
0.0990158
0.09882
0.0986246
0.0984295
0.0982348
0.0980403
0.0978459
0.097651
0.0974546
0.0972538
0.0970413
0.0967985
0.096479
0.095965
0.0949598
0.0927141
0.0853912
0.0910977
0.0783055
0.0894847
0.071511
0.0878761
0.0650508
0.0862727
0.0589574
0.0846755
0.0532523
0.0830853
0.0479471
0.081503
0.0430449
0.0799295
0.0385411
0.0783654
0.034425
0.0768117
0.0306814
0.0752691
0.0272919
0.0737383
0.0242364
0.0722202
0.021495
0.0707152
0.0190509
0.0692242
0.0168951
0.0677478
0.0150366
0.0662864
0.0135236
0.0648373
0.0124905
0.0632655
0.0122605
0.0561689
0.0122602
0.0136571
0.0098005
0.0523784
0.0515934
0.0122599
0.0146765
0.00895398
0.0488173
0.0472128
0.0122596
0.015466
0.00895518
0.0454753
0.0430508
0.0122594
0.016117
0.00942345
0.042342
0.039125
0.0122591
0.0166861
0.0101719
0.0394071
0.0354468
0.0122588
0.0172085
0.011111
0.0366604
0.0320219
0.0122586
0.0177059
0.0122
0.0340919
0.028851
0.0122583
0.0181921
0.0134231
0.0316918
0.0259308
0.012258
0.0186754
0.0147768
0.0294506
0.0232541
0.0122578
0.0191612
0.0162641
0.0273588
0.0208114
0.0122575
0.019653
0.0178912
0.0254073
0.0185909
0.0122572
0.020153
0.019666
0.0235869
0.0165793
0.0122569
0.0206625
0.0215973
0.0218878
0.0147626
0.0122567
0.0211825
0.0236941
0.0202988
0.0131257
0.0122564
0.0217139
0.0259652
0.0188054
0.0116529
0.0122561
0.0222569
0.028419
0.0173858
0.0103268
0.0122559
0.0228122
0.0310632
0.0160023
0.00912667
0.0122555
0.02338
0.0339046
0.0145841
0.00802351
0.0122607
0.0239606
0.0369483
0.0129901
0.0069697
0.0117616
0.0245543
0.0401982
0.0109326
0.00587554
0.0108053
0.0115746
0.0176235
0.0340887
0.0173243
0.0425039
0.0106336
0.00874364
0.00587546
0.00540495
0.00991908
0.0113905
0.0124907
0.0394688
0.0124384
0.0448985
0.010332
0.00696259
0.00587539
0.00533026
0.00909905
0.0112092
0.00877223
0.0431874
0.00916725
0.0473828
0.0100276
0.0055249
0.00587531
0.00537061
0.0083413
0.0110308
0.0061206
0.0462752
0.00700681
0.0499565
0.00971993
0.00437175
0.00587524
0.0054451
0.00764201
0.0108551
0.00425082
0.0491596
0.005611
0.0526184
0.00940867
0.00345153
0.00587516
0.00553045
0.00699742
0.0106822
0.00294272
0.0520174
0.00474342
0.0553666
0.00909346
0.00272015
0.00587509
0.00561995
0.0064039
0.0105119
0.00203257
0.0549206
0.00424326
0.058198
0.00877389
0.00214073
0.00587501
0.0057117
0.00585795
0.0103443
0.00140174
0.0578973
0.00400166
0.0611092
0.00844956
0.00168285
0.00587494
0.00580517
0.0053562
0.0101793
0.000965644
0.060957
0.00394527
0.0640957
0.00812004
0.00132175
0.00587486
0.00590021
0.00489547
0.0100169
0.000664729
0.0641004
0.00402509
0.0671525
0.00778487
0.00103741
0.00587478
0.00599681
0.00447273
0.00985696
0.00045735
0.0673247
0.00420873
0.0702737
0.00744358
0.000813793
0.00587471
0.00609497
0.00408507
0.00969956
0.000314558
0.0706247
0.00447521
0.0734528
0.0070957
0.000638106
0.00587463
0.00619472
0.00372975
0.00954462
0.000216295
0.0739939
0.00481138
0.0766826
0.00674069
0.000500179
0.00587456
0.00629607
0.00340402
0.0093921
0.000148703
0.0774249
0.00520954
0.0799554
0.00637803
0.000391962
0.00587448
0.00639906
0.00310488
0.00924196
0.000102222
0.0809093
0.00566572
0.0832628
0.00600714
0.000307095
0.00587441
0.00650371
0.00282822
0.00909418
7.02666e-05
0.0844383
0.00617868
0.086596
0.00562742
0.000240567
0.00587433
0.00661004
0.00256634
0.00894871
4.83038e-05
0.0880021
0.00674908
0.089946
0.00523827
0.000188444
0.00587426
0.00671809
0.00230052
0.00880554
3.32225e-05
0.0915908
0.007379
0.0933031
0.00483902
0.000147753
0.00587418
0.00682788
0.00197905
0.00866467
2.29047e-05
0.0951938
0.00807164
0.0966577
0.00442899
0.00011716
0.00587411
0.00693942
0.00145175
0.00852617
1.59622e-05
0.0988004
0.00883104
0.1
0.00400747
0.000104369
0.00587407
0.00705277
0.000870161
0.00140961
0.00844583
1.34266e-05
0.0988004
0.0993349
0.010119
0.00387994
0.00305958
0.00712022
0.000521558
0.0013692
0.00836622
1.13289e-05
0.0988004
0.0996314
0.0115959
0.00375641
0.00240626
0.00718824
0.000312748
0.00133069
0.00828735
9.61737e-06
0.0988004
0.0997957
0.0132828
0.00363675
0.00195877
0.00725687
0.000187749
0.00129431
0.00820922
8.26147e-06
0.0988004
0.0998869
0.015204
0.00352084
0.00165516
0.00732611
0.000112983
0.00126043
0.0081318
7.25682e-06
0.0988004
0.0999374
0.0173865
0.00340858
0.0014522
0.007396
6.83204e-05
0.00122958
0.0080551
6.63539e-06
0.0988004
0.0999654
0.0198596
0.00329985
0.00131975
0.00746654
4.17077e-05
0.00120258
0.00797911
6.48338e-06
0.0988004
0.099981
0.0226544
0.00319454
0.00123676
0.00753773
2.59282e-05
0.00118055
0.00790382
6.97234e-06
0.0988004
0.0999896
0.0258036
0.00309254
0.00118858
0.00760959
1.66649e-05
0.00116516
0.00782923
8.41191e-06
0.0988003
0.0999943
0.0293402
0.00299376
0.00116497
0.00768213
1.13386e-05
0.00115882
0.00775534
0.0988002
0.0999969
0.0332972
0.0028981
0.0987999
0.0999984
0.0377061
0.00280546
0.0987989
0.0999992
0.0425956
0.00271575
0.0987962
0.0999996
0.0479898
0.00262887
0.0987885
0.0999998
0.0539063
0.00254475
0.0987661
0.1
0.0603541
0.00246328
0.0987016
0.1
0.067331
0.0023844
0.0985159
0.1
0.0748222
0.00230803
0.0979814
0.1
0.0827977
0.00223411
0.0964423
0.1
0.0912112
0.00216373
0.0920111
0.1
0.1
0.00212968
0.0920111
0.0607711
0.0920111
0.0398631
0.0920111
0.026365
0.0920111
0.0179669
0.0920111
0.0130035
0.0920111
0.0103541
0.0920111
0.00930611
0.092011
0.009435
0.092011
0.0105143
0.092011
0.012454
0.092011
0.0152598
0.092011
0.0190072
0.092011
0.0238226
0.092011
0.0298679
0.092011
0.0373228
0.092011
0.0463634
0.092011
0.0571332
0.092011
0.0697072
0.092011
0.0840535
0.0920109
0.1
0.0920109
0.0920109
0.0920109
0.0920109
0.0920109
0.0920109
0.0920109
0.0920108
0.0920108
0.0920108
0.0920108
0.0920108
0.0920108
0.0920108
0.0920108
0.0920107
0.0920107
0.0920107
0.0920107
0.0920107
END_LIST
