BEGIN_LIST
0.1
0.0998295
0.0996593
0.0994893
0.0993195
0.0991499
0.0989805
0.0988114
0.0986425
0.0984738
0.0983053
0.098137
0.0979689
0.0978007
0.097632
0.0974621
0.0972884
0.0971049
0.0968965
0.096625
0.0961941
0.0947599
0.095947
0.0931407
0.0956927
0.0913236
0.0954309
0.0892979
0.0951616
0.0870557
0.0948845
0.0845931
0.0945995
0.0819103
0.0943064
0.0790133
0.0940051
0.0759135
0.0936954
0.0726288
0.093377
0.0691835
0.09305
0.0656086
0.092714
0.0619423
0.092369
0.0582318
0.0920148
0.0545373
0.0916511
0.0509415
0.091278
0.0475703
0.0908951
0.0446363
0.0904998
0.0425274
0.0899971
0.0419855
0.0858955
0.0419849
0.0422811
0.0425237
0.0822976
0.0850598
0.0419843
0.0427585
0.0440037
0.0787279
0.0841084
0.0419837
0.0433488
0.0460661
0.0751978
0.0830298
0.0419831
0.04401
0.0484858
0.0717178
0.0818127
0.0419825
0.0447166
0.0511205
0.0682979
0.0804463
0.0419819
0.045453
0.0538785
0.0649472
0.0789206
0.0419813
0.0462095
0.0566983
0.0616739
0.0772271
0.0419807
0.0469803
0.0595366
0.0584854
0.0753593
0.0419802
0.0477617
0.0623607
0.0553878
0.073313
0.0419796
0.0485514
0.0651452
0.0523863
0.0710864
0.041979
0.0493478
0.0678688
0.0494846
0.0686797
0.0419784
0.0501499
0.070514
0.0466847
0.066094
0.0419778
0.0509571
0.0730659
0.0439863
0.063328
0.0419772
0.0517687
0.0755125
0.0413849
0.0603709
0.0419766
0.0525844
0.0778439
0.0388691
0.0571889
0.041976
0.0534037
0.0800529
0.0364138
0.0536976
0.0419754
0.0542263
0.0821342
0.0339672
0.0497058
0.0419748
0.0550519
0.0840849
0.0314236
0.0448036
0.0419836
0.0558802
0.0859041
0.0285682
0.0381324
0.0411225
0.0567108
0.0875924
0.0249627
0.0279056
0.0397002
0.0405897
0.0493029
0.0728953
0.0419772
0.0886519
0.0243687
0.021989
0.0279053
0.0225378
0.0382414
0.0400621
0.0413027
0.0807206
0.0316807
0.0896543
0.0237712
0.0190677
0.0279051
0.0212016
0.0367526
0.0395396
0.0333386
0.0848217
0.0246236
0.0906011
0.0231699
0.01629
0.0279048
0.0210333
0.0352403
0.0390223
0.0259953
0.0872484
0.0199047
0.0914938
0.022564
0.0137269
0.0279046
0.0212054
0.0337119
0.03851
0.0196677
0.0889054
0.016861
0.0923341
0.021953
0.0114254
0.0279043
0.0214787
0.0321748
0.0380028
0.0145159
0.0901921
0.0150148
0.093124
0.0213362
0.00940755
0.0279041
0.0217841
0.0306364
0.0375007
0.010507
0.0912851
0.0140267
0.0938652
0.0207131
0.00767447
0.0279038
0.0221017
0.0291043
0.0370037
0.00749391
0.0922628
0.013659
0.0945599
0.0200829
0.0062118
0.0279036
0.0224258
0.0275858
0.0365117
0.00528716
0.0931607
0.0137468
0.09521
0.019445
0.00499523
0.0279033
0.0227547
0.0260878
0.0360248
0.0037011
0.0939954
0.0141766
0.0958177
0.0187985
0.00399545
0.0279031
0.0230881
0.0246168
0.035543
0.00257642
0.0947754
0.0148711
0.0963849
0.0181427
0.00318187
0.0279028
0.0234257
0.0231785
0.0350661
0.00178648
0.0955056
0.0157777
0.0969138
0.0174767
0.00252505
0.0279025
0.0237675
0.0217777
0.0345943
0.00123534
0.0961892
0.0168614
0.0974064
0.0167998
0.00199815
0.0279023
0.0241137
0.0204173
0.0341275
0.000852609
0.0968288
0.018099
0.0978647
0.016111
0.00157764
0.027902
0.0244642
0.0190959
0.0336657
0.000587681
0.0974268
0.0194752
0.0982907
0.0154094
0.0012434
0.0279018
0.0248191
0.0178016
0.0332089
0.000404714
0.0979854
0.0209801
0.0986863
0.0146939
0.000978585
0.0279015
0.0251783
0.0164941
0.032757
0.000278571
0.0985066
0.0226073
0.0990532
0.0139637
0.00076938
0.0279013
0.025542
0.0150531
0.0323101
0.000191769
0.0989925
0.0243525
0.0993934
0.0132174
0.000604997
0.027901
0.0259102
0.0131316
0.0318682
0.000132306
0.099445
0.0262126
0.0997084
0.0124541
0.000480847
0.0279008
0.0262828
0.00973154
0.0314317
9.22837e-05
0.0998662
0.0281848
0.1
0.0116726
0.000428833
0.0279007
0.0266599
0.00588624
0.00945499
0.0311776
7.76826e-05
0.0998662
0.099926
0.0313843
0.0113376
0.00995407
0.0268837
0.00354756
0.009187
0.0309252
6.56312e-05
0.0998662
0.0999591
0.0348335
0.011011
0.00880448
0.0271087
0.0021341
0.00892776
0.0306744
5.5849e-05
0.0998662
0.0999775
0.0385131
0.0106927
0.00805501
0.0273353
0.0012833
0.00867766
0.0304253
4.81888e-05
0.0998663
0.0999877
0.042399
0.0103825
0.0075873
0.0275634
0.00077263
0.00843732
0.0301778
4.26727e-05
0.0998663
0.0999933
0.046461
0.0100803
0.00731844
0.027793
0.000466855
0.00820769
0.029932
3.95632e-05
0.0998663
0.0999964
0.0506626
0.00978594
0.00719043
0.0280242
0.000284295
0.00799023
0.0296878
3.94884e-05
0.0998663
0.0999981
0.0549615
0.00949928
0.0071627
0.028257
0.0001758
0.00778711
0.0294453
4.36553e-05
0.0998663
0.0999991
0.0593106
0.00922017
0.0072069
0.0284915
0.000111877
0.00760149
0.0292044
5.42134e-05
0.0998663
0.0999996
0.0636602
0.00894845
0.00730326
0.0287275
7.48631e-05
0.00743799
0.0289651
0.0998663
0.0999999
0.0679589
0.00868397
0.0998661
0.1
0.0721571
0.0084266
0.0998654
0.1
0.0762082
0.00817617
0.0998636
0.1
0.0800714
0.00793255
0.0998582
0.1
0.0837124
0.00769558
0.0998426
0.1
0.0871051
0.00746512
0.0997977
0.1
0.0902319
0.00724102
0.0996682
0.1
0.0930832
0.00702315
0.0992956
0.1
0.0956574
0.00681147
0.0982228
0.1
0.0979595
0.0066092
0.0951339
0.1
0.1
0.0065112
0.0951339
0.071864
0.0951339
0.054216
0.0951339
0.0414581
0.0951339
0.0328606
0.0951339
0.0276788
0.0951339
0.0252297
0.0951339
0.024959
0.0951339
0.0264575
0.095134
0.0294372
0.095134
0.0336876
0.095134
0.0390318
0.095134
0.0452884
0.095134
0.0522487
0.095134
0.0596689
0.095134
0.0672798
0.095134
0.0748095
0.095134
0.0820115
0.095134
0.0886885
0.095134
0.0947072
0.095134
0.1
0.095134
0.095134
0.095134
0.095134
0.095134
0.095134
0.0951341
0.0951341
0.0951341
0.0951341
0.0951341
0.0951341
0.0951341
0.0951341
0.0951341
0.0951341
0.0951341
0.0951341
0.0951341
0.0951341
END_LIST
