BEGIN_LIST
0.1
0.0998324
0.099665
0.0994978
0.0993309
0.0991641
0.0989975
0.0988312
0.0986651
0.0984991
0.0983334
0.0981678
0.0980024
0.097837
0.0976714
0.0975048
0.0973356
0.0971593
0.096965
0.096725
0.0963698
0.0952115
0.0961723
0.0938933
0.0959688
0.0924009
0.0957591
0.0907211
0.0955431
0.0888422
0.0953206
0.0867549
0.0950915
0.0844532
0.0948556
0.0819351
0.0946127
0.0792036
0.0943627
0.0762674
0.0941055
0.0731417
0.0938408
0.069849
0.0935685
0.06642
0.0932884
0.0628963
0.0930004
0.0593343
0.0927044
0.0558154
0.0924001
0.0524659
0.0920873
0.0494971
0.0917635
0.0472872
0.0913412
0.046542
0.0875683
0.0465414
0.0462746
0.0481523
0.0841406
0.0869517
0.0465408
0.0464014
0.0502069
0.0807195
0.0862445
0.0465402
0.0467731
0.0525726
0.0773163
0.0854357
0.0465396
0.0472975
0.0551378
0.0739419
0.0845143
0.046539
0.0479178
0.0578169
0.0706068
0.0834686
0.0465384
0.0485987
0.0605463
0.0673211
0.0822872
0.0465378
0.0493183
0.0632791
0.0640938
0.0809587
0.0465372
0.0500631
0.0659806
0.0609334
0.0794723
0.0465366
0.0508247
0.0686239
0.0578474
0.0778182
0.046536
0.0515976
0.0711886
0.0548423
0.0759873
0.0465354
0.0523785
0.0736585
0.0519231
0.0739708
0.0465348
0.0531651
0.0760211
0.0490933
0.0717587
0.0465342
0.053956
0.0782671
0.0463539
0.0693358
0.0465336
0.0547502
0.0803897
0.0437019
0.066674
0.046533
0.0555469
0.0823847
0.0411269
0.0637157
0.0465324
0.0563455
0.08425
0.038605
0.0603402
0.0465318
0.0571456
0.0859855
0.0360854
0.0562982
0.0465311
0.0579468
0.0875926
0.0334636
0.0510791
0.0465397
0.0587487
0.0890745
0.0305266
0.0436438
0.0457037
0.0595509
0.0904352
0.0268404
0.0318758
0.0443931
0.0451359
0.0528444
0.0757482
0.044511
0.0912815
0.0262252
0.0239393
0.0318755
0.0256439
0.0430309
0.0445731
0.0452477
0.0834684
0.0339615
0.0920773
0.025607
0.0210132
0.0318752
0.0240806
0.0416215
0.044015
0.0373197
0.0874083
0.0267136
0.0928245
0.0249853
0.01816
0.031875
0.0238703
0.0401701
0.0434619
0.0296815
0.0896503
0.0218655
0.0935249
0.0243597
0.0154657
0.0318747
0.0240544
0.0386824
0.0429136
0.0228424
0.0911154
0.0187485
0.0941807
0.0237294
0.0129953
0.0318745
0.0243554
0.0371651
0.0423702
0.0170943
0.0922105
0.0168764
0.0947939
0.0230939
0.0107892
0.0318742
0.0246934
0.0356249
0.0418317
0.0125075
0.0931157
0.0159019
0.0953666
0.0224526
0.00886438
0.0318739
0.0250451
0.0340693
0.0412981
0.00899341
0.0939113
0.01558
0.0959008
0.0218048
0.00721803
0.0318737
0.0254038
0.0325058
0.0407695
0.00638293
0.094634
0.0157396
0.0963985
0.0211497
0.00583334
0.0318734
0.0257677
0.0309421
0.0402457
0.0044873
0.0953007
0.0162624
0.0968618
0.0204867
0.00468491
0.0318732
0.0261362
0.0293855
0.0397268
0.0031332
0.0959201
0.017067
0.0972927
0.0198149
0.00374335
0.0318729
0.0265092
0.0278432
0.0392129
0.00217718
0.0964973
0.0180978
0.0976929
0.0191336
0.00297859
0.0318726
0.0268867
0.0263214
0.0387039
0.00150775
0.0970355
0.019317
0.0980644
0.018442
0.00236213
0.0318724
0.0272686
0.024824
0.0381998
0.0010417
0.0975372
0.020699
0.098409
0.0177392
0.00186822
0.0318721
0.027655
0.0233503
0.0377006
0.000718527
0.0980048
0.0222263
0.0987282
0.0170241
0.00147442
0.0318718
0.0280459
0.0218859
0.0372063
0.000495067
0.0984402
0.0238871
0.0990239
0.016296
0.00116165
0.0318716
0.0284414
0.0203804
0.0367169
0.000340879
0.0988453
0.0256729
0.0992974
0.0155537
0.000914091
0.0318713
0.0288415
0.0186825
0.0362325
0.000234718
0.099222
0.0275773
0.0995504
0.0147962
0.000719275
0.0318711
0.0292462
0.0163564
0.035753
0.000161967
0.099572
0.029595
0.0997841
0.0140225
0.000571985
0.0318708
0.0296555
0.0121567
0.035279
0.000112994
0.099897
0.0317209
0.1
0.0132312
0.000510248
0.0318707
0.0300694
0.00737181
0.0118147
0.0350029
9.51295e-05
0.099897
0.099943
0.0351417
0.0128592
0.0115044
0.0303148
0.00444993
0.0114829
0.0347284
8.03904e-05
0.099897
0.0999686
0.0387892
0.012496
0.0103608
0.0305615
0.0026795
0.0111615
0.0344556
6.84372e-05
0.099897
0.0999827
0.0426347
0.0121417
0.00962826
0.0308098
0.00161215
0.0108508
0.0341844
5.90958e-05
0.0998971
0.0999906
0.046645
0.011796
0.00918565
0.0310596
0.000970872
0.0105514
0.033915
5.24033e-05
0.0998971
0.0999949
0.0507816
0.0114589
0.00894819
0.031311
0.000586648
0.0102644
0.0336472
4.86979e-05
0.0998971
0.0999973
0.055001
0.0111301
0.00885648
0.0315641
0.000357145
0.00999117
0.033381
4.87754e-05
0.0998971
0.0999986
0.0592558
0.0108097
0.00886895
0.0318187
0.000220693
0.00973396
0.0331165
5.41595e-05
0.0998971
0.0999993
0.0634964
0.0104973
0.00895654
0.032075
0.000140251
0.00949602
0.0328537
6.75572e-05
0.0998971
0.0999997
0.0676728
0.0101929
0.00909897
0.0323329
9.36249e-05
0.00928208
0.0325925
0.0998971
0.0999999
0.0717373
0.00989633
0.0998969
0.1
0.0756457
0.00960746
0.0998963
0.1
0.07936
0.00932613
0.0998945
0.1
0.0828491
0.0090522
0.0998894
0.1
0.0860899
0.00878551
0.0998745
0.1
0.0890676
0.00852594
0.0998317
0.1
0.0917753
0.00827332
0.0997085
0.1
0.0942134
0.00802753
0.0993538
0.1
0.0963885
0.00778855
0.0983322
0.1
0.0983122
0.00756002
0.0953911
0.1
0.1
0.00744927
0.0953912
0.0731761
0.0953912
0.0562184
0.0953912
0.0438606
0.0953912
0.0354783
0.0953912
0.0304279
0.0953912
0.0280975
0.0953912
0.0279698
0.0953912
0.0296445
0.0953912
0.0328209
0.0953912
0.037261
0.0953912
0.0427502
0.0953912
0.049066
0.0953912
0.0559624
0.0953912
0.0631711
0.0953912
0.0704171
0.0953913
0.077444
0.0953913
0.084038
0.0953913
0.0900448
0.0953913
0.0953753
0.0953913
0.1
0.0953913
0.0953913
0.0953913
0.0953913
0.0953913
0.0953913
0.0953913
0.0953913
0.0953913
0.0953913
0.0953913
0.0953913
0.0953913
0.0953914
0.0953914
0.0953914
0.0953914
0.0953914
0.0953914
0.0953914
END_LIST
