BEGIN_LIST
0
-1.61568e-152
-5.27474e-152
-1.30477e-151
-2.85907e-151
-5.71968e-151
-1.02342e-150
-1.47948e-150
-9.08113e-151
4.8764e-150
3.04369e-149
1.22663e-148
4.25622e-148
1.36839e-147
4.2007e-147
1.25029e-146
3.64013e-146
1.04248e-145
2.94777e-145
8.25157e-145
7.23214e-145
5.13065e-145
6.60071e-145
4.17652e-145
5.97869e-145
5.16055e-145
5.36534e-145
9.49461e-145
4.75996e-145
1.9656e-144
4.16182e-145
3.99688e-144
3.57026e-145
7.79885e-144
2.98495e-145
1.46969e-143
2.42046e-145
2.70298e-143
2.52676e-145
4.8952e-143
3.11413e-144
8.78955e-143
1.27944e-142
1.57254e-142
5.47246e-141
2.81348e-142
2.34207e-139
5.0466e-142
1.00229e-137
9.09166e-142
4.29008e-136
1.64701e-141
1.83632e-134
3.00245e-141
7.86094e-133
5.50949e-141
3.36508e-131
1.0175e-140
1.44068e-129
1.88974e-140
6.16926e-128
1.96619e-140
2.53382e-140
1.06495e-140
1.45728e-127
6.50235e-128
2.04583e-140
2.92516e-140
6.01036e-141
2.82034e-127
6.84785e-128
2.12883e-140
3.15332e-140
3.40052e-141
4.95209e-127
7.20496e-128
2.21531e-140
3.2762e-140
1.92961e-141
8.19589e-127
7.57254e-128
2.30543e-140
3.33124e-140
1.09838e-141
1.30266e-126
7.94907e-128
2.39936e-140
3.34264e-140
6.27205e-142
2.00961e-126
8.33254e-128
2.49726e-140
3.32608e-140
3.59266e-142
3.02929e-126
8.72037e-128
2.59931e-140
3.2917e-140
2.06409e-142
4.48226e-126
9.10925e-128
2.7057e-140
3.24607e-140
1.1893e-142
6.5313e-126
9.49492e-128
2.81661e-140
3.19343e-140
6.87134e-143
9.39561e-126
9.87181e-128
2.93225e-140
3.13656e-140
3.98031e-143
1.33696e-125
1.02324e-127
3.05284e-140
3.07723e-140
2.31127e-143
1.88481e-125
1.05659e-127
3.17859e-140
3.0166e-140
1.34518e-143
2.63607e-125
1.08562e-127
3.30974e-140
2.95543e-140
7.84588e-144
3.6618e-125
1.10771e-127
3.44652e-140
2.89419e-140
4.58533e-144
5.05751e-125
1.11845e-127
3.58956e-140
2.83322e-140
2.68474e-144
6.95193e-125
1.11004e-127
3.70735e-140
2.77272e-140
1.57461e-144
9.51942e-125
1.06831e-127
6.5827e-140
2.71282e-140
9.24948e-145
1.29978e-124
9.66961e-128
-2.31387e-138
2.65361e-140
5.4408e-145
1.77152e-124
7.56508e-128
2.06158e-136
2.59514e-140
3.20423e-145
2.41325e-124
3.42251e-128
1.19794e-135
2.09026e-136
1.80429e-139
1.17415e-140
2.09078e-140
2.26317e-145
2.54232e-124
2.34443e-124
3.48571e-128
1.01364e-128
3.87968e-135
2.11921e-136
4.97134e-139
5.325e-141
1.69478e-140
1.59885e-145
2.66052e-124
2.23905e-124
3.55008e-128
3.00166e-129
1.11357e-134
2.14844e-136
1.16047e-138
2.41795e-141
1.38761e-140
1.12961e-145
2.76673e-124
2.1017e-124
3.61563e-128
8.88855e-130
3.07974e-134
2.17794e-136
2.61247e-138
1.09882e-141
1.15147e-140
7.97999e-146
2.85986e-124
1.93956e-124
3.68239e-128
2.63214e-130
8.41726e-134
2.20771e-136
5.96381e-138
4.9968e-142
9.70853e-141
5.63538e-146
2.93886e-124
1.76126e-124
3.75039e-128
7.79479e-131
2.29352e-133
2.23776e-136
1.41067e-137
2.27351e-142
8.32877e-141
3.97695e-146
3.00274e-124
1.57569e-124
3.81964e-128
2.30845e-131
6.25052e-133
2.26809e-136
3.47844e-137
1.03497e-142
7.27174e-141
2.80351e-146
3.05056e-124
1.39092e-124
3.89017e-128
6.837e-132
1.70589e-132
2.2987e-136
8.91777e-137
4.71364e-143
6.45627e-141
1.97301e-146
3.08144e-124
1.21348e-124
3.962e-128
2.02519e-132
4.66474e-132
2.32959e-136
2.36185e-136
2.14763e-143
5.82002e-141
1.38517e-146
3.09457e-124
1.04802e-124
4.03516e-128
6.00081e-133
1.27833e-131
2.36076e-136
6.41598e-136
9.788e-144
5.31576e-141
9.69075e-147
3.08924e-124
8.97436e-125
4.10967e-128
1.77988e-133
3.51113e-131
2.39221e-136
1.77623e-135
4.46158e-144
4.90807e-141
6.74623e-147
3.0648e-124
7.63043e-125
4.18556e-128
5.29643e-134
9.66656e-131
2.42395e-136
4.98559e-135
2.03331e-144
4.57056e-141
4.66341e-147
3.0207e-124
6.44993e-125
4.26284e-128
1.59289e-134
2.66772e-130
2.45597e-136
1.41318e-134
9.25878e-145
4.28371e-141
3.19123e-147
2.95651e-124
5.42617e-125
4.34156e-128
4.9556e-135
7.3802e-130
2.48828e-136
4.03357e-134
4.20681e-145
4.03314e-141
2.15194e-147
2.87188e-124
4.54738e-125
4.42173e-128
1.70215e-135
2.04674e-129
2.52088e-136
1.15687e-133
1.90184e-145
3.80832e-141
1.41954e-147
2.7666e-124
3.79917e-125
4.50337e-128
7.35565e-136
5.69033e-129
2.55377e-136
3.32922e-133
8.50346e-146
3.60161e-141
9.04705e-148
2.64054e-124
3.16628e-125
4.58653e-128
4.46457e-136
1.58601e-128
2.58695e-136
9.60319e-133
3.70992e-146
3.4075e-141
5.44126e-148
2.49373e-124
2.63393e-125
4.67122e-128
3.58076e-136
4.43217e-128
2.62042e-136
2.77453e-132
1.52862e-146
3.22209e-141
2.92864e-148
2.32632e-124
2.18992e-125
4.75744e-128
3.29184e-136
1.24232e-127
2.6542e-136
8.02499e-132
5.40178e-147
3.0427e-141
1.19032e-148
2.13856e-124
1.83652e-125
4.84409e-128
3.17941e-136
3.49673e-127
2.68831e-136
2.3229e-131
9.64029e-148
2.86753e-141
0
1.93087e-124
1.68432e-125
4.88724e-128
3.11948e-136
2.1992e-127
4.99961e-127
2.70842e-136
3.78275e-131
9.87422e-148
5.51759e-148
2.60468e-141
1.92203e-124
1.42217e-124
3.09295e-136
1.37304e-127
7.04581e-127
2.72864e-136
6.14581e-131
1.01141e-147
3.15807e-148
2.34797e-141
1.91293e-124
1.04713e-124
3.06866e-136
8.53261e-128
9.82987e-127
2.74895e-136
9.97317e-131
1.036e-147
1.80761e-148
2.09743e-141
1.90359e-124
7.7078e-125
3.04559e-136
5.28724e-128
1.3616e-126
2.76937e-136
1.6174e-130
1.06122e-147
1.03463e-148
1.85427e-141
1.89402e-124
5.67239e-125
3.02319e-136
3.27049e-128
1.87632e-126
2.78989e-136
2.62223e-130
1.0871e-147
5.92194e-149
1.62043e-141
1.88422e-124
4.17362e-125
3.00119e-136
2.02085e-128
2.5759e-126
2.81052e-136
4.25067e-130
1.11369e-147
3.38934e-149
1.39815e-141
1.87421e-124
3.07017e-125
2.97946e-136
1.2479e-128
3.52659e-126
2.83125e-136
6.88985e-130
1.1411e-147
1.93957e-149
1.18969e-141
1.86399e-124
2.25786e-125
2.95791e-136
7.70301e-129
4.81836e-126
2.85208e-136
1.11672e-129
1.1696e-147
1.10964e-149
9.97093e-142
1.85358e-124
1.65991e-125
2.93651e-136
4.75383e-129
6.57348e-126
2.87302e-136
1.80996e-129
1.19992e-147
6.34535e-150
8.2197e-142
1.84299e-124
1.21977e-125
2.91523e-136
2.9334e-129
8.95806e-126
2.89407e-136
1.23407e-147
3.62547e-150
6.65425e-142
1.83222e-124
1.27753e-147
2.06844e-150
5.27973e-142
1.82129e-124
1.34546e-147
1.17715e-150
4.09536e-142
1.8102e-124
1.47984e-147
6.67019e-151
3.09486e-142
1.79897e-124
1.79688e-147
3.7513e-151
2.26726e-142
1.78759e-124
2.61844e-147
2.08195e-151
1.59793e-142
1.77609e-124
4.83585e-147
1.12807e-151
1.06975e-142
1.76447e-124
1.09178e-146
5.83817e-152
6.64261e-143
1.75274e-124
2.77017e-146
2.74103e-152
3.62706e-143
1.74091e-124
7.41246e-146
9.86384e-153
1.4692e-143
1.72922e-124
2.02635e-145
0
0
1.72346e-124
2.06512e-145
1.15101e-144
2.10462e-145
1.83704e-144
2.14489e-145
2.28858e-144
2.18593e-145
2.55565e-144
2.22775e-145
2.69429e-144
2.27037e-145
2.75155e-144
2.31381e-145
2.75838e-144
2.35808e-145
2.72989e-144
2.4032e-145
2.66932e-144
2.44919e-145
2.57308e-144
2.49605e-145
2.43528e-144
2.54381e-145
2.25148e-144
2.59249e-145
2.02127e-144
2.6421e-145
1.74967e-144
2.69266e-145
1.44702e-144
2.74419e-145
1.12778e-144
2.7967e-145
8.08401e-145
2.85022e-145
5.05158e-145
2.90478e-145
2.32148e-145
2.96011e-145
0
3.03896e-145
3.1199e-145
3.20301e-145
3.28834e-145
3.37593e-145
3.46587e-145
3.5582e-145
3.65299e-145
3.75031e-145
3.85023e-145
3.95281e-145
4.05813e-145
4.16625e-145
4.27726e-145
4.39125e-145
4.50814e-145
4.62879e-145
4.74971e-145
4.88749e-145
4.96589e-145
END_LIST
