BEGIN_LIST
0.1
0.099801
0.0996023
0.0994041
0.0992062
0.0990087
0.0988115
0.0986147
0.0984183
0.0982221
0.0980263
0.0978304
0.0976341
0.0974361
0.0972333
0.0970178
0.0967695
0.0964379
0.0958956
0.0948207
0.0924009
0.0845791
0.0906385
0.0771058
0.0888858
0.0700247
0.0871438
0.0633673
0.0854132
0.057153
0.0836951
0.0513906
0.0819902
0.0460796
0.0802994
0.0412117
0.0786233
0.0367724
0.0769628
0.0327423
0.0753186
0.0290991
0.0736913
0.0258184
0.0720816
0.0228751
0.0704901
0.0202457
0.0689174
0.0179099
0.0673639
0.0158554
0.0658302
0.0140869
0.0643167
0.0126457
0.0628205
0.0116519
0.0612083
0.0113995
0.0540747
0.0113992
0.0127266
0.00902772
0.0503638
0.0493703
0.011399
0.0136938
0.00819561
0.0468858
0.0449211
0.0113987
0.0144418
0.00817002
0.0436291
0.0407423
0.0113985
0.015058
0.00858727
0.0405822
0.0368426
0.0113982
0.0155963
0.00926929
0.0377338
0.0332249
0.011398
0.0160902
0.010131
0.0350729
0.0298869
0.0113977
0.0165604
0.0111342
0.0325889
0.0268224
0.0113975
0.0170201
0.0122641
0.0302714
0.0240215
0.0113972
0.0174773
0.013518
0.0281106
0.021472
0.0113969
0.0179371
0.0148995
0.0260966
0.01916
0.0113967
0.0184027
0.0164154
0.0242202
0.0170702
0.0113964
0.0188763
0.0180744
0.0224719
0.0151869
0.0113962
0.0193592
0.0198862
0.0208419
0.0134938
0.0113959
0.0198524
0.0218608
0.0193191
0.011975
0.0113957
0.0203567
0.0240088
0.0178895
0.0106139
0.0113954
0.0208724
0.0263404
0.0165317
0.00939373
0.0113952
0.0214
0.0288656
0.0152096
0.00829525
0.0113949
0.0219398
0.0315939
0.013855
0.00729367
0.0113998
0.0224923
0.0345339
0.0123328
0.00635066
0.0109283
0.0230576
0.0376929
0.0103671
0.00539685
0.0100237
0.0107537
0.0164295
0.0320945
0.0162537
0.0399476
0.0100829
0.00826236
0.00539678
0.00499499
0.00918795
0.0105819
0.0115829
0.0372282
0.011662
0.0423002
0.0097962
0.00656074
0.00539671
0.00493577
0.00841686
0.0104127
0.00810381
0.0408172
0.00859106
0.0447534
0.00950678
0.00519421
0.00539664
0.00497617
0.00770622
0.0102462
0.00563902
0.043834
0.00656461
0.0473082
0.00921428
0.00410264
0.00539657
0.0050462
0.00705199
0.0100824
0.00390897
0.0466809
0.00525644
0.0499651
0.00891836
0.0032344
0.0053965
0.00512572
0.00645029
0.00992103
0.0027025
0.0495248
0.0044441
0.052724
0.00861867
0.00254612
0.00539643
0.00520893
0.0058974
0.00976224
0.00186495
0.0524341
0.00397648
0.0555834
0.00831482
0.00200196
0.00539636
0.00529418
0.00538978
0.00960594
0.00128532
0.0554366
0.00375135
0.0585418
0.00800642
0.00157264
0.00539629
0.00538102
0.00492408
0.00945209
0.000885059
0.0585426
0.00369993
0.0615962
0.00769308
0.00123449
0.00539623
0.00546933
0.00449712
0.00930066
0.000609073
0.0617543
0.00377629
0.0647434
0.00737435
0.000968498
0.00539616
0.00555909
0.00410592
0.00915161
0.00041897
0.0650705
0.0039501
0.067979
0.00704979
0.000759474
0.00539609
0.00565031
0.00374768
0.00900491
0.000288119
0.0684878
0.00420176
0.0712981
0.00671894
0.000595352
0.00539602
0.00574301
0.00341972
0.00886051
0.000198096
0.0720013
0.00451901
0.0746949
0.00638129
0.000466567
0.00539595
0.00583721
0.00311942
0.00871839
0.000136182
0.0756051
0.0048947
0.0781626
0.00603634
0.000365561
0.00539588
0.00593294
0.00284392
0.00857851
9.36107e-05
0.0792922
0.00532522
0.0816939
0.00568355
0.000286373
0.00539581
0.00603022
0.00258938
0.00844083
6.4345e-05
0.0830548
0.00580949
0.0852808
0.00532234
0.00022431
0.00539574
0.00612907
0.00234872
0.00830533
4.42321e-05
0.0868841
0.00634827
0.0889145
0.00495214
0.000175696
0.00539567
0.00622952
0.00210476
0.00817199
3.04216e-05
0.0907705
0.00694365
0.0925856
0.00457231
0.000137748
0.0053956
0.0063316
0.00181021
0.00804079
2.09735e-05
0.0947038
0.0075988
0.0962842
0.0041822
0.000109222
0.00539553
0.00643533
0.00132771
0.00791184
1.46161e-05
0.0986732
0.00831771
0.1
0.00378113
9.72945e-05
0.0053955
0.00654074
0.000795694
0.00128918
0.00783703
1.22943e-05
0.0986732
0.0992644
0.00953845
0.00366048
0.00287896
0.00660347
0.000476881
0.00125226
0.00776291
1.03734e-05
0.0986732
0.0995923
0.0109406
0.00354362
0.0022569
0.00666674
0.000285942
0.0012171
0.00768949
8.80599e-06
0.0986732
0.0997741
0.0125452
0.00343045
0.00183052
0.00673057
0.000171653
0.00118392
0.00761675
7.56418e-06
0.0986732
0.0998749
0.0143768
0.00332085
0.00154092
0.00679498
0.000103295
0.00115308
0.00754469
6.64386e-06
0.0986732
0.0999308
0.0164628
0.00321471
0.001347
0.00685999
6.24624e-05
0.00112508
0.00747329
6.07418e-06
0.0986732
0.0999617
0.0188335
0.00311192
0.00122007
0.00692561
3.81324e-05
0.00110069
0.00740257
5.93391e-06
0.0986732
0.0999789
0.0215214
0.00301239
0.00114014
0.00699185
2.37068e-05
0.001081
0.0073325
6.37982e-06
0.0986731
0.0999884
0.0245615
0.002916
0.00109326
0.00705871
1.52386e-05
0.00106758
0.00726309
7.69498e-06
0.0986731
0.0999937
0.02799
0.00282266
0.00106972
0.0071262
1.03699e-05
0.00106273
0.00719432
0.098673
0.0999966
0.0318446
0.00273228
0.0986726
0.0999982
0.0361624
0.00264477
0.0986717
0.0999991
0.0409799
0.00256003
0.0986689
0.0999995
0.0463306
0.00247799
0.098661
0.0999998
0.0522435
0.00239855
0.0986382
0.0999999
0.0587409
0.00232163
0.0985725
0.1
0.065836
0.00224716
0.0983832
0.1
0.0735303
0.00217507
0.0978384
0.1
0.0818114
0.0021053
0.0962699
0.1
0.0906504
0.00203887
0.0917538
0.1
0.1
0.00200674
0.0917538
0.0601244
0.0917538
0.0391815
0.0917538
0.0257646
0.0917538
0.0174568
0.0917538
0.0125556
0.0917538
0.00993182
0.0917538
0.00887441
0.0917538
0.00896191
0.0917537
0.00997027
0.0917537
0.0118109
0.0917537
0.0144912
0.0917537
0.0180897
0.0917537
0.0227394
0.0917537
0.028615
0.0917537
0.0359191
0.0917537
0.0448643
0.0917537
0.0556477
0.0917537
0.0684164
0.0917537
0.0832266
0.0917536
0.1
0.0917536
0.0917536
0.0917536
0.0917536
0.0917536
0.0917535
0.0917535
0.0917535
0.0917535
0.0917535
0.0917535
0.0917535
0.0917534
0.0917534
0.0917534
0.0917534
0.0917534
0.0917534
0.0917533
0.0917533
END_LIST
