BEGIN_LIST
0.1
0.0998287
0.0996576
0.0994868
0.0993162
0.0991458
0.0989756
0.0988057
0.098636
0.0984665
0.0982972
0.0981281
0.0979592
0.0977901
0.0976207
0.0974497
0.0972746
0.0970889
0.096876
0.0965943
0.0961388
0.0946155
0.0958754
0.0928999
0.0956044
0.09098
0.0953256
0.0888463
0.0950389
0.0864924
0.094744
0.083916
0.0944408
0.08112
0.0941291
0.0781125
0.0938088
0.0749079
0.0934797
0.0715268
0.0931416
0.0679959
0.0927944
0.0643486
0.0924379
0.0606248
0.092072
0.0568728
0.0916965
0.053153
0.0913113
0.0495477
0.0909162
0.0461818
0.0905109
0.0432665
0.0900929
0.0411897
0.0895649
0.0406989
0.0853643
0.0406983
0.0411439
0.0409446
0.0817201
0.0844553
0.0406977
0.0417134
0.0422618
0.0781108
0.0834231
0.0406972
0.0423604
0.0442306
0.0745476
0.0822563
0.0406966
0.0430564
0.0465965
0.0710409
0.0809439
0.040696
0.0437842
0.0492031
0.0676003
0.0794755
0.0406954
0.0445337
0.0519523
0.0642348
0.0778423
0.0406948
0.0452983
0.0547792
0.0609522
0.076037
0.0406942
0.0460743
0.0576391
0.0577594
0.074055
0.0406937
0.0468594
0.0604984
0.0546621
0.0718941
0.0406931
0.0476519
0.0633304
0.0516652
0.0695551
0.0406925
0.0484509
0.0661133
0.0487718
0.0670414
0.0406919
0.0492556
0.0688281
0.0459836
0.0643573
0.0406913
0.0500657
0.0714589
0.0432998
0.0615055
0.0406907
0.0508805
0.0739919
0.0407156
0.0584798
0.0406901
0.0516999
0.0764158
0.0382192
0.0552529
0.0406896
0.0525234
0.0787217
0.0357853
0.0517494
0.040689
0.0533507
0.080903
0.0333619
0.0477935
0.0406883
0.0541817
0.082955
0.0308433
0.0430025
0.0406972
0.0550158
0.0848755
0.0280147
0.0365677
0.0398319
0.055853
0.086664
0.0244376
0.0267969
0.0383847
0.0393101
0.0482601
0.0720053
0.0412346
0.0877894
0.0238505
0.0214495
0.0267967
0.0216828
0.0369061
0.0387935
0.040173
0.0798492
0.0310299
0.0888564
0.02326
0.0185361
0.0267964
0.0204135
0.035403
0.038282
0.0322297
0.0839935
0.0240407
0.0898661
0.0226654
0.0157851
0.0267962
0.0202578
0.0338824
0.0377757
0.024994
0.0864741
0.0193679
0.0908199
0.0220662
0.013263
0.0267959
0.0204267
0.0323517
0.0372745
0.0188236
0.0881895
0.0163517
0.0917193
0.0214618
0.0110109
0.0267957
0.0206921
0.0308183
0.0367784
0.0138421
0.0895356
0.0145175
0.0925662
0.0208515
0.00904611
0.0267954
0.0209883
0.0292898
0.0362874
0.00999119
0.0906874
0.0135291
0.0933622
0.0202348
0.0073657
0.0267952
0.0212962
0.0277735
0.0358016
0.00711115
0.0917227
0.0131513
0.0941093
0.0196109
0.00595248
0.0267949
0.0216105
0.0262763
0.0353208
0.00500949
0.0926766
0.0132211
0.0948095
0.0189791
0.00478046
0.0267947
0.0219294
0.024805
0.0348451
0.00350292
0.0935653
0.0136265
0.0954649
0.0183387
0.0038196
0.0267944
0.0222527
0.0233655
0.0343745
0.0024366
0.0943973
0.0142914
0.0960775
0.0176889
0.00303921
0.0267942
0.0225802
0.021963
0.0339089
0.00168862
0.0951772
0.0151643
0.0966493
0.0170288
0.00241016
0.0267939
0.0229118
0.0206019
0.0334483
0.00116724
0.0959083
0.0162108
0.0971826
0.0163576
0.00190618
0.0267937
0.0232478
0.0192845
0.0329927
0.000805393
0.0965932
0.0174084
0.0976792
0.0156745
0.00150437
0.0267934
0.0235879
0.0180093
0.0325421
0.000555036
0.0972342
0.0187424
0.0981413
0.0149784
0.00118523
0.0267932
0.0239324
0.0167648
0.0320965
0.000382185
0.0978335
0.0202034
0.0985708
0.0142684
0.000932548
0.0267929
0.0242812
0.0155132
0.0316558
0.000263042
0.0983932
0.0217854
0.0989696
0.0135434
0.000733024
0.0267927
0.0246344
0.0141418
0.0312201
0.000181068
0.0989155
0.0234848
0.0993395
0.0128024
0.000576309
0.0267924
0.024992
0.0123253
0.0307894
0.000124917
0.0994024
0.025299
0.0996824
0.0120442
0.000457983
0.0267922
0.025354
0.00912728
0.030364
8.71255e-05
0.0998558
0.0272259
0.1
0.0112675
0.000408415
0.0267921
0.0257205
0.00551724
0.00886726
0.0301164
7.33375e-05
0.0998558
0.0999202
0.0303586
0.0109424
0.00955683
0.0259379
0.00332387
0.00861539
0.0298705
6.19558e-05
0.0998559
0.0999559
0.033746
0.0106255
0.00840971
0.0261567
0.00199907
0.00837185
0.0296262
5.27148e-05
0.0998559
0.0999757
0.0373713
0.0103168
0.00765879
0.026377
0.00120194
0.00813703
0.0293836
4.5474e-05
0.0998559
0.0999867
0.0412132
0.010016
0.00718674
0.0265987
0.000723605
0.00791154
0.0291426
4.02518e-05
0.0998559
0.0999928
0.0452439
0.00972311
0.00691137
0.026822
0.000437237
0.00769633
0.0289033
3.72923e-05
0.099856
0.0999961
0.0494295
0.00943786
0.0067752
0.0270469
0.000266284
0.00749286
0.0286656
3.71821e-05
0.099856
0.099998
0.0537297
0.00916015
0.00673804
0.0272733
0.000164701
0.00730328
0.0284295
4.10502e-05
0.099856
0.099999
0.0580986
0.00888982
0.00677181
0.0275013
0.000104859
0.00713071
0.028195
5.09081e-05
0.099856
0.0999995
0.062487
0.00862672
0.00685692
0.027731
7.02202e-05
0.00697972
0.0279622
0.0998559
0.0999998
0.0668436
0.00837071
0.0998557
0.1
0.0711174
0.00812162
0.0998551
0.1
0.0752601
0.00787932
0.0998532
0.1
0.0792281
0.00764366
0.0998477
0.1
0.0829842
0.00741448
0.0998319
0.1
0.0864989
0.00719165
0.0997864
0.1
0.0897513
0.00697502
0.0996552
0.1
0.0927287
0.00676445
0.0992777
0.1
0.0954265
0.00655992
0.0981905
0.1
0.0978474
0.0063645
0.0950603
0.1
0.1
0.00626983
0.0950603
0.0714997
0.0950603
0.053668
0.0950603
0.0408089
0.0950603
0.0321603
0.0950603
0.0269478
0.0950603
0.0244683
0.0950603
0.0241574
0.0950604
0.0256038
0.0950604
0.0285226
0.0950604
0.032711
0.0950604
0.0380027
0.0950604
0.0442284
0.0950604
0.0511914
0.0950604
0.0586569
0.0950604
0.0663598
0.0950604
0.074026
0.0950604
0.0814008
0.0950604
0.0882749
0.0950604
0.0945013
0.0950604
0.1
0.0950604
0.0950604
0.0950604
0.0950604
0.0950604
0.0950604
0.0950605
0.0950605
0.0950605
0.0950605
0.0950605
0.0950605
0.0950605
0.0950605
0.0950605
0.0950605
0.0950605
0.0950605
0.0950605
0.0950605
END_LIST
