BEGIN_LIST
0
-8.00137e-149
-2.61789e-148
-6.49298e-148
-1.42514e-147
-2.84497e-147
-5.0265e-147
-6.9112e-147
-2.34307e-147
3.31697e-146
1.84455e-145
7.24756e-145
2.49567e-144
8.01193e-144
2.4624e-143
7.34635e-143
2.14491e-142
6.16072e-142
1.74693e-141
4.9025e-141
4.24988e-141
2.76431e-141
3.86702e-141
1.72582e-141
3.49044e-141
1.32512e-141
3.12009e-141
1.88521e-141
2.75592e-141
3.9523e-141
2.39789e-141
8.45311e-141
2.04594e-141
1.6969e-140
1.70009e-141
3.2217e-140
1.36269e-141
5.89035e-140
1.13559e-141
1.05246e-139
5.37929e-141
1.85715e-139
2.00678e-139
3.26013e-139
8.572e-138
5.72184e-139
3.66858e-136
1.00741e-138
1.56997e-134
1.78324e-138
6.71991e-133
3.17797e-138
2.87638e-131
5.70649e-138
1.23132e-129
1.03274e-137
5.271e-128
1.88325e-137
2.25665e-126
3.45747e-137
9.66341e-125
3.60816e-137
4.61417e-137
1.95903e-137
2.28266e-124
1.01852e-124
3.76578e-137
5.31248e-137
1.11188e-137
4.41772e-124
1.07263e-124
3.93068e-137
5.71436e-137
6.32768e-138
7.75685e-124
1.12857e-124
4.10322e-137
5.92479e-137
3.61252e-138
1.28379e-123
1.18615e-124
4.28377e-137
6.0118e-137
2.06938e-138
2.04046e-123
1.24513e-124
4.47272e-137
6.01954e-137
1.18947e-138
3.1478e-123
1.30519e-124
4.6705e-137
5.97661e-137
6.85998e-139
4.74501e-123
1.36594e-124
4.87754e-137
5.90159e-137
3.96925e-139
7.02089e-123
1.42686e-124
5.0943e-137
5.80653e-137
2.30386e-139
1.02305e-122
1.48727e-124
5.32126e-137
5.69924e-137
1.34123e-139
1.4717e-122
1.5463e-124
5.55895e-137
5.5848e-137
7.83047e-140
2.09417e-122
1.60278e-124
5.80789e-137
5.46649e-137
4.58395e-140
2.9523e-122
1.65503e-124
6.06866e-137
5.34644e-137
2.69027e-140
4.12905e-122
1.70049e-124
6.34184e-137
5.22602e-137
1.58266e-140
5.73571e-122
1.7351e-124
6.62807e-137
5.10613e-137
9.33147e-141
7.92188e-122
1.75192e-124
6.92857e-137
4.98733e-137
5.51331e-141
1.08892e-121
1.73876e-124
7.19426e-137
4.86999e-137
3.26368e-141
1.49108e-121
1.67339e-124
1.17843e-136
4.75434e-137
1.93535e-141
2.03592e-121
1.51463e-124
-3.60867e-135
4.64051e-137
1.14945e-141
2.77482e-121
1.18498e-124
3.22931e-133
4.5286e-137
6.83595e-142
3.77999e-121
5.36097e-125
1.8764e-132
3.27423e-133
2.87729e-136
2.05553e-137
3.9601e-137
4.8599e-142
3.98216e-121
3.6722e-121
5.45997e-125
1.58776e-125
6.07693e-132
3.31959e-133
7.8406e-136
9.35326e-138
3.49074e-137
3.45587e-142
4.1673e-121
3.50713e-121
5.56079e-125
4.70175e-126
1.74423e-131
3.36537e-133
1.82307e-135
4.26159e-138
3.10769e-137
2.45763e-142
4.33366e-121
3.292e-121
5.66347e-125
1.39229e-126
4.82393e-131
3.41158e-133
4.09713e-135
1.94346e-138
2.79751e-137
1.74749e-142
4.47953e-121
3.03802e-121
5.76804e-125
4.12294e-127
1.31843e-130
3.45822e-133
9.34599e-135
8.86951e-139
2.54706e-137
1.24203e-142
4.60327e-121
2.75874e-121
5.87455e-125
1.22096e-127
3.59243e-130
3.5053e-133
2.21e-134
4.05048e-139
2.34431e-137
8.82099e-143
4.70333e-121
2.46808e-121
5.98303e-125
3.61592e-128
9.79045e-130
3.55281e-133
5.44876e-134
1.85088e-139
2.1788e-137
6.2571e-143
4.77823e-121
2.17867e-121
6.0935e-125
1.07094e-128
2.67201e-129
3.60076e-133
1.39685e-133
8.46231e-140
2.04184e-137
4.43032e-143
4.8266e-121
1.90073e-121
6.20602e-125
3.17223e-129
7.30658e-129
3.64915e-133
3.69949e-133
3.8709e-140
1.92638e-137
3.12861e-143
4.84717e-121
1.64157e-121
6.32062e-125
9.39959e-130
2.00231e-128
3.69798e-133
1.00496e-132
1.77136e-140
1.82685e-137
2.2011e-143
4.83882e-121
1.4057e-121
6.43733e-125
2.78798e-130
5.49963e-128
3.74725e-133
2.78219e-132
8.1076e-141
1.73893e-137
1.54044e-143
4.80053e-121
1.19519e-121
6.5562e-125
8.29626e-131
1.51412e-127
3.79697e-133
7.80912e-132
3.71043e-141
1.6593e-137
1.07012e-143
4.73147e-121
1.01028e-121
6.67726e-125
2.49509e-131
4.17857e-127
3.84714e-133
2.21353e-131
1.6967e-141
1.58544e-137
7.35624e-144
4.63092e-121
8.49927e-122
6.80056e-125
7.76241e-132
1.15599e-126
3.89775e-133
6.31794e-131
7.74157e-142
1.51548e-137
4.98073e-144
4.49837e-121
7.12278e-122
6.92613e-125
2.66625e-132
3.2059e-126
3.94882e-133
1.81205e-130
3.51426e-142
1.44804e-137
3.29722e-144
4.33345e-121
5.95081e-122
7.05402e-125
1.15221e-132
8.91301e-126
4.00034e-133
5.21469e-130
1.57744e-142
1.38213e-137
2.10767e-144
4.136e-121
4.95949e-122
7.18428e-125
6.99356e-133
2.48423e-125
4.05232e-133
1.50419e-129
6.90674e-143
1.31705e-137
1.27064e-144
3.90605e-121
4.12565e-122
7.31693e-125
5.60915e-133
6.9423e-125
4.10476e-133
4.34586e-129
2.85472e-143
1.25237e-137
6.85068e-145
3.64381e-121
3.43017e-122
7.45199e-125
5.15659e-133
1.94589e-124
4.15767e-133
1.25699e-128
1.01163e-143
1.1878e-137
2.7873e-145
3.34972e-121
2.87662e-122
7.58771e-125
4.98046e-133
5.47708e-124
4.21111e-133
3.63846e-128
1.81674e-144
1.12324e-137
0
3.02441e-121
2.63824e-122
7.6553e-125
4.88658e-133
3.44471e-124
7.83111e-124
4.24262e-133
5.92508e-128
1.86465e-144
1.04278e-144
1.02424e-137
3.01056e-121
2.22761e-121
4.84502e-133
2.15065e-124
1.10362e-123
4.27428e-133
9.62644e-128
1.91391e-144
5.98574e-145
9.25777e-138
2.99631e-121
1.64016e-121
4.80697e-133
1.3365e-124
1.5397e-123
4.30611e-133
1.56214e-127
1.96456e-144
3.43611e-145
8.28548e-138
2.98168e-121
1.20731e-121
4.77082e-133
8.28163e-125
2.13274e-123
4.3381e-133
2.53341e-127
2.01666e-144
1.97255e-145
7.33472e-138
2.96668e-121
8.88493e-122
4.73573e-133
5.12272e-125
2.93897e-123
4.37025e-133
4.10731e-127
2.07031e-144
1.13239e-145
6.41588e-138
2.95134e-121
6.53733e-122
4.70127e-133
3.16535e-125
4.03475e-123
4.40256e-133
6.658e-127
2.1257e-144
6.50053e-146
5.53966e-138
2.93565e-121
4.80894e-122
4.66722e-133
1.95464e-125
5.52385e-123
4.43503e-133
1.07919e-126
2.18331e-144
3.73121e-146
4.71614e-138
2.91965e-121
3.53659e-122
4.63346e-133
1.20656e-125
7.54721e-123
4.46767e-133
1.74917e-126
2.24435e-144
2.14113e-146
3.95415e-138
2.90335e-121
2.59999e-122
4.59993e-133
7.44613e-126
1.02963e-122
4.50048e-133
2.83502e-126
2.31211e-144
1.22809e-146
3.26061e-138
2.88676e-121
1.91059e-122
4.5666e-133
4.59471e-126
1.40314e-122
4.53345e-133
2.39563e-144
7.038e-147
2.6402e-138
2.86989e-121
2.51983e-144
4.02738e-147
2.09519e-138
2.85277e-121
2.75371e-144
2.29868e-147
1.6254e-138
2.8354e-121
3.28819e-144
1.3062e-147
1.22844e-138
2.8178e-121
4.65203e-144
7.36565e-148
9.00008e-139
2.79999e-121
8.30957e-144
4.09793e-148
6.34349e-139
2.78197e-121
1.83165e-143
2.22519e-148
4.24692e-139
2.76377e-121
4.59056e-143
1.15369e-148
2.63721e-139
2.74539e-121
1.22187e-142
5.4239e-149
1.44003e-139
2.72686e-121
3.33328e-142
1.95348e-149
5.83314e-140
2.70855e-121
9.17975e-142
0
0
2.69953e-121
9.35567e-142
5.2329e-141
9.53496e-142
8.35436e-141
9.71769e-142
1.04091e-140
9.90392e-142
1.16245e-140
1.00937e-141
1.22555e-140
1.02872e-141
1.25163e-140
1.04843e-141
1.25476e-140
1.06852e-141
1.24181e-140
1.089e-141
1.21427e-140
1.10987e-141
1.1705e-140
1.13114e-141
1.10782e-140
1.15282e-141
1.02421e-140
1.17492e-141
9.19491e-141
1.19743e-141
7.95937e-141
1.22038e-141
6.58263e-141
1.24377e-141
5.13035e-141
1.26761e-141
3.67749e-141
1.29191e-141
2.29801e-141
1.31667e-141
1.05606e-141
1.34179e-141
0
1.37758e-141
1.41433e-141
1.45206e-141
1.49079e-141
1.53056e-141
1.57139e-141
1.61331e-141
1.65635e-141
1.70054e-141
1.7459e-141
1.79248e-141
1.8403e-141
1.88939e-141
1.9398e-141
1.99156e-141
2.04464e-141
2.09943e-141
2.15434e-141
2.21691e-141
2.25251e-141
END_LIST
