BEGIN_LIST
0
-1.62323e-128
-9.17669e-128
-4.03092e-127
-1.52307e-126
-5.21296e-126
-1.66985e-125
-5.11034e-125
-1.51397e-124
-4.37926e-124
-1.244e-123
-3.48433e-123
-9.6502e-123
-2.64842e-122
-7.21363e-122
-1.95241e-121
-5.25583e-121
-1.40832e-120
-3.75855e-120
-9.99566e-120
-6.80008e-121
5.25135e-119
-3.0679e-122
1.45711e-118
6.27453e-121
3.03994e-118
1.29467e-120
5.67348e-118
1.97125e-120
9.99592e-118
2.65749e-120
1.70288e-117
3.35367e-120
2.84146e-117
4.06011e-120
4.68082e-117
4.77852e-120
7.65309e-117
5.56876e-120
1.24667e-116
8.98067e-120
2.0293e-116
1.24108e-118
3.30848e-116
5.01966e-117
5.41286e-116
2.14506e-115
8.90046e-116
9.17944e-114
1.47275e-115
3.92904e-112
2.45472e-115
1.68178e-110
4.12404e-115
7.19936e-109
6.98607e-115
3.08187e-107
1.19306e-114
1.31943e-105
2.05208e-114
5.65004e-104
2.17929e-114
2.66287e-114
1.19975e-114
1.33463e-103
5.95511e-104
2.31439e-114
3.01559e-114
7.02626e-115
2.58295e-103
6.27156e-104
2.45787e-114
3.19976e-114
4.12619e-115
4.53522e-103
6.59863e-104
2.61026e-114
3.27435e-114
2.43096e-115
7.50586e-103
6.9353e-104
2.77211e-114
3.2782e-114
1.43711e-115
1.19297e-102
7.28017e-104
2.94401e-114
3.23689e-114
8.52488e-116
1.84036e-102
7.6314e-104
3.12658e-114
3.16726e-114
5.07388e-116
2.7741e-102
7.98662e-104
3.32048e-114
3.08036e-114
3.02959e-116
4.10458e-102
8.3428e-104
3.52641e-114
2.98348e-114
1.81446e-116
5.98083e-102
8.69604e-104
3.74514e-114
2.88136e-114
1.08982e-116
8.60349e-102
9.04126e-104
3.97744e-114
2.77712e-114
6.56327e-117
1.22421e-101
9.37153e-104
4.22416e-114
2.67277e-114
3.9624e-117
1.7258e-101
9.67702e-104
4.4862e-114
2.56959e-114
2.39766e-117
2.41361e-101
9.94288e-104
4.76451e-114
2.46842e-114
1.45384e-117
3.35267e-101
1.01452e-103
5.0601e-114
2.36976e-114
8.83208e-118
4.63038e-101
1.02437e-103
5.37405e-114
2.2739e-114
5.37448e-118
6.3646e-101
1.01667e-103
5.7072e-114
2.18101e-114
3.27528e-118
8.71488e-101
9.78449e-104
6.08624e-114
2.09117e-114
1.99849e-118
1.18989e-100
8.85625e-104
4.28299e-114
2.0044e-114
1.22066e-118
1.62169e-100
6.92875e-104
1.95475e-112
1.92068e-114
7.46102e-119
2.20909e-100
3.13464e-104
1.1034e-111
1.98305e-112
2.25825e-114
8.96046e-115
2.82213e-114
5.39916e-119
2.32723e-100
2.14609e-100
3.19253e-104
9.28385e-105
3.55815e-111
2.01165e-112
2.65602e-114
4.19052e-115
3.4358e-114
3.90649e-119
2.43542e-100
2.04961e-100
3.25148e-104
2.74919e-105
1.01997e-110
2.04057e-112
3.26311e-114
1.96217e-115
3.83417e-114
2.82546e-119
2.53263e-100
1.92388e-100
3.31152e-104
8.14095e-106
2.81964e-110
2.06979e-112
4.4853e-114
9.19497e-116
4.07624e-114
2.04234e-119
2.61787e-100
1.77546e-100
3.37267e-104
2.41076e-106
7.70514e-110
2.09933e-112
7.36086e-114
4.31152e-116
4.20734e-114
1.47491e-119
2.69018e-100
1.61224e-100
3.43495e-104
7.13921e-107
2.09935e-109
2.12919e-112
1.45706e-113
2.0227e-116
4.26073e-114
1.06371e-119
2.74865e-100
1.44237e-100
3.49838e-104
2.1143e-107
5.72125e-109
2.15937e-112
3.32358e-113
9.49359e-117
4.26e-114
7.65743e-120
2.79241e-100
1.27323e-100
3.56299e-104
6.26201e-108
1.56143e-108
2.18987e-112
8.27692e-113
4.45753e-117
4.22148e-114
5.49862e-120
2.82067e-100
1.1108e-100
3.62878e-104
1.85489e-108
4.26971e-108
2.22069e-112
2.17095e-112
2.09357e-117
4.15626e-114
3.9351e-120
2.83269e-100
9.59344e-101
3.69579e-104
5.49637e-109
1.17008e-107
2.25185e-112
5.87964e-112
9.83437e-118
4.07177e-114
2.80335e-120
2.8278e-100
8.21497e-101
3.76404e-104
1.63041e-109
3.21379e-107
2.28333e-112
1.62631e-111
4.61926e-118
3.97297e-114
1.98487e-120
2.80543e-100
6.98474e-101
3.83355e-104
4.85317e-110
8.84796e-107
2.31515e-112
4.56362e-111
2.16856e-118
3.86316e-114
1.39364e-120
2.76506e-100
5.90413e-101
3.90434e-104
1.46104e-110
2.44181e-106
2.34731e-112
1.29349e-110
1.01667e-118
3.74457e-114
9.67293e-121
2.7063e-100
4.96699e-101
3.97644e-104
4.55927e-111
6.75523e-106
2.37981e-112
3.69187e-110
4.75204e-119
3.61871e-114
6.60539e-121
2.62883e-100
4.16256e-101
4.04987e-104
1.57886e-111
1.87342e-105
2.41265e-112
1.05886e-109
2.20726e-119
3.48668e-114
4.405e-121
2.53245e-100
3.47765e-101
4.12465e-104
6.93011e-112
5.20847e-105
2.44584e-112
3.04719e-109
1.01207e-119
3.34931e-114
2.83305e-121
2.41706e-100
2.89832e-101
4.20082e-104
4.27681e-112
1.45171e-104
2.47938e-112
8.7897e-109
4.51628e-120
3.20733e-114
1.71619e-121
2.28267e-100
2.41102e-101
4.27839e-104
3.46212e-112
4.05686e-104
2.51328e-112
2.5395e-108
1.89727e-120
3.06135e-114
9.28511e-122
2.12942e-100
2.00458e-101
4.35737e-104
3.19244e-112
1.13712e-103
2.54755e-112
7.34523e-108
6.8204e-121
2.91202e-114
3.78572e-122
1.95755e-100
1.68109e-101
4.43673e-104
3.08453e-112
3.20064e-103
2.58222e-112
2.12615e-107
1.26359e-121
2.75998e-114
0
1.76744e-100
1.54177e-101
4.47626e-104
3.02484e-112
2.01298e-103
4.57627e-103
2.60269e-112
3.46235e-107
1.30993e-121
7.35374e-122
2.5232e-114
1.75935e-100
1.30179e-100
2.9978e-112
1.25677e-103
6.44921e-103
2.62328e-112
5.62526e-107
1.358e-121
4.2796e-122
2.28468e-114
1.75102e-100
9.58493e-101
2.97284e-112
7.81007e-104
8.99755e-103
2.644e-112
9.12846e-107
1.40789e-121
2.49048e-122
2.04727e-114
1.74247e-100
7.05538e-101
2.94903e-112
4.83951e-104
1.24632e-102
2.66485e-112
1.48042e-106
1.4598e-121
1.44923e-122
1.81393e-114
1.7337e-100
5.19224e-101
2.92589e-112
2.99354e-104
1.71745e-102
2.68583e-112
2.40014e-106
1.51412e-121
8.43246e-123
1.58769e-114
1.72473e-100
3.82032e-101
2.90315e-112
1.84972e-104
2.35781e-102
2.70693e-112
3.89066e-106
1.57184e-121
4.90575e-123
1.37148e-114
1.71557e-100
2.81027e-101
2.8807e-112
1.14222e-104
3.22801e-102
2.72817e-112
6.30633e-106
1.63554e-121
2.85331e-123
1.16799e-114
1.70621e-100
2.06672e-101
2.85845e-112
7.05067e-105
4.41042e-102
2.74954e-112
1.02215e-105
1.71232e-121
1.65888e-123
9.79517e-115
1.69668e-100
1.51939e-101
2.83637e-112
4.35124e-105
6.01696e-102
2.77104e-112
1.65667e-105
1.82164e-121
9.63807e-124
8.07864e-115
1.68699e-100
1.11651e-101
2.81445e-112
2.68498e-105
8.19967e-102
2.79268e-112
2.0173e-121
5.59352e-124
6.54243e-115
1.67713e-100
2.44816e-121
3.24033e-124
5.19245e-115
1.66712e-100
3.52637e-121
1.87149e-124
4.02852e-115
1.65697e-100
6.39332e-121
1.0755e-124
3.04486e-115
1.64669e-100
1.42101e-120
6.12875e-125
2.23092e-115
1.63627e-100
3.57316e-120
3.44244e-125
1.57247e-115
1.62574e-100
9.5206e-120
1.88487e-125
1.05279e-115
1.6151e-100
2.59793e-119
9.83955e-126
6.53763e-116
1.60436e-100
7.15498e-119
4.64962e-126
3.56988e-116
1.59353e-100
1.9775e-118
1.67992e-126
1.44607e-116
1.58283e-100
5.47266e-118
0
0
1.57756e-100
5.57764e-118
3.127e-117
5.68463e-118
4.99327e-117
5.79367e-118
6.2218e-117
5.9048e-118
6.94857e-117
6.01806e-118
7.32597e-117
6.1335e-118
7.48197e-117
6.25115e-118
7.50079e-117
6.37106e-118
7.42346e-117
6.49327e-118
7.25886e-117
6.61782e-118
6.99722e-117
6.74476e-118
6.62255e-117
6.87414e-118
6.12274e-117
7.006e-118
5.49674e-117
7.14039e-118
4.75814e-117
7.27735e-118
3.93512e-117
7.41694e-118
3.06695e-117
7.55921e-118
2.19842e-117
7.70421e-118
1.37376e-117
7.85203e-118
6.3132e-118
8.00192e-118
0
8.21555e-118
8.43488e-118
8.66007e-118
8.89127e-118
9.12864e-118
9.37235e-118
9.62256e-118
9.87946e-118
1.01432e-117
1.0414e-117
1.0692e-117
1.09775e-117
1.12705e-117
1.15714e-117
1.18804e-117
1.21973e-117
1.25243e-117
1.28521e-117
1.32257e-117
1.34382e-117
END_LIST
