BEGIN_LIST
0
9.77928e-183
4.37186e-182
1.62054e-181
5.52639e-181
1.78032e-180
5.50032e-180
1.64718e-179
4.8179e-179
1.38381e-178
3.91818e-178
1.09674e-177
3.04111e-177
8.36685e-177
2.28673e-176
6.21457e-176
1.68064e-175
4.52559e-175
1.21406e-174
3.24594e-174
2.97453e-174
2.24756e-174
2.82983e-174
1.5774e-174
2.6857e-174
9.92831e-175
2.54216e-174
5.43052e-175
2.39922e-174
3.13506e-175
2.25691e-174
4.54133e-175
2.11526e-174
1.23032e-174
1.9743e-174
3.11515e-174
1.83472e-174
6.95746e-174
1.72552e-174
1.42896e-173
2.88593e-174
2.7895e-173
5.83419e-173
5.28593e-173
2.43737e-171
9.85338e-173
1.0426e-169
1.82218e-172
4.46176e-168
3.36114e-172
1.90975e-166
6.20545e-172
8.17447e-165
1.14914e-171
3.49934e-163
2.13699e-171
1.49798e-161
3.99257e-171
6.41325e-160
7.49232e-171
2.74628e-158
7.77548e-171
1.00865e-170
4.20269e-171
6.48718e-158
2.89456e-158
8.06935e-171
1.16711e-170
2.36041e-171
1.25549e-157
3.04835e-158
8.37432e-171
1.26046e-170
1.32866e-171
2.20445e-157
3.20732e-158
8.69081e-171
1.31186e-170
7.49897e-172
3.64846e-157
3.37095e-158
9.01927e-171
1.33621e-170
4.24452e-172
5.79891e-157
3.53857e-158
9.36013e-171
1.34316e-170
2.40935e-172
8.94595e-157
3.70927e-158
9.71388e-171
1.33893e-170
1.37148e-172
1.34852e-156
3.88191e-158
1.0081e-170
1.32754e-170
7.82781e-173
1.99533e-156
4.05502e-158
1.0462e-170
1.31159e-170
4.47917e-173
2.90749e-156
4.2267e-158
1.08574e-170
1.29275e-170
2.56917e-173
4.18258e-156
4.39447e-158
1.12677e-170
1.27212e-170
1.47692e-173
5.95167e-156
4.55498e-158
1.16935e-170
1.2504e-170
8.50778e-174
8.39054e-156
4.70345e-158
1.21354e-170
1.22804e-170
4.91028e-174
1.1735e-155
4.83266e-158
1.25941e-170
1.20536e-170
2.83893e-174
1.63013e-155
4.931e-158
1.307e-170
1.18253e-170
1.64399e-174
2.25146e-155
4.97881e-158
1.35655e-170
1.1597e-170
9.53382e-175
3.09482e-155
4.94139e-158
1.39398e-170
1.13694e-170
5.53599e-175
4.23782e-155
4.75562e-158
2.65811e-170
1.11431e-170
3.21824e-175
5.78634e-155
4.30445e-158
-1.033e-168
1.09184e-170
1.87268e-175
7.88643e-155
3.36761e-158
9.17757e-167
1.06958e-170
1.09057e-175
1.07433e-154
1.52354e-158
5.33303e-166
9.30524e-167
7.9379e-170
4.82696e-171
8.04075e-171
7.64431e-176
1.13179e-154
1.0437e-154
1.55167e-158
4.51226e-159
1.72718e-165
9.43412e-167
2.20324e-169
2.1834e-171
5.99871e-171
5.35877e-176
1.18441e-154
9.96781e-155
1.58032e-158
1.3362e-159
4.95744e-165
9.56421e-167
5.15636e-169
9.88742e-172
4.44986e-171
3.75647e-176
1.2317e-154
9.35638e-155
1.60951e-158
3.95676e-160
1.37106e-164
9.69553e-167
1.1621e-168
4.48073e-172
3.28815e-171
2.63278e-176
1.27315e-154
8.63455e-155
1.63923e-158
1.1717e-160
3.74725e-164
9.82808e-167
2.65417e-168
2.03168e-172
2.42406e-171
1.8445e-176
1.30833e-154
7.84079e-155
1.66949e-158
3.46987e-161
1.02104e-163
9.96185e-167
6.27942e-168
9.21647e-173
1.7851e-171
1.29135e-176
1.33677e-154
7.01468e-155
1.70032e-158
1.02761e-161
2.78264e-163
1.00969e-166
1.5485e-167
4.18269e-173
1.3144e-171
9.03144e-177
1.35805e-154
6.19213e-155
1.73172e-158
3.0435e-162
7.59439e-163
1.02331e-166
3.97004e-167
1.89891e-173
9.68441e-172
6.3065e-177
1.3718e-154
5.40217e-155
1.76369e-158
9.01517e-163
2.07668e-162
1.03706e-166
1.05147e-166
8.62348e-174
7.1441e-172
4.39374e-177
1.37765e-154
4.66561e-155
1.79626e-158
2.67127e-163
5.69095e-162
1.05094e-166
2.85632e-166
3.91699e-174
5.27907e-172
3.05116e-177
1.37527e-154
3.99522e-155
1.82943e-158
7.92316e-164
1.5631e-161
1.06494e-166
7.90759e-166
1.77928e-174
3.90901e-172
2.10902e-177
1.36439e-154
3.39693e-155
1.86321e-158
2.35771e-164
4.30341e-161
1.07907e-166
2.21952e-165
8.08018e-175
2.90147e-172
1.44813e-177
1.34476e-154
2.87139e-155
1.89761e-158
7.0908e-165
1.18763e-160
1.09332e-166
6.29132e-165
3.66615e-175
2.15941e-172
9.84825e-178
1.31619e-154
2.41563e-155
1.93265e-158
2.20599e-165
3.28556e-160
1.10771e-166
1.7957e-164
1.65975e-175
1.61186e-172
6.60361e-178
1.27851e-154
2.02441e-155
1.96834e-158
7.57717e-166
9.1118e-160
1.12222e-166
5.15023e-164
7.47686e-176
1.20698e-172
4.33452e-178
1.23164e-154
1.69132e-155
2.00468e-158
3.27441e-166
2.53325e-159
1.13686e-166
1.48213e-163
3.33165e-176
9.06863e-173
2.75091e-178
1.17552e-154
1.40957e-155
2.0417e-158
1.98745e-166
7.06067e-159
1.15163e-166
4.27522e-163
1.44899e-176
6.83826e-173
1.64896e-178
1.11017e-154
1.17258e-155
2.0794e-158
1.59402e-166
1.97314e-158
1.16653e-166
1.23518e-162
5.95389e-177
5.17592e-173
8.85345e-179
1.03564e-154
9.74913e-156
2.11778e-158
1.46541e-166
5.53061e-158
1.18156e-166
3.57262e-162
2.09873e-177
3.93314e-173
3.59304e-179
9.5205e-155
8.17586e-156
2.15635e-158
1.41536e-166
1.55669e-157
1.19675e-166
1.03413e-161
3.72453e-178
3.00095e-173
0
8.5959e-155
7.49832e-156
2.17556e-158
1.38868e-166
9.79053e-158
2.22575e-157
1.2057e-166
1.68403e-161
3.80783e-178
2.12623e-178
1.99327e-173
8.55654e-155
6.33125e-155
1.37687e-166
6.11258e-158
3.13669e-157
1.2147e-166
2.73603e-161
3.89298e-178
1.21379e-178
1.33735e-173
8.51604e-155
4.66163e-155
1.36606e-166
3.79859e-158
4.37611e-157
1.22374e-166
4.43992e-161
3.98004e-178
6.92893e-179
9.06363e-174
8.47446e-155
3.43139e-155
1.35579e-166
2.3538e-158
6.06166e-157
1.23283e-166
7.20047e-161
4.06905e-178
3.95523e-179
6.20321e-174
8.43184e-155
2.52526e-155
1.34582e-166
1.45598e-158
8.3531e-157
1.24197e-166
1.16738e-160
4.16005e-178
2.25764e-179
4.28465e-174
8.38822e-155
1.85803e-155
1.33603e-166
8.99655e-159
1.14675e-156
1.25115e-166
1.89234e-160
4.25308e-178
1.28853e-179
2.98379e-174
8.34365e-155
1.36679e-155
1.32635e-166
5.55547e-159
1.56998e-156
1.26038e-166
3.06726e-160
4.34819e-178
7.35294e-180
2.09204e-174
8.29817e-155
1.00516e-155
1.31676e-166
3.42927e-159
2.14506e-156
1.26965e-166
4.9715e-160
4.44543e-178
4.19471e-180
1.47418e-174
8.25183e-155
7.38966e-156
1.30723e-166
2.11634e-159
2.92641e-156
1.27897e-166
8.05768e-160
4.54485e-178
2.39182e-180
1.04176e-174
8.20468e-155
5.43024e-156
1.29776e-166
1.30591e-159
3.98799e-156
1.28834e-166
4.64648e-178
1.36266e-180
7.36365e-175
8.15674e-155
4.75038e-178
7.75221e-181
5.19037e-175
8.10808e-155
4.85657e-178
4.39938e-181
3.63483e-175
8.05871e-155
4.96508e-178
2.48607e-181
2.51746e-175
8.0087e-155
5.07582e-178
1.39454e-181
1.71402e-175
7.95807e-155
5.18848e-178
7.72107e-182
1.13738e-175
7.90687e-155
5.30213e-178
4.17463e-182
7.25673e-176
7.85513e-155
5.41396e-178
2.15671e-182
4.34386e-176
7.80289e-155
5.51599e-178
1.01122e-182
2.31152e-176
7.75023e-155
5.58558e-178
3.63594e-183
9.22103e-177
7.69819e-155
5.5587e-178
0
0
7.67257e-155
5.62043e-178
4.81112e-178
5.68285e-178
4.05749e-178
5.74596e-178
3.35333e-178
5.80977e-178
2.74e-178
5.8743e-178
2.23647e-178
5.93954e-178
1.84078e-178
6.00551e-178
1.53771e-178
6.07222e-178
1.30685e-178
6.13967e-178
1.12794e-178
6.20787e-178
9.83507e-179
6.27684e-178
8.59865e-179
6.34657e-178
7.47217e-179
6.41708e-178
6.39409e-179
6.48838e-178
5.33472e-179
6.56047e-178
4.29009e-179
6.63336e-178
3.27431e-179
6.70707e-178
2.31179e-179
6.7816e-178
1.42988e-179
6.85697e-178
6.53229e-180
6.93296e-178
0
7.04004e-178
7.14878e-178
7.2592e-178
7.37134e-178
7.48522e-178
7.60086e-178
7.7183e-178
7.83756e-178
7.95868e-178
8.08167e-178
8.20657e-178
8.33341e-178
8.46222e-178
8.59302e-178
8.72589e-178
8.86067e-178
8.99823e-178
9.13475e-178
9.28821e-178
9.37487e-178
END_LIST
