BEGIN_LIST
0
2.54177e-89
8.81058e-89
2.41351e-88
6.14584e-88
1.52219e-87
3.7277e-87
9.08568e-87
2.21007e-86
5.37134e-86
1.30497e-85
3.16997e-85
7.69975e-85
1.8702e-84
4.54248e-84
1.10332e-83
2.6798e-83
6.50886e-83
1.58093e-82
3.83985e-82
9.32674e-82
4.14531e-81
9.58784e-82
9.82971e-81
9.85577e-82
1.95328e-80
1.01307e-81
3.57203e-80
1.04128e-81
6.23268e-80
1.07021e-81
1.05649e-79
1.09989e-81
1.75807e-79
1.13033e-81
2.89155e-79
1.16155e-81
4.72298e-79
1.19356e-81
7.68839e-79
1.22638e-81
1.25083e-78
1.26043e-81
2.03836e-78
1.31225e-81
3.33339e-78
2.08977e-81
5.47869e-78
3.38877e-80
9.06129e-78
1.39339e-78
1.50955e-77
5.95824e-77
2.53477e-77
2.5505e-75
4.29147e-77
1.09178e-73
7.32451e-77
4.67411e-72
1.25904e-76
2.0015e-70
1.33732e-76
1.63332e-76
7.36322e-77
4.72749e-70
2.10972e-70
1.42046e-76
1.84936e-76
4.31352e-77
9.14783e-70
2.22198e-70
1.50877e-76
1.96202e-76
2.53385e-77
1.60585e-69
2.33803e-70
1.60258e-76
2.00748e-76
1.49325e-77
2.65698e-69
2.45749e-70
1.70221e-76
2.00955e-76
8.83001e-78
4.22154e-69
2.57987e-70
1.80804e-76
1.98393e-76
5.23932e-78
6.50985e-69
2.70453e-70
1.92045e-76
1.94093e-76
3.11915e-78
9.80834e-69
2.83062e-70
2.03985e-76
1.88736e-76
1.86289e-78
1.45051e-68
2.95707e-70
2.16667e-76
1.82767e-76
1.11598e-78
2.11237e-68
3.08249e-70
2.30138e-76
1.76478e-76
6.70443e-79
3.03681e-68
3.20508e-70
2.44446e-76
1.70061e-76
4.03853e-79
4.31829e-68
3.32239e-70
2.59644e-76
1.63637e-76
2.43867e-79
6.08338e-68
3.43093e-70
2.75787e-76
1.57288e-76
1.47595e-79
8.50164e-68
3.52543e-70
2.92933e-76
1.51062e-76
8.95127e-80
1.18004e-67
3.59741e-70
3.11146e-76
1.44992e-76
5.43893e-80
1.62849e-67
3.63253e-70
3.3049e-76
1.39095e-76
3.31028e-80
2.23665e-67
3.60544e-70
3.51038e-76
1.33382e-76
2.01768e-80
3.06022e-67
3.47007e-70
3.72863e-76
1.27857e-76
1.23134e-80
4.17513e-67
3.14101e-70
3.96052e-76
1.22522e-76
7.52203e-81
5.68617e-67
2.45747e-70
4.20031e-76
1.17374e-76
4.59838e-81
7.74065e-67
1.11183e-70
4.3194e-76
4.32727e-76
1.29514e-76
5.47788e-77
1.73438e-76
3.32792e-81
8.15381e-67
7.51955e-67
1.13239e-70
3.29315e-71
4.4865e-76
4.45779e-76
1.36192e-76
2.56277e-77
2.11634e-76
2.40809e-81
8.53211e-67
7.1812e-67
1.15333e-70
9.75339e-72
4.79307e-76
4.59196e-76
1.36193e-76
1.20042e-77
2.36457e-76
1.74186e-81
8.87196e-67
6.74039e-67
1.17466e-70
2.88946e-72
5.4889e-76
4.72989e-76
1.29593e-76
5.62725e-78
2.51569e-76
1.25918e-81
9.1699e-67
6.22009e-67
1.19638e-70
8.56813e-73
7.25509e-76
4.87167e-76
1.17739e-76
2.6395e-78
2.59784e-76
9.09407e-82
9.42256e-67
5.64803e-67
1.2185e-70
2.54852e-73
1.195e-75
5.0174e-76
1.02723e-76
1.23869e-78
2.63165e-76
6.55917e-82
9.62677e-67
5.05273e-67
1.24103e-70
7.65552e-74
2.46524e-75
5.16718e-76
8.66879e-77
5.81564e-79
2.6318e-76
4.72215e-82
9.77952e-67
4.46004e-67
1.26398e-70
2.37223e-74
5.92716e-75
5.32112e-76
7.13477e-77
2.73145e-79
2.60843e-76
3.39109e-82
9.87799e-67
3.89088e-67
1.28735e-70
8.04651e-75
1.53985e-74
5.47933e-76
5.78957e-77
1.28325e-79
2.56843e-76
2.42699e-82
9.91961e-67
3.36022e-67
1.31115e-70
3.37591e-75
4.13828e-74
5.64192e-76
4.73004e-77
6.02968e-80
2.51644e-76
1.72908e-82
9.90207e-67
2.87728e-67
1.3354e-70
1.96548e-75
1.12845e-73
5.80899e-76
4.11155e-77
2.83294e-80
2.45554e-76
1.22431e-82
9.82332e-67
2.44629e-67
1.36009e-70
1.52136e-75
3.0986e-73
5.98067e-76
4.34726e-77
1.3303e-80
2.38778e-76
8.59673e-83
9.68163e-67
2.06773e-67
1.38524e-70
1.36415e-75
8.54329e-73
6.15708e-76
6.6457e-77
6.23828e-81
2.31456e-76
5.96702e-83
9.47556e-67
1.73946e-67
1.41086e-70
1.29258e-75
2.36272e-72
6.33834e-76
1.45349e-76
2.91654e-81
2.23683e-76
4.07487e-83
9.20403e-67
1.45768e-67
1.43695e-70
1.24703e-75
6.55185e-72
6.52457e-76
3.82514e-76
1.35499e-81
2.15526e-76
2.71754e-83
8.86634e-67
1.21778e-67
1.46352e-70
1.20981e-75
1.8215e-71
6.7159e-76
1.07435e-75
6.21413e-82
2.07039e-76
1.74782e-83
8.46212e-67
1.01487e-67
1.49058e-70
1.17568e-75
5.07692e-71
6.91248e-76
3.07881e-75
2.77348e-82
1.98264e-76
1.05881e-83
7.99145e-67
8.44202e-68
1.51815e-70
1.14306e-75
1.4188e-70
7.11448e-76
8.88025e-75
1.1653e-82
1.89242e-76
5.72854e-84
7.45475e-67
7.01858e-68
1.54621e-70
1.11147e-75
3.97691e-70
7.32214e-76
2.56751e-74
4.1896e-83
1.80012e-76
2.33566e-84
6.85292e-67
5.88569e-68
1.57441e-70
1.08076e-75
1.1194e-69
7.53597e-76
7.43151e-74
7.76407e-84
1.70615e-76
0
6.18725e-67
5.39781e-68
1.58845e-70
1.05086e-75
7.04003e-70
1.60055e-69
7.66364e-76
1.21021e-73
8.04976e-84
4.51901e-84
1.55978e-76
6.1588e-67
4.55693e-67
1.03376e-75
4.3952e-70
2.25566e-69
7.79333e-76
1.96627e-73
8.34655e-84
2.63019e-84
1.41234e-76
6.12953e-67
3.35503e-67
1.01689e-75
2.73126e-70
3.14707e-69
7.92506e-76
3.19088e-73
8.65594e-84
1.53079e-84
1.26558e-76
6.09948e-67
2.46948e-67
1.00026e-75
1.69237e-70
4.3594e-69
8.05888e-76
5.175e-73
8.98137e-84
8.90877e-85
1.12134e-76
6.06868e-67
1.81726e-67
9.83884e-76
1.0468e-70
6.00762e-69
8.19482e-76
8.39029e-73
9.33169e-84
5.18419e-85
9.81481e-77
6.03717e-67
1.33702e-67
9.67752e-76
6.46803e-71
8.24793e-69
8.3329e-76
1.36012e-72
9.73071e-84
3.01632e-85
8.47826e-77
6.00497e-67
9.83476e-68
9.51866e-76
3.99395e-71
1.12925e-68
8.47315e-76
2.20468e-72
1.02436e-83
1.75455e-85
7.22031e-77
5.97212e-67
7.23227e-68
9.36225e-76
2.4653e-71
1.54297e-68
8.61562e-76
3.57352e-72
1.10501e-83
1.02018e-85
6.05523e-77
5.93864e-67
5.31666e-68
9.20824e-76
1.52138e-71
2.10512e-68
8.76033e-76
5.79206e-72
1.26474e-83
5.92778e-86
4.9941e-77
5.90459e-67
3.90669e-68
9.0566e-76
9.38752e-72
2.86893e-68
8.90731e-76
1.64112e-83
3.44055e-86
4.04444e-77
5.86997e-67
2.61515e-83
1.9933e-86
3.2099e-77
5.83483e-67
5.24196e-83
1.15135e-86
2.49038e-77
5.79918e-67
1.24438e-82
6.61704e-87
1.88229e-77
5.76307e-67
3.23143e-82
3.77102e-87
1.37912e-77
5.72652e-67
8.72698e-82
2.11827e-87
9.7208e-78
5.68956e-67
2.39396e-81
1.15991e-87
6.50819e-78
5.65221e-67
6.60652e-81
6.05532e-88
4.04148e-78
5.6145e-67
1.8273e-80
2.86151e-88
2.20685e-78
5.57649e-67
5.05842e-80
1.03389e-88
8.93941e-79
5.53893e-67
1.40074e-79
0
0
5.52044e-67
1.42761e-79
8.00596e-79
1.455e-79
1.27844e-78
1.48291e-79
1.593e-78
1.51135e-79
1.77909e-78
1.54034e-79
1.87573e-78
1.56989e-79
1.91568e-78
1.6e-79
1.9205e-78
1.6307e-79
1.9007e-78
1.66198e-79
1.85856e-78
1.69386e-79
1.79157e-78
1.72635e-79
1.69564e-78
1.75946e-79
1.56767e-78
1.79321e-79
1.40739e-78
1.82761e-79
1.21828e-78
1.86267e-79
1.00755e-78
1.8984e-79
7.85264e-79
1.93482e-79
5.62885e-79
1.97193e-79
3.51739e-79
2.00977e-79
1.61644e-79
2.04813e-79
0
2.10281e-79
2.15895e-79
2.21659e-79
2.27577e-79
2.33653e-79
2.39891e-79
2.46295e-79
2.52871e-79
2.59622e-79
2.66553e-79
2.7367e-79
2.80976e-79
2.88478e-79
2.96179e-79
3.04088e-79
3.12199e-79
3.2057e-79
3.2896e-79
3.38522e-79
3.43962e-79
END_LIST
