BEGIN_LIST
0.1
0.0998211
0.0996424
0.099464
0.0992859
0.099108
0.0989304
0.0987531
0.098576
0.0983992
0.0982226
0.0980462
0.0978698
0.0976931
0.0975154
0.0973345
0.0971452
0.0969344
0.096669
0.0962655
0.0955132
0.0929355
0.0950476
0.0901159
0.0945707
0.0870583
0.0940823
0.0837724
0.0935823
0.0802748
0.0930706
0.076588
0.0925471
0.072741
0.0920117
0.0687677
0.0914643
0.0647066
0.0909049
0.0605989
0.0903333
0.0564874
0.0897497
0.0524154
0.0891538
0.0484262
0.0885458
0.0445642
0.0879255
0.0408784
0.0872931
0.0374314
0.0866484
0.0343205
0.0859916
0.0317209
0.0853194
0.0299785
0.0845153
0.0298052
0.0793339
0.0298047
0.0312463
0.0279635
0.07535
0.0775267
0.0298042
0.0324119
0.0280049
0.0714678
0.0755401
0.0298037
0.0334083
0.0291086
0.0676953
0.0733726
0.0298032
0.034302
0.0308349
0.0640392
0.0710259
0.0298027
0.0351349
0.0329474
0.0605052
0.0685064
0.0298021
0.0359333
0.0353174
0.0570979
0.0658244
0.0298016
0.0367136
0.0378719
0.0538204
0.0629949
0.0298011
0.0374863
0.040567
0.050675
0.0600373
0.0298006
0.0382577
0.0433728
0.0476629
0.0569743
0.0298001
0.0390319
0.0462664
0.0447842
0.0538317
0.0297996
0.0398114
0.0492279
0.0420377
0.050637
0.0297991
0.0405978
0.052238
0.0394209
0.0474176
0.0297986
0.0413919
0.0552777
0.0369292
0.0441981
0.029798
0.0421943
0.0583278
0.0345546
0.0409967
0.0297975
0.0430052
0.0613689
0.0322829
0.0378178
0.029797
0.0438249
0.0643818
0.0300875
0.0346382
0.0297965
0.0446532
0.0673481
0.0279174
0.0313799
0.0297959
0.0454902
0.0702499
0.0256708
0.0278522
0.0298046
0.0463357
0.0730709
0.0231424
0.0236303
0.0289663
0.0471897
0.0757964
0.0199131
0.0177933
0.02745
0.0285532
0.0384381
0.0624296
0.0341479
0.0775654
0.019403
0.0169308
0.0177931
0.0148356
0.0259548
0.0281452
0.0302176
0.0701612
0.025137
0.0792808
0.018889
0.0142049
0.0177929
0.0141333
0.0244872
0.0277422
0.0230211
0.0745884
0.019008
0.0809403
0.0183708
0.0117778
0.0177927
0.014084
0.0230531
0.0273442
0.0170857
0.0775421
0.0149198
0.0825418
0.0178477
0.00966534
0.0177925
0.0142254
0.0216578
0.0269511
0.0124202
0.0798203
0.0122696
0.0840836
0.0173193
0.00786243
0.0177923
0.014424
0.0203062
0.0265629
0.00888687
0.08177
0.0106315
0.0855645
0.0167848
0.00634885
0.0177921
0.0146414
0.0190021
0.0261796
0.00628457
0.0835418
0.00970852
0.0869835
0.0162438
0.00509544
0.0177919
0.0148666
0.0177488
0.025801
0.00440666
0.0852004
0.00929575
0.08834
0.0156954
0.00406909
0.0177917
0.0150963
0.0165487
0.0254272
0.00307121
0.0867735
0.00925277
0.0896341
0.0151392
0.00323632
0.0177915
0.0153297
0.0154038
0.0250582
0.00213133
0.0882728
0.00948426
0.0908658
0.0145742
0.00256558
0.0177913
0.0155666
0.014315
0.0246939
0.00147466
0.0897031
0.00992617
0.0920357
0.0139999
0.00202854
0.0177911
0.0158068
0.0132828
0.0243342
0.00101818
0.0910667
0.010536
0.0931447
0.0134155
0.00160058
0.0177909
0.0160505
0.0123068
0.0239791
0.000701996
0.0923649
0.0112862
0.0941939
0.01282
0.00126081
0.0177907
0.0162977
0.0113858
0.0236286
0.000483515
0.0935986
0.0121593
0.0951847
0.0122128
0.000991866
0.0177905
0.0165484
0.0105162
0.0232827
0.000332804
0.0947688
0.0131449
0.0961185
0.0115928
0.000779485
0.0177903
0.0168026
0.00968931
0.0229412
0.000228967
0.095877
0.0142373
0.0969973
0.0109591
0.000612085
0.0177901
0.0170604
0.00888234
0.0226042
0.000157495
0.0969244
0.0154343
0.0978228
0.0103109
0.000480372
0.0177899
0.0173219
0.00803162
0.0222716
0.000108369
0.0979127
0.0167355
0.098597
0.00964688
0.000377203
0.0177897
0.017587
0.00695519
0.0219435
7.47386e-05
0.0988438
0.0181421
0.099322
0.00896615
0.000299459
0.0177895
0.0178558
0.00512527
0.0216201
5.2107e-05
0.0997195
0.019656
0.1
0.00826753
0.000266919
0.0177894
0.0181284
0.00308492
0.00497716
0.0214321
4.3846e-05
0.0997196
0.0998447
0.0221605
0.008019
0.00671131
0.0182903
0.00185367
0.00483413
0.0212456
3.70196e-05
0.0997196
0.099914
0.0249338
0.00777738
0.00565214
0.0184534
0.00111314
0.00469638
0.0210605
3.14641e-05
0.0997196
0.0999525
0.0279799
0.00754253
0.00494138
0.0186177
0.000668726
0.00456429
0.0208769
2.70882e-05
0.0997196
0.0999738
0.0313002
0.00731428
0.004475
0.0187833
0.000402481
0.00443844
0.0206947
2.38907e-05
0.0997196
0.0999856
0.0348917
0.00709247
0.0041803
0.0189502
0.000243263
0.00431968
0.020514
2.1998e-05
0.0997197
0.0999922
0.0387452
0.00687696
0.00400647
0.0191185
0.0001483
0.00420933
0.0203347
2.17279e-05
0.0997197
0.0999958
0.0428446
0.00666758
0.00391801
0.0192881
9.1927e-05
0.0041093
0.0201568
2.3701e-05
0.0997197
0.0999978
0.0471659
0.00646419
0.00389019
0.0194591
5.87694e-05
0.00402237
0.0199802
2.90291e-05
0.0997197
0.0999989
0.0516771
0.00626665
0.00390571
0.0196314
3.96321e-05
0.00395257
0.0198051
0.0997196
0.0999995
0.0563385
0.00607479
0.0997194
0.0999998
0.0611032
0.00588849
0.0997186
0.0999999
0.0659193
0.0057076
0.0997165
0.1
0.0707312
0.00553198
0.0997104
0.1
0.0754822
0.0053615
0.0996928
0.1
0.0801171
0.00519602
0.099642
0.1
0.0845846
0.00503541
0.0994956
0.1
0.0888396
0.00487954
0.0990743
0.1
0.0928445
0.00472837
0.0978612
0.1
0.096571
0.00458414
0.0943684
0.1
0.1
0.00451431
0.0943684
0.0683527
0.0943684
0.0491161
0.0943684
0.0355957
0.0943684
0.0266811
0.0943684
0.0213202
0.0943684
0.0186408
0.0943684
0.0180005
0.0943684
0.0189714
0.0943684
0.0212935
0.0943685
0.024821
0.0943685
0.0294722
0.0943685
0.0351857
0.0943685
0.0418844
0.0943685
0.0494477
0.0943685
0.0576954
0.0943685
0.0663885
0.0943685
0.0752457
0.0943685
0.0839726
0.0943685
0.0922972
0.0943685
0.1
0.0943685
0.0943685
0.0943685
0.0943685
0.0943685
0.0943685
0.0943685
0.0943685
0.0943685
0.0943685
0.0943685
0.0943685
0.0943685
0.0943685
0.0943686
0.0943686
0.0943686
0.0943686
0.0943686
0.0943686
END_LIST
