BEGIN_LIST
0
1.41218e-152
4.97685e-152
1.39806e-151
3.67271e-151
9.41945e-151
2.39369e-150
6.0608e-150
1.53231e-149
3.87146e-149
9.77829e-149
2.46928e-148
6.23465e-148
1.57399e-147
3.9732e-147
1.00285e-146
2.5309e-146
6.38657e-146
1.61144e-145
4.06544e-145
4.0595e-145
4.04641e-145
4.05502e-145
4.04527e-145
4.05009e-145
4.07445e-145
4.04468e-145
4.16616e-145
4.03881e-145
4.37694e-145
4.03247e-145
4.806e-145
4.02566e-145
5.62809e-145
4.01839e-145
7.15215e-145
4.01104e-145
9.92718e-145
4.02004e-145
1.49345e-144
4.74877e-145
2.39396e-144
3.62946e-144
4.01392e-144
1.38669e-142
6.93629e-144
5.91808e-141
1.22314e-143
2.53249e-139
2.18786e-143
1.08397e-137
3.95624e-143
4.63981e-136
7.21858e-143
1.98621e-134
1.32751e-142
8.50251e-133
2.45831e-142
3.64014e-131
4.58066e-142
1.55878e-129
4.76173e-142
6.15024e-142
2.57725e-142
3.6821e-129
1.64294e-129
4.95014e-142
7.10567e-142
1.45211e-142
7.12612e-129
1.73024e-129
5.1462e-142
7.66476e-142
8.20124e-143
1.25124e-128
1.82047e-129
5.35023e-142
7.96823e-142
4.64519e-143
2.07085e-128
1.91334e-129
5.56256e-142
8.10696e-142
2.63905e-143
3.29143e-128
2.00848e-129
5.78355e-142
8.13972e-142
1.50392e-143
5.07766e-128
2.10537e-129
6.01357e-142
8.10451e-142
8.59631e-144
7.65409e-128
2.20337e-129
6.25298e-142
8.02591e-142
4.92788e-144
1.13253e-127
2.30162e-129
6.50221e-142
7.91982e-142
2.83279e-144
1.65026e-127
2.39907e-129
6.76165e-142
7.79653e-142
1.63272e-144
2.37398e-127
2.4943e-129
7.03176e-142
7.66273e-142
9.43381e-145
3.37808e-127
2.5854e-129
7.31298e-142
7.52273e-142
5.46353e-145
4.76234e-127
2.66968e-129
7.60579e-142
7.37934e-142
3.17109e-145
6.66056e-127
2.74301e-129
7.91069e-142
7.23438e-142
1.84427e-145
9.25229e-127
2.79883e-129
8.22819e-142
7.08903e-142
1.07463e-145
1.27788e-126
2.82597e-129
8.55975e-142
6.94408e-142
6.2726e-146
1.75655e-126
2.80473e-129
8.82563e-142
6.80002e-142
3.66715e-146
2.40528e-126
2.69929e-129
1.60571e-141
6.65719e-142
2.14701e-146
3.28417e-126
2.44321e-129
-5.85261e-140
6.51582e-142
1.25862e-146
4.47611e-126
1.91146e-129
5.20896e-138
6.37604e-142
7.38638e-147
6.09758e-126
8.64762e-130
3.02685e-137
5.28142e-138
4.53894e-141
2.88219e-142
5.01512e-142
5.20468e-147
6.42371e-126
5.9237e-126
8.8073e-130
2.56116e-130
9.80284e-137
5.35457e-138
1.25402e-140
1.30592e-142
3.95559e-142
3.66811e-147
6.72237e-126
5.65742e-126
8.96993e-130
7.58425e-131
2.81366e-136
5.42842e-138
2.93008e-140
5.9242e-143
3.14115e-142
2.58532e-147
6.99072e-126
5.31039e-126
9.13556e-130
2.24586e-131
7.78163e-136
5.50295e-138
6.59898e-140
2.68957e-143
2.52115e-142
1.82195e-147
7.22603e-126
4.9007e-126
9.30425e-130
6.65058e-132
2.1268e-135
5.57818e-138
1.5067e-139
1.22181e-143
2.05212e-142
1.28352e-147
7.42565e-126
4.45019e-126
9.47605e-130
1.9695e-132
5.79506e-135
5.65411e-138
3.56422e-139
5.55335e-144
1.69828e-142
9.03613e-148
7.58705e-126
3.98131e-126
9.65103e-130
5.83273e-133
1.57933e-134
5.73074e-138
8.7889e-139
2.52532e-144
1.43117e-142
6.35474e-148
7.70788e-126
3.51446e-126
9.82924e-130
1.7275e-133
4.3103e-134
5.80808e-138
2.25326e-138
1.14885e-144
1.22873e-142
4.46178e-148
7.7859e-126
3.0661e-126
1.00107e-129
5.11702e-134
1.17865e-133
5.88612e-138
5.96773e-138
5.22839e-145
1.07414e-142
3.12529e-148
7.81909e-126
2.64805e-126
1.01956e-129
1.51622e-134
3.22998e-133
5.96488e-138
1.62113e-137
2.38009e-145
9.54754e-143
2.18167e-148
7.80561e-126
2.26756e-126
1.03838e-129
4.49719e-135
8.87162e-133
6.04435e-138
4.48804e-137
1.08359e-145
8.61141e-143
1.51559e-148
7.74385e-126
1.92799e-126
1.05756e-129
1.33824e-135
2.44246e-132
6.12454e-138
1.25972e-136
4.93229e-146
7.86318e-143
1.04561e-148
7.63244e-126
1.62971e-126
1.07709e-129
4.02474e-136
6.74057e-132
6.20545e-138
3.57071e-136
2.24315e-146
7.2514e-143
7.14226e-149
7.47025e-126
1.37104e-126
1.09698e-129
1.25212e-136
1.86476e-131
6.28709e-138
1.01917e-135
1.01793e-146
6.73826e-143
4.80834e-149
7.25643e-126
1.14899e-126
1.11723e-129
4.30079e-137
5.17153e-131
6.36945e-138
2.92308e-135
4.59629e-147
6.29611e-143
3.16728e-149
6.9904e-126
9.5994e-127
1.13786e-129
1.85853e-137
1.43778e-130
6.45254e-138
8.41199e-135
2.05268e-147
5.9048e-143
2.01614e-149
6.67189e-126
8.00028e-127
1.15887e-129
1.12805e-137
4.00738e-130
6.53638e-138
2.42645e-134
8.94586e-148
5.54977e-143
1.21141e-149
6.30095e-126
6.65519e-127
1.18027e-129
9.04737e-138
1.11988e-129
6.62095e-138
7.01044e-134
3.68253e-148
5.22055e-143
6.51558e-150
5.87793e-126
5.53329e-127
1.20206e-129
8.31738e-138
3.13898e-129
6.7063e-138
2.02769e-133
1.30022e-148
4.90972e-143
2.64706e-150
5.40352e-126
4.64035e-127
1.22395e-129
8.03329e-138
8.83524e-129
6.79249e-138
5.86931e-133
2.316e-149
4.61216e-143
0
4.87875e-126
4.2558e-127
1.23485e-129
7.88189e-138
5.55676e-129
1.26326e-128
6.8433e-138
9.55794e-133
2.37071e-149
1.3244e-149
4.17391e-143
4.85641e-126
3.59341e-126
7.81486e-138
3.46928e-129
1.78027e-128
6.89437e-138
1.55287e-132
2.42674e-149
7.57363e-150
3.75284e-143
4.83342e-126
2.64578e-126
7.75349e-138
2.15595e-129
2.48373e-128
6.9457e-138
2.51994e-132
2.48414e-149
4.33106e-150
3.3463e-143
4.80982e-126
1.94754e-126
7.69518e-138
1.33593e-129
3.44038e-128
6.99729e-138
4.08672e-132
2.54295e-149
2.47674e-150
2.95453e-143
4.78563e-126
1.43325e-126
7.63859e-138
8.2636e-130
4.74093e-128
7.04914e-138
6.62563e-132
2.60322e-149
1.4163e-150
2.57954e-143
4.76087e-126
1.05455e-126
7.58301e-138
5.10612e-130
6.50857e-128
7.10126e-138
1.07402e-131
2.66504e-149
8.09837e-151
2.22419e-143
4.73558e-126
7.75743e-127
7.5281e-138
3.15308e-130
8.91068e-128
7.15363e-138
1.74087e-131
2.72859e-149
4.62996e-151
1.89163e-143
4.70977e-126
5.70496e-127
7.47365e-138
1.94633e-130
1.21746e-127
7.20627e-138
2.82164e-131
2.79427e-149
2.64631e-151
1.5848e-143
4.68347e-126
4.19412e-127
7.41958e-138
1.20116e-130
1.66093e-127
7.25918e-138
4.57325e-131
2.8632e-149
1.51181e-151
1.30609e-143
4.6567e-126
3.08202e-127
7.36582e-138
7.41187e-131
2.26344e-127
7.31236e-138
2.93833e-149
8.62954e-152
1.05712e-143
4.62949e-126
3.02782e-149
4.91872e-152
8.38621e-144
4.60187e-126
3.15417e-149
2.79662e-152
6.50415e-144
4.57386e-126
3.37959e-149
1.58325e-152
4.9147e-144
4.54547e-126
3.87639e-149
8.89647e-153
3.60018e-144
4.51673e-126
5.12164e-149
4.93358e-153
2.5372e-144
4.48767e-126
8.43664e-149
2.67129e-153
1.69848e-144
4.45831e-126
1.74808e-148
1.38169e-153
1.05464e-144
4.42866e-126
4.23892e-148
6.48418e-154
5.7585e-145
4.39877e-126
1.11232e-147
2.33275e-154
2.33255e-145
4.36923e-126
3.01755e-147
0
0
4.35469e-126
3.07517e-147
1.70763e-146
3.1339e-147
2.72455e-146
3.19375e-147
3.39384e-146
3.25474e-147
3.78965e-146
3.31691e-147
3.99507e-146
3.38026e-147
4.07986e-146
3.44482e-147
4.08993e-146
3.51062e-147
4.04763e-146
3.57768e-147
3.95779e-146
3.64602e-147
3.81507e-146
3.71567e-147
3.61074e-146
3.78665e-147
3.3382e-146
3.85899e-147
2.99688e-146
3.93271e-147
2.59417e-146
4.00784e-147
2.14545e-146
4.08442e-147
1.67211e-146
4.16246e-147
1.19858e-146
4.24199e-147
7.48977e-147
4.32306e-147
3.44197e-147
4.40527e-147
0
4.52243e-147
4.64271e-147
4.76619e-147
4.89296e-147
5.02311e-147
5.15673e-147
5.29391e-147
5.43474e-147
5.57932e-147
5.72776e-147
5.88015e-147
6.0366e-147
6.19722e-147
6.36211e-147
6.53144e-147
6.70507e-147
6.88429e-147
7.06389e-147
7.26854e-147
7.38498e-147
END_LIST
