BEGIN_LIST
0.1
0.0998275
0.0996551
0.0994831
0.0993112
0.0991396
0.0989682
0.0987971
0.0986262
0.0984555
0.098285
0.0981147
0.0979445
0.0977743
0.0976035
0.097431
0.0972538
0.0970645
0.0968444
0.0965463
0.0960511
0.0943846
0.0957614
0.0925154
0.0954634
0.0904328
0.095157
0.0881293
0.094842
0.0856012
0.0945184
0.0828496
0.0941858
0.0798807
0.0938441
0.0767071
0.0934933
0.0733471
0.093133
0.0698254
0.0927632
0.0661725
0.0923837
0.0624247
0.0919944
0.0586243
0.0915951
0.0548206
0.0911856
0.0510739
0.0907658
0.047465
0.0903357
0.0441162
0.0898949
0.0412358
0.0894407
0.0392096
0.0888728
0.0387897
0.0845196
0.0387891
0.0394464
0.0386142
0.0808084
0.0834911
0.0387885
0.0401457
0.0396914
0.0771425
0.0823281
0.038788
0.0408719
0.0415162
0.0735328
0.0810196
0.0387874
0.0416157
0.0437926
0.0699892
0.0795554
0.0387868
0.0423722
0.0463452
0.0665212
0.0779264
0.0387862
0.0431386
0.049067
0.0631368
0.0761256
0.0387857
0.0439132
0.0518897
0.0598436
0.0741484
0.0387851
0.0446951
0.0547666
0.0566476
0.0719931
0.0387845
0.0454838
0.0576632
0.0535542
0.0696613
0.0387839
0.0462788
0.0605524
0.0505671
0.0671579
0.0387834
0.04708
0.0634108
0.0476891
0.0644911
0.0387828
0.047887
0.0662185
0.0449212
0.0616702
0.0387822
0.0486997
0.0689575
0.0422618
0.0587034
0.0387816
0.0495178
0.0716123
0.0397057
0.0555913
0.0387811
0.0503411
0.0741693
0.0372405
0.052315
0.0387805
0.0511693
0.0766172
0.0348407
0.0488119
0.0387799
0.0520022
0.0789469
0.032454
0.0449277
0.0387792
0.0528395
0.0811516
0.029975
0.0403184
0.0387882
0.053681
0.0832265
0.0271891
0.0342483
0.0379193
0.0545263
0.0851692
0.0236588
0.025165
0.036441
0.0374146
0.0466728
0.0706057
0.0401041
0.0863971
0.0230829
0.0206549
0.0251647
0.0204319
0.0349397
0.036915
0.0384813
0.078467
0.030053
0.087565
0.0225034
0.0177584
0.0251645
0.019263
0.0334224
0.0364206
0.0305942
0.0826727
0.0231766
0.0886736
0.0219197
0.0150515
0.0251642
0.0191263
0.0318966
0.0359314
0.023537
0.0852349
0.0185804
0.0897239
0.0213313
0.0125929
0.025164
0.0192905
0.0303698
0.0354473
0.0176091
0.0870401
0.0156107
0.0907173
0.0207376
0.0104156
0.0251637
0.0195443
0.0288494
0.0349684
0.0128812
0.0884788
0.0137984
0.0916551
0.020138
0.00852956
0.0251635
0.0198267
0.0273426
0.0344947
0.00926049
0.0897233
0.0128126
0.0925388
0.0195317
0.00692625
0.0251632
0.0201202
0.0258564
0.034026
0.00657162
0.0908498
0.0124219
0.0933704
0.0189182
0.00558468
0.025163
0.0204197
0.0243972
0.0335625
0.00461951
0.0918925
0.0124667
0.0941516
0.0182967
0.00447673
0.0251628
0.0207238
0.0229711
0.033104
0.0032253
0.0928675
0.0128375
0.0948844
0.0176664
0.0035715
0.0251625
0.0210321
0.0215832
0.0326505
0.00224107
0.0937826
0.0134598
0.0955707
0.0170266
0.00283831
0.0251623
0.0213444
0.0202381
0.0322021
0.00155194
0.0946424
0.0142837
0.0962127
0.0163764
0.00224863
0.025162
0.0216609
0.0189391
0.0317587
0.0010722
0.0954502
0.0152759
0.0968125
0.0157151
0.00177704
0.0251618
0.0219815
0.017688
0.0313203
0.00073955
0.0962083
0.0164149
0.0973721
0.0150416
0.00140157
0.0251615
0.0223062
0.0164829
0.0308868
0.000509533
0.0969191
0.0176866
0.0978936
0.0143551
0.00110369
0.0251613
0.0226352
0.0153129
0.0304583
0.000350792
0.0975848
0.0190825
0.0983791
0.0136546
0.000868053
0.025161
0.0229684
0.0141435
0.0300347
0.000241406
0.0982075
0.0205974
0.0988305
0.012939
0.000682118
0.0251608
0.0233058
0.0128722
0.029616
0.00016616
0.0987893
0.0222283
0.0992499
0.0122072
0.000536154
0.0251606
0.0236476
0.0112043
0.0292022
0.000114626
0.0993324
0.0239734
0.0996391
0.0114581
0.000425989
0.0251603
0.0239937
0.00828872
0.0287938
7.99413e-05
0.0998388
0.0258314
0.1
0.0106905
0.000379847
0.0251602
0.0243441
0.00500593
0.00805182
0.0285561
6.72862e-05
0.0998388
0.0999108
0.0288619
0.0103796
0.00899561
0.0245521
0.00301419
0.00782246
0.0283201
5.68377e-05
0.0998388
0.0999507
0.0321531
0.0100768
0.00785538
0.0247614
0.00181223
0.00760083
0.0280857
4.83509e-05
0.0998389
0.0999728
0.0356922
0.00978187
0.00710485
0.0249722
0.00108941
0.00738731
0.0278529
4.16948e-05
0.0998389
0.0999851
0.0394616
0.00949468
0.00662842
0.0251844
0.00065581
0.00718253
0.0276217
3.68832e-05
0.0998389
0.0999919
0.043438
0.00921509
0.00634515
0.0253981
0.000396283
0.00698742
0.0273922
3.41348e-05
0.0998389
0.0999956
0.047591
0.00894294
0.00619843
0.0256134
0.00024138
0.00680341
0.0271643
3.39786e-05
0.099839
0.0999977
0.0518836
0.00867809
0.00614872
0.0258302
0.00014935
0.00663262
0.026938
3.74361e-05
0.099839
0.0999988
0.0562726
0.00842037
0.00616836
0.0260486
9.51508e-05
0.00647814
0.0267133
4.63284e-05
0.099839
0.0999995
0.0607102
0.00816964
0.00623809
0.0262686
6.37931e-05
0.00634447
0.0264901
0.0998389
0.0999998
0.0651451
0.00792575
0.0998387
0.1
0.0695254
0.00768855
0.099838
0.1
0.0738004
0.0074579
0.0998361
0.1
0.0779228
0.00723363
0.0998305
0.1
0.0818512
0.00701561
0.0998144
0.1
0.0855512
0.0068037
0.099768
0.1
0.0889964
0.00659775
0.0996343
0.1
0.0921693
0.00639762
0.0992493
0.1
0.0950606
0.00620328
0.0981408
0.1
0.0976691
0.00601765
0.0949494
0.1
0.1
0.00592773
0.0949494
0.0709608
0.0949494
0.0528643
0.0949494
0.0398641
0.0949494
0.0311472
0.0949494
0.0258941
0.0949494
0.023372
0.0949494
0.0230019
0.0949494
0.024369
0.0949494
0.0271936
0.0949494
0.0312836
0.0949494
0.0364881
0.0949494
0.0426567
0.0949494
0.0496111
0.0949494
0.0571317
0.0949494
0.0649615
0.0949495
0.0728254
0.0949495
0.0804578
0.0949495
0.0876316
0.0949495
0.0941791
0.0949495
0.1
0.0949495
0.0949495
0.0949495
0.0949495
0.0949495
0.0949495
0.0949495
0.0949495
0.0949495
0.0949495
0.0949495
0.0949495
0.0949495
0.0949496
0.0949496
0.0949496
0.0949496
0.0949496
0.0949496
0.0949496
END_LIST
