BEGIN_LIST
0
2.05741e-178
9.98243e-178
3.96135e-177
1.41425e-176
4.69286e-176
1.47817e-175
4.48407e-175
1.32298e-174
3.82188e-174
1.08612e-173
3.0465e-173
8.45451e-173
2.32556e-172
6.34907e-172
1.72229e-171
4.64593e-171
1.24713e-170
3.33321e-170
8.87404e-170
8.2072e-170
6.47914e-170
7.83742e-170
5.0496e-170
7.46408e-170
4.13949e-170
7.08747e-170
4.09543e-170
6.7079e-170
5.48609e-170
6.32565e-170
9.27567e-170
5.94104e-170
1.71377e-169
5.55447e-170
3.20242e-169
5.17044e-170
5.92052e-169
4.96882e-170
1.08173e-168
1.26322e-169
1.96154e-168
3.56881e-168
3.54623e-168
1.51055e-166
6.41461e-168
6.46327e-165
1.16377e-167
2.76595e-163
2.12095e-167
1.1839e-161
3.88658e-167
5.06755e-160
7.16451e-167
2.16932e-158
1.32872e-166
9.28636e-157
2.47844e-166
3.97573e-155
4.64621e-166
1.70248e-153
4.82182e-166
6.25404e-166
2.60623e-166
4.02156e-153
1.7944e-153
5.00407e-166
7.23608e-166
1.46378e-166
7.78309e-153
1.88975e-153
5.19321e-166
7.81464e-166
8.23953e-167
1.36659e-152
1.9883e-153
5.38949e-166
8.13311e-166
4.65044e-167
2.26177e-152
2.08973e-153
5.5932e-166
8.28401e-166
2.63223e-167
3.59488e-152
2.19364e-153
5.8046e-166
8.32704e-166
1.49417e-167
5.54581e-152
2.29946e-153
6.024e-166
8.30078e-166
8.50531e-168
8.35979e-152
2.40649e-153
6.25169e-166
8.23013e-166
4.85451e-168
1.23695e-151
2.5138e-153
6.48798e-166
8.1312e-166
2.77783e-168
1.80242e-151
2.62023e-153
6.73321e-166
8.0144e-166
1.59333e-168
2.59288e-151
2.72424e-153
6.9877e-166
7.88648e-166
9.15951e-169
3.68958e-151
2.82374e-153
7.25181e-166
7.75182e-166
5.27638e-169
5.20149e-151
2.91578e-153
7.52591e-166
7.61323e-166
3.0453e-169
7.27478e-151
2.99588e-153
7.81036e-166
7.47259e-166
1.76069e-169
1.01055e-150
3.05684e-153
8.10556e-166
7.33108e-166
1.0196e-169
1.39573e-150
3.08649e-153
8.4129e-166
7.18951e-166
5.91291e-170
1.91855e-150
3.06329e-153
8.64508e-166
7.04839e-166
3.43348e-170
2.62712e-150
2.94812e-153
1.64819e-165
6.90808e-166
1.996e-170
3.58708e-150
2.66843e-153
-6.40375e-164
6.76882e-166
1.16148e-170
4.88898e-150
2.08766e-153
5.68938e-162
6.63077e-166
6.76401e-171
6.66003e-150
9.4448e-154
3.30607e-161
5.76852e-162
4.9209e-165
2.99245e-166
4.98498e-166
4.74122e-171
7.01624e-150
6.47011e-150
9.6192e-154
2.79726e-154
1.07072e-160
5.84842e-162
1.36584e-164
1.35359e-166
3.71915e-166
3.32368e-171
7.34245e-150
6.17927e-150
9.79681e-154
8.2834e-155
3.07323e-160
5.92907e-162
3.19654e-164
6.12967e-167
2.75904e-166
2.3299e-171
7.63556e-150
5.80023e-150
9.97771e-154
2.45289e-155
8.4995e-160
6.01048e-162
7.20412e-164
2.77781e-167
2.03889e-166
1.63296e-171
7.89258e-150
5.35275e-150
1.0162e-153
7.26366e-156
2.323e-159
6.09264e-162
1.64538e-163
1.25954e-167
1.50324e-166
1.14404e-171
8.11061e-150
4.86068e-150
1.03496e-153
2.15105e-156
6.32966e-159
6.17558e-162
3.89275e-163
5.71374e-168
1.10714e-166
8.00957e-172
8.28691e-150
4.34856e-150
1.05407e-153
6.37041e-157
1.72502e-158
6.25927e-162
9.5995e-163
2.59305e-168
8.15351e-167
5.60174e-172
8.41888e-150
3.83864e-150
1.07353e-153
1.88674e-157
4.70794e-158
6.34374e-162
2.46112e-162
1.17723e-168
6.00876e-167
3.91162e-172
8.5041e-150
3.34893e-150
1.09336e-153
5.58872e-158
1.28738e-157
6.42898e-162
6.51827e-162
5.34614e-169
4.43389e-167
2.72524e-172
8.54035e-150
2.89232e-150
1.11354e-153
1.65599e-158
3.52795e-157
6.515e-162
1.77069e-161
2.42835e-169
3.27761e-167
1.89251e-172
8.52563e-150
2.47673e-150
1.13411e-153
4.91176e-159
9.69004e-157
6.6018e-162
4.90209e-161
1.10307e-169
2.42816e-167
1.30814e-172
8.45818e-150
2.10583e-150
1.15505e-153
1.4616e-159
2.66778e-156
6.68938e-162
1.37593e-160
5.00935e-170
1.80343e-167
8.9822e-173
8.33649e-150
1.78004e-150
1.17638e-153
4.39576e-160
7.36239e-156
6.77775e-162
3.90013e-160
2.27285e-170
1.34327e-167
6.10853e-173
8.15934e-150
1.49751e-150
1.1981e-153
1.36755e-160
2.03679e-155
6.86691e-162
1.11319e-159
1.02897e-170
1.00367e-167
4.09601e-173
7.92579e-150
1.25498e-150
1.22022e-153
4.69727e-161
5.64861e-155
6.95687e-162
3.19274e-159
4.63534e-171
7.52516e-168
2.68857e-173
7.63522e-150
1.04849e-150
1.24275e-153
2.02988e-161
1.57042e-154
7.04763e-162
9.18803e-159
2.06549e-171
5.66301e-168
1.70631e-173
7.28734e-150
8.73826e-151
1.2657e-153
1.23206e-161
4.37707e-154
7.13919e-162
2.6503e-158
8.98315e-172
4.27861e-168
1.02281e-173
6.88218e-150
7.26909e-151
1.28907e-153
9.88166e-162
1.22319e-153
7.23157e-162
7.65718e-158
3.69118e-172
3.24629e-168
5.49156e-174
6.42014e-150
6.0437e-151
1.31286e-153
9.08438e-162
3.42855e-153
7.32478e-162
2.21475e-157
1.30113e-172
2.47403e-168
2.22867e-174
5.90197e-150
5.0684e-151
1.33677e-153
8.7741e-162
9.65028e-153
7.41891e-162
6.41077e-157
2.30907e-173
1.89428e-168
0
5.32879e-150
4.64838e-151
1.34868e-153
8.60874e-162
6.06937e-153
1.37979e-152
7.47441e-162
1.04397e-156
2.36071e-173
1.31818e-173
1.26668e-168
5.30439e-150
3.92488e-150
8.53553e-162
3.78932e-153
1.9445e-152
7.53019e-162
1.69613e-156
2.41351e-173
7.52505e-174
8.57133e-169
5.27929e-150
2.88985e-150
8.4685e-162
2.35483e-153
2.71285e-152
7.58625e-162
2.75241e-156
2.46749e-173
4.2957e-174
5.87038e-169
5.25351e-150
2.12719e-150
8.40482e-162
1.45918e-153
3.75776e-152
7.6426e-162
4.46373e-156
2.52267e-173
2.45211e-174
4.06846e-169
5.22709e-150
1.56546e-150
8.34301e-162
9.02593e-154
5.17828e-152
7.69923e-162
7.23686e-156
2.57909e-173
1.39967e-174
2.8513e-169
5.20005e-150
1.15183e-150
8.28232e-162
5.57716e-154
7.10898e-152
7.75615e-162
1.1731e-155
2.63677e-173
7.98849e-175
2.01829e-169
5.17242e-150
8.47303e-151
8.22234e-162
3.44396e-154
9.73268e-152
7.81335e-162
1.90147e-155
2.69574e-173
4.5586e-175
1.44046e-169
5.14422e-150
6.23123e-151
8.16287e-162
2.12588e-154
1.32977e-151
7.87085e-162
3.08195e-155
2.75603e-173
2.60059e-175
1.03428e-169
5.1155e-150
4.58102e-151
8.10381e-162
1.31197e-154
1.81415e-151
7.92863e-162
4.99514e-155
2.81766e-173
1.48286e-175
7.45107e-170
5.08626e-150
3.36633e-151
8.0451e-162
8.09562e-155
2.47224e-151
7.98672e-162
2.88068e-173
8.44813e-176
5.36904e-170
5.05655e-150
2.9451e-173
4.80616e-176
3.85585e-170
5.02638e-150
3.01096e-173
2.7275e-176
2.74847e-170
4.99578e-150
3.07828e-173
1.5413e-176
1.93489e-170
4.96477e-150
3.14706e-173
8.64578e-177
1.33677e-170
4.93339e-150
3.21726e-173
4.78688e-177
8.98366e-171
4.90165e-150
3.28867e-173
2.58818e-177
5.79263e-171
4.86957e-150
3.36063e-173
1.33711e-177
3.49643e-171
4.83719e-150
3.43118e-173
6.26936e-178
1.87175e-171
4.80454e-150
3.49452e-173
2.2542e-178
7.49375e-172
4.77228e-150
3.53378e-173
0
0
4.7564e-150
3.57373e-173
3.483e-173
3.61413e-173
3.31434e-173
3.65501e-173
3.07431e-173
3.69635e-173
2.81032e-173
3.73817e-173
2.55852e-173
3.78047e-173
2.33815e-173
3.82325e-173
2.15327e-173
3.86653e-173
1.99777e-173
3.9103e-173
1.86051e-173
3.95458e-173
1.72911e-173
3.99937e-173
1.59252e-173
4.04467e-173
1.44272e-173
4.0905e-173
1.27574e-173
4.13685e-173
1.0919e-173
4.18374e-173
8.9548e-174
4.23117e-173
6.93622e-174
4.27914e-173
4.95008e-174
4.32767e-173
3.08411e-174
4.37677e-173
1.41491e-174
4.42628e-173
0
4.49609e-173
4.56702e-173
4.63908e-173
4.71231e-173
4.78671e-173
4.86231e-173
4.93913e-173
5.01718e-173
5.09649e-173
5.17708e-173
5.25897e-173
5.34218e-173
5.42673e-173
5.51265e-173
5.59997e-173
5.68861e-173
5.77913e-173
5.86902e-173
5.97014e-173
6.02727e-173
END_LIST
