BEGIN_LIST
0
4.2726e-64
1.4803e-63
4.05206e-63
1.03089e-62
2.55068e-62
6.23963e-62
1.51913e-61
3.69117e-61
8.9611e-61
2.17473e-60
5.27707e-60
1.28043e-59
3.10681e-59
7.53831e-59
1.82912e-58
4.43827e-58
1.07694e-57
2.61325e-57
6.34124e-57
1.53878e-56
6.829e-56
1.58291e-56
1.61662e-55
1.62824e-56
3.20491e-55
1.67481e-56
5.84363e-55
1.72263e-56
1.01608e-54
1.77174e-56
1.71561e-54
1.82217e-56
2.84293e-54
1.87394e-56
4.65557e-54
1.9271e-56
7.57129e-54
1.98165e-56
1.22732e-53
2.03765e-56
1.98883e-53
2.09512e-56
3.2293e-53
2.15413e-56
5.2641e-53
2.21643e-56
8.62831e-53
2.35551e-56
1.42382e-52
5.715e-56
2.36768e-52
1.46833e-54
3.97015e-52
6.1842e-53
6.71465e-52
2.64587e-51
1.14519e-51
1.13258e-49
1.96754e-51
4.8492e-48
2.08984e-51
2.55227e-51
1.15064e-51
1.14474e-47
5.11374e-48
2.21974e-51
2.88978e-51
6.7405e-52
2.21282e-47
5.38835e-48
2.35772e-51
3.0658e-51
3.9594e-52
3.87884e-47
5.6724e-48
2.50427e-51
3.13682e-51
2.33328e-52
6.40583e-47
5.96502e-48
2.65993e-51
3.14007e-51
1.37969e-52
1.01549e-46
6.26503e-48
2.82527e-51
3.10005e-51
8.18616e-53
1.56178e-46
6.57084e-48
3.00088e-51
3.0329e-51
4.87335e-53
2.34595e-46
6.88042e-48
3.18741e-51
2.94921e-51
2.91046e-53
3.45742e-46
7.19117e-48
3.38553e-51
2.85597e-51
1.74347e-53
5.01585e-46
7.49972e-48
3.59596e-51
2.75774e-51
1.04738e-53
7.18094e-46
7.80166e-48
3.81947e-51
2.65748e-51
6.30886e-54
1.01653e-45
8.091e-48
4.05687e-51
2.55714e-51
3.80948e-54
1.42516e-45
8.35921e-48
4.30903e-51
2.45794e-51
2.30552e-54
1.98161e-45
8.59339e-48
4.57686e-51
2.36069e-51
1.39821e-54
2.73598e-45
8.77285e-48
4.86133e-51
2.26585e-51
8.49555e-55
3.75525e-45
8.86252e-48
5.16349e-51
2.17373e-51
5.17056e-55
5.12928e-45
8.80052e-48
5.48442e-51
2.08447e-51
3.15153e-55
6.97944e-45
8.47441e-48
5.82529e-51
1.99815e-51
1.92331e-55
9.47111e-45
7.67588e-48
6.18759e-51
1.91479e-51
1.17494e-55
1.28327e-44
6.01308e-48
6.55165e-51
1.83436e-51
7.18285e-56
1.73864e-44
2.7366e-48
6.6881e-51
6.74975e-51
2.02399e-51
8.56086e-52
2.71062e-51
5.19848e-56
1.83013e-44
1.68843e-44
2.78787e-48
8.29951e-49
6.81519e-51
6.95341e-51
2.12825e-51
4.00504e-52
3.30762e-51
3.76175e-56
1.9138e-44
1.61193e-44
2.84011e-48
2.64582e-49
6.93181e-51
7.16277e-51
2.12814e-51
1.87596e-52
3.69564e-51
2.72112e-56
1.98888e-44
1.5125e-44
2.89333e-48
9.66189e-50
7.03722e-51
7.37799e-51
2.02485e-51
8.79383e-53
3.93188e-51
1.96717e-56
2.05459e-44
1.3953e-44
2.94755e-48
4.63783e-50
7.13171e-51
7.59922e-51
1.83939e-51
4.12472e-53
4.06031e-51
1.4208e-56
2.11019e-44
1.26658e-44
3.00279e-48
3.10179e-50
7.21821e-51
7.8266e-51
1.6043e-51
1.93565e-53
4.11321e-51
1.02482e-56
2.15498e-44
1.13273e-44
3.05908e-48
2.60005e-50
7.30691e-51
8.0603e-51
1.35267e-51
9.08767e-54
4.1135e-51
7.37847e-57
2.1883e-44
9.99547e-45
3.11642e-48
2.40587e-50
7.42767e-51
8.3005e-51
1.11024e-51
4.26814e-54
4.07703e-51
5.29899e-57
2.20952e-44
8.71723e-45
3.17484e-48
2.30396e-50
7.66417e-51
8.54734e-51
8.92711e-52
2.00515e-54
4.01457e-51
3.79272e-57
2.21808e-44
7.52602e-45
3.23436e-48
2.23052e-50
8.24822e-51
8.80101e-51
7.06937e-52
9.42148e-55
3.93336e-51
2.70226e-57
2.21347e-44
6.44236e-45
3.295e-48
2.16662e-50
9.8204e-51
9.06168e-51
5.53705e-52
4.42641e-55
3.83822e-51
1.91352e-57
2.19524e-44
5.47567e-45
3.35679e-48
2.10663e-50
1.41527e-50
9.32954e-51
4.30443e-52
2.07852e-55
3.73237e-51
1.3437e-57
2.16301e-44
4.6269e-45
3.41974e-48
2.04885e-50
2.61571e-50
9.60476e-51
3.33277e-52
9.74669e-56
3.61798e-51
9.3273e-58
2.11645e-44
3.89112e-45
3.48387e-48
1.99277e-50
5.94819e-50
9.88754e-51
2.58548e-52
4.55668e-56
3.49651e-51
6.36998e-58
2.05534e-44
3.25978e-45
3.54921e-48
1.93818e-50
1.52143e-49
1.01781e-50
2.04388e-52
2.11693e-56
3.36906e-51
4.24838e-58
1.97952e-44
2.72245e-45
3.61579e-48
1.88503e-50
4.10299e-49
1.04766e-50
1.73769e-52
9.70822e-57
3.23642e-51
2.73251e-58
1.88891e-44
2.26811e-45
3.68362e-48
1.83325e-50
1.13115e-48
1.07833e-50
1.82662e-52
4.33286e-57
3.0993e-51
1.65539e-58
1.78353e-44
1.88609e-45
3.75273e-48
1.78282e-50
3.14914e-48
1.10984e-50
2.83503e-52
1.82045e-57
2.9583e-51
8.95651e-59
1.66347e-44
1.56757e-45
3.82311e-48
1.73369e-50
8.81627e-48
1.14223e-50
6.33246e-52
6.54498e-58
2.81405e-51
3.65183e-59
1.52894e-44
1.31413e-45
3.89386e-48
1.68583e-50
2.48077e-47
1.17559e-50
1.69087e-51
1.21288e-58
2.66718e-51
0
1.38021e-44
1.20501e-45
3.92911e-48
1.63922e-50
1.55982e-47
3.54731e-47
1.1955e-50
2.71568e-51
1.25758e-58
7.05931e-59
2.43841e-51
1.37367e-44
1.01614e-44
1.61255e-50
9.736e-48
5.00002e-47
1.21573e-50
4.37951e-51
1.30416e-58
4.10864e-59
2.20796e-51
1.36696e-44
7.47848e-45
1.58625e-50
6.04877e-48
6.97742e-47
1.23628e-50
7.07909e-51
1.35313e-58
2.39121e-59
1.97855e-51
1.36007e-44
5.50244e-45
1.56032e-50
3.74716e-48
9.66775e-47
1.25716e-50
1.14575e-50
1.40579e-58
1.39159e-59
1.75307e-51
1.35301e-44
4.04761e-45
1.53477e-50
2.31726e-48
1.33268e-46
1.27836e-50
1.85575e-50
1.4656e-58
8.09775e-60
1.53444e-51
1.34579e-44
2.97682e-45
1.50962e-50
1.43147e-48
1.83023e-46
1.2999e-50
3.00698e-50
1.54204e-58
4.71142e-60
1.3255e-51
1.33843e-44
2.18882e-45
1.48484e-50
8.83724e-49
2.50668e-46
1.32177e-50
4.8735e-50
1.6613e-58
2.7405e-60
1.12884e-51
1.33092e-44
1.60899e-45
1.46045e-50
5.45366e-49
3.42624e-46
1.344e-50
7.89964e-50
1.89574e-58
1.59342e-60
9.46699e-52
1.32327e-44
1.18236e-45
1.43643e-50
3.36484e-49
4.67622e-46
1.36657e-50
1.28056e-49
2.44568e-58
9.25842e-61
7.80804e-52
1.3155e-44
8.68466e-46
1.41278e-50
2.07583e-49
6.37527e-46
1.38949e-50
3.86578e-58
5.37357e-61
6.32334e-52
1.3076e-44
7.69212e-58
3.11313e-61
5.0186e-52
1.29958e-44
1.81791e-57
1.79813e-61
3.89367e-52
1.29146e-44
4.71099e-57
1.0334e-61
2.94295e-52
1.28323e-44
1.27119e-56
5.88919e-62
2.15626e-52
1.27491e-44
3.48595e-56
3.30804e-62
1.51985e-52
1.26649e-44
9.61882e-56
1.81136e-62
1.01756e-52
1.258e-44
2.66035e-55
9.45611e-63
6.31891e-53
1.24942e-44
7.36439e-55
4.46854e-63
3.45045e-53
1.24078e-44
2.03929e-54
1.61452e-63
1.39769e-53
1.23225e-44
5.64771e-54
0
0
1.22804e-44
5.75604e-54
3.22814e-53
5.86646e-54
5.15492e-53
5.97899e-54
6.4233e-53
6.09368e-54
7.17366e-53
6.21057e-54
7.56331e-53
6.32971e-54
7.72439e-53
6.45112e-54
7.74384e-53
6.57487e-54
7.66402e-53
6.70099e-54
7.49409e-53
6.82953e-54
7.22398e-53
6.96054e-54
6.83717e-53
7.09406e-54
6.32117e-53
7.23014e-54
5.67488e-53
7.36883e-54
4.91235e-53
7.51018e-54
4.06266e-53
7.65425e-54
3.16635e-53
7.80107e-54
2.26967e-53
7.95071e-54
1.41828e-53
8.10327e-54
6.51781e-54
8.25796e-54
0
8.47843e-54
8.70479e-54
8.93718e-54
9.17579e-54
9.42076e-54
9.67228e-54
9.93051e-54
1.01956e-53
1.04678e-53
1.07473e-53
1.10342e-53
1.13288e-53
1.16313e-53
1.19418e-53
1.22607e-53
1.25877e-53
1.29252e-53
1.32635e-53
1.3649e-53
1.38684e-53
END_LIST
