BEGIN_LIST
0
1.73471e-47
5.98654e-47
1.62887e-46
4.11291e-46
1.00901e-45
2.44599e-45
5.8995e-45
1.41986e-44
3.41416e-44
8.20677e-44
1.97249e-43
4.74081e-43
1.13949e-42
2.73898e-42
6.5842e-42
1.58287e-41
3.80556e-41
9.15016e-41
2.20023e-40
5.29105e-40
2.31432e-39
5.47836e-40
5.38679e-39
5.67225e-40
1.04265e-38
5.87294e-40
1.84258e-38
6.08066e-40
3.08328e-38
6.29563e-40
4.97709e-38
6.5181e-40
7.83849e-38
6.74832e-40
1.21399e-37
6.98654e-40
1.86039e-37
7.23302e-40
2.83578e-37
7.48802e-40
4.31975e-37
7.75182e-40
6.6041e-37
8.0247e-40
1.01719e-36
8.307e-40
1.5836e-36
8.601e-40
2.49834e-36
8.99279e-40
4.00099e-36
1.31516e-39
6.50947e-36
1.78058e-38
1.07582e-35
7.22019e-37
1.80427e-35
3.08543e-35
3.06438e-35
1.32052e-33
3.25417e-35
3.9684e-35
1.79161e-35
3.11263e-33
1.39434e-33
3.45571e-35
4.49021e-35
1.04932e-35
5.9996e-33
1.47111e-33
3.6697e-35
4.76242e-35
6.16323e-36
1.04742e-32
1.55066e-33
3.89693e-35
4.87239e-35
3.6323e-36
1.72085e-32
1.63278e-33
4.1382e-35
4.87762e-35
2.1485e-36
2.71078e-32
1.71715e-33
4.39439e-35
4.81599e-35
1.2756e-36
4.13799e-32
1.80335e-33
4.66642e-35
4.71241e-35
7.60215e-37
6.16222e-32
1.89084e-33
4.95526e-35
4.58327e-35
4.5478e-37
8.99319e-32
1.97892e-33
5.26195e-35
4.43931e-35
2.73096e-37
1.29047e-31
2.06669e-33
5.58759e-35
4.2876e-35
1.64623e-37
1.82528e-31
2.153e-33
5.93335e-35
4.13271e-35
9.96213e-38
2.54992e-31
2.23628e-33
6.30047e-35
3.97762e-35
6.05246e-38
3.52426e-31
2.31438e-33
6.69026e-35
3.82427e-35
3.69217e-38
4.82598e-31
2.38405e-33
7.10413e-35
3.67385e-35
2.2618e-38
6.55632e-31
2.44021e-33
7.54355e-35
3.52712e-35
1.39159e-38
8.848e-31
2.47435e-33
8.01011e-35
3.38453e-35
8.60009e-39
1.18765e-30
2.47161e-33
8.50548e-35
3.24632e-35
5.33899e-39
1.58767e-30
2.4051e-33
9.03141e-35
3.11261e-35
3.32949e-39
2.11676e-30
2.22524e-33
9.5902e-35
2.98344e-35
2.08547e-39
2.81921e-30
1.83908e-33
1.01506e-34
2.85876e-35
1.31162e-39
3.75816e-30
1.06956e-33
1.03596e-34
1.04552e-34
3.15143e-35
1.33373e-35
4.22683e-35
9.6873e-40
3.94613e-30
3.64545e-30
1.09331e-33
6.10919e-34
1.05539e-34
1.07683e-34
3.3109e-35
6.23742e-36
5.15942e-35
7.1623e-40
4.11739e-30
3.47635e-30
1.11763e-33
4.67414e-34
1.07314e-34
1.109e-34
3.30802e-35
2.92054e-36
5.76616e-35
5.29914e-40
4.27033e-30
3.25826e-30
1.14251e-33
4.17344e-34
1.089e-34
1.14206e-34
3.14498e-35
1.36853e-36
6.1363e-35
3.92172e-40
4.40338e-30
3.00247e-30
1.16797e-33
3.95101e-34
1.10281e-34
1.17603e-34
2.85473e-35
6.41652e-37
6.33836e-35
2.9016e-40
4.51504e-30
2.72249e-30
1.19402e-33
3.81274e-34
1.11437e-34
1.21094e-34
2.488e-35
3.00992e-37
6.42266e-35
2.14491e-40
4.60387e-30
2.43212e-30
1.22069e-33
3.70117e-34
1.12357e-34
1.2468e-34
2.0962e-35
1.41253e-37
6.4249e-35
1.58291e-40
4.66854e-30
2.14384e-30
1.24798e-33
3.59929e-34
1.13032e-34
1.28365e-34
1.71921e-35
6.63121e-38
6.36977e-35
1.1651e-40
4.70779e-30
1.86766e-30
1.27592e-33
3.502e-34
1.13467e-34
1.3215e-34
1.38129e-35
3.11391e-38
6.27404e-35
8.54314e-41
4.72046e-30
1.61071e-30
1.30451e-33
3.40776e-34
1.13703e-34
1.36039e-34
1.09294e-35
1.46244e-38
6.14898e-35
6.23122e-41
4.70554e-30
1.3773e-30
1.33377e-33
3.31608e-34
1.13864e-34
1.40034e-34
8.55216e-36
6.86763e-39
6.00207e-35
4.51236e-41
4.66211e-30
1.16936e-30
1.36372e-33
3.22677e-34
1.14311e-34
1.44137e-34
6.63896e-36
3.22331e-39
5.83831e-35
3.23601e-41
4.58941e-30
9.87032e-31
1.39438e-33
3.13974e-34
1.16052e-34
1.48351e-34
5.12491e-36
1.51078e-39
5.66106e-35
2.29022e-41
4.4868e-30
8.29166e-31
1.42576e-33
3.05491e-34
1.2189e-34
1.5268e-34
3.94083e-36
7.05977e-40
5.47262e-35
1.59159e-41
4.35382e-30
6.9387e-31
1.45789e-33
2.97223e-34
1.39631e-34
1.57125e-34
3.02286e-36
3.27835e-40
5.27465e-35
1.07778e-41
4.19016e-30
5.78855e-31
1.49077e-33
2.89166e-34
1.91085e-34
1.61691e-34
2.31693e-36
1.50284e-40
5.06842e-35
7.02144e-42
3.99567e-30
4.81716e-31
1.52444e-33
2.81313e-34
3.37341e-34
1.6638e-34
1.78121e-36
6.70495e-41
4.855e-35
4.29712e-42
3.77039e-30
4.0013e-31
1.5589e-33
2.73661e-34
7.50035e-34
1.71196e-34
1.39049e-36
2.8163e-41
4.63535e-35
2.34218e-42
3.51454e-30
3.32181e-31
1.59417e-33
2.66203e-34
1.91331e-33
1.76145e-34
1.14935e-36
1.01235e-41
4.41045e-35
9.59257e-43
3.22852e-30
2.7817e-31
1.62978e-33
2.58936e-34
5.2023e-33
1.81239e-34
1.1327e-36
1.87591e-42
4.18127e-35
0
2.91294e-30
2.54926e-31
1.64757e-33
2.51854e-34
3.26955e-33
7.40907e-33
1.8428e-34
1.25303e-36
1.94503e-42
1.0919e-42
3.82401e-35
2.89773e-30
2.14177e-30
2.47801e-34
2.03988e-33
1.04169e-32
1.87367e-34
1.51757e-36
2.01742e-42
6.35615e-43
3.46376e-35
2.88215e-30
1.57421e-30
2.43802e-34
1.26681e-33
1.45145e-32
1.90503e-34
2.00775e-36
2.09446e-42
3.70042e-43
3.10483e-35
2.86622e-30
1.15674e-30
2.3986e-34
7.84477e-34
2.00952e-32
1.93688e-34
2.85665e-36
2.1798e-42
2.15454e-43
2.75178e-35
2.84994e-30
8.498e-31
2.35975e-34
4.84966e-34
2.76937e-32
1.96922e-34
4.28095e-36
2.28339e-42
1.25461e-43
2.40924e-35
2.83334e-30
6.24182e-31
2.32147e-34
2.99516e-34
3.80383e-32
2.00206e-34
6.63285e-36
2.43257e-42
7.30635e-44
2.08169e-35
2.81644e-30
4.5837e-31
2.28378e-34
1.84897e-34
5.212e-32
2.03541e-34
1.04842e-35
2.70285e-42
4.25503e-44
1.77323e-35
2.79924e-30
3.36527e-31
2.24665e-34
1.14133e-34
7.12875e-32
2.06928e-34
1.67631e-35
3.30323e-42
2.47776e-44
1.48742e-35
2.78176e-30
2.46999e-31
2.21008e-34
7.04776e-35
9.73768e-32
2.10368e-34
2.69751e-35
4.81229e-42
1.44235e-44
1.227e-35
2.76403e-30
1.81218e-31
2.17407e-34
4.3561e-35
1.32887e-31
2.1386e-34
8.83231e-42
8.38973e-45
9.93846e-36
2.74604e-30
1.98007e-41
4.87284e-45
7.88897e-36
2.72783e-30
5.00076e-41
2.82255e-45
6.12144e-36
2.7094e-30
1.33492e-40
1.62715e-45
4.6273e-36
2.69076e-30
3.64532e-40
9.30278e-46
3.39069e-36
2.67194e-30
1.00424e-39
5.24233e-46
2.39015e-36
2.65294e-30
2.77581e-39
2.87922e-46
1.60035e-36
2.63378e-30
7.68228e-39
1.50707e-46
9.93843e-37
2.61446e-30
2.12713e-38
7.13652e-47
5.4271e-37
2.59503e-30
5.8908e-38
2.58189e-47
2.19844e-37
2.57585e-30
1.63148e-37
0
0
2.56642e-30
1.66278e-37
9.32543e-37
1.69468e-37
1.48915e-36
1.72718e-37
1.85556e-36
1.76032e-37
2.07232e-36
1.79408e-37
2.18487e-36
1.8285e-37
2.2314e-36
1.86358e-37
2.23701e-36
1.89933e-37
2.21395e-36
1.93576e-37
2.16485e-36
1.97289e-37
2.08682e-36
2.01074e-37
1.97507e-36
2.04931e-37
1.82601e-36
2.08862e-37
1.63931e-36
2.12869e-37
1.41903e-36
2.16952e-37
1.17358e-36
2.21114e-37
9.14662e-37
2.25356e-37
6.55639e-37
2.29679e-37
4.09699e-37
2.34086e-37
1.8828e-37
2.38555e-37
0
2.44924e-37
2.51463e-37
2.58177e-37
2.6507e-37
2.72147e-37
2.79413e-37
2.86873e-37
2.94533e-37
3.02397e-37
3.1047e-37
3.1876e-37
3.2727e-37
3.36008e-37
3.44979e-37
3.54192e-37
3.6364e-37
3.73391e-37
3.83164e-37
3.94302e-37
4.00638e-37
END_LIST
