BEGIN_LIST
5.69478e-05
5.68336e-05
5.67195e-05
5.66057e-05
5.64921e-05
5.63787e-05
5.62656e-05
5.61525e-05
5.60397e-05
5.5927e-05
5.58144e-05
5.57015e-05
5.55877e-05
5.54716e-05
5.5349e-05
5.521e-05
5.50291e-05
5.47424e-05
5.41879e-05
5.29567e-05
0.000552075
0.000558875
0.000506044
0.000547895
0.000461931
0.00053699
0.000420017
0.000526166
0.000380509
0.000515428
0.000343542
0.000504781
0.000309191
0.000494229
0.000277468
0.000483776
0.000248342
0.000473428
0.000221738
0.000463188
0.000197554
0.00045306
0.000175666
0.000443048
0.000155935
0.000433155
0.000138224
0.000423384
0.0001224
0.000413739
0.000108364
0.000404222
9.60835e-05
0.000394836
8.56757e-05
0.000385574
7.7589e-05
0.00037607
7.29951e-05
0.000350368
0
4.99397e-05
8.03258e-05
0.000136399
0.000479886
0
5.47784e-05
6.66159e-05
0.000127017
0.000438644
0
5.83784e-05
6.25441e-05
0.000118226
0.000399542
0
6.12311e-05
6.36128e-05
0.000109994
0.000362734
0
6.3639e-05
6.75618e-05
0.000102295
0.000328312
0
6.57882e-05
7.32847e-05
9.50974e-05
0.000296319
0
6.77941e-05
8.02597e-05
8.83751e-05
0.000266749
0
6.9728e-05
8.82586e-05
8.21006e-05
0.000239559
0
7.16343e-05
9.72017e-05
7.62476e-05
0.000214673
0
7.35408e-05
0.000107084
7.07908e-05
0.000191994
0
7.54649e-05
0.000117939
6.57055e-05
0.000171404
0
7.7418e-05
0.000129821
6.09671e-05
0.000152776
0
7.94071e-05
0.000142793
5.65509e-05
0.000135973
0
8.14373e-05
0.000156924
5.24297e-05
0.000120858
0
8.35118e-05
0.000172286
4.85706e-05
0.000107291
0
8.56333e-05
0.00018895
4.49276e-05
9.51334e-05
0
8.78035e-05
0.000206982
4.14254e-05
8.42414e-05
0
9.00241e-05
0.000226448
3.79266e-05
7.44602e-05
0
9.22965e-05
0.000247403
3.41623e-05
6.56003e-05
0
9.46219e-05
0.000269895
2.95849e-05
5.73866e-05
0.000128998
2.9261e-05
0.000218163
0.000185896
0.000115524
0.000289784
8.86771e-06
0.000126219
0
1.37926e-05
0.000118306
2.87925e-05
0.000156065
0.000230688
8.29198e-05
0.000306704
8.61885e-06
0.000100557
0
1.33201e-05
0.000108431
2.83313e-05
0.000110332
0.000258082
6.06105e-05
0.000324315
8.36773e-06
7.98236e-05
0
1.33379e-05
9.93212e-05
2.78773e-05
7.73411e-05
0.000279074
4.56055e-05
0.000342626
8.11405e-06
6.31813e-05
0
1.34994e-05
9.0927e-05
2.74305e-05
5.38888e-05
0.000297955
3.57269e-05
0.00036164
7.85753e-06
4.9893e-05
0
1.37049e-05
8.32004e-05
2.69907e-05
3.73892e-05
0.000316433
2.94288e-05
0.000381353
7.59785e-06
3.93271e-05
0
1.39256e-05
7.60952e-05
2.65578e-05
2.58649e-05
0.000335193
2.56324e-05
0.000401753
7.33469e-06
3.09536e-05
0
1.41534e-05
6.95673e-05
2.61317e-05
1.78559e-05
0.000354505
2.35942e-05
0.000422825
7.06772e-06
2.43349e-05
0
1.43858e-05
6.35747e-05
2.57123e-05
1.23094e-05
0.00037447
2.28072e-05
0.000444546
6.79658e-06
1.9114e-05
0
1.46223e-05
5.80776e-05
2.52996e-05
8.4774e-06
0.000395119
2.29289e-05
0.000466888
6.52089e-06
1.50025e-05
0
1.48627e-05
5.30383e-05
2.48933e-05
5.8344e-06
0.00041645
2.37308e-05
0.000489817
6.24028e-06
1.17688e-05
0
1.51071e-05
4.84215e-05
2.44935e-05
4.01353e-06
0.000438443
2.50632e-05
0.000513295
5.95433e-06
9.22802e-06
0
1.53554e-05
4.41936e-05
2.40999e-05
2.76005e-06
0.000461072
2.68302e-05
0.000537276
5.66262e-06
7.23325e-06
0
1.56078e-05
4.03222e-05
2.37126e-05
1.89763e-06
0.000484298
2.89737e-05
0.00056171
5.36471e-06
5.66814e-06
0
1.58643e-05
3.67738e-05
2.33313e-05
1.3045e-06
0.000508081
3.14614e-05
0.000586543
5.06012e-06
4.44073e-06
0
1.61249e-05
3.35076e-05
2.29561e-05
8.96676e-07
0.000532371
3.42794e-05
0.000611715
4.74836e-06
3.47854e-06
0
1.63898e-05
3.04569e-05
2.25869e-05
6.16345e-07
0.000557114
3.74269e-05
0.000637162
4.42893e-06
2.7246e-06
0
1.6659e-05
2.74738e-05
2.22235e-05
4.23758e-07
0.000582252
4.09126e-05
0.000662816
4.10128e-06
2.13493e-06
0
1.69325e-05
2.41639e-05
2.18659e-05
2.9172e-07
0.00060772
4.47524e-05
0.000688608
3.76484e-06
1.68209e-06
0
1.72105e-05
1.93913e-05
2.15143e-05
2.01996e-07
0.000633451
4.89677e-05
0.000714463
3.41903e-06
1.40649e-06
0
1.7493e-05
1.19897e-05
4.34957e-06
2.12391e-05
1.52728e-07
0
0
5.49136e-05
1.83759e-05
1.19134e-05
1.77199e-05
7.19547e-06
4.22441e-06
2.10379e-05
1.28643e-07
0
0
6.29414e-05
1.77887e-05
9.12944e-06
1.78901e-05
4.31672e-06
4.105e-06
2.08385e-05
1.08841e-07
0
0
7.213e-05
1.72201e-05
7.20908e-06
1.80618e-05
2.59071e-06
3.99207e-06
2.0641e-05
9.28934e-08
0
0
8.26125e-05
1.66694e-05
5.89368e-06
1.8235e-05
1.55706e-06
3.88668e-06
2.04453e-05
8.06167e-08
0
0
9.45395e-05
1.61361e-05
5.00195e-06
1.84099e-05
9.38854e-07
3.79044e-06
2.02515e-05
7.21522e-08
0
0
0.000108076
1.56197e-05
4.40698e-06
1.85864e-05
5.69826e-07
3.70565e-06
2.00594e-05
6.81104e-08
0
0
0.000123401
1.51197e-05
4.02006e-06
1.87645e-05
3.50317e-07
3.63572e-06
1.98692e-05
6.9825e-08
0
0
0.000140701
1.46354e-05
3.77921e-06
1.89443e-05
2.20642e-07
3.58555e-06
1.96807e-05
7.9787e-08
0
0
0.000160169
1.41666e-05
3.64121e-06
1.91258e-05
1.45101e-07
3.56221e-06
1.9494e-05
1.02378e-07
0
0
0.000182003
1.37126e-05
3.57588e-06
1.93091e-05
0
0
0.000206393
1.3273e-05
0
0
0.000233516
1.28474e-05
0
0
0.000263532
1.24353e-05
0
0
0.000296562
1.20363e-05
0
0
0.000332687
1.165e-05
0
0
0.000371925
1.1276e-05
0
0
0.000414223
1.09139e-05
0
0
0.000459442
1.05634e-05
0
0
0.000507349
1.0227e-05
0
0
0.000557608
9.98352e-06
0
0.000574718
0
0.000401161
0
0.000272725
0
0.000185043
0
0.000129096
0
9.61214e-05
0
7.93675e-05
0
7.4253e-05
0
7.79807e-05
0
8.90773e-05
0
0.000107014
0
0.000131924
0
0.000164402
0
0.000205325
0
0.000255688
0
0.000316395
0
0.000388008
0
0.000470453
0
0.000562705
0
0.000662557
0
0
0
0
0
0
0
0
0
0
0
0
0
0
0
0
0
0
0
0
END_LIST
