BEGIN_LIST
0.000152242
0.000151962
0.000151683
0.000151404
0.000151126
0.000150848
0.00015057
0.000150293
0.000150016
0.000149739
0.000149463
0.000149186
0.000148908
0.000148625
0.000148331
0.000148008
0.00014761
0.000147023
0.000145959
0.000143686
0.00104514
0.00104732
0.00100879
0.00103963
0.000969758
0.0010318
0.000928251
0.00102382
0.000884553
0.0010157
0.000839022
0.00100744
0.000792078
0.000999037
0.000744187
0.000990495
0.000695847
0.000981815
0.00064756
0.000972998
0.000599822
0.000964047
0.000553101
0.000954964
0.00050783
0.00094575
0.000464407
0.000936409
0.00042322
0.000926943
0.000384709
0.000917356
0.000349513
0.000907649
0.000318808
0.000897814
0.000295023
0.00088735
0.000283365
0.000855237
0
0.000199416
0.000319862
0.000412264
0.00105023
0
0.000214764
0.00028437
0.000389693
0.00101582
0
0.000226233
0.0002769
0.000367908
0.000978893
0
0.000235371
0.000284941
0.000346933
0.000939618
0
0.000243116
0.000301681
0.000326786
0.000898229
0
0.00025004
0.000323582
0.000307478
0.000855023
0
0.000256496
0.00034884
0.000289013
0.000810358
0
0.000262699
0.000376529
0.000271391
0.000764634
0
0.000268782
0.000406157
0.000254605
0.000718284
0
0.000274828
0.000437434
0.000238644
0.000671755
0
0.000280887
0.000470158
0.000223492
0.000625487
0
0.000286991
0.000504159
0.000209125
0.000579904
0
0.00029316
0.000539268
0.000195515
0.000535385
0
0.000299404
0.000575308
0.000182616
0.00049225
0
0.000305732
0.000612082
0.000170362
0.000450731
0
0.000312147
0.000649382
0.000158633
0.000410921
0
0.000318653
0.000686983
0.000147211
0.000372677
0
0.00032525
0.000724651
0.000135665
0.000335399
0
0.00033194
0.000762147
0.000123117
0.000297541
0
0.000338723
0.000799235
0.000107747
0.000255476
0.000475637
0.000121549
0.000688451
0.000595215
0.000404511
0.000829659
3.31456e-05
0.000420848
0
6.21192e-05
0.000446185
0.000119738
0.000547924
0.000695835
0.000302913
0.000853808
3.22416e-05
0.000351019
0
5.83056e-05
0.000417737
0.000117951
0.000421394
0.000749261
0.000228176
0.000877484
3.1329e-05
0.000289542
0
5.78469e-05
0.000390368
0.000116189
0.000314943
0.000785258
0.000175353
0.000900644
3.04068e-05
0.000236557
0
5.8367e-05
0.000364136
0.00011445
0.000230102
0.00081429
0.000139378
0.000923242
2.94739e-05
0.000191711
0
5.9179e-05
0.000339085
0.000112735
0.000165233
0.000840308
0.000115901
0.000945238
2.85291e-05
0.000154322
0
6.00853e-05
0.000315244
0.000111044
0.000117143
0.000864831
0.000101509
0.000966591
2.75714e-05
0.000123538
0
6.10288e-05
0.000292627
0.000109375
8.22824e-05
0.000888435
9.3667e-05
0.000987265
2.65994e-05
9.84476e-05
0
6.19933e-05
0.000271238
0.00010773
5.74158e-05
0.00091132
9.05546e-05
0.00100723
2.56119e-05
7.81669e-05
0
6.29743e-05
0.000251067
0.000106107
3.9878e-05
0.000933541
9.08985e-05
0.00102647
2.46076e-05
6.18822e-05
0
6.39707e-05
0.000232097
0.000104507
2.76071e-05
0.000955097
9.38248e-05
0.00104495
2.35849e-05
4.88754e-05
0
6.49822e-05
0.0002143
0.000102928
1.90688e-05
0.000975968
9.87451e-05
0.00106267
2.25426e-05
3.85305e-05
0
6.60089e-05
0.000197641
0.000101372
1.31506e-05
0.000996131
0.000105271
0.00107961
2.14788e-05
3.03304e-05
0
6.7051e-05
0.000182073
9.98374e-05
9.0593e-06
0.00101556
0.000113154
0.00109578
2.03922e-05
2.38475e-05
0
6.81088e-05
0.000167532
9.83242e-05
6.23622e-06
0.00103425
0.000122242
0.00111117
1.92808e-05
1.8733e-05
0
6.91823e-05
0.000153907
9.68321e-05
4.29072e-06
0.00105217
0.000132448
0.00112579
1.8143e-05
1.47048e-05
0
7.02718e-05
0.000140955
9.5361e-05
2.9513e-06
0.00106932
0.000143731
0.00113965
1.69768e-05
1.15367e-05
0
7.13775e-05
0.00012805
9.39107e-05
2.0301e-06
0.0010857
0.000156081
0.00115277
1.57802e-05
9.05166e-06
0
7.24997e-05
0.000113413
9.24811e-05
1.39803e-06
0.00110132
0.000169508
0.00116516
1.45512e-05
7.13905e-06
0
7.36385e-05
9.17831e-05
9.10728e-05
9.6831e-07
0.00111617
0.000184036
0.00117684
1.32874e-05
5.97338e-06
0
7.47941e-05
5.74253e-05
2.10518e-05
8.99693e-05
7.32287e-07
0
0
0.000204139
7.04972e-05
4.63949e-05
7.57212e-05
3.47385e-05
2.04484e-05
8.91611e-05
6.16911e-07
0
0
0.000230625
6.83306e-05
3.64158e-05
7.6416e-05
2.09404e-05
1.98699e-05
8.83597e-05
5.22077e-07
0
0
0.000260015
6.62271e-05
2.95258e-05
7.71163e-05
1.26036e-05
1.9319e-05
8.7565e-05
4.45755e-07
0
0
0.000292386
6.41851e-05
2.48197e-05
7.78223e-05
7.58778e-06
1.87995e-05
8.67769e-05
3.87108e-07
0
0
0.00032779
6.22032e-05
2.16532e-05
7.85342e-05
4.57944e-06
1.83172e-05
8.59954e-05
3.46867e-07
0
0
0.000366226
6.02796e-05
1.95708e-05
7.92522e-05
2.78056e-06
1.78806e-05
8.52206e-05
3.28054e-07
0
0
0.000407631
5.84129e-05
1.82515e-05
7.99763e-05
1.70931e-06
1.7502e-05
8.44522e-05
3.37215e-07
0
0
0.000451861
5.66015e-05
1.74701e-05
8.07065e-05
1.07592e-06
1.71995e-05
8.36903e-05
3.86544e-07
0
0
0.000498682
5.48439e-05
1.70688e-05
8.1443e-05
7.06614e-07
1.69988e-05
8.29348e-05
4.9746e-07
0
0
0.000547765
5.31386e-05
1.69374e-05
8.21857e-05
0
0
0.000598685
5.14844e-05
0
0
0.00065093
4.98796e-05
0
0
0.000703915
4.83231e-05
0
0
0.000757003
4.68134e-05
0
0
0.000809533
4.53493e-05
0
0
0.000860851
4.39294e-05
0
0
0.000910344
4.25526e-05
0
0
0.000957465
4.12179e-05
0
0
0.00100176
3.99348e-05
0
0
0.00104289
3.90051e-05
0
0.00106787
0
0.000875169
0
0.000676677
0
0.000507283
0
0.000382956
0
0.000304187
0
0.000264316
0
0.000255502
0
0.000271317
0
0.000307249
0
0.000360289
0
0.000428241
0
0.000509037
0
0.000600168
0
0.00069833
0
0.000799372
0
0.000898585
0
0.000991297
0
0.0010736
0
0.00114295
0
0
0
0
0
0
0
0
0
0
0
0
0
0
0
0
0
0
0
0
END_LIST
