BEGIN_LIST
0.00022708
0.00022669
0.000226301
0.000225912
0.000225524
0.000225136
0.000224749
0.000224362
0.000223975
0.000223589
0.000223203
0.000222817
0.000222429
0.000222036
0.000221631
0.000221194
0.000220677
0.000219954
0.000218712
0.000216158
0.00121168
0.00121112
0.00119316
0.00120735
0.00117225
0.00120349
0.00114879
0.00119951
0.00112265
0.00119543
0.00109371
0.00119123
0.00106194
0.00118692
0.00102734
0.0011825
0.000989999
0.00117796
0.000950076
0.00117331
0.000907815
0.00116853
0.000863543
0.00116363
0.000817674
0.0011586
0.000770718
0.00115345
0.000723315
0.00114817
0.000676326
0.00114276
0.000631062
0.00113721
0.000589794
0.00113153
0.000556879
0.00112536
0.000541004
0.00110444
0
0.000392153
0.000616376
0.000633973
0.00124471
0
0.000411631
0.000584836
0.000606814
0.00123142
0
0.000426672
0.000585327
0.00057992
0.00121632
0
0.000439045
0.000603646
0.000553375
0.00119924
0
0.000449816
0.000631478
0.000527256
0.00118
0
0.000459629
0.000664265
0.000501637
0.00115846
0
0.000468881
0.00069954
0.000476581
0.00113448
0
0.000477812
0.000735934
0.000452149
0.00110795
0
0.000486569
0.000772644
0.000428391
0.0010788
0
0.000495242
0.000809151
0.000405349
0.001047
0
0.000503887
0.000845088
0.000383057
0.00101259
0
0.000512535
0.000880175
0.000361537
0.000975652
0
0.000521207
0.000914184
0.000340795
0.0009363
0
0.000529911
0.000946928
0.000320812
0.000894677
0
0.000538655
0.000978256
0.000301528
0.000850868
0
0.000547441
0.00100805
0.000282793
0.000804748
0
0.000556268
0.00103622
0.000264292
0.000755645
0
0.000565136
0.0010627
0.000245351
0.000701557
0
0.000574043
0.00108747
0.000224554
0.000637325
0
0.000582987
0.00111053
0.000198899
0.000549973
0.00083143
0.000252533
0.00102285
0.000909023
0.000678913
0.00112847
6.31592e-05
0.000697184
0
0.000142718
0.00079964
0.000249165
0.000897597
0.00100681
0.000535262
0.00114207
6.1508e-05
0.00060973
0
0.00013014
0.000767296
0.000245832
0.000757211
0.00105182
0.000419975
0.00115491
5.98409e-05
0.000525083
0
0.000127825
0.00073455
0.000242533
0.00061401
0.00107867
0.000333507
0.00116703
5.8156e-05
0.000445705
0
0.000128514
0.000701562
0.00023927
0.000480023
0.00109829
0.000272291
0.00117844
5.64516e-05
0.000373389
0
0.000130088
0.000668493
0.000236041
0.000363646
0.00111463
0.000231428
0.00118917
5.47255e-05
0.00030918
0
0.000131936
0.000635507
0.000232846
0.000268522
0.00112923
0.00020618
0.00119925
5.29756e-05
0.000253437
0
0.000133881
0.000602761
0.000229686
0.000194378
0.0011427
0.000192588
0.0012087
5.11997e-05
0.000205963
0
0.000135873
0.000570409
0.00022656
0.000138622
0.0011553
0.000187597
0.00121755
4.93956e-05
0.000166179
0
0.000137898
0.000538596
0.000223468
9.77865e-05
0.00116713
0.000188961
0.00122583
4.75607e-05
0.000133282
0
0.000139951
0.000507455
0.00022041
6.84418e-05
0.00117826
0.000195081
0.00123357
4.56925e-05
0.000106378
0
0.000142032
0.000477105
0.000217386
4.76378e-05
0.00118874
0.000204843
0.00124079
4.37883e-05
8.45688e-05
0
0.00014414
0.000447647
0.000214396
3.30285e-05
0.00119858
0.000217485
0.00124752
4.18452e-05
6.70176e-05
0
0.000146276
0.000419154
0.000211439
2.28373e-05
0.00120783
0.000232495
0.00125378
3.98603e-05
5.29739e-05
0
0.000148439
0.000391651
0.000208515
1.5761e-05
0.0012165
0.000249529
0.00125961
3.78304e-05
4.17882e-05
0
0.00015063
0.000365044
0.000205625
1.08633e-05
0.00122462
0.00026836
0.00126503
3.57521e-05
3.29116e-05
0
0.00015285
0.00033892
0.000202767
7.48123e-06
0.00123222
0.000288837
0.00127007
3.36221e-05
2.58887e-05
0
0.000155098
0.000311937
0.000199943
5.15045e-06
0.00123932
0.000310857
0.00127474
3.14367e-05
2.03542e-05
0
0.000157375
0.000279988
0.000197152
3.549e-06
0.00124596
0.000334347
0.00127907
2.91919e-05
1.60794e-05
0
0.000159681
0.000230412
0.000194395
2.45929e-06
0.00125215
0.000359246
0.00128308
2.68836e-05
1.3468e-05
0
0.000162016
0.000147672
5.53291e-05
0.00019223
1.86057e-06
0
0
0.00039281
0.000140151
9.42532e-05
0.000163886
9.08007e-05
5.37675e-05
0.000190642
1.56799e-06
0
0
0.000435611
0.00013607
7.65779e-05
0.000165286
5.52791e-05
5.22628e-05
0.000189065
1.32774e-06
0
0
0.000481223
0.000132095
6.43945e-05
0.000166694
3.34689e-05
5.08196e-05
0.000187498
1.13482e-06
0
0
0.000529285
0.000128224
5.61373e-05
0.000168112
2.02189e-05
4.94448e-05
0.000185943
9.87363e-07
0
0
0.00057937
0.000124455
5.06709e-05
0.00016954
1.22251e-05
4.81488e-05
0.000184398
8.8765e-07
0
0
0.000630978
0.000120786
4.71819e-05
0.000170979
7.42763e-06
4.69469e-05
0.000182865
8.44033e-07
0
0
0.00068354
0.000117214
4.50926e-05
0.000172428
4.56376e-06
4.58617e-05
0.000181342
8.74267e-07
0
0
0.000736431
0.000113739
4.3995e-05
0.000173887
2.86717e-06
4.49259e-05
0.000179829
1.01119e-06
0
0
0.000788998
0.000110358
4.36022e-05
0.000175357
1.87577e-06
4.4187e-05
0.000178328
1.3123e-06
0
0
0.000840586
0.000107068
4.3713e-05
0.000176837
0
0
0.000890569
0.000103869
0
0
0.00093838
0.000100757
0
0
0.000983536
9.77314e-05
0
0
0.00102566
9.47898e-05
0
0
0.00106448
9.19303e-05
0
0
0.00109985
8.91511e-05
0
0
0.00113172
8.64501e-05
0
0
0.00116016
8.38264e-05
0
0
0.00118528
8.12988e-05
0
0
0.00120729
7.94649e-05
0
0.00122685
0
0.00109768
0
0.000927547
0
0.000754201
0
0.000611311
0
0.000515359
0
0.000467826
0
0.000462594
0
0.000491487
0
0.000546716
0
0.000621331
0
0.000708916
0
0.000803261
0
0.000898337
0
0.000988632
0
0.00106969
0
0.00113859
0
0.00119415
0
0.00123679
0
0.00126803
0
0
0
0
0
0
0
0
0
0
0
0
0
0
0
0
0
0
0
0
END_LIST
