BEGIN_LIST
0.000258798
0.000258367
0.000257936
0.000257506
0.000257076
0.000256647
0.000256218
0.00025579
0.000255362
0.000254934
0.000254507
0.000254079
0.00025365
0.000253216
0.00025277
0.000252292
0.000251733
0.000250969
0.000249687
0.000247094
0.00125035
0.00124937
0.00123729
0.00124673
0.00122236
0.00124401
0.00120536
0.00124121
0.0011861
0.00123833
0.00116441
0.00123537
0.00114013
0.00123232
0.00111312
0.00122918
0.00108331
0.00122594
0.00105067
0.00122262
0.00101523
0.0012192
0.000977127
0.00121568
0.000936571
0.00121207
0.000893901
0.00120835
0.000849632
0.00120453
0.000804561
0.0012006
0.000760019
0.00119657
0.000718438
0.00119242
0.000684535
0.00118788
0.000667627
0.00117188
0
0.000492456
0.000758516
0.000720987
0.00128206
0
0.000510616
0.000736618
0.000693609
0.00127425
0
0.000525135
0.000742607
0.00066621
0.00126526
0
0.000537456
0.000763817
0.000638881
0.00125495
0
0.000548449
0.000792721
0.000611713
0.00124315
0
0.000558641
0.000825158
0.000584792
0.0012297
0
0.000568356
0.000858872
0.000558203
0.00121442
0
0.000577789
0.000892628
0.000532024
0.00119714
0
0.00058706
0.000925722
0.000506326
0.0011777
0
0.000596242
0.000957737
0.000481176
0.00115593
0
0.000605379
0.000988411
0.000456628
0.00113169
0
0.000614497
0.00101758
0.000432728
0.00110485
0
0.000623608
0.00104512
0.000409501
0.0010753
0
0.000632723
0.00107099
0.000386948
0.00104289
0
0.000641843
0.00109515
0.000365015
0.00100739
0
0.00065097
0.00111761
0.000343552
0.000968296
0
0.000660103
0.00113837
0.00032221
0.000924368
0
0.000669239
0.0011575
0.000300228
0.000872621
0
0.000678378
0.00117504
0.00027598
0.000805723
0
0.000687515
0.00119106
0.000245981
0.000704847
0.000974503
0.000326648
0.00112488
0.00101563
0.000790948
0.00120335
7.94638e-05
0.000813817
0
0.000193894
0.00094726
0.000322582
0.00102371
0.00110149
0.000639636
0.00121254
7.74433e-05
0.000727269
0
0.0001751
0.000918894
0.00031855
0.000898794
0.00113859
0.000512805
0.00122113
7.54036e-05
0.000639585
0
0.000171346
0.00088949
0.000314554
0.000758632
0.00115963
0.000414814
0.00122915
7.33425e-05
0.000553729
0
0.000172012
0.000859152
0.000310593
0.000615496
0.00117438
0.000344116
0.00123665
7.12576e-05
0.000472344
0
0.000173977
0.000827998
0.000306667
0.000481423
0.00118633
0.000296456
0.00124363
6.91467e-05
0.00039747
0
0.00017634
0.000796161
0.000302776
0.000364859
0.00119679
0.000266997
0.00125014
6.70071e-05
0.000330413
0
0.000178838
0.000763785
0.000298921
0.000269509
0.00120631
0.00025138
0.00125619
6.48362e-05
0.000271759
0
0.000181399
0.000731023
0.000295101
0.000195143
0.00121512
0.000246094
0.00126182
6.26311e-05
0.000221486
0
0.000183999
0.000698033
0.000291316
0.000139195
0.00122332
0.000248482
0.00126705
6.03889e-05
0.00017913
0
0.000186633
0.000664977
0.000287566
9.82047e-05
0.00123098
0.000256612
0.00127191
5.81064e-05
0.000143952
0
0.000189299
0.000632015
0.000283852
6.87414e-05
0.00123813
0.000269115
0.00127642
5.57805e-05
0.000115078
0
0.000191998
0.000599296
0.000280173
4.78498e-05
0.00124481
0.000285038
0.00128059
5.34076e-05
9.16044e-05
0
0.000194728
0.00056695
0.00027653
3.31772e-05
0.00125104
0.00030372
0.00128446
5.09842e-05
7.26687e-05
0
0.000197491
0.000535051
0.000272922
2.29411e-05
0.00125685
0.000324703
0.00128805
4.85064e-05
5.74886e-05
0
0.000200286
0.000503519
0.000269349
1.58332e-05
0.00126226
0.000347669
0.00129136
4.59701e-05
4.53799e-05
0
0.000203114
0.000471849
0.000265811
1.0914e-05
0.0012673
0.000372388
0.00129443
4.33712e-05
3.57607e-05
0
0.000205975
0.00043827
0.000262309
7.51851e-06
0.00127199
0.000398686
0.00129726
4.07052e-05
2.81558e-05
0
0.000208869
0.000397199
0.000258842
5.18308e-06
0.00127635
0.000426423
0.00129988
3.79673e-05
2.22672e-05
0
0.000211796
0.000331031
0.000255414
3.59289e-06
0.0012804
0.000455473
0.0013023
3.51526e-05
1.86643e-05
0
0.000214756
0.000216184
8.24273e-05
0.000252718
2.71895e-06
0
0
0.000494043
0.000181308
0.000123543
0.000217124
0.000134657
8.01372e-05
0.000250738
2.29198e-06
0
0
0.000542332
0.000176202
0.000102437
0.000218894
8.26328e-05
7.79249e-05
0.00024877
1.94158e-06
0
0
0.000592655
0.000171218
8.7928e-05
0.000220674
5.02711e-05
7.57956e-05
0.000246814
1.66065e-06
0
0
0.000644432
0.000166356
7.81627e-05
0.000222466
3.04555e-05
7.37578e-05
0.00024487
1.44672e-06
0
0
0.000697043
0.000161614
7.17841e-05
0.000224268
1.84433e-05
7.18241e-05
0.000242938
1.30353e-06
0
0
0.000749836
0.000156988
6.78134e-05
0.000226082
1.12129e-05
7.00131e-05
0.000241017
1.24396e-06
0
0
0.000802145
0.000152478
6.55521e-05
0.000227908
6.88838e-06
6.83524e-05
0.000239109
1.29508e-06
0
0
0.000853315
0.000148082
6.45057e-05
0.000229745
4.32279e-06
6.68818e-05
0.000237213
1.50674e-06
0
0
0.000902731
0.000143798
6.43256e-05
0.000231595
2.82132e-06
6.5659e-05
0.000235328
1.96599e-06
0
0
0.000949846
0.000139623
6.47671e-05
0.000233455
0
0
0.000994202
0.000135556
0
0
0.00103545
0.000131595
0
0
0.00107335
0.000127737
0
0
0.00110779
0.000123981
0
0
0.00113875
0.000120325
0
0
0.00116629
0.000116766
0
0
0.00119058
0.000113303
0
0
0.00121182
0.000109935
0
0
0.00123025
0.000106686
0
0
0.00124613
0.000104327
0
0.00126259
0
0.00116133
0
0.00101423
0
0.000853037
0
0.00071355
0
0.000617663
0
0.000570938
0
0.000568742
0
0.000602433
0
0.000662724
0
0.000740829
0
0.000828659
0
0.000918888
0
0.00100523
0
0.00108284
0
0.0011487
0
0.00120163
0
0.00124209
0
0.00127163
0
0.00129231
0
0
0
0
0
0
0
0
0
0
0
0
0
0
0
0
0
0
0
0
END_LIST
