BEGIN_LIST
1.28703e-05
1.28422e-05
1.28141e-05
1.2786e-05
1.2758e-05
1.27301e-05
1.27022e-05
1.26743e-05
1.26466e-05
1.26188e-05
1.25911e-05
1.25633e-05
1.25353e-05
1.25066e-05
1.24762e-05
1.24414e-05
1.23952e-05
1.23204e-05
1.21732e-05
1.1843e-05
0.00014643
0.000149527
0.000129325
0.00014509
0.000114092
0.000140773
0.000100554
0.000136574
8.85468e-05
0.000132489
7.79137e-05
0.000128517
6.85114e-05
0.000124655
6.0208e-05
0.000120901
5.28835e-05
0.000117251
4.64289e-05
0.000113704
4.0746e-05
0.000110257
3.57468e-05
0.000106907
3.1353e-05
0.000103653
2.74956e-05
0.000100492
2.41157e-05
9.74216e-05
2.11664e-05
9.44397e-05
1.86182e-05
9.1544e-05
1.64718e-05
8.87301e-05
1.47889e-05
8.58968e-05
1.37594e-05
7.86212e-05
0
9.30088e-06
1.49614e-05
2.81445e-05
0.000111886
0
1.0238e-05
1.21449e-05
2.60381e-05
9.90829e-05
0
1.09374e-05
1.12643e-05
2.40873e-05
8.76756e-05
0
1.14932e-05
1.14017e-05
2.22809e-05
7.75272e-05
0
1.19637e-05
1.21068e-05
2.06085e-05
6.8511e-05
0
1.2385e-05
1.31626e-05
1.90603e-05
6.05101e-05
0
1.27794e-05
1.4469e-05
1.76274e-05
5.34176e-05
0
1.31608e-05
1.59843e-05
1.63012e-05
4.71362e-05
0
1.35378e-05
1.76972e-05
1.50739e-05
4.15776e-05
0
1.39159e-05
1.96117e-05
1.39381e-05
3.66623e-05
0
1.42985e-05
2.1741e-05
1.28871e-05
3.23185e-05
0
1.46879e-05
2.41037e-05
1.19142e-05
2.84819e-05
0
1.50855e-05
2.6722e-05
1.10131e-05
2.5095e-05
0
1.54924e-05
2.96217e-05
1.01771e-05
2.21063e-05
0
1.59094e-05
3.28313e-05
9.39866e-06
1.94701e-05
0
1.63369e-05
3.63826e-05
8.66782e-06
1.71455e-05
0
1.67755e-05
4.03102e-05
7.96903e-06
1.50964e-05
0
1.72255e-05
4.46523e-05
7.2747e-06
1.32903e-05
0
1.76874e-05
4.94501e-05
6.53159e-06
1.16989e-05
0
1.81615e-05
5.47489e-05
5.63225e-06
1.02965e-05
2.44479e-05
5.37968e-06
4.33921e-05
3.6906e-05
2.23185e-05
5.95638e-05
1.67388e-06
2.4646e-05
0
2.47179e-06
2.22734e-05
5.29137e-06
2.99936e-05
4.672e-05
1.58328e-05
6.3769e-05
1.62613e-06
1.93407e-05
0
2.40331e-06
2.02903e-05
5.20451e-06
2.06928e-05
5.30002e-05
1.14861e-05
6.82506e-05
1.578e-06
1.51687e-05
0
2.41188e-06
1.8482e-05
5.11907e-06
1.42573e-05
5.80248e-05
8.60448e-06
7.30289e-05
1.52944e-06
1.18913e-05
0
2.44312e-06
1.68335e-05
5.03502e-06
9.81434e-06
6.2719e-05
6.72721e-06
7.81241e-05
1.48037e-06
9.31862e-06
0
2.48135e-06
1.53308e-05
4.95235e-06
6.7517e-06
6.74665e-05
5.54045e-06
8.35566e-05
1.43075e-06
7.30052e-06
0
2.52209e-06
1.39612e-05
4.87104e-06
4.64278e-06
7.24342e-05
4.83121e-06
8.93475e-05
1.38052e-06
5.71822e-06
0
2.56405e-06
1.27132e-05
4.79105e-06
3.19165e-06
7.77017e-05
4.45551e-06
9.55182e-05
1.3296e-06
4.47809e-06
0
2.60686e-06
1.15761e-05
4.71237e-06
2.19363e-06
8.33143e-05
4.31641e-06
0.000102091
1.27793e-06
3.50645e-06
0
2.65043e-06
1.05401e-05
4.63499e-06
1.50748e-06
8.93039e-05
4.34913e-06
0.000109089
1.22544e-06
2.74533e-06
0
2.69473e-06
9.59631e-06
4.55886e-06
1.03585e-06
9.56978e-05
4.5108e-06
0.000116537
1.17206e-06
2.14925e-06
0
2.73979e-06
8.73662e-06
4.48399e-06
7.11725e-07
0.000102522
4.77357e-06
0.000124458
1.11771e-06
1.68248e-06
0
2.78559e-06
7.95347e-06
4.41034e-06
4.89001e-07
0.000109801
5.11985e-06
0.000132878
1.0623e-06
1.31702e-06
0
2.83216e-06
7.23979e-06
4.33789e-06
3.35964e-07
0.000117563
5.53918e-06
0.000141823
1.00575e-06
1.0309e-06
0
2.87951e-06
6.58855e-06
4.26664e-06
2.30818e-07
0.000125834
6.02607e-06
0.000151319
9.47979e-07
8.06914e-07
0
2.92764e-06
5.99159e-06
4.19654e-06
1.58579e-07
0.000134641
6.57853e-06
0.000161393
8.88883e-07
6.31582e-07
0
2.97658e-06
5.43627e-06
4.1276e-06
1.08954e-07
0.000144013
7.19715e-06
0.000172073
8.28369e-07
4.94359e-07
0
3.02633e-06
4.89556e-06
4.05979e-06
7.48802e-08
0.000153979
7.8844e-06
0.000183385
7.66333e-07
3.8714e-07
0
3.07692e-06
4.29851e-06
3.99311e-06
5.15295e-08
0.000164567
8.64428e-06
0.000195356
7.02667e-07
3.04867e-07
0
3.12835e-06
3.44221e-06
3.92757e-06
3.56684e-08
0.000175807
9.482e-06
0.000208015
6.37258e-07
2.54823e-07
0
3.18063e-06
2.12225e-06
7.68142e-07
3.87631e-06
2.69614e-08
0
0
1.06703e-05
3.43762e-06
2.22018e-06
3.22265e-06
1.27129e-06
7.45869e-07
3.83883e-06
2.27058e-08
0
0
1.22865e-05
3.32622e-06
1.69136e-06
3.25418e-06
7.61787e-07
7.24649e-07
3.80172e-06
1.92072e-08
0
0
1.41539e-05
3.21842e-06
1.32694e-06
3.28599e-06
4.56846e-07
7.04618e-07
3.76495e-06
1.63895e-08
0
0
1.63073e-05
3.1141e-06
1.07734e-06
3.3181e-06
2.74433e-07
6.85979e-07
3.72855e-06
1.422e-08
0
0
1.87878e-05
3.01316e-06
9.07994e-07
3.35052e-06
1.65414e-07
6.69029e-07
3.69249e-06
1.27232e-08
0
0
2.1643e-05
2.91549e-06
7.94761e-07
3.38325e-06
1.00369e-07
6.5421e-07
3.65679e-06
1.20061e-08
0
0
2.49277e-05
2.82098e-06
7.20817e-07
3.41629e-06
6.16928e-08
6.4216e-07
3.62142e-06
1.23035e-08
0
0
2.87045e-05
2.72952e-06
6.7443e-07
3.44966e-06
3.88514e-08
6.33803e-07
3.5864e-06
1.40536e-08
0
0
3.30446e-05
2.64103e-06
6.4742e-07
3.48335e-06
2.5549e-08
6.30473e-07
3.55172e-06
1.80282e-08
0
0
3.80289e-05
2.5554e-06
6.34091e-07
3.51737e-06
0
0
4.37492e-05
2.47254e-06
0
0
5.03089e-05
2.39237e-06
0
0
5.78243e-05
2.31479e-06
0
0
6.64257e-05
2.23972e-06
0
0
7.62582e-05
2.16708e-06
0
0
8.74825e-05
2.0968e-06
0
0
0.000100275
2.02879e-06
0
0
0.00011483
1.963e-06
0
0
0.000131354
1.89988e-06
0
0
0.000150069
1.85421e-06
0
0.000153905
0
9.79755e-05
0
6.25798e-05
0
4.06778e-05
0
2.7505e-05
0
1.99782e-05
0
1.61697e-05
0
1.49186e-05
0
1.55693e-05
0
1.78038e-05
0
2.15392e-05
0
2.68692e-05
0
3.40354e-05
0
4.34167e-05
0
5.5533e-05
0
7.10556e-05
0
9.08227e-05
0
0.000115851
0
0.000147342
0
0.00018666
0
0
0
0
0
0
0
0
0
0
0
0
0
0
0
0
0
0
0
0
END_LIST
