BEGIN_LIST
0.000134934
0.000134682
0.000134431
0.00013418
0.000133929
0.000133679
0.000133429
0.00013318
0.000132931
0.000132682
0.000132433
0.000132184
0.000131934
0.000131679
0.000131414
0.00013112
0.000130756
0.000130211
0.00012921
0.000127056
0.000984801
0.000987981
0.000944054
0.000979225
0.000901002
0.000970334
0.000855979
0.000961309
0.000809388
0.000952152
0.000761682
0.000942866
0.000713351
0.000933453
0.0006649
0.000923917
0.000616828
0.000914259
0.000569611
0.000904485
0.000523683
0.000894596
0.000479427
0.000884597
0.000437175
0.000874492
0.000397205
0.000864285
0.000359775
0.00085398
0.000325179
0.000843581
0.000293874
0.000833093
0.000266764
0.000822509
0.000245811
0.000811312
0.000235331
0.000777742
0
0.000164702
0.000264557
0.000359914
0.000975527
0
0.000178197
0.000231782
0.00033923
0.000935934
0
0.000188256
0.000224083
0.000319382
0.000894254
0
0.000196249
0.000230177
0.000300378
0.000850792
0
0.000203007
0.000244027
0.00028222
0.000805912
0
0.000209041
0.000262539
0.000264905
0.000760022
0
0.000214662
0.00028416
0.000248425
0.000713558
0
0.000220065
0.000308121
0.000232769
0.000666969
0
0.000225367
0.000334031
0.000217921
0.000620701
0
0.000230643
0.000361686
0.000203859
0.000575177
0
0.000235938
0.000390955
0.000190562
0.000530786
0
0.00024128
0.000421739
0.000178
0.000487868
0
0.000246688
0.000453936
0.00016614
0.000446704
0
0.000252172
0.00048743
0.000154937
0.000407505
0
0.000257739
0.000522089
0.000144327
0.000370401
0
0.000263393
0.000557755
0.000134201
0.000335408
0
0.000269138
0.000594251
0.000124367
0.000302369
0
0.000274976
0.000631377
0.000114452
0.00027081
0
0.000280907
0.000668917
0.000103699
0.000239612
0
0.000286932
0.000706642
9.0546e-05
0.000206264
0.000400491
9.94409e-05
0.000599989
0.000516597
0.000344339
0.000738031
2.76933e-05
0.000360742
0
4.98816e-05
0.000373808
9.7933e-05
0.00046705
0.000611358
0.000255363
0.000763268
2.6933e-05
0.00029798
0
4.71153e-05
0.000348295
9.64462e-05
0.000352536
0.000663201
0.000190974
0.000788276
2.61655e-05
0.000243743
0
4.68422e-05
0.000323985
9.49802e-05
0.000259565
0.000699071
0.000145971
0.000813003
2.53899e-05
0.000197732
0
4.72967e-05
0.000300898
9.3535e-05
0.000187477
0.000728645
0.00011555
0.000837388
2.46054e-05
0.000159301
0
4.79692e-05
0.000279041
9.21101e-05
0.00013348
0.000755604
9.57919e-05
0.000861375
2.38109e-05
0.000127609
0
4.87127e-05
0.00025841
9.07054e-05
9.40459e-05
0.000781363
8.37132e-05
0.000884905
2.30056e-05
0.000101748
0
4.94852e-05
0.000238989
8.93206e-05
6.5767e-05
0.000806446
7.71361e-05
0.000907922
2.21883e-05
8.08228e-05
0
5.02746e-05
0.000220755
8.79555e-05
4.5748e-05
0.000831025
7.45176e-05
0.000930378
2.1358e-05
6.40073e-05
0
5.10776e-05
0.000203677
8.66098e-05
3.17046e-05
0.000855132
7.47866e-05
0.000952224
2.05136e-05
5.0568e-05
0
5.18934e-05
0.000187718
8.52834e-05
2.19152e-05
0.000878745
7.72129e-05
0.00097342
1.96538e-05
3.98737e-05
0
5.27218e-05
0.000172834
8.39759e-05
1.51213e-05
0.000901824
8.13076e-05
0.00099393
1.87774e-05
3.13931e-05
0
5.35629e-05
0.000158979
8.26872e-05
1.04205e-05
0.000924324
8.67502e-05
0.00101373
1.78832e-05
2.46865e-05
0
5.44168e-05
0.000146098
8.1417e-05
7.17496e-06
0.000946204
9.33377e-05
0.00103278
1.69697e-05
1.93941e-05
0
5.52838e-05
0.000134125
8.01651e-05
4.93735e-06
0.000967424
0.000100948
0.00105108
1.60354e-05
1.5225e-05
0
5.61641e-05
0.000122958
7.89313e-05
3.39623e-06
0.000987952
0.000109515
0.00106861
1.5079e-05
1.1945e-05
0
5.70577e-05
0.00011239
7.77153e-05
2.33564e-06
0.00100776
0.00011901
0.00108536
1.40987e-05
9.3678e-06
0
5.79649e-05
0.000101913
7.6517e-05
1.60642e-06
0.00102682
0.000129433
0.00110133
1.3093e-05
7.34764e-06
0
5.88859e-05
9.00981e-05
7.53363e-05
1.10617e-06
0.00104513
0.0001408
0.00111652
1.20599e-05
5.79366e-06
0
5.98209e-05
7.27525e-05
7.41737e-05
7.66112e-07
0.00106267
0.000153142
0.00113095
1.09978e-05
4.8469e-06
0
6.077e-05
4.53752e-05
1.65877e-05
7.32631e-05
5.79343e-07
0
0
0.000170296
5.85237e-05
3.83781e-05
6.15316e-05
2.73908e-05
1.61115e-05
7.25963e-05
4.88042e-07
0
0
0.000193024
5.67087e-05
2.99516e-05
6.21026e-05
1.64901e-05
1.56556e-05
7.19353e-05
4.12988e-07
0
0
0.000218424
5.49478e-05
2.41338e-05
6.26782e-05
9.9175e-06
1.5222e-05
7.128e-05
3.52569e-07
0
0
0.000246625
5.32392e-05
2.01567e-05
6.32586e-05
5.96802e-06
1.4814e-05
7.06303e-05
3.06112e-07
0
0
0.00027774
5.15818e-05
1.74752e-05
6.38439e-05
3.60102e-06
1.44365e-05
6.99862e-05
2.74182e-07
0
0
0.000311855
4.9974e-05
1.5705e-05
6.44344e-05
2.18629e-06
1.40966e-05
6.93477e-05
2.59142e-07
0
0
0.000349003
4.84144e-05
1.45755e-05
6.503e-05
1.34408e-06
1.38048e-05
6.87147e-05
2.6613e-07
0
0
0.000389159
4.69019e-05
1.38974e-05
6.56308e-05
8.4623e-07
1.3576e-05
6.80871e-05
3.04724e-07
0
0
0.000432218
4.54349e-05
1.35379e-05
6.62369e-05
5.56031e-07
1.3432e-05
6.7465e-05
3.91756e-07
0
0
0.00047799
4.40123e-05
1.34043e-05
6.68483e-05
0
0
0.000526188
4.26329e-05
0
0
0.000576431
4.12953e-05
0
0
0.000628243
3.99984e-05
0
0
0.000681067
3.87411e-05
0
0
0.000734285
3.75222e-05
0
0
0.000787241
3.63406e-05
0
0
0.000839271
3.51952e-05
0
0
0.000889737
3.40853e-05
0
0
0.000938058
3.30186e-05
0
0
0.000983732
3.22459e-05
0
0.001009
0
0.00080645
0
0.000609758
0
0.000448674
0
0.000333529
0
0.000261556
0
0.000225044
0
0.000216268
0
0.00022934
0
0.000260384
0
0.000307051
0
0.000367873
0
0.00044162
0
0.000526743
0
0.000620941
0
0.000720936
0
0.000822545
0
0.000921077
0
0.001012
0
0.0010917
0
0
0
0
0
0
0
0
0
0
0
0
0
0
0
0
0
0
0
0
END_LIST
