BEGIN_LIST
3.50964e-05
3.50241e-05
3.49519e-05
3.48799e-05
3.4808e-05
3.47362e-05
3.46646e-05
3.45931e-05
3.45217e-05
3.44504e-05
3.43791e-05
3.43076e-05
3.42356e-05
3.4162e-05
3.4084e-05
3.39949e-05
3.38776e-05
3.36889e-05
3.33196e-05
3.24939e-05
0.000368669
0.000374677
0.000332164
0.00036562
0.000298373
0.000356707
0.000267283
0.000347942
0.000238833
0.000339325
0.000212926
0.000330856
0.00018944
0.000322537
0.000168234
0.000314369
0.000149154
0.000306351
0.000132043
0.000298483
0.000116742
0.000290766
0.000103095
0.000283199
9.09533e-05
0.000275782
8.01797e-05
0.000268515
7.06517e-05
0.000261397
6.22724e-05
0.000254427
5.49892e-05
0.000247604
4.88378e-05
0.000240921
4.40376e-05
0.000234127
4.12061e-05
0.000216244
0
2.80224e-05
4.50695e-05
8.06459e-05
0.000302267
0
3.0801e-05
3.69453e-05
7.48691e-05
0.00027201
0
3.28704e-05
3.44575e-05
6.9487e-05
0.000244203
0
3.45119e-05
3.49536e-05
6.44753e-05
0.000218768
0
3.58987e-05
3.71172e-05
5.98108e-05
0.000195599
0
3.7138e-05
4.03097e-05
5.54715e-05
0.000174576
0
3.82961e-05
4.42328e-05
5.14364e-05
0.000155565
0
3.94139e-05
4.87602e-05
4.76856e-05
0.000138425
0
4.05173e-05
5.38522e-05
4.42003e-05
0.000123016
0
4.16222e-05
5.95141e-05
4.09626e-05
0.000109197
0
4.27389e-05
6.57752e-05
3.79553e-05
9.68311e-05
0
4.38737e-05
7.26789e-05
3.51621e-05
8.57868e-05
0
4.50312e-05
8.02772e-05
3.25665e-05
7.59401e-05
0
4.6214e-05
8.86282e-05
3.01509e-05
6.71744e-05
0
4.74245e-05
9.77948e-05
2.78948e-05
5.93809e-05
0
4.8664e-05
0.000107844
2.57704e-05
5.24585e-05
0
4.99338e-05
0.000118846
2.37329e-05
4.63126e-05
0
5.12351e-05
0.000130873
2.17019e-05
4.08525e-05
0
5.25687e-05
0.000144
1.95211e-05
3.59864e-05
0
5.39355e-05
0.000158303
1.68737e-05
3.16098e-05
7.31644e-05
1.63248e-05
0.000126765
0.000107881
6.60814e-05
0.000171132
5.03627e-06
7.29897e-05
0
7.59982e-06
6.68646e-05
1.60606e-05
8.90511e-05
0.000135282
4.71365e-05
0.000182197
4.89417e-06
5.76933e-05
0
7.37057e-06
6.10852e-05
1.58006e-05
6.21409e-05
0.000152444
3.43163e-05
0.000193856
4.7508e-06
4.55092e-05
0
7.39036e-06
5.57868e-05
1.55447e-05
4.3159e-05
0.000165895
2.57594e-05
0.000206136
4.60601e-06
3.584e-05
0
7.48328e-06
5.09325e-05
1.5293e-05
2.98771e-05
0.000178235
2.01568e-05
0.000219062
4.45962e-06
2.8189e-05
0
7.5987e-06
4.64877e-05
1.50452e-05
2.06354e-05
0.000190519
1.66004e-05
0.000232657
4.31146e-06
2.21488e-05
0
7.72205e-06
4.242e-05
1.48015e-05
1.42298e-05
0.000203185
1.44655e-05
0.000246938
4.16135e-06
1.7389e-05
0
7.84917e-06
3.86992e-05
1.45616e-05
9.8019e-06
0.000216421
1.33265e-05
0.000261924
4.00909e-06
1.36435e-05
0
7.97888e-06
3.52973e-05
1.43257e-05
6.74674e-06
0.000230315
1.28949e-05
0.000277627
3.85448e-06
1.06995e-05
0
8.11087e-06
3.21882e-05
1.40934e-05
4.64143e-06
0.000244911
1.2977e-05
0.000294058
3.69731e-06
8.3875e-06
0
8.24507e-06
2.93477e-05
1.3865e-05
3.19194e-06
0.000260237
1.3444e-05
0.000311226
3.53736e-06
6.57308e-06
0
8.38149e-06
2.67534e-05
1.36402e-05
2.19458e-06
0.00027631
1.4212e-05
0.000329136
3.37439e-06
5.14994e-06
0
8.52016e-06
2.43843e-05
1.34189e-05
1.5086e-06
0.000293141
1.52276e-05
0.000347787
3.20817e-06
4.03416e-06
0
8.6611e-06
2.22206e-05
1.32013e-05
1.03692e-06
0.000310739
1.64586e-05
0.000367177
3.03844e-06
3.15967e-06
0
8.80437e-06
2.02422e-05
1.29871e-05
7.12662e-07
0.000329106
1.78878e-05
0.000387297
2.86493e-06
2.47445e-06
0
8.94998e-06
1.84252e-05
1.27764e-05
4.89785e-07
0.000348241
1.95082e-05
0.000408135
2.68737e-06
1.93767e-06
0
9.09799e-06
1.67317e-05
1.25691e-05
3.36619e-07
0.000368137
2.13205e-05
0.000429673
2.50546e-06
1.51729e-06
0
9.24843e-06
1.50796e-05
1.23651e-05
2.31412e-07
0.000388784
2.33308e-05
0.000451887
2.31889e-06
1.18865e-06
0
9.40135e-06
1.32514e-05
1.21645e-05
1.59292e-07
0.000410164
2.55496e-05
0.00047475
2.12735e-06
9.36354e-07
0
9.55677e-06
1.06229e-05
1.19672e-05
1.10291e-07
0.000432257
2.79906e-05
0.000498225
1.93049e-06
7.82845e-07
0
9.71474e-06
6.5587e-06
2.3764e-06
1.18129e-05
8.33852e-08
0
0
3.14439e-05
1.03961e-05
6.72556e-06
9.84165e-06
3.93233e-06
2.30793e-06
1.17e-05
7.02332e-08
0
0
3.6124e-05
1.00618e-05
5.13664e-06
9.93688e-06
2.3577e-06
2.24266e-06
1.15882e-05
5.942e-08
0
0
4.1507e-05
9.73815e-06
4.04099e-06
1.00329e-05
1.41448e-06
2.18101e-06
1.14775e-05
5.07114e-08
0
0
4.76824e-05
9.42487e-06
3.29038e-06
1.01299e-05
8.49935e-07
2.12357e-06
1.13678e-05
4.40073e-08
0
0
5.47539e-05
9.12161e-06
2.78115e-06
1.02278e-05
5.12406e-07
2.07127e-06
1.12592e-05
3.93842e-08
0
0
6.28386e-05
8.82804e-06
2.44084e-06
1.03265e-05
3.10969e-07
2.02541e-06
1.11515e-05
3.71752e-08
0
0
7.20678e-05
8.54387e-06
2.2189e-06
1.04263e-05
1.91165e-07
1.98793e-06
1.10449e-05
3.81077e-08
0
0
8.2586e-05
8.26879e-06
2.08001e-06
1.05269e-05
1.20398e-07
1.96162e-06
1.09394e-05
4.35409e-08
0
0
9.45517e-05
8.00252e-06
1.99955e-06
1.06286e-05
7.91769e-08
1.95051e-06
1.08348e-05
5.58658e-08
0
0
0.000108136
7.74477e-06
1.96037e-06
1.07312e-05
0
0
0.000123523
7.49528e-06
0
0
0.000140906
7.25379e-06
0
0
0.000160485
7.02004e-06
0
0
0.000182462
6.79379e-06
0
0
0.000207038
6.5748e-06
0
0
0.000234401
6.36283e-06
0
0
0.000264719
6.15766e-06
0
0
0.000298129
5.95914e-06
0
0
0.000334722
5.7686e-06
0
0
0.000374532
5.63073e-06
0
0.000385824
0
0.000257641
0
0.000169843
0
0.000112782
0
7.74413e-05
0
5.69322e-05
0
4.65268e-05
0
4.32161e-05
0
4.52376e-05
0
5.17024e-05
0
6.23375e-05
0
7.73192e-05
0
9.71683e-05
0
0.000122681
0
0.000154871
0
0.000194904
0
0.000243998
0
0.000303272
0
0.000373533
0
0.000454994
0
0
0
0
0
0
0
0
0
0
0
0
0
0
0
0
0
0
0
0
END_LIST
