BEGIN_LIST
0.000149374
0.000149099
0.000148825
0.00014855
0.000148277
0.000148003
0.00014773
0.000147457
0.000147185
0.000146913
0.000146641
0.000146369
0.000146095
0.000145817
0.000145528
0.000145209
0.000144817
0.000144237
0.000143182
0.000140927
0.00103584
0.00103818
0.000998747
0.00103032
0.000959018
0.00102231
0.00091688
0.00101415
0.00087264
0.00100586
0.000826674
0.000997426
0.000779415
0.000988853
0.000731341
0.000980141
0.000682952
0.000971294
0.000634751
0.000962312
0.000587227
0.000953199
0.000540836
0.000943956
0.000495996
0.000934585
0.000453088
0.000925091
0.000412477
0.000915476
0.00037458
0.000905742
0.000340004
0.000895893
0.000309879
0.000885921
0.000286555
0.000875321
0.000275088
0.000842914
0
0.00019341
0.000310319
0.000403577
0.00103874
0
0.000208464
0.000275205
0.000381298
0.00100343
0
0.000219707
0.000267658
0.000359816
0.000965662
0
0.00022866
0.000275355
0.000339153
0.000925614
0
0.000236245
0.000291606
0.000319322
0.000883548
0
0.000243024
0.000312945
0.000300333
0.000839782
0
0.000249343
0.000337608
0.000282188
0.000794692
0
0.000255415
0.000364697
0.000264885
0.000748691
0
0.000261371
0.000393735
0.000248415
0.000702218
0
0.000267291
0.000424448
0.000232765
0.000655721
0
0.000273226
0.000456646
0.000217917
0.000609639
0
0.000279206
0.000490171
0.000203848
0.000564383
0
0.000285251
0.000524865
0.000190528
0.00052032
0
0.000291372
0.000560559
0.000177911
0.000477755
0
0.000297576
0.000597068
0.00016593
0.000436903
0
0.000303869
0.000634189
0.00015447
0.000397846
0
0.000310252
0.000671704
0.000143314
0.000360438
0
0.000316728
0.000709382
0.000132041
0.000324105
0
0.000323296
0.000746987
0.000119796
0.000287379
0
0.000329958
0.000784279
0.000104799
0.000246841
0.000462872
0.000117694
0.000673913
0.000582215
0.000394373
0.000814941
3.22068e-05
0.000410734
0
5.99554e-05
0.000433838
0.000115935
0.000534358
0.000682035
0.000294829
0.000839331
3.13274e-05
0.00034202
0
5.6335e-05
0.000405842
0.000114199
0.00040965
0.000735306
0.000221808
0.000863285
3.04396e-05
0.000281715
0
5.59117e-05
0.000378952
0.000112488
0.000305374
0.000771359
0.000170297
0.000886757
2.95425e-05
0.000229883
0
5.64213e-05
0.000353221
0.0001108
0.000222664
0.000800544
0.00013526
0.0009097
2.8635e-05
0.000186111
0
5.72092e-05
0.000328685
0.000109135
0.000159652
0.000826773
0.000112414
0.000932068
2.7716e-05
0.000149688
0
5.80872e-05
0.000305367
0.000107492
0.000113062
0.00085155
9.84156e-05
0.000953818
2.67843e-05
0.000119745
0
5.90009e-05
0.000283277
0.000105873
7.93536e-05
0.000875444
9.07878e-05
0.000974913
2.58388e-05
9.53716e-05
0
5.99349e-05
0.000262412
0.000104276
5.53413e-05
0.00089865
8.7758e-05
0.000995318
2.48782e-05
7.56904e-05
0
6.08849e-05
0.00024276
0.000102701
3.84221e-05
0.000921219
8.80871e-05
0.001015
2.39012e-05
5.99e-05
0
6.18498e-05
0.000224297
0.000101147
2.65919e-05
0.000943146
9.09258e-05
0.00103395
2.29064e-05
4.72962e-05
0
6.28294e-05
0.000206995
9.96158e-05
1.83642e-05
0.000964407
9.57027e-05
0.00105214
2.18925e-05
3.7277e-05
0
6.38238e-05
0.000190815
9.81056e-05
1.2663e-05
0.000984977
0.000102041
0.00106956
2.08578e-05
2.93383e-05
0
6.48332e-05
0.000175709
9.66166e-05
8.72261e-06
0.00100483
0.000109701
0.0010862
1.98007e-05
2.30642e-05
0
6.58577e-05
0.000161611
9.51484e-05
6.00407e-06
0.00102394
0.000118534
0.00110207
1.87197e-05
1.81156e-05
0
6.68976e-05
0.000148412
9.3701e-05
4.13082e-06
0.0010423
0.000128459
0.00111716
1.76129e-05
1.42189e-05
0
6.7953e-05
0.000135875
9.22739e-05
2.84122e-06
0.00105989
0.000139436
0.00113148
1.64785e-05
1.11547e-05
0
6.90242e-05
0.000123394
9.08671e-05
1.95434e-06
0.00107672
0.000151457
0.00114506
1.53146e-05
8.75148e-06
0
7.01114e-05
0.000109254
8.94806e-05
1.34584e-06
0.00109277
0.000164534
0.00115789
1.41191e-05
6.902e-06
0
7.12148e-05
8.8382e-05
8.81148e-05
9.32151e-07
0.00110805
0.00017869
0.00117
1.28898e-05
5.77487e-06
0
7.23345e-05
5.5266e-05
2.025e-05
8.70447e-05
7.04935e-07
0
0
0.000198296
6.8423e-05
4.50018e-05
7.32329e-05
3.34195e-05
1.96694e-05
8.6261e-05
5.93863e-07
0
0
0.000224151
6.63168e-05
3.52872e-05
7.39062e-05
2.01407e-05
1.91129e-05
8.54839e-05
5.02565e-07
0
0
0.000252876
6.42722e-05
2.85797e-05
7.45848e-05
1.21206e-05
1.85831e-05
8.47133e-05
4.29086e-07
0
0
0.000284559
6.22876e-05
2.39976e-05
7.5269e-05
7.29643e-06
1.80836e-05
8.39492e-05
3.72616e-07
0
0
0.000319262
6.03615e-05
2.09134e-05
7.5959e-05
4.40342e-06
1.76202e-05
8.31915e-05
3.33857e-07
0
0
0.000357002
5.84923e-05
1.88837e-05
7.66548e-05
2.67364e-06
1.72011e-05
8.24402e-05
3.15712e-07
0
0
0.000397732
5.66785e-05
1.75962e-05
7.73566e-05
1.6436e-06
1.68382e-05
8.16953e-05
3.24472e-07
0
0
0.000441328
5.49186e-05
1.68317e-05
7.80644e-05
1.03461e-06
1.65492e-05
8.09567e-05
3.7186e-07
0
0
0.000487579
5.32111e-05
1.64368e-05
7.87783e-05
6.79543e-07
1.6359e-05
8.02244e-05
4.78471e-07
0
0
0.000536179
5.15547e-05
1.63042e-05
7.94982e-05
0
0
0.000586724
4.99478e-05
0
0
0.000638723
4.83892e-05
0
0
0.000691604
4.68775e-05
0
0
0.000744741
4.54114e-05
0
0
0.000797475
4.39896e-05
0
0
0.000849147
4.2611e-05
0
0
0.000899131
4.12741e-05
0
0
0.000946864
3.99784e-05
0
0
0.000991866
3.87326e-05
0
0
0.00103377
3.78302e-05
0
0.00105884
0
0.000864277
0
0.000665812
0
0.000497594
0
0.000374672
0
0.000296967
0
0.000257618
0
0.000248788
0
0.000264135
0
0.000299255
0
0.000351255
0
0.000418071
0
0.00049778
0
0.000588038
0
0.000685703
0
0.000786751
0
0.000886536
0
0.000980351
0
0.00106416
0
0.00113522
0
0
0
0
0
0
0
0
0
0
0
0
0
0
0
0
0
0
0
0
END_LIST
