BEGIN_LIST
0.000279435
0.000278979
0.000278523
0.000278067
0.000277612
0.000277158
0.000276704
0.00027625
0.000275797
0.000275344
0.000274892
0.000274439
0.000273984
0.000273525
0.000273053
0.00027255
0.000271967
0.000271181
0.00026988
0.000267279
0.00126889
0.0012678
0.00125865
0.00126573
0.00124687
0.0012636
0.00123335
0.00126141
0.00121791
0.00125914
0.00120035
0.00125681
0.00118049
0.00125441
0.00115815
0.00125193
0.00113319
0.00124938
0.00110549
0.00124675
0.00107499
0.00124405
0.00104168
0.00124126
0.00100565
0.00123839
0.000967105
0.00123544
0.00092643
0.0012324
0.000884303
0.00122927
0.000841966
0.00122605
0.000801791
0.00122273
0.000768471
0.00121909
0.000751275
0.00120593
0
0.000561709
0.000849601
0.000774301
0.00129771
0
0.000577945
0.000835118
0.000747253
0.00129235
0
0.000591398
0.00084426
0.000720003
0.00128615
0
0.000603161
0.000865992
0.000692642
0.00127899
0
0.000613895
0.000893758
0.000665262
0.00127074
0
0.000624003
0.000923946
0.000637953
0.00126126
0
0.000633732
0.000954619
0.000610807
0.00125038
0
0.00064323
0.000984739
0.00058391
0.00123796
0
0.000652589
0.00101375
0.000557343
0.00122382
0
0.000661863
0.00104134
0.000531185
0.00120777
0
0.000671086
0.00106735
0.000505502
0.00118964
0
0.000680274
0.0010917
0.000480353
0.00116924
0
0.00068944
0.00111436
0.000455776
0.00114636
0
0.000698588
0.00113535
0.000431782
0.00112075
0
0.000707719
0.0011547
0.000408326
0.00109202
0
0.000716834
0.00117245
0.000385258
0.00105947
0
0.000725931
0.00118868
0.000362213
0.00102155
0
0.000735008
0.00120347
0.000338381
0.00097476
0
0.000744062
0.0012169
0.000312012
0.000910598
0
0.000753091
0.00122906
0.000279338
0.000806649
0.00105665
0.0003804
0.00117686
0.00107433
0.0008593
0.0012383
9.13785e-05
0.000886537
0
0.000233235
0.0010336
0.000375911
0.00109315
0.00115077
0.000706966
0.00124518
8.91071e-05
0.000803448
0
0.000209737
0.00100924
0.000371455
0.000983329
0.00118248
0.000575431
0.00125158
8.68146e-05
0.000716646
0
0.000204864
0.000983632
0.000367031
0.000852056
0.00119989
0.000471725
0.00125753
8.44984e-05
0.000629065
0
0.000205486
0.000956805
0.000362641
0.000709481
0.0012118
0.000395944
0.00126305
8.21562e-05
0.000543645
0
0.000207722
0.000928827
0.000358285
0.000568253
0.00122127
0.000344541
0.00126818
7.9785e-05
0.00046297
0
0.000210448
0.000899779
0.000353962
0.000439462
0.00122947
0.000312803
0.00127295
7.73822e-05
0.000388996
0
0.000213338
0.000869758
0.000349672
0.000329951
0.00123688
0.00029622
0.00127737
7.49448e-05
0.000322939
0
0.0002163
0.000838879
0.000345417
0.000241932
0.00124369
0.000291033
0.00128146
7.24696e-05
0.000265307
0
0.000219307
0.000807267
0.000341196
0.000174199
0.00125001
0.00029434
0.00128525
6.99534e-05
0.000216017
0
0.00022235
0.000775063
0.000337009
0.000123745
0.00125588
0.000303998
0.00128876
6.73927e-05
0.000174566
0
0.000225428
0.000742413
0.000332856
8.70455e-05
0.00126134
0.000318468
0.00129201
6.47839e-05
0.00014019
0
0.000228541
0.000709465
0.000328738
6.08016e-05
0.00126643
0.000336662
0.00129501
6.21232e-05
0.000112009
0
0.000231687
0.000676353
0.000324655
4.22602e-05
0.00127116
0.000357815
0.00129779
5.94064e-05
8.91223e-05
0
0.000234868
0.000643155
0.000320606
2.92713e-05
0.00127556
0.000381387
0.00130035
5.66295e-05
7.06746e-05
0
0.000238083
0.00060978
0.000316593
2.02259e-05
0.00127965
0.000406987
0.00130272
5.37878e-05
5.58954e-05
0
0.000241333
0.000575635
0.000312614
1.39533e-05
0.00128345
0.000434326
0.00130491
5.08766e-05
4.41143e-05
0
0.000244618
0.000538626
0.000308671
9.61766e-06
0.00128698
0.000463174
0.00130693
4.78911e-05
3.47748e-05
0
0.000247937
0.000492078
0.000304763
6.63281e-06
0.00129025
0.000493341
0.00130879
4.48258e-05
2.7528e-05
0
0.000251291
0.000414585
0.000300894
4.59922e-06
0.00129329
0.000524653
0.00131051
4.16752e-05
2.3088e-05
0
0.00025468
0.000275278
0.000106628
0.000297849
3.48129e-06
0
0
0.000565763
0.000213118
0.000146691
0.000257388
0.000173461
0.000103711
0.000295611
2.93519e-06
0
0
0.000616542
0.000207274
0.000123479
0.000259411
0.000107214
0.000100887
0.000293384
2.48722e-06
0
0
0.000668612
0.000201562
0.00010757
0.000261445
6.55121e-05
9.81635e-05
0.00029117
2.12845e-06
0
0
0.000721285
0.000195981
9.69335e-05
0.00026349
3.97929e-05
9.55484e-05
0.000288968
1.85597e-06
0
0
0.00077387
0.000190529
9.00718e-05
0.000265547
2.41335e-05
9.30564e-05
0.000286778
1.67495e-06
0
0
0.000825686
0.000185204
8.59008e-05
0.000267616
1.46825e-05
9.07084e-05
0.000284601
1.60253e-06
0
0
0.000876084
0.000180005
8.36444e-05
0.000269697
9.02027e-06
8.8535e-05
0.000282435
1.67439e-06
0
0
0.000924474
0.000174931
8.27516e-05
0.000271789
5.65687e-06
8.65808e-05
0.000280282
1.95604e-06
0
0
0.000970345
0.000169979
8.28334e-05
0.000273894
3.68622e-06
8.49105e-05
0.00027814
2.56176e-06
0
0
0.00101329
0.000165147
8.36168e-05
0.000276011
0
0
0.001053
0.000160434
0
0
0.0010893
0.000155839
0
0
0.00112213
0.000151358
0
0
0.00115149
0.00014699
0
0
0.00117752
0.000142734
0
0
0.00120037
0.000138587
0
0
0.00122029
0.000134547
0
0
0.00123751
0.000130613
0
0
0.00125231
0.000126815
0
0
0.00126496
0.000124055
0
0.00127943
0
0.00119486
0
0.00106429
0
0.000914516
0
0.00078085
0
0.000687627
0
0.000642807
0
0.000642795
0
0.000678752
0
0.000740524
0
0.000818311
0
0.000903264
0
0.000987812
0
0.00106602
0
0.0011339
0
0.00118953
0
0.00123275
0
0.00126477
0
0.00128748
0
0.00130299
0
0
0
0
0
0
0
0
0
0
0
0
0
0
0
0
0
0
0
0
END_LIST
