BEGIN_LIST
0.000263995
0.000263557
0.00026312
0.000262683
0.000262247
0.000261811
0.000261376
0.000260941
0.000260507
0.000260073
0.000259639
0.000259205
0.000258769
0.000258329
0.000257876
0.000257391
0.000256826
0.000256056
0.000254769
0.000252173
0.00125545
0.00125443
0.00124315
0.00125195
0.00122907
0.00124939
0.001213
0.00124675
0.00119476
0.00124404
0.00117416
0.00124125
0.00115103
0.00123837
0.00112523
0.00123541
0.00109666
0.00123236
0.00106527
0.00122922
0.00103106
0.001226
0.000994126
0.00122268
0.000954651
0.00121926
0.000912941
0.00121575
0.000869477
0.00121213
0.000825033
0.00120842
0.000780924
0.0012046
0.00073958
0.00120068
0.000705732
0.00119638
0.00068872
0.00118112
0
0.000509663
0.000781735
0.000734673
0.00128653
0
0.000527412
0.000761671
0.000707346
0.00127942
0
0.000541713
0.000768515
0.000679951
0.00127121
0
0.000553931
0.00078997
0.00065258
0.00126178
0
0.000564888
0.000818724
0.000625324
0.00125097
0
0.000575084
0.000850735
0.000598273
0.00123862
0
0.000584823
0.000883816
0.000571511
0.00122455
0
0.000594292
0.000916774
0.000545119
0.0012086
0
0.000603604
0.000948939
0.000519173
0.00119058
0
0.000612828
0.000979919
0.000493741
0.00117034
0
0.000622003
0.00100948
0.000468881
0.00114771
0
0.000631156
0.00103747
0.000444642
0.00112255
0
0.000640299
0.0010638
0.000421054
0.0010947
0
0.000649438
0.00108844
0.000398119
0.001064
0
0.000658579
0.00111137
0.000375786
0.00103017
0
0.000667719
0.00113261
0.000353904
0.000992624
0
0.00067686
0.00115219
0.000332121
0.000950061
0
0.000685999
0.00117017
0.000309661
0.000899339
0
0.000695133
0.00118662
0.000284867
0.000832799
0
0.000704259
0.00120161
0.000254179
0.000730661
0.000996165
0.0003398
0.00113901
0.00103121
0.00080855
0.00121307
8.23634e-05
0.00083243
0
0.000203354
0.000969911
0.000335624
0.0010422
0.00111478
0.000656684
0.00122163
8.02803e-05
0.000746545
0
0.000183415
0.000942473
0.000331483
0.000920793
0.00115053
0.000528443
0.00122963
7.81774e-05
0.000658864
0
0.00017939
0.000913925
0.000327376
0.00078238
0.00117062
0.000428863
0.00123709
7.60526e-05
0.000572369
0
0.000180047
0.000884356
0.000323304
0.000638861
0.00118463
0.000356789
0.00124404
7.39035e-05
0.000489805
0
0.000182079
0.000853871
0.000319267
0.000502589
0.00119592
0.000308124
0.00125052
7.17275e-05
0.00041336
0
0.000184531
0.000822593
0.000315264
0.00038275
0.00120578
0.000278049
0.00125654
6.95221e-05
0.000344506
0
0.000187127
0.000790655
0.000311297
0.000283816
0.00121473
0.000262158
0.00126214
6.72845e-05
0.000283982
0
0.000189786
0.000758203
0.000307365
0.000206109
0.001223
0.000256873
0.00126735
6.50118e-05
0.000231886
0
0.000192487
0.000725391
0.000303468
0.000147339
0.00123069
0.000259472
0.00127218
6.2701e-05
0.000187839
0
0.000195222
0.000692379
0.000299606
0.000104115
0.00123786
0.000267972
0.00127666
6.03489e-05
0.000151149
0
0.000197991
0.000659324
0.00029578
7.29612e-05
0.00124456
0.000280959
0.00128082
5.7952e-05
0.000120961
0
0.000200792
0.000626382
0.000291989
5.08277e-05
0.0012508
0.000297448
0.00128467
5.55069e-05
9.63708e-05
0
0.000203625
0.000593685
0.000288233
3.52616e-05
0.00125662
0.00031675
0.00128823
5.30099e-05
7.65032e-05
0
0.000206492
0.000561311
0.000284513
2.43919e-05
0.00126205
0.00033839
0.00129153
5.0457e-05
6.05559e-05
0
0.000209391
0.00052918
0.000280828
1.68391e-05
0.00126709
0.000362031
0.00129458
4.7844e-05
4.78224e-05
0
0.000212324
0.000496767
0.000277178
1.16095e-05
0.00127179
0.000387428
0.0012974
4.51666e-05
3.76988e-05
0
0.00021529
0.000462222
0.000273564
7.99865e-06
0.00127616
0.000414394
0.0013
4.24202e-05
2.969e-05
0
0.00021829
0.000419696
0.000269985
5.51458e-06
0.00128022
0.000442777
0.00130241
3.96e-05
2.34857e-05
0
0.000221324
0.000350664
0.000266445
3.82295e-06
0.00128399
0.000472439
0.00130463
3.67007e-05
1.96885e-05
0
0.000224391
0.00022988
8.79653e-05
0.000263661
2.8932e-06
0
0
0.000511714
0.00018891
0.000129036
0.000226844
0.000143568
8.55297e-05
0.000261616
2.43899e-06
0
0
0.000560725
0.000183623
0.000107385
0.000228677
8.82451e-05
8.31757e-05
0.000259582
2.06627e-06
0
0
0.000611599
0.000178462
9.25103e-05
0.000230521
5.3739e-05
8.09088e-05
0.000257561
1.76753e-06
0
0
0.000663724
0.000173424
8.25141e-05
0.000232376
3.25757e-05
7.87376e-05
0.000255552
1.54018e-06
0
0
0.000716458
0.000168509
7.6003e-05
0.000234242
1.97338e-05
7.66751e-05
0.000253555
1.38829e-06
0
0
0.000769136
0.000163713
7.19713e-05
0.00023612
1.19992e-05
7.47405e-05
0.00025157
1.3257e-06
0
0
0.000821089
0.000159036
6.97008e-05
0.000238009
7.37144e-06
7.29621e-05
0.000249597
1.38142e-06
0
0
0.000871673
0.000154475
6.86825e-05
0.000239911
4.6251e-06
7.1381e-05
0.000247636
1.60884e-06
0
0
0.000920294
0.000150028
6.85576e-05
0.000241824
3.01741e-06
7.00565e-05
0.000245687
2.1012e-06
0
0
0.000966435
0.000145694
6.90744e-05
0.000243749
0
0
0.00100968
0.000141471
0
0
0.00104971
0.000137356
0
0
0.00108634
0.000133348
0
0
0.00111949
0.000129444
0
0
0.00114918
0.000125643
0
0
0.00117551
0.000121943
0
0
0.00119865
0.000118341
0
0
0.00121882
0.000114837
0
0
0.00123628
0.000111456
0
0
0.00125129
0.000109
0
0.00126724
0
0.00117032
0
0.0010273
0
0.000868753
0
0.00073047
0
0.000635058
0
0.000588713
0
0.00058706
0
0.0006214
0
0.000682215
0
0.000760444
0
0.000847773
0
0.000936779
0
0.00102122
0
0.00109646
0
0.00115973
0
0.00121014
0
0.00124836
0
0.00127605
0
0.00129532
0
0
0
0
0
0
0
0
0
0
0
0
0
0
0
0
0
0
0
0
END_LIST
