BEGIN_LIST
0.000183325
0.000182997
0.00018267
0.000182344
0.000182018
0.000181692
0.000181367
0.000181042
0.000180718
0.000180394
0.00018007
0.000179745
0.000179419
0.000179089
0.000178746
0.000178373
0.000177921
0.00017727
0.000176115
0.000173685
0.00113036
0.00113108
0.00110204
0.00112521
0.00107087
0.00111921
0.00103686
0.00111307
0.00100006
0.0011068
0.000960631
0.00110038
0.00091878
0.00109382
0.000874809
0.00108712
0.000829087
0.00108028
0.000782044
0.00107329
0.000734155
0.00106616
0.000685928
0.00105888
0.000637889
0.00105147
0.000590578
0.0010439
0.000544575
0.0010362
0.000500567
0.00102834
0.000459532
0.00102035
0.000423156
0.0010122
0.000394748
0.00100345
0.000381131
0.000975458
0
0.000271141
0.00043277
0.000506104
0.00115376
0
0.000289196
0.000395451
0.000480905
0.00112913
0
0.000302799
0.000389923
0.000456324
0.00110192
0
0.000313728
0.000402136
0.000432414
0.00107208
0
0.000323057
0.000424188
0.000409221
0.00103961
0
0.000331439
0.000451871
0.000386783
0.00100454
0
0.000339275
0.000482974
0.00036513
0.00096701
0
0.000346808
0.000516309
0.000344287
0.000927192
0
0.00035419
0.000551194
0.000324268
0.00088534
0
0.000361514
0.000587193
0.000305083
0.000841767
0
0.000368836
0.000623979
0.000286734
0.000796834
0
0.00037619
0.000661275
0.000269213
0.000750943
0
0.000383598
0.000698824
0.000252502
0.000704506
0
0.000391072
0.000736373
0.000236564
0.000657917
0
0.000398619
0.000773678
0.000221329
0.0006115
0
0.000406243
0.000810499
0.000206663
0.000565411
0
0.000413947
0.000846609
0.000192304
0.000519449
0
0.000421729
0.000881795
0.000177716
0.000472643
0
0.000429592
0.000915862
0.0001618
0.000422326
0
0.000437532
0.000948641
0.000142246
0.000361954
0.000620344
0.000168621
0.00084015
0.000733319
0.00051746
0.000974888
4.42778e-05
0.000533626
0
8.95282e-05
0.000587724
0.000166203
0.000696739
0.000838118
0.00039518
0.000995279
4.30875e-05
0.000453515
0
8.30206e-05
0.000555571
0.000163814
0.00055591
0.000890664
0.0003022
0.00101492
4.18859e-05
0.000380349
0
8.20309e-05
0.000524024
0.000161456
0.000428471
0.000924347
0.000234983
0.0010338
4.06715e-05
0.000315246
0
8.26514e-05
0.000493213
0.000159127
0.000320807
0.000950428
0.000188517
0.00105192
3.94428e-05
0.000258622
0
8.37495e-05
0.00046325
0.000156827
0.000234715
0.000973092
0.000157918
0.00106926
3.81986e-05
0.000210322
0
8.49986e-05
0.000434237
0.000154557
0.000168724
0.000993957
0.000139081
0.00108582
3.69372e-05
0.000169793
0
8.63047e-05
0.000406255
0.000152315
0.000119711
0.00101366
0.000128833
0.00110161
3.56569e-05
0.000136244
0
8.76409e-05
0.000379375
0.000150101
8.41336e-05
0.00103243
0.000124838
0.00111662
3.43562e-05
0.000108783
0
8.89996e-05
0.000353647
0.000147916
5.87309e-05
0.00105038
0.00012543
0.00113087
3.30333e-05
8.65078e-05
0
9.03788e-05
0.00032911
0.000145758
4.08029e-05
0.00106753
0.000129451
0.00114437
3.16862e-05
6.8571e-05
0
9.17781e-05
0.000305785
0.000143629
2.8253e-05
0.0010839
0.000136112
0.00115713
3.0313e-05
5.42123e-05
0
9.31976e-05
0.000283679
0.000141526
1.95177e-05
0.0010995
0.000144885
0.00116918
2.89118e-05
4.27717e-05
0
9.46374e-05
0.000262779
0.000139452
1.34615e-05
0.00111434
0.000155426
0.00118053
2.74802e-05
3.36901e-05
0
9.60978e-05
0.000243042
0.000137404
9.27416e-06
0.00112843
0.000167514
0.0011912
2.6016e-05
2.65023e-05
0
9.7579e-05
0.000224352
0.000135382
6.38453e-06
0.00114178
0.000181019
0.00120123
2.4517e-05
2.08268e-05
0
9.90813e-05
0.000206396
0.000133388
4.3932e-06
0.00115441
0.000195863
0.00121063
2.29804e-05
1.63541e-05
0
0.000100605
0.000188298
0.000131419
3.02275e-06
0.00116635
0.000212011
0.00121944
2.14038e-05
1.28403e-05
0
0.00010215
0.00016749
0.000129478
2.08203e-06
0.0011776
0.000229451
0.00122767
1.97843e-05
1.01327e-05
0
0.000103717
0.000136264
0.000127563
1.44228e-06
0.0011882
0.000248182
0.00123536
1.8119e-05
8.48117e-06
0
0.000105306
8.5898e-05
3.17026e-05
0.000126061
1.09086e-06
0
0
0.000273859
9.55323e-05
6.33518e-05
0.000106579
5.22265e-05
3.07974e-05
0.000124961
9.19099e-07
0
0
0.000307291
9.26515e-05
5.03375e-05
0.000107534
3.15786e-05
2.99281e-05
0.000123869
7.77955e-07
0
0
0.000343845
8.98515e-05
4.13535e-05
0.000108495
1.90412e-05
2.90978e-05
0.000122786
6.64443e-07
0
0
0.000383453
8.71304e-05
3.52309e-05
0.000109463
1.14755e-05
2.83117e-05
0.000121712
5.77361e-07
0
0
0.000425997
8.44862e-05
3.11318e-05
0.00011044
6.92969e-06
2.75773e-05
0.000120645
5.17878e-07
0
0
0.00047128
8.19171e-05
2.84607e-05
0.000111424
4.20838e-06
2.69057e-05
0.000119588
4.90615e-07
0
0
0.000519023
7.94213e-05
2.67968e-05
0.000112416
2.5866e-06
2.63134e-05
0.000118538
5.0553e-07
0
0
0.000568851
7.6997e-05
2.58442e-05
0.000113416
1.62712e-06
2.58238e-05
0.000117498
5.81127e-07
0
0
0.000620299
7.46425e-05
2.53953e-05
0.000114424
1.06729e-06
2.54712e-05
0.000116465
7.49874e-07
0
0
0.000672822
7.23559e-05
2.53048e-05
0.00011544
0
0
0.00072581
7.01355e-05
0
0
0.000778616
6.79797e-05
0
0
0.000830581
6.58868e-05
0
0
0.000881067
6.38552e-05
0
0
0.00092949
6.18832e-05
0
0
0.000975346
5.99694e-05
0
0
0.00101823
5.81121e-05
0
0
0.00105784
5.63103e-05
0
0
0.00109402
5.45768e-05
0
0
0.00112668
5.33203e-05
0
0.00115001
0
0.00098139
0
0.000788647
0
0.000611516
0
0.000475111
0
0.000386556
0
0.000342016
0
0.000333962
0
0.000355129
0
0.000399743
0
0.000463341
0
0.000542117
0
0.000632256
0
0.000729498
0
0.000829049
0
0.000925879
0
0.00101531
0
0.00109369
0
0.00115889
0
0.00121041
0
0
0
0
0
0
0
0
0
0
0
0
0
0
0
0
0
0
0
0
END_LIST
