BEGIN_LIST
0.000240408
0.000240001
0.000239594
0.000239187
0.000238781
0.000238375
0.00023797
0.000237566
0.000237161
0.000236757
0.000236354
0.00023595
0.000235544
0.000235133
0.000234711
0.000234256
0.00023372
0.000232979
0.000231719
0.000229144
0.00122963
0.00122885
0.00121358
0.0012256
0.00119536
0.00122226
0.00117477
0.00121882
0.00115166
0.00121528
0.00112587
0.00121164
0.00109731
0.0012079
0.00106591
0.00120406
0.00103169
0.00120011
0.000994715
0.00119605
0.000955142
0.00119188
0.000913214
0.0011876
0.000869268
0.0011832
0.000823751
0.00117869
0.000777266
0.00117406
0.000730667
0.00116931
0.000685298
0.00116444
0.000643533
0.00115943
0.000609935
0.00115398
0.000593548
0.0011352
0
0.000433206
0.000675861
0.000671231
0.00126272
0
0.000452383
0.000647952
0.000643865
0.00125201
0
0.000467376
0.000650755
0.000616645
0.00123977
0
0.000479848
0.000670548
0.000589657
0.00122583
0
0.000490804
0.000699234
0.000562988
0.00121001
0
0.000500852
0.000732348
0.000536717
0.00119215
0
0.000510362
0.000767468
0.000510917
0.00117207
0
0.000519562
0.000803252
0.000485657
0.00114964
0
0.00052859
0.000838917
0.000460998
0.00112472
0
0.000537531
0.000873973
0.000436991
0.00109721
0
0.000546435
0.000908085
0.000413681
0.00106706
0
0.000555333
0.000941011
0.000391098
0.00103424
0
0.000564241
0.00097257
0.000369257
0.000998765
0
0.000573171
0.00100263
0.000348147
0.00096065
0
0.000582127
0.00103108
0.000327711
0.000919845
0
0.000591109
0.00105786
0.000307798
0.000876064
0
0.000600119
0.00108293
0.000288076
0.000828403
0
0.000609155
0.00110629
0.000267836
0.000774447
0
0.000618214
0.00112794
0.000245569
0.000708117
0
0.000627295
0.00114792
0.000218065
0.000614021
0.000893475
0.000282349
0.00106903
0.000956185
0.00072684
0.00116337
6.97266e-05
0.000746702
0
0.000162859
0.000863243
0.000278684
0.000953192
0.00104947
0.00057909
0.001175
6.79231e-05
0.000658967
0
0.000147845
0.000832179
0.000275055
0.000817928
0.00109129
0.000458371
0.00118594
6.61024e-05
0.000572427
0
0.000144972
0.000800415
0.00027146
0.000674396
0.0011157
0.000366717
0.00119621
6.42624e-05
0.000489827
0
0.000145659
0.000768093
0.000267902
0.000535239
0.00113323
0.000301321
0.00120585
6.24011e-05
0.000413357
0
0.000147393
0.000735365
0.000264378
0.000410675
0.00114765
0.000257485
0.00121487
6.05162e-05
0.000344487
0
0.00014945
0.000702389
0.00026089
0.00030636
0.00116043
0.000230388
0.00122331
5.86054e-05
0.000283954
0
0.000151619
0.000669328
0.000257436
0.000223512
0.00117215
0.000215882
0.0012312
5.66664e-05
0.000231855
0
0.000153842
0.000636344
0.000254018
0.000160332
0.00118305
0.00021071
0.00123857
5.46967e-05
0.000187808
0
0.000156099
0.000603595
0.000250635
0.000113581
0.00119325
0.000212449
0.00124543
5.26935e-05
0.00015112
0
0.000158388
0.000571236
0.000247287
7.97376e-05
0.00120282
0.000219361
0.00125183
5.06541e-05
0.000120935
0
0.000160707
0.000539407
0.000243974
5.56189e-05
0.00121179
0.000230227
0.00125778
4.85755e-05
9.63481e-05
0
0.000163055
0.000508238
0.000240695
3.86198e-05
0.00122019
0.000244207
0.00126332
4.64546e-05
7.6484e-05
0
0.000165432
0.000477828
0.000237451
2.67313e-05
0.00122806
0.000260727
0.00126846
4.42883e-05
6.054e-05
0
0.00016784
0.000448227
0.000234242
1.84617e-05
0.00123542
0.000279399
0.00127323
4.20729e-05
4.78092e-05
0
0.000170277
0.00041935
0.000231067
1.27311e-05
0.00124229
0.000299959
0.00127765
3.98051e-05
3.76863e-05
0
0.000172745
0.000390747
0.000227926
8.77063e-06
0.00124871
0.000322227
0.00128176
3.74808e-05
2.9665e-05
0
0.000175243
0.000360908
0.00022482
6.03957e-06
0.0012547
0.000346071
0.00128556
3.50962e-05
2.33359e-05
0
0.000177772
0.000325141
0.000221748
4.16237e-06
0.00126028
0.000371392
0.00128907
3.2647e-05
1.84427e-05
0
0.000180332
0.000268852
0.000218712
2.88471e-06
0.00126547
0.000398105
0.00129233
3.01287e-05
1.54517e-05
0
0.000182923
0.000173525
6.54397e-05
0.000216327
2.18265e-06
0
0
0.000433896
0.000156412
0.000105735
0.000184996
0.000107213
6.36031e-05
0.000214577
1.83961e-06
0
0
0.000479201
0.000151916
8.6606e-05
0.000186548
6.54638e-05
6.18316e-05
0.000212838
1.55799e-06
0
0
0.000527049
0.000147534
7.34323e-05
0.000188108
3.97058e-05
6.01301e-05
0.00021111
1.33199e-06
0
0
0.000576982
0.000143263
6.45265e-05
0.00018968
2.40118e-05
5.85061e-05
0.000209394
1.1595e-06
0
0
0.000628483
0.000139102
5.86598e-05
0.000191262
1.45267e-05
5.69709e-05
0.000207689
1.04333e-06
0
0
0.000680977
0.000135048
5.49494e-05
0.000192854
8.82799e-06
5.55412e-05
0.000205996
9.93491e-07
0
0
0.000733836
0.0001311
5.27672e-05
0.000194458
5.4237e-06
5.42417e-05
0.000204314
1.03117e-06
0
0
0.000786405
0.000127255
5.16689e-05
0.000196073
3.40584e-06
5.3108e-05
0.000202643
1.19548e-06
0
0
0.000838026
0.000123512
5.13421e-05
0.000197699
2.22602e-06
5.21918e-05
0.000200984
1.55484e-06
0
0
0.000888072
0.000119868
5.15675e-05
0.000199336
0
0
0.000935973
0.000116322
0
0
0.000981241
0.00011287
0
0
0.00102349
0.000109513
0
0
0.00106246
0.000106246
0
0
0.00109798
0.00010307
0
0
0.00113
9.998e-05
0
0
0.00115859
9.69761e-05
0
0
0.00118386
9.40565e-05
0
0
0.00120601
9.12425e-05
0
0
0.00122527
8.92001e-05
0
0.00124353
0
0.00112634
0
0.00096541
0
0.000796301
0
0.000654007
0
0.000557495
0
0.000509986
0
0.000505956
0
0.00053701
0
0.000594722
0
0.000671349
0
0.00075972
0
0.00085306
0
0.000945112
0
0.00103053
0
0.0011054
0
0.00116752
0
0.00121647
0
0.00125321
0
0.00127961
0
0
0
0
0
0
0
0
0
0
0
0
0
0
0
0
0
0
0
0
END_LIST
