BEGIN_LIST
0.000129108
0.000128866
0.000128624
0.000128383
0.000128142
0.000127901
0.000127661
0.000127421
0.000127182
0.000126943
0.000126703
0.000126464
0.000126223
0.000125978
0.000125722
0.000125439
0.000125086
0.000124557
0.00012358
0.000121471
0.000962092
0.000965625
0.000919949
0.000956517
0.000875683
0.000947278
0.000829669
0.000937912
0.000782341
0.00092842
0.000734178
0.000918806
0.000685681
0.000909073
0.000637355
0.000899225
0.000589686
0.000889264
0.000543129
0.000879196
0.000498088
0.000869024
0.00045491
0.000858751
0.000413885
0.000848384
0.000375251
0.000837926
0.000339221
0.000827381
0.000306042
0.000816756
0.000276112
0.000806054
0.000250251
0.000795269
0.000230272
0.000783883
0.0002202
0.000750013
0
0.000153835
0.000247185
0.000342381
0.00094745
0
0.000166677
0.000215531
0.000322396
0.000906288
0
0.000176243
0.000207874
0.000303254
0.000863253
0
0.000183838
0.000213385
0.00028496
0.000818694
0
0.000190257
0.000226304
0.000267511
0.000773008
0
0.000195985
0.000243691
0.0002509
0.000726627
0
0.000201322
0.000264081
0.000235114
0.000679999
0
0.000206452
0.000286752
0.00022014
0.000633571
0
0.000211488
0.000311348
0.000205958
0.000587777
0
0.0002165
0.00033769
0.000192546
0.000543016
0
0.000221533
0.000365671
0.000179878
0.000499645
0
0.000226614
0.000395212
0.000167925
0.000457966
0
0.000231759
0.000426233
0.000156653
0.00041822
0
0.00023698
0.000458644
0.000146016
0.000380578
0
0.000242284
0.000492332
0.000135952
0.000345132
0
0.000247674
0.000527162
0.000126357
0.000311872
0
0.000253153
0.000562977
0.000117046
0.000280636
0
0.000258724
0.000599595
0.000107666
0.000250983
0
0.000264389
0.000636815
9.75001e-05
0.000221914
0
0.000270146
0.000674419
8.50718e-05
0.000191226
0.000376295
9.2608e-05
0.000570001
0.000490182
0.0003247
0.000705859
2.59714e-05
0.000341062
0
4.6183e-05
0.000350662
9.11961e-05
0.000440499
0.000582431
0.000240062
0.000731247
2.52569e-05
0.000280842
0
4.37102e-05
0.000326231
8.98042e-05
0.000330514
0.000633392
0.000179129
0.000756498
2.45356e-05
0.00022911
0
4.34856e-05
0.000303022
8.84321e-05
0.000242213
0.000668959
0.000136692
0.000781558
2.38068e-05
0.000185445
0
4.39174e-05
0.000281045
8.70796e-05
0.000174326
0.000698497
0.000108073
0.000806365
2.30696e-05
0.000149124
0
4.45459e-05
0.000260295
8.57464e-05
0.000123794
0.000725577
8.95149e-05
0.000830856
2.23231e-05
0.000119276
0
4.5239e-05
0.000240758
8.44322e-05
8.70581e-05
0.00075157
7.81804e-05
0.00085497
2.15663e-05
9.49859e-05
0
4.59586e-05
0.000222411
8.31368e-05
6.07993e-05
0.000776984
7.20117e-05
0.000878646
2.07984e-05
7.53765e-05
0
4.66938e-05
0.000205224
8.18601e-05
4.22528e-05
0.00080198
6.95555e-05
0.000901828
2.00182e-05
5.96466e-05
0
4.74418e-05
0.00018916
8.06018e-05
2.92631e-05
0.000826584
6.98058e-05
0.000924461
1.92248e-05
4.7093e-05
0
4.82016e-05
0.000174177
7.93616e-05
2.02183e-05
0.000850768
7.20784e-05
0.000946499
1.84169e-05
3.71148e-05
0
4.89733e-05
0.000160229
7.81393e-05
1.3946e-05
0.000874485
7.59157e-05
0.000967897
1.75935e-05
2.92094e-05
0
4.97569e-05
0.000147267
7.69347e-05
9.60855e-06
0.000897685
8.10186e-05
0.000988619
1.67533e-05
2.2962e-05
0
5.05525e-05
0.000135235
7.57476e-05
6.61488e-06
0.000920319
8.71982e-05
0.00100863
1.5895e-05
1.80349e-05
0
5.13604e-05
0.000124068
7.45777e-05
4.55146e-06
0.000942341
9.43414e-05
0.00102791
1.50172e-05
1.41551e-05
0
5.21807e-05
0.000113666
7.34249e-05
3.13056e-06
0.00096371
0.000102388
0.00104644
1.41186e-05
1.1104e-05
0
5.30136e-05
0.000103836
7.22889e-05
2.15283e-06
0.000984392
0.000111314
0.00106419
1.31976e-05
8.70713e-06
0
5.38592e-05
9.41046e-05
7.11696e-05
1.48063e-06
0.00100436
0.00012112
0.00108117
1.22527e-05
6.82879e-06
0
5.47177e-05
8.31497e-05
7.00669e-05
1.01953e-06
0.00102359
0.000131826
0.00109738
1.12822e-05
5.38414e-06
0
5.55893e-05
6.70975e-05
6.89813e-05
7.06091e-07
0.00104206
0.000143461
0.0011128
1.02843e-05
4.50408e-06
0
5.64743e-05
4.18094e-05
1.52715e-05
6.8131e-05
5.33947e-07
0
0
0.000159655
5.47778e-05
3.58821e-05
5.71845e-05
2.52225e-05
1.48329e-05
6.75085e-05
4.49793e-07
0
0
0.000181151
5.30743e-05
2.79542e-05
5.77169e-05
1.5179e-05
1.44132e-05
6.68913e-05
3.80613e-07
0
0
0.000205226
5.14217e-05
2.24809e-05
5.82537e-05
9.12692e-06
1.40142e-05
6.62796e-05
3.24919e-07
0
0
0.000232022
4.98186e-05
1.87383e-05
5.8795e-05
5.49156e-06
1.3639e-05
6.56731e-05
2.82088e-07
0
0
0.000261671
4.82636e-05
1.62134e-05
5.93409e-05
3.31329e-06
1.32923e-05
6.50719e-05
2.52636e-07
0
0
0.000294279
4.67556e-05
1.45446e-05
5.98917e-05
2.01155e-06
1.29806e-05
6.4476e-05
2.38735e-07
0
0
0.00032991
4.5293e-05
1.34778e-05
6.04473e-05
1.23667e-06
1.27138e-05
6.38852e-05
2.4511e-07
0
0
0.000368572
4.38746e-05
1.28346e-05
6.10078e-05
7.78657e-07
1.25061e-05
6.32996e-05
2.8057e-07
0
0
0.000410202
4.24993e-05
1.24906e-05
6.15732e-05
5.11699e-07
1.23779e-05
6.27191e-05
3.60599e-07
0
0
0.000454656
4.11657e-05
1.23586e-05
6.21436e-05
0
0
0.000501696
3.98728e-05
0
0
0.000550989
3.86192e-05
0
0
0.000602105
3.7404e-05
0
0
0.000654527
3.6226e-05
0
0
0.000707664
3.50841e-05
0
0
0.000760875
3.39772e-05
0
0
0.000813494
3.29045e-05
0
0
0.000864866
3.18651e-05
0
0
0.000914376
3.08662e-05
0
0
0.000961478
3.01428e-05
0
0.000986709
0
0.000781685
0
0.00058653
0
0.000428899
0
0.000317211
0
0.000247714
0
0.000212438
0
0.000203747
0
0.000215945
0
0.000245359
0
0.000289843
0
0.000348138
0
0.000419268
0
0.000501988
0
0.000594337
0
0.000693375
0
0.000795176
0
0.000895149
0
0.000988653
0
0.00107175
0
0
0
0
0
0
0
0
0
0
0
0
0
0
0
0
0
0
0
0
END_LIST
