BEGIN_LIST
0.000253576
0.000253151
0.000252727
0.000252303
0.00025188
0.000251458
0.000251035
0.000250614
0.000250193
0.000249772
0.000249351
0.00024893
0.000248507
0.00024808
0.00024764
0.000247168
0.000246616
0.000245858
0.000244582
0.000241993
0.0012449
0.00124397
0.00123104
0.00124117
0.00121522
0.00123828
0.00119725
0.00123531
0.00117694
0.00123226
0.00115412
0.00122911
0.00112865
0.00122587
0.00110041
0.00122254
0.00106934
0.00121912
0.00103545
0.0012156
0.000998808
0.00121198
0.000959562
0.00120825
0.000917967
0.00120443
0.000874398
0.00120049
0.000829396
0.00119646
0.000783778
0.00119231
0.000738888
0.00118804
0.000697151
0.00118366
0.000663256
0.00117887
0.000646472
0.00116211
0
0.000475356
0.000735079
0.000707063
0.00127714
0
0.000493875
0.000711385
0.000679658
0.00126858
0
0.000508576
0.000716487
0.000652279
0.00125875
0
0.000520974
0.000737379
0.000625016
0.00124749
0
0.000531982
0.00076634
0.000597959
0.00123463
0
0.000542155
0.000799103
0.000571194
0.00122001
0
0.00055183
0.000833352
0.000544801
0.00120345
0
0.000561213
0.000867814
0.000518856
0.00118479
0
0.000570431
0.000901759
0.000493428
0.00116385
0
0.00057956
0.000934743
0.000468579
0.00114049
0
0.000588646
0.000966483
0.000444362
0.0011146
0
0.000597716
0.000996788
0.000420817
0.00108606
0
0.000606785
0.00102553
0.000397968
0.00105479
0
0.000615862
0.00105262
0.00037581
0.00102069
0
0.00062495
0.00107802
0.00035429
0.000983586
0
0.000634051
0.0011017
0.000333257
0.000943016
0
0.000643164
0.00112368
0.000312366
0.000897843
0
0.000652288
0.00114398
0.000290872
0.000845237
0
0.000661419
0.00116265
0.000267179
0.000778211
0
0.000670555
0.00117976
0.00023788
0.00067891
0.000952145
0.000313706
0.00110995
0.000999424
0.000773018
0.0011929
7.66167e-05
0.000794941
0
0.000184694
0.000923967
0.000309753
0.00100447
0.00108752
0.000622465
0.00120275
7.46585e-05
0.00070787
0
0.000167019
0.000894736
0.000305834
0.000876271
0.00112598
0.000497195
0.00121197
7.26817e-05
0.000620331
0
0.000163528
0.000864551
0.000301951
0.000734702
0.00114796
0.000400896
0.0012206
7.06841e-05
0.000535247
0
0.000164201
0.000833529
0.000298102
0.00059229
0.00116349
0.000331639
0.00122866
6.86635e-05
0.000455146
0
0.0001661
0.0008018
0.00029429
0.000460661
0.00117611
0.000285025
0.00123618
6.66174e-05
0.000381912
0
0.000168374
0.000769506
0.000290512
0.000347488
0.0011872
0.00025621
0.0012432
6.45435e-05
0.000316687
0
0.000170777
0.000736798
0.00028677
0.000255726
0.00119732
0.000240887
0.00124974
6.24391e-05
0.000259907
0
0.000173239
0.000703836
0.000283063
0.000184642
0.00120669
0.000235616
0.00125583
6.03015e-05
0.000211439
0
0.000175739
0.00067078
0.000279392
0.00013143
0.00121543
0.000237803
0.00126149
5.81278e-05
0.000170744
0
0.000178273
0.000637791
0.000275756
9.2587e-05
0.0012236
0.000245573
0.00126675
5.59151e-05
0.00013704
0
0.000180839
0.000605028
0.000272155
6.47397e-05
0.00123124
0.000257599
0.00127163
5.366e-05
0.00010944
0
0.000183436
0.000572635
0.00026859
4.50303e-05
0.00123838
0.00027296
0.00127616
5.13593e-05
8.70442e-05
0
0.000186064
0.000540737
0.00026506
3.12058e-05
0.00124504
0.000291021
0.00128036
4.90095e-05
6.9005e-05
0
0.000188724
0.0005094
0.000261565
2.15699e-05
0.00125126
0.000311345
0.00128425
4.66068e-05
5.45612e-05
0
0.000191416
0.000478546
0.000258105
1.48831e-05
0.00125706
0.000333629
0.00128785
4.41474e-05
4.30508e-05
0
0.00019414
0.000447686
0.00025468
1.02572e-05
0.00126246
0.000357658
0.00129119
4.16271e-05
3.39139e-05
0
0.000196896
0.000415126
0.000251291
7.06523e-06
0.00126749
0.000383272
0.00129427
3.90415e-05
2.66946e-05
0
0.000199684
0.000375547
0.000247937
4.87019e-06
0.00127217
0.000410341
0.00129712
3.63862e-05
2.11072e-05
0
0.000202505
0.000312236
0.00024462
3.37577e-06
0.00127653
0.000438752
0.00129975
3.36562e-05
1.76897e-05
0
0.000205359
0.000203176
7.7206e-05
0.000242013
2.55451e-06
0
0
0.000476575
0.000173928
0.000118236
0.000207642
0.00012624
7.50541e-05
0.000240099
2.15326e-06
0
0
0.000524081
0.000169
9.76848e-05
0.000209349
7.73481e-05
7.29762e-05
0.000238196
1.82394e-06
0
0
0.000573782
0.000164192
8.3549e-05
0.000211066
4.70122e-05
7.09776e-05
0.000236305
1.55984e-06
0
0
0.000625129
0.000159503
7.40219e-05
0.000212794
2.84654e-05
6.90663e-05
0.000234426
1.35858e-06
0
0
0.00067753
0.00015493
6.77824e-05
0.000214533
1.72328e-05
6.72545e-05
0.000232559
1.22363e-06
0
0
0.000730349
0.000150472
6.38791e-05
0.000216284
1.04755e-05
6.55605e-05
0.000230704
1.16697e-06
0
0
0.000782928
0.000146126
6.16334e-05
0.000218045
6.43549e-06
6.40108e-05
0.000228861
1.21385e-06
0
0
0.000834604
0.000141892
6.05652e-05
0.000219819
4.03931e-06
6.26441e-05
0.000227029
1.41078e-06
0
0
0.000884746
0.000137766
6.0336e-05
0.000221604
2.63738e-06
6.15164e-05
0.000225209
1.83907e-06
0
0
0.000932779
0.000133747
6.07084e-05
0.000223401
0
0
0.000978209
0.000129833
0
0
0.00102065
0.000126022
0
0
0.00105981
0.000122311
0
0
0.00109554
0.000118699
0
0
0.00112779
0.000115184
0
0
0.00115659
0.000111764
0
0
0.00118206
0.000108437
0
0
0.0012044
0.000105201
0
0
0.00122384
0.00010208
0
0
0.00124063
9.98144e-05
0
0.0012576
0
0.0011519
0
0.00100077
0
0.000837098
0
0.000696582
0
0.00060035
0
0.000553314
0
0.000550581
0
0.000583573
0
0.000643242
0
0.00072109
0
0.000809268
0
0.000900578
0
0.000988706
0
0.00106864
0
0.00113709
0
0.00119259
0
0.00123538
0
0.00126685
0
0.00128904
0
0
0
0
0
0
0
0
0
0
0
0
0
0
0
0
0
0
0
0
END_LIST
