BEGIN_LIST
0.000108494
0.000108287
0.00010808
0.000107873
0.000107667
0.000107461
0.000107256
0.000107051
0.000106846
0.000106641
0.000106436
0.000106231
0.000106025
0.000105815
0.000105596
0.000105351
0.000105042
0.00010457
0.000103689
0.000101769
0.000870834
0.00087564
0.000824441
0.000865377
0.000776799
0.000855017
0.000728393
0.000844564
0.000679732
0.000834022
0.000631321
0.000823397
0.000583645
0.000812693
0.000537152
0.000801916
0.000492236
0.000791072
0.000449231
0.000780165
0.000408402
0.000769202
0.000369948
0.000758188
0.000334009
0.000747129
0.000300675
0.000736031
0.000270014
0.0007249
0.000242123
0.000713742
0.000217219
0.000702564
0.000195852
0.000691358
0.000179349
0.000679618
0.000170768
0.000645648
0
0.000118565
0.000190653
0.000281038
0.000836013
0
0.00012904
0.000163585
0.000263753
0.000790534
0
0.000136831
0.00015647
0.000247307
0.000744205
0
0.000143008
0.000160212
0.000231687
0.000697473
0
0.000148221
0.000170064
0.000216878
0.000650791
0
0.000152871
0.000183637
0.000202859
0.000604601
0
0.000157202
0.000199762
0.000189608
0.000559318
0
0.000161368
0.000217883
0.000177101
0.000515317
0
0.000165463
0.000237752
0.000165313
0.000472925
0
0.000169544
0.000259264
0.000154214
0.000432409
0
0.000173648
0.000282382
0.000143775
0.000393978
0
0.000177798
0.000307093
0.000133965
0.000357781
0
0.000182009
0.000333388
0.000124747
0.000323907
0
0.00018629
0.000361249
0.000116081
0.000292388
0
0.000190647
0.000390643
0.000107907
0.000263201
0
0.000195084
0.000421515
0.000100139
0.000236255
0
0.000199603
0.000453788
9.26246e-05
0.000211369
0
0.000204208
0.000487359
8.50734e-05
0.000188202
0
0.0002089
0.000522101
7.69087e-05
0.000166097
0
0.000213679
0.00055786
6.69434e-05
0.000143711
0.000295567
7.07079e-05
0.000464406
0.000397922
0.000258156
0.000588268
2.03141e-05
0.000273966
0
3.4597e-05
0.000273979
6.96114e-05
0.00035017
0.000479327
0.000188963
0.000613207
1.97515e-05
0.000223226
0
3.29648e-05
0.000253618
6.8531e-05
0.000257602
0.000525789
0.000139989
0.000638343
1.91837e-05
0.000180496
0
3.2867e-05
0.000234468
6.74666e-05
0.000185937
0.000559187
0.000106273
0.000663625
1.86099e-05
0.00014502
0
3.32175e-05
0.000216501
6.64178e-05
0.000132318
0.00058762
8.37153e-05
0.000688994
1.80296e-05
0.000115912
0
3.37032e-05
0.000199685
6.53845e-05
9.31938e-05
0.000614208
6.91644e-05
0.000714385
1.7442e-05
9.22546e-05
0
3.42338e-05
0.000183981
6.43665e-05
6.51541e-05
0.000640151
6.03089e-05
0.000739728
1.68464e-05
7.31754e-05
0
3.47836e-05
0.000169346
6.33635e-05
4.53133e-05
0.000665888
5.55016e-05
0.000764955
1.6242e-05
5.78835e-05
0
3.53451e-05
0.000155732
6.23755e-05
3.13991e-05
0.000691552
5.35934e-05
0.000789994
1.5628e-05
4.56874e-05
0
3.59164e-05
0.000143092
6.14021e-05
2.1702e-05
0.000717151
5.37952e-05
0.000814776
1.50037e-05
3.59987e-05
0
3.64968e-05
0.000131374
6.04432e-05
1.49731e-05
0.000742644
5.55739e-05
0.000839233
1.4368e-05
2.83256e-05
0
3.70865e-05
0.000120528
5.94987e-05
1.03179e-05
0.000767971
5.85752e-05
0.000863299
1.37201e-05
2.2264e-05
0
3.76855e-05
0.000110501
5.85682e-05
7.10404e-06
0.000793065
6.25693e-05
0.000886913
1.3059e-05
1.74845e-05
0
3.82938e-05
0.000101239
5.76516e-05
4.88839e-06
0.000817857
6.74124e-05
0.000910016
1.23837e-05
1.37219e-05
0
3.89117e-05
9.26808e-05
5.67487e-05
3.36243e-06
0.000842281
7.30205e-05
0.000932557
1.16932e-05
1.07632e-05
0
3.95393e-05
8.47436e-05
5.58594e-05
2.31221e-06
0.000866273
7.93514e-05
0.000954487
1.09863e-05
8.43905e-06
0
4.01767e-05
7.7275e-05
5.49835e-05
1.58981e-06
0.000889773
8.63913e-05
0.000975764
1.02618e-05
6.61489e-06
0
4.0824e-05
6.9914e-05
5.41207e-05
1.09329e-06
0.000912728
9.41472e-05
0.000996351
9.51859e-06
5.18631e-06
0
4.14814e-05
6.16715e-05
5.32711e-05
7.52755e-07
0.000935088
0.00010264
0.00101622
8.75528e-06
4.08816e-06
0
4.21491e-05
4.96648e-05
5.2435e-05
5.21299e-07
0.000956809
0.000111903
0.00103534
7.97052e-06
3.4194e-06
0
4.28272e-05
3.08588e-05
1.12432e-05
5.17804e-05
3.94189e-07
0
0
0.000124853
4.25823e-05
2.77949e-05
4.33716e-05
1.85806e-05
1.092e-05
5.13013e-05
3.32049e-07
0
0
0.00014214
4.1246e-05
2.15313e-05
4.37798e-05
1.11691e-05
1.06111e-05
5.08264e-05
2.80962e-07
0
0
0.000161643
3.99503e-05
1.72078e-05
4.41914e-05
6.71117e-06
1.03179e-05
5.03558e-05
2.39825e-07
0
0
0.000183529
3.86942e-05
1.42493e-05
4.46066e-05
4.03641e-06
1.00428e-05
4.98893e-05
2.08175e-07
0
0
0.000207968
3.74765e-05
1.22498e-05
4.50254e-05
2.4348e-06
9.78954e-06
4.94271e-05
1.86382e-07
0
0
0.000235125
3.62961e-05
1.09236e-05
4.5448e-05
1.47808e-06
9.56331e-06
4.89689e-05
1.76039e-07
0
0
0.000265141
3.51519e-05
1.00703e-05
4.58744e-05
9.08728e-07
9.37183e-06
4.85148e-05
1.80611e-07
0
0
0.000298127
3.40428e-05
9.54977e-06
4.63047e-05
5.72271e-07
9.22621e-06
4.80648e-05
2.06566e-07
0
0
0.000334147
3.29679e-05
9.26382e-06
4.67388e-05
3.76209e-07
9.14256e-06
4.76188e-05
2.65276e-07
0
0
0.000373204
3.19261e-05
9.144e-06
4.71768e-05
0
0
0.000415231
3.09165e-05
0
0
0.000460075
2.9938e-05
0
0
0.00050749
2.89899e-05
0
0
0.000557131
2.80712e-05
0
0
0.000608559
2.7181e-05
0
0
0.000661246
2.63185e-05
0
0
0.000714591
2.54829e-05
0
0
0.000767946
2.46735e-05
0
0
0.000820641
2.38959e-05
0
0
0.000872017
2.3333e-05
0
0.000896483
0
0.000687167
0
0.000501615
0
0.000358867
0
0.000260793
0
0.00020073
0
0.000170202
0
0.000162079
0
0.000171403
0
0.000195186
0
0.000231891
0
0.000280891
0
0.000341954
0
0.000414784
0
0.00049858
0
0.000591675
0
0.000691315
0
0.000793683
0
0.000894233
0
0.000988318
0
0
0
0
0
0
0
0
0
0
0
0
0
0
0
0
0
0
0
0
END_LIST
