BEGIN_LIST
0.000235096
0.000234696
0.000234296
0.000233896
0.000233497
0.000233099
0.0002327
0.000232303
0.000231906
0.000231509
0.000231112
0.000230715
0.000230316
0.000229913
0.000229497
0.000229049
0.000228521
0.000227787
0.000226533
0.000223966
0.0012228
0.0012221
0.00120579
0.00121865
0.00118653
0.0012151
0.00116482
0.00121146
0.00114052
0.00120771
0.0011135
0.00120385
0.00108366
0.00119989
0.00105098
0.00119583
0.0010155
0.00119165
0.000977327
0.00118736
0.000936644
0.00118295
0.000893732
0.00117843
0.000848959
0.00117379
0.0008028
0.00116903
0.000755877
0.00116415
0.000709048
0.00115914
0.00066365
0.00115401
0.000622021
0.00114874
0.00058865
0.001143
0.000572455
0.00112338
0
0.000416637
0.000652055
0.000656496
0.00125599
0
0.000435978
0.000622612
0.000629192
0.0012443
0
0.000451019
0.000624483
0.000602081
0.00123097
0
0.000463474
0.000643727
0.00057525
0.00121583
0
0.000474371
0.000672139
0.000548781
0.00119869
0
0.000484338
0.000705204
0.000522751
0.00117941
0
0.000493756
0.000740473
0.000497231
0.00115782
0
0.000502859
0.000776591
0.000472285
0.00113378
0
0.000511788
0.000812761
0.00044797
0.00110718
0
0.000520632
0.000848479
0.000424335
0.00107797
0
0.000529441
0.000883395
0.000401418
0.0010461
0
0.000538248
0.00091725
0.000379249
0.0010116
0
0.000547072
0.000949843
0.000357837
0.000974517
0
0.000555921
0.000981016
0.000337169
0.000934922
0
0.000564801
0.00101065
0.000317186
0.000892817
0
0.000573714
0.00103865
0.000297737
0.000847984
0
0.000582661
0.00106497
0.000278498
0.000799612
0
0.000591639
0.00108958
0.000258772
0.000745454
0
0.000600647
0.00111247
0.000237089
0.0006798
0
0.000609683
0.00113366
0.000210319
0.000588238
0.000869018
0.00027023
0.0010512
0.00093779
0.000707865
0.00115008
6.70611e-05
0.000727033
0
0.000154598
0.000838097
0.000266683
0.000931451
0.00103297
0.000561599
0.00116249
6.53189e-05
0.000639294
0
0.000140587
0.00080645
0.000263172
0.000793886
0.00107609
0.000442951
0.00117417
6.35599e-05
0.000553407
0
0.000137945
0.000774218
0.000259695
0.000650209
0.00110148
0.000353311
0.00118515
6.17823e-05
0.000472011
0
0.000138634
0.000741551
0.000256254
0.000512903
0.00111984
0.000289552
0.00119547
5.99841e-05
0.000397145
0
0.000140304
0.000708606
0.000252848
0.000391496
0.00113502
0.000246885
0.00120515
5.8163e-05
0.00033011
0
0.000142276
0.000675546
0.000249477
0.000290831
0.00114851
0.000220513
0.00121422
5.6317e-05
0.000271485
0
0.000144355
0.000642533
0.000246141
0.000211498
0.00116091
0.000206362
0.00122271
5.44436e-05
0.000221246
0
0.000146484
0.000609726
0.000242839
0.000151348
0.00117247
0.000201253
0.00123065
5.25404e-05
0.000178924
0
0.000148647
0.000577281
0.000239573
0.000107029
0.00118331
0.000202834
0.00123805
5.06049e-05
0.000143779
0
0.00015084
0.000545343
0.00023634
7.50431e-05
0.00119348
0.000209421
0.00124496
4.86343e-05
0.000114935
0
0.000153062
0.000514047
0.000233143
5.22978e-05
0.00120303
0.000219838
0.00125139
4.66258e-05
9.14868e-05
0
0.000155313
0.000483511
0.00022998
3.62911e-05
0.00121199
0.000233277
0.00125738
4.45763e-05
7.25733e-05
0
0.000157593
0.000453824
0.000226851
2.51085e-05
0.00122039
0.000249188
0.00126295
4.24829e-05
5.74118e-05
0
0.000159901
0.000425026
0.000223756
1.73357e-05
0.00122825
0.000267202
0.00126812
4.0342e-05
4.53182e-05
0
0.000162239
0.000397029
0.000220695
1.19522e-05
0.0012356
0.00028707
0.00127293
3.81503e-05
3.57099e-05
0
0.000164607
0.000369398
0.000217668
8.23279e-06
0.00124247
0.000308623
0.00127738
3.5904e-05
2.81013e-05
0
0.000167004
0.000340692
0.000214674
5.66865e-06
0.00124888
0.000331743
0.00128151
3.35994e-05
2.21008e-05
0
0.000169431
0.000306459
0.000211715
3.90646e-06
0.00125486
0.000356339
0.00128533
3.12322e-05
1.74635e-05
0
0.000171888
0.0002529
0.000208791
2.7072e-06
0.00126044
0.000382339
0.00128887
2.87982e-05
1.46297e-05
0
0.000174376
0.00016275
6.12093e-05
0.000206495
2.04825e-06
0
0
0.000417259
0.000149762
0.000101026
0.000176367
0.000100353
5.94873e-05
0.00020481
1.72627e-06
0
0
0.000461596
0.000145435
8.24751e-05
0.000177857
6.11993e-05
5.78271e-05
0.000203136
1.4619e-06
0
0
0.000508592
0.000141218
6.9695e-05
0.000179356
3.70916e-05
5.62333e-05
0.000201473
1.24969e-06
0
0
0.000557829
0.000137109
6.1046e-05
0.000180866
2.2421e-05
5.47133e-05
0.000199821
1.08764e-06
0
0
0.000608825
0.000133107
5.53366e-05
0.000182386
1.35611e-05
5.32781e-05
0.000198181
9.78309e-07
0
0
0.000661031
0.000129209
5.17118e-05
0.000183916
8.24036e-06
5.19437e-05
0.000196552
9.31028e-07
0
0
0.000713841
0.000125414
4.95636e-05
0.000185458
5.06284e-06
5.07339e-05
0.000194934
9.65534e-07
0
0
0.000766609
0.00012172
4.84623e-05
0.00018701
3.17984e-06
4.96834e-05
0.000193327
1.11831e-06
0
0
0.000818677
0.000118124
4.81056e-05
0.000188573
2.07912e-06
4.88419e-05
0.000191731
1.45318e-06
0
0
0.000869401
0.000114624
4.82815e-05
0.000190147
0
0
0.000918186
0.000111219
0
0
0.000964511
0.000107906
0
0
0.00100795
0.000104683
0
0
0.00104819
0.000101549
0
0
0.00108503
9.85019e-05
0
0
0.00111839
9.55389e-05
0
0
0.00114827
9.26586e-05
0
0
0.00117478
8.98597e-05
0
0
0.00119809
8.71626e-05
0
0
0.00121841
8.52053e-05
0
0.0012372
0
0.00111527
0
0.00095057
0
0.000779614
0
0.000636937
0
0.000540547
0
0.000492974
0
0.000488449
0
0.000518663
0
0.000575441
0
0.000651355
0
0.000739529
0
0.000833398
0
0.000926776
0
0.00101423
0
0.00109161
0
0.00115643
0
0.00120798
0
0.00124701
0
0.00127526
0
0
0
0
0
0
0
0
0
0
0
0
0
0
0
0
0
0
0
0
END_LIST
