BEGIN_LIST
7.84308e-05
7.82768e-05
7.81231e-05
7.79697e-05
7.78165e-05
7.76636e-05
7.75109e-05
7.73585e-05
7.72064e-05
7.70543e-05
7.69024e-05
7.67502e-05
7.65969e-05
7.64405e-05
7.62761e-05
7.6091e-05
7.58533e-05
7.54822e-05
7.47743e-05
7.32144e-05
0.000702582
0.000708955
0.000653623
0.000697672
0.000605226
0.00068638
0.000557863
0.000675085
0.000511953
0.000663794
0.000467858
0.000652513
0.000425868
0.000641249
0.000386206
0.000630007
0.000349024
0.000618793
0.000314409
0.000607615
0.000282392
0.000596477
0.000252955
0.000585386
0.000226041
0.000574348
0.000201572
0.000563369
0.000179466
0.000552453
0.000159667
0.000541606
0.000142212
0.000530834
0.000127356
0.000520131
0.000115852
0.00050905
0.000109558
0.00047824
0
7.54083e-05
0.000121295
0.000194739
0.000640664
0
8.24907e-05
0.000101914
0.000181915
0.000594355
0
8.77571e-05
9.63858e-05
0.000169823
0.000549083
0
9.19289e-05
9.83048e-05
0.000158438
0.000505214
0
9.54484e-05
0.000104407
0.000147731
0.000463061
0
9.85878e-05
0.000113076
0.000137672
0.000422876
0
0.000101515
0.000123543
0.000128233
0.000384853
0
0.000104334
0.000135457
0.000119384
0.000349123
0
0.000107109
0.000148683
0.000111096
0.000315766
0
0.000109881
0.00016319
0.000103339
0.000284808
0
0.000112674
0.000178999
9.60837e-05
0.000256232
0
0.000115506
0.000196152
8.93011e-05
0.000229988
0
0.000118385
0.000214704
8.29597e-05
0.000205991
0
0.00012132
0.000234706
7.70245e-05
0.000184135
0
0.000124314
0.000256208
7.14515e-05
0.000164295
0
0.00012737
0.000279248
6.61767e-05
0.000146323
0
0.000130492
0.000303856
6.10933e-05
0.000130045
0
0.000133682
0.000330044
5.60033e-05
0.000115236
0
0.00013694
0.000357807
5.05162e-05
0.000101562
0
0.000140268
0.000387121
4.38339e-05
8.84443e-05
0.000192273
4.44708e-05
0.00031633
0.000270029
0.000170574
0.000412643
1.32004e-05
0.000184093
0
2.12565e-05
0.000177047
4.37671e-05
0.000230924
0.000331246
0.000123326
0.00043404
1.28319e-05
0.000147945
0
2.04252e-05
0.000162874
4.30742e-05
0.000165713
0.000367704
9.05841e-05
0.000456023
1.24599e-05
0.000118271
0
2.04198e-05
0.000149704
4.23919e-05
0.000117424
0.000394956
6.83687e-05
0.000478573
1.20842e-05
9.41452e-05
0
2.06561e-05
0.000137488
4.172e-05
8.24488e-05
0.000418946
5.36528e-05
0.000501661
1.17041e-05
7.46832e-05
0
2.09659e-05
0.000126174
4.10585e-05
5.75157e-05
0.000442002
4.42274e-05
0.00052525
1.13194e-05
5.90811e-05
0
2.13007e-05
0.00011571
4.04072e-05
3.99391e-05
0.000465034
3.85227e-05
0.000549296
1.09294e-05
4.66357e-05
0
2.16467e-05
0.000106047
3.97659e-05
2.76451e-05
0.000488385
3.54437e-05
0.000573746
1.05337e-05
3.67475e-05
0
2.19999e-05
9.71339e-05
3.91345e-05
1.90929e-05
0.000512161
3.42373e-05
0.000598547
1.01319e-05
2.89158e-05
0
2.23593e-05
8.89213e-05
3.85128e-05
1.3166e-05
0.000536377
3.43917e-05
0.000623637
9.72321e-06
2.27284e-05
0
2.27246e-05
8.13624e-05
3.79007e-05
9.06929e-06
0.000561001
3.55639e-05
0.00064895
9.3072e-06
1.78495e-05
0
2.30958e-05
7.44115e-05
3.72981e-05
6.2427e-06
0.000585983
3.75278e-05
0.00067442
8.88324e-06
1.40084e-05
0
2.34729e-05
6.80245e-05
3.67048e-05
4.29489e-06
0.000611264
4.01379e-05
0.000699975
8.4507e-06
1.09881e-05
0
2.38561e-05
6.21577e-05
3.61206e-05
2.95379e-06
0.000636777
4.3305e-05
0.000725543
8.00892e-06
8.61528e-06
0
2.42455e-05
5.67648e-05
3.55455e-05
2.03098e-06
0.000662453
4.69784e-05
0.000751051
7.55719e-06
6.75267e-06
0
2.46411e-05
5.17875e-05
3.49794e-05
1.39626e-06
0.000688217
5.11346e-05
0.000776424
7.0948e-06
5.2914e-06
0
2.5043e-05
4.71263e-05
3.4422e-05
9.59852e-07
0.000713995
5.57694e-05
0.000801591
6.62098e-06
4.1457e-06
0
2.54514e-05
4.25556e-05
3.38733e-05
6.59988e-07
0.000739712
6.08925e-05
0.000826479
6.13492e-06
3.24918e-06
0
2.58663e-05
3.74676e-05
3.33332e-05
4.54373e-07
0.000765293
6.65236e-05
0.000851019
5.63579e-06
2.56045e-06
0
2.62878e-05
3.01049e-05
3.2802e-05
3.14639e-07
0.000790662
7.26902e-05
0.000875147
5.12269e-06
2.1412e-06
0
2.6716e-05
1.86463e-05
6.77466e-06
3.23863e-05
2.37906e-07
0
0
8.13597e-05
2.74705e-05
1.78543e-05
2.70599e-05
1.12033e-05
6.5798e-06
3.20821e-05
2.00394e-07
0
0
9.30149e-05
2.65987e-05
1.37366e-05
2.73179e-05
6.72584e-06
6.39376e-06
3.17807e-05
1.69553e-07
0
0
0.000106283
2.5754e-05
1.08954e-05
2.75781e-05
4.03827e-06
6.21756e-06
3.14821e-05
1.44715e-07
0
0
0.000121325
2.49357e-05
8.94983e-06
2.78406e-05
2.4277e-06
6.05282e-06
3.11862e-05
1.25597e-07
0
0
0.000138318
2.41429e-05
7.63228e-06
2.81055e-05
1.46404e-06
5.90187e-06
3.0893e-05
1.1242e-07
0
0
0.00015745
2.33749e-05
6.75501e-06
2.83728e-05
8.88656e-07
5.76817e-06
3.06025e-05
1.06137e-07
0
0
0.00017891
2.2631e-05
6.18664e-06
2.86426e-05
5.46346e-07
5.65676e-06
3.03147e-05
1.0883e-07
0
0
0.000202885
2.19103e-05
5.8353e-06
2.89149e-05
3.44104e-07
5.57491e-06
3.00295e-05
1.24383e-07
0
0
0.000229551
2.12122e-05
5.63685e-06
2.91897e-05
2.26277e-07
5.53313e-06
2.9747e-05
1.59631e-07
0
0
0.000259065
2.05361e-05
5.54653e-06
2.94671e-05
0
0
0.000291549
1.98811e-05
0
0
0.000327083
1.92468e-05
0
0
0.000365689
1.86324e-05
0
0
0.000407319
1.80374e-05
0
0
0.00045184
1.74611e-05
0
0
0.00049903
1.6903e-05
0
0
0.000548564
1.63626e-05
0
0
0.00060002
1.58394e-05
0
0
0.000652884
1.53369e-05
0
0
0.000706563
1.49732e-05
0
0.00072779
0
0.000529224
0
0.000370737
0
0.000257073
0
0.000182323
0
0.000137569
0
0.000114814
0
0.000108203
0
0.000113987
0
0.000130087
0
0.000155635
0
0.000190574
0
0.000235334
0
0.000290537
0
0.000356688
0
0.00043386
0
0.000521355
0
0.000617423
0
0.000719118
0
0.000822412
0
0
0
0
0
0
0
0
0
0
0
0
0
0
0
0
0
0
0
0
END_LIST
