BEGIN_LIST
0.000213589
0.000213218
0.000212847
0.000212477
0.000212107
0.000211738
0.000211369
0.000211
0.000210632
0.000210265
0.000209897
0.000209529
0.00020916
0.000208786
0.0002084
0.000207981
0.000207483
0.00020678
0.000205561
0.000203035
0.00119058
0.00119032
0.0011693
0.00118597
0.00114544
0.00118151
0.00111888
0.00117694
0.00108951
0.00117224
0.0010573
0.00116742
0.00102227
0.00116248
0.000984511
0.00115742
0.000944195
0.00115222
0.000901575
0.0011469
0.00085698
0.00114145
0.000810815
0.00113587
0.000763555
0.00113015
0.00071575
0.0011243
0.000668053
0.00111831
0.000621302
0.00111218
0.000576736
0.00110591
0.000536481
0.0010995
0.00050462
0.00109255
0.000489358
0.00106943
0
0.000352475
0.000557393
0.000595354
0.00122237
0
0.000371887
0.000523
0.000568585
0.00120604
0
0.000386731
0.000521304
0.000542199
0.00118761
0
0.000398831
0.000537864
0.000516273
0.00116694
0
0.000409284
0.00056432
0.000490875
0.00114387
0
0.000418757
0.00059612
0.000466069
0.00111828
0
0.000427658
0.000630817
0.000441911
0.0010901
0
0.000436236
0.000667061
0.000418449
0.00105928
0
0.000444643
0.000704055
0.000395722
0.00102583
0
0.000452972
0.000741281
0.000373764
0.00098984
0
0.000461281
0.00077836
0.000352598
0.000951429
0
0.000469603
0.000814988
0.000332236
0.000910796
0
0.00047796
0.000850908
0.000312675
0.000868178
0
0.000486361
0.000885893
0.000293892
0.000823829
0
0.000494815
0.000919744
0.00027582
0.000777952
0
0.000503323
0.000952292
0.000258315
0.000730558
0
0.000511886
0.000983397
0.000241075
0.000681175
0
0.000520504
0.00101295
0.00022347
0.000628185
0
0.000529176
0.00104086
0.000204178
0.000567306
0
0.000537899
0.00106708
0.000180409
0.000487825
0.000766847
0.000224376
0.00097135
0.00085801
0.00062952
0.00108764
5.69116e-05
0.000646674
0
0.000124279
0.000734085
0.000221308
0.000838123
0.000959359
0.000491245
0.00110334
5.54092e-05
0.000560469
0
0.000113887
0.000701082
0.000218273
0.000694862
0.00100727
0.000382194
0.00111824
5.38924e-05
0.00047857
0
0.000112062
0.000668003
0.000215273
0.000554283
0.0010365
0.000301372
0.00113237
5.23593e-05
0.000403071
0
0.000112741
0.000635009
0.000212306
0.000427138
0.00105823
0.000244591
0.00114575
5.08084e-05
0.000335334
0
0.00011416
0.000602259
0.000209372
0.000319765
0.00107657
0.000206848
0.00115838
4.92378e-05
0.000275994
0
0.000115809
0.000569907
0.000206472
0.00023393
0.0010931
0.000183546
0.0011703
4.76455e-05
0.000225067
0
0.000117541
0.000538097
0.000203605
0.000168147
0.00110845
0.000170947
0.00118153
4.60295e-05
0.000182114
0
0.000119314
0.000506963
0.00020077
0.000119295
0.00112288
0.000166209
0.00119209
4.43876e-05
0.000146408
0
0.000121117
0.000476625
0.000197968
8.38388e-05
0.0011365
0.000167266
0.001202
4.27177e-05
0.000117079
0
0.000122945
0.000447189
0.000195199
5.85238e-05
0.00114937
0.000172659
0.0012113
4.10175e-05
9.32212e-05
0
0.000124799
0.000418745
0.000192462
4.06584e-05
0.00116153
0.000181379
0.00122
3.92843e-05
7.39667e-05
0
0.000126678
0.000391362
0.000189757
2.81527e-05
0.00117299
0.000192741
0.00122814
3.75158e-05
5.85252e-05
0
0.000128582
0.000365087
0.000187084
1.94483e-05
0.0011838
0.000206286
0.00123574
3.5709e-05
4.6204e-05
0
0.000130512
0.000339917
0.000184443
1.34136e-05
0.00119396
0.000221716
0.00124283
3.38612e-05
3.64121e-05
0
0.000132468
0.00031575
0.000181833
9.24132e-06
0.00120351
0.000238834
0.00124944
3.19694e-05
2.86552e-05
0
0.00013445
0.000292205
0.000179255
6.36234e-06
0.00121247
0.000257519
0.0012556
3.00303e-05
2.25268e-05
0
0.000136458
0.000268099
0.000176708
4.37923e-06
0.00122086
0.000277691
0.00126132
2.80407e-05
1.77025e-05
0
0.000138493
0.000239859
0.000174192
3.01714e-06
0.00122873
0.0002993
0.00126663
2.5997e-05
1.39792e-05
0
0.000140555
0.000196569
0.000171709
2.09049e-06
0.00123608
0.000322308
0.00127157
2.38955e-05
1.17061e-05
0
0.000142644
0.00012522
4.66575e-05
0.000169759
1.5814e-06
0
0
0.000353498
0.000125054
8.36983e-05
0.000144317
7.66785e-05
4.53346e-05
0.00016833
1.33261e-06
0
0
0.00039355
0.000121369
6.74903e-05
0.00014557
4.65641e-05
4.40613e-05
0.000166911
1.12826e-06
0
0
0.000436599
0.000117782
5.63107e-05
0.000146831
2.81497e-05
4.28417e-05
0.000165502
9.64078e-07
0
0
0.000482382
0.000114291
4.87179e-05
0.000148101
1.69905e-05
4.16821e-05
0.000164103
8.38421e-07
0
0
0.000530567
0.000110894
4.36704e-05
0.000149381
1.02682e-05
4.0592e-05
0.000162715
7.53142e-07
0
0
0.000580745
0.00010759
4.04239e-05
0.00015067
6.23757e-06
3.95854e-05
0.000161337
7.15195e-07
0
0
0.000632423
0.000104376
3.84507e-05
0.000151969
3.83295e-06
3.86829e-05
0.000159968
7.39439e-07
0
0
0.000685034
0.00010125
3.73786e-05
0.000153278
2.40911e-06
3.79143e-05
0.00015861
8.53397e-07
0
0
0.000737956
9.8211e-05
3.69462e-05
0.000154596
1.57753e-06
3.73227e-05
0.000157262
1.1053e-06
0
0
0.000790536
9.52559e-05
3.69702e-05
0.000155924
0
0
0.000842121
9.23833e-05
0
0
0.000892083
8.95912e-05
0
0
0.000939858
8.68778e-05
0
0
0.000984965
8.42411e-05
0
0
0.00102703
8.16793e-05
0
0
0.00106578
7.91905e-05
0
0
0.00110107
7.67731e-05
0
0
0.00113287
7.44259e-05
0
0
0.00116122
7.21657e-05
0
0
0.00118627
7.05263e-05
0
0.00120709
0
0.00106561
0
0.000887097
0
0.000710866
0
0.000568607
0
0.000474056
0
0.000426957
0
0.000420655
0
0.000447224
0
0.000499516
0
0.000571382
0
0.000657215
0
0.000751477
0
0.00084854
0
0.000942903
0
0.00102972
0
0.00110539
0
0.00116793
0
0.00121706
0
0.00125384
0
0
0
0
0
0
0
0
0
0
0
0
0
0
0
0
0
0
0
0
END_LIST
