BEGIN_LIST
0.00010552
0.000105318
0.000105117
0.000104915
0.000104714
0.000104513
0.000104313
0.000104113
0.000103913
0.000103714
0.000103514
0.000103314
0.000103113
0.000102908
0.000102694
0.000102455
0.000102152
0.00010169
0.000100823
9.89348e-05
0.000856159
0.000861143
0.000809277
0.000850735
0.000761301
0.000840235
0.000712728
0.000829649
0.000664065
0.000818982
0.000615815
0.000808238
0.000568454
0.000797424
0.000522413
0.000786544
0.000478067
0.000775605
0.000435727
0.000764612
0.000395637
0.00075357
0.000357973
0.000742487
0.000322852
0.000731367
0.000290345
0.000720217
0.000260501
0.000709043
0.000233398
0.000697851
0.000209231
0.000686647
0.000188516
0.000675425
0.000172514
0.000663682
0.000164154
0.000629837
0
0.000113873
0.000183119
0.000272309
0.00081839
0
0.000124005
0.000156774
0.00025544
0.000772496
0
0.000131541
0.00014978
0.000239405
0.000725927
0
0.000137514
0.000153304
0.000224189
0.000679135
0
0.000142555
0.000162746
0.000209775
0.000632572
0
0.00014705
0.000175796
0.00019614
0.000586671
0
0.000151238
0.000191326
0.000183263
0.000541833
0
0.000155267
0.000208804
0.000171117
0.000498415
0
0.000159227
0.000227994
0.000159676
0.000456721
0
0.000163175
0.0002488
0.000148911
0.000416995
0
0.000167146
0.000271194
0.000138792
0.000379424
0
0.000171163
0.00029517
0.000129287
0.000344132
0
0.00017524
0.000320728
0.000120362
0.000311187
0
0.000179385
0.00034786
0.000111974
0.000280606
0
0.000183605
0.000376542
0.000104067
0.000252349
0
0.000187903
0.000406731
9.65555e-05
0.000226317
0
0.000192283
0.000438362
8.92916e-05
0.000202326
0
0.000196747
0.000471344
8.19953e-05
0.000180051
0
0.000201296
0.000505562
7.41087e-05
0.000158872
0
0.000205932
0.000540874
6.4485e-05
0.000137546
0.000284576
6.7826e-05
0.000449354
0.000384853
0.00024897
0.000570974
1.95521e-05
0.000264638
0
3.31029e-05
0.000263603
6.67719e-05
0.000337671
0.000464466
0.000181995
0.000595716
1.90102e-05
0.000215313
0
3.15697e-05
0.00024385
6.57333e-05
0.000247747
0.000510109
0.000134699
0.000620701
1.84632e-05
0.000173887
0
3.14853e-05
0.000225295
6.47101e-05
0.000178463
0.000543052
0.00010219
0.000645881
1.79105e-05
0.000139572
0
3.18242e-05
0.000207909
6.3702e-05
0.000126812
0.000571196
8.04624e-05
0.000671197
1.73515e-05
0.000111466
0
3.22908e-05
0.000191655
6.27089e-05
8.92201e-05
0.000597587
6.64573e-05
0.000696586
1.67854e-05
8.86581e-05
0
3.28e-05
0.000176492
6.17305e-05
6.23287e-05
0.000623399
5.79385e-05
0.00072198
1.62117e-05
7.02856e-05
0
3.33274e-05
0.000162375
6.07667e-05
4.33251e-05
0.000649061
5.33162e-05
0.000747308
1.56295e-05
5.55741e-05
0
3.3866e-05
0.000149256
5.98173e-05
3.00102e-05
0.000674701
5.14829e-05
0.0007725
1.50381e-05
4.38499e-05
0
3.4414e-05
0.000137085
5.8882e-05
2.07366e-05
0.000700328
5.16793e-05
0.000797485
1.44367e-05
3.45416e-05
0
3.49709e-05
0.000125812
5.79607e-05
1.43045e-05
0.000725899
5.33925e-05
0.000822193
1.38243e-05
2.71734e-05
0
3.55366e-05
0.000115384
5.70532e-05
9.85597e-06
0.000751354
5.62822e-05
0.000846557
1.32003e-05
2.13548e-05
0
3.61112e-05
0.000105751
5.61592e-05
6.78539e-06
0.000776624
6.01276e-05
0.000870512
1.25635e-05
1.67683e-05
0
3.66949e-05
9.68582e-05
5.52787e-05
4.66884e-06
0.000801639
6.47911e-05
0.000893997
1.19131e-05
1.31584e-05
0
3.72877e-05
8.86463e-05
5.44115e-05
3.21128e-06
0.00082633
7.01924e-05
0.000916955
1.12479e-05
1.03204e-05
0
3.78898e-05
8.10342e-05
5.35572e-05
2.20821e-06
0.000850632
7.62913e-05
0.000939336
1.0567e-05
8.09133e-06
0
3.85014e-05
7.38754e-05
5.27159e-05
1.51827e-06
0.000874481
8.30754e-05
0.000961092
9.86925e-06
6.34201e-06
0
3.91226e-05
6.68238e-05
5.18873e-05
1.04408e-06
0.00089782
9.05523e-05
0.000982184
9.15337e-06
4.97217e-06
0
3.97535e-05
5.8933e-05
5.10714e-05
7.18864e-07
0.000920596
9.87433e-05
0.00100258
8.41816e-06
3.91923e-06
0
4.03942e-05
4.74473e-05
5.02685e-05
4.97825e-07
0.000942761
0.00010768
0.00102224
7.66231e-06
3.27804e-06
0
4.1045e-05
2.94703e-05
1.07339e-05
4.96398e-05
3.76436e-07
0
0
0.000120182
4.09522e-05
2.67184e-05
4.15674e-05
1.77403e-05
1.04253e-05
4.91798e-05
3.17093e-07
0
0
0.000136885
3.96655e-05
2.06819e-05
4.19592e-05
1.06624e-05
1.01304e-05
4.87238e-05
2.68305e-07
0
0
0.000155746
3.84181e-05
1.65153e-05
4.23542e-05
6.40616e-06
9.85053e-06
4.82719e-05
2.29019e-07
0
0
0.000176935
3.72088e-05
1.36639e-05
4.27527e-05
3.85276e-06
9.5881e-06
4.78241e-05
1.98791e-07
0
0
0.000200626
3.60365e-05
1.17363e-05
4.31547e-05
2.32396e-06
9.34657e-06
4.73802e-05
1.77975e-07
0
0
0.000226987
3.49002e-05
1.04573e-05
4.35604e-05
1.41077e-06
9.13103e-06
4.69403e-05
1.68089e-07
0
0
0.00025617
3.37989e-05
9.63375e-06
4.39697e-05
8.6735e-07
8.94887e-06
4.65044e-05
1.7244e-07
0
0
0.000288296
3.27314e-05
9.13055e-06
4.43826e-05
5.46224e-07
8.81082e-06
4.60724e-05
1.97202e-07
0
0
0.000323444
3.16969e-05
8.85322e-06
4.47994e-05
3.591e-07
8.73238e-06
4.56442e-05
2.53228e-07
0
0
0.000361638
3.06944e-05
8.73583e-06
4.52199e-05
0
0
0.000402831
2.97228e-05
0
0
0.000446898
2.87813e-05
0
0
0.000493619
2.78691e-05
0
0
0.000542679
2.69852e-05
0
0
0.000593666
2.61287e-05
0
0
0.000646075
2.5299e-05
0
0
0.000699324
2.44951e-05
0
0
0.000752776
2.37165e-05
0
0
0.000805763
2.29686e-05
0
0
0.000857618
2.24271e-05
0
0.000881884
0
0.000672625
0
0.000489028
0
0.000348769
0
0.000252828
0
0.000194204
0
0.000164404
0
0.000156396
0
0.000165336
0
0.000188327
0
0.000223913
0
0.000271538
0
0.000331061
0
0.000402301
0
0.000484614
0
0.000576517
0
0.000675452
0
0.000777765
0
0.000878989
0
0.000974442
0
0
0
0
0
0
0
0
0
0
0
0
0
0
0
0
0
0
0
0
END_LIST
