BEGIN_LIST
0.000289604
0.000289136
0.000288668
0.000288201
0.000287734
0.000287267
0.000286801
0.000286336
0.00028587
0.000285406
0.000284941
0.000284476
0.000284009
0.000283538
0.000283055
0.00028254
0.000281946
0.000281149
0.000279841
0.00027724
0.00127649
0.00127538
0.00126744
0.00127356
0.001257
0.00127167
0.00124499
0.00126973
0.00123122
0.00126773
0.0012155
0.00126566
0.00119763
0.00126353
0.00117745
0.00126134
0.00115476
0.00125908
0.00112944
0.00125675
0.00110137
0.00125435
0.00107051
0.00125187
0.00103688
0.00124932
0.00100062
0.0012467
0.000962054
0.00124399
0.000921779
0.00124121
0.000880969
0.00123834
0.000841924
0.00123538
0.000809243
0.00123213
0.000792035
0.00122024
0
0.000596544
0.000892907
0.000799524
0.00130357
0
0.000611574
0.000882051
0.000772759
0.00129916
0
0.000624317
0.000892446
0.000745706
0.00129404
0
0.000635667
0.000913985
0.000718456
0.00128811
0
0.000646164
0.000940691
0.0006911
0.00128126
0
0.000656139
0.000969283
0.000663728
0.00127336
0
0.000665794
0.000998015
0.000636433
0.00126427
0
0.000675249
0.00102597
0.000609305
0.00125385
0
0.00068458
0.00105267
0.000582428
0.00124192
0
0.000693831
0.00107787
0.000555884
0.00122831
0
0.000703027
0.00110145
0.000529746
0.00121285
0
0.000712185
0.00112337
0.000504077
0.00119533
0
0.000721312
0.00114364
0.000478923
0.00117553
0
0.000730411
0.0011623
0.000454298
0.00115316
0
0.000739483
0.0011794
0.000430162
0.0011278
0
0.000748528
0.00119501
0.000406366
0.00109866
0
0.000757543
0.00120921
0.000382537
0.00106412
0
0.000766527
0.00122209
0.000357844
0.00102051
0
0.000775477
0.00123374
0.000330483
0.00095891
0
0.000784391
0.00124425
0.000296559
0.000855418
0.001093
0.00040828
0.00119853
0.00110016
0.000891348
0.00125222
9.76543e-05
0.000921033
0
0.000254335
0.00107217
0.0004036
0.00112335
0.00117173
0.000739662
0.00125812
9.52577e-05
0.000840423
0
0.000228399
0.00105004
0.00039895
0.00102187
0.00120085
0.000606717
0.00126361
9.28391e-05
0.000754919
0
0.00022294
0.00102661
0.000394332
0.000896749
0.00121659
0.000500829
0.0012687
9.03959e-05
0.000667324
0
0.000223534
0.00100189
0.000389746
0.000756538
0.00122722
0.00042296
0.00127343
8.79254e-05
0.000580623
0
0.000225907
0.000975915
0.000385191
0.000613516
0.00123561
0.000369985
0.0012778
8.54249e-05
0.000497596
0
0.000228818
0.000948746
0.000380668
0.000479683
0.00124284
0.000337311
0.00128186
8.28914e-05
0.000420498
0
0.000231907
0.000920448
0.000376178
0.000363421
0.00124934
0.000320385
0.00128562
8.03217e-05
0.000350873
0
0.000235074
0.000891106
0.00037172
0.000268378
0.0012553
0.000315346
0.0012891
7.77127e-05
0.00028953
0
0.000238286
0.000860821
0.000367295
0.000194286
0.00126082
0.000319181
0.00129232
7.50609e-05
0.000236626
0
0.000241536
0.000829712
0.000362903
0.000138564
0.00126595
0.000329645
0.00129529
7.23626e-05
0.000191821
0
0.000244823
0.000797906
0.000358545
9.77495e-05
0.00127071
0.000345117
0.00129804
6.96141e-05
0.000154448
0
0.000248144
0.000765536
0.00035422
6.84179e-05
0.00127514
0.000364441
0.00130058
6.68114e-05
0.000123663
0
0.0002515
0.000732724
0.000349929
4.76222e-05
0.00127925
0.0003868
0.00130293
6.39502e-05
9.85642e-05
0
0.000254891
0.000699539
0.000345672
3.30184e-05
0.00128307
0.000411609
0.00130509
6.1026e-05
7.82702e-05
0
0.000258317
0.000665872
0.000341449
2.2831e-05
0.00128662
0.000438441
0.00130709
5.80343e-05
6.19711e-05
0
0.000261778
0.000631076
0.00033726
1.57581e-05
0.00128991
0.000466974
0.00130894
5.497e-05
4.89526e-05
0
0.000265274
0.00059289
0.000333105
1.08653e-05
0.00129296
0.00049695
0.00131064
5.18279e-05
3.86157e-05
0
0.000268805
0.000544082
0.000328987
7.49501e-06
0.00129579
0.000528154
0.0013122
4.86024e-05
3.05853e-05
0
0.000272372
0.000461263
0.000324905
5.19799e-06
0.00129842
0.000560388
0.00131365
4.52877e-05
2.56613e-05
0
0.000275974
0.000309256
0.00012092
0.000321692
3.93502e-06
0
0
0.000602459
0.000230483
0.000159508
0.000278851
0.00019621
0.000117643
0.000319329
3.31809e-06
0
0
0.00065406
0.000224257
0.000135334
0.000280999
0.000121796
0.000114468
0.000316978
2.81211e-06
0
0
0.000706531
0.000218166
0.000118797
0.000283159
7.46191e-05
0.000111402
0.000314639
2.40711e-06
0
0
0.00075915
0.000212209
0.000107785
0.000285329
4.53964e-05
0.000108453
0.000312312
2.0999e-06
0
0
0.000811211
0.000206386
0.000100736
0.000287511
2.7557e-05
0.000105638
0.000309996
1.89658e-06
0
0
0.000862044
0.000200694
9.65138e-05
0.000289705
1.6773e-05
0.000102977
0.000307694
1.81684e-06
0
0
0.000911035
0.000195133
9.43062e-05
0.000291912
1.03056e-05
0.000100503
0.000305403
1.90159e-06
0
0
0.000957645
0.000189701
9.35348e-05
0.00029413
6.4612e-06
9.82641e-05
0.000303124
2.22582e-06
0
0
0.00100143
0.000184396
9.37914e-05
0.00029636
4.20734e-06
9.63267e-05
0.000300857
2.92023e-06
0
0
0.00104207
0.000179216
9.4789e-05
0.000298603
0
0
0.00107933
0.000174161
0
0
0.00111313
0.000169227
0
0
0.00114345
0.000164414
0
0
0.0011704
0.00015972
0
0
0.00119412
0.000155142
0
0
0.00121484
0.000150679
0
0
0.00123279
0.000146329
0
0
0.00124825
0.00014209
0
0
0.00126148
0.000137996
0
0
0.00127273
0.00013502
0
0.00128626
0
0.00120936
0
0.00108714
0
0.000943827
0
0.000814019
0
0.000722866
0
0.000679365
0
0.000680426
0
0.000717155
0
0.00077903
0
0.000855853
0
0.000938536
0
0.00101954
0
0.00109324
0
0.00115614
0
0.00120684
0
0.00124562
0
0.00127393
0
0.00129376
0
0.00130714
0
0
0
0
0
0
0
0
0
0
0
0
0
0
0
0
0
0
0
0
END_LIST
