BEGIN_LIST
0.1
0.0999625
0.0999232
0.0998818
0.0998383
0.0997926
0.0997446
0.0996942
0.0996412
0.0995856
0.0995272
0.0994658
0.0994012
0.0993332
0.0992613
0.0991844
0.0991002
0.0990032
0.0988802
0.0986984
0.0983778
0.0970408
0.0983775
0.0954432
0.0983773
0.0935517
0.0983769
0.0913348
0.0983766
0.088766
0.0983761
0.0858267
0.0983756
0.0825094
0.098375
0.0788207
0.0983743
0.0747836
0.0983734
0.0704387
0.0983724
0.0658436
0.0983712
0.061072
0.0983697
0.0562106
0.0983681
0.0513589
0.0983661
0.0466304
0.0983637
0.0421655
0.0983609
0.0381622
0.0983576
0.0349506
0.0983508
0.0331547
0.0982205
0.0340382
0.0928042
0.0323351
0.0336879
0.0390758
0.0877694
0.0916965
0.0306479
0.0339231
0.0434312
0.0827754
0.0903811
0.0289843
0.0345244
0.0474854
0.0778508
0.0888309
0.0273512
0.0353566
0.0514033
0.0730225
0.0870196
0.0257552
0.0363362
0.0552437
0.0683149
0.0849236
0.0242021
0.0374112
0.0590136
0.0637496
0.0825235
0.0226972
0.0385489
0.0626957
0.059345
0.0798069
0.0212447
0.0397285
0.066263
0.0551164
0.0767704
0.0198482
0.0409366
0.069686
0.0510755
0.073421
0.0185106
0.0421639
0.0729375
0.047231
0.0697773
0.0172339
0.0434042
0.0759943
0.0435879
0.065869
0.0160195
0.0446528
0.0788395
0.0401482
0.0617334
0.0148678
0.045906
0.0814617
0.0369098
0.05741
0.0137791
0.0471607
0.0838563
0.0338662
0.0529282
0.0127527
0.0484143
0.0860236
0.0310034
0.048286
0.0117877
0.0496644
0.0879694
0.028295
0.0434085
0.0108827
0.0509087
0.0897029
0.0256903
0.0380667
0.0100359
0.0521451
0.0912365
0.0230893
0.0317096
0.00924829
0.0533716
0.0925845
0.0202893
0.0231043
0.00809694
0.0545863
0.0937626
0.0168723
0.00952001
0.00707506
0.00750887
0.0450877
0.0723819
0.0392928
0.0944643
0.016361
0.0135266
0.00879888
0.00266181
0.00616331
0.0069585
0.0355176
0.0809779
0.028739
0.0951018
0.0158456
0.0106036
0.00812141
0.000816485
0.00535455
0.00644414
0.0267722
0.0853892
0.0216044
0.0956797
0.0153255
0.00815725
0.00748665
0.000328366
0.00464084
0.00596407
0.0194345
0.0878764
0.0169021
0.0962026
0.0148
0.0061804
0.00689336
0.000206673
0.00401385
0.00551654
0.0136917
0.0894533
0.0139151
0.0966749
0.0142685
0.00462678
0.00634011
0.000184433
0.00346522
0.00509982
0.00943119
0.0905747
0.0121351
0.0971009
0.0137303
0.00343184
0.0058253
0.000189872
0.00298682
0.0047122
0.00639188
0.091447
0.0112081
0.0974846
0.0131846
0.00252776
0.00534723
0.000203767
0.0025709
0.00435201
0.00428319
0.0921658
0.0108916
0.0978296
0.0126308
0.00185212
0.00490407
0.000221035
0.00221025
0.00401759
0.00284799
0.0927778
0.011021
0.0981395
0.0120681
0.00135181
0.00449398
0.000240405
0.00189821
0.00370737
0.00188381
0.0933075
0.0114865
0.0984176
0.0114955
0.000983834
0.0041151
0.00026164
0.00162877
0.00341983
0.00124171
0.0937696
0.0122155
0.0986669
0.0109124
0.00071453
0.00376555
0.000284789
0.00139648
0.0031535
0.000816581
0.094174
0.0131609
0.0988901
0.0103177
0.000518151
0.00344349
0.000309989
0.00119652
0.00290698
0.000536184
0.0945281
0.0142927
0.0990897
0.00971051
0.000375327
0.00314714
0.000337412
0.00102455
0.00267894
0.000351716
0.0948383
0.0155926
0.0992682
0.00908986
0.000271653
0.00287473
0.000367248
0.000876705
0.00246811
0.000230561
0.0951097
0.0170498
0.0994276
0.00845469
0.000196501
0.00262461
0.000399707
0.000749377
0.0022733
0.000151077
0.095347
0.0186584
0.0995698
0.0078039
0.00014208
0.00239516
0.000435018
0.000638716
0.0020934
9.89761e-05
0.0955544
0.0204154
0.0996967
0.00713635
0.000102708
0.00218486
0.000473426
0.000539174
0.00192738
6.48617e-05
0.0957353
0.0223192
0.0998097
0.00645082
7.43039e-05
0.00199231
0.000515199
0.000438944
0.00177442
4.26008e-05
0.0958932
0.0243687
0.0999104
0.00574604
5.44461e-05
0.00181798
0.000560628
0.000305602
0.00163422
2.83024e-05
0.0960307
0.0265625
0.1
0.00502068
4.64699e-05
0.00173564
0.000610027
0.000179141
0.000292789
0.00155636
2.31921e-05
0.0959604
0.0961262
0.0301548
0.00438304
0.00348914
0.000641345
0.000105209
0.00028117
0.00148213
1.90097e-05
0.0958873
0.0962849
0.0340712
0.00381216
0.00243916
0.000674061
6.20418e-05
0.000270966
0.00141136
1.55905e-05
0.0958112
0.096477
0.038282
0.00330468
0.00172042
0.000708333
3.6898e-05
0.000262513
0.00134391
1.28017e-05
0.0957319
0.0966861
0.0427471
0.00285639
0.00122938
0.000744282
2.23233e-05
0.000256318
0.00127962
1.05383e-05
0.0956495
0.0969033
0.0474142
0.00246259
0.000894826
0.000782012
1.39611e-05
0.000253131
0.00121834
8.7202e-06
0.0955637
0.0971235
0.0522198
0.00211832
0.00066779
0.000821619
9.26905e-06
0.00025406
0.00115995
7.29276e-06
0.0954744
0.0973441
0.0570915
0.00181863
0.000514663
0.000863201
6.76797e-06
0.000260733
0.00110432
6.22924e-06
0.0953816
0.0975635
0.061951
0.00155869
0.00041237
0.000906858
5.60214e-06
0.000275534
0.00105131
5.53898e-06
0.0952849
0.0977811
0.0667192
0.00133396
0.000345085
0.000952689
5.28293e-06
0.000301953
0.0010008
0.0951844
0.0979963
0.0713206
0.00114019
0.0950796
0.098209
0.075688
0.000973507
0.0949703
0.0984189
0.0797661
0.000830419
0.0948554
0.0986262
0.0835139
0.000707797
0.0947324
0.0988306
0.0869061
0.00060287
0.0945946
0.0990323
0.0899321
0.000513199
0.0944227
0.0992313
0.0925947
0.000436648
0.0941621
0.0994275
0.094908
0.000371358
0.0936566
0.099621
0.0968943
0.000315734
0.0924594
0.0998118
0.0985813
0.000268935
0.0892932
0.1
0.1
0.000247714
0.0892924
0.0661466
0.0892915
0.0491622
0.0892905
0.0373968
0.0892895
0.029879
0.0892884
0.0257006
0.0892871
0.0241117
0.0892858
0.0245544
0.0892843
0.0266411
0.0892827
0.0301059
0.0892809
0.0347515
0.089279
0.0404027
0.0892769
0.0468715
0.0892746
0.0539393
0.0892721
0.0613556
0.0892694
0.068852
0.0892664
0.0761685
0.0892632
0.0830796
0.0892597
0.0894151
0.0892558
0.0950696
0.0892516
0.1
0.089245
0.0892377
0.0892294
0.08922
0.0892094
0.0891973
0.0891838
0.0891684
0.089151
0.0891314
0.0891091
0.089084
0.0890555
0.0890234
0.088987
0.0889458
0.0888991
0.0888475
0.0887825
0.088744
END_LIST
