BEGIN_LIST
0
9.90751e-101
3.43157e-100
9.389e-100
2.38729e-99
5.90287e-99
1.44298e-98
3.51055e-98
8.5234e-98
2.06763e-97
5.01391e-97
1.21568e-96
2.94736e-96
7.14567e-96
1.73241e-95
4.20018e-95
1.01832e-94
2.46895e-94
5.98616e-94
1.45141e-93
3.51931e-93
1.56031e-92
3.62391e-93
3.69393e-92
3.73161e-93
7.32562e-92
3.84252e-93
1.33649e-91
3.95672e-93
2.326e-91
4.07432e-93
3.93291e-91
4.19541e-93
6.53132e-91
4.3201e-93
1.07308e-90
4.4485e-93
1.75365e-90
4.58071e-93
2.86281e-90
4.71689e-93
4.68527e-90
4.85878e-93
7.71086e-90
5.07585e-93
1.27953e-89
8.32434e-93
2.14555e-89
1.40608e-91
3.642e-89
5.77345e-90
6.2661e-89
2.45882e-88
1.09345e-88
1.04815e-86
1.93513e-88
4.46776e-85
3.46946e-88
1.90447e-83
6.28454e-88
8.11841e-82
6.4383e-88
8.36829e-88
3.62648e-88
1.90459e-81
8.60745e-82
6.58063e-88
9.61774e-88
2.10711e-88
3.6492e-81
9.11417e-82
6.71029e-88
1.03258e-87
1.23233e-88
6.32569e-81
9.6358e-82
6.82618e-88
1.06821e-87
7.25186e-89
1.03104e-80
1.01685e-81
6.92733e-88
1.08094e-87
4.29213e-89
1.61046e-80
1.07071e-81
7.01294e-88
1.07873e-87
2.55396e-89
2.4372e-80
1.12451e-81
7.08238e-88
1.06676e-87
1.52714e-89
3.59882e-80
1.17744e-81
7.13523e-88
1.04841e-87
9.17205e-90
5.21059e-80
1.2285e-81
7.17124e-88
1.02589e-87
5.53077e-90
7.42441e-80
1.2765e-81
7.1904e-88
1.00065e-87
3.34694e-90
1.04409e-79
1.32004e-81
7.19287e-88
9.73672e-88
2.03175e-90
1.45261e-79
1.35749e-81
7.17899e-88
9.45604e-88
1.23676e-90
2.00355e-79
1.38688e-81
7.14929e-88
9.16892e-88
7.54632e-91
2.74473e-79
1.40574e-81
7.10445e-88
8.87848e-88
4.61398e-91
3.74117e-79
1.41071e-81
7.04525e-88
8.58692e-88
2.826e-91
5.08221e-79
1.39674e-81
6.97262e-88
8.29587e-88
1.7334e-91
6.89218e-79
1.35551e-81
6.88756e-88
8.00657e-88
1.06447e-91
9.34646e-79
1.27239e-81
6.79112e-88
7.71996e-88
6.54282e-92
1.26963e-78
1.12054e-81
6.68551e-88
7.43682e-88
4.02408e-92
1.73085e-78
8.49397e-82
6.32425e-88
7.15779e-88
2.47576e-92
2.37313e-78
3.60725e-82
5.83214e-88
6.13848e-88
7.39281e-88
3.34955e-88
1.07108e-87
1.79889e-92
2.51475e-78
2.10891e-78
3.4439e-82
1.00155e-82
5.36928e-88
5.95063e-88
7.1801e-88
1.57239e-88
1.31802e-87
1.30661e-92
2.6447e-78
1.82056e-78
3.28114e-82
2.76634e-83
4.97619e-88
5.76162e-88
6.56054e-88
7.39186e-89
1.486e-87
9.48501e-93
2.76168e-78
1.53143e-78
3.11988e-82
7.62954e-84
4.76174e-88
5.5723e-88
5.6673e-88
3.47796e-89
1.59848e-87
6.87979e-93
2.86445e-78
1.26003e-78
2.96091e-82
2.10346e-84
5.04547e-88
5.38344e-88
4.66691e-88
1.63747e-89
1.67301e-87
4.98447e-93
2.9518e-78
1.01804e-78
2.80496e-82
5.79929e-85
6.79207e-88
5.19575e-88
3.69924e-88
7.71322e-90
1.72197e-87
3.60571e-93
3.02258e-78
8.10686e-79
2.65266e-82
1.59938e-85
1.29416e-87
5.00987e-88
2.8492e-88
3.63479e-90
1.75371e-87
2.60299e-93
3.07572e-78
6.38328e-79
2.50454e-82
4.41605e-86
3.24923e-87
4.82635e-88
2.15009e-88
1.7134e-90
1.77367e-87
1.874e-93
3.11022e-78
4.98309e-79
2.36107e-82
1.22461e-86
9.3059e-87
4.64569e-88
1.60164e-88
8.0785e-91
1.78525e-87
1.34432e-93
3.12516e-78
3.86495e-79
2.22261e-82
3.45099e-87
2.79574e-86
4.46831e-88
1.18917e-88
3.80913e-91
1.79043e-87
9.59761e-94
3.11975e-78
2.9833e-79
2.08943e-82
1.02974e-87
8.5373e-86
4.29459e-88
9.00852e-89
1.79569e-91
1.79033e-87
6.80863e-94
3.09327e-78
2.2946e-79
1.96174e-82
3.65984e-88
2.62315e-85
4.12482e-88
7.50709e-89
8.45962e-92
1.78547e-87
4.78881e-94
3.04513e-78
1.76029e-79
1.83967e-82
1.86985e-88
8.08377e-85
3.95926e-88
8.31807e-89
3.97927e-92
1.77602e-87
3.3288e-94
2.97487e-78
1.34782e-79
1.7233e-82
1.41842e-88
2.49585e-84
3.79811e-88
1.47059e-88
1.86578e-92
1.76191e-87
2.27608e-94
2.88214e-78
1.03057e-79
1.61263e-82
1.3381e-88
7.71683e-84
3.64153e-88
3.69332e-88
8.69118e-93
1.74301e-87
1.5195e-94
2.76677e-78
7.87203e-80
1.50763e-82
1.3622e-88
2.38874e-83
3.48964e-88
1.06433e-87
3.99522e-93
1.71911e-87
9.78105e-95
2.62868e-78
6.0087e-80
1.40823e-82
1.41726e-88
7.40165e-83
3.34252e-88
3.18878e-87
1.78662e-93
1.68999e-87
5.92903e-95
2.46797e-78
4.5844e-80
1.31431e-82
1.48311e-88
2.29543e-82
3.20023e-88
9.65051e-87
7.51732e-94
1.65551e-87
3.20926e-95
2.2849e-78
3.49998e-80
1.22576e-82
1.55429e-88
7.12428e-82
3.0629e-88
2.92856e-86
2.70446e-94
1.61555e-87
1.30883e-95
2.07987e-78
2.70356e-80
1.14338e-82
1.62935e-88
2.21288e-81
2.93084e-88
8.89453e-86
5.00071e-95
1.57008e-87
0
1.85345e-78
2.37483e-80
1.10395e-82
1.70802e-88
1.33569e-81
3.27201e-81
2.85522e-88
1.48442e-85
5.18438e-95
2.90621e-95
1.48997e-87
1.67529e-78
1.34e-78
1.75614e-88
8.05993e-82
4.73986e-81
2.78123e-88
2.46912e-85
5.37488e-95
1.689e-95
1.39797e-87
1.50665e-78
9.68265e-79
1.80537e-88
4.86281e-82
6.77386e-81
2.70886e-88
4.10018e-85
5.57271e-95
9.8159e-96
1.29544e-87
1.3488e-78
6.99368e-79
1.85581e-88
2.93361e-82
9.59206e-81
2.6381e-88
6.80292e-85
5.77891e-95
5.7045e-96
1.18428e-87
1.20254e-78
5.04984e-79
1.90751e-88
1.76968e-82
1.34965e-80
2.56893e-88
1.12825e-84
5.99589e-95
3.31498e-96
1.06693e-87
1.0682e-78
3.64525e-79
1.96053e-88
1.06751e-82
1.89055e-80
2.50133e-88
1.87079e-84
6.22991e-95
1.92617e-96
9.4621e-88
9.45796e-79
2.63062e-79
2.01489e-88
6.43936e-83
2.63987e-80
2.4353e-88
3.10169e-84
6.49788e-95
1.11895e-96
8.25131e-88
8.35016e-79
1.89783e-79
2.07063e-88
3.88427e-83
3.67785e-80
2.3708e-88
5.14225e-84
6.84607e-95
6.49782e-97
7.06703e-88
7.3536e-79
1.36867e-79
2.12776e-88
2.34301e-83
5.11568e-80
2.30782e-88
8.52505e-84
7.4021e-95
3.77093e-97
5.93713e-88
6.46178e-79
9.86591e-80
2.18632e-88
1.4133e-83
7.10731e-80
2.24633e-88
8.51877e-95
2.18609e-97
4.88545e-88
5.66729e-79
1.11721e-94
1.26508e-97
3.93042e-88
4.96227e-79
1.80633e-94
7.29935e-98
3.08431e-88
4.33877e-79
3.66697e-94
4.19086e-98
2.35316e-88
3.78894e-79
8.76898e-94
2.38615e-98
1.73721e-88
3.3053e-79
2.28423e-93
1.33925e-98
1.23178e-88
2.88078e-79
6.17502e-93
7.32821e-99
8.28419e-89
2.50883e-79
1.6941e-92
3.82353e-99
5.16113e-89
2.18346e-79
4.67411e-92
1.8061e-99
2.82435e-89
1.89931e-79
1.29241e-91
6.52397e-100
1.14546e-89
1.65457e-79
3.57667e-91
0
0
1.54222e-79
3.64716e-91
2.04368e-90
3.71905e-91
3.27477e-90
3.79235e-91
4.11478e-90
3.8671e-91
4.65901e-90
3.94332e-91
5.00147e-90
4.02104e-91
5.21301e-90
4.1003e-91
5.33494e-90
4.18111e-91
5.38278e-90
4.26352e-91
5.35398e-90
4.34755e-91
5.23628e-90
4.43324e-91
5.01547e-90
4.52061e-91
4.68199e-90
4.60971e-91
4.23581e-90
4.70056e-91
3.68896e-90
4.7932e-91
3.06528e-90
4.88766e-91
2.39758e-90
4.98398e-91
1.72312e-90
5.0822e-91
1.07868e-90
5.18238e-91
4.9623e-91
5.284e-91
0
5.42894e-91
5.57785e-91
5.73083e-91
5.888e-91
6.04948e-91
6.21537e-91
6.3858e-91
6.56089e-91
6.74077e-91
6.92556e-91
7.11539e-91
7.3104e-91
7.51073e-91
7.71651e-91
7.92794e-91
8.14486e-91
8.36886e-91
8.59343e-91
8.84947e-91
8.9952e-91
END_LIST
