BEGIN_LIST
0.1
0.0965464
0.0931765
0.089891
0.0866902
0.0835743
0.0805433
0.0775968
0.0747345
0.0719558
0.0692598
0.0666456
0.0641119
0.0616569
0.0592773
0.0569668
0.054711
0.0524743
0.0501663
0.0475544
0.0440335
0.0374195
0.0393876
0.0317497
0.0350966
0.0269034
0.0311642
0.0227712
0.0275858
0.0192554
0.0243496
0.0162693
0.0214391
0.0137369
0.0188345
0.0115919
0.0165137
0.00977719
0.0144535
0.00824317
0.012631
0.00694748
0.0110234
0.00585387
0.00960906
0.00493151
0.0083675
0.00415435
0.00727978
0.00350076
0.00632845
0.00295352
0.00549766
0.00250072
0.00477308
0.00213848
0.00414172
0.00187793
0.00358638
0.00176205
0.00282147
0.00160427
0.00189921
0.00169154
0.00254326
0.00239881
0.00146057
0.00202773
0.00178145
0.00229245
0.0020392
0.00132969
0.00215358
0.00196641
0.00206634
0.00173332
0.0012105
0.00228047
0.00221767
0.00186252
0.00147318
0.00110197
0.00241079
0.0025244
0.00167878
0.00125198
0.00100313
0.00254611
0.00288479
0.00151315
0.00106393
0.000913142
0.00268754
0.00330185
0.00136384
0.000904069
0.000831205
0.00283593
0.00378145
0.00122926
0.000768191
0.000756606
0.00299194
0.00433144
0.00110795
0.000652705
0.000688689
0.00315618
0.00496127
0.000998589
0.000554555
0.000626858
0.00332919
0.005682
0.000899999
0.000471136
0.000570569
0.00351152
0.00650629
0.000811095
0.000400221
0.000519328
0.0037037
0.00744852
0.000730876
0.000339895
0.000472683
0.00390628
0.00852502
0.000658386
0.000288477
0.000430222
0.00411984
0.00975421
0.00059265
0.000244421
0.000391572
0.00434498
0.0111568
0.000532541
0.000206139
0.00035639
0.00458231
0.0127562
0.000476512
0.000171654
0.000324365
0.00483249
0.0145784
0.000422029
0.000137845
0.00029537
0.0050962
0.0166524
0.000364345
9.87363e-05
0.000253523
0.00537417
0.0190104
0.000293891
4.16026e-05
0.000216396
0.00023284
0.00353005
0.00793622
0.00378033
0.0207831
0.000284895
0.000212295
3.77864e-05
1.37223e-05
0.000184702
0.000213842
0.0023161
0.00964301
0.00273953
0.0227062
0.000275835
0.000153344
3.43202e-05
6.45287e-06
0.000157647
0.000196394
0.00151848
0.0111029
0.00207054
0.0247941
0.000266699
0.000110758
3.1172e-05
4.74434e-06
0.000134553
0.000180369
0.000995065
0.0125611
0.00165259
0.0270606
0.000257477
7.99959e-05
2.83125e-05
4.5526e-06
0.00011484
0.00016565
0.00065186
0.0141228
0.00140544
0.0295201
0.000248156
5.77765e-05
2.57153e-05
4.7924e-06
9.80145e-05
0.000152132
0.000426939
0.0158403
0.0012759
0.0321874
0.000238725
4.1728e-05
2.33563e-05
5.17411e-06
8.3653e-05
0.000139717
0.000279587
0.0177459
0.00122891
0.0350775
0.00022917
3.01369e-05
2.12137e-05
5.62217e-06
7.13953e-05
0.000128315
0.000183075
0.0198655
0.00124156
0.038206
0.000219478
2.17654e-05
1.92676e-05
6.11878e-06
6.09332e-05
0.000117842
0.000119872
0.0222232
0.00129912
0.0415889
0.000209635
1.57192e-05
1.75e-05
6.66188e-06
5.20039e-05
0.000108225
7.84852e-05
0.0248437
0.00139233
0.0452422
0.000199627
1.13525e-05
1.58946e-05
7.25389e-06
4.43828e-05
9.93915e-05
5.13863e-05
0.0277526
0.00151569
0.0491824
0.000189438
8.19887e-06
1.44365e-05
7.89869e-06
3.78783e-05
9.12792e-05
3.36434e-05
0.0309766
0.00166627
0.0534256
0.000179052
5.92125e-06
1.31121e-05
8.60087e-06
3.23265e-05
8.38288e-05
2.20266e-05
0.0345436
0.00184293
0.0579879
0.000168451
4.27635e-06
1.19092e-05
9.36547e-06
2.7587e-05
7.69864e-05
1.44209e-05
0.0384826
0.00204582
0.0628847
0.00015762
3.08839e-06
1.08167e-05
1.01981e-05
2.35382e-05
7.07024e-05
9.44145e-06
0.0428226
0.00227608
0.0681305
0.000146538
2.23044e-06
9.82434e-06
1.11046e-05
2.00702e-05
6.49314e-05
6.18146e-06
0.047593
0.00253559
0.073739
0.000135186
1.61083e-06
8.92305e-06
1.20918e-05
1.7071e-05
5.96319e-05
4.04748e-06
0.0528224
0.00282688
0.0797216
0.000123545
1.16344e-06
8.10445e-06
1.31668e-05
1.43854e-05
5.47667e-05
2.65145e-06
0.0585378
0.00315303
0.0860884
0.000111592
8.41145e-07
7.3611e-06
1.43373e-05
1.16927e-05
5.03057e-05
1.74101e-06
0.0647636
0.00351767
0.0928465
9.93054e-05
6.16038e-07
6.69273e-06
1.56118e-05
8.11936e-06
4.62349e-05
1.15641e-06
0.0715209
0.00392498
0.1
8.66611e-05
5.25659e-07
6.37809e-06
1.69997e-05
4.76281e-06
7.76577e-06
4.39812e-05
9.47463e-07
0.0692458
0.0736216
0.00463231
7.35273e-05
6.05595e-05
1.78807e-05
2.80248e-06
7.43875e-06
4.18373e-05
7.76415e-07
0.0670292
0.0753102
0.00547086
6.23835e-05
4.27166e-05
1.88018e-05
1.65951e-06
7.14174e-06
3.97979e-05
6.36486e-07
0.0648707
0.0767809
0.00646252
5.29282e-05
3.05394e-05
1.97677e-05
9.9544e-07
6.88019e-06
3.78579e-05
5.22188e-07
0.0627696
0.0781401
0.00763366
4.49057e-05
2.22499e-05
2.07819e-05
6.12483e-07
6.66239e-06
3.60125e-05
4.29119e-07
0.0607251
0.079446
0.0090155
3.8099e-05
1.66294e-05
2.18475e-05
3.95155e-07
6.50084e-06
3.4257e-05
3.5384e-07
0.0587364
0.0807306
0.0106448
3.23239e-05
1.2842e-05
2.29674e-05
2.76182e-07
6.41407e-06
3.25871e-05
2.93815e-07
0.0568029
0.0820113
0.0125643
2.74241e-05
1.03148e-05
2.41445e-05
2.16537e-07
6.42949e-06
3.09986e-05
2.47452e-07
0.0549235
0.0832978
0.0148241
2.3267e-05
8.6551e-06
2.53819e-05
1.93787e-07
6.58735e-06
2.94875e-05
2.14272e-07
0.0530976
0.0845956
0.0174819
1.97399e-05
7.59386e-06
2.66826e-05
1.95299e-07
6.94669e-06
2.805e-05
0.051324
0.0859076
0.0206047
1.67475e-05
0.0496018
0.0872356
0.0242692
1.42087e-05
0.04793
0.0885806
0.0285629
1.20547e-05
0.0463073
0.0899432
0.0335855
1.02273e-05
0.0447314
0.0913238
0.0394485
8.67685e-06
0.0431984
0.0927227
0.0462766
7.36145e-06
0.0416978
0.0941403
0.0542062
6.24546e-06
0.0402011
0.0955766
0.0633853
5.29865e-06
0.0386253
0.0970319
0.0739701
4.49563e-06
0.0367262
0.0985063
0.0861218
3.82239e-06
0.0337807
0.1
0.1
3.51762e-06
0.0316602
0.0214142
0.0296408
0.0138511
0.0277219
0.00932883
0.0259023
0.00674722
0.0241803
0.00543234
0.0225535
0.004983
0.0210193
0.00517358
0.0195749
0.00589417
0.0182169
0.00711485
0.016942
0.00886563
0.0157466
0.0112266
0.0146272
0.0143251
0.0135802
0.0183373
0.0126018
0.0234936
0.0116885
0.0300859
0.0108366
0.038476
0.0100429
0.0491033
0.00930377
0.062489
0.00861658
0.0792334
0.00796643
0.1
0.00715559
0.00642398
0.00576451
0.00517059
0.00463613
0.00415553
0.00372362
0.00333571
0.00298748
0.00267503
0.00239479
0.00214353
0.00191834
0.00171657
0.00153581
0.00137399
0.0012288
0.00110047
0.000976842
0.000912752
END_LIST
