BEGIN_LIST
0.1
0.0996326
0.0992493
0.0988496
0.098433
0.0979989
0.0975469
0.0970765
0.0965871
0.0960783
0.0955494
0.0950001
0.0944296
0.0938369
0.0932205
0.092577
0.0918985
0.0911664
0.0903357
0.0892964
0.0877805
0.0823845
0.0876642
0.0767156
0.087527
0.0708658
0.087365
0.0649361
0.0871741
0.05903
0.0869494
0.0532466
0.0866851
0.0476742
0.0863748
0.0423867
0.0860109
0.0374404
0.085585
0.0328734
0.0850875
0.0287066
0.0845076
0.0249463
0.0838334
0.0215864
0.083052
0.018613
0.0821493
0.016009
0.0811105
0.0137608
0.0799205
0.0118713
0.0785639
0.0103847
0.0770174
0.00944187
0.0750009
0.00940457
0.064883
0.00864788
0.0100009
0.00961403
0.059254
0.0587621
0.00794537
0.0105782
0.0103835
0.0540509
0.0528695
0.00729423
0.0111537
0.0115088
0.0492523
0.0472733
0.00669161
0.011738
0.0128962
0.0448359
0.0420254
0.00613467
0.012338
0.0145063
0.0407789
0.0371609
0.00562063
0.0129582
0.0163257
0.0370586
0.0326996
0.00514673
0.0136016
0.0183535
0.0336524
0.028647
0.00471032
0.0142703
0.0205936
0.0305383
0.0249974
0.00430885
0.0149659
0.0230507
0.0276949
0.0217357
0.00393985
0.0156897
0.0257283
0.0251017
0.0188403
0.003601
0.0164428
0.0286269
0.022739
0.016285
0.00329006
0.017226
0.0317428
0.0205878
0.0140409
0.00300494
0.0180401
0.0350672
0.0186297
0.0120773
0.00274368
0.0188859
0.0385857
0.016846
0.0103619
0.00250441
0.019764
0.0422775
0.0152166
0.00885943
0.00228541
0.0206749
0.046116
0.0137164
0.00752662
0.00208506
0.0216192
0.0500686
0.0123092
0.0063008
0.00190185
0.0225972
0.0540976
0.0109334
0.00507232
0.00173524
0.0236094
0.0581616
0.00947146
0.00362148
0.0014942
0.0246559
0.0622167
0.00768513
0.001473
0.00128025
0.00137445
0.0173442
0.0353992
0.0171635
0.0649166
0.00744933
0.00566686
0.00134011
0.000411393
0.00109631
0.00126412
0.0119336
0.0417174
0.0121566
0.0675746
0.00721173
0.00415557
0.00121902
0.000127214
0.000938337
0.00116252
0.0080813
0.0462043
0.00885209
0.0701796
0.00697205
0.00303484
0.00110873
5.22797e-05
0.000802791
0.00106896
0.00541218
0.0499285
0.00670901
0.0727205
0.00672999
0.00220967
0.00100829
3.37398e-05
0.000686578
0.000982826
0.00359727
0.0533257
0.00535841
0.0751873
0.00648523
0.00160531
0.000916838
3.05047e-05
0.000587008
0.000903551
0.00237879
0.0565657
0.00455081
0.0775708
0.00623747
0.00116436
0.000833597
3.15396e-05
0.000501745
0.000830599
0.00156769
0.0597065
0.00411878
0.0798627
0.00598636
0.000843544
0.000757842
3.38918e-05
0.00042877
0.000763476
0.00103082
0.0627594
0.00395082
0.0820563
0.00573155
0.000610599
0.000688912
3.67822e-05
0.000366338
0.000701726
0.000676802
0.0657169
0.00397335
0.0841461
0.00547268
0.000441709
0.000626203
4.00179e-05
0.000312945
0.000644927
0.000443929
0.0685652
0.00413843
0.086128
0.00520935
0.00031939
0.000569161
4.35648e-05
0.000267296
0.000592689
0.000290995
0.0712895
0.00441547
0.0879995
0.00494116
0.000230869
0.000517282
4.7433e-05
0.000228277
0.000544651
0.000190666
0.0738765
0.00478568
0.089759
0.0046677
0.000166843
0.000470104
5.16464e-05
0.000194932
0.000500481
0.000124894
0.0763154
0.00523827
0.0914065
0.00438851
0.000120552
0.000427206
5.62343e-05
0.000166435
0.00045987
8.17958e-05
0.0785988
0.00576797
0.0929431
0.00410314
8.70945e-05
0.000388203
6.12295e-05
0.00014207
0.000422536
5.35638e-05
0.0807222
0.00637336
0.0943708
0.00381108
6.29169e-05
0.000352746
6.66681e-05
0.000121187
0.000388219
3.5074e-05
0.082684
0.00705573
0.0956925
0.00351184
4.54485e-05
0.000320514
7.25893e-05
0.000103127
0.000356678
2.29678e-05
0.0844857
0.00781833
0.0969118
0.00320488
3.2831e-05
0.000291217
7.90359e-05
8.69833e-05
0.0003277
1.50469e-05
0.0861309
0.00866584
0.098033
0.00288962
2.37393e-05
0.000264595
8.60543e-05
7.09059e-05
0.00030111
9.88059e-06
0.087625
0.00960404
0.0990608
0.00256548
1.73881e-05
0.000240644
9.36952e-05
4.98841e-05
0.00027683
6.56308e-06
0.0889752
0.0106395
0.1
0.00223183
1.48379e-05
0.000229366
0.000102014
2.92569e-05
4.8166e-05
0.000263381
5.37737e-06
0.0884783
0.0894621
0.012407
0.0019038
0.00153757
0.000107293
1.72077e-05
4.67981e-05
0.000250584
4.40674e-06
0.0879665
0.0899946
0.0144494
0.00162268
0.00106168
0.000112813
1.01804e-05
4.58882e-05
0.000238406
3.61278e-06
0.0874396
0.0905502
0.0167933
0.00138213
0.00073563
0.000118599
6.09531e-06
4.5596e-05
0.000226819
2.9644e-06
0.0868974
0.091117
0.0194661
0.00117654
0.000512376
0.000124674
3.73686e-06
4.61568e-05
0.000215793
2.4367e-06
0.0863396
0.0916883
0.0224936
0.00100104
0.00035965
0.000131056
2.39521e-06
4.79157e-05
0.000205301
2.01033e-06
0.0857663
0.0922607
0.0258981
0.000851354
0.000255315
0.000137762
1.65669e-06
5.13782e-05
0.000195318
1.67114e-06
0.0851771
0.0928324
0.029696
0.000723788
0.000184186
0.00014481
1.28115e-06
5.72836e-05
0.00018582
1.41054e-06
0.084572
0.0934022
0.0338948
0.000615146
0.00013585
0.000152217
1.13038e-06
6.67117e-05
0.000176782
1.22657e-06
0.0839508
0.0939696
0.0384906
0.000522674
0.000103166
0.000160001
1.12629e-06
8.1239e-05
0.000168183
0.0833135
0.0945342
0.0434657
0.000444003
0.0826599
0.0950959
0.0487866
0.000377102
0.0819897
0.0956544
0.0544027
0.00032023
0.0813022
0.0962096
0.0602472
0.000271897
0.0805951
0.0967616
0.0662386
0.000230832
0.0798625
0.0973101
0.0722844
0.00019595
0.0790867
0.0978552
0.0782859
0.000166325
0.0782179
0.0983968
0.0841446
0.000141169
0.077113
0.0989348
0.0897678
0.000119817
0.0753642
0.0994693
0.0950746
0.000101906
0.071808
0.1
0.1
9.3795e-05
0.0716611
0.0486597
0.0715012
0.0330304
0.071327
0.0229602
0.0711377
0.0168383
0.0709318
0.0134742
0.0707081
0.0120588
0.0704652
0.0120828
0.0702017
0.0132533
0.069916
0.0154271
0.0696066
0.0185595
0.0692717
0.022666
0.0689095
0.0277908
0.0685183
0.0339778
0.0680961
0.0412427
0.067641
0.049547
0.0671511
0.0587774
0.0666244
0.0687361
0.0660588
0.0791474
0.0654525
0.0896828
0.0648015
0.1
0.0638265
0.0627613
0.0616019
0.0603451
0.0589889
0.0575322
0.0559756
0.054321
0.0525723
0.0507352
0.0488171
0.0468272
0.0447766
0.0426777
0.0405438
0.0383908
0.0362255
0.0341056
0.0318203
0.0305699
END_LIST
