BEGIN_LIST
0.1
0.0984369
0.0968485
0.0952364
0.093602
0.0919469
0.0902729
0.0885817
0.0868752
0.0851553
0.0834237
0.0816825
0.0799333
0.0781775
0.0764153
0.0746445
0.0728561
0.0710243
0.0690816
0.066855
0.0639073
0.0563022
0.0617338
0.0493139
0.0593661
0.0429662
0.0568146
0.0372595
0.0540961
0.0321758
0.0512337
0.0276835
0.0482562
0.0237418
0.0451967
0.0203042
0.0420916
0.0173222
0.0389789
0.0147474
0.0358959
0.0125328
0.032878
0.0106347
0.029957
0.00901276
0.02716
0.00763112
0.0245088
0.00645845
0.0220195
0.00546924
0.0197026
0.00464605
0.0175636
0.00398527
0.0156025
0.00351062
0.0137871
0.00330502
0.0109846
0.00301511
0.00354345
0.00321116
0.00991282
0.00939973
0.00275004
0.00377076
0.00339872
0.00894442
0.00803494
0.00250778
0.00399578
0.00375479
0.00806967
0.006862
0.00228646
0.00422406
0.00422931
0.0072797
0.00585569
0.00208433
0.00445915
0.00480306
0.00656643
0.0049936
0.00189978
0.00470345
0.00547222
0.00592253
0.00425597
0.00173134
0.00495865
0.00624098
0.00534134
0.00362551
0.00157764
0.00522602
0.00711802
0.00481684
0.00308715
0.00143742
0.00550662
0.00811481
0.00434355
0.00262778
0.00130953
0.00580136
0.00924478
0.0039165
0.00223605
0.0011929
0.00611108
0.0105229
0.00353118
0.00190217
0.00108657
0.00643659
0.0119656
0.00318344
0.00161764
0.000989636
0.00677872
0.0135901
0.00286946
0.00137508
0.000901287
0.00713828
0.0154148
0.00258555
0.00116797
0.000820772
0.0075161
0.0174583
0.00232794
0.000990199
0.000747406
0.00791305
0.0197396
0.00209226
0.000835451
0.000680561
0.00833
0.0222772
0.00187246
0.000695735
0.000619661
0.00876788
0.0250885
0.0016586
0.000558292
0.000564477
0.00922762
0.0281889
0.00143205
0.000398568
0.000484798
0.00971019
0.0315912
0.00115522
0.000164154
0.000414098
0.000445376
0.00647282
0.0142825
0.00677633
0.0340629
0.00111972
0.000835923
0.000149114
4.90018e-05
0.000353663
0.000409148
0.00428868
0.0172375
0.00484561
0.0366693
0.00108395
0.000604549
0.00013545
1.84772e-05
0.000302016
0.000375857
0.00283002
0.0196585
0.00359142
0.0394129
0.00104788
0.000437047
0.000123036
1.07427e-05
0.000257888
0.000345266
0.00186245
0.0219782
0.00279441
0.0422938
0.00101147
0.000315864
0.000111759
9.17682e-06
0.00022019
0.000317158
0.0012235
0.0243725
0.00230788
0.04531
0.000974663
0.000228236
0.000101515
9.31492e-06
0.000187989
0.000291332
0.000802818
0.026915
0.00203414
0.048458
0.000937417
0.000164894
9.22087e-05
9.96078e-06
0.000160489
0.000267604
0.000526372
0.0296372
0.00190844
0.0517319
0.000899679
0.000119118
8.37551e-05
1.07973e-05
0.000137005
0.000245805
0.000344944
0.0325525
0.00188818
0.0551241
0.000861397
8.60434e-05
7.6076e-05
1.17439e-05
0.000116952
0.000225777
0.000225975
0.0356652
0.00194564
0.0586252
0.000822515
6.21489e-05
6.91005e-05
1.27843e-05
9.98307e-05
0.000207378
0.000148006
0.0389736
0.00206315
0.0622237
0.000782975
4.48881e-05
6.27643e-05
1.39198e-05
8.52132e-05
0.000190476
9.69246e-05
0.0424717
0.00222982
0.0659064
0.000742715
3.24203e-05
5.70087e-05
1.51568e-05
7.27339e-05
0.00017495
6.34671e-05
0.0461489
0.0024394
0.0696582
0.000701672
2.34149e-05
5.17807e-05
1.6504e-05
6.208e-05
0.000160687
4.15564e-05
0.0499903
0.00268883
0.0734628
0.00065978
1.69107e-05
4.70319e-05
1.7971e-05
5.29831e-05
0.000147585
2.72088e-05
0.0539766
0.00297733
0.0773024
0.000616968
1.22131e-05
4.27185e-05
1.95684e-05
4.52107e-05
0.000135551
1.78144e-05
0.0580845
0.00330575
0.0811583
0.000573162
8.82041e-06
3.88005e-05
2.13077e-05
3.85528e-05
0.000124497
1.16637e-05
0.0622867
0.00367616
0.0850111
0.000528286
6.37016e-06
3.52418e-05
2.32017e-05
3.27952e-05
0.000114344
7.63722e-06
0.0665528
0.00409163
0.0888411
0.000482259
4.6009e-06
3.20094e-05
2.52639e-05
2.7643e-05
0.000105023
5.00309e-06
0.0708497
0.00455605
0.0926285
0.000434996
3.32635e-06
2.9074e-05
2.75093e-05
2.24885e-05
9.64741e-05
3.28518e-06
0.0751425
0.005074
0.0963543
0.000386407
2.43614e-06
2.64345e-05
2.99543e-05
1.568e-05
8.86723e-05
2.18208e-06
0.079396
0.0056508
0.1
0.000336398
2.07872e-06
2.5192e-05
3.26165e-05
9.19733e-06
1.50422e-05
8.43527e-05
1.78782e-06
0.0779737
0.0807184
0.00664797
0.000285544
0.000232852
3.43065e-05
5.41108e-06
1.44743e-05
8.02433e-05
1.46507e-06
0.0765468
0.0818757
0.00782221
0.000242358
0.000161954
3.60733e-05
3.20333e-06
1.39915e-05
7.6334e-05
1.20105e-06
0.0751167
0.082944
0.0091998
0.000205691
0.00011345
3.7926e-05
1.92042e-06
1.3617e-05
7.2615e-05
9.85407e-07
0.0736845
0.0839654
0.0108114
0.000174561
8.03063e-05
3.98712e-05
1.18033e-06
1.33849e-05
6.90771e-05
8.0984e-07
0.0722514
0.0849632
0.0126919
0.000148136
5.77017e-05
4.19149e-05
7.60031e-07
1.33461e-05
6.57115e-05
6.67873e-07
0.0708186
0.0859501
0.0148803
0.000125705
4.23295e-05
4.40628e-05
5.2956e-07
1.35754e-05
6.25097e-05
5.5475e-07
0.0693872
0.0869332
0.0174193
0.000106668
3.19228e-05
4.63203e-05
4.13517e-07
1.41823e-05
5.94639e-05
4.67504e-07
0.0679584
0.0879165
0.020355
9.0511e-05
2.49276e-05
4.86934e-05
3.68546e-07
1.53273e-05
5.65664e-05
4.05305e-07
0.0665334
0.088902
0.0237362
7.67994e-05
2.02784e-05
5.11878e-05
3.70203e-07
1.72452e-05
5.381e-05
0.0651134
0.0898907
0.0276126
6.51637e-05
0.0636992
0.0908834
0.0320336
5.52898e-05
0.062292
0.0918801
0.0370454
4.69114e-05
0.0608922
0.0928811
0.0426881
3.98021e-05
0.0594995
0.0938862
0.0489916
3.37699e-05
0.0581108
0.0948955
0.0559714
2.86516e-05
0.056715
0.0959088
0.0636239
2.43089e-05
0.0552781
0.0969261
0.071922
2.06242e-05
0.0537001
0.0979471
0.0808113
1.7499e-05
0.051688
0.0989718
0.0902083
1.48787e-05
0.048389
0.1
0.1
1.36925e-05
0.0471549
0.0312669
0.0458803
0.0204461
0.0445684
0.0138122
0.0432229
0.00993079
0.0418479
0.00787375
0.040448
0.00706615
0.0390278
0.00717168
0.0375924
0.00801422
0.0361471
0.00952712
0.0346971
0.0117216
0.0332477
0.0146675
0.0318042
0.0184809
0.0303718
0.0233155
0.0289553
0.0293529
0.0275596
0.0367905
0.0261888
0.0458225
0.0248471
0.0566141
0.0235381
0.0692658
0.0222656
0.0837754
0.0210143
0.1
0.0193712
0.0178117
0.0163389
0.0149545
0.013659
0.0124516
0.0113306
0.0102934
0.00933694
0.00845748
0.00765102
0.00691334
0.00624011
0.00562696
0.00506954
0.00456387
0.00410465
0.00369454
0.00329518
0.00308708
END_LIST
