BEGIN_LIST
0.1
0.099895
0.0997848
0.0996692
0.099548
0.0994208
0.0992874
0.0991475
0.0990009
0.0988473
0.0986863
0.0985175
0.0983406
0.0981549
0.0979594
0.097752
0.0975284
0.0972777
0.0969747
0.096557
0.0958727
0.0931573
0.0958685
0.0900498
0.0958635
0.0865429
0.0958576
0.0826443
0.0958506
0.0783787
0.0958424
0.0737892
0.0958326
0.0689357
0.0958211
0.0638932
0.0958074
0.0587463
0.0957913
0.0535846
0.0957723
0.0484969
0.0957498
0.0435658
0.0957231
0.0388646
0.0956917
0.0344564
0.0956545
0.0303984
0.0956106
0.0267523
0.0955587
0.0236108
0.0954972
0.0211541
0.0954202
0.0197738
0.0951475
0.0203456
0.0875574
0.0189826
0.0209518
0.0222739
0.0815605
0.08448
0.0176806
0.0216938
0.0245787
0.0757952
0.0810593
0.016441
0.0225298
0.0271863
0.0702791
0.0773104
0.0152646
0.0234341
0.0300509
0.0650254
0.0732624
0.0141517
0.0243914
0.0331404
0.0600429
0.068958
0.0131018
0.0253923
0.0364275
0.0553367
0.0644529
0.0121141
0.0264307
0.0398851
0.0509082
0.0598122
0.0111872
0.0275029
0.0434836
0.0467558
0.0551074
0.0103194
0.0286064
0.04719
0.042875
0.0504114
0.0095089
0.0297394
0.0509676
0.0392588
0.0457945
0.00875335
0.0309003
0.0547768
0.0358984
0.0413199
0.00805041
0.0320878
0.0585762
0.0327829
0.0370398
0.00739759
0.0333007
0.0623244
0.0298992
0.032992
0.00679232
0.0345379
0.065981
0.0272318
0.0291957
0.006232
0.0357978
0.0695089
0.0247601
0.0256437
0.00571402
0.0370792
0.0728756
0.0224543
0.0222869
0.00523582
0.0383806
0.076054
0.0202653
0.0189985
0.00479486
0.0397003
0.0790234
0.0181036
0.0154934
0.00439057
0.0410368
0.0817697
0.0157928
0.0111431
0.00380328
0.0423881
0.0842855
0.0129724
0.00454898
0.00328173
0.00350864
0.0323606
0.058463
0.0298815
0.0858423
0.0125767
0.00996441
0.00416156
0.00126523
0.00282738
0.00323568
0.0237402
0.0668959
0.021381
0.0872948
0.0121778
0.00754036
0.00380478
0.000384148
0.00243271
0.00298299
0.0168623
0.071872
0.0156956
0.0886451
0.0117754
0.00563945
0.00347661
0.000151008
0.00209073
0.00274919
0.0116853
0.0752359
0.0119686
0.0898961
0.0113688
0.00417989
0.00317509
9.25485e-05
0.00179504
0.00253301
0.00795352
0.0778017
0.009597
0.0910513
0.0109577
0.00307702
0.00289832
8.14415e-05
0.00153985
0.00233323
0.00534544
0.0799288
0.00816391
0.0921149
0.0105414
0.00225363
0.00264452
8.34768e-05
0.00131997
0.00214869
0.00356144
0.0817776
0.00738462
0.0930913
0.0101194
0.00164435
0.00241197
8.94912e-05
0.00113077
0.00197831
0.0023589
0.0834216
0.00706698
0.0939852
0.00969109
0.00119648
0.00219907
9.70603e-05
0.00096816
0.00182107
0.00155626
0.0848967
0.00708258
0.0948014
0.00925591
0.000868821
0.00200427
0.000105575
0.000828547
0.00167601
0.00102404
0.0862234
0.00734666
0.0955448
0.00881319
0.000629961
0.00182617
0.000114918
0.000708781
0.00154224
0.000672667
0.0874153
0.00780419
0.0962205
0.00836225
0.000456278
0.00166343
0.000125109
0.000606118
0.00141893
0.000441355
0.0884835
0.00842028
0.0968333
0.0079024
0.000330222
0.0015148
0.000136207
0.000518165
0.00130528
0.000289368
0.0894381
0.00917378
0.097388
0.00743288
0.000238856
0.00137913
0.00014829
0.000442842
0.00120057
0.000189627
0.0902887
0.0100528
0.097889
0.00695293
0.000172698
0.00125534
0.000161442
0.000378321
0.00110412
0.000124226
0.0910443
0.0110517
0.0983409
0.00646174
0.000124828
0.00114244
0.000175758
0.000322932
0.00101531
8.13652e-05
0.0917138
0.0121691
0.0987478
0.00595843
9.02078e-05
0.00103951
0.00019134
0.000274942
0.000933552
5.32903e-05
0.0923056
0.0134065
0.0991136
0.00544214
6.51842e-05
0.000945696
0.0002083
0.000231935
0.000858323
3.4916e-05
0.0928273
0.0147671
0.099442
0.00491189
4.7144e-05
0.000860242
0.000226757
0.000188884
0.000789198
2.29296e-05
0.0932865
0.016255
0.0997364
0.00436672
3.45372e-05
0.000783205
0.000246844
0.000132093
0.000725995
1.52319e-05
0.0936897
0.0178751
0.1
0.00380557
2.94745e-05
0.000746895
0.000268704
7.74536e-05
0.000126986
0.000690957
1.24806e-05
0.0935147
0.0938851
0.0205891
0.00328208
0.00262945
0.000282572
4.55266e-05
0.000122576
0.000657594
1.02285e-05
0.093333
0.0941554
0.0236427
0.00282412
0.00182306
0.000297068
2.68978e-05
0.00011904
0.000625827
8.38671e-06
0.0931443
0.0944651
0.0270424
0.00242523
0.00127063
0.00031226
1.60597e-05
0.000116647
0.000595581
6.88324e-06
0.0929485
0.0947948
0.0307881
0.00207908
0.000892609
0.000328205
9.79206e-06
0.000115791
0.000566785
5.66074e-06
0.0927452
0.0951337
0.0348698
0.00177967
0.000634316
0.000344951
6.21377e-06
0.000117055
0.00053937
4.67491e-06
0.0925344
0.095476
0.0392658
0.00152141
0.000458221
0.000362541
4.22803e-06
0.000121294
0.000513271
3.89407e-06
0.0923156
0.0958186
0.0439404
0.00129919
0.000338568
0.00038102
3.19752e-06
0.000129761
0.000488426
3.30012e-06
0.0920887
0.0961597
0.0488441
0.00110838
0.000257683
0.000400435
2.75464e-06
0.000144287
0.000464775
2.89172e-06
0.0918535
0.0964984
0.0539139
0.000944812
0.000203446
0.000420833
2.69079e-06
0.000167548
0.000442262
0.0916095
0.0968341
0.0590758
0.000804823
0.0913566
0.0971665
0.0642485
0.000685166
0.091094
0.0974955
0.0693475
0.000583003
0.0908207
0.097821
0.0742909
0.000495857
0.0905341
0.0981429
0.0790041
0.000421581
0.090227
0.0984613
0.0834241
0.000358318
0.0898795
0.0987762
0.0875027
0.000304467
0.0894351
0.0990875
0.0912081
0.00025865
0.0887332
0.0993952
0.0945245
0.000219697
0.0873163
0.0996994
0.0974512
0.000186978
0.0838797
0.1
0.1
0.000172153
0.0838698
0.0596102
0.083859
0.0423653
0.0838472
0.0307746
0.0838342
0.0235199
0.0838201
0.0194886
0.0838047
0.0178449
0.0837878
0.0180186
0.0837694
0.0196516
0.0837492
0.0225351
0.0837272
0.026552
0.0837031
0.0316273
0.0836769
0.0376877
0.0836482
0.0446299
0.0836168
0.0522999
0.0835826
0.0604866
0.0835452
0.0689318
0.0835044
0.0773546
0.0834598
0.0854833
0.0834111
0.0930877
0.083358
0.1
0.0832761
0.0831837
0.0830793
0.0829616
0.0828289
0.0826792
0.0825105
0.0823204
0.0821065
0.0818658
0.0815953
0.0812914
0.0809504
0.0805681
0.08014
0.0796619
0.0791253
0.0785414
0.0778191
0.0773963
END_LIST
