BEGIN_LIST
0.1
0.0989921
0.0979553
0.09689
0.0957962
0.0946744
0.0935248
0.0923481
0.0911447
0.0899153
0.0886606
0.0873812
0.086078
0.0847511
0.0834001
0.0820222
0.0806088
0.0791367
0.0775468
0.0756908
0.0731999
0.0658432
0.0721385
0.0587935
0.0709257
0.052139
0.0695485
0.0459443
0.0679952
0.0402505
0.0662564
0.0350771
0.0643257
0.0304245
0.062201
0.0262785
0.0598849
0.0226137
0.057386
0.0193971
0.0547188
0.0165913
0.0519039
0.0141572
0.0489678
0.0120557
0.0459419
0.0102498
0.042861
0.00870615
0.039762
0.00739712
0.036682
0.00630525
0.0336565
0.0054324
0.0307158
0.00482085
0.0278121
0.00460213
0.0225248
0.00420548
0.00492869
0.00452266
0.020362
0.0194505
0.00384165
0.00524
0.00480977
0.0184015
0.0167575
0.00350815
0.00554796
0.00531881
0.0166254
0.0144087
0.00320264
0.00586001
0.00598534
0.015017
0.0123677
0.00292294
0.00618091
0.00678421
0.0135613
0.0106
0.002667
0.00651384
0.00770983
0.0122444
0.00907331
0.00243291
0.006861
0.00876655
0.0110533
0.00775786
0.00221891
0.00722404
0.009964
0.00997648
0.00662681
0.00202334
0.00760429
0.0113148
0.00900323
0.005656
0.00184469
0.00800286
0.0128331
0.00812378
0.00482399
0.00168154
0.00842078
0.0145342
0.0073292
0.00411176
0.0015326
0.00885902
0.0164338
0.00661127
0.00350259
0.00139667
0.00931851
0.018547
0.00596233
0.00298164
0.00127264
0.00980019
0.0208885
0.00537496
0.00253559
0.00115949
0.010305
0.0234712
0.00484151
0.0021518
0.0010563
0.0108339
0.026306
0.00435305
0.00181695
0.000962206
0.0113878
0.0294002
0.00389714
0.0015139
0.000876415
0.0119678
0.0327573
0.00345325
0.00121498
0.000798619
0.0125747
0.0363754
0.00298279
0.000866651
0.000686248
0.0132097
0.0402468
0.00240785
0.000354397
0.000586532
0.000630605
0.0089114
0.0193381
0.00919526
0.0429932
0.00233379
0.00174676
0.000321983
0.000102196
0.000501197
0.000579445
0.00595245
0.02321
0.00654203
0.0458342
0.00225918
0.00126561
0.000292526
3.5005e-05
0.000428198
0.000532412
0.00394932
0.0262782
0.00480969
0.0487639
0.00218393
0.000916168
0.000265757
1.7611e-05
0.000365774
0.000489175
0.00260847
0.0291232
0.00370068
0.0517745
0.00210796
0.00066278
0.000241432
1.36638e-05
0.000312408
0.000449433
0.0017177
0.0319766
0.00301509
0.054856
0.00203117
0.000479246
0.000219328
1.33964e-05
0.000266797
0.000412905
0.00112887
0.0349282
0.0026193
0.0579969
0.00195345
0.000346418
0.000199244
1.41888e-05
0.000227823
0.000379333
0.000740915
0.0380083
0.00242448
0.0611841
0.0018747
0.000250342
0.000180996
1.53429e-05
0.000194526
0.000348481
0.00048587
0.0412213
0.00237197
0.0644034
0.00179481
0.00018088
0.000164417
1.66779e-05
0.000166083
0.000320129
0.000318438
0.0445586
0.00242341
0.0676396
0.00171367
0.000130675
0.000149354
1.81526e-05
0.00014179
0.000294076
0.000208627
0.0480045
0.00255416
0.0708771
0.00163114
9.43957e-05
0.000135669
1.9764e-05
0.000121045
0.000270137
0.00013665
0.0515385
0.00274883
0.0740995
0.00154711
6.81841e-05
0.000123237
2.15201e-05
0.000103329
0.000248142
8.94908e-05
0.0551366
0.00299836
0.0772908
0.00146144
4.92485e-05
0.000111942
2.34326e-05
8.82019e-05
0.000227933
5.86007e-05
0.0587721
0.00329798
0.0804353
0.00137398
3.55703e-05
0.000101682
2.55152e-05
7.52834e-05
0.000209366
3.83705e-05
0.0624165
0.00364598
0.0835177
0.00128461
2.56904e-05
9.23612e-05
2.77829e-05
6.42441e-05
0.000192309
2.51232e-05
0.0660408
0.00404281
0.0865236
0.00119315
1.85544e-05
8.38942e-05
3.0252e-05
5.47873e-05
0.000176639
1.64494e-05
0.0696156
0.0044905
0.0894401
0.00109946
1.34005e-05
7.62028e-05
3.29406e-05
4.66098e-05
0.000162245
1.0771e-05
0.0731128
0.00499233
0.0922552
0.00100336
9.6788e-06
6.92161e-05
3.58679e-05
3.92965e-05
0.000149027
7.05607e-06
0.0765062
0.00555255
0.094959
0.000904669
6.99767e-06
6.28709e-05
3.90553e-05
3.19947e-05
0.000136904
4.63326e-06
0.0797721
0.00617627
0.0975428
0.000803208
5.12499e-06
5.71652e-05
4.25258e-05
2.23915e-05
0.000125839
3.07752e-06
0.0828901
0.00686935
0.1
0.000698779
4.37312e-06
5.44791e-05
4.63045e-05
1.31337e-05
2.1539e-05
0.000119713
2.52148e-06
0.0818318
0.0838829
0.00806381
0.000593534
0.000482271
4.87031e-05
7.72643e-06
2.08103e-05
0.000113884
2.0663e-06
0.0807585
0.0848042
0.00946382
0.000504052
0.000333952
5.12109e-05
4.57334e-06
2.02383e-05
0.000108338
1.69395e-06
0.0796707
0.0856861
0.0110973
0.000427995
0.000232401
5.38403e-05
2.74094e-06
1.98721e-05
0.000103062
1.38983e-06
0.0785693
0.0865465
0.0129959
0.000363369
0.000162931
5.66011e-05
1.68368e-06
1.97844e-05
9.80432e-05
1.14226e-06
0.0774547
0.0873953
0.0151947
0.000308468
0.000115467
5.95016e-05
1.08303e-06
2.00822e-05
9.32683e-05
9.42098e-07
0.0763278
0.0882383
0.017731
0.000261838
8.31024e-05
6.25497e-05
7.53369e-07
2.09226e-05
8.87257e-05
7.82661e-07
0.0751894
0.0890784
0.0206438
0.000222239
6.11001e-05
6.57535e-05
5.8701e-07
2.25353e-05
8.44041e-05
6.59796e-07
0.0740403
0.0899175
0.0239722
0.000188616
4.62126e-05
6.91211e-05
5.22008e-07
2.52564e-05
8.02929e-05
5.72389e-07
0.0728812
0.0907563
0.0277536
0.000160072
3.62136e-05
7.26608e-05
5.23422e-07
2.95769e-05
7.63817e-05
0.071713
0.0915953
0.0320218
0.00013584
0.0705365
0.0924347
0.0368035
0.000115272
0.0693524
0.0932745
0.0421157
9.78153e-05
0.0681611
0.0941148
0.0479616
8.29996e-05
0.0669619
0.0949554
0.0543274
7.04262e-05
0.0657509
0.0957963
0.0611792
5.97562e-05
0.0645153
0.0966372
0.0684605
5.07019e-05
0.0632167
0.0974783
0.0760922
4.30189e-05
0.0617421
0.0983191
0.0839737
3.65017e-05
0.0597651
0.0991598
0.0919865
3.10372e-05
0.0563431
0.1
0.1
2.85633e-05
0.0555935
0.0368837
0.0547978
0.0243404
0.0539553
0.0165371
0.0530654
0.0119153
0.0521279
0.00942952
0.0511429
0.00841562
0.0501109
0.00847667
0.0490329
0.00939841
0.0479102
0.0110913
0.0467447
0.0135524
0.0455386
0.0168402
0.0442947
0.0210566
0.043016
0.026331
0.0417062
0.0328042
0.0403692
0.0406066
0.0390093
0.0498332
0.0376311
0.0605128
0.0362393
0.0725782
0.0348395
0.0858438
0.033421
0.1
0.0314771
0.0295497
0.0276515
0.0257944
0.0239891
0.0222449
0.0205698
0.0189699
0.0174502
0.0160139
0.0146628
0.0133975
0.0122174
0.0111211
0.0101061
0.00916988
0.00830658
0.00752525
0.00675366
0.00634891
END_LIST
