BEGIN_LIST
0
5.92725e-05
0.000118489
0.000177647
0.000236744
0.000295781
0.000354754
0.000413661
0.000472501
0.000531271
0.00058997
0.000648598
0.000707158
0.000765662
0.000824145
0.0008827
0.000941567
0.00100136
0.00106363
0.00113233
0.00121747
0.00145112
0.00126263
0.00167648
0.00130777
0.00189167
0.00135289
0.00209452
0.00139799
0.00228253
0.00144307
0.00245297
0.00148813
0.00260292
0.00153317
0.0027294
0.00157819
0.00282958
0.00162318
0.00290095
0.00166816
0.00294164
0.00171311
0.00295068
0.00175804
0.00292831
0.00180295
0.00287628
0.00184785
0.00279822
0.00189271
0.00270016
0.00193756
0.00259128
0.00198239
0.00248532
0.0020274
0.00240263
0.00208125
0.00237288
0.00252259
0.002331
0.00231845
0.00255811
0.00286513
0.00263412
0.00228407
0.00229483
0.00269332
0.00315789
0.00274125
0.00223236
0.00229031
0.00279352
0.00340197
0.00284303
0.0021762
0.0022973
0.00286667
0.00359898
0.00293831
0.00211595
0.00231093
0.00291702
0.00375103
0.00302579
0.00205203
0.00232803
0.00294696
0.00386064
0.00310394
0.00198489
0.00234655
0.00295803
0.00393073
0.00317109
0.00191503
0.00236516
0.00295142
0.00396444
0.00322536
0.00184294
0.00238297
0.00292823
0.00396516
0.00326474
0.00176913
0.0023994
0.0028896
0.00393634
0.00328709
0.00169412
0.00241406
0.00283673
0.00388144
0.0032901
0.00161841
0.00242669
0.00277087
0.0038038
0.00327123
0.00154248
0.0024371
0.0026933
0.00370648
0.00322738
0.00146681
0.00244518
0.00260526
0.00359207
0.00315418
0.00139181
0.00245083
0.00250798
0.00346227
0.00304452
0.00131787
0.002454
0.00240261
0.0033172
0.00288543
0.00124536
0.00245467
0.00229021
0.00315406
0.00265214
0.00117458
0.0024528
0.00217175
0.00296445
0.00229609
0.00110599
0.0024484
0.0020481
0.00272912
0.00172127
0.000996533
0.00244147
0.00192003
0.00240742
0.0007334
0.000893574
0.000938879
0.00225617
0.00289542
0.00192776
0.00183208
0.00235834
0.00202853
0.000692795
0.000218371
0.000797257
0.000883438
0.00197935
0.00305709
0.00155428
0.00174265
0.00230645
0.00166314
0.000653049
7.83413e-05
0.000708074
0.000830267
0.00164678
0.00308051
0.00129162
0.00165191
0.0022517
0.00133056
0.000614328
4.16825e-05
0.000626263
0.000779406
0.00130351
0.0030386
0.00111452
0.00155998
0.00219406
0.0010424
0.000576774
3.33786e-05
0.000551837
0.000730871
0.000988201
0.00296529
0.00100238
0.001467
0.00213346
0.000802658
0.000540509
3.29365e-05
0.000484631
0.000684661
0.000723488
0.00287636
0.00093905
0.00137308
0.00206984
0.000609594
0.000505627
3.4783e-05
0.000424346
0.000640756
0.000515762
0.00277917
0.00091228
0.00127831
0.00200315
0.00045802
0.000472204
3.74125e-05
0.000370582
0.000599125
0.000360575
0.0026772
0.000912963
0.00118279
0.00193332
0.000341318
0.000440291
4.0428e-05
0.000322879
0.000559724
0.000248608
0.00257219
0.000934424
0.00108661
0.00186029
0.000252778
0.000409923
4.37351e-05
0.000280744
0.000522497
0.000169754
0.00246501
0.000971803
0.000989825
0.00178397
0.000186341
0.000381113
4.7323e-05
0.000243672
0.000487382
0.000115134
0.00235617
0.00102155
0.000892509
0.0017043
0.000136893
0.000353863
5.12043e-05
0.000211166
0.00045431
7.77257e-05
0.00224599
0.00108105
0.000794716
0.00162118
0.000100312
0.000328156
5.53998e-05
0.000182746
0.000423204
5.2301e-05
0.00213469
0.00114833
0.000696493
0.00153454
7.33685e-05
0.000303967
5.99332e-05
0.000157956
0.000393987
3.51118e-05
0.00202242
0.00122181
0.000597888
0.00144428
5.35877e-05
0.00028126
6.48307e-05
0.000136366
0.000366577
2.35327e-05
0.00190933
0.00130022
0.000498935
0.00135031
3.91e-05
0.000259989
7.01204e-05
0.000117544
0.000340893
1.57529e-05
0.00179551
0.00138243
0.000399668
0.00125253
2.85075e-05
0.000240105
7.58325e-05
0.000101
0.000316853
1.0536e-05
0.00168106
0.00146737
0.000300119
0.00115083
2.07745e-05
0.00022155
8.19992e-05
8.59673e-05
0.00029438
7.04476e-06
0.00156605
0.00155401
0.00020031
0.00104511
1.5148e-05
0.000204271
8.86552e-05
7.07378e-05
0.000273414
4.71804e-06
0.00145055
0.00164129
0.000100263
0.000935244
1.11843e-05
0.000188386
9.58374e-05
5.05738e-05
0.000253952
3.19176e-06
0.00133461
0.0017281
0
0.00082112
9.5856e-06
0.000180828
0.000103585
2.98754e-05
4.90521e-05
0.000243056
2.63975e-06
0.0013878
0.00128463
0.00185672
0.000727973
0.000576156
0.000108461
1.76693e-05
4.76807e-05
0.0002326
2.18396e-06
0.0014409
0.00122727
0.00197749
0.00064221
0.000406899
0.000113531
1.04806e-05
4.65021e-05
0.000222566
1.80833e-06
0.00149391
0.00116572
0.00208584
0.000564015
0.000290153
0.000118818
6.25499e-06
4.55786e-05
0.000212941
1.49998e-06
0.00154683
0.00110171
0.00217716
0.000493347
0.000209786
0.000124336
3.78006e-06
4.50007e-05
0.000203709
1.24886e-06
0.00159965
0.00103621
0.00224711
0.000429982
0.000154604
0.000130098
2.34087e-06
4.49001e-05
0.000194857
1.04774e-06
0.00165236
0.000969766
0.00229176
0.000373559
0.000116848
0.000136116
1.51646e-06
4.54683e-05
0.000186371
8.92505e-07
0.00170498
0.000902662
0.00230793
0.000323627
9.11499e-05
0.000142401
1.05947e-06
4.69828e-05
0.000178237
7.82898e-07
0.00175748
0.000835067
0.00229331
0.000279678
7.37953e-05
0.000148964
8.25116e-07
4.98464e-05
0.000170441
7.24058e-07
0.00180987
0.000767074
0.0022466
0.000241176
6.22173e-05
0.000155818
7.29318e-07
5.46427e-05
0.000162973
0.00186214
0.000698735
0.0021675
0.000207584
0.00191429
0.000630083
0.00205667
0.000178381
0.00196629
0.000561137
0.00191561
0.00015307
0.00201814
0.000491909
0.00174643
0.000131192
0.00206976
0.000422409
0.00155168
0.000112323
0.002121
0.000352642
0.00133415
9.60818e-05
0.00217141
0.000282615
0.00109669
8.21258e-05
0.00221976
0.000212332
0.000842071
7.01507e-05
0.0022626
0.0001418
0.000572896
5.98912e-05
0.00229028
7.10209e-05
0.000291514
5.12163e-05
0.0022758
0
0
4.72729e-05
0.0023012
0.00195022
0.00232659
0.00165023
0.00235198
0.00140107
0.00237735
0.00121454
0.00240272
0.00109092
0.00242809
0.0010232
0.00245344
0.00100087
0.00247879
0.0010123
0.00250413
0.00104564
0.00252946
0.00108897
0.00255478
0.00113036
0.0025801
0.00115811
0.00260541
0.00116132
0.00263071
0.00113053
0.002656
0.00105851
0.00268128
0.000940554
0.00270656
0.000774632
0.00273183
0.000561007
0.00275709
0.000301723
0.00278234
0
0.00281734
0.00285233
0.00288729
0.00292224
0.00295717
0.00299209
0.00302698
0.00306185
0.00309669
0.00313152
0.00316632
0.00320109
0.00323584
0.00327055
0.00330524
0.00333986
0.00337459
0.00340856
0.00344594
0.00346682
END_LIST
