BEGIN_LIST
0
1.43822e-29
4.62171e-29
1.12626e-28
2.47731e-28
5.21589e-28
1.08277e-27
2.25616e-27
4.77041e-27
1.02914e-26
2.26802e-26
5.09683e-26
1.16403e-25
2.69159e-25
6.27987e-25
1.47434e-24
3.47582e-24
8.21683e-24
1.94591e-23
4.61353e-23
1.09462e-22
4.68936e-22
1.14421e-22
1.06723e-21
1.19611e-22
2.00044e-21
1.25046e-22
3.38575e-21
1.30736e-22
5.35989e-21
1.36696e-22
8.07489e-21
1.4294e-22
1.16905e-20
1.49481e-22
1.63631e-20
1.56336e-22
2.22326e-20
1.63522e-22
2.94075e-20
1.71055e-22
3.79532e-20
1.78954e-22
4.78865e-20
1.8724e-22
5.9185e-20
1.95934e-22
7.18208e-20
2.05058e-22
8.58381e-20
2.14639e-22
1.01507e-19
2.24785e-22
1.19612e-19
2.39054e-22
1.41994e-19
4.07647e-22
1.72546e-19
7.11966e-21
2.18976e-19
2.9221e-19
2.25029e-19
2.668e-19
1.38627e-19
6.79529e-19
3.12058e-19
2.30739e-19
2.94772e-19
9.1643e-20
1.28191e-18
3.32872e-19
2.36063e-19
3.09957e-19
6.34494e-20
2.1747e-18
3.54573e-19
2.40956e-19
3.16892e-19
4.59494e-20
3.44863e-18
3.77042e-19
2.45382e-19
3.1849e-19
3.46181e-20
5.21033e-18
4.00109e-19
2.49307e-19
3.16626e-19
2.69137e-20
7.58232e-18
4.23542e-19
2.52703e-19
3.12508e-19
2.14005e-20
1.07026e-17
4.47038e-19
2.5555e-19
3.06919e-19
1.72621e-20
1.47235e-17
4.70214e-19
2.57833e-19
3.00368e-19
1.40303e-20
1.98109e-17
4.92598e-19
2.59543e-19
2.93189e-19
1.14318e-20
2.6142e-17
5.13617e-19
2.60678e-19
2.85603e-19
9.30276e-21
3.3905e-17
5.32578e-19
2.61245e-19
2.77758e-19
7.54071e-21
4.3299e-17
5.48635e-19
2.61254e-19
2.69755e-19
6.07729e-21
5.45359e-17
5.60711e-19
2.60721e-19
2.61667e-19
4.86332e-21
6.78477e-17
5.67342e-19
2.59668e-19
2.53545e-19
3.86074e-21
8.35027e-17
5.66361e-19
2.5812e-19
2.45427e-19
3.03813e-21
1.01838e-16
5.54269e-19
2.56108e-19
2.37343e-19
2.36853e-21
1.23324e-16
5.25044e-19
2.53661e-19
2.29317e-19
1.82833e-21
1.48689e-16
4.67865e-19
2.50858e-19
2.21369e-19
1.39667e-21
1.79161e-16
3.62748e-19
2.38444e-19
2.13515e-19
1.05521e-21
2.16932e-16
1.71581e-19
2.20151e-19
2.32161e-19
2.19051e-19
1.00389e-19
3.20337e-19
8.7141e-22
2.254e-16
1.91114e-16
1.64463e-19
7.01851e-20
2.0221e-19
2.25762e-19
2.11516e-19
4.76651e-20
3.95028e-19
7.15432e-22
2.32896e-16
1.63591e-16
1.57318e-19
4.27137e-20
1.84852e-19
2.19279e-19
1.92284e-19
2.29067e-20
4.46415e-19
5.83782e-22
2.39346e-16
1.36472e-16
1.50187e-19
3.61253e-20
1.6826e-19
2.12744e-19
1.65354e-19
1.12005e-20
4.81512e-19
4.73283e-22
2.44682e-16
1.1137e-16
1.4311e-19
3.54255e-20
1.52566e-19
2.06185e-19
1.3561e-19
5.61377e-21
5.05525e-19
3.81063e-22
2.48836e-16
8.9255e-17
1.36123e-19
3.64203e-20
1.37859e-19
1.9963e-19
1.07086e-19
2.90995e-21
5.22112e-19
3.04545e-22
2.51748e-16
7.05053e-17
1.29257e-19
3.79411e-20
1.24188e-19
1.93102e-19
8.21815e-20
1.5737e-21
5.33725e-19
2.4144e-22
2.53357e-16
5.5071e-17
1.2254e-19
3.96645e-20
1.1157e-19
1.86623e-19
6.17804e-20
8.93159e-22
5.4194e-19
1.89724e-22
2.53613e-16
4.26468e-17
1.15996e-19
4.15023e-20
9.99958e-20
1.80212e-19
4.57781e-20
5.32329e-22
5.47722e-19
1.47621e-22
2.52468e-16
3.28117e-17
1.09646e-19
4.34324e-20
8.94362e-20
1.73888e-19
3.35877e-20
3.31394e-22
5.51627e-19
1.13583e-22
2.4988e-16
2.51226e-17
1.03505e-19
4.54511e-20
7.98487e-20
1.67664e-19
2.4481e-20
2.13372e-22
5.53942e-19
8.62713e-23
2.45813e-16
1.91662e-17
9.75865e-20
4.75598e-20
7.11841e-20
1.61554e-19
1.77655e-20
1.40434e-22
5.54784e-19
6.45323e-23
2.40238e-16
1.4583e-17
9.18994e-20
4.97615e-20
6.33975e-20
1.55568e-19
1.28553e-20
9.34133e-23
5.54167e-19
4.73811e-23
2.33135e-16
1.1074e-17
8.64503e-20
5.20596e-20
5.64729e-20
1.49716e-19
9.28518e-21
6.21761e-23
5.52043e-19
3.39812e-23
2.24488e-16
8.39711e-18
8.12429e-20
5.44578e-20
5.04941e-20
1.44005e-19
6.69876e-21
4.10581e-23
5.48332e-19
2.36265e-23
2.14291e-16
6.3604e-18
7.62783e-20
5.69598e-20
4.58581e-20
1.38441e-19
4.82946e-21
2.6691e-23
5.42946e-19
1.57251e-23
2.02545e-16
4.81384e-18
7.15557e-20
5.95696e-20
4.39379e-20
1.3303e-19
3.48077e-21
1.69458e-23
5.35796e-19
9.78411e-24
1.89258e-16
3.64143e-18
6.70724e-20
6.22908e-20
4.91472e-20
1.27775e-19
2.50953e-21
1.04062e-23
5.26811e-19
5.39586e-24
1.7445e-16
2.75612e-18
6.28256e-20
6.51275e-20
7.53874e-20
1.22681e-19
1.81333e-21
6.09528e-24
5.15937e-19
2.22546e-24
1.58146e-16
2.11085e-18
5.88573e-20
6.80836e-20
1.66198e-19
1.17762e-19
1.32285e-21
3.32429e-24
5.03151e-19
0
1.40382e-16
1.84562e-18
5.69536e-20
7.11631e-20
1.00136e-19
2.35322e-19
1.14937e-19
1.13958e-21
3.85485e-24
2.74375e-24
4.79909e-19
1.2642e-16
1.00532e-16
7.30391e-20
6.03386e-20
3.31629e-19
1.12167e-19
9.85904e-22
4.46886e-24
2.22418e-24
4.52432e-19
1.13274e-16
7.19546e-17
7.49545e-20
3.63769e-20
4.6598e-19
1.09451e-19
8.5989e-22
5.17905e-24
1.77433e-24
4.2113e-19
1.01034e-16
5.14799e-17
7.69127e-20
2.19564e-20
6.53576e-19
1.06789e-19
7.61397e-22
5.99996e-24
1.39478e-24
3.86612e-19
8.9746e-17
3.68207e-17
7.89156e-20
1.32831e-20
9.15693e-19
1.04182e-19
6.92811e-22
6.94834e-24
1.08129e-24
3.49671e-19
7.94275e-17
2.63303e-17
8.09648e-20
8.07184e-21
1.2821e-18
1.01627e-19
6.60347e-22
8.04357e-24
8.27017e-25
3.11242e-19
7.00668e-17
1.88258e-17
8.30613e-20
4.94659e-21
1.79447e-18
9.91261e-20
6.76251e-22
9.30857e-24
6.24108e-25
2.72338e-19
6.16321e-17
1.34587e-17
8.5206e-20
3.07928e-21
2.51108e-18
9.66777e-20
7.62519e-22
1.07717e-23
4.64583e-25
2.33985e-19
5.40763e-17
9.62096e-18
8.73996e-20
1.97167e-21
3.51346e-18
9.42813e-20
9.57098e-22
1.24718e-23
3.4093e-25
1.97146e-19
4.73426e-17
6.87717e-18
8.96429e-20
1.32423e-21
4.91567e-18
9.19366e-20
1.44709e-23
2.46397e-25
1.62655e-19
4.13681e-17
1.68891e-23
1.75114e-25
1.31174e-19
3.60876e-17
2.00012e-23
1.22118e-25
1.03159e-19
3.1436e-17
2.45016e-23
8.32973e-26
7.88564e-20
2.73501e-17
3.22383e-23
5.53105e-26
5.83128e-20
2.37699e-17
4.82429e-23
3.54868e-26
4.14058e-20
2.06394e-17
8.6349e-23
2.17239e-26
2.78796e-20
1.79071e-17
1.84744e-22
1.23919e-26
1.73852e-20
1.5526e-17
4.4902e-22
6.24537e-27
9.51997e-21
1.34545e-17
1.17137e-21
2.34648e-27
3.86249e-21
1.16768e-17
3.16064e-21
0
0
1.08624e-17
3.22569e-21
1.78127e-20
3.29217e-21
2.84923e-20
3.36012e-21
3.57561e-20
3.42957e-21
4.04372e-20
3.50058e-21
4.33573e-20
3.57317e-21
4.51368e-20
3.64739e-21
4.61387e-20
3.72328e-21
4.65015e-20
3.80088e-21
4.62066e-20
3.88024e-21
4.51508e-20
3.96141e-21
4.32134e-20
4.04443e-21
4.03134e-20
4.12936e-21
3.64513e-20
4.21624e-21
3.17306e-20
4.30512e-21
2.63561e-20
4.39607e-21
2.06088e-20
4.48914e-21
1.4808e-20
4.58437e-21
9.26836e-21
4.68188e-21
4.26336e-21
4.78106e-21
0
4.92331e-21
5.07028e-21
5.22215e-21
5.37911e-21
5.54138e-21
5.70915e-21
5.88266e-21
6.06213e-21
6.24781e-21
6.43995e-21
6.63881e-21
6.84467e-21
7.05783e-21
7.27857e-21
7.50728e-21
7.74393e-21
7.99056e-21
8.23978e-21
8.52733e-21
8.69203e-21
END_LIST
