BEGIN_LIST
0.1
0.0985982
0.0971687
0.0957126
0.094231
0.0927253
0.0911967
0.0896466
0.0880766
0.0864882
0.084883
0.0832626
0.0816286
0.079982
0.078323
0.0766492
0.0749519
0.073206
0.0713465
0.0692073
0.0663708
0.0587767
0.0645187
0.051726
0.0624709
0.0452615
0.0602289
0.039401
0.0577994
0.0341415
0.0551955
0.0294632
0.0524362
0.0253346
0.0495468
0.0217161
0.0465574
0.0185636
0.0435024
0.0158313
0.0404184
0.0134737
0.0373427
0.0114475
0.0343117
0.00971213
0.0313588
0.00823091
0.0285138
0.0069717
0.0258012
0.0059082
0.0232402
0.00502267
0.0208444
0.00431234
0.018621
0.00380454
0.0165364
0.00359195
0.0132176
0.00327808
0.00384989
0.00349868
0.0119317
0.01133
0.00299091
0.00409587
0.00370695
0.0107692
0.00969929
0.00272828
0.00433939
0.00409619
0.00971855
0.00829393
0.0024882
0.0045864
0.00461291
0.00876923
0.00708535
0.00226882
0.00484072
0.00523647
0.0079117
0.00604786
0.00206842
0.00510491
0.00596268
0.00713726
0.00515862
0.00188543
0.0053808
0.00679583
0.00643799
0.00439746
0.00171839
0.00566973
0.00774493
0.00580672
0.00374665
0.00156594
0.00597282
0.00882181
0.00523691
0.00319073
0.00142684
0.00629103
0.0100403
0.00472263
0.00271623
0.00129996
0.00662526
0.0114157
0.00425849
0.00231148
0.00118425
0.00697636
0.0129643
0.00383953
0.00196632
0.00107874
0.00734518
0.0147035
0.00346117
0.00167192
0.000982545
0.00773257
0.0166509
0.00311898
0.00142041
0.000894863
0.0081394
0.0188244
0.00280844
0.00120443
0.00081495
0.00856656
0.0212416
0.00252429
0.00101635
0.000742128
0.00901496
0.0239186
0.00225924
0.000846449
0.000675771
0.00948553
0.0268702
0.00200133
0.000679223
0.000615633
0.00997925
0.0301081
0.00172808
0.000484767
0.000528793
0.0104971
0.0336403
0.00139419
0.000199232
0.000451738
0.000485821
0.00701607
0.0154247
0.00731992
0.036192
0.00135132
0.00100931
0.000180983
5.88781e-05
0.000385855
0.000446326
0.00465698
0.0185929
0.00522688
0.0388707
0.00130814
0.000730194
0.000164404
2.16175e-05
0.000329539
0.000410029
0.00307675
0.021169
0.00386547
0.0416765
0.0012646
0.000528009
0.000149341
1.21153e-05
0.000281413
0.000376673
0.00202643
0.0236192
0.00299863
0.0446074
0.00122064
0.000381673
0.000135656
1.01211e-05
0.000240293
0.000346022
0.00133193
0.0261318
0.00246767
0.0476593
0.0011762
0.000275824
0.000123224
1.01952e-05
0.000205166
0.000317857
0.000874265
0.0287839
0.00216679
0.0508262
0.00113124
0.000199293
0.00011193
1.08796e-05
0.000175162
0.000291978
0.000573347
0.0316066
0.00202585
0.0540998
0.00108567
0.000143978
0.00010167
1.1787e-05
0.000149537
0.000268201
0.000375784
0.0346108
0.00199863
0.0574705
0.00103945
0.000104006
9.23503e-05
1.28187e-05
0.000127655
0.000246356
0.000246203
0.0377975
0.00205505
0.0609265
0.00099251
7.51255e-05
8.38839e-05
1.39539e-05
0.00010897
0.000226286
0.000161264
0.0411612
0.00217585
0.0644545
0.000944769
5.42621e-05
7.61931e-05
1.51931e-05
9.30172e-05
0.000207848
0.000105612
0.0446914
0.00234916
0.0680396
0.00089616
3.91913e-05
6.92069e-05
1.65432e-05
7.93969e-05
0.00019091
6.91574e-05
0.0483733
0.0025681
0.0716655
0.000846605
2.83056e-05
6.2861e-05
1.80136e-05
6.77684e-05
0.000175349
4.5283e-05
0.0521879
0.00282925
0.0753152
0.000796023
2.04431e-05
5.70966e-05
1.96148e-05
5.78391e-05
0.000161055
2.96491e-05
0.0561122
0.0031316
0.0789705
0.00074433
1.47643e-05
5.18606e-05
2.13582e-05
4.9355e-05
0.000147925
1.94123e-05
0.0601198
0.00347594
0.082613
0.000691436
1.0663e-05
4.71046e-05
2.32566e-05
4.20875e-05
0.000135864
1.27099e-05
0.0641812
0.00386435
0.0862241
0.00063725
7.70089e-06
4.27845e-05
2.53236e-05
3.58028e-05
0.000124786
8.32232e-06
0.0682647
0.00429994
0.0897856
0.000581673
5.56205e-06
3.88605e-05
2.75744e-05
3.01797e-05
0.000114615
5.45191e-06
0.0723373
0.00478671
0.0932796
0.000524602
4.02125e-06
3.52971e-05
3.00251e-05
2.45567e-05
0.000105287
3.57989e-06
0.0763656
0.00532937
0.0966896
0.00046593
2.94507e-06
3.20929e-05
3.26935e-05
1.71364e-05
9.67732e-05
2.37784e-06
0.080317
0.00593338
0.1
0.000405543
2.51299e-06
3.05844e-05
3.55991e-05
1.00516e-05
1.64495e-05
9.20595e-05
1.94821e-06
0.0789924
0.0815507
0.00697684
0.000344278
0.000280466
3.74435e-05
5.91355e-06
1.58431e-05
8.75752e-05
1.59651e-06
0.0776597
0.0826455
0.00820425
0.00029224
0.000194814
3.93718e-05
3.50067e-06
1.53359e-05
8.33092e-05
1.30881e-06
0.0763198
0.0836649
0.00964238
0.000248047
0.000136202
4.13938e-05
2.09853e-06
1.49558e-05
7.92508e-05
1.07382e-06
0.0749738
0.0846445
0.0113223
0.000210523
9.61378e-05
4.35167e-05
1.28963e-06
1.47445e-05
7.53899e-05
8.82507e-07
0.0736229
0.0856037
0.013279
0.000178665
6.87989e-05
4.57472e-05
8.3021e-07
1.47634e-05
7.1717e-05
7.27817e-07
0.0722682
0.0865534
0.0155513
0.00015162
5.0192e-05
4.80913e-05
5.78235e-07
1.51029e-05
6.8223e-05
6.04564e-07
0.0709107
0.0874996
0.0181814
0.000128664
3.75796e-05
5.05551e-05
4.51297e-07
1.58956e-05
6.4899e-05
5.09524e-07
0.0695517
0.0884455
0.0212139
0.00010918
2.90848e-05
5.31449e-05
4.02008e-07
1.73354e-05
6.17369e-05
4.41802e-07
0.0681921
0.0893928
0.0246952
9.26431e-05
2.34208e-05
5.58672e-05
4.03648e-07
1.97058e-05
5.87288e-05
0.0668332
0.0903425
0.0286716
7.86091e-05
0.0654758
0.0912951
0.0331872
6.66996e-05
0.0641211
0.0922508
0.0382813
5.65933e-05
0.0627695
0.0932095
0.0439848
4.80176e-05
0.0614206
0.0941712
0.0503165
4.07408e-05
0.0600713
0.0951359
0.0572784
3.45664e-05
0.05871
0.0961035
0.0648519
2.93275e-05
0.0573019
0.0970739
0.0729942
2.48824e-05
0.0557437
0.0980468
0.0816353
2.1112e-05
0.0537348
0.0990222
0.0906781
1.79509e-05
0.0504013
0.1
0.1
1.65198e-05
0.0492965
0.0326679
0.0481463
0.0214066
0.0469526
0.0144778
0.045718
0.0104112
0.0444455
0.00824734
0.0431384
0.00738808
0.0418007
0.00748178
0.0404364
0.0083428
0.0390501
0.00989893
0.0376466
0.0121581
0.0362309
0.0151877
0.0348081
0.0191009
0.0333834
0.0240461
0.0319621
0.0301957
0.0305491
0.0377313
0.0291495
0.0468225
0.0277679
0.057599
0.0264088
0.0701153
0.0250769
0.0843148
0.023758
0.1
0.022009
0.0203323
0.018734
0.0172184
0.0157884
0.0144453
0.0131894
0.0120196
0.0109343
0.00993074
0.00900573
0.00815561
0.00737641
0.00666396
0.00601394
0.00542236
0.00488354
0.00440109
0.00393003
0.00368426
END_LIST
