BEGIN_LIST
0.1
0.099753
0.0994947
0.0992245
0.0989421
0.0986469
0.0983386
0.0980166
0.0976805
0.0973298
0.0969639
0.0965824
0.0961844
0.0957692
0.0953352
0.0948793
0.0943946
0.093865
0.0932516
0.0924597
0.0912587
0.0867945
0.0912163
0.0819559
0.0911661
0.0768012
0.0911067
0.071406
0.0910366
0.065859
0.0909536
0.0602563
0.0908557
0.0546948
0.0907402
0.0492663
0.0906039
0.0440518
0.0904434
0.0391179
0.0902542
0.0345147
0.0900317
0.0302758
0.0897701
0.0264196
0.0894629
0.0229531
0.0891027
0.0198765
0.0886809
0.0171932
0.088188
0.0149257
0.0876127
0.0131508
0.0869354
0.0120745
0.0858841
0.0122004
0.0761407
0.0112602
0.012883
0.0127274
0.0699578
0.0706049
0.010381
0.0135631
0.0138445
0.0641746
0.0650003
0.0095607
0.0142525
0.0153498
0.0587823
0.0594149
0.00879677
0.0149587
0.0171481
0.0537691
0.0539332
0.00808671
0.0156865
0.0191965
0.0491209
0.0486313
0.00742785
0.0164392
0.0214769
0.0448217
0.0435738
0.00681747
0.017219
0.0239821
0.0408546
0.0388113
0.00625284
0.0180274
0.0267078
0.0372014
0.0343799
0.00573124
0.0188655
0.0296492
0.0338438
0.0303014
0.00525
0.0197343
0.0327983
0.0307632
0.0265844
0.00480652
0.0206343
0.0361423
0.0279409
0.0232266
0.00439825
0.0215661
0.0396631
0.0253583
0.0202161
0.00402278
0.0225301
0.0433369
0.0229967
0.0175332
0.00367779
0.0235266
0.0471339
0.0208364
0.015151
0.00336105
0.0245557
0.0510195
0.0188551
0.0130335
0.00307048
0.0256175
0.0549547
0.0170245
0.0111291
0.0028041
0.026712
0.0588978
0.0153018
0.00935374
0.00256004
0.027839
0.0628058
0.0136128
0.00755108
0.00233768
0.0289983
0.0666361
0.0118153
0.00539938
0.00201569
0.0301895
0.0703488
0.00961958
0.00219691
0.00172983
0.00185536
0.0217245
0.0428662
0.0210671
0.0727587
0.00932493
0.00717225
0.00200104
0.00061173
0.00148333
0.00170747
0.0152026
0.0500661
0.0149404
0.0750866
0.009028
0.00530344
0.00182217
0.00018707
0.00127109
0.0015711
0.0104205
0.0549041
0.0108799
0.077325
0.00872843
0.00389719
0.00165891
7.4882e-05
0.00108858
0.0014454
0.00703783
0.0586927
0.00823611
0.0794677
0.00842586
0.00285055
0.00150996
4.69023e-05
0.000931807
0.00132957
0.00470474
0.0619817
0.00656236
0.0815097
0.0081199
0.00207786
0.00137412
4.17583e-05
0.000797267
0.00122286
0.00312319
0.0649965
0.00555471
0.0834472
0.00781016
0.00151082
0.00125027
4.29651e-05
0.0006819
0.00112458
0.00206358
0.0678241
0.00500823
0.0852775
0.0074962
0.0010965
0.00113741
4.61093e-05
0.000583041
0.00103408
0.00135922
0.0704941
0.00478594
0.0869995
0.0071776
0.00079474
0.00103459
5.00247e-05
0.000498379
0.00095077
0.000893419
0.0730129
0.00479712
0.088613
0.0068539
0.000575463
0.000940934
5.442e-05
0.000425911
0.000874086
0.000586448
0.0753791
0.00498237
0.090119
0.0065246
0.000416393
0.000855654
5.92411e-05
0.000363908
0.000803518
0.000384604
0.0775893
0.00530361
0.0915194
0.00618922
0.000301139
0.000778018
6.44995e-05
0.000310877
0.000738587
0.000252082
0.0796414
0.00573714
0.0928169
0.00584721
0.000217705
0.000707355
7.02272e-05
0.000265532
0.000678854
0.000165159
0.0815354
0.00626906
0.0940151
0.00549804
0.000157346
0.000643052
7.64637e-05
0.000226763
0.000623909
0.000108181
0.0832734
0.00689222
0.0951179
0.00514111
0.000113699
0.000584546
8.32536e-05
0.000193601
0.000573376
7.08487e-05
0.0848593
0.00760406
0.0961299
0.00477582
8.21484e-05
0.000531323
9.06457e-05
0.000165169
0.000526907
4.63952e-05
0.0862992
0.00840528
0.0970558
0.00440152
5.9347e-05
0.000482913
9.86933e-05
0.000140569
0.000484183
3.03826e-05
0.0876001
0.0092988
0.0979007
0.00401756
4.28746e-05
0.000438886
0.000107454
0.000118568
0.000444917
1.9905e-05
0.0887702
0.0102892
0.0986696
0.00362322
3.10036e-05
0.000398859
0.000116992
9.66324e-05
0.000408876
1.3071e-05
0.0898184
0.0113821
0.0993677
0.00321777
2.27101e-05
0.000362834
0.000127374
6.78945e-05
0.000375956
8.6824e-06
0.0907538
0.0125841
0.1
0.00280042
1.93799e-05
0.000345866
0.000138676
3.98177e-05
6.54935e-05
0.000357718
7.11388e-06
0.0903932
0.091118
0.0146254
0.00239582
0.00193025
0.000145849
2.34158e-05
6.35432e-05
0.000340361
5.82989e-06
0.0900205
0.0915464
0.0169674
0.00204719
0.00133372
0.000153347
1.3849e-05
6.21783e-05
0.000323843
4.77965e-06
0.0896354
0.0920081
0.0196329
0.00174747
0.000924986
0.000161208
8.28658e-06
6.15986e-05
0.000308122
3.92205e-06
0.0892377
0.0924862
0.0226436
0.00149029
0.000645134
0.00016946
5.07402e-06
6.20988e-05
0.000293162
3.22421e-06
0.088827
0.0929718
0.0260171
0.00126999
0.00045372
0.000178128
3.24499e-06
6.41115e-05
0.000278925
2.66059e-06
0.0884031
0.0934598
0.0297645
0.00108154
0.000322991
0.000187235
2.23632e-06
6.82702e-05
0.000265377
2.21261e-06
0.0879657
0.0939475
0.0338878
0.000920542
0.000233911
0.000196806
1.72098e-06
7.55017e-05
0.000252485
1.86912e-06
0.0875147
0.0944333
0.038377
0.000783135
0.000173423
0.000206864
1.51069e-06
8.71601e-05
0.000240217
1.6279e-06
0.0870497
0.0949166
0.0432082
0.000665966
0.000132574
0.000217434
1.49895e-06
0.000105222
0.000228543
0.0865705
0.0953968
0.0483423
0.000566131
0.0860768
0.0958737
0.0537242
0.00048112
0.085568
0.0963471
0.0592843
0.000408771
0.0850433
0.0968168
0.064941
0.000347228
0.0845001
0.0972829
0.0706042
0.000294897
0.0839317
0.0977453
0.0761811
0.000250413
0.0833195
0.0982039
0.0815816
0.000212612
0.08261
0.0986587
0.0867241
0.000180498
0.0816517
0.0991097
0.0915398
0.000153228
0.0800126
0.0995568
0.0959765
0.000130344
0.0764622
0.1
0.1
0.00011998
0.0763956
0.0525814
0.0763229
0.0361748
0.0762436
0.0254567
0.076157
0.0188779
0.0760626
0.0152443
0.0759596
0.0137201
0.0758473
0.0137666
0.075725
0.0150663
0.0755917
0.017455
0.0754465
0.020868
0.0752885
0.0252967
0.0751166
0.0307528
0.0749296
0.0372367
0.0747263
0.0447088
0.0745055
0.0530671
0.0742656
0.0621354
0.0740054
0.0716664
0.0737232
0.0813612
0.0734173
0.0909038
0.0730857
0.1
0.0725808
0.0720186
0.0713939
0.0707012
0.0699348
0.0690893
0.0681592
0.0671391
0.0660243
0.0648105
0.0634944
0.0620736
0.060547
0.0589151
0.0571796
0.0553461
0.0534118
0.0514301
0.0491717
0.047902
END_LIST
