BEGIN_LIST
0.1
0.0992781
0.0985309
0.097758
0.0969592
0.0961343
0.095283
0.0944053
0.093501
0.0925702
0.0916128
0.0906289
0.0896184
0.088581
0.0875155
0.0864187
0.085282
0.0840836
0.0827692
0.0812041
0.0790571
0.0722003
0.0785082
0.0654172
0.0778689
0.0588193
0.077127
0.0525029
0.0762694
0.0465456
0.0752823
0.0410041
0.0741515
0.0359138
0.0728632
0.0312912
0.0714042
0.0271359
0.0697629
0.0234346
0.06793
0.0201641
0.0658997
0.0172948
0.0636706
0.0147937
0.0612465
0.0126269
0.058637
0.0107622
0.0558583
0.00917326
0.0529326
0.00784539
0.0498879
0.00678903
0.0467525
0.00606927
0.0434197
0.00587361
0.0358369
0.00537621
0.00628325
0.0058361
0.0324707
0.0313077
0.00491852
0.00667387
0.00623461
0.029406
0.0272508
0.00449776
0.00706005
0.00690023
0.0266184
0.0236426
0.00411129
0.00745096
0.00775722
0.0240851
0.0204535
0.00375661
0.00785241
0.00877555
0.0217847
0.01765
0.00343132
0.00826825
0.00994776
0.0196973
0.0151974
0.0031332
0.00870113
0.0112776
0.0178045
0.0130607
0.00286015
0.00915298
0.0127746
0.016089
0.0112057
0.0026102
0.00962534
0.0144508
0.014535
0.00960042
0.0023815
0.0101195
0.0163195
0.013128
0.00821484
0.00217236
0.0106365
0.0183939
0.0118545
0.00702153
0.00198118
0.0111774
0.0206863
0.0107019
0.00599554
0.00180649
0.0117433
0.0232075
0.00965852
0.0051142
0.00164691
0.012335
0.0259654
0.00871282
0.00435661
0.0015012
0.0129536
0.0289647
0.00785286
0.00370253
0.00136819
0.0135999
0.0322058
0.00706449
0.00313001
0.0012468
0.014275
0.0356837
0.00632788
0.00261022
0.00113604
0.0149796
0.0393874
0.00561001
0.00209588
0.00103554
0.0157149
0.0432997
0.00484872
0.00149479
0.000890299
0.0164816
0.047396
0.00391834
0.000609326
0.000761409
0.000818322
0.0112465
0.0240065
0.0114621
0.0502443
0.00379785
0.00285242
0.000553742
0.000172829
0.000650979
0.00075211
0.00757176
0.0286636
0.0081333
0.0531441
0.00367646
0.00207196
0.000503201
5.62647e-05
0.00055642
0.000691212
0.00505071
0.0322413
0.00595188
0.0560852
0.00355403
0.00150266
0.000457252
2.57981e-05
0.000475489
0.000635206
0.00334795
0.0354582
0.00454862
0.0590557
0.00343041
0.00108852
0.00041548
1.85561e-05
0.000406251
0.000583707
0.00220992
0.0385998
0.00367439
0.0620424
0.00330544
0.000787865
0.00037751
1.7642e-05
0.000347039
0.000536356
0.00145466
0.0417736
0.00316214
0.0650315
0.00317895
0.000569904
0.000342997
1.8521e-05
0.000296415
0.000492823
0.000955739
0.0450124
0.00290049
0.0680086
0.00305078
0.000412061
0.00031163
1.99819e-05
0.000253146
0.000452805
0.000627175
0.0483167
0.00281569
0.0709591
0.00292074
0.00029784
0.000283122
2.17081e-05
0.000216171
0.00041602
0.000411235
0.0516723
0.00285939
0.0738686
0.00278865
0.000215231
0.000257216
2.3624e-05
0.00018458
0.000382209
0.000269503
0.0550576
0.00300035
0.0767233
0.0026543
0.000155508
0.000233674
2.572e-05
0.000157594
0.000351135
0.000176558
0.0584479
0.0032189
0.0795101
0.0025175
0.000112344
0.000212283
2.80049e-05
0.000134544
0.000322577
0.000115641
0.0618168
0.00350324
0.0822168
0.00237801
8.11537e-05
0.000192845
3.04934e-05
0.000114858
0.000296334
7.57307e-05
0.0651377
0.00384696
0.0848327
0.00223563
5.86192e-05
0.000175184
3.32032e-05
9.80434e-05
0.000272219
4.95896e-05
0.068385
0.00424739
0.0873482
0.0020901
4.23401e-05
0.000159138
3.61538e-05
8.36727e-05
0.000250061
3.24702e-05
0.0715346
0.00470452
0.0897554
0.00194118
3.05809e-05
0.00014456
3.93664e-05
7.13608e-05
0.000229701
2.12602e-05
0.0745652
0.00522025
0.0920479
0.00178861
2.20872e-05
0.000131315
4.28644e-05
6.07151e-05
0.000210997
1.39214e-05
0.0774584
0.00579794
0.0942211
0.00163211
1.59535e-05
0.000119283
4.6673e-05
5.11985e-05
0.00019382
9.11998e-06
0.0801991
0.00644207
0.0962717
0.00147139
1.15345e-05
0.000108353
5.08198e-05
4.17118e-05
0.000178063
5.98853e-06
0.0827761
0.00715808
0.0981981
0.00130615
8.44792e-06
9.8525e-05
5.53348e-05
2.92773e-05
0.00016368
3.97775e-06
0.0851818
0.00795217
0.1
0.00113607
7.20864e-06
9.38976e-05
6.02507e-05
1.71721e-05
2.82221e-05
0.000155715
3.25907e-06
0.0843488
0.0859713
0.00931693
0.000965841
0.000783106
6.3371e-05
1.01016e-05
2.73532e-05
0.000148137
2.67076e-06
0.0834985
0.0867416
0.01091
0.000820861
0.000541241
6.66333e-05
5.97844e-06
2.6725e-05
0.000140927
2.1895e-06
0.0826312
0.0875003
0.0127598
0.000697459
0.000375582
7.00537e-05
3.5821e-06
2.64182e-05
0.000134068
1.79646e-06
0.0817471
0.0882519
0.0148978
0.000592475
0.000262196
7.36449e-05
2.19923e-06
2.65521e-05
0.000127542
1.4765e-06
0.0808465
0.088999
0.0173577
0.000503198
0.00018467
7.74178e-05
1.41331e-06
2.73015e-05
0.000121333
1.21787e-06
0.0799298
0.0897432
0.0201739
0.000427304
0.000131743
8.13826e-05
9.81628e-07
2.89231e-05
0.000115426
1.01192e-06
0.0789972
0.0904854
0.02338
0.000362806
9.56989e-05
8.55497e-05
7.63335e-07
3.17921e-05
0.000109806
8.53344e-07
0.0780494
0.091226
0.0270071
0.000308008
7.12423e-05
8.99297e-05
6.77405e-07
3.64568e-05
0.000104459
7.40751e-07
0.0770866
0.0919652
0.0310813
0.00026146
5.47447e-05
9.45336e-05
6.78114e-07
4.37181e-05
9.93728e-05
0.0761093
0.0927032
0.0356208
0.000221928
0.075118
0.0934399
0.040633
0.000188359
0.0741131
0.0941753
0.0461113
0.000159859
0.0730944
0.0949092
0.0520323
0.000135663
0.0720608
0.0956418
0.0583532
0.000115125
0.0710076
0.0963727
0.0650115
9.76926e-05
0.0699206
0.0971019
0.0719249
8.2897e-05
0.068757
0.0978294
0.0789945
7.03405e-05
0.0673938
0.098555
0.0861085
5.96878e-05
0.0654763
0.0992785
0.0931494
5.0755e-05
0.061987
0.1
0.1
4.67106e-05
0.0615184
0.0410204
0.0610144
0.0272957
0.0604733
0.018659
0.0598933
0.013498
0.0592726
0.0106978
0.0586097
0.00953541
0.057903
0.00957149
0.0571513
0.0105638
0.0563532
0.0124049
0.055508
0.0150795
0.0546149
0.0186347
0.0536736
0.0231571
0.052684
0.0287524
0.0516466
0.035524
0.0505622
0.0435473
0.0494318
0.0528433
0.0482571
0.0633508
0.0470403
0.0749072
0.0457842
0.0872434
0.0444813
0.1
0.0426329
0.0407313
0.0387885
0.0368172
0.0348307
0.0328429
0.0308674
0.0289173
0.027005
0.025142
0.0233382
0.0216022
0.0199409
0.01836
0.0168629
0.015453
0.0141273
0.0129065
0.0116785
0.0110286
END_LIST
