BEGIN_LIST
0.1
0.0999373
0.0998714
0.0998021
0.0997295
0.0996531
0.099573
0.0994889
0.0994006
0.099308
0.0992107
0.0991087
0.0990015
0.0988887
0.0987697
0.0986429
0.0985051
0.0983486
0.0981545
0.0978772
0.0974046
0.0954766
0.0974036
0.0932159
0.0974024
0.0905952
0.097401
0.0875956
0.0973994
0.0842093
0.0973975
0.0804429
0.0973952
0.0763195
0.0973924
0.0718801
0.0973892
0.067182
0.0973855
0.0622977
0.097381
0.0573099
0.0973757
0.0523075
0.0973694
0.0473811
0.0973621
0.0426209
0.0973533
0.0381185
0.097343
0.0339786
0.0973308
0.0303483
0.0973163
0.0274846
0.0972956
0.0259036
0.0971244
0.0267031
0.090728
0.0251256
0.0269639
0.0300328
0.0851809
0.0888276
0.0235929
0.0275454
0.0333259
0.0797617
0.086631
0.0221099
0.0283323
0.0366967
0.0744963
0.0841196
0.0206807
0.0292541
0.040182
0.0694071
0.0812824
0.0193085
0.0302674
0.0437802
0.0645129
0.0781179
0.0179959
0.0313453
0.0474702
0.0598286
0.0746368
0.0167446
0.0324709
0.0512201
0.0553656
0.0708624
0.0155557
0.0336334
0.0549925
0.0511317
0.0668316
0.0144296
0.0348258
0.058747
0.0471311
0.062593
0.0133661
0.0360429
0.0624428
0.0433651
0.058205
0.0123646
0.0372812
0.0660407
0.0398319
0.0537317
0.0114238
0.0385376
0.0695048
0.0365271
0.0492377
0.0105423
0.0398099
0.0728037
0.033443
0.0447811
0.00971816
0.0410956
0.075912
0.0305681
0.0404046
0.00894934
0.0423926
0.0788104
0.027885
0.0361196
0.00823354
0.0436989
0.0814863
0.0253651
0.0318795
0.00756833
0.0450122
0.0839336
0.0229582
0.0275232
0.00695116
0.0463307
0.0861518
0.0205687
0.0226564
0.00638192
0.047652
0.0881457
0.0180062
0.0163863
0.00555272
0.0489742
0.089924
0.0148793
0.00671478
0.00481633
0.00513364
0.0388912
0.0662435
0.0348462
0.0910007
0.0144267
0.0116674
0.00616945
0.00187049
0.00416847
0.00474378
0.0295267
0.0749093
0.0251702
0.0919899
0.0139706
0.00897768
0.00566303
0.000569084
0.00360085
0.00438145
0.0215614
0.0796539
0.0186632
0.0928962
0.0135103
0.0068032
0.00519362
0.000224661
0.00310533
0.00404501
0.0152598
0.082575
0.0143844
0.0937243
0.0130453
0.0050937
0.00475926
0.000138374
0.00267411
0.00373288
0.0105468
0.0846105
0.0116612
0.0944792
0.0125749
0.00377855
0.00435795
0.000122087
0.00229987
0.00344353
0.00716506
0.0861812
0.0100229
0.0951658
0.0120987
0.00278333
0.00398772
0.000125239
0.00197585
0.00317551
0.00480922
0.0874779
0.00914518
0.095789
0.0116159
0.00203949
0.00364662
0.000134285
0.00169588
0.00292739
0.00320133
0.0885901
0.00880759
0.0963535
0.011126
0.00148863
0.00333274
0.000145643
0.0014544
0.00269785
0.00211912
0.0895622
0.00886184
0.0968639
0.0106281
0.00108344
0.00304424
0.000158411
0.00124643
0.00248563
0.00139751
0.0904191
0.00920949
0.0973247
0.0101215
0.000786887
0.00277934
0.000172419
0.00106755
0.00228951
0.000919341
0.0911764
0.00978614
0.0977399
0.0096056
0.000570631
0.00253634
0.000187695
0.000913872
0.00210837
0.000603789
0.0918458
0.0105505
0.0981136
0.00907946
0.000413346
0.00231363
0.000204328
0.000781959
0.00194113
0.000396118
0.092437
0.0114771
0.0984495
0.00854226
0.000299172
0.00210967
0.000222434
0.0006688
0.0017868
0.000259691
0.0929583
0.0125508
0.0987509
0.00799314
0.000216409
0.00192302
0.000242139
0.000571729
0.00164444
0.000170172
0.0934171
0.0137638
0.0990212
0.00743115
0.000156474
0.00175233
0.000263583
0.000488288
0.00151316
0.000111479
0.0938204
0.0151129
0.0992632
0.00685533
0.000113105
0.00159632
0.000286918
0.000415903
0.00139216
7.30222e-05
0.0941743
0.0165976
0.0994797
0.00626465
8.1744e-05
0.00145382
0.000312309
0.000350928
0.00128069
4.78483e-05
0.0944843
0.0182193
0.0996731
0.00565803
5.91282e-05
0.00132375
0.000339936
0.000285708
0.00117816
3.14241e-05
0.0947556
0.0199802
0.0998459
0.00503435
4.3321e-05
0.00120628
0.000369994
0.000199309
0.00108431
2.08757e-05
0.0949927
0.0218826
0.1
0.00439242
3.69724e-05
0.00115087
0.000402693
0.000116849
0.000191246
0.00103225
1.71055e-05
0.0948813
0.0951285
0.0250364
0.00381011
0.00304218
0.000423434
6.86555e-05
0.000184086
0.00098265
1.40197e-05
0.0947654
0.095335
0.0285334
0.00329511
0.0021164
0.000445106
4.0527e-05
0.000178028
0.000935402
1.14964e-05
0.0946449
0.0955788
0.0323639
0.00284221
0.00148237
0.000467817
2.41532e-05
0.000173377
0.000890395
9.4373e-06
0.0945196
0.0958416
0.0365089
0.00244591
0.00104878
0.000491647
1.46739e-05
0.000170581
0.000847526
7.76429e-06
0.0943894
0.0961133
0.0409374
0.00210065
0.000752851
0.000516667
9.24948e-06
0.000170309
0.000806697
6.41735e-06
0.094254
0.0963883
0.0456051
0.00180098
0.000551473
0.000542942
6.22365e-06
0.000173539
0.000767812
5.3543e-06
0.0941133
0.0966638
0.0504552
0.00154174
0.000415046
0.000570538
4.63328e-06
0.000181708
0.000730781
4.55245e-06
0.0939672
0.0969379
0.0554191
0.0013181
0.000323257
0.000599523
3.92219e-06
0.000196919
0.000695518
4.01355e-06
0.0938152
0.0972098
0.0604203
0.00112564
0.000262175
0.000629966
3.77378e-06
0.000222246
0.000661939
0.0936574
0.097479
0.0653776
0.000960358
0.0934933
0.0977453
0.0702108
0.000818672
0.0933225
0.0980085
0.0748451
0.000697398
0.0931439
0.0982685
0.0792157
0.000593731
0.0929548
0.0985254
0.0832712
0.000505214
0.0927484
0.0987791
0.0869756
0.000429706
0.0925047
0.0990296
0.0903087
0.000365346
0.0921676
0.0992769
0.0932652
0.000310527
0.0915771
0.0995211
0.0958527
0.000263877
0.0902762
0.0997621
0.0980891
0.000224663
0.0869603
0.1
0.1
0.000206889
0.0869575
0.063076
0.0869543
0.0458095
0.0869509
0.0340201
0.0869471
0.0265614
0.086943
0.0224126
0.0869386
0.0207712
0.0869337
0.021067
0.0869284
0.0229251
0.0869225
0.0261087
0.0869162
0.0304627
0.0869092
0.0358639
0.0869016
0.0421816
0.0868933
0.0492512
0.0868843
0.0568625
0.0868744
0.0647646
0.0868636
0.0726865
0.0868518
0.0803657
0.0868389
0.0875772
0.0868248
0.0941549
0.0868093
0.1
0.0867856
0.0867587
0.0867283
0.086694
0.0866552
0.0866114
0.0865618
0.0865057
0.0864424
0.0863709
0.08629
0.0861987
0.0860956
0.0859793
0.0858479
0.0856998
0.085532
0.0853474
0.0851156
0.084979
END_LIST
