BEGIN_LIST
0.1
0.0970408
0.0941228
0.0912485
0.0884202
0.0856399
0.0829094
0.0802305
0.0776045
0.0750328
0.0725164
0.070056
0.0676522
0.0653048
0.0630122
0.0607698
0.0585648
0.0563642
0.054082
0.0514965
0.0480337
0.0410896
0.0437908
0.0350622
0.0397177
0.029855
0.0358496
0.0253746
0.0322128
0.0215329
0.0288248
0.0182484
0.0256951
0.0154473
0.0228258
0.0130635
0.0202133
0.0110386
0.0178494
0.00932109
0.0157221
0.00786626
0.0138171
0.00663537
0.0121187
0.00559508
0.0106102
0.00471704
0.00927492
0.00397751
0.00809655
0.0033575
0.00705934
0.00284377
0.00614848
0.00243197
0.00535002
0.00213436
0.00464359
0.0019985
0.0036584
0.00182012
0.00215059
0.00192151
0.00329805
0.00311258
0.00165755
0.00229395
0.00202487
0.00297311
0.00264757
0.0015094
0.00243488
0.00223524
0.00268012
0.00225158
0.00137443
0.00257732
0.00252029
0.00241595
0.00191449
0.00125146
0.00272379
0.00286781
0.00217777
0.00162764
0.00113944
0.00287599
0.00327569
0.00196304
0.00138359
0.0010374
0.0030351
0.00374719
0.00176944
0.00117602
0.000944464
0.00320202
0.00428874
0.00159492
0.000999493
0.000859824
0.00337749
0.0049089
0.00143758
0.000849397
0.000782746
0.00356215
0.00561799
0.00129573
0.000721787
0.000712557
0.00375661
0.00642795
0.00116785
0.000613296
0.000648644
0.00396146
0.00735239
0.00105251
0.000521044
0.00059045
0.00417729
0.00840661
0.000948441
0.000442549
0.000537466
0.00440469
0.00960782
0.000854391
0.000375632
0.000489226
0.0046443
0.0109752
0.000769098
0.000318284
0.000445308
0.00489675
0.01253
0.000691101
0.00026844
0.000405327
0.00516274
0.0142959
0.000618396
0.000223524
0.000368927
0.00544296
0.0162986
0.000547689
0.00017946
0.000335967
0.00573815
0.0185662
0.000472823
0.00012844
0.000288396
0.0060491
0.0211292
0.000381371
5.38268e-05
0.000246189
0.000264879
0.00398258
0.00892955
0.00424714
0.0230449
0.000369686
0.000275538
4.88899e-05
1.73593e-05
0.000210151
0.000243277
0.002617
0.0108388
0.00306863
0.0251131
0.000357916
0.000199051
4.44056e-05
7.81245e-06
0.000179382
0.000223436
0.00171748
0.0124606
0.00230943
0.0273465
0.000346048
0.000143785
4.03326e-05
5.52564e-06
0.000153114
0.000205211
0.00112621
0.0140698
0.00183334
0.029757
0.000334067
0.000103857
3.66331e-05
5.2154e-06
0.00013069
0.000188471
0.000738087
0.015783
0.00154975
0.0323563
0.000321958
7.50138e-05
3.32728e-05
5.46359e-06
0.000111547
0.000173096
0.00048355
0.0176563
0.00139857
0.0351558
0.000309705
5.41791e-05
3.02207e-05
5.89138e-06
9.52069e-05
0.000158974
0.000316718
0.0197225
0.00134013
0.0381667
0.000297292
3.91303e-05
2.74486e-05
6.39955e-06
8.1259e-05
0.000146004
0.000207414
0.022006
0.00134851
0.0413997
0.0002847
2.8261e-05
2.49307e-05
6.96428e-06
6.93537e-05
0.000134091
0.000135819
0.0245284
0.00140694
0.0448653
0.000271912
2.04106e-05
2.26437e-05
7.58227e-06
5.91919e-05
0.000123149
8.89309e-05
0.02731
0.0015049
0.0485728
0.000258908
1.47408e-05
2.05665e-05
8.25602e-06
5.05185e-05
0.0001131
5.82273e-05
0.0303711
0.00163606
0.0525309
0.00024567
1.06459e-05
1.86799e-05
8.98989e-06
4.31156e-05
0.000103871
3.81232e-05
0.0337315
0.001797
0.0567469
0.000232174
7.68856e-06
1.69662e-05
9.78905e-06
3.67968e-05
9.53943e-05
2.49599e-05
0.0374103
0.00198629
0.0612268
0.000218401
5.5527e-06
1.54098e-05
1.06593e-05
3.14023e-05
8.76092e-05
1.63415e-05
0.0414252
0.00220398
0.0659745
0.000204326
4.01017e-06
1.39962e-05
1.16068e-05
2.67939e-05
8.04592e-05
1.06989e-05
0.0457921
0.00245117
0.070992
0.000189926
2.89615e-06
1.27122e-05
1.26387e-05
2.28466e-05
7.38927e-05
7.00478e-06
0.0505243
0.0027298
0.0762786
0.000175175
2.09161e-06
1.1546e-05
1.37622e-05
1.94327e-05
6.78625e-05
4.58658e-06
0.0556313
0.00304251
0.081831
0.000160048
1.51068e-06
1.04868e-05
1.49856e-05
1.63762e-05
6.23265e-05
3.00461e-06
0.0611184
0.00339255
0.0876426
0.000144515
1.09219e-06
9.52492e-06
1.63177e-05
1.33124e-05
5.72503e-05
1.97291e-06
0.0669852
0.00378374
0.0937035
0.000128547
7.99896e-07
8.66009e-06
1.77683e-05
9.24914e-06
5.2618e-05
1.31044e-06
0.0732249
0.00422046
0.1
0.000112115
6.82542e-07
8.25296e-06
1.93478e-05
5.42545e-06
8.84991e-06
5.00534e-05
1.07366e-06
0.0711337
0.0751566
0.0049783
9.51281e-05
7.81703e-05
2.03505e-05
3.19229e-06
8.48242e-06
4.76137e-05
8.79833e-07
0.0690826
0.0767322
0.00587568
8.07137e-05
5.4957e-05
2.13988e-05
1.89022e-06
8.15129e-06
4.52929e-05
7.21268e-07
0.0670719
0.0781188
0.00693544
6.84825e-05
3.91052e-05
2.24981e-05
1.13369e-06
7.86368e-06
4.30853e-05
5.9175e-07
0.0651019
0.0794082
0.00818494
5.81041e-05
2.83045e-05
2.36523e-05
6.97371e-07
7.63052e-06
4.09852e-05
4.86292e-07
0.0631729
0.0806507
0.00965638
4.9298e-05
2.09708e-05
2.4865e-05
4.49723e-07
7.46813e-06
3.89874e-05
4.00996e-07
0.0612851
0.0818739
0.0113873
4.18262e-05
1.60178e-05
2.61395e-05
3.141e-07
7.40073e-06
3.7087e-05
3.32996e-07
0.0594386
0.083093
0.0134211
3.54866e-05
1.27011e-05
2.74791e-05
2.4604e-07
7.46402e-06
3.52793e-05
2.80489e-07
0.0576335
0.0843163
0.0158077
3.01077e-05
1.05102e-05
2.88873e-05
2.19986e-07
7.71043e-06
3.35596e-05
2.42945e-07
0.0558696
0.0855484
0.0186042
2.5544e-05
9.09528e-06
3.03676e-05
2.21538e-07
8.21674e-06
3.19238e-05
0.054147
0.0867918
0.0218753
2.16719e-05
0.0524653
0.0880481
0.025694
1.83868e-05
0.0508243
0.0893181
0.0301414
1.55995e-05
0.0492234
0.0906021
0.0353066
1.32348e-05
0.047661
0.0919005
0.0412863
1.12284e-05
0.0461335
0.0932135
0.0481828
9.52627e-06
0.0446308
0.0945411
0.056102
8.08211e-06
0.0431234
0.0958836
0.0651496
6.85689e-06
0.0415255
0.0972408
0.0754262
5.81771e-06
0.0395844
0.0986129
0.0870202
4.9465e-06
0.0365533
0.1
0.1
4.5521e-06
0.0345755
0.0232469
0.0326566
0.0150597
0.0308005
0.0101411
0.0290103
0.00731867
0.0272887
0.00586755
0.0256373
0.00535296
0.0240574
0.00552844
0.0225495
0.00627192
0.0211135
0.00754702
0.019749
0.00938083
0.018455
0.0118524
0.0172303
0.0150883
0.0160732
0.0192622
0.0149818
0.0245979
0.0139541
0.0313719
0.0129877
0.0399158
0.0120803
0.0506146
0.0112293
0.0638966
0.0104328
0.0802131
0.00967494
0.1
0.00872271
0.00785734
0.00707224
0.00636104
0.00571768
0.00513639
0.00461179
0.0041388
0.00371275
0.00332928
0.00298439
0.00267441
0.00239596
0.00214597
0.00192162
0.00172045
0.00153968
0.00137972
0.00122542
0.00114538
END_LIST
