BEGIN_LIST
0
-1.41948e-147
-4.98119e-147
-1.39032e-146
-3.62397e-146
-9.21524e-146
-2.32116e-145
-5.82529e-145
-1.46001e-144
-3.65778e-144
-9.16388e-144
-2.29624e-143
-5.75521e-143
-1.4429e-142
-3.61872e-142
-9.0789e-142
-2.27862e-141
-5.72119e-141
-1.4371e-140
-3.61142e-140
-1.05573e-140
1.42485e-139
-9.88352e-141
4.15859e-139
-9.19644e-141
8.84617e-139
-8.4952e-141
1.66794e-138
-7.77889e-141
2.9556e-138
-7.04657e-141
5.05141e-138
-6.29724e-141
8.44564e-138
-5.52978e-141
1.39371e-137
-4.73816e-141
2.2843e-137
-3.70849e-141
3.73643e-137
6.63151e-141
6.12319e-137
4.1297e-139
1.00864e-136
1.77003e-137
1.67475e-136
7.54637e-136
2.80943e-136
3.2167e-134
4.77021e-136
1.37129e-132
8.20873e-136
5.84558e-131
1.43262e-135
2.49195e-129
2.53561e-135
1.06222e-127
4.54636e-135
4.52801e-126
8.23565e-135
1.93024e-124
8.43707e-135
1.09665e-134
4.75228e-135
4.5287e-124
2.04639e-124
8.6235e-135
1.2604e-134
2.76119e-135
8.67818e-124
2.16673e-124
8.79332e-135
1.35321e-134
1.61484e-135
1.50461e-123
2.2906e-124
8.94511e-135
1.39991e-134
9.50261e-136
2.45301e-123
2.41708e-124
9.07757e-135
1.41661e-134
5.62418e-136
3.83271e-123
2.54496e-124
9.18967e-135
1.41372e-134
3.34652e-136
5.80241e-123
2.67268e-124
9.28059e-135
1.39805e-134
2.00101e-136
8.57162e-123
2.7983e-124
9.34976e-135
1.37401e-134
1.2018e-136
1.24166e-122
2.91947e-124
9.39687e-135
1.34451e-134
7.24677e-137
1.77019e-122
3.03336e-124
9.4219e-135
1.31145e-134
4.3853e-137
2.49094e-122
3.13666e-124
9.42506e-135
1.2761e-134
2.66205e-137
3.46794e-122
3.22546e-124
9.4068e-135
1.23933e-134
1.62041e-137
4.7868e-122
3.29511e-124
9.36782e-135
1.20171e-134
9.8871e-138
6.56285e-122
3.33973e-124
9.30898e-135
1.16366e-134
6.0451e-138
8.953e-122
3.35135e-124
9.23135e-135
1.12546e-134
3.7025e-138
1.21731e-121
3.31799e-124
9.13612e-135
1.08733e-134
2.27099e-138
1.65234e-121
3.21992e-124
9.02455e-135
1.04942e-134
1.39459e-138
2.24279e-121
3.02236e-124
8.90285e-135
1.01187e-134
8.5718e-139
3.04937e-121
2.66156e-124
8.32074e-135
9.74773e-135
5.27192e-139
4.16068e-121
2.01748e-124
4.95704e-134
9.38212e-135
3.24344e-139
5.7091e-121
8.56768e-125
2.65291e-133
4.76264e-134
9.73531e-135
4.39034e-135
1.4034e-134
2.35667e-139
6.05049e-121
5.07369e-121
8.17955e-125
2.37876e-125
8.96744e-133
4.57028e-134
9.55182e-135
2.06093e-135
1.7267e-134
1.71174e-139
6.3638e-121
4.38016e-121
7.79285e-125
6.57007e-126
2.77602e-132
4.38061e-134
8.94962e-135
9.68831e-136
1.9466e-134
1.24259e-139
6.64592e-121
3.68471e-121
7.40971e-125
1.81196e-126
8.41714e-132
4.19423e-134
8.27309e-135
4.55839e-136
2.09386e-134
9.01287e-140
6.8938e-121
3.03184e-121
7.03202e-125
4.9953e-127
2.54456e-131
4.01164e-134
8.20699e-135
2.1461e-136
2.19142e-134
6.52986e-140
7.10455e-121
2.44967e-121
6.66152e-125
1.37704e-127
7.70703e-131
3.83329e-134
1.02531e-134
1.01089e-136
2.2555e-134
4.72361e-140
7.2754e-121
1.95081e-121
6.29969e-125
3.79608e-128
2.34153e-130
3.65955e-134
1.83299e-134
4.76366e-137
2.29705e-134
3.40999e-140
7.40376e-121
1.53612e-121
5.94783e-125
1.04651e-128
7.13642e-130
3.4907e-134
4.36549e-134
2.2455e-137
2.32318e-134
2.45498e-140
7.48722e-121
1.19922e-121
5.60701e-125
2.88516e-129
2.18134e-129
3.327e-134
1.19395e-133
1.05871e-137
2.33832e-134
1.76109e-140
7.52359e-121
9.30167e-122
5.27808e-125
7.95471e-130
6.68494e-129
3.16861e-134
3.44766e-133
4.99189e-138
2.3451e-134
1.2573e-140
7.5109e-121
7.18014e-122
4.96172e-125
2.19336e-130
2.05335e-128
3.01568e-134
1.01823e-132
2.35323e-138
2.34496e-134
8.91935e-141
7.44747e-121
5.52283e-122
4.65841e-125
6.04848e-131
6.31977e-128
2.86827e-134
3.04075e-132
1.10861e-138
2.33859e-134
6.27336e-141
7.33185e-121
4.23698e-122
4.36846e-125
1.66842e-131
1.94849e-127
2.72644e-134
9.13832e-132
5.21463e-139
2.3262e-134
4.36072e-141
7.16294e-121
3.24433e-122
4.09205e-125
4.60616e-132
6.01666e-127
2.59018e-134
2.75714e-131
2.44497e-139
2.30773e-134
2.98165e-141
6.93992e-121
2.48079e-122
3.82919e-125
1.27561e-132
1.8603e-126
2.45946e-134
8.33964e-131
1.1389e-139
2.28297e-134
1.99054e-141
6.6623e-121
1.89503e-122
3.57981e-125
3.57346e-133
5.7585e-126
2.33422e-134
2.52669e-130
5.23531e-140
2.25165e-134
1.28131e-141
6.32996e-121
1.44654e-122
3.34372e-125
1.04388e-133
1.78428e-125
2.2144e-134
7.66348e-130
2.34115e-140
2.21352e-134
7.76696e-142
5.94313e-121
1.1037e-122
3.12066e-125
3.49479e-134
5.53336e-125
2.0999e-134
2.32598e-129
9.85047e-141
2.16835e-134
4.20409e-142
5.5024e-121
8.42663e-123
2.91035e-125
1.61484e-134
1.71734e-124
1.99071e-134
7.06293e-129
3.54381e-141
2.11601e-134
1.71455e-142
5.00877e-121
6.50943e-123
2.7147e-125
1.13392e-134
5.33415e-124
1.88699e-134
2.14533e-128
6.55258e-142
2.05646e-134
0
4.4636e-121
5.71808e-123
2.62106e-125
1.04111e-134
3.21977e-124
7.88702e-124
1.82806e-134
3.58034e-128
6.79312e-142
3.80807e-142
1.95153e-134
4.03462e-121
3.22725e-121
1.04625e-134
1.94297e-124
1.14249e-123
1.77079e-134
5.95525e-128
7.0424e-142
2.21312e-142
1.83103e-134
3.62854e-121
2.33208e-121
1.06653e-134
1.17229e-124
1.63271e-123
1.71514e-134
9.8889e-128
7.30078e-142
1.28618e-142
1.69674e-134
3.24845e-121
1.68453e-121
1.09489e-134
7.07235e-125
2.31189e-123
1.66109e-134
1.64069e-127
7.56868e-142
7.47458e-143
1.55114e-134
2.89625e-121
1.21639e-121
1.12785e-134
4.26649e-125
3.25281e-123
1.60859e-134
2.72097e-127
7.84673e-142
4.34358e-143
1.39744e-134
2.57277e-121
8.78102e-122
1.1637e-134
2.57373e-125
4.55625e-123
1.55762e-134
4.51158e-127
8.13613e-142
2.52381e-143
1.23933e-134
2.27799e-121
6.33722e-122
1.2016e-134
1.55255e-125
6.3618e-123
1.50814e-134
7.47977e-127
8.43958e-142
1.46613e-143
1.08074e-134
2.01121e-121
4.57216e-122
1.24114e-134
9.36543e-126
8.8628e-123
1.46013e-134
1.24002e-126
8.76391e-142
8.51385e-144
9.25624e-135
1.77121e-121
3.29751e-122
1.28216e-134
5.64945e-126
1.2327e-122
1.41355e-134
2.05569e-126
9.12747e-142
4.94088e-144
7.77633e-135
1.55644e-121
2.37709e-122
1.32458e-134
3.40786e-126
1.71253e-122
1.36837e-134
9.58037e-142
2.86431e-144
6.39886e-135
1.3651e-121
1.02607e-141
1.65755e-144
5.14798e-135
1.1953e-121
1.15498e-141
9.56383e-145
4.03977e-135
1.04513e-121
1.45029e-141
5.49097e-145
3.08212e-135
9.12707e-122
2.20404e-141
3.12637e-145
2.27536e-135
7.96219e-122
4.22461e-141
1.75471e-145
1.61335e-135
6.93968e-122
9.74989e-141
9.60148e-146
1.08504e-135
6.04379e-122
2.49754e-140
5.00961e-146
6.75994e-136
5.26008e-122
6.70541e-140
2.36635e-146
3.69927e-136
4.57564e-122
1.83479e-139
8.54771e-147
1.5003e-136
3.98611e-122
5.05765e-139
0
0
3.71549e-122
5.15732e-139
2.88439e-138
5.25895e-139
4.62116e-138
5.36258e-139
5.80615e-138
5.46826e-139
6.57386e-138
5.57602e-139
7.05692e-138
5.6859e-139
7.35528e-138
5.79795e-139
7.52723e-138
5.9122e-139
7.59467e-138
6.0287e-139
7.55399e-138
6.1475e-139
7.3879e-138
6.26864e-139
7.07634e-138
6.39216e-139
6.60582e-138
6.51812e-139
5.97629e-138
6.64656e-139
5.20474e-138
6.77752e-139
4.32479e-138
6.91107e-139
3.38273e-138
7.04724e-139
2.43113e-138
7.18609e-139
1.5219e-138
7.32772e-139
7.00126e-139
7.47138e-139
0
7.67628e-139
7.88678e-139
8.10305e-139
8.32524e-139
8.55352e-139
8.78803e-139
9.02896e-139
9.27648e-139
9.53076e-139
9.79198e-139
1.00603e-138
1.0336e-138
1.06192e-138
1.09101e-138
1.1209e-138
1.15156e-138
1.18322e-138
1.21497e-138
1.25116e-138
1.27176e-138
END_LIST
