BEGIN_LIST
0.1
0.0990979
0.0981678
0.0972097
0.0962237
0.0952098
0.0941682
0.0930992
0.0920029
0.09088
0.0897306
0.0885554
0.0873547
0.0861286
0.0848764
0.083595
0.0822759
0.0808964
0.079399
0.0776404
0.0752652
0.0680496
0.0744043
0.0610611
0.0734129
0.0543984
0.0722774
0.0481387
0.0709841
0.0423366
0.0695204
0.0370244
0.0678753
0.0322145
0.0660406
0.0279022
0.0640115
0.02407
0.0617876
0.0206906
0.0593739
0.0177309
0.0567816
0.0151542
0.0540277
0.0129228
0.0511354
0.0110005
0.0481337
0.00935378
0.0450556
0.00795527
0.0419372
0.00678807
0.038816
0.00585639
0.0357259
0.00520915
0.0326063
0.00499447
0.0265581
0.00456632
0.00534723
0.00492511
0.0240237
0.0230102
0.00417321
0.00568347
0.0052452
0.0217235
0.0198826
0.00381255
0.00601599
0.00580192
0.0196373
0.0171394
0.00348189
0.00635279
0.00652704
0.0177463
0.0147443
0.00317894
0.00669897
0.00739384
0.0160332
0.0126612
0.00290153
0.00705795
0.00839614
0.014482
0.0108556
0.00264765
0.00743207
0.0095382
0.0130781
0.00929499
0.00241542
0.00782308
0.0108297
0.0118079
0.00794957
0.00220308
0.00823237
0.0122833
0.0106592
0.00679213
0.00200902
0.00866111
0.013913
0.00962064
0.00579821
0.00183172
0.00911038
0.0157337
0.00868181
0.00494596
0.0016698
0.00958116
0.0177602
0.00783316
0.00421597
0.00152196
0.0100744
0.0200066
0.00706573
0.00359093
0.00138702
0.0105911
0.0224857
0.00637085
0.00305518
0.00126389
0.0111322
0.0252081
0.00573954
0.00259378
0.00115156
0.0116986
0.0281815
0.00516127
0.00219084
0.0010491
0.0122913
0.0314096
0.00462138
0.00182585
0.00095567
0.0129113
0.0348912
0.00409558
0.00146552
0.000870925
0.0135595
0.0386194
0.00353822
0.00104526
0.0007485
0.014237
0.0425808
0.00285706
0.000426902
0.000639861
0.000687864
0.00963861
0.0208101
0.00990631
0.0453729
0.00276918
0.00207465
0.000387885
0.000122325
0.000546856
0.000632105
0.00645394
0.024936
0.00704087
0.0482461
0.00268065
0.00150425
0.000352422
4.11078e-05
0.000467273
0.000580835
0.00428912
0.0281738
0.00516768
0.0511931
0.00259137
0.00108948
0.000320191
2.00041e-05
0.0003992
0.000533699
0.00283604
0.0311473
0.00396648
0.0542041
0.00250122
0.000788457
0.000290899
1.51265e-05
0.000340991
0.000490367
0.00186891
0.0341047
0.00322187
0.057268
0.00241009
0.000570277
0.000264279
1.46817e-05
0.000291233
0.000450535
0.00122884
0.0371411
0.00278971
0.060372
0.00231787
0.0004123
0.00024009
1.55057e-05
0.000248708
0.000413923
0.000806789
0.0402871
0.00257408
0.0635021
0.00222442
0.000297996
0.00021811
1.67546e-05
0.000212372
0.000380274
0.000529179
0.0435452
0.00251158
0.0666437
0.00212961
0.000215334
0.000198138
1.82091e-05
0.000181329
0.000349349
0.000346871
0.0469046
0.00256074
0.0697813
0.00203331
0.000155578
0.000179992
1.98182e-05
0.000154814
0.00032093
0.000227275
0.0503469
0.00269485
0.0728994
0.00193537
0.000112391
0.000163505
2.15772e-05
0.000132168
0.000294815
0.000148873
0.0538495
0.00289717
0.0759826
0.00183563
8.11861e-05
0.000148526
2.34943e-05
0.000112828
0.000270819
9.74996e-05
0.0573866
0.0031578
0.0790156
0.00173396
5.86415e-05
0.000134917
2.55822e-05
9.63131e-05
0.000248771
6.38467e-05
0.060931
0.00347145
0.0819842
0.00163017
4.23555e-05
0.000122554
2.78557e-05
8.22086e-05
0.000228512
4.18062e-05
0.0644542
0.00383613
0.0848748
0.00152409
3.05915e-05
0.000111322
3.03313e-05
7.01555e-05
0.0002099
2.73731e-05
0.067928
0.00425214
0.0876752
0.00141555
2.20945e-05
0.000101119
3.30268e-05
5.98297e-05
0.000192801
1.79225e-05
0.0713253
0.00472149
0.0903745
0.00130434
1.59573e-05
9.18501e-05
3.59618e-05
5.09011e-05
0.000177094
1.17357e-05
0.0746207
0.00524748
0.0929635
0.00119028
1.15257e-05
8.34301e-05
3.91575e-05
4.29173e-05
0.000162669
7.68807e-06
0.0777915
0.00583446
0.0954344
0.00107314
8.333e-06
7.5783e-05
4.2637e-05
3.49504e-05
0.000149439
5.04826e-06
0.0808182
0.00648765
0.0977813
0.000952714
6.10301e-06
6.89064e-05
4.64255e-05
2.44848e-05
0.000137363
3.35318e-06
0.0836848
0.00721302
0.1
0.000828762
5.20767e-06
6.5669e-05
5.05505e-05
1.43614e-05
2.35699e-05
0.000130676
2.74734e-06
0.0827062
0.0846057
0.00846203
0.000704119
0.000571695
5.31689e-05
8.44853e-06
2.27974e-05
0.000124315
2.25139e-06
0.0817113
0.0854742
0.00992408
0.000598093
0.000395574
5.59064e-05
5.00055e-06
2.22067e-05
0.000118262
1.84569e-06
0.0807007
0.0863134
0.0116273
0.000507941
0.000274972
5.87767e-05
2.99673e-06
2.18563e-05
0.000112504
1.51434e-06
0.079675
0.0871363
0.0136035
0.00043131
0.000192452
6.17904e-05
1.84051e-06
2.18326e-05
0.000107026
1.2446e-06
0.0786346
0.0879503
0.0158873
0.000366192
0.000136055
6.49565e-05
1.18355e-06
2.22629e-05
0.000101814
1.02653e-06
0.0775802
0.0887594
0.0185153
0.000310871
9.75809e-05
6.82838e-05
8.22908e-07
2.33338e-05
9.68558e-05
8.52849e-07
0.0765123
0.089566
0.021525
0.000263882
7.14068e-05
7.1781e-05
6.40794e-07
2.53182e-05
9.21388e-05
7.19038e-07
0.0754318
0.0903712
0.0249529
0.000223978
5.36769e-05
7.54569e-05
5.6947e-07
2.86153e-05
8.76513e-05
6.23901e-07
0.0743392
0.0911758
0.0288333
0.000190095
4.17481e-05
7.93207e-05
5.70719e-07
3.38083e-05
8.33822e-05
0.0732353
0.09198
0.0331947
0.000161328
0.0721207
0.092784
0.0380578
0.000136908
0.0709961
0.0935878
0.0434316
0.00011618
0.0698617
0.0943914
0.0493105
9.8586e-05
0.0687166
0.0951945
0.0556703
8.36541e-05
0.0675567
0.0959972
0.0624666
7.09819e-05
0.0663688
0.0967994
0.0696332
6.02281e-05
0.065113
0.0976009
0.0770824
5.11026e-05
0.0636731
0.0984016
0.0847081
4.33615e-05
0.0617132
0.0992013
0.0923899
3.68706e-05
0.0582664
0.1
0.1
3.3932e-05
0.0576198
0.0382773
0.0569299
0.0253266
0.0561956
0.0172393
0.0554156
0.012435
0.054589
0.00984306
0.0537152
0.00877862
0.0527938
0.00883029
0.0518247
0.00977435
0.0508084
0.0115153
0.0497455
0.0140463
0.0486372
0.0174224
0.0474852
0.0217406
0.0462914
0.0271233
0.0450585
0.033699
0.0437893
0.0415805
0.0424873
0.0508377
0.0411563
0.0614681
0.0398003
0.0733697
0.0384243
0.0863244
0.0370189
0.1
0.0350704
0.0331147
0.0311654
0.0292357
0.0273382
0.0254845
0.0236851
0.021949
0.0202837
0.0186953
0.0171882
0.0157654
0.0144283
0.0131773
0.0120116
0.0109299
0.00992685
0.00901459
0.008109
0.00763278
END_LIST
