BEGIN_LIST
0.1
0.0999702
0.0999389
0.099906
0.0998714
0.0998351
0.0997969
0.0997567
0.0997146
0.0996703
0.0996237
0.0995748
0.0995233
0.0994691
0.0994117
0.0993502
0.0992827
0.0992045
0.0991042
0.098954
0.0986853
0.0975558
0.0986852
0.096197
0.098685
0.0945756
0.0986849
0.0926583
0.0986847
0.0904147
0.0986845
0.0878191
0.0986842
0.0848544
0.0986839
0.0815149
0.0986835
0.0778091
0.0986831
0.0737626
0.0986826
0.0694188
0.0986819
0.064839
0.0986812
0.0601022
0.0986803
0.0553048
0.0986793
0.0505638
0.0986781
0.0460296
0.0986767
0.0419181
0.0986749
0.0385853
0.0986702
0.03669
0.0985513
0.0375378
0.0935089
0.0358189
0.0368434
0.0433614
0.0887063
0.0926495
0.0341004
0.0368709
0.0481605
0.0839118
0.09162
0.0323904
0.037348
0.0524505
0.0791539
0.0903944
0.0306968
0.0381064
0.0564664
0.0744603
0.0889459
0.0290271
0.0390416
0.0603038
0.0698566
0.087248
0.0273885
0.0400887
0.0639912
0.0653661
0.0852756
0.0257875
0.0412068
0.0675255
0.0610097
0.0830074
0.02423
0.0423701
0.0708907
0.0568049
0.0804278
0.022721
0.0435616
0.0740677
0.0527664
0.0775286
0.0212649
0.0447704
0.0770392
0.0489056
0.0743106
0.0198653
0.0459887
0.0797923
0.0452305
0.0707841
0.0185249
0.0472111
0.0823194
0.0417455
0.0669669
0.0172457
0.0484333
0.0846182
0.0384512
0.0628789
0.0160291
0.0496523
0.0866918
0.035343
0.0585301
0.0148756
0.050865
0.0885474
0.0324089
0.0538969
0.0137853
0.0520692
0.0901958
0.0296235
0.0488749
0.0127576
0.0532626
0.0916503
0.026936
0.043186
0.0117915
0.0544433
0.0929259
0.0242448
0.0361875
0.0108886
0.0556094
0.0940382
0.0213423
0.0264683
0.00956655
0.0567592
0.0950034
0.0177993
0.0109397
0.00839389
0.00888715
0.0476802
0.0746048
0.0410987
0.095575
0.017261
0.0144166
0.0101433
0.00306677
0.00733923
0.00824915
0.0381931
0.0831009
0.0302563
0.0960924
0.0167184
0.0114016
0.00939042
0.000946691
0.00639706
0.00765101
0.0292271
0.0873549
0.0229104
0.0965597
0.0161707
0.00883569
0.00868081
0.000386215
0.00556042
0.00709107
0.021485
0.0896701
0.0180651
0.0969812
0.0156173
0.0067339
0.00801392
0.00024704
0.0048214
0.00656765
0.0152853
0.0910782
0.0149922
0.0973607
0.0150576
0.00506436
0.00738883
0.000222282
0.00417163
0.00607901
0.0106054
0.0920413
0.0131717
0.0977021
0.0144908
0.00376966
0.0068044
0.000229429
0.00360266
0.0056234
0.00722484
0.0927683
0.0122402
0.0980087
0.0139162
0.00278396
0.00625923
0.000246377
0.0031062
0.00519908
0.00485869
0.0933555
0.0119472
0.0982839
0.013333
0.00204388
0.0057518
0.000267288
0.00267434
0.00480432
0.00323851
0.093849
0.0121226
0.0985305
0.0127403
0.00149396
0.00528045
0.000290706
0.00229968
0.00443743
0.00214562
0.0942727
0.012652
0.0987513
0.0121374
0.00108846
0.00484341
0.000316367
0.00197539
0.00409674
0.00141582
0.0946403
0.0134595
0.0989489
0.0115233
0.000791138
0.00443889
0.000344336
0.00169526
0.00378067
0.000931751
0.0949608
0.0144957
0.0991256
0.010897
0.000574033
0.00406507
0.000374778
0.00145368
0.00348766
0.000612097
0.0952407
0.0157286
0.0992834
0.0102576
0.000415979
0.00372012
0.000407899
0.00124562
0.00321623
0.000401638
0.0954852
0.0171381
0.0994242
0.00960402
0.000301166
0.00340225
0.00044393
0.0010665
0.00296496
0.00026334
0.0956988
0.0187121
0.0995499
0.00893516
0.000217897
0.00310969
0.00048312
0.000912068
0.00273251
0.000172579
0.0958853
0.020443
0.0996619
0.00824986
0.000157576
0.00284074
0.000525745
0.000777703
0.00251761
0.000113073
0.096048
0.0223263
0.0997617
0.00754693
0.000113922
0.00259375
0.000572098
0.000656694
0.00231909
7.41041e-05
0.0961898
0.0243588
0.0998506
0.00682509
8.2424e-05
0.00236721
0.000622501
0.000534654
0.00213601
4.86731e-05
0.0963134
0.0265375
0.0999297
0.006083
6.03998e-05
0.00216177
0.000677301
0.000371975
0.00196804
3.23378e-05
0.096421
0.0288588
0.1
0.00531926
5.1553e-05
0.00206468
0.000736872
0.000218037
0.000356173
0.00187471
2.64996e-05
0.0963639
0.0965031
0.0326371
0.00465785
0.00370389
0.000774631
0.000128027
0.000341736
0.00178569
2.17216e-05
0.0963044
0.0966445
0.0367221
0.00406221
0.00259655
0.000814067
7.54623e-05
0.000328894
0.00170079
1.7816e-05
0.0962426
0.0968173
0.041075
0.00352995
0.00183878
0.000855371
4.48354e-05
0.000317996
0.00161983
1.46315e-05
0.0961781
0.0970062
0.0456462
0.00305762
0.0013214
0.000898686
2.7072e-05
0.000309574
0.00154263
1.20484e-05
0.096111
0.0972026
0.0503752
0.00264101
0.000969256
0.000944137
1.68677e-05
0.000304417
0.00146903
9.9763e-06
0.0960412
0.0974018
0.0551919
0.00227551
0.000730681
0.00099184
1.11265e-05
0.000303689
0.00139887
8.35423e-06
0.0959685
0.0976015
0.06002
0.00195636
0.0005702
0.00104191
8.04647e-06
0.000309107
0.00133199
7.15428e-06
0.0958929
0.0978001
0.0647804
0.00167881
0.000463457
0.00109446
6.58435e-06
0.000323185
0.00126825
6.39162e-06
0.0958141
0.097997
0.069397
0.00143828
0.000393745
0.00114962
6.14355e-06
0.000349605
0.0012075
0.0957321
0.0981917
0.0738001
0.00123049
0.0956467
0.0983839
0.0779312
0.00105143
0.0955573
0.0985737
0.0817455
0.000897501
0.0954632
0.0987609
0.0852133
0.000765417
0.0953619
0.0989455
0.0883199
0.000652272
0.0952467
0.0991276
0.0910646
0.000555488
0.0950988
0.0993071
0.0934581
0.0004728
0.0948645
0.0994841
0.0955206
0.000402229
0.0943901
0.0996585
0.0972781
0.000342071
0.093236
0.0998305
0.0987607
0.000291434
0.0901442
0.1
0.1
0.000268468
0.0901437
0.0674211
0.0901432
0.0506488
0.0901427
0.0389609
0.0901421
0.0314618
0.0901414
0.0272974
0.0901407
0.0257462
0.09014
0.0262593
0.0901391
0.0284445
0.0901382
0.0320227
0.0901373
0.0367769
0.0901362
0.0425084
0.090135
0.0490052
0.0901337
0.0560286
0.0901323
0.0633158
0.0901308
0.0705979
0.0901292
0.0776257
0.0901274
0.0841938
0.0901254
0.0901566
0.0901232
0.095433
0.0901209
0.1
0.0901173
0.0901132
0.0901086
0.0901033
0.0900974
0.0900908
0.0900832
0.0900747
0.0900651
0.0900542
0.0900419
0.0900279
0.0900121
0.0899943
0.0899741
0.0899513
0.0899253
0.0898967
0.0898605
0.0898392
END_LIST
