BEGIN_LIST
0.1
0.0998603
0.0997138
0.0995602
0.0993993
0.0992306
0.0990539
0.0988688
0.0986749
0.098472
0.0982596
0.0980372
0.0978044
0.0975605
0.0973041
0.097033
0.0967418
0.0964182
0.0960324
0.0955118
0.0946793
0.0914369
0.0946701
0.0877857
0.0946591
0.0837365
0.0946462
0.0793178
0.0946308
0.0745767
0.0946127
0.0695776
0.0945913
0.0643988
0.0945659
0.0591284
0.0945359
0.053858
0.0945005
0.0486769
0.0944587
0.0436669
0.0944092
0.0388981
0.0943508
0.0344272
0.0942819
0.0302987
0.0942004
0.0265489
0.0941043
0.023217
0.0939909
0.0203686
0.093857
0.0181446
0.0936937
0.0168694
0.0932938
0.017289
0.0849618
0.0160651
0.0179782
0.0186222
0.0787834
0.0810747
0.0149052
0.0187364
0.0204602
0.072898
0.0768713
0.0138095
0.0195481
0.0226627
0.0673156
0.0723952
0.0127771
0.0204039
0.0251569
0.0620422
0.0677036
0.011807
0.0212984
0.0279031
0.0570795
0.0628643
0.0108977
0.0222283
0.0308758
0.0524258
0.0579518
0.0100474
0.0231918
0.0340546
0.0480762
0.0530428
0.00925384
0.0241875
0.0374185
0.0440234
0.0482119
0.00851482
0.0252147
0.0409435
0.0402576
0.0435268
0.00782784
0.0262728
0.0446011
0.0367677
0.0390456
0.00719035
0.0273612
0.0483585
0.0335408
0.034814
0.00659973
0.0284794
0.0521788
0.0305629
0.030864
0.00605334
0.0296268
0.0560218
0.0278185
0.0272126
0.00554855
0.0308026
0.0598459
0.0252899
0.0238604
0.0050828
0.0320062
0.0636095
0.0229555
0.0207871
0.00465356
0.0332366
0.0672725
0.0207852
0.01794
0.00425839
0.0344928
0.0707983
0.0187314
0.0152068
0.00389494
0.0357737
0.0741551
0.0167084
0.0123506
0.00356255
0.037078
0.0773169
0.0145494
0.00886168
0.0030803
0.0384043
0.0802642
0.0119136
0.00361227
0.00265207
0.0028391
0.0287104
0.053518
0.0269615
0.0821147
0.0115497
0.00905412
0.0032987
0.00100455
0.00228056
0.00261604
0.020701
0.0616587
0.0192162
0.0838592
0.0111829
0.0067942
0.00301093
0.000305259
0.00195899
0.00240986
0.0145083
0.0666772
0.0140517
0.0854974
0.0108128
0.00504859
0.00274707
0.000120283
0.00168121
0.0022194
0.0099556
0.0702487
0.010673
0.0870296
0.0104389
0.00372362
0.00250534
7.39358e-05
0.00144167
0.00204353
0.00672913
0.0731025
0.00852533
0.0884575
0.0100608
0.00273108
0.00228405
6.51685e-05
0.00123542
0.0018812
0.0045008
0.0755549
0.00722709
0.0897835
0.00967801
0.00199482
0.00208161
6.68336e-05
0.00105804
0.00173144
0.0029889
0.0777434
0.00651906
0.0910108
0.00928998
0.0014526
0.00189655
7.16605e-05
0.00090568
0.00159332
0.00197534
0.0797281
0.00622687
0.0921429
0.00889618
0.0010554
0.00172745
7.77261e-05
0.00077492
0.00146597
0.00130131
0.081537
0.00623433
0.0931841
0.00849605
0.000765555
0.00157304
8.45477e-05
0.000662792
0.00134861
0.000855453
0.083185
0.006465
0.0941389
0.00808899
0.000554652
0.00143209
9.20327e-05
0.000566708
0.00124047
0.000561568
0.0846822
0.00686941
0.0950121
0.00767438
0.000401505
0.0013035
0.000100197
0.000484419
0.00114085
0.000368305
0.0860374
0.00741643
0.0958087
0.00725158
0.000290461
0.00118623
0.000109089
0.000413976
0.00104911
0.000241407
0.0872592
0.00808734
0.0965335
0.0068199
0.000210034
0.00107932
0.000118771
0.00035369
0.000964646
0.000158169
0.0883565
0.0088719
0.0971916
0.00637863
0.000151826
0.000981892
0.00012931
0.000302079
0.000886893
0.000103605
0.0893383
0.00976561
0.0977878
0.00592701
0.000109724
0.000893126
0.000140783
0.000257796
0.000815334
6.78538e-05
0.0902137
0.0107679
0.0983269
0.00546426
7.9284e-05
0.000812277
0.000153271
0.00021945
0.000749493
4.44386e-05
0.0909918
0.0118809
0.0988134
0.00498956
5.72859e-05
0.000738658
0.000166865
0.000185112
0.000688939
2.91154e-05
0.0916815
0.0131085
0.0992517
0.00450203
4.14291e-05
0.000671653
0.000181661
0.000150787
0.000633323
1.91198e-05
0.0922911
0.0144555
0.099646
0.00400077
3.03492e-05
0.000611288
0.000197765
0.000105615
0.000582493
1.27008e-05
0.0928286
0.0159277
0.1
0.0034848
2.58998e-05
0.000582845
0.000215292
6.19327e-05
0.000101649
0.000554322
1.04065e-05
0.0926049
0.0930687
0.0184063
0.00299669
0.0024054
0.000226414
3.64104e-05
9.82887e-05
0.000527503
8.52853e-06
0.0923728
0.0933834
0.0212151
0.00257202
0.00166535
0.000238039
2.15208e-05
9.56987e-05
0.000501972
6.99254e-06
0.0921322
0.0937373
0.0243675
0.00220388
0.00115832
0.000250224
1.28602e-05
9.41257e-05
0.000477668
5.73854e-06
0.0918828
0.0941108
0.0278721
0.00188573
0.000811275
0.000263014
7.85434e-06
9.39338e-05
0.000454533
4.71857e-06
0.0916243
0.0944934
0.0317295
0.00161152
0.000574042
0.000276447
4.99954e-06
9.56584e-05
0.000432512
3.89553e-06
0.0913564
0.0948793
0.0359299
0.00137572
0.000412183
0.00029056
3.41917e-06
0.000100085
0.000411551
3.24267e-06
0.0910789
0.0952653
0.0404507
0.00117336
0.000302071
0.000305387
2.60399e-06
0.000108363
0.0003916
2.7444e-06
0.0907916
0.0956497
0.0452551
0.000999984
0.000227493
0.000320967
2.26051e-06
0.000122173
0.000372611
2.39871e-06
0.090494
0.0960316
0.0502916
0.000851659
0.000177334
0.000337337
2.22235e-06
0.00014397
0.000354538
0.0901861
0.0964104
0.0554952
0.000724922
0.0898672
0.0967858
0.0607897
0.000616745
0.089537
0.0971577
0.0660911
0.000524493
0.0891942
0.097526
0.0713129
0.000445883
0.0888363
0.0978905
0.0763712
0.000378941
0.088456
0.0982514
0.0811897
0.000321966
0.0880338
0.0986086
0.0857045
0.000273499
0.0875136
0.098962
0.0898667
0.000232285
0.0867364
0.0993117
0.0936444
0.000197261
0.085249
0.0996577
0.0970222
0.000167853
0.0817608
0.1
0.1
0.00015453
0.0817416
0.0574612
0.0817206
0.0403769
0.0816977
0.0289994
0.0816727
0.021923
0.0816453
0.0179962
0.0816154
0.0163748
0.0815827
0.0164946
0.081547
0.0180091
0.081508
0.0207246
0.0814655
0.0245428
0.081419
0.0294132
0.0813682
0.0352928
0.0813128
0.0421135
0.0812523
0.0497574
0.0811863
0.0580446
0.0811143
0.0667357
0.0810357
0.0755509
0.08095
0.0842005
0.0808565
0.0924201
0.0807546
0.1
0.0805978
0.0804212
0.0802223
0.0799986
0.0797471
0.0794646
0.0791475
0.0787919
0.0783936
0.0779482
0.0774507
0.0768959
0.0762783
0.0755923
0.0748318
0.0739917
0.0730609
0.0720605
0.0708452
0.0701401
END_LIST
