BEGIN_LIST
0.1
0.0988744
0.0977196
0.096536
0.0953242
0.0940847
0.0928181
0.0915254
0.0902072
0.0888646
0.0874985
0.0861098
0.0846997
0.0832686
0.0818163
0.0803402
0.0788315
0.0772668
0.0755849
0.0736323
0.0710253
0.063557
0.0697317
0.0564759
0.0682671
0.0498573
0.0666211
0.0437514
0.0647859
0.0381851
0.0627575
0.0331645
0.0605364
0.028679
0.0581286
0.024705
0.055546
0.02121
0.0528068
0.018156
0.0499349
0.0155023
0.0469596
0.0132077
0.0439145
0.0112324
0.0408357
0.00953893
0.0377602
0.00809421
0.0347243
0.00687083
0.031762
0.005851
0.0289031
0.00503465
0.0261713
0.00445829
0.0235262
0.00423879
0.0189584
0.00387164
0.00454079
0.0041523
0.0171286
0.016324
0.00353517
0.00482875
0.00441002
0.0154716
0.0140288
0.003227
0.00511369
0.00487546
0.0139719
0.0120364
0.00294491
0.00540254
0.0054879
0.0126151
0.0103121
0.00268684
0.00569972
0.00622377
0.011388
0.00882396
0.00245083
0.00600819
0.00707797
0.0102786
0.00754255
0.0022351
0.00633001
0.00805487
0.00927586
0.00644133
0.00203798
0.00666673
0.00916399
0.00836987
0.00549658
0.00185793
0.00701961
0.0104177
0.00755144
0.00468724
0.00169353
0.00738971
0.0118304
0.00681224
0.00399473
0.00154346
0.00777801
0.0134173
0.00614466
0.00340276
0.0014065
0.00818545
0.0151946
0.00554172
0.00289704
0.00128155
0.00861294
0.0171785
0.0049969
0.00246501
0.00116757
0.00906138
0.019385
0.00450394
0.00209542
0.00106363
0.00953171
0.021829
0.00405636
0.00177768
0.00096885
0.0100249
0.0245239
0.00364664
0.00150065
0.000882447
0.0105418
0.0274807
0.00326433
0.00125012
0.000803686
0.0110834
0.0307068
0.00289217
0.00100321
0.00073228
0.0116508
0.0342053
0.00249781
0.000715695
0.00062915
0.0122449
0.0379739
0.00201586
0.000293092
0.000537637
0.000578095
0.00823321
0.0179506
0.00852794
0.0406642
0.00195386
0.0014612
0.00026627
8.51319e-05
0.000459347
0.000531161
0.005487
0.0215777
0.006074
0.0434613
0.0018914
0.00105808
0.000241897
2.97849e-05
0.000392393
0.000488017
0.00363495
0.0244783
0.00447379
0.0463612
0.00182842
0.000765606
0.00021975
1.55188e-05
0.000335152
0.00044836
0.0023984
0.0271924
0.00345114
0.0493579
0.00176482
0.000553686
0.000199627
1.23513e-05
0.000286227
0.000411913
0.0015783
0.029936
0.00282077
0.052443
0.00170054
0.000400271
0.000181343
1.22269e-05
0.000244419
0.000378416
0.00103679
0.0327941
0.00245895
0.0556067
0.00163549
0.000289283
0.000164732
1.29851e-05
0.0002087
0.000347634
0.000680283
0.0357974
0.0022835
0.058837
0.00156957
0.000209028
0.000149639
1.4051e-05
0.000178187
0.000319347
0.000446024
0.038952
0.00224017
0.0621209
0.0015027
0.000151016
0.000135928
1.52762e-05
0.000152126
0.000293354
0.000292286
0.0422524
0.00229358
0.0654437
0.00143478
0.000109093
0.000123472
1.66277e-05
0.000129869
0.000269472
0.000191477
0.0456859
0.002421
0.0687901
0.0013657
7.88019e-05
0.000112156
1.81039e-05
0.000110863
0.000247528
0.00012541
0.0492347
0.0026083
0.0721436
0.00129537
5.69184e-05
0.000101876
1.97126e-05
9.46351e-05
0.000227367
8.21271e-05
0.0528773
0.0028472
0.0754877
0.00122366
4.11104e-05
9.2537e-05
2.14646e-05
8.07785e-05
0.000208845
5.37775e-05
0.0565887
0.00313341
0.0788055
0.00115047
2.96919e-05
8.40537e-05
2.33723e-05
6.89457e-05
0.000191828
3.52119e-05
0.0603412
0.00346549
0.0820804
0.00107567
2.14444e-05
7.63476e-05
2.54496e-05
5.88346e-05
0.000176196
2.30549e-05
0.0641056
0.003844
0.0852962
0.000999126
1.54876e-05
6.93475e-05
2.77115e-05
5.0173e-05
0.000161836
1.5095e-05
0.0678515
0.00427101
0.0884378
0.000920711
1.11855e-05
6.29888e-05
3.01743e-05
4.26831e-05
0.000148645
9.88411e-06
0.0715487
0.00474974
0.0914909
0.000840282
8.07891e-06
5.72129e-05
3.2856e-05
3.59837e-05
0.000136533
6.47506e-06
0.0751677
0.00528437
0.0944428
0.000757689
5.84093e-06
5.19675e-05
3.57759e-05
2.92911e-05
0.000125425
4.25174e-06
0.0786811
0.00587988
0.0972823
0.000672777
4.27779e-06
4.72507e-05
3.89551e-05
2.04787e-05
0.000115286
2.8241e-06
0.082064
0.00654199
0.1
0.000585382
3.6502e-06
4.50302e-05
4.24168e-05
1.20118e-05
1.96847e-05
0.000109672
2.31385e-06
0.0809215
0.0831329
0.00768404
0.00049711
0.000404246
4.46141e-05
7.0666e-06
1.8998e-05
0.000104331
1.89615e-06
0.0797657
0.0841096
0.00902429
0.000422088
0.000280173
4.69115e-05
4.18294e-06
1.8446e-05
9.925e-05
1.55445e-06
0.0785972
0.0850358
0.0105903
0.000358344
0.000195237
4.93204e-05
2.50716e-06
1.80696e-05
9.44162e-05
1.27537e-06
0.0774169
0.0859348
0.0124137
0.000304195
0.000137146
5.18496e-05
1.54032e-06
1.79295e-05
8.98175e-05
1.04818e-06
0.0762257
0.0868195
0.0145296
0.000258206
9.74707e-05
5.45068e-05
9.91081e-07
1.8115e-05
8.54427e-05
8.64481e-07
0.0750244
0.0876972
0.016976
0.000219153
7.04315e-05
5.72993e-05
6.89716e-07
1.87573e-05
8.12807e-05
7.18146e-07
0.0738139
0.0885718
0.0197931
0.000185994
5.2065e-05
6.02344e-05
5.37726e-07
2.00488e-05
7.73214e-05
6.05354e-07
0.0725951
0.0894455
0.0230222
0.000157844
3.9654e-05
6.33195e-05
4.78469e-07
2.22703e-05
7.35547e-05
5.25065e-07
0.0713691
0.0903195
0.026704
0.000133949
3.13355e-05
6.65625e-05
4.79996e-07
2.58327e-05
6.99714e-05
0.0701366
0.0911944
0.0308766
0.000113666
0.0688986
0.0920703
0.035573
9.64516e-05
0.067656
0.0929475
0.0408177
8.18419e-05
0.0664092
0.0938259
0.0466232
6.94434e-05
0.0651576
0.0947054
0.0529862
5.89221e-05
0.0638976
0.0955859
0.0598841
4.99939e-05
0.0626169
0.0964674
0.0672717
4.2418e-05
0.0612783
0.0973497
0.0750802
3.59897e-05
0.0597723
0.0982326
0.0832167
3.05369e-05
0.0577811
0.0991161
0.091567
2.59651e-05
0.0543862
0.1
0.1
2.38953e-05
0.0535252
0.0354812
0.0526165
0.0233565
0.05166
0.0158417
0.050656
0.0114042
0.0496053
0.00902553
0.0485089
0.00806284
0.0473684
0.00813414
0.0461859
0.00903467
0.0449637
0.0106807
0.043705
0.0130732
0.0424129
0.0162739
0.0410913
0.0203886
0.0397443
0.025554
0.0383763
0.0319218
0.036992
0.03964
0.0355963
0.0488286
0.0341943
0.059549
0.0327909
0.0717718
0.0313919
0.0853488
0.0299853
0.1
0.0280796
0.0262122
0.0243943
0.0226355
0.020944
0.0193265
0.0177882
0.0163326
0.014962
0.0136772
0.0124778
0.0113626
0.0103294
0.00937528
0.00849694
0.00769096
0.00695129
0.00628464
0.00562921
0.00528612
END_LIST
