BEGIN_LIST
0.1
0.0999501
0.0998977
0.0998426
0.0997848
0.099724
0.0996602
0.0995931
0.0995228
0.0994489
0.0993713
0.0992898
0.0992042
0.0991141
0.0990189
0.0989173
0.0988065
0.0986798
0.0985212
0.0982911
0.0978926
0.0962499
0.097892
0.0943063
0.0978914
0.0920305
0.0978907
0.0893963
0.0978898
0.0863859
0.0978888
0.082993
0.0978876
0.0792258
0.0978862
0.0751091
0.0978845
0.0706854
0.0978826
0.0660136
0.0978803
0.0611673
0.0978775
0.0562309
0.0978743
0.051296
0.0978704
0.0464595
0.0978659
0.041825
0.0978605
0.0375146
0.0978542
0.0336994
0.0978466
0.0306705
0.0978344
0.0289956
0.0976852
0.0298564
0.0917498
0.0282092
0.0298768
0.0339212
0.0864269
0.0902457
0.0265954
0.0303269
0.0376883
0.0811908
0.0884839
0.0250212
0.0310483
0.0413824
0.0760694
0.0864394
0.0234921
0.0319439
0.0450918
0.0710874
0.0840915
0.0220129
0.0329538
0.0488379
0.0662668
0.0814259
0.0205876
0.0340408
0.0526085
0.0616259
0.078437
0.0192196
0.0351815
0.0563755
0.0571794
0.0751297
0.0179112
0.036361
0.0601034
0.0529388
0.0715217
0.0166642
0.0375696
0.0637543
0.0489119
0.067643
0.0154796
0.0388005
0.0672914
0.0451033
0.0635358
0.0143577
0.0400489
0.0706811
0.0415145
0.0592519
0.0132985
0.0413112
0.0738948
0.0381438
0.054848
0.0123011
0.0425842
0.0769097
0.0349861
0.050379
0.0113643
0.0438654
0.0797095
0.032032
0.0458871
0.0104867
0.0451523
0.0822842
0.0292656
0.0413836
0.00966632
0.0464426
0.0846303
0.0266593
0.0368148
0.00890109
0.0477342
0.0867494
0.0241624
0.0319957
0.00818869
0.0490248
0.0886481
0.0216772
0.0264698
0.00752938
0.0503123
0.0903367
0.0190079
0.0192031
0.00656756
0.0515946
0.0918279
0.0157507
0.00788654
0.00571352
0.0060794
0.0417012
0.0691746
0.0368901
0.0927237
0.0152724
0.0124709
0.00726363
0.00219983
0.0049579
0.00562417
0.0321768
0.0778403
0.0267849
0.0935421
0.0147903
0.00967337
0.00668244
0.00067111
0.00429259
0.00520014
0.0238199
0.0824433
0.0199733
0.0942881
0.0143037
0.00737785
0.00614136
0.000266578
0.00370927
0.0048056
0.0170406
0.0851654
0.0154891
0.0949665
0.0138122
0.0055519
0.00563863
0.000165391
0.00319973
0.00443886
0.0118724
0.0869845
0.0126369
0.0955822
0.013315
0.00413441
0.00517242
0.000146488
0.00275608
0.00409829
0.00811207
0.0883397
0.0109271
0.0961398
0.0128116
0.00305436
0.00474082
0.000150453
0.00237087
0.00378229
0.00546667
0.0894307
0.010021
0.096644
0.0123012
0.00224296
0.00434191
0.000161369
0.00203722
0.00348932
0.00364891
0.0903506
0.00968731
0.0970991
0.0117832
0.00163978
0.00397375
0.000175025
0.00174883
0.0032179
0.00241983
0.0911456
0.00977022
0.0975092
0.0112569
0.00119487
0.00363445
0.000190366
0.00150001
0.00296662
0.00159778
0.0918405
0.0101658
0.0978784
0.0107214
0.000868565
0.00332212
0.000207192
0.00128567
0.00273413
0.00105194
0.092451
0.010806
0.0982101
0.010176
0.000630259
0.00303496
0.000225539
0.00110127
0.00251915
0.000691242
0.0929881
0.0116468
0.0985079
0.00961977
0.000456748
0.00277122
0.000245515
0.000942805
0.00232048
0.000453652
0.0934605
0.0126606
0.0987749
0.00905187
0.000330696
0.00252923
0.000267255
0.000806736
0.00213697
0.000297478
0.0938756
0.0138311
0.0990141
0.00847136
0.000239269
0.00230739
0.000290914
0.000689911
0.00196753
0.000194963
0.0942399
0.0151492
0.0992281
0.00787726
0.000173034
0.00210419
0.000316657
0.000589414
0.00181116
0.000127733
0.0945593
0.0166106
0.0994195
0.00726854
0.00012509
0.0019182
0.000344667
0.000502169
0.00166692
8.36742e-05
0.0948389
0.0182137
0.0995903
0.00664412
9.04144e-05
0.00174807
0.000375141
0.000423788
0.00153396
5.48305e-05
0.0950834
0.0199589
0.0997428
0.00600287
6.54042e-05
0.0015926
0.000408293
0.000345008
0.00141157
3.60108e-05
0.095297
0.021847
0.0998788
0.0053436
4.79215e-05
0.00145206
0.000444356
0.000240449
0.00129949
2.39233e-05
0.0954834
0.0238788
0.1
0.00466505
4.08998e-05
0.00138573
0.000483581
0.00014096
0.000230555
0.00123729
1.96032e-05
0.0953925
0.0955993
0.0272294
0.00405781
0.0032354
0.000508457
8.28056e-05
0.00022168
0.00117801
1.60672e-05
0.095298
0.0957829
0.0309179
0.00351792
0.0022552
0.000534446
4.88584e-05
0.000214033
0.00112153
1.31761e-05
0.0951996
0.0960022
0.0349262
0.00304092
0.00158402
0.000561678
2.90921e-05
0.000207932
0.00106771
1.08174e-05
0.0950973
0.0962397
0.0392257
0.00262184
0.0011252
0.000590248
1.76426e-05
0.000203854
0.00101643
8.90179e-06
0.0949909
0.0964857
0.0437758
0.00225543
0.000812272
0.000620239
1.10833e-05
0.000202501
0.00096758
7.36096e-06
0.0948802
0.0967349
0.0485233
0.00193643
0.000599555
0.000651731
7.41509e-06
0.000204909
0.000921046
6.14741e-06
0.0947651
0.0969846
0.0534031
0.00165973
0.000455698
0.000684801
5.47518e-06
0.0002126
0.00087672
5.23653e-06
0.0946454
0.097233
0.0583412
0.00142048
0.000359181
0.000719529
4.59163e-06
0.0002278
0.000834502
4.63269e-06
0.094521
0.0974794
0.0632584
0.00121417
0.000295244
0.000755997
4.3814e-06
0.000253763
0.000794292
0.0943916
0.0977232
0.0680745
0.0010367
0.0942569
0.0979642
0.0727139
0.000884345
0.0941166
0.0982023
0.0771094
0.000753775
0.0939695
0.0984375
0.0812064
0.000642042
0.0938132
0.0986696
0.0849651
0.000546552
0.0936407
0.0988988
0.0883613
0.000465031
0.0934323
0.0991249
0.0913859
0.000395501
0.0931325
0.0993481
0.094043
0.000336245
0.0925826
0.0995683
0.096348
0.000285794
0.0913291
0.0997856
0.0983241
0.000243369
0.0880766
0.1
0.1
0.000224137
0.0880749
0.064481
0.0880732
0.047305
0.0880712
0.0354998
0.0880691
0.0279973
0.0880667
0.0238247
0.0880642
0.0222008
0.0880614
0.0225595
0.0880584
0.0245197
0.0880551
0.0278318
0.0880515
0.0323225
0.0880476
0.0378456
0.0880433
0.0442448
0.0880386
0.0513302
0.0880335
0.0588714
0.0880279
0.0666071
0.0880217
0.0742686
0.0880151
0.0816079
0.0880078
0.0884241
0.0879998
0.0945789
0.0879911
0.1
0.0879776
0.0879624
0.0879453
0.0879258
0.0879039
0.0878791
0.087851
0.0878192
0.0877833
0.0877428
0.0876969
0.087645
0.0875864
0.0875201
0.0874452
0.0873606
0.0872646
0.0871588
0.0870256
0.0869469
END_LIST
