BEGIN_LIST
0
2.09835e-24
6.50943e-24
1.4923e-23
2.99965e-23
5.58502e-23
9.88694e-23
1.69126e-22
2.83125e-22
4.69513e-22
7.81649e-22
1.32616e-21
2.32905e-21
4.29057e-21
8.34954e-21
1.71438e-20
3.68435e-20
8.19642e-20
1.86761e-19
4.32209e-19
1.00993e-18
4.26219e-18
1.05997e-18
9.61505e-18
1.11284e-18
1.78471e-17
1.16873e-18
2.98682e-17
1.22786e-18
4.66895e-17
1.29046e-18
6.93709e-17
1.35678e-18
9.89442e-17
1.42709e-18
1.36314e-16
1.50169e-18
1.82144e-16
1.58091e-18
2.36736e-16
1.66509e-18
2.99929e-16
1.75461e-18
3.71017e-16
1.84989e-18
4.48732e-16
1.95136e-18
5.3128e-16
2.05953e-18
6.16449e-16
2.17491e-18
7.01788e-16
2.29827e-18
7.84823e-16
2.43843e-18
8.63264e-16
2.94515e-18
9.3506e-16
1.86527e-17
9.9793e-16
6.79939e-16
1.02891e-15
1.12651e-15
7.03954e-16
1.56897e-15
7.30131e-16
1.05843e-15
1.19713e-15
5.25738e-16
2.92858e-15
7.83388e-16
1.08625e-15
1.23066e-15
4.12184e-16
4.90254e-15
8.39629e-16
1.11215e-15
1.24044e-15
3.35211e-16
7.65306e-15
8.98669e-16
1.13591e-15
1.23496e-15
2.79362e-16
1.13577e-14
9.60194e-16
1.15736e-15
1.21966e-15
2.36136e-16
1.62051e-14
1.02372e-15
1.17632e-15
1.19805e-15
2.00873e-16
2.23901e-14
1.08859e-15
1.19266e-15
1.17236e-15
1.71024e-16
3.01083e-14
1.15387e-15
1.20629e-15
1.14407e-15
1.45199e-16
3.955e-14
1.21842e-15
1.21712e-15
1.11414e-15
1.22624e-16
5.0895e-14
1.28075e-15
1.22512e-15
1.08319e-15
1.02848e-16
6.43069e-14
1.339e-15
1.23029e-15
1.05166e-15
8.55774e-17
7.99302e-14
1.39086e-15
1.23266e-15
1.01984e-15
7.05922e-17
9.78871e-14
1.43331e-15
1.23227e-15
9.87949e-16
5.76977e-17
1.18281e-13
1.46222e-15
1.22923e-15
9.56138e-16
4.67076e-17
1.41205e-13
1.47154e-15
1.22362e-15
9.24524e-16
3.74355e-17
1.66768e-13
1.45164e-15
1.21558e-15
8.932e-16
2.96951e-17
1.95149e-13
1.3863e-15
1.20526e-15
8.6224e-16
2.33033e-17
2.26714e-13
1.24697e-15
1.193e-15
8.31706e-16
1.8083e-17
2.62267e-13
9.81954e-16
1.13478e-15
8.01652e-16
1.38674e-17
3.03563e-13
4.94583e-16
1.04807e-15
1.10528e-15
8.24556e-16
3.93525e-16
1.1825e-15
1.15589e-17
3.1301e-13
2.66354e-13
4.75241e-16
2.36831e-16
9.62904e-16
1.07511e-15
7.98451e-16
2.01157e-16
1.44886e-15
9.57537e-18
3.21171e-13
2.27094e-13
4.5572e-16
1.68565e-16
8.80421e-16
1.04444e-15
7.28008e-16
1.08497e-16
1.633e-15
7.88102e-18
3.27964e-13
1.88714e-13
4.36142e-16
1.54436e-16
8.01502e-16
1.01343e-15
6.2795e-16
6.25103e-17
1.7603e-15
6.44237e-18
3.33314e-13
1.53417e-13
4.16621e-16
1.55832e-16
7.26797e-16
9.82219e-16
5.16576e-16
3.86631e-17
1.84941e-15
5.22823e-18
3.37149e-13
1.22488e-13
3.97262e-16
1.61856e-16
6.56744e-16
9.50945e-16
4.09187e-16
2.55304e-17
1.91333e-15
4.20997e-18
3.39399e-13
9.63949e-14
3.78159e-16
1.69447e-16
5.91591e-16
9.1973e-16
3.15004e-16
1.77527e-17
1.96064e-15
3.3615e-18
3.40005e-13
7.50121e-14
3.59396e-16
1.77756e-16
5.31428e-16
8.88686e-16
2.37549e-16
1.27852e-17
1.99678e-15
2.65926e-18
3.38908e-13
5.78725e-14
3.41047e-16
1.86554e-16
4.76219e-16
8.57912e-16
1.76572e-16
9.39472e-18
2.02499e-15
2.08214e-18
3.36058e-13
4.43598e-14
3.23174e-16
1.95788e-16
4.25833e-16
8.27497e-16
1.29957e-16
6.96296e-18
2.04703e-15
1.61139e-18
3.31411e-13
3.38371e-14
3.0583e-16
2.05456e-16
3.80065e-16
7.97519e-16
9.50141e-17
5.16263e-18
2.06373e-15
1.23047e-18
3.2493e-13
2.57173e-14
2.89055e-16
2.15569e-16
3.38669e-16
7.68047e-16
6.91587e-17
3.80727e-18
2.07532e-15
9.24872e-19
3.16586e-13
1.94935e-14
2.72883e-16
2.26143e-16
3.01378e-16
7.39139e-16
5.01908e-17
2.78093e-18
2.08166e-15
6.82001e-19
3.06355e-13
1.47465e-14
2.57336e-16
2.37196e-16
2.67945e-16
7.10844e-16
3.63536e-17
2.00502e-18
2.0824e-15
4.90977e-19
2.94224e-13
1.11389e-14
2.42432e-16
2.48746e-16
2.38235e-16
6.83203e-16
2.62967e-17
1.4224e-18
2.0771e-15
3.42472e-19
2.80188e-13
8.40457e-15
2.28179e-16
2.6081e-16
2.12468e-16
6.56249e-16
1.90051e-17
9.89531e-19
2.06528e-15
2.28546e-19
2.64248e-13
6.3362e-15
2.14578e-16
2.73408e-16
1.91989e-16
6.30012e-16
1.37281e-17
6.72299e-19
2.0465e-15
1.42498e-19
2.46418e-13
4.77422e-15
2.01629e-16
2.86559e-16
1.8163e-16
6.04515e-16
9.91623e-18
4.43658e-19
2.02036e-15
7.87041e-20
2.26719e-13
3.59923e-15
1.89326e-16
3.00281e-16
1.97135e-16
5.79789e-16
7.17417e-18
2.8212e-19
1.98656e-15
3.24898e-20
2.05181e-13
2.74581e-15
1.77798e-16
3.14594e-16
2.88421e-16
5.55896e-16
5.23043e-18
1.70692e-19
1.94489e-15
0
1.81844e-13
2.39571e-15
1.7226e-16
3.29515e-16
1.74601e-16
3.75062e-16
5.42172e-16
4.49748e-18
1.97288e-19
1.43901e-19
1.8659e-15
1.63492e-13
1.29737e-13
3.38612e-16
1.05752e-16
4.95036e-16
5.28711e-16
3.87477e-18
2.27838e-19
1.18809e-19
1.76896e-15
1.46255e-13
9.25185e-14
3.47902e-16
6.4135e-17
6.61852e-16
5.15513e-16
3.35092e-18
2.62888e-19
9.63537e-20
1.65543e-15
1.30239e-13
6.59603e-14
3.57403e-16
3.89978e-17
8.94499e-16
5.02576e-16
2.91889e-18
3.03047e-19
7.69043e-20
1.52756e-15
1.15502e-13
4.70217e-14
3.67125e-16
2.38334e-17
1.21967e-15
4.899e-16
2.57716e-18
3.48999e-19
6.04789e-20
1.38837e-15
1.02057e-13
3.35234e-14
3.77074e-16
1.47054e-17
1.67488e-15
4.77483e-16
2.33191e-18
4.0151e-19
4.68914e-20
1.24154e-15
8.98841e-14
2.39058e-14
3.87255e-16
9.23447e-18
2.31284e-15
4.65325e-16
2.20079e-18
4.61439e-19
3.58499e-20
1.09114e-15
7.89361e-14
1.70548e-14
3.97672e-16
5.98291e-18
3.20761e-15
4.53423e-16
2.21946e-18
5.29751e-19
2.70204e-20
9.41366e-16
6.91473e-14
1.21755e-14
4.0833e-16
4.08274e-18
4.46322e-15
4.41775e-16
2.45235e-18
6.07552e-19
2.00648e-20
7.96237e-16
6.04391e-14
8.70053e-15
4.19231e-16
3.01074e-18
6.22581e-15
4.30378e-16
6.96156e-19
1.46645e-20
6.5931e-16
5.27265e-14
7.9726e-19
1.05319e-20
5.33476e-16
4.59218e-14
9.13415e-19
7.41613e-21
4.20814e-16
3.99377e-14
1.04931e-18
5.10343e-21
3.22552e-16
3.46904e-14
1.21532e-18
3.41552e-21
2.39092e-16
3.01003e-14
1.43725e-18
2.20637e-21
1.7012e-16
2.60935e-14
1.78345e-18
1.3584e-21
1.14742e-16
2.26022e-14
2.43977e-18
7.78371e-22
7.16463e-17
1.95648e-14
3.91717e-18
3.93573e-22
3.92708e-17
1.69267e-14
7.62697e-18
1.48164e-22
1.59424e-17
1.46663e-14
1.74744e-17
0
0
1.36316e-14
1.79122e-17
8.90222e-17
1.83635e-17
1.40756e-16
1.88285e-17
1.7553e-16
1.93079e-17
1.97546e-16
1.98022e-17
2.10927e-16
2.03118e-17
2.18773e-16
2.08373e-17
2.22905e-16
2.13794e-17
2.24031e-16
2.19385e-17
2.22085e-16
2.25153e-17
2.16586e-16
2.31105e-17
2.06961e-16
2.37247e-17
1.92823e-16
2.43586e-17
1.7417e-16
2.50129e-17
1.5149e-16
2.56884e-17
1.2575e-16
2.63857e-17
9.82806e-17
2.71058e-17
7.05919e-17
2.78493e-17
4.41729e-17
2.86176e-17
2.03162e-17
2.94041e-17
0
3.05469e-17
3.17424e-17
3.29933e-17
3.43023e-17
3.56723e-17
3.71064e-17
3.86076e-17
4.01793e-17
4.1825e-17
4.35483e-17
4.53529e-17
4.72429e-17
4.92222e-17
5.12952e-17
5.3467e-17
5.57386e-17
5.81322e-17
6.05737e-17
6.34273e-17
6.5073e-17
END_LIST
