BEGIN_LIST
0.1
0.0999555
0.0999088
0.0998596
0.099808
0.0997538
0.0996969
0.099637
0.0995742
0.0995083
0.099439
0.0993662
0.0992897
0.0992092
0.0991241
0.0990332
0.0989339
0.09882
0.0986767
0.0984672
0.0981017
0.0965878
0.0981013
0.0947892
0.0981009
0.0926734
0.0981003
0.0902116
0.0980997
0.0873821
0.098099
0.0841732
0.0980981
0.0805862
0.0980971
0.0766385
0.0980959
0.0723646
0.0980945
0.0678163
0.0980928
0.0630612
0.0980908
0.05818
0.0980885
0.0532634
0.0980857
0.0484098
0.0980825
0.0437277
0.0980786
0.0393471
0.098074
0.0354503
0.0980686
0.0323447
0.0980591
0.0306218
0.0979183
0.0314997
0.0921978
0.0298257
0.0313807
0.035949
0.0869895
0.0908647
0.0281784
0.0317513
0.0399537
0.0818489
0.089294
0.0265646
0.0324296
0.0437991
0.0768043
0.0874593
0.0249907
0.0333039
0.0476025
0.0718815
0.0853369
0.023462
0.0343052
0.051399
0.0671036
0.0829077
0.0219834
0.0353904
0.0551832
0.0624903
0.0801598
0.020559
0.0365329
0.0589303
0.058058
0.0770905
0.0191918
0.0377152
0.0626073
0.0538196
0.0737081
0.0178844
0.0389263
0.0661793
0.0497847
0.0700334
0.0166384
0.0401585
0.0696124
0.0459596
0.0660992
0.015455
0.0414064
0.0728772
0.0423471
0.061949
0.0143343
0.0426659
0.0759493
0.0389471
0.0576328
0.0132762
0.0439337
0.0788105
0.0357557
0.0532009
0.01228
0.0452069
0.0814492
0.0327646
0.0486919
0.0113445
0.0464831
0.08386
0.0299586
0.0441136
0.010468
0.0477599
0.0860431
0.0273107
0.0394058
0.00964883
0.049035
0.0880038
0.02477
0.0343681
0.00888471
0.0503062
0.0897512
0.0222381
0.0285085
0.00817619
0.0515716
0.0912977
0.0195162
0.0207167
0.00714177
0.0528289
0.0926574
0.0161947
0.00851874
0.0062234
0.00661551
0.0430741
0.0705171
0.0378713
0.0934712
0.0157033
0.0128859
0.0078564
0.00237819
0.00540827
0.00612409
0.033511
0.0791633
0.0275749
0.094213
0.015208
0.0100369
0.00723681
0.000726891
0.00468856
0.00566577
0.0249844
0.0836909
0.0206263
0.0948876
0.0147081
0.00768099
0.00665857
0.000289975
0.00405601
0.00523883
0.0179757
0.0863167
0.0160496
0.0954997
0.0142031
0.0057954
0.0061201
0.000180809
0.00350228
0.00484155
0.0125779
0.0880349
0.0131398
0.0960542
0.0136923
0.00432459
0.0056197
0.000160567
0.00301926
0.00447224
0.00862089
0.0892918
0.0113994
0.0965554
0.0131751
0.00319983
0.00515555
0.00016505
0.0025992
0.00412925
0.00582224
0.0902901
0.0104829
0.0970079
0.0126507
0.00235253
0.00472578
0.000177061
0.00223485
0.00381098
0.00389206
0.0911245
0.0101544
0.0974156
0.0121185
0.00172136
0.00432849
0.000192052
0.00191955
0.00351589
0.00258368
0.0918413
0.0102545
0.0977826
0.0115777
0.00125511
0.00396177
0.000208884
0.00164722
0.00324249
0.00170712
0.0924655
0.0106768
0.0981124
0.0110276
0.00091278
0.00362374
0.000227342
0.00141243
0.00298936
0.00112442
0.0930122
0.0113512
0.0984085
0.0104672
0.000662567
0.00331255
0.000247467
0.00121028
0.00275516
0.000739094
0.0934921
0.0122326
0.098674
0.00989568
0.00048028
0.0030264
0.000269378
0.00103644
0.00253858
0.00048515
0.0939135
0.0132925
0.0989118
0.0093122
0.000347796
0.00276355
0.000293223
0.00088709
0.00233843
0.000318174
0.0942832
0.0145137
0.0991247
0.00871577
0.000251674
0.00252235
0.000319169
0.000758797
0.00215353
0.000208544
0.0946073
0.0158864
0.099315
0.00810537
0.000182022
0.00230122
0.000347401
0.000648388
0.00198282
0.000136638
0.0948911
0.0174058
0.0994849
0.00747996
0.000131597
0.00209865
0.000378115
0.000552497
0.00182528
8.95112e-05
0.0951394
0.0190698
0.0996367
0.00683843
9.51221e-05
0.00191322
0.000411529
0.000466308
0.00168
5.86568e-05
0.0953563
0.0208779
0.099772
0.0061796
6.88121e-05
0.00174364
0.000447876
0.00037962
0.00154623
3.85244e-05
0.0955456
0.0228304
0.0998926
0.00550228
5.04198e-05
0.00159025
0.00048741
0.000264457
0.00142368
2.55936e-05
0.0957107
0.0249271
0.1
0.00480515
4.30326e-05
0.00151784
0.000530406
0.000155029
0.00025349
0.00135565
2.0972e-05
0.0956287
0.0958179
0.0283754
0.00418566
0.00333512
0.000557671
9.10617e-05
0.000243607
0.00129081
1.71895e-05
0.0955433
0.0959911
0.0321569
0.00363336
0.00232725
0.000586154
5.37177e-05
0.000235022
0.00122901
1.40969e-05
0.0954545
0.0961991
0.0362491
0.00314422
0.00163721
0.000615997
3.19705e-05
0.000228062
0.00117013
1.15741e-05
0.0953621
0.0964248
0.0406189
0.00271357
0.0011656
0.000647303
1.937e-05
0.000223214
0.00111401
9.5257e-06
0.095266
0.0966588
0.0452208
0.00233634
0.000844067
0.000680165
1.21471e-05
0.000221199
0.00106054
7.87894e-06
0.095166
0.096896
0.0499972
0.00200739
0.00062564
0.000714668
8.10242e-06
0.000223084
0.00100961
6.58347e-06
0.095062
0.0971337
0.0548799
0.00172165
0.00047807
0.000750896
5.95669e-06
0.000230431
0.000961079
5.61381e-06
0.0949538
0.0973701
0.0597927
0.0014743
0.000379221
0.000788938
4.97027e-06
0.000245529
0.000914853
4.97604e-06
0.0948413
0.0976045
0.064656
0.00126078
0.00031391
0.000828881
4.72129e-06
0.000271725
0.00087082
0.0947243
0.0978365
0.0693911
0.00107694
0.0946024
0.0980658
0.0739252
0.000918997
0.0944754
0.0982922
0.0781958
0.000783548
0.0943421
0.0985158
0.0821537
0.000667575
0.0942
0.0987365
0.0857649
0.000568413
0.0940423
0.0989542
0.0890108
0.000483723
0.0938495
0.0991691
0.0918873
0.000411464
0.0935663
0.0993811
0.0944029
0.000349864
0.0930349
0.0995902
0.0965758
0.000297405
0.0918043
0.0997965
0.0984316
0.000253282
0.0885854
0.1
0.1
0.000233278
0.0885842
0.0651582
0.0885828
0.0480487
0.0885813
0.0362516
0.0885797
0.0287378
0.088578
0.0245597
0.0885761
0.0229481
0.088574
0.0233398
0.0885717
0.0253509
0.0885692
0.0287253
0.0885665
0.0332803
0.0885636
0.038858
0.0885604
0.0452895
0.0885568
0.052373
0.088553
0.0598691
0.0885488
0.0675131
0.0885442
0.075039
0.0885392
0.0822073
0.0885337
0.0888293
0.0885278
0.0947802
0.0885212
0.1
0.0885111
0.0884998
0.0884869
0.0884723
0.0884559
0.0884373
0.0884162
0.0883925
0.0883656
0.0883351
0.0883007
0.0882618
0.0882178
0.0881681
0.0881118
0.0880483
0.0879761
0.0878965
0.0877962
0.087737
END_LIST
