BEGIN_LIST
0
-3.74524e-167
-1.2916e-166
-3.50972e-166
-8.8438e-166
-2.16314e-165
-5.22246e-165
-1.25298e-164
-2.99581e-164
-7.14624e-164
-1.70149e-163
-4.04418e-163
-9.59548e-163
-2.27253e-162
-5.37156e-162
-1.26701e-161
-2.98174e-161
-6.99976e-161
-1.6388e-160
-3.8254e-160
-4.29823e-160
-5.6917e-160
-4.53998e-160
-7.02703e-160
-4.78838e-160
-8.12917e-160
-5.04348e-160
-8.71372e-160
-5.30535e-160
-8.32232e-160
-5.57406e-160
-6.21771e-160
-5.84968e-160
-1.20994e-160
-6.13226e-160
8.63587e-160
-6.42082e-160
2.65009e-159
-6.67007e-160
5.7686e-159
-4.94678e-160
1.11159e-158
8.11634e-159
2.02337e-158
3.7651e-157
3.58156e-158
1.60828e-155
6.26419e-158
6.85574e-154
1.09325e-157
2.92263e-152
1.91595e-157
1.24587e-150
3.38521e-157
5.31112e-149
6.04292e-157
2.26392e-147
1.09026e-156
9.65058e-146
1.98487e-156
4.11395e-144
2.03166e-156
2.6474e-156
1.14354e-156
9.65209e-144
4.36149e-144
2.07479e-156
3.04554e-156
6.63391e-157
1.8496e-143
4.61796e-144
2.1139e-156
3.27222e-156
3.87378e-157
3.20683e-143
4.88195e-144
2.14864e-156
3.38755e-156
2.27609e-157
5.22823e-143
5.1515e-144
2.17872e-156
3.43042e-156
1.34511e-157
8.16897e-143
5.42404e-144
2.20391e-156
3.42603e-156
7.99199e-158
1.23673e-142
5.69624e-144
2.22401e-156
3.39073e-156
4.77187e-158
1.82699e-142
5.96397e-144
2.23891e-156
3.3352e-156
2.86195e-158
2.64657e-142
6.22219e-144
2.24854e-156
3.26642e-156
1.72339e-158
3.77318e-142
6.46491e-144
2.25291e-156
3.18898e-156
1.0415e-158
5.30958e-142
6.68505e-144
2.25208e-156
3.10594e-156
6.31419e-159
7.39229e-142
6.8743e-144
2.24617e-156
3.01936e-156
3.8387e-159
1.02038e-141
7.02272e-144
2.23534e-156
2.93063e-156
2.3394e-159
1.39901e-141
7.11781e-144
2.21983e-156
2.84073e-156
1.42868e-159
1.90858e-141
7.14257e-144
2.19989e-156
2.75037e-156
8.74054e-160
2.5951e-141
7.07146e-144
2.17582e-156
2.66004e-156
5.35538e-160
3.52264e-141
6.86242e-144
2.14684e-156
2.57014e-156
3.28527e-160
4.78157e-141
6.44137e-144
2.21625e-156
2.48097e-156
2.01727e-160
6.50138e-141
5.67242e-144
-7.27902e-156
2.39277e-156
1.2395e-160
8.87099e-141
4.29973e-144
8.82328e-154
2.30575e-156
7.61885e-161
1.21727e-140
1.82597e-144
5.49604e-153
8.46007e-154
3.34411e-156
1.07699e-156
3.33774e-156
5.53264e-161
1.29006e-140
1.08179e-140
1.74325e-144
5.06969e-145
1.89742e-152
8.10177e-154
5.30832e-156
5.0466e-157
4.05241e-156
4.01633e-161
1.35687e-140
9.33922e-141
1.66084e-144
1.40023e-145
5.90594e-152
7.74955e-154
9.58475e-156
2.36823e-157
4.53653e-156
2.91399e-161
1.41703e-140
7.85642e-141
1.57918e-144
3.86171e-146
1.79359e-151
7.40441e-154
1.9838e-155
1.11236e-157
4.85922e-156
2.11252e-161
1.46989e-140
6.46439e-141
1.49868e-144
1.06461e-146
5.42471e-151
7.06725e-154
4.60697e-155
5.22834e-158
5.07189e-156
1.52978e-161
1.51483e-140
5.22312e-141
1.41972e-144
2.93478e-147
1.64329e-150
6.73879e-154
1.1644e-154
2.45876e-158
5.21074e-156
1.10611e-161
1.55126e-140
4.15946e-141
1.34261e-144
8.0903e-148
4.9928e-150
6.41964e-154
3.12168e-154
1.15683e-158
5.30013e-156
7.98152e-162
1.57863e-140
3.27527e-141
1.26762e-144
2.23034e-148
1.5217e-149
6.1103e-154
8.71544e-154
5.44473e-159
5.35576e-156
5.74382e-162
1.59643e-140
2.55695e-141
1.19498e-144
6.14891e-149
4.6513e-149
5.81112e-154
2.50188e-153
2.56327e-159
5.38737e-156
4.11874e-162
1.60418e-140
1.98329e-141
1.12488e-144
1.69532e-149
1.42544e-148
5.52239e-154
7.31934e-153
1.20686e-159
5.40064e-156
2.93945e-162
1.60148e-140
1.53094e-141
1.05745e-144
4.67448e-150
4.37839e-148
5.24427e-154
2.1689e-152
5.68132e-160
5.39864e-156
2.08457e-162
1.58796e-140
1.17757e-141
9.92809e-145
1.28903e-150
1.34757e-147
4.97684e-154
6.48234e-152
2.67286e-160
5.38277e-156
1.46573e-162
1.56331e-140
9.03407e-142
9.31014e-145
3.55543e-151
4.15478e-147
4.72013e-154
1.94851e-151
1.25563e-160
5.35338e-156
1.01858e-162
1.5273e-140
6.91755e-142
8.72103e-145
9.81333e-152
1.28294e-146
4.47409e-154
5.87917e-151
5.88007e-161
5.31025e-156
6.96291e-163
1.47974e-140
5.28954e-142
8.16082e-145
2.71504e-152
3.96674e-146
4.2386e-154
1.77831e-150
2.73589e-161
5.25283e-156
4.64748e-163
1.42055e-140
4.0406e-142
7.62933e-145
7.57865e-153
1.22789e-145
4.01351e-154
5.38783e-150
1.25633e-161
5.18046e-156
2.99107e-163
1.34969e-140
3.08432e-142
7.12617e-145
2.18578e-153
3.80461e-145
3.79864e-154
1.63413e-149
5.61302e-162
5.09249e-156
1.81288e-163
1.26721e-140
2.35332e-142
6.65078e-145
7.03973e-154
1.17988e-144
3.59379e-154
4.95981e-149
2.35989e-162
4.98841e-156
9.81178e-164
1.17324e-140
1.79674e-142
6.20256e-145
3.01335e-154
3.66189e-144
3.39888e-154
1.50606e-148
8.4843e-163
4.86787e-156
4.0013e-164
1.06799e-140
1.38795e-142
5.78559e-145
1.96767e-154
1.1374e-143
3.21419e-154
4.57459e-148
1.56654e-163
4.73078e-156
0
9.51743e-141
1.21922e-142
5.58601e-145
1.74818e-154
6.86553e-144
1.68175e-143
3.10943e-154
7.63452e-148
1.62331e-163
9.0984e-164
4.4893e-156
8.60275e-141
6.88125e-141
1.74589e-154
4.14299e-144
2.43613e-143
3.00775e-154
1.26986e-147
1.68213e-163
5.28444e-164
4.21206e-156
7.73691e-141
4.97255e-141
1.77554e-154
2.49968e-144
3.48141e-143
2.90908e-154
2.10865e-147
1.74307e-163
3.06928e-164
3.90309e-156
6.92647e-141
3.59182e-141
1.82209e-154
1.50804e-144
4.92963e-143
2.81336e-154
3.49851e-147
1.8062e-163
1.78265e-164
3.56816e-156
6.17548e-141
2.59364e-141
1.8781e-154
9.09747e-145
6.93592e-143
2.72052e-154
5.80201e-147
1.87164e-163
1.03532e-164
3.21458e-156
5.48575e-141
1.87233e-141
1.9399e-154
5.48799e-145
9.71521e-143
2.6305e-154
9.62018e-147
1.93953e-163
6.01226e-165
2.85085e-156
4.85722e-141
1.35126e-141
2.00569e-154
3.31053e-145
1.35651e-142
2.54324e-154
1.59493e-146
2.01015e-163
3.49069e-165
2.48604e-156
4.28839e-141
9.74903e-142
2.07463e-154
1.99701e-145
1.88979e-142
2.45868e-154
2.64412e-146
2.08411e-163
2.02595e-165
2.12923e-156
3.77666e-141
7.03115e-142
2.14632e-154
1.20464e-145
2.62846e-142
2.37674e-154
4.3834e-146
2.16297e-163
1.1751e-165
1.7888e-156
3.3187e-141
5.0686e-142
2.22059e-154
7.26666e-146
3.65157e-142
2.29739e-154
2.25093e-163
6.80875e-166
1.47194e-156
2.91072e-141
2.35938e-163
3.93821e-166
1.18419e-156
2.54868e-141
2.51976e-163
2.27121e-166
9.2927e-157
2.22848e-141
2.81891e-163
1.3034e-166
7.08982e-157
1.94612e-141
3.49707e-163
7.41806e-167
5.23402e-157
1.69774e-141
5.21911e-163
4.16191e-167
3.71121e-157
1.47972e-141
9.82553e-163
2.27659e-167
2.49593e-157
1.28869e-141
2.24116e-162
1.18751e-167
1.55499e-157
1.12158e-141
5.70838e-162
5.60823e-168
8.50945e-158
9.75643e-142
1.52901e-161
2.02555e-168
3.45114e-158
8.49941e-142
4.18019e-161
0
0
7.92238e-142
4.26253e-161
2.37443e-160
4.34649e-161
3.80281e-160
4.4321e-161
4.77731e-160
4.5194e-161
5.40859e-160
4.60842e-161
5.80575e-160
4.69919e-161
6.05102e-160
4.79175e-161
6.19234e-160
4.88613e-161
6.24773e-160
4.98237e-161
6.21419e-160
5.0805e-161
6.0775e-160
5.18057e-161
5.82116e-160
5.28261e-161
5.43408e-160
5.38665e-161
4.9162e-160
5.49274e-161
4.28149e-160
5.60092e-161
3.55763e-160
5.71124e-161
2.78267e-160
5.82372e-161
1.99988e-160
5.93841e-161
1.25193e-160
6.05539e-161
5.7593e-161
6.17406e-161
0
6.3433e-161
6.51717e-161
6.69581e-161
6.87933e-161
7.06787e-161
7.26157e-161
7.46056e-161
7.66499e-161
7.875e-161
8.09075e-161
8.31239e-161
8.54006e-161
8.77394e-161
9.01418e-161
9.26101e-161
9.51425e-161
9.77575e-161
1.00379e-160
1.03368e-160
1.05069e-160
END_LIST
