BEGIN_LIST
0.1
0.095773
0.0917152
0.0878208
0.0840838
0.0804986
0.0770598
0.0737617
0.0705993
0.0675675
0.0646612
0.0618755
0.0592055
0.0566459
0.0541906
0.0518302
0.0495475
0.0473037
0.0450035
0.0424028
0.0388647
0.0327569
0.0338407
0.0276004
0.0294387
0.0232496
0.0255889
0.0195803
0.0222271
0.016487
0.0192955
0.0138803
0.0167418
0.0116842
0.0145197
0.00983447
0.0125876
0.0082768
0.010909
0.00696534
0.00945147
0.00586133
0.00818667
0.00493216
0.00708959
0.00415036
0.00613839
0.00349299
0.00531396
0.00294114
0.00459961
0.00247989
0.00398081
0.00209904
0.0034449
0.00179549
0.00298079
0.00157942
0.00257497
0.00148917
0.0020227
0.0013553
0.00160926
0.00142761
0.00182284
0.00171845
0.00123346
0.00172074
0.00150279
0.00164271
0.00145993
0.00112256
0.00182922
0.00165893
0.00148035
0.00124028
0.00102163
0.00193818
0.00187153
0.00133401
0.00105366
0.000929769
0.00204983
0.00213139
0.00120211
0.00089511
0.000846162
0.00216563
0.00243708
0.00108324
0.000760407
0.000770068
0.00228661
0.00279129
0.000976107
0.000645968
0.000700815
0.00241351
0.00319918
0.000879551
0.000548747
0.000637787
0.00254697
0.00366768
0.000792531
0.000466152
0.000580425
0.0026875
0.00420519
0.000714102
0.000395982
0.00052822
0.0028356
0.00482156
0.00064341
0.000336362
0.000480709
0.00299175
0.0055282
0.000579676
0.000285694
0.00043747
0.00315642
0.00633817
0.00052218
0.000242601
0.00039812
0.0033301
0.0072665
0.000470237
0.000205881
0.000362307
0.0035133
0.00833033
0.000423145
0.000174425
0.000329716
0.00370655
0.0095493
0.000380098
0.000147101
0.000300055
0.0039104
0.0109458
0.000339991
0.000122499
0.000273061
0.00412545
0.0125455
0.000301011
9.84001e-05
0.000248625
0.00435229
0.0143776
0.000259773
7.05621e-05
0.000213369
0.00459159
0.0164754
0.000209447
2.99546e-05
0.000182095
0.000195946
0.00300774
0.00678267
0.00323818
0.0180634
0.000203021
0.000151253
2.72062e-05
1.01837e-05
0.000155405
0.000179945
0.00196982
0.00825125
0.00235623
0.0197964
0.000196551
0.000109226
2.47099e-05
5.05828e-06
0.000132626
0.00016525
0.0012899
0.00951789
0.0017911
0.0216899
0.00019003
7.88764e-05
2.24427e-05
3.88687e-06
0.000113185
0.000151756
0.000844586
0.010793
0.00143991
0.0237601
0.000183449
5.69593e-05
2.03835e-05
3.79674e-06
9.65941e-05
0.000139363
0.000552978
0.0121683
0.00123438
0.0260241
0.000176801
4.1132e-05
1.85132e-05
4.01728e-06
8.24349e-05
0.000127982
0.000362039
0.013691
0.00112932
0.0285003
0.000170077
2.97026e-05
1.68145e-05
4.3431e-06
7.0351e-05
0.00011753
0.000237023
0.0153926
0.00109498
0.0312084
0.000163267
2.1449e-05
1.52717e-05
4.72094e-06
6.00384e-05
0.000107932
0.000155173
0.0172999
0.00111197
0.0341696
0.000156362
1.54888e-05
1.38705e-05
5.13857e-06
5.12374e-05
9.91178e-05
0.000101587
0.0194399
0.00116783
0.037407
0.000149352
1.11848e-05
1.25978e-05
5.595e-06
4.37264e-05
9.10231e-05
6.65056e-05
0.021841
0.0012548
0.0409456
0.000142227
8.07679e-06
1.14419e-05
6.09249e-06
3.73164e-05
8.35895e-05
4.35386e-05
0.024535
0.00136832
0.0448123
0.000134975
5.83241e-06
1.0392e-05
6.63434e-06
3.1846e-05
7.67629e-05
2.85028e-05
0.0275567
0.001506
0.0490362
0.000127585
4.21169e-06
9.43846e-06
7.22441e-06
2.71771e-05
7.04938e-05
1.86595e-05
0.0309447
0.00166702
0.0536488
0.000120045
3.04134e-06
8.57242e-06
7.86698e-06
2.31916e-05
6.47367e-05
1.22155e-05
0.034742
0.00185168
0.0586839
0.000112343
2.1962e-06
7.78585e-06
8.56669e-06
1.9787e-05
5.94497e-05
7.99697e-06
0.0389962
0.00206109
0.0641781
0.000104465
1.58591e-06
7.07144e-06
9.32864e-06
1.6871e-05
5.45946e-05
5.23535e-06
0.0437598
0.00229707
0.0701703
9.63977e-05
1.14522e-06
6.42259e-06
1.01584e-05
1.43492e-05
5.01364e-05
3.42773e-06
0.0490907
0.00256199
0.0767025
8.8126e-05
8.27046e-07
5.83327e-06
1.10619e-05
1.20909e-05
4.60438e-05
2.24529e-06
0.0550525
0.00285872
0.0838192
7.96347e-05
5.97867e-07
5.29814e-06
1.20457e-05
9.82596e-06
4.22915e-05
1.47421e-06
0.0617152
0.00319066
0.0915683
7.0908e-05
4.37814e-07
4.817e-06
1.31171e-05
6.81804e-06
3.88675e-05
9.79119e-07
0.0691549
0.00356168
0.1
6.19288e-05
3.73557e-07
4.59049e-06
1.42838e-05
3.99936e-06
6.51776e-06
3.69719e-05
8.02177e-07
0.0666287
0.0714872
0.00420664
5.25382e-05
4.34138e-05
1.50244e-05
2.35326e-06
6.23864e-06
3.51688e-05
6.5733e-07
0.0641916
0.0733293
0.00497238
4.45715e-05
3.07656e-05
1.57988e-05
1.39357e-06
5.98299e-06
3.34537e-05
5.38839e-07
0.0618407
0.0749134
0.00587952
3.78128e-05
2.21421e-05
1.66108e-05
8.36046e-07
5.75459e-06
3.18221e-05
4.42053e-07
0.0595732
0.0763663
0.00695306
3.20789e-05
1.62805e-05
1.74634e-05
5.1458e-07
5.55921e-06
3.02701e-05
3.63243e-07
0.0573863
0.0777573
0.00822284
2.72144e-05
1.23151e-05
1.83593e-05
3.32204e-07
5.40562e-06
2.87939e-05
2.99492e-07
0.0552773
0.0791245
0.00972428
2.30876e-05
9.65232e-06
1.93009e-05
2.32429e-07
5.3069e-06
2.73896e-05
2.48649e-07
0.0532436
0.0804886
0.0114993
1.95866e-05
7.88539e-06
2.02906e-05
1.82489e-07
5.2824e-06
2.60538e-05
2.09357e-07
0.0512828
0.0818612
0.0135972
1.66164e-05
6.73554e-06
2.1331e-05
1.63556e-07
5.3606e-06
2.47831e-05
1.81201e-07
0.0493923
0.0832487
0.0160765
1.40967e-05
6.01179e-06
2.24246e-05
1.65027e-07
5.58332e-06
2.35744e-05
0.0475697
0.0846549
0.0190056
1.1959e-05
0.0458127
0.086082
0.0224654
1.01455e-05
0.044119
0.0875311
0.0265509
8.60699e-06
0.042486
0.0890034
0.0313735
7.30178e-06
0.0409106
0.0904993
0.0370639
6.19451e-06
0.039388
0.0920196
0.0437748
5.25514e-06
0.0379074
0.0935645
0.0516848
4.45822e-06
0.0364411
0.0951347
0.0610017
3.78215e-06
0.0349098
0.0967303
0.0719668
3.20878e-06
0.0330806
0.098352
0.0848592
2.72812e-06
0.0302614
0.1
0.1
2.51052e-06
0.027996
0.0191088
0.0258936
0.01234
0.0239434
0.00831748
0.0221353
0.0060375
0.0204597
0.00489234
0.0189074
0.0045236
0.0174699
0.00473194
0.0161391
0.00542257
0.0149076
0.00657343
0.0137683
0.00821778
0.0127144
0.0104365
0.0117399
0.0133569
0.0108389
0.0171569
0.0100061
0.022074
0.00923652
0.0284174
0.00852541
0.0365858
0.00786845
0.0470894
0.00726159
0.0605773
0.00670154
0.0778705
0.00617502
0.1
0.00552374
0.00494068
0.00441881
0.00395176
0.00353385
0.00315994
0.00282545
0.00252624
0.00225863
0.00201928
0.00180524
0.00161384
0.00144269
0.00128967
0.00115284
0.00103055
0.00092099
0.000824284
0.000731243
0.000683041
END_LIST
