BEGIN_LIST
0
1.24953e-49
4.30382e-49
1.16753e-48
2.937e-48
7.17469e-48
1.73133e-47
4.15603e-47
9.95424e-47
2.38191e-46
5.69749e-46
1.36268e-45
3.25913e-45
7.79528e-45
1.86462e-44
4.46053e-44
1.06713e-43
2.55322e-43
6.10946e-43
1.46203e-42
3.49907e-42
1.51918e-41
3.63688e-42
3.50994e-41
3.78026e-42
6.72375e-41
3.92945e-42
1.17214e-40
4.08469e-42
1.92842e-40
4.24623e-42
3.0507e-40
4.41432e-42
4.69493e-40
4.58924e-42
7.08893e-40
4.77127e-42
1.05769e-39
4.96071e-42
1.56985e-39
5.15787e-42
2.33324e-39
5.36306e-42
3.49576e-39
5.57662e-42
5.31339e-39
5.79893e-42
8.23929e-39
6.03155e-42
1.30901e-38
6.3261e-42
2.1359e-38
8.86625e-42
3.58073e-38
1.06681e-40
6.15818e-38
4.26329e-39
1.08299e-37
1.81354e-37
1.93779e-37
7.72698e-36
1.98517e-37
2.57539e-37
1.11856e-37
1.80929e-35
8.2058e-36
2.02902e-37
2.95763e-37
6.50267e-38
3.45398e-35
8.70308e-36
2.06897e-37
3.1742e-37
3.8062e-38
5.95629e-35
9.21623e-36
2.10467e-37
3.28313e-37
2.24259e-38
9.64307e-35
9.74161e-36
2.13582e-37
3.322e-37
1.32969e-38
1.49372e-34
1.02744e-35
2.16218e-37
3.31516e-37
7.9322e-39
2.23804e-34
1.08082e-35
2.18356e-37
3.27846e-37
4.75972e-39
3.26613e-34
1.13352e-35
2.19981e-37
3.22222e-37
2.87233e-39
4.6651e-34
1.18457e-35
2.21088e-37
3.1532e-37
1.743e-39
6.54487e-34
1.23281e-35
2.21675e-37
3.07587e-37
1.06351e-39
9.04426e-34
1.27687e-35
2.21747e-37
2.99319e-37
6.52463e-40
1.23392e-33
1.31512e-35
2.21315e-37
2.90716e-37
4.02498e-40
1.66546e-33
1.34562e-35
2.20396e-37
2.81914e-37
2.49689e-40
2.22808e-33
1.36592e-35
2.19009e-37
2.73009e-37
1.55776e-40
2.9599e-33
1.37268e-35
2.1718e-37
2.64068e-37
9.77464e-41
3.91188e-33
1.36091e-35
2.14938e-37
2.5514e-37
6.1689e-41
5.15368e-33
1.3224e-35
2.12312e-37
2.46265e-37
3.9155e-41
6.78291e-33
1.24274e-35
2.09335e-37
2.3747e-37
2.49885e-41
8.94e-33
1.09561e-35
2.06077e-37
2.2878e-37
1.60282e-41
1.18329e-32
8.31535e-36
1.94884e-37
2.20215e-37
1.03262e-41
1.57794e-32
3.54572e-36
1.79437e-37
1.89157e-37
2.27381e-37
1.03038e-37
3.29597e-37
7.74778e-42
1.6651e-32
1.39987e-32
3.38698e-36
1.00088e-36
1.6436e-37
1.83367e-37
2.20779e-37
4.83626e-38
4.05633e-37
5.81802e-42
1.74461e-32
1.20646e-32
3.22867e-36
2.93058e-37
1.49839e-37
1.77541e-37
2.01676e-37
2.27321e-38
4.5737e-37
4.3705e-42
1.81571e-32
1.01322e-32
3.07164e-36
9.80837e-38
1.36017e-37
1.71706e-37
1.74174e-37
1.06941e-38
4.92037e-37
3.28256e-42
1.87762e-32
8.32322e-33
2.91671e-36
4.51055e-38
1.22994e-37
1.65885e-37
1.43392e-37
5.0341e-39
5.15025e-37
2.46345e-42
1.92961e-32
6.71412e-33
2.76459e-36
3.13786e-38
1.10835e-37
1.601e-37
1.13628e-37
2.37089e-39
5.30145e-37
1.84587e-42
1.971e-32
5.33821e-33
2.61589e-36
2.85267e-38
9.95764e-38
1.54371e-37
8.74825e-38
1.11706e-39
5.3997e-37
1.3798e-42
2.00114e-32
4.19672e-33
2.47118e-36
2.87207e-38
8.92283e-38
1.48715e-37
6.59624e-38
5.26477e-40
5.4617e-37
1.02787e-42
2.01942e-32
3.27105e-33
2.33089e-36
2.98025e-38
7.97932e-38
1.43147e-37
4.90134e-38
2.48181e-40
5.49788e-37
7.62138e-43
2.02531e-32
2.53311e-33
2.19539e-36
3.11789e-38
7.12925e-38
1.37681e-37
3.60554e-38
1.16998e-40
5.51439e-37
5.61605e-43
2.01832e-32
1.95221e-33
2.06496e-36
3.26884e-38
6.38452e-38
1.32327e-37
2.63438e-38
5.51441e-41
5.51462e-37
4.10479e-43
1.99802e-32
1.49918e-33
1.93983e-36
3.42888e-38
5.78982e-38
1.27095e-37
1.91608e-38
2.59735e-41
5.50017e-37
2.96826e-43
1.96407e-32
1.14827e-33
1.82012e-36
3.59706e-38
5.49329e-38
1.21993e-37
1.38945e-38
1.22151e-41
5.47154e-37
2.11615e-43
1.9162e-32
8.7781e-34
1.70592e-36
3.77339e-38
5.96474e-38
1.17026e-37
1.00559e-38
5.72622e-42
5.42858e-37
1.47994e-43
1.8542e-32
6.70115e-34
1.59725e-36
3.95811e-38
8.67214e-38
1.12201e-37
7.26937e-39
2.66689e-42
5.3708e-37
1.00753e-43
1.77798e-32
5.11041e-34
1.49408e-36
4.15155e-38
1.81821e-37
1.0752e-37
5.25416e-39
1.22572e-42
5.29756e-37
6.59229e-44
1.6875e-32
3.89441e-34
1.39634e-36
4.35405e-38
4.86857e-37
1.02987e-37
3.80685e-39
5.48051e-43
5.20826e-37
4.04803e-44
1.58283e-32
2.9664e-34
1.30393e-36
4.566e-38
1.44291e-36
9.86021e-38
2.7919e-39
2.30571e-43
5.10237e-37
2.21167e-44
1.46413e-32
2.26097e-34
1.21675e-36
4.78777e-38
4.42158e-36
9.43702e-38
2.1524e-39
8.2946e-44
4.97955e-37
9.07093e-45
1.33166e-32
1.74363e-34
1.1356e-36
5.01973e-38
1.36916e-35
9.03008e-38
1.97454e-39
1.53381e-44
4.83974e-37
0
1.18576e-32
1.53027e-34
1.09675e-36
5.26228e-38
8.25448e-36
2.02498e-35
8.79705e-38
2.13057e-39
1.59036e-44
8.91427e-45
4.59324e-37
1.07101e-32
8.55627e-33
5.41056e-38
4.97514e-36
2.93557e-35
8.56906e-38
2.55238e-39
1.64951e-44
5.18119e-45
4.31003e-37
9.62498e-33
6.17066e-33
5.56225e-38
2.99814e-36
4.1998e-35
8.34606e-38
3.39228e-39
1.71229e-44
3.01162e-45
3.99423e-37
8.61038e-33
4.44833e-33
5.71766e-38
1.8066e-36
5.95492e-35
8.12802e-38
4.90628e-39
1.78145e-44
1.75062e-45
3.65178e-37
7.67114e-33
3.20566e-33
5.87697e-38
1.08858e-36
8.39143e-35
7.91489e-38
7.5222e-39
1.86443e-44
1.01766e-45
3.29016e-37
6.80931e-33
2.30948e-33
6.04032e-38
6.55947e-37
1.17738e-34
7.70662e-38
1.19526e-38
1.98174e-44
5.9157e-46
2.91807e-37
6.02467e-33
1.66337e-33
6.20781e-38
3.9529e-37
1.6469e-34
7.50314e-38
1.93821e-38
2.18996e-44
3.43853e-46
2.54482e-37
5.31517e-33
1.19765e-33
6.37953e-38
2.38262e-37
2.29862e-34
7.30441e-38
3.1779e-38
2.64555e-44
1.9982e-46
2.17969e-37
4.67745e-33
8.62018e-34
6.55557e-38
1.43673e-37
3.20326e-34
7.11036e-38
5.2412e-38
3.78144e-44
1.16063e-46
1.83128e-37
4.10722e-33
6.20158e-34
6.73601e-38
8.67074e-38
4.45888e-34
6.92091e-38
6.79589e-44
6.73536e-47
1.50696e-37
3.59962e-33
1.50054e-43
3.90234e-47
1.21242e-37
3.14954e-33
3.75909e-43
2.2546e-47
9.51455e-38
2.7518e-33
9.99666e-43
1.29633e-47
7.25931e-38
2.40134e-33
2.72486e-42
7.39203e-48
5.35928e-38
2.09329e-33
7.49912e-42
4.15513e-48
3.80011e-38
1.8231e-33
2.07144e-41
2.27687e-48
2.55577e-38
1.58655e-33
5.72982e-41
1.18945e-48
1.5923e-38
1.37977e-33
1.58579e-40
5.62402e-49
8.71368e-39
1.19933e-33
4.38988e-40
2.03277e-49
3.53399e-39
1.04402e-33
1.2154e-39
0
0
9.72756e-34
1.23935e-39
6.94615e-39
1.26378e-39
1.11306e-38
1.28869e-39
1.39858e-38
1.31409e-39
1.58357e-38
1.34e-39
1.69997e-38
1.36641e-39
1.77187e-38
1.39334e-39
1.81331e-38
1.4208e-39
1.82957e-38
1.44881e-39
1.81978e-38
1.47736e-39
1.77977e-38
1.50648e-39
1.70472e-38
1.53618e-39
1.59137e-38
1.56645e-39
1.43972e-38
1.59733e-39
1.25385e-38
1.62881e-39
1.04186e-38
1.66091e-39
8.14915e-39
1.69364e-39
5.85672e-39
1.72702e-39
3.66633e-39
1.76106e-39
1.68664e-39
1.7956e-39
0
1.84485e-39
1.89546e-39
1.94745e-39
2.00086e-39
2.05573e-39
2.11211e-39
2.17003e-39
2.22953e-39
2.29066e-39
2.35346e-39
2.41797e-39
2.48424e-39
2.55232e-39
2.62225e-39
2.6941e-39
2.76782e-39
2.84395e-39
2.92026e-39
3.00728e-39
3.0568e-39
END_LIST
