BEGIN_LIST
0.1
0.0997233
0.099434
0.0991318
0.098816
0.0984863
0.0981421
0.097783
0.0974084
0.0970179
0.0966109
0.0961869
0.0957452
0.0952848
0.0948041
0.0943
0.0937653
0.0931832
0.0925129
0.0916552
0.0903689
0.0856411
0.090312
0.0805604
0.0902447
0.0751954
0.0901651
0.0696302
0.090071
0.0639596
0.08996
0.0582823
0.089829
0.0526949
0.0896746
0.0472858
0.0894927
0.04213
0.0892785
0.0372868
0.0890267
0.0327981
0.088731
0.0286895
0.0883842
0.024972
0.0879779
0.0216459
0.0875029
0.018706
0.0869488
0.0161498
0.0863036
0.0139935
0.0855545
0.0123036
0.0846792
0.0112658
0.0833964
0.0113403
0.0734552
0.0104545
0.0120027
0.0117591
0.0673696
0.0676671
0.00962803
0.0126557
0.0127649
0.0616974
0.0618907
0.00885844
0.0133136
0.0141524
0.0564258
0.0562138
0.00814315
0.0139853
0.0158258
0.0515395
0.0507161
0.00747948
0.0146767
0.0177428
0.0470216
0.0454657
0.00686468
0.0153914
0.019887
0.0428538
0.0405163
0.00629599
0.016132
0.022253
0.0390169
0.0359064
0.00577066
0.0169004
0.0248394
0.0354914
0.0316599
0.00528601
0.0176978
0.0276446
0.0322575
0.0277871
0.00483939
0.0185253
0.030664
0.0292958
0.0242865
0.00442826
0.0193837
0.0338892
0.026587
0.0211473
0.00405016
0.0202736
0.0373064
0.024112
0.0183512
0.00370276
0.0211956
0.0408958
0.021852
0.0158739
0.00338383
0.0221501
0.044632
0.0197872
0.0136857
0.00309125
0.0231375
0.0484838
0.0178959
0.0117499
0.00282304
0.0241579
0.0524151
0.0161502
0.0100166
0.00257731
0.0252115
0.0563856
0.0145091
0.00840787
0.00235232
0.0262983
0.0603528
0.0129015
0.00678134
0.00214744
0.0274183
0.0642734
0.0111913
0.00484655
0.00185086
0.0285713
0.0681049
0.00910216
0.0019716
0.00158757
0.00170329
0.0204196
0.0407049
0.0199209
0.0706098
0.00882322
0.0067635
0.00179514
0.000549328
0.00136076
0.00156722
0.0142157
0.0476673
0.0141199
0.0730423
0.00854213
0.00498839
0.00163411
0.000168387
0.00116562
0.0014418
0.00970767
0.0524231
0.0102798
0.0753937
0.00825855
0.00365866
0.00148723
6.77898e-05
0.000997934
0.00132623
0.00653927
0.0562127
0.00778218
0.0776563
0.00797214
0.00267229
0.0013533
4.27436e-05
0.000853979
0.00121977
0.00436362
0.0595521
0.0062028
0.0798235
0.00768252
0.0019459
0.00123123
3.81883e-05
0.000730503
0.00112171
0.00289324
0.0626492
0.00525347
0.08189
0.00738933
0.00141378
0.00112
3.93357e-05
0.00062467
0.00103143
0.0019101
0.0655822
0.00474019
0.0838516
0.00709216
0.00102551
0.00101867
4.22269e-05
0.000534016
0.000948318
0.00125745
0.0683745
0.0045334
0.0857057
0.00679059
0.000742979
0.000926397
4.58163e-05
0.000456405
0.00087182
0.000826235
0.0710284
0.0045474
0.0874507
0.0064842
0.000537824
0.000842384
4.98431e-05
0.000389991
0.000801425
0.000542221
0.0735386
0.00472616
0.0890863
0.00617252
0.000389074
0.00076591
5.42592e-05
0.000333181
0.000736655
0.000355544
0.0758984
0.00503379
0.0906135
0.00585508
0.000281338
0.000696312
5.9076e-05
0.000284601
0.000677071
0.000233012
0.0781028
0.00544803
0.0920339
0.00553138
0.000203367
0.000632984
6.43225e-05
0.00024307
0.000622265
0.000152654
0.0801489
0.00595591
0.0933504
0.00520089
0.000146971
0.00057537
7.00352e-05
0.000207566
0.00057186
9.99862e-05
0.0820364
0.00655084
0.0945663
0.00486307
0.000106195
0.000522962
7.62549e-05
0.000177201
0.000525508
6.54798e-05
0.0837674
0.00723062
0.0956856
0.00451734
7.67234e-05
0.000475297
8.30264e-05
0.00015117
0.00048289
4.28786e-05
0.085346
0.00799611
0.0967129
0.00416309
5.54259e-05
0.000431951
9.03985e-05
0.000128651
0.00044371
2.80793e-05
0.0867784
0.00885037
0.0976529
0.00379969
4.00409e-05
0.000392537
9.84242e-05
0.000108515
0.000407706
1.83959e-05
0.0880717
0.00979802
0.0985107
0.00342647
2.89539e-05
0.00035671
0.000107162
8.84468e-05
0.000374661
1.20799e-05
0.0892344
0.0108448
0.0992913
0.00304273
2.12084e-05
0.000324468
0.000116673
6.21746e-05
0.000344481
8.02404e-06
0.0902753
0.0119973
0.1
0.00264773
1.80982e-05
0.000309284
0.000127028
3.64638e-05
5.99979e-05
0.000327763
6.57443e-06
0.0898796
0.0906711
0.0139574
0.00226316
0.00182466
0.000133599
2.14444e-05
5.8243e-05
0.000311852
5.38778e-06
0.089471
0.0911269
0.0162112
0.00193233
0.00126043
0.000140469
1.26843e-05
5.70376e-05
0.000296711
4.41714e-06
0.0890492
0.0916137
0.0187828
0.00164833
0.000873836
0.000147671
7.59121e-06
5.65708e-05
0.000282302
3.62453e-06
0.0886139
0.0921159
0.0216956
0.00140494
0.000609132
0.000155231
4.65006e-06
5.71214e-05
0.00026859
2.97953e-06
0.0881649
0.0926247
0.02497
0.00119667
0.000428066
0.000163173
2.97599e-06
5.90985e-05
0.000255542
2.45851e-06
0.087702
0.0931357
0.0286207
0.00101868
0.00030439
0.000171518
2.05332e-06
6.31016e-05
0.000243125
2.04429e-06
0.0872248
0.0936462
0.0326538
0.000866731
0.0002201
0.000180288
1.58263e-06
7.00072e-05
0.00023131
1.72646e-06
0.0867333
0.094155
0.0370648
0.000737132
0.000162846
0.000189504
1.39154e-06
8.1096e-05
0.000220067
1.50288e-06
0.0862271
0.0946611
0.0418355
0.000626684
0.00012416
0.00019919
1.3826e-06
9.82376e-05
0.00020937
0.085706
0.0951643
0.0469327
0.00053262
0.0851698
0.0956641
0.0523071
0.000452556
0.084618
0.0961606
0.0578939
0.000384441
0.0840496
0.0966535
0.0636147
0.000326516
0.0834623
0.0971427
0.0693808
0.000277274
0.0828496
0.0976284
0.0750983
0.000235426
0.0821929
0.0981103
0.0806736
0.000199871
0.0814399
0.0985884
0.0860194
0.000169668
0.080441
0.0990628
0.0910597
0.000144026
0.0787705
0.0995333
0.0957341
0.00012251
0.075215
0.1
0.1
0.000112766
0.075131
0.0515043
0.0750392
0.0352938
0.0749391
0.0247453
0.07483
0.0182882
0.074711
0.0147264
0.0745813
0.0132301
0.0744401
0.0132677
0.0742863
0.0145286
0.074119
0.0168545
0.0739369
0.0201867
0.073739
0.0245239
0.073524
0.0298877
0.0732904
0.0362913
0.0730369
0.043711
0.072762
0.0520625
0.072464
0.0611862
0.0721413
0.0708463
0.0717921
0.080748
0.0714145
0.0905691
0.071006
0.1
0.0703864
0.0696994
0.0689396
0.0681014
0.0671794
0.0661686
0.0650641
0.0638619
0.0625587
0.0611522
0.0596414
0.0580269
0.0563107
0.0544968
0.0525908
0.0506022
0.0485316
0.0464372
0.044088
0.0427776
END_LIST
