BEGIN_LIST
0.1
0.0995394
0.0990599
0.0985609
0.098042
0.0975026
0.0969423
0.0963606
0.0957571
0.0951312
0.0944827
0.0938109
0.0931154
0.0923952
0.0916489
0.0908729
0.090059
0.0891875
0.08821
0.0870081
0.0852931
0.0793713
0.0850925
0.0732687
0.0848561
0.0670914
0.084578
0.0609473
0.0842514
0.0549391
0.0838685
0.0491579
0.0834205
0.0436792
0.0828976
0.03856
0.0822886
0.0338384
0.0815814
0.0295346
0.0807629
0.0256534
0.0798191
0.0221866
0.0787352
0.019117
0.0774965
0.0164218
0.0760884
0.0140768
0.0744974
0.0120622
0.0727119
0.0103729
0.070723
0.009039
0.0685174
0.00817121
0.065853
0.00806342
0.0560789
0.00740163
0.00859815
0.00815762
0.0510563
0.0501141
0.00678932
0.00911144
0.00877638
0.0464413
0.0445267
0.00622356
0.00962059
0.00972355
0.0422082
0.0393531
0.00570148
0.0101364
0.0109101
0.0383317
0.0346128
0.00522027
0.0106657
0.0122994
0.034787
0.0303107
0.00477721
0.011213
0.0138806
0.03155
0.0264393
0.00436968
0.0117815
0.0156549
0.0285977
0.0229821
0.00399518
0.0123731
0.017629
0.0259079
0.0199152
0.00365132
0.0129897
0.0198115
0.0234597
0.0172106
0.00333583
0.0136326
0.0222103
0.0212334
0.0148378
0.00304657
0.0143028
0.0248318
0.0192104
0.012765
0.00278154
0.0150014
0.0276791
0.0173729
0.010961
0.00253885
0.0157293
0.0307512
0.015704
0.00939475
0.00231674
0.0164874
0.0340423
0.0141868
0.00803591
0.00211356
0.0172765
0.0375409
0.0128034
0.00685301
0.00192778
0.0180973
0.0412293
0.0115319
0.0058097
0.00175799
0.0189505
0.0450835
0.0103411
0.00485546
0.00160285
0.0198368
0.0490732
0.00917832
0.00390432
0.00146189
0.0207568
0.0531626
0.00794371
0.002786
0.00125805
0.0217111
0.057311
0.00643501
0.00113346
0.00107713
0.00115688
0.0151006
0.0313419
0.015102
0.0601139
0.00623739
0.0047204
0.00103071
0.000317587
0.000921804
0.00106373
0.0103049
0.0371109
0.0106972
0.0629046
0.00603828
0.00344815
0.000937175
9.9314e-05
0.000788557
0.000977981
0.00693827
0.0413269
0.00779696
0.0656708
0.00583743
0.00251104
0.000852043
4.18658e-05
0.000674339
0.000899064
0.00462833
0.044931
0.00592074
0.0684
0.0056346
0.00182447
0.000774574
2.77687e-05
0.000576495
0.000826447
0.00306806
0.0483019
0.00474221
0.0710799
0.00542953
0.00132344
0.000704091
2.54464e-05
0.000492725
0.000759636
0.00202522
0.0515842
0.00404135
0.0736987
0.00522195
0.000958844
0.000639974
2.64201e-05
0.000421036
0.000698177
0.0013331
0.0548237
0.00367085
0.0762451
0.00501157
0.000694086
0.000581656
2.84218e-05
0.000359711
0.000641649
0.000875881
0.0580248
0.00353283
0.0787092
0.00479811
0.000502116
0.00052862
3.08545e-05
0.00030727
0.000589662
0.000574775
0.061175
0.0035628
0.0810821
0.00458126
0.000363074
0.000480393
3.35713e-05
0.000262439
0.000541857
0.000376879
0.0642553
0.00371888
0.0833562
0.00436068
0.000262448
0.000436543
3.65478e-05
0.000224123
0.000497903
0.000246989
0.0672453
0.00397443
0.0855253
0.00413604
0.000189665
0.000396678
3.97935e-05
0.000191381
0.000457493
0.000161808
0.0701256
0.00431323
0.0875849
0.00390699
0.000137042
0.000360438
4.33288e-05
0.000163407
0.000420345
0.000105981
0.0728791
0.00472608
0.0895317
0.00367315
9.90074e-05
0.000327496
4.71783e-05
0.000139506
0.000386198
6.94048e-05
0.0754915
0.00520869
0.0913639
0.00343414
7.15223e-05
0.000297555
5.13697e-05
0.000119073
0.000354813
4.54477e-05
0.0779519
0.00576017
0.0930809
0.00318955
5.16639e-05
0.000270342
5.59333e-05
0.000101564
0.000325968
2.97587e-05
0.0802528
0.00638208
0.0946836
0.00293893
3.73177e-05
0.000245611
6.0902e-05
8.64227e-05
0.000299461
1.94868e-05
0.08239
0.00707776
0.0961737
0.00268186
2.69563e-05
0.000223137
6.63117e-05
7.28906e-05
0.000275112
1.27662e-05
0.0843623
0.00785187
0.097554
0.00241784
1.94908e-05
0.000202719
7.22014e-05
5.94157e-05
0.000252772
8.38288e-06
0.0861714
0.00871013
0.0988281
0.00214639
1.42758e-05
0.000184352
7.86138e-05
4.17986e-05
0.000232376
5.5682e-06
0.0878213
0.00965908
0.1
0.00186697
1.21819e-05
0.000175704
8.5595e-05
2.45153e-05
4.03579e-05
0.00022108
4.56221e-06
0.087228
0.0883949
0.0112829
0.00159039
0.00128615
9.00261e-05
1.44198e-05
3.92102e-05
0.000210331
3.73869e-06
0.0866185
0.0889977
0.0131662
0.00135397
0.000888051
9.46585e-05
8.53221e-06
3.84457e-05
0.000200104
3.06506e-06
0.0859926
0.0896148
0.0153367
0.0011521
0.000615312
9.95153e-05
5.10993e-06
3.8198e-05
0.000190372
2.51492e-06
0.0853502
0.0902384
0.0178238
0.000979891
0.000428573
0.000104614
3.13448e-06
3.86637e-05
0.000181113
2.06715e-06
0.0846913
0.0908642
0.0206569
0.000833115
0.000300833
0.000109971
2.01111e-06
4.01315e-05
0.000172303
1.70529e-06
0.0840158
0.0914901
0.0238632
0.000708098
0.000213569
0.0001156
1.39326e-06
4.30242e-05
0.000163921
1.41732e-06
0.0833237
0.0921148
0.0274659
0.000601678
0.000154081
0.000121516
1.07975e-06
4.79601e-05
0.000155945
1.19587e-06
0.082615
0.0927377
0.0314813
0.000511134
0.000113657
0.000127734
9.54814e-07
5.58422e-05
0.000148357
1.03919e-06
0.0818897
0.0933584
0.0359167
0.000434131
8.63248e-05
0.000134269
9.53092e-07
6.7989e-05
0.000141138
0.0811478
0.0939766
0.0407665
0.000368666
0.0803894
0.0945922
0.0460107
0.000313029
0.0796143
0.0952052
0.0516125
0.000265756
0.078822
0.0958153
0.0575172
0.0002256
0.0780106
0.0964224
0.063653
0.000191494
0.0771744
0.0970266
0.0699331
0.000162532
0.076297
0.0976277
0.0762596
0.000137942
0.0753305
0.0982257
0.0825288
0.000117067
0.0741381
0.0988204
0.0886373
9.93509e-05
0.0723285
0.0994119
0.0944889
8.44922e-05
0.068784
0.1
0.1
7.77642e-05
0.0685612
0.0462321
0.0683192
0.0311605
0.0680565
0.0215263
0.0677718
0.0157024
0.0674633
0.0125136
0.0671294
0.0111742
0.0667684
0.0111956
0.0663785
0.0123008
0.0659577
0.0143583
0.0655044
0.0173342
0.0650164
0.0212556
0.064492
0.0261828
0.0639291
0.0321823
0.0633259
0.0393004
0.0626805
0.0475366
0.0619913
0.0568192
0.0612566
0.0669889
0.0604749
0.0777966
0.059645
0.0889204
0.0587619
0.1
0.0574583
0.0560572
0.054559
0.0529654
0.0512798
0.0495076
0.0476556
0.0457328
0.0437496
0.0417177
0.0396502
0.0375611
0.0354647
0.0333754
0.0313072
0.0292748
0.0272839
0.0253815
0.0233878
0.0223116
END_LIST
