BEGIN_LIST
0
-1.85539e-146
-6.46852e-146
-1.78614e-145
-4.5869e-145
-1.14445e-144
-2.81674e-144
-6.87779e-144
-1.66961e-143
-4.03193e-143
-9.68593e-143
-2.31398e-142
-5.4944e-142
-1.29569e-141
-3.03154e-141
-7.02824e-141
-1.61169e-140
-3.64693e-140
-8.11552e-140
-1.76711e-139
1.42344e-138
1.11142e-137
1.45099e-138
2.8484e-137
1.48041e-138
5.83019e-137
1.51176e-138
1.08141e-136
1.54512e-138
1.9006e-136
1.58054e-138
3.23366e-136
1.61811e-138
5.39211e-136
1.65789e-138
8.88359e-136
1.70018e-138
1.45452e-135
1.75433e-138
2.37757e-135
2.21575e-138
3.89459e-135
1.99363e-137
6.41351e-135
7.73332e-136
1.06469e-134
3.28891e-134
1.78582e-134
1.40184e-132
3.03193e-134
5.97607e-131
5.21715e-134
2.54751e-129
9.10484e-134
1.08599e-127
1.61143e-133
4.62917e-126
2.88924e-133
1.97331e-124
5.23373e-133
8.41201e-123
5.36175e-133
6.96916e-133
3.02007e-133
1.97361e-122
8.9182e-123
5.48024e-133
8.00976e-133
1.75474e-133
3.78195e-122
9.44264e-123
5.58818e-133
8.59949e-133
1.02624e-133
6.55707e-122
9.98246e-123
5.68465e-133
8.89627e-133
6.03901e-134
1.06902e-121
1.05337e-122
5.76885e-133
9.00233e-133
3.57425e-134
1.67029e-121
1.1091e-122
5.84011e-133
8.984e-133
2.12677e-134
2.52867e-121
1.16476e-122
5.8979e-133
8.88438e-133
1.27169e-134
3.73548e-121
1.2195e-122
5.94188e-133
8.73159e-133
7.63772e-135
5.4111e-121
1.27231e-122
5.97184e-133
8.54406e-133
4.60552e-135
7.71437e-121
1.32194e-122
5.98776e-133
8.33394e-133
2.78699e-135
1.08553e-120
1.36696e-122
5.98978e-133
8.10931e-133
1.69182e-135
1.51129e-120
1.40566e-122
5.97819e-133
7.8756e-133
1.02983e-135
2.08603e-120
1.43601e-122
5.95343e-133
7.63654e-133
6.28364e-136
2.86e-120
1.45546e-122
5.91605e-133
7.39469e-133
3.84191e-136
3.90158e-120
1.46053e-122
5.86673e-133
7.15192e-133
2.3531e-136
5.3048e-120
1.44599e-122
5.80622e-133
6.90957e-133
1.44332e-136
7.20057e-120
1.40325e-122
5.73534e-133
6.66867e-133
8.86331e-137
9.77356e-120
1.31715e-122
5.65706e-133
6.43001e-133
5.44781e-137
1.32884e-119
1.15992e-122
5.37577e-133
6.19424e-133
3.35059e-137
1.81311e-119
8.79225e-123
2.32559e-132
5.96189e-133
2.06139e-137
2.48786e-119
3.73382e-123
1.17128e-131
2.23602e-132
6.17731e-133
2.78987e-133
8.91901e-133
1.4978e-137
2.63663e-119
2.21097e-119
3.56467e-123
1.03667e-123
3.92166e-131
2.14728e-132
6.04168e-133
1.30964e-133
1.09742e-132
1.08791e-137
2.77316e-119
1.90875e-119
3.39615e-123
2.86326e-124
1.21097e-130
2.05968e-132
5.61709e-133
6.15658e-134
1.23721e-132
7.89739e-138
2.89609e-119
1.60569e-119
3.22917e-123
7.89659e-125
3.66905e-130
1.97351e-132
5.08848e-133
2.89671e-134
1.33082e-132
5.72822e-138
3.00411e-119
1.32119e-119
3.06458e-123
2.17697e-125
1.10893e-129
1.889e-132
4.79781e-133
1.36379e-134
1.39284e-132
4.15012e-138
3.09595e-119
1.0675e-119
2.90311e-123
6.00117e-126
3.35855e-129
1.80637e-132
5.43609e-133
6.42399e-135
1.43358e-132
3.00215e-138
3.1704e-119
8.50104e-120
2.74543e-123
1.65434e-126
1.02037e-128
1.7258e-132
8.7331e-133
3.02721e-135
1.45999e-132
2.16726e-138
3.22634e-119
6.69394e-120
2.59208e-123
4.56071e-127
3.10981e-128
1.64742e-132
1.95855e-132
1.42698e-135
1.4766e-132
1.5603e-138
3.2627e-119
5.22583e-120
2.44355e-123
1.25736e-127
9.50554e-128
1.57135e-132
5.2446e-132
6.72797e-136
1.48623e-132
1.11928e-138
3.27855e-119
4.05339e-120
2.30021e-123
3.46669e-128
2.91307e-127
1.49769e-132
1.50544e-131
3.1723e-136
1.49054e-132
7.99096e-139
3.27302e-119
3.12889e-120
2.16234e-123
9.55875e-129
8.94781e-127
1.42651e-132
4.43932e-131
1.49546e-136
1.49046e-132
5.66884e-139
3.24538e-119
2.40668e-120
2.03015e-123
2.63598e-129
2.75394e-126
1.35783e-132
1.32521e-130
7.04514e-137
1.48641e-132
3.98714e-139
3.195e-119
1.84635e-120
1.90379e-123
7.27133e-130
8.49084e-126
1.29169e-132
3.98226e-130
3.31389e-137
1.47853e-132
2.77153e-139
3.12139e-119
1.41378e-120
1.78333e-123
2.0077e-130
2.62186e-125
1.2281e-132
1.20147e-129
1.55379e-137
1.46679e-132
1.89504e-139
3.0242e-119
1.08105e-120
1.66877e-123
5.5625e-131
8.10657e-125
1.16704e-132
3.63412e-129
7.23778e-138
1.45105e-132
1.26512e-139
2.90322e-119
8.25798e-121
1.56009e-123
1.56085e-131
2.50936e-124
1.10849e-132
1.10104e-128
3.32708e-138
1.43115e-132
8.14359e-140
2.7584e-119
6.30357e-121
1.4572e-123
4.58622e-132
7.77527e-124
1.05242e-132
3.33947e-128
1.48782e-138
1.40692e-132
4.93644e-140
2.58983e-119
4.80958e-121
1.35999e-123
1.56179e-132
2.41125e-123
9.98808e-133
1.01358e-127
6.26008e-139
1.37821e-132
2.67199e-140
2.39778e-119
3.67207e-121
1.26834e-123
7.44386e-133
7.48359e-123
9.4763e-133
3.07777e-127
2.25214e-139
1.34494e-132
1.08971e-140
2.18267e-119
2.83661e-121
1.18308e-123
5.36766e-133
2.32444e-122
8.98978e-133
9.3486e-127
4.16427e-140
1.30709e-132
0
1.9451e-119
2.49176e-121
1.14227e-123
4.98376e-133
1.40307e-122
3.4369e-122
8.71321e-133
1.56019e-126
4.31714e-140
2.4201e-140
1.24039e-132
1.75816e-119
1.40633e-119
5.01877e-133
8.46679e-123
4.97859e-122
8.44428e-133
2.59509e-126
4.47557e-140
1.40648e-140
1.16381e-132
1.5812e-119
1.01625e-119
5.12e-133
5.10844e-123
7.1148e-122
8.18285e-133
4.30924e-126
4.63979e-140
8.17393e-141
1.07845e-132
1.41557e-119
7.34063e-120
5.25679e-133
3.08189e-123
1.00745e-121
7.92878e-133
7.14956e-126
4.81007e-140
4.75025e-141
9.85908e-133
1.26209e-119
5.30063e-120
5.41395e-133
1.85919e-123
1.41747e-121
7.68191e-133
1.1857e-125
4.98683e-140
2.76044e-141
8.88217e-133
1.12113e-119
3.82649e-120
5.58403e-133
1.12154e-123
1.98546e-121
7.44212e-133
1.96599e-125
5.17087e-140
1.60394e-141
7.87717e-133
9.92676e-120
2.76155e-120
5.7634e-133
6.76549e-124
2.77226e-121
7.20924e-133
3.25942e-125
5.36405e-140
9.31762e-142
6.86919e-133
8.76422e-120
1.9924e-120
5.95032e-133
4.08113e-124
3.86211e-121
6.98313e-133
5.40357e-125
5.57109e-140
5.41077e-142
5.88328e-133
7.71839e-120
1.43695e-120
6.14402e-133
2.46183e-124
5.37171e-121
6.76367e-133
8.95799e-125
5.80465e-140
3.14006e-142
4.94264e-133
6.78245e-120
1.03586e-120
6.34418e-133
1.48503e-124
7.46262e-121
6.55071e-133
6.09943e-140
1.82035e-142
4.06712e-133
5.94865e-120
6.551e-140
1.05342e-142
3.27206e-133
5.20874e-120
7.42346e-140
6.07811e-143
2.56768e-133
4.55435e-120
9.4475e-140
3.48968e-143
1.959e-133
3.97728e-120
1.46454e-139
1.98691e-143
1.44622e-133
3.46966e-120
2.8615e-139
1.11518e-143
1.02545e-133
3.02409e-120
6.68532e-139
6.10207e-144
6.89656e-134
2.63369e-120
1.72263e-138
3.18378e-144
4.29663e-134
2.29217e-120
4.63625e-138
1.5039e-144
2.35126e-134
1.99391e-120
1.26982e-137
5.43237e-145
9.53591e-135
1.73702e-120
3.50156e-137
0
0
1.61909e-120
3.57056e-137
1.9973e-136
3.64093e-137
3.19997e-136
3.71268e-137
4.02056e-136
3.78584e-137
4.55219e-136
3.86045e-137
4.8867e-136
3.93652e-137
5.09331e-136
4.0141e-137
5.21239e-136
4.0932e-137
5.25909e-136
4.17386e-137
5.23093e-136
4.25611e-137
5.11591e-136
4.33998e-137
4.90017e-136
4.4255e-137
4.57434e-136
4.51271e-137
4.13842e-136
4.60163e-137
3.60414e-136
4.6923e-137
2.9948e-136
4.78476e-137
2.34245e-136
4.87904e-137
1.68349e-136
4.97517e-137
1.05387e-136
5.07323e-137
4.84818e-137
5.17269e-137
0
5.31455e-137
5.46029e-137
5.61003e-137
5.76386e-137
5.9219e-137
6.08427e-137
6.25108e-137
6.42245e-137
6.5985e-137
6.77935e-137
6.96515e-137
7.15601e-137
7.35208e-137
7.55347e-137
7.7604e-137
7.9727e-137
8.19193e-137
8.41172e-137
8.6623e-137
8.80492e-137
END_LIST
