BEGIN_LIST
0
1.77153e-75
6.13508e-75
1.67827e-74
4.26619e-74
1.05458e-73
2.57721e-73
6.26811e-73
1.5214e-72
3.68958e-72
8.94443e-72
2.16806e-71
5.25487e-71
1.27365e-70
3.08703e-70
7.4824e-70
1.81361e-69
4.396e-69
1.06558e-68
2.58296e-68
6.26131e-68
2.77487e-67
6.44852e-68
6.5664e-67
6.64135e-68
1.30143e-66
6.83996e-68
2.37253e-66
7.04453e-68
4.12537e-66
7.25523e-68
6.96841e-66
7.47226e-68
1.156e-65
7.69579e-68
1.8972e-65
7.92603e-68
3.0971e-65
8.16318e-68
5.05076e-65
8.40744e-68
8.2582e-65
8.65905e-68
1.35796e-64
8.91887e-68
2.25175e-64
9.21426e-68
3.77358e-64
1.07024e-67
6.40252e-64
6.27001e-67
1.10117e-63
2.26729e-65
1.92108e-63
9.62272e-64
3.39923e-63
4.10097e-62
6.09372e-63
1.74798e-60
1.10373e-62
7.45074e-59
1.13073e-62
1.46967e-62
6.36904e-63
1.74738e-58
7.90174e-59
1.15573e-62
1.6891e-62
3.70063e-63
3.34592e-58
8.36924e-59
1.1785e-62
1.81345e-62
2.1643e-63
5.79488e-58
8.85068e-59
1.19885e-62
1.87602e-62
1.27362e-63
9.43445e-58
9.34254e-59
1.21662e-62
1.89837e-62
7.53812e-64
1.47157e-57
9.84014e-59
1.23166e-62
1.89449e-62
4.48543e-64
2.22328e-57
1.03375e-58
1.24385e-62
1.87348e-62
2.68206e-64
3.27651e-57
1.0827e-58
1.25313e-62
1.84124e-62
1.61086e-64
4.73325e-57
1.12995e-58
1.25946e-62
1.80169e-62
9.71356e-65
6.72705e-57
1.17442e-58
1.26282e-62
1.75737e-62
5.87816e-65
9.43318e-57
1.2148e-58
1.26326e-62
1.70999e-62
3.56833e-65
1.30827e-56
1.24959e-58
1.26082e-62
1.66069e-62
2.17211e-65
1.79823e-56
1.27697e-58
1.2556e-62
1.61027e-62
1.32536e-65
2.45428e-56
1.29466e-58
1.24773e-62
1.55926e-62
8.10359e-66
3.33199e-56
1.29954e-58
1.23733e-62
1.50806e-62
4.96339e-66
4.50746e-56
1.28696e-58
1.22458e-62
1.45695e-62
3.04445e-66
6.08639e-56
1.24923e-58
1.20964e-62
1.40614e-62
1.8696e-66
8.21774e-56
1.17284e-58
1.1927e-62
1.3558e-62
1.14917e-66
1.1115e-55
1.03302e-58
1.17416e-62
1.30608e-62
7.06793e-67
1.50904e-55
7.83151e-59
1.11041e-62
1.25707e-62
4.34852e-67
2.06119e-55
3.32637e-59
1.02241e-62
1.07779e-62
1.29835e-62
5.88257e-63
1.88107e-62
3.15968e-67
2.18295e-55
1.83128e-55
3.17601e-59
9.23761e-60
9.3654e-63
1.04481e-62
1.26099e-62
2.76148e-63
2.31476e-62
2.29503e-67
2.2946e-55
1.58054e-55
3.02618e-59
2.55269e-60
8.53878e-63
1.01163e-62
1.15218e-62
1.29818e-63
2.60976e-62
1.66605e-67
2.39503e-55
1.32924e-55
2.87769e-59
7.05086e-61
7.75325e-63
9.78392e-63
9.95299e-63
6.1081e-64
2.80731e-62
1.20846e-67
2.48316e-55
1.09344e-55
2.73129e-59
1.95437e-61
7.0173e-63
9.45236e-63
8.19598e-63
2.87576e-64
2.9382e-62
8.75551e-68
2.55795e-55
8.83255e-56
2.58766e-59
5.49623e-62
6.3429e-63
9.12284e-63
6.49629e-63
1.35462e-64
3.02418e-62
6.33374e-68
2.61843e-55
7.03207e-56
2.44736e-59
1.62862e-62
5.75714e-63
8.79648e-63
5.00276e-63
6.3835e-65
3.07993e-62
4.57244e-68
2.66366e-55
5.53585e-56
2.31091e-59
5.67894e-63
5.3377e-63
8.47428e-63
3.77307e-63
3.00912e-65
3.11499e-62
3.29195e-68
2.6928e-55
4.32065e-56
2.17872e-59
2.81301e-63
5.32105e-63
8.1571e-63
2.80434e-63
1.41876e-65
3.13532e-62
2.36153e-68
2.70507e-55
3.35046e-56
2.05112e-59
2.08425e-63
6.43538e-63
7.84567e-63
2.06358e-63
6.68967e-66
3.14443e-62
1.68601e-68
2.69976e-55
2.58564e-56
1.92839e-59
1.94771e-63
1.09276e-62
7.54066e-63
1.50844e-63
3.15363e-66
3.14426e-62
1.19609e-68
2.67629e-55
1.98832e-56
1.81069e-59
1.97755e-63
2.57374e-62
7.2426e-63
1.09828e-63
1.48569e-66
3.13572e-62
8.41275e-69
2.63413e-55
1.52501e-56
1.69817e-59
2.0565e-63
7.23194e-62
6.95192e-63
7.9911e-64
6.98846e-67
3.11911e-62
5.84795e-69
2.5729e-55
1.16743e-56
1.59089e-59
2.15233e-63
2.17072e-61
6.66899e-63
5.85926e-64
3.27671e-67
3.09435e-62
3.99861e-69
2.49231e-55
8.9245e-57
1.48885e-59
2.25633e-63
6.65682e-61
6.39407e-63
4.46128e-64
1.52636e-67
3.06115e-62
2.66949e-69
2.39218e-55
6.81553e-57
1.39203e-59
2.36623e-63
2.05591e-60
6.12738e-63
3.90564e-64
7.01644e-68
3.01917e-62
1.71837e-69
2.27248e-55
5.20115e-57
1.30037e-59
2.48156e-63
6.36665e-60
5.86907e-63
4.89322e-64
3.13767e-68
2.96804e-62
1.04164e-69
2.13328e-55
3.96741e-57
1.21375e-59
2.60233e-63
1.97427e-59
5.61925e-63
9.8297e-64
1.3202e-68
2.90748e-62
5.63821e-70
1.97481e-55
3.02828e-57
1.13207e-59
2.72872e-63
6.12779e-59
5.37813e-63
2.62297e-63
4.74961e-69
2.83729e-62
2.29943e-70
1.79741e-55
2.33869e-57
1.05608e-59
2.86092e-63
1.90353e-58
5.14626e-63
7.70842e-63
8.78243e-70
2.75744e-62
0
1.60158e-55
2.05409e-57
1.0197e-59
2.99916e-63
1.14878e-58
2.81483e-58
5.01348e-63
1.28004e-62
9.10537e-70
5.104e-70
2.61675e-62
1.44749e-55
1.15761e-55
3.08366e-63
6.93102e-59
4.07812e-58
4.88356e-63
2.12385e-62
9.44093e-70
2.96628e-70
2.45518e-62
1.30166e-55
8.36259e-56
3.17012e-63
4.18105e-59
5.8291e-58
4.7565e-63
3.52257e-62
9.79118e-70
1.7239e-70
2.2751e-62
1.16517e-55
6.03867e-56
3.25868e-63
2.52192e-59
8.25579e-58
4.63225e-63
5.84138e-62
1.01611e-69
1.00184e-70
2.07989e-62
1.03872e-55
4.35914e-56
3.34947e-63
1.5211e-59
1.16187e-57
4.51081e-63
9.68585e-62
1.05638e-69
5.82188e-71
1.87379e-62
9.22605e-56
3.14586e-56
3.44257e-63
9.17415e-60
1.62787e-57
4.39213e-63
1.606e-61
1.10348e-69
3.38279e-71
1.66178e-62
8.16804e-56
2.26964e-56
3.53802e-63
5.53309e-60
2.27361e-57
4.27618e-63
2.66286e-61
1.16714e-69
1.96514e-71
1.44913e-62
7.21065e-56
1.63699e-56
3.63588e-63
3.33708e-60
3.16834e-57
4.16293e-63
4.41521e-61
1.27423e-69
1.14117e-71
1.24115e-62
6.34949e-56
1.18025e-56
3.7362e-63
2.01262e-60
4.40807e-57
4.05235e-63
7.32073e-61
1.49904e-69
6.62261e-72
1.04271e-62
5.57891e-56
8.50553e-57
3.83902e-63
1.21383e-60
6.12574e-57
3.94439e-63
2.04713e-69
3.83927e-72
8.58007e-63
4.89251e-56
3.4874e-69
2.22176e-72
6.90279e-63
4.28347e-56
7.39461e-69
1.28193e-72
5.41682e-63
3.7449e-56
1.81279e-68
7.36008e-73
4.13274e-63
3.27003e-56
4.77545e-68
4.1906e-73
3.05097e-63
2.85235e-56
1.29681e-67
2.35202e-73
2.16331e-63
2.48576e-56
3.5639e-67
1.28699e-73
1.45491e-63
2.16461e-56
9.83924e-67
6.71495e-74
9.06424e-64
1.8837e-56
2.72116e-66
3.1719e-74
4.96026e-64
1.63841e-56
7.53084e-66
1.14575e-74
2.01171e-64
1.42715e-56
2.08481e-65
0
0
1.33018e-56
2.1259e-65
1.19144e-64
2.1678e-65
1.90917e-64
2.21053e-65
2.3989e-64
2.2541e-65
2.7162e-64
2.29853e-65
2.91585e-64
2.34384e-65
3.03918e-64
2.39003e-65
3.11027e-64
2.43714e-65
3.13816e-64
2.48517e-65
3.12137e-64
2.53416e-65
3.05276e-64
2.5841e-65
2.92403e-64
2.63503e-65
2.72961e-64
2.68697e-65
2.46948e-64
2.73992e-65
2.15067e-64
2.79392e-65
1.78707e-64
2.84899e-65
1.39779e-64
2.90514e-65
1.00458e-64
2.96239e-65
6.28872e-65
3.02078e-65
2.89303e-65
3.08002e-65
0
3.1645e-65
3.2513e-65
3.34047e-65
3.43209e-65
3.52622e-65
3.62292e-65
3.72226e-65
3.82432e-65
3.92917e-65
4.03689e-65
4.14754e-65
4.26122e-65
4.37799e-65
4.49794e-65
4.62118e-65
4.74763e-65
4.8782e-65
5.0091e-65
5.15835e-65
5.2433e-65
END_LIST
