BEGIN_LIST
0
9.01513e-63
3.1181e-62
8.5131e-62
2.15882e-61
5.32205e-61
1.29689e-60
3.14494e-60
7.61089e-60
1.84029e-59
4.44832e-59
1.07513e-58
2.59848e-58
6.28047e-58
1.51804e-57
3.66948e-57
8.87049e-57
2.14446e-56
5.18463e-56
1.25356e-55
3.0311e-55
1.33797e-54
3.12735e-55
3.15176e-54
3.22673e-55
6.2072e-54
3.32935e-55
1.1225e-53
3.43531e-55
1.93322e-53
3.54472e-55
3.23048e-53
3.65771e-55
5.29707e-53
3.77439e-55
8.58894e-53
3.89488e-55
1.38523e-52
4.01932e-55
2.23273e-52
4.14783e-55
3.61098e-52
4.28057e-55
5.87994e-52
4.41767e-55
9.668e-52
4.56016e-55
1.60891e-51
4.7444e-55
2.71467e-51
6.51465e-55
4.64935e-51
7.56792e-54
8.0864e-51
3.01702e-52
1.42781e-50
1.28361e-50
2.55604e-50
5.47032e-49
4.62558e-50
2.33144e-47
4.73875e-50
6.15839e-50
2.66919e-50
5.46507e-47
2.47362e-47
4.84351e-50
7.07747e-50
1.55091e-50
1.04546e-46
2.62108e-47
4.93894e-50
7.5983e-50
9.07054e-51
1.8082e-46
2.77305e-47
5.02424e-50
7.86037e-50
5.33781e-51
2.93868e-46
2.9284e-47
5.09869e-50
7.95398e-50
3.15936e-51
4.57373e-46
3.08569e-47
5.1617e-50
7.93772e-50
1.88e-51
6.89206e-46
3.24301e-47
5.21281e-50
7.84966e-50
1.12421e-51
1.01259e-45
3.39801e-47
5.2517e-50
7.71463e-50
6.75259e-52
1.45762e-45
3.5478e-47
5.27821e-50
7.54892e-50
4.07226e-52
2.06329e-45
3.68894e-47
5.29231e-50
7.36326e-50
2.46466e-52
2.8802e-45
3.81735e-47
5.29413e-50
7.16477e-50
1.49643e-52
3.97437e-45
3.92825e-47
5.28391e-50
6.95827e-50
9.11109e-53
5.43252e-45
4.01589e-47
5.26205e-50
6.74704e-50
5.56091e-53
7.36965e-45
4.07305e-47
5.22904e-50
6.53335e-50
3.40127e-53
9.94016e-45
4.0899e-47
5.18547e-50
6.31883e-50
2.08414e-53
1.33542e-44
4.05169e-47
5.13201e-50
6.1047e-50
1.27903e-53
1.79024e-44
3.93416e-47
5.0694e-50
5.89184e-50
7.85943e-54
2.39937e-44
3.69465e-47
4.99842e-50
5.68096e-50
4.83439e-54
3.22149e-44
3.25499e-47
4.9207e-50
5.47264e-50
2.97589e-54
4.34265e-44
2.4682e-47
4.65353e-50
5.26733e-50
1.83267e-54
5.8925e-44
1.0488e-47
4.28472e-50
4.51684e-50
5.44018e-50
2.46487e-50
7.88208e-50
1.33257e-54
6.2344e-44
5.23314e-44
1.00153e-47
2.91659e-48
3.92476e-50
4.37863e-50
5.28356e-50
1.15708e-50
9.69937e-50
9.68637e-55
6.5475e-44
4.51485e-44
9.54404e-48
8.0973e-49
3.57807e-50
4.23957e-50
4.82757e-50
5.43943e-51
1.09355e-49
7.03729e-55
6.82869e-44
3.79557e-44
9.07696e-48
2.27494e-49
3.24808e-50
4.10027e-50
4.17019e-50
2.5593e-51
1.17634e-49
5.10873e-55
7.07494e-44
3.12108e-44
8.61634e-48
6.70466e-50
2.93729e-50
3.96131e-50
3.43397e-50
1.20494e-51
1.23119e-49
3.7046e-55
7.28338e-44
2.5202e-44
8.16431e-48
2.30111e-50
2.64746e-50
3.82321e-50
2.72179e-50
5.67574e-52
1.26723e-49
2.68234e-55
7.45125e-44
2.00573e-44
7.7227e-48
1.10916e-50
2.3801e-50
3.68644e-50
2.09601e-50
2.67461e-52
1.2906e-49
1.93822e-55
7.57597e-44
1.57839e-44
7.2931e-48
8.03906e-51
2.1375e-50
3.55141e-50
1.58078e-50
1.26077e-52
1.3053e-49
1.39674e-55
7.65516e-44
1.23146e-44
6.87683e-48
7.44298e-51
1.92598e-50
3.41848e-50
1.17488e-50
5.94431e-53
1.31382e-49
1.00291e-55
7.68663e-44
9.54592e-45
6.47496e-48
7.53615e-51
1.76529e-50
3.28797e-50
8.64493e-51
2.80279e-53
1.31765e-49
7.1669e-56
7.66847e-44
7.36413e-45
6.08832e-48
7.83176e-51
1.71755e-50
3.16014e-50
6.31812e-51
1.32127e-53
1.31758e-49
5.08891e-56
7.59897e-44
5.66084e-45
5.71751e-48
8.19613e-51
1.97644e-50
3.03523e-50
4.59688e-51
6.2245e-54
1.31401e-49
3.58239e-56
7.47674e-44
4.34016e-45
5.36293e-48
8.59295e-51
3.14305e-50
2.91341e-50
3.33503e-51
2.92786e-54
1.30706e-49
2.49222e-56
7.30067e-44
3.32125e-45
5.02479e-48
9.01279e-51
7.08046e-50
2.79484e-50
2.41633e-51
1.37278e-54
1.29669e-49
1.70534e-56
7.06996e-44
2.53801e-45
4.70315e-48
9.45366e-51
1.95638e-49
2.67962e-50
1.75321e-51
6.39459e-55
1.28278e-49
1.13923e-56
6.78415e-44
1.93751e-45
4.39791e-48
9.91561e-51
5.85054e-49
2.56786e-50
1.28549e-51
2.93946e-55
1.26519e-49
7.33734e-57
6.44313e-44
1.47802e-45
4.10886e-48
1.03993e-50
1.79499e-48
2.4596e-50
9.85984e-52
1.31448e-55
1.24378e-49
4.44972e-57
6.04714e-44
1.12699e-45
3.83568e-48
1.09055e-50
5.55204e-48
2.3549e-50
8.87673e-52
5.53072e-56
1.2184e-49
2.40933e-57
5.59677e-44
8.59889e-46
3.57805e-48
1.14352e-50
1.72223e-47
2.25385e-50
1.17591e-51
1.98974e-56
1.189e-49
9.8279e-58
5.09304e-44
6.63825e-46
3.33832e-48
1.19893e-50
5.3497e-47
2.15668e-50
2.47657e-51
3.67918e-57
1.15554e-49
0
4.5373e-44
5.82923e-46
3.22356e-48
1.25686e-50
3.22767e-47
7.9119e-47
2.10103e-50
3.85467e-51
3.81461e-57
2.13817e-57
1.09658e-49
4.10008e-44
3.27806e-44
1.29228e-50
1.94682e-47
1.14653e-46
2.04659e-50
6.17565e-51
3.95566e-57
1.24262e-57
1.02888e-49
3.68637e-44
2.367e-44
1.32851e-50
1.17407e-47
1.63926e-46
1.99334e-50
1.00555e-50
4.10374e-57
7.22161e-58
9.53423e-50
3.2993e-44
1.70845e-44
1.36562e-50
7.07979e-48
2.32246e-46
1.94127e-50
1.65165e-50
4.26254e-57
4.19678e-58
8.71616e-50
2.94075e-44
1.23272e-44
1.40367e-50
4.26898e-48
3.26967e-46
1.89037e-50
2.72549e-50
4.44189e-57
2.43879e-58
7.85253e-50
2.61156e-44
8.89207e-45
1.44269e-50
2.57403e-48
4.58288e-46
1.84063e-50
4.50843e-50
4.66872e-57
1.41704e-58
6.96406e-50
2.31169e-44
6.41242e-45
1.48269e-50
1.55202e-48
6.40342e-46
1.79204e-50
7.46717e-50
5.0172e-57
8.23178e-59
6.07294e-50
2.04039e-44
4.62285e-45
1.5237e-50
9.35802e-49
8.92718e-46
1.74458e-50
1.23759e-49
5.69234e-57
4.78018e-59
5.20133e-50
1.79641e-44
3.3315e-45
1.56574e-50
5.64258e-49
1.24257e-45
1.69824e-50
2.05185e-49
7.26122e-57
2.77408e-59
4.36974e-50
1.57813e-44
2.39976e-45
1.60884e-50
3.40244e-49
1.72754e-45
1.65299e-50
1.12932e-56
1.60817e-59
3.59571e-50
1.38373e-44
2.21319e-56
9.30627e-60
2.89281e-50
1.21128e-44
5.18011e-56
5.36953e-60
2.27008e-50
1.0588e-44
1.33585e-55
3.08283e-60
1.73195e-50
9.24382e-45
3.59622e-55
1.75525e-60
1.2786e-50
8.06175e-45
9.84985e-55
9.85143e-61
9.06601e-51
7.02446e-45
2.71583e-54
5.39051e-61
6.09726e-51
6.11588e-45
7.50716e-54
2.8125e-61
3.79866e-51
5.32129e-45
2.07716e-53
1.32852e-61
2.07876e-51
4.62756e-45
5.74956e-53
4.79884e-62
8.43073e-52
4.03019e-45
1.59179e-52
0
0
3.75602e-45
1.62316e-52
9.09712e-52
1.65516e-52
1.45774e-51
1.68778e-52
1.83167e-51
1.72105e-52
2.07394e-51
1.75497e-52
2.22639e-51
1.78956e-52
2.32056e-51
1.82484e-52
2.37484e-51
1.8608e-52
2.39613e-51
1.89748e-52
2.38331e-51
1.93488e-52
2.33092e-51
1.97301e-52
2.23263e-51
2.0119e-52
2.08418e-51
2.05155e-52
1.88557e-51
2.09199e-52
1.64214e-51
2.13322e-52
1.36451e-51
2.17526e-52
1.06728e-51
2.21813e-52
7.67044e-52
2.26184e-52
4.80173e-52
2.30643e-52
2.20896e-52
2.35165e-52
0
2.41616e-52
2.48243e-52
2.55052e-52
2.62047e-52
2.69234e-52
2.76617e-52
2.84202e-52
2.91995e-52
3e-52
3.08225e-52
3.16673e-52
3.25353e-52
3.34269e-52
3.43427e-52
3.52837e-52
3.62491e-52
3.72461e-52
3.82455e-52
3.93851e-52
4.00337e-52
END_LIST
