BEGIN_LIST
0
9.53965e-110
3.30411e-109
9.04008e-109
2.29851e-108
5.68318e-108
1.38923e-107
3.37965e-107
8.20526e-107
1.99037e-106
4.82634e-106
1.17015e-105
2.83684e-105
6.87735e-105
1.66727e-104
4.04202e-104
9.79921e-104
2.37569e-103
5.75968e-103
1.3964e-102
3.38972e-102
1.50377e-101
3.49054e-102
3.56044e-101
3.59435e-102
7.0612e-101
3.70125e-102
1.28828e-100
3.81132e-102
2.24212e-100
3.92466e-102
3.79112e-100
4.04138e-102
6.2959e-100
4.16156e-102
1.03441e-99
4.28531e-102
1.69047e-99
4.41274e-102
2.75968e-99
4.54421e-102
4.51651e-99
4.69015e-102
7.43316e-99
5.29049e-102
1.23345e-98
2.50958e-101
2.0683e-98
8.6334e-100
3.51086e-98
3.65915e-98
6.04049e-98
1.55961e-96
1.05408e-97
6.64848e-95
1.86546e-97
2.83396e-93
3.34455e-97
1.20804e-91
6.05829e-97
5.14971e-90
6.20652e-97
8.06703e-97
3.49592e-97
1.20817e-89
5.45976e-90
6.34372e-97
9.27149e-97
2.03125e-97
2.315e-89
5.78101e-90
6.46871e-97
9.95406e-97
1.18797e-97
4.01331e-89
6.1117e-90
6.58043e-97
1.02975e-96
6.99078e-98
6.54215e-89
6.44937e-90
6.67794e-97
1.04202e-96
4.13761e-98
1.02202e-88
6.7908e-90
6.76046e-97
1.0399e-96
2.46201e-98
1.54695e-88
7.13183e-90
6.82741e-97
1.02836e-96
1.47216e-98
2.28472e-88
7.46729e-90
6.87835e-97
1.01067e-96
8.84185e-99
3.30874e-88
7.79086e-90
6.91307e-97
9.88954e-97
5.33166e-99
4.71576e-88
8.09504e-90
6.93154e-97
9.64626e-97
3.22644e-99
6.63367e-88
8.37096e-90
6.93392e-97
9.38619e-97
1.9586e-99
9.23224e-88
8.60822e-90
6.92054e-97
9.11561e-97
1.19223e-99
1.27383e-87
8.79436e-90
6.89191e-97
8.83883e-97
7.27465e-100
1.74573e-87
8.91371e-90
6.84868e-97
8.55885e-97
4.44787e-100
2.38045e-87
8.94497e-90
6.79161e-97
8.27778e-97
2.72426e-100
3.23511e-87
8.85617e-90
6.7216e-97
7.99721e-97
1.671e-100
4.38916e-87
8.59459e-90
6.6396e-97
7.71832e-97
1.02615e-100
5.95473e-87
8.06744e-90
6.54663e-97
7.44203e-97
6.30727e-101
8.09243e-87
7.1045e-90
6.44473e-97
7.16909e-97
3.87921e-101
1.10367e-86
5.38534e-90
6.10585e-97
6.90011e-97
2.38663e-101
1.51378e-86
2.28703e-90
5.68011e-97
5.92639e-97
7.12667e-97
3.22896e-97
1.03252e-96
1.73413e-101
1.60421e-86
1.34527e-86
2.18345e-90
6.34988e-91
5.37604e-97
5.74492e-97
6.92164e-97
1.51578e-97
1.27057e-96
1.25957e-101
1.68719e-86
1.16136e-86
2.08024e-90
1.75384e-91
5.4198e-97
5.56235e-97
6.32444e-97
7.12574e-98
1.4325e-96
9.14353e-102
1.7619e-86
9.76942e-87
1.97798e-90
4.837e-92
6.48163e-97
5.37948e-97
5.46346e-97
3.35275e-98
1.54094e-96
6.63211e-102
1.82753e-86
8.03824e-87
1.87718e-90
1.33351e-92
1.05842e-96
5.19706e-97
4.49936e-97
1.57852e-98
1.61278e-96
4.80502e-102
1.88333e-86
6.49461e-87
1.77829e-90
3.67615e-93
2.38763e-96
5.01579e-97
3.56728e-97
7.43554e-99
1.65997e-96
3.4759e-102
1.92855e-86
5.1719e-87
1.68172e-90
1.01348e-93
6.51262e-96
4.83626e-97
2.74991e-97
3.50393e-99
1.69057e-96
2.50928e-102
1.96252e-86
4.0724e-87
1.58781e-90
2.79466e-94
1.91792e-95
4.65902e-97
2.08186e-97
1.65172e-99
1.70982e-96
1.80653e-102
1.98458e-86
3.17917e-87
1.49684e-90
7.71167e-95
5.80212e-95
4.48455e-97
1.57034e-97
7.78766e-100
1.72098e-96
1.29593e-102
1.99417e-86
2.46586e-87
1.40904e-90
2.1334e-95
1.77272e-94
4.31325e-97
1.2235e-97
3.672e-100
1.72598e-96
9.25209e-103
1.99075e-86
1.9034e-87
1.3246e-90
5.95785e-96
5.44033e-94
4.14549e-97
1.09702e-97
1.73105e-100
1.72588e-96
6.56351e-103
1.9739e-86
1.46403e-87
1.24364e-90
1.72201e-96
1.674e-93
3.98155e-97
1.40695e-97
8.15507e-101
1.72119e-96
4.61641e-103
1.94321e-86
1.12314e-87
1.16624e-90
5.57914e-97
5.16088e-93
3.82169e-97
2.85575e-97
3.83602e-101
1.71208e-96
3.20896e-103
1.89841e-86
8.59988e-88
1.09246e-90
2.40974e-97
1.59359e-92
3.66608e-97
7.61498e-97
1.79861e-101
1.69848e-96
2.19414e-103
1.83927e-86
6.57578e-88
1.0223e-90
1.57831e-97
4.92729e-92
3.51489e-97
2.23066e-96
8.37829e-102
1.68026e-96
1.4648e-103
1.76566e-86
5.02302e-88
9.55726e-91
1.39365e-97
1.52524e-91
3.36823e-97
6.70584e-96
3.85138e-102
1.65722e-96
9.42892e-104
1.67756e-86
3.83414e-88
8.92705e-91
1.38944e-97
4.72601e-91
3.22617e-97
2.03015e-95
1.7223e-102
1.62915e-96
5.71558e-104
1.57502e-86
2.92535e-88
8.33161e-91
1.43718e-97
1.46564e-90
3.0888e-97
6.15928e-95
7.24669e-103
1.59591e-96
3.09372e-104
1.45821e-86
2.23343e-88
7.77019e-91
1.50151e-97
4.54882e-90
2.95621e-97
1.87016e-94
2.60709e-103
1.55739e-96
1.26171e-104
1.32737e-86
1.72524e-88
7.24792e-91
1.57277e-97
1.4129e-89
2.82871e-97
5.6806e-94
4.82066e-104
1.51355e-96
0
1.18288e-86
1.51549e-88
6.99794e-91
1.64837e-97
8.52835e-90
2.08912e-89
2.75569e-97
9.4805e-94
4.9977e-104
2.80158e-104
1.43633e-96
1.06919e-86
8.55219e-87
1.69475e-97
5.14633e-90
3.02628e-89
2.68426e-97
1.57693e-93
5.18125e-104
1.62819e-104
1.34764e-96
9.61569e-87
6.17983e-87
1.74224e-97
3.10499e-90
4.32487e-89
2.61439e-97
2.6186e-93
5.37172e-104
9.46249e-105
1.2488e-96
8.60836e-87
4.46374e-87
1.79091e-97
1.87319e-90
6.12408e-89
2.54608e-97
4.34466e-93
5.56985e-104
5.49912e-105
1.14164e-96
7.67494e-87
3.22316e-87
1.84081e-97
1.13001e-90
8.6167e-89
2.4793e-97
7.20542e-93
5.77723e-104
3.19563e-105
1.02852e-96
6.81766e-87
2.32671e-87
1.89199e-97
6.81656e-91
1.20698e-88
2.41405e-97
1.19474e-92
5.99789e-104
1.85682e-105
9.12145e-97
6.03646e-87
1.67913e-87
1.94446e-97
4.1119e-91
1.68533e-88
2.3503e-97
1.98079e-92
6.24252e-104
1.07867e-105
7.95425e-97
5.32947e-87
1.21142e-87
1.99826e-97
2.48037e-91
2.34793e-88
2.28803e-97
3.28388e-92
6.54029e-104
6.26388e-106
6.81261e-97
4.69346e-87
8.7367e-88
2.05342e-97
1.49619e-91
3.26576e-88
2.22723e-97
5.44407e-92
6.97143e-104
3.63516e-106
5.72339e-97
4.12429e-87
6.29791e-88
2.10995e-97
9.02518e-92
4.53706e-88
2.16788e-97
7.7576e-104
2.10738e-106
4.70957e-97
3.61723e-87
9.51187e-104
1.21953e-106
3.78892e-97
3.16727e-87
1.39308e-103
7.03654e-107
2.97327e-97
2.76933e-87
2.57103e-103
4.03997e-107
2.26845e-97
2.41842e-87
5.78496e-103
2.30024e-107
1.67467e-97
2.10973e-87
1.46334e-102
1.29104e-107
1.18743e-97
1.83878e-87
3.90788e-102
7.06437e-108
7.98595e-98
1.60139e-87
1.06702e-101
3.68587e-108
4.97533e-98
1.39372e-87
2.93864e-101
1.74107e-108
2.72267e-98
1.21235e-87
8.11992e-101
6.28909e-109
1.10422e-98
1.05614e-87
2.24656e-100
0
0
9.84434e-88
2.29084e-100
1.28351e-99
2.33599e-100
2.05666e-99
2.38203e-100
2.58419e-99
2.42898e-100
2.92598e-99
2.47686e-100
3.14105e-99
2.52567e-100
3.2739e-99
2.57545e-100
3.35047e-99
2.62621e-100
3.38052e-99
2.67797e-100
3.36243e-99
2.73075e-100
3.28851e-99
2.78458e-100
3.14984e-99
2.83946e-100
2.9404e-99
2.89542e-100
2.66019e-99
2.95248e-100
2.31676e-99
3.01067e-100
1.92507e-99
3.07e-100
1.50574e-99
3.1305e-100
1.08216e-99
3.19219e-100
6.77436e-100
3.25512e-100
3.11644e-100
3.31895e-100
0
3.40998e-100
3.50351e-100
3.5996e-100
3.69832e-100
3.79974e-100
3.90394e-100
4.01099e-100
4.12096e-100
4.23394e-100
4.35001e-100
4.46925e-100
4.59173e-100
4.71756e-100
4.84681e-100
4.97961e-100
5.11586e-100
5.25655e-100
5.3976e-100
5.55842e-100
5.64995e-100
END_LIST
