BEGIN_LIST
0
7.29473e-72
2.52593e-71
6.90831e-71
1.75565e-70
4.33863e-70
1.05996e-69
2.57717e-69
6.25339e-69
1.51605e-68
3.67414e-68
8.90312e-68
2.15727e-67
5.22717e-67
1.26658e-66
3.06909e-66
7.43693e-66
1.80214e-65
4.36716e-65
1.05833e-64
2.5648e-64
1.1362e-63
2.64198e-64
2.68744e-63
2.72149e-64
5.32295e-63
2.80341e-64
9.69595e-63
2.8878e-64
1.68433e-62
2.97476e-64
2.84207e-62
3.06434e-64
4.70937e-62
3.15664e-64
7.71985e-62
3.25174e-64
1.25877e-61
3.34971e-64
2.05053e-61
3.45066e-64
3.34926e-61
3.55467e-64
5.50243e-61
3.66196e-64
9.11695e-61
3.77783e-64
1.52688e-60
4.12431e-64
2.58929e-60
1.4161e-63
4.45163e-60
4.37081e-62
7.76406e-60
1.84588e-60
1.37354e-59
7.86557e-59
2.462e-59
3.35249e-57
4.45896e-59
1.42896e-55
4.56806e-59
5.93728e-59
2.57304e-59
3.35091e-55
1.51559e-55
4.66904e-59
6.82369e-59
1.49502e-59
6.41509e-55
1.6054e-55
4.76104e-59
7.32602e-59
8.74359e-60
1.11073e-54
1.69791e-55
4.84327e-59
7.57879e-59
5.14531e-60
1.80766e-54
1.79243e-55
4.91504e-59
7.66909e-59
3.04534e-60
2.81827e-54
1.88806e-55
4.97578e-59
7.65342e-59
1.81208e-60
4.25557e-54
1.98366e-55
5.02505e-59
7.56851e-59
1.08354e-60
6.26751e-54
2.07778e-55
5.06254e-59
7.4383e-59
6.5078e-61
9.04735e-54
2.16866e-55
5.0881e-59
7.2785e-59
3.92425e-61
1.28476e-53
2.2542e-55
5.1017e-59
7.09946e-59
2.37477e-61
1.79988e-53
2.33192e-55
5.10345e-59
6.90806e-59
1.44161e-61
2.4936e-53
2.3989e-55
5.0936e-59
6.70892e-59
8.77543e-62
3.42354e-53
2.45167e-55
5.07253e-59
6.50522e-59
5.35459e-62
4.66671e-53
2.48582e-55
5.04071e-59
6.29916e-59
3.27397e-62
6.32715e-53
2.49538e-55
4.99871e-59
6.09231e-59
2.00531e-62
8.54718e-53
2.4714e-55
4.94718e-59
5.88582e-59
1.23004e-62
1.15243e-52
2.39911e-55
4.88683e-59
5.68056e-59
7.55391e-63
1.55366e-52
2.25254e-55
4.81841e-59
5.47722e-59
4.64322e-63
2.09832e-52
1.98411e-55
4.74349e-59
5.27635e-59
2.85588e-63
2.84474e-52
1.50425e-55
4.48595e-59
5.07838e-59
1.75713e-63
3.88049e-52
6.38955e-56
4.13043e-59
4.35419e-59
5.24511e-59
2.37647e-59
7.59925e-59
1.27679e-63
4.10892e-52
3.44738e-52
6.10089e-56
1.77469e-56
3.78347e-59
4.22096e-59
5.09418e-59
1.11559e-59
9.35127e-59
9.27419e-64
4.31832e-52
2.97513e-52
5.81324e-56
4.90628e-57
3.44938e-59
4.0869e-59
4.6546e-59
5.24443e-60
1.0543e-58
6.73268e-64
4.50662e-52
2.50191e-52
5.52815e-56
1.3573e-57
3.1316e-59
3.95262e-59
4.02083e-59
2.46757e-60
1.13411e-58
4.88366e-64
4.67179e-52
2.05793e-52
5.24707e-56
3.78409e-58
2.83297e-59
3.81867e-59
3.31103e-59
1.16176e-60
1.18699e-58
3.53842e-64
4.8119e-52
1.66223e-52
4.97127e-56
1.08693e-58
2.55654e-59
3.68555e-59
2.62438e-59
5.47241e-61
1.22172e-58
2.55978e-64
4.92509e-52
1.32329e-52
4.70187e-56
3.45445e-59
2.30778e-59
3.5537e-59
2.02102e-59
2.57882e-61
1.24425e-58
1.84802e-64
5.00965e-52
1.04166e-52
4.43985e-56
1.43264e-59
2.10135e-59
3.42354e-59
1.52424e-59
1.21563e-61
1.25841e-58
1.33053e-64
5.06398e-52
8.12942e-53
4.18599e-56
8.98866e-60
1.98141e-59
3.2954e-59
1.13289e-59
5.73154e-62
1.26662e-58
9.54513e-65
5.0866e-52
6.30351e-53
3.94095e-56
7.76513e-60
2.08418e-59
3.16958e-59
8.33619e-60
2.7025e-62
1.27031e-58
6.81497e-65
5.07622e-52
4.86423e-53
3.70523e-56
7.68795e-60
2.8306e-59
3.04636e-59
6.09302e-60
1.27401e-62
1.27024e-58
4.83483e-65
5.03171e-52
3.74026e-53
3.47919e-56
7.93934e-60
5.52185e-59
2.92595e-59
4.43448e-60
6.00191e-63
1.26679e-58
3.40071e-65
4.95212e-52
2.86851e-53
3.26308e-56
8.29433e-60
1.41819e-58
2.80852e-59
3.22121e-60
2.8232e-63
1.26008e-58
2.36401e-65
4.83671e-52
2.19574e-53
3.05701e-56
8.69146e-60
4.12663e-58
2.69421e-59
2.34582e-60
1.32372e-63
1.25008e-58
1.61646e-65
4.68494e-52
1.67843e-53
2.86102e-56
9.11435e-60
1.25362e-57
2.58315e-59
1.73816e-60
6.16616e-64
1.23667e-58
1.07919e-65
4.4965e-52
1.2817e-53
2.67505e-56
9.55909e-60
3.86119e-57
2.47541e-59
1.38353e-60
2.83449e-64
1.2197e-58
6.94693e-66
4.27129e-52
9.78034e-54
2.49897e-56
1.00252e-59
1.19481e-56
2.37105e-59
1.38738e-60
1.26755e-64
1.19905e-58
4.21116e-66
4.00949e-52
7.45983e-54
2.33257e-56
1.05132e-59
3.70437e-56
2.27013e-59
2.18159e-60
5.33331e-65
1.17458e-58
2.27945e-66
3.71149e-52
5.69357e-54
2.17567e-56
1.10238e-59
1.14974e-55
2.17272e-59
5.16092e-60
1.91874e-65
1.14623e-58
9.29636e-67
3.37796e-52
4.39672e-54
2.02968e-56
1.15579e-59
3.57158e-55
2.07904e-59
1.46255e-59
3.54791e-66
1.11397e-58
0
3.00981e-52
3.86151e-54
1.9598e-56
1.21163e-59
2.15534e-55
5.28162e-55
2.0254e-59
2.41449e-59
3.67841e-66
2.0619e-66
1.05713e-58
2.72015e-52
2.17528e-52
1.24577e-59
1.30032e-55
7.65233e-55
1.97292e-59
3.99408e-59
3.81408e-66
1.19831e-66
9.91864e-59
2.44601e-52
1.57128e-52
1.2807e-59
7.84361e-56
1.09386e-54
1.92158e-59
6.61434e-59
3.95587e-66
6.96418e-67
9.19115e-59
2.18947e-52
1.13453e-52
1.31648e-59
4.73085e-56
1.54934e-54
1.87139e-59
1.096e-58
4.10617e-66
4.04722e-67
8.40249e-59
1.95179e-52
8.18911e-53
1.35316e-59
2.85325e-56
2.1806e-54
1.82233e-59
1.81665e-58
4.2712e-66
2.35191e-67
7.56992e-59
1.73354e-52
5.9093e-53
1.39077e-59
1.72078e-56
3.05544e-54
1.77438e-59
3.01169e-58
4.46793e-66
1.36657e-67
6.7134e-59
1.5347e-52
4.263e-53
1.42933e-59
1.03777e-56
4.26779e-54
1.72754e-59
4.9933e-58
4.74304e-66
7.93869e-68
5.85434e-59
1.35477e-52
3.07442e-53
1.46886e-59
6.25861e-57
5.9478e-54
1.68179e-59
8.27922e-58
5.22531e-66
4.61003e-68
5.01409e-59
1.19293e-52
2.21643e-53
1.50939e-59
3.77443e-57
8.2758e-54
1.63711e-59
1.37279e-57
6.27098e-66
2.67537e-68
4.21242e-59
1.04812e-52
1.59713e-53
1.55093e-59
2.27628e-57
1.15016e-53
1.5935e-59
8.86569e-66
1.55097e-68
3.46625e-59
9.19134e-53
1.57374e-65
8.97535e-69
2.78865e-59
8.04691e-53
3.44374e-65
5.17865e-69
2.18834e-59
7.03492e-53
8.58687e-65
2.97328e-69
1.66958e-59
6.14264e-53
2.27897e-64
1.69289e-69
1.23256e-59
5.35786e-53
6.20712e-64
9.50154e-70
8.73952e-60
4.66912e-53
1.7078e-63
5.1991e-70
5.87768e-60
4.06575e-53
4.71693e-63
2.71266e-70
3.66186e-60
3.538e-53
1.30473e-62
1.28136e-70
2.00389e-60
3.07718e-53
3.61109e-62
4.62851e-71
8.1271e-61
2.68031e-53
9.99702e-62
0
0
2.49815e-53
1.01941e-61
5.71321e-61
1.0395e-61
9.15491e-61
1.05999e-61
1.15033e-60
1.08088e-61
1.30248e-60
1.10219e-61
1.39822e-60
1.12391e-61
1.45736e-60
1.14606e-61
1.49145e-60
1.16865e-61
1.50482e-60
1.19169e-61
1.49677e-60
1.21517e-61
1.46387e-60
1.23912e-61
1.40214e-60
1.26355e-61
1.30891e-60
1.28845e-61
1.18418e-60
1.31384e-61
1.0313e-60
1.33974e-61
8.5694e-61
1.36614e-61
6.70275e-61
1.39306e-61
4.8172e-61
1.42052e-61
3.01559e-61
1.44852e-61
1.38728e-61
1.47692e-61
0
1.51744e-61
1.55906e-61
1.60182e-61
1.64575e-61
1.69088e-61
1.73725e-61
1.78489e-61
1.83383e-61
1.88411e-61
1.93576e-61
1.98882e-61
2.04333e-61
2.09933e-61
2.15684e-61
2.21594e-61
2.27657e-61
2.33918e-61
2.40195e-61
2.47352e-61
2.51425e-61
END_LIST
