BEGIN_LIST
0
4.00315e-97
1.38653e-96
3.79363e-96
9.64582e-96
2.38504e-95
5.8303e-95
1.41842e-94
3.44382e-94
8.35409e-94
2.02582e-93
4.9118e-93
1.19084e-92
2.88709e-92
6.99949e-92
1.69699e-91
4.1143e-91
9.97513e-91
2.41853e-90
5.86396e-90
1.42188e-89
6.30401e-89
1.46414e-89
1.49242e-88
1.50766e-89
2.9597e-88
1.55248e-89
5.39966e-88
1.59862e-89
9.39737e-88
1.64614e-89
1.58894e-87
1.69506e-89
2.63871e-87
1.74545e-89
4.33531e-87
1.79733e-89
7.08483e-87
1.85075e-89
1.15658e-86
1.90577e-89
1.89284e-86
1.96273e-89
3.11516e-86
2.0349e-89
5.16922e-86
2.68475e-89
8.66788e-86
2.78864e-88
1.47134e-85
1.09965e-86
2.53144e-85
4.67834e-85
4.41741e-85
1.99422e-83
7.81771e-85
8.5004e-82
1.40162e-84
3.62344e-80
2.53888e-84
1.5446e-78
2.601e-84
3.3807e-84
1.46506e-84
3.62358e-78
1.63768e-78
2.6585e-84
3.88546e-84
8.51248e-85
6.94252e-78
1.73412e-78
2.71088e-84
4.17151e-84
4.97849e-85
1.20338e-77
1.8334e-78
2.7577e-84
4.31545e-84
2.92967e-85
1.96128e-77
1.93478e-78
2.79856e-84
4.36687e-84
1.73397e-85
3.0632e-77
2.0373e-78
2.83315e-84
4.35795e-84
1.03177e-85
4.63524e-77
2.13971e-78
2.8612e-84
4.3096e-84
6.16946e-86
6.84365e-77
2.24046e-78
2.88255e-84
4.23546e-84
3.70541e-86
9.90727e-77
2.33765e-78
2.8971e-84
4.14447e-84
2.23437e-86
1.41143e-76
2.42903e-78
2.90484e-84
4.04252e-84
1.35213e-86
1.98453e-76
2.51194e-78
2.90584e-84
3.93353e-84
8.20804e-87
2.76048e-76
2.58325e-78
2.90023e-84
3.82013e-84
4.99636e-87
3.80664e-76
2.63922e-78
2.88824e-84
3.70414e-84
3.04863e-87
5.21365e-76
2.67514e-78
2.87012e-84
3.58681e-84
1.864e-87
7.10467e-76
2.68464e-78
2.8462e-84
3.46902e-84
1.14167e-87
9.64892e-76
2.65808e-78
2.81686e-84
3.35144e-84
7.00274e-88
1.30818e-75
2.57966e-78
2.7825e-84
3.23456e-84
4.30036e-88
1.77355e-75
2.42151e-78
2.74354e-84
3.11878e-84
2.64323e-88
2.40858e-75
2.13253e-78
2.70088e-84
3.00439e-84
1.62568e-88
3.28273e-75
1.61653e-78
2.55456e-84
2.89167e-84
1.00018e-88
4.49986e-75
6.86517e-79
2.35383e-84
2.47952e-84
2.98661e-84
1.35318e-84
4.32706e-84
7.26731e-89
4.76822e-75
3.99879e-75
6.55432e-79
1.90613e-79
2.16122e-84
2.40365e-84
2.90068e-84
6.35228e-85
5.32467e-84
5.27855e-89
5.01447e-75
3.45199e-75
6.24461e-79
5.26488e-80
1.98569e-84
2.32731e-84
2.65038e-84
2.98623e-85
6.00326e-84
3.83184e-89
5.23614e-75
2.90374e-75
5.93773e-79
1.45207e-80
1.84887e-84
2.25084e-84
2.28952e-84
1.40506e-85
6.45769e-84
2.77936e-89
5.43086e-75
2.38911e-75
5.63521e-79
4.0035e-81
1.81201e-84
2.17456e-84
1.88536e-84
6.61518e-86
6.75878e-84
2.01367e-89
5.59635e-75
1.93025e-75
5.33843e-79
1.10392e-81
2.05836e-84
2.09875e-84
1.4944e-84
3.11606e-86
6.95655e-84
1.45667e-89
5.73043e-75
1.53708e-75
5.04859e-79
3.04587e-82
3.14527e-84
2.02366e-84
1.15091e-84
1.46841e-86
7.08479e-84
1.05158e-89
5.83107e-75
1.21027e-75
4.76673e-79
8.42449e-83
6.77791e-84
1.94954e-84
8.6825e-85
6.92195e-87
7.16544e-84
7.57075e-90
5.89638e-75
9.44781e-76
4.49369e-79
2.35135e-83
1.81891e-83
1.87656e-84
6.46003e-85
3.26362e-87
7.2122e-84
5.43092e-90
5.92462e-75
7.32775e-76
4.23018e-79
6.78415e-84
5.34732e-83
1.80492e-84
4.7736e-85
1.53884e-87
7.23315e-84
3.87733e-90
5.91427e-75
5.65612e-76
3.97673e-79
2.18647e-84
1.6222e-82
1.73475e-84
3.54893e-85
7.2544e-88
7.23275e-84
2.75061e-90
5.864e-75
4.35034e-76
3.73372e-79
9.34297e-85
4.97474e-82
1.66617e-84
2.76255e-85
3.41759e-88
7.21311e-84
1.93463e-90
5.77267e-75
3.33729e-76
3.50141e-79
6.05283e-85
1.53222e-81
1.5993e-84
2.54807e-85
1.60758e-88
7.1749e-84
1.3448e-90
5.63942e-75
2.55528e-76
3.27994e-79
5.31592e-85
4.72996e-81
1.53421e-84
3.48981e-85
7.53755e-89
7.11794e-84
9.19511e-91
5.4636e-75
1.95379e-76
3.06932e-79
5.29114e-85
1.46238e-80
1.47096e-84
7.50588e-85
3.51114e-89
7.04158e-84
6.13863e-91
5.24483e-75
1.49239e-76
2.8695e-79
5.47114e-85
4.52675e-80
1.40961e-84
2.05319e-84
1.61402e-89
6.945e-84
3.95144e-91
4.98302e-75
1.13912e-76
2.68032e-79
5.71635e-85
1.40265e-79
1.35018e-84
6.06797e-84
7.21773e-90
6.82739e-84
2.39527e-91
4.67835e-75
8.69091e-77
2.50158e-79
5.98866e-85
4.34997e-79
1.29271e-84
1.83033e-83
3.03691e-90
6.68807e-84
1.29651e-91
4.33128e-75
6.63504e-77
2.33305e-79
6.27788e-85
1.3501e-78
1.23724e-84
5.55005e-83
1.09257e-90
6.52663e-84
5.28753e-92
3.9426e-75
5.12516e-77
2.17626e-79
6.58159e-85
4.19358e-78
1.18389e-84
1.68536e-82
2.02023e-91
6.34295e-84
0
3.51338e-75
4.50196e-77
2.10122e-79
6.89949e-85
2.53121e-78
6.20074e-78
1.15335e-84
2.81267e-82
2.09444e-91
1.17408e-91
6.0193e-84
3.17564e-75
2.54005e-75
7.09388e-85
1.52739e-78
8.98251e-78
1.12346e-84
4.67845e-82
2.17142e-91
6.82337e-92
5.64765e-84
2.85595e-75
1.83538e-75
7.29275e-85
9.21513e-79
1.28373e-77
1.09423e-84
7.76897e-82
2.25139e-91
3.96552e-92
5.23342e-84
2.55673e-75
1.32565e-75
7.4965e-85
5.5592e-79
1.81783e-77
1.06564e-84
1.28902e-81
2.33484e-91
2.30456e-92
4.78435e-84
2.27946e-75
9.57182e-76
7.70536e-85
3.35352e-79
2.55781e-77
1.0377e-84
2.13782e-81
2.4229e-91
1.33922e-92
4.31028e-84
2.02482e-75
6.90937e-76
7.91952e-85
2.0229e-79
3.58296e-77
1.0104e-84
3.54483e-81
2.51856e-91
7.78151e-93
3.82258e-84
1.79278e-75
4.98611e-76
8.1391e-85
1.22023e-79
5.00312e-77
9.83727e-85
5.87723e-81
2.62989e-91
4.52045e-93
3.33344e-84
1.58278e-75
3.59712e-76
8.36424e-85
7.36045e-80
6.97042e-77
9.57674e-85
9.74385e-81
2.77907e-91
2.62505e-93
2.855e-84
1.39388e-75
2.59412e-76
8.59503e-85
4.4398e-80
9.6956e-77
9.32234e-85
1.6154e-80
3.02728e-91
1.52342e-93
2.39854e-84
1.22482e-75
1.86991e-76
8.83158e-85
2.67807e-80
1.34705e-76
9.07399e-85
3.54366e-91
8.83157e-94
1.97367e-84
1.07422e-75
4.79622e-91
5.11078e-94
1.58785e-84
9.40584e-76
8.08026e-91
2.94886e-94
1.24603e-84
8.22396e-76
1.69813e-90
1.69306e-94
9.50652e-85
7.18174e-76
4.14247e-90
9.63978e-95
7.01813e-85
6.26499e-76
1.08887e-89
5.41045e-95
4.97624e-85
5.4603e-76
2.95437e-89
2.96052e-95
3.34672e-85
4.75528e-76
8.11668e-89
1.54467e-95
2.08504e-85
4.13854e-76
2.24063e-88
7.29645e-96
1.14101e-85
3.59994e-76
6.19669e-88
2.63562e-96
4.62753e-86
3.13604e-76
1.71502e-87
0
0
2.9231e-76
1.74883e-87
9.79987e-87
1.7833e-87
1.57032e-86
1.81844e-87
1.97313e-86
1.85429e-87
2.2341e-86
1.89083e-87
2.39832e-86
1.9281e-87
2.49976e-86
1.96611e-87
2.55823e-86
2.00486e-87
2.58117e-86
2.04437e-87
2.56736e-86
2.08466e-87
2.51092e-86
2.12575e-87
2.40503e-86
2.16765e-87
2.24512e-86
2.21037e-87
2.03117e-86
2.25393e-87
1.76894e-86
2.29835e-87
1.46988e-86
2.34365e-87
1.1497e-86
2.38984e-87
8.26275e-87
2.43693e-87
5.17252e-87
2.48497e-87
2.37954e-87
2.5337e-87
0
2.6032e-87
2.6746e-87
2.74795e-87
2.82332e-87
2.90075e-87
2.98029e-87
3.06202e-87
3.14597e-87
3.23222e-87
3.32083e-87
3.41186e-87
3.50537e-87
3.60143e-87
3.7001e-87
3.80148e-87
3.90549e-87
4.0129e-87
4.12059e-87
4.24336e-87
4.31324e-87
END_LIST
