BEGIN_LIST
0
6.9468e-32
2.31617e-31
5.98764e-31
1.42298e-30
3.27801e-30
7.48555e-30
1.71197e-29
3.93813e-29
9.12197e-29
2.1267e-28
4.98508e-28
1.17341e-27
2.77053e-27
6.55574e-27
1.5536e-26
3.68551e-26
8.749e-26
2.07791e-25
4.93666e-25
1.17312e-24
5.03551e-24
1.22536e-24
1.14801e-23
1.27997e-24
2.15674e-23
1.33707e-24
3.66071e-23
1.39676e-24
5.81503e-23
1.45918e-24
8.7954e-23
1.52444e-24
1.27911e-22
1.5927e-24
1.79946e-22
1.66408e-24
2.45884e-22
1.73875e-24
3.27327e-22
1.81686e-24
4.25565e-22
1.89858e-24
5.41622e-22
1.98408e-24
6.76551e-22
2.07355e-24
8.32187e-22
2.16719e-24
1.01276e-21
2.26525e-24
1.22805e-21
2.36971e-24
1.49941e-21
2.55593e-24
1.87117e-21
6.02123e-24
2.43189e-21
1.48833e-22
3.35249e-21
6.22217e-21
3.44065e-21
4.19719e-21
2.04962e-21
1.44958e-20
6.63551e-21
3.52326e-21
4.69677e-21
1.29494e-21
2.74242e-20
7.06774e-21
3.59967e-21
4.97355e-21
8.49518e-22
4.67017e-20
7.51706e-21
3.66927e-21
5.10627e-21
5.80211e-22
7.44081e-20
7.98075e-21
3.7315e-21
5.14558e-21
4.12327e-22
1.13041e-19
8.45505e-21
3.7859e-21
5.12415e-21
3.03706e-22
1.65542e-19
8.93492e-21
3.83209e-21
5.06309e-21
2.30397e-22
2.35308e-19
9.41387e-21
3.8698e-21
4.97608e-21
1.78692e-22
3.26209e-19
9.88378e-21
3.89884e-21
4.87204e-21
1.40675e-22
4.42583e-19
1.03348e-20
3.91913e-21
4.75685e-21
1.11717e-22
5.89248e-19
1.07548e-20
3.93072e-21
4.63438e-21
8.90518e-23
7.71522e-19
1.11298e-20
3.9337e-21
4.50725e-21
7.09815e-23
9.95276e-19
1.14422e-20
3.9283e-21
4.37723e-21
5.64172e-23
1.26706e-18
1.16702e-20
3.91482e-21
4.24559e-21
4.46227e-23
1.59439e-18
1.17838e-20
3.89361e-21
4.11323e-21
3.50694e-23
1.98626e-18
1.17387e-20
3.86511e-21
3.98081e-21
2.73554e-23
2.45419e-18
1.14631e-20
3.82979e-21
3.84886e-21
2.116e-23
3.01414e-18
1.08325e-20
3.78816e-21
3.71779e-21
1.62191e-23
3.69012e-18
9.62183e-21
3.74139e-21
3.58795e-21
1.23106e-23
4.5209e-18
7.41346e-21
3.55127e-21
3.45963e-21
9.24632e-24
5.57282e-18
3.40635e-21
3.27639e-21
3.45481e-21
3.5523e-21
1.61925e-21
5.19549e-21
7.60862e-24
5.80753e-18
4.91672e-18
3.26202e-21
1.2771e-21
3.0072e-21
3.35681e-21
3.43209e-21
7.62146e-22
6.40775e-21
6.22571e-24
6.01682e-18
4.21461e-18
3.11739e-21
6.95363e-22
2.74711e-21
3.25779e-21
3.12121e-21
3.60689e-22
7.23954e-21
5.06395e-24
6.19864e-18
3.52084e-18
2.9733e-21
5.49176e-22
2.49879e-21
3.15819e-21
2.68467e-21
1.71939e-22
7.80481e-21
4.09313e-24
6.35103e-18
2.8772e-18
2.83053e-21
5.25116e-22
2.26418e-21
3.05845e-21
2.20195e-21
8.28184e-23
8.1883e-21
3.28626e-24
6.47216e-18
2.309e-18
2.68979e-21
5.35777e-22
2.04456e-21
2.95896e-21
1.73876e-21
4.04904e-23
8.44969e-21
2.61941e-24
6.56025e-18
1.82641e-18
2.55169e-21
5.56876e-22
1.84062e-21
2.86008e-21
1.33423e-21
2.02103e-23
8.62908e-21
2.07148e-24
6.61369e-18
1.42852e-18
2.41678e-21
5.81697e-22
1.65256e-21
2.76213e-21
1.0028e-21
1.03668e-23
8.75235e-21
1.62401e-24
6.63098e-18
1.10773e-18
2.28553e-21
6.08407e-22
1.48021e-21
2.66538e-21
7.42836e-22
5.4988e-24
8.83544e-21
1.26091e-24
6.61079e-18
8.53427e-19
2.15833e-21
6.36533e-22
1.32312e-21
2.57008e-21
5.44818e-22
3.02847e-24
8.88762e-21
9.68263e-25
6.55193e-18
6.54323e-19
2.03548e-21
6.65979e-22
1.18063e-21
2.47645e-21
3.96919e-22
1.73248e-24
8.91379e-21
7.3412e-25
6.45339e-18
4.99869e-19
1.91722e-21
6.96758e-22
1.05206e-21
2.38466e-21
2.87884e-22
1.02526e-24
8.91609e-21
5.48248e-25
6.31436e-18
3.80862e-19
1.80373e-21
7.28913e-22
9.369e-22
2.29489e-21
2.08191e-22
6.22736e-25
8.89491e-21
4.0196e-25
6.13419e-18
2.89619e-19
1.69511e-21
7.62494e-22
8.35499e-22
2.20724e-21
1.50272e-22
3.84302e-25
8.84967e-21
2.87922e-25
5.91248e-18
2.19917e-19
1.59143e-21
7.97559e-22
7.50941e-22
2.12182e-21
1.08335e-22
2.38319e-25
8.77928e-21
1.99975e-25
5.64899e-18
1.66812e-19
1.4927e-21
8.34164e-22
6.94888e-22
2.03872e-21
7.80435e-23
1.46858e-25
8.68244e-21
1.32981e-25
5.34376e-18
1.2643e-19
1.39889e-21
8.72369e-22
7.05708e-22
1.95799e-21
5.6204e-23
8.88747e-26
8.55788e-21
8.26843e-26
4.99702e-18
9.57756e-20
1.30993e-21
9.12234e-22
9.0493e-22
1.87969e-21
4.04913e-23
5.20883e-26
8.40457e-21
4.55776e-26
4.60925e-18
7.25957e-20
1.22576e-21
9.53819e-22
1.67341e-21
1.80389e-21
2.92464e-23
2.89812e-26
8.22177e-21
1.87924e-26
4.18119e-18
5.5679e-20
1.14719e-21
9.97187e-22
4.20149e-21
1.73078e-21
2.13601e-23
1.47671e-26
8.0092e-21
0
3.7138e-18
4.87208e-20
1.10952e-21
1.0424e-21
2.52908e-21
6.06494e-21
1.68884e-21
1.84386e-23
1.71099e-26
1.20294e-26
7.62677e-21
3.34645e-18
2.6635e-18
1.06996e-21
1.5223e-21
8.66234e-21
1.64772e-21
1.60211e-23
1.98251e-26
9.64951e-27
7.17899e-21
3.00029e-18
1.90915e-18
1.09812e-21
9.16541e-22
1.22854e-20
1.60744e-21
1.40926e-23
2.2971e-26
7.63103e-27
6.67252e-21
2.67767e-18
1.36787e-18
1.12691e-21
5.52213e-22
1.73417e-20
1.56799e-21
1.26783e-23
2.66154e-26
5.95409e-27
6.11713e-21
2.37995e-18
9.79735e-19
1.15638e-21
3.33191e-22
2.44008e-20
1.52937e-21
1.18628e-23
3.08375e-26
4.58574e-27
5.52544e-21
2.10758e-18
7.01556e-19
1.18655e-21
2.01611e-22
3.42584e-20
1.49155e-21
1.1823e-23
3.57327e-26
3.48696e-27
4.91217e-21
1.86031e-18
5.0225e-19
1.21742e-21
1.22661e-22
4.80262e-20
1.45455e-21
1.28847e-23
4.14224e-26
2.61756e-27
4.29325e-21
1.63735e-18
3.59493e-19
1.24903e-21
7.54024e-23
6.72568e-20
1.41835e-21
1.5616e-23
4.80794e-26
1.93912e-27
3.6847e-21
1.43748e-18
2.57258e-19
1.28137e-21
4.72437e-23
9.41191e-20
1.38294e-21
2.09846e-23
5.59947e-26
1.41673e-27
3.10149e-21
1.25924e-18
1.84053e-19
1.31446e-21
3.06191e-23
1.31642e-19
1.34832e-21
6.57595e-26
1.01977e-27
2.55656e-21
1.10099e-18
7.87655e-26
7.22079e-28
2.06004e-21
9.61036e-19
9.85854e-26
5.01875e-28
1.61886e-21
8.37667e-19
1.3479e-25
3.41314e-28
1.23665e-21
7.29232e-19
2.13508e-25
2.26046e-28
9.13942e-22
6.34159e-19
4.06654e-25
1.44705e-28
6.48633e-22
5.50975e-19
9.12826e-25
8.84205e-29
4.36562e-22
4.78328e-19
2.28125e-24
5.03642e-29
2.72144e-22
4.14979e-19
6.03175e-24
2.53565e-29
1.48989e-22
3.59833e-19
1.63712e-23
9.52082e-30
6.04403e-23
3.1248e-19
4.4947e-23
0
0
2.90778e-19
4.58476e-23
2.55708e-22
4.67667e-23
4.09482e-22
4.77048e-23
5.14251e-22
4.86623e-23
5.81953e-22
4.96397e-23
6.2437e-22
5.06373e-23
6.50389e-22
5.16556e-23
6.65205e-22
5.26952e-23
6.70788e-22
5.37564e-23
6.66846e-22
5.48397e-23
6.51875e-22
5.59457e-23
6.24122e-22
5.70749e-23
5.82411e-22
5.82278e-23
5.26744e-22
5.9405e-23
4.58621e-22
6.06069e-23
3.81001e-22
6.18343e-23
2.97957e-22
6.30876e-23
2.14111e-22
6.43675e-23
1.34022e-22
6.5675e-23
6.16513e-23
6.70028e-23
0
6.8901e-23
7.08558e-23
7.28691e-23
7.49428e-23
7.70789e-23
7.92797e-23
8.15471e-23
8.38836e-23
8.62915e-23
8.87732e-23
9.13313e-23
9.39685e-23
9.66874e-23
9.94909e-23
1.02383e-22
1.05362e-22
1.08451e-22
1.11561e-22
1.15126e-22
1.17162e-22
END_LIST
