BEGIN_LIST
0
-1.54868e-171
-5.41267e-171
-1.50154e-170
-3.88437e-170
-9.79411e-170
-2.44489e-169
-6.07917e-169
-1.50932e-168
-3.7454e-168
-9.29341e-168
-2.30618e-167
-5.72374e-167
-1.42088e-166
-3.52799e-166
-8.76206e-166
-2.17667e-165
-5.40869e-165
-1.34437e-164
-3.34246e-164
-3.41405e-164
-3.63293e-164
-3.45071e-164
-3.86264e-164
-3.48832e-164
-4.09403e-164
-3.52688e-164
-4.31292e-164
-3.5664e-164
-4.4974e-164
-3.60688e-164
-4.61335e-164
-3.64833e-164
-4.60728e-164
-3.69074e-164
-4.39404e-164
-3.734e-164
-3.83598e-164
-3.77263e-164
-2.70622e-164
-3.57302e-164
-6.23378e-165
6.82298e-164
3.06657e-164
4.51946e-162
9.50696e-164
1.94299e-160
2.07323e-163
8.28379e-159
4.04222e-163
3.53142e-157
7.53291e-163
1.50539e-155
1.37996e-162
6.41745e-154
2.51934e-162
2.73551e-152
4.61377e-162
1.16608e-150
8.47857e-162
4.9709e-149
8.66461e-162
1.13432e-161
4.87059e-162
1.16627e-148
5.27001e-149
8.83473e-162
1.30714e-161
2.81736e-162
2.23488e-148
5.5799e-149
8.98742e-162
1.40635e-161
1.64045e-162
3.87483e-148
5.89888e-149
9.12134e-162
1.4578e-161
9.61129e-163
6.31731e-148
6.22458e-149
9.23535e-162
1.4782e-161
5.66409e-163
9.87063e-148
6.55389e-149
9.32851e-162
1.47833e-161
3.35602e-163
1.49435e-147
6.88278e-149
9.40015e-162
1.46521e-161
1.99837e-163
2.20757e-147
7.20628e-149
9.44984e-162
1.44339e-161
1.19533e-163
3.19789e-147
7.51829e-149
9.47742e-162
1.41585e-161
7.17914e-164
4.55919e-147
7.81157e-149
9.48298e-162
1.38454e-161
4.32755e-164
6.41566e-147
8.07756e-149
9.46688e-162
1.35076e-161
2.61708e-164
8.93225e-147
8.30624e-149
9.42969e-162
1.31539e-161
1.5872e-164
1.23295e-146
8.48557e-149
9.37222e-162
1.27902e-161
9.65013e-165
1.69046e-146
8.60047e-149
9.29545e-162
1.24205e-161
5.87994e-165
2.3062e-146
8.63038e-149
9.20054e-162
1.20479e-161
3.58939e-165
3.13575e-146
8.54446e-149
9.08891e-162
1.16746e-161
2.19457e-165
4.25653e-146
8.29187e-149
8.94864e-162
1.1302e-161
1.34351e-165
5.77776e-146
7.78312e-149
1.00253e-161
1.09317e-161
8.23336e-166
7.85589e-146
6.85399e-149
-1.04451e-160
1.05645e-161
5.04938e-166
1.07192e-145
5.19537e-149
1.06461e-158
1.02014e-161
3.09808e-166
1.47089e-145
2.20633e-149
6.63975e-158
1.02077e-158
2.21687e-161
4.74964e-162
1.39051e-161
2.24717e-166
1.55885e-145
1.30718e-145
2.10637e-149
6.12571e-150
2.29263e-157
9.77517e-159
4.64284e-161
2.21857e-162
1.64483e-161
1.62948e-166
1.63958e-145
1.1285e-145
2.00679e-149
1.6919e-150
7.13638e-157
9.35002e-159
9.96319e-161
1.03789e-162
1.81538e-161
1.18098e-166
1.71227e-145
9.4933e-146
1.90812e-149
4.6661e-151
2.16729e-156
8.93344e-159
2.25733e-160
4.86018e-163
1.92776e-161
8.55284e-167
1.77614e-145
7.81124e-146
1.81086e-149
1.28637e-151
6.55498e-156
8.52649e-159
5.45176e-160
2.27761e-163
2.00086e-161
6.18746e-167
1.83044e-145
6.31136e-146
1.71545e-149
3.54609e-152
1.98568e-155
8.13006e-159
1.39789e-159
1.06799e-163
2.04786e-161
4.46966e-167
1.87446e-145
5.02609e-146
1.62227e-149
9.77551e-153
6.03309e-155
7.74488e-159
3.7651e-159
5.01056e-164
2.07755e-161
3.22238e-167
1.90754e-145
3.95768e-146
1.53166e-149
2.69492e-153
1.83876e-154
7.37153e-159
1.05261e-158
2.35174e-164
2.09552e-161
2.31701e-167
1.92905e-145
3.08969e-146
1.44389e-149
7.42973e-154
5.62043e-154
7.01047e-159
3.02278e-158
1.10415e-164
2.10516e-161
1.66016e-167
1.93842e-145
2.39651e-146
1.35919e-149
2.04845e-154
1.72244e-153
6.66201e-159
8.84412e-158
5.18495e-165
2.1084e-161
1.18396e-167
1.93516e-145
1.84991e-146
1.27772e-149
5.64818e-155
5.29066e-153
6.32636e-159
2.62079e-157
2.43458e-165
2.10623e-161
8.39065e-168
1.91881e-145
1.42292e-146
1.19961e-149
1.55753e-155
1.62835e-152
6.00364e-159
7.833e-157
1.14254e-165
2.09904e-161
5.89613e-168
1.88903e-145
1.09163e-146
1.12494e-149
4.29602e-156
5.02046e-152
5.69385e-159
2.35451e-156
5.35454e-166
2.08687e-161
4.09516e-168
1.84551e-145
8.35883e-147
1.05376e-149
1.18574e-156
1.55025e-151
5.39694e-159
7.10416e-156
2.50181e-166
2.06954e-161
2.79807e-168
1.78805e-145
6.39162e-147
9.86072e-150
3.28055e-157
4.79324e-151
5.11277e-159
2.14885e-155
1.16158e-166
2.04679e-161
1.86683e-168
1.71653e-145
4.88246e-147
9.21852e-150
9.15696e-158
1.48373e-150
4.84116e-159
6.51044e-155
5.32369e-167
2.01832e-161
1.20107e-168
1.6309e-145
3.72694e-147
8.61055e-150
2.64073e-158
4.59733e-150
4.58188e-159
1.97462e-154
2.37445e-167
1.98386e-161
7.27767e-169
1.53124e-145
2.84364e-147
8.03613e-150
8.50253e-159
1.42572e-149
4.3347e-159
5.99324e-154
9.96859e-168
1.94317e-161
3.93812e-169
1.41769e-145
2.17109e-147
7.49455e-150
3.63728e-159
4.42486e-149
4.09952e-159
1.81987e-153
3.57942e-168
1.89611e-161
1.6058e-169
1.2905e-145
1.67713e-147
6.99072e-150
2.37361e-159
1.37438e-148
3.87668e-159
5.52775e-153
6.59131e-169
1.84264e-161
0
1.15004e-145
1.47325e-147
6.74958e-150
2.10821e-159
8.29601e-149
2.03215e-148
3.75027e-159
9.22524e-153
6.82439e-169
3.82372e-169
1.74851e-161
1.03952e-145
8.31498e-146
2.10533e-159
5.00621e-149
2.94371e-148
3.62758e-159
1.53445e-152
7.06571e-169
2.21829e-169
1.64048e-161
9.34892e-146
6.0086e-146
2.14104e-159
3.02051e-149
4.20679e-148
3.50853e-159
2.548e-152
7.31557e-169
1.28695e-169
1.52012e-161
8.36963e-146
4.34019e-146
2.19717e-159
1.82225e-149
5.95675e-148
3.39304e-159
4.22745e-152
7.57429e-169
7.46625e-170
1.38965e-161
7.46217e-146
3.13403e-146
2.26472e-159
1.0993e-149
8.38106e-148
3.28103e-159
7.01091e-152
7.84224e-169
4.33144e-170
1.25194e-161
6.62873e-146
2.26244e-146
2.33926e-159
6.63145e-150
1.17394e-147
3.17243e-159
1.16246e-151
8.11995e-169
2.5126e-170
1.11028e-161
5.86924e-146
1.6328e-146
2.41863e-159
4.00031e-150
1.63915e-147
3.06715e-159
1.92725e-151
8.40832e-169
1.45725e-170
9.68196e-162
5.18189e-146
1.17803e-146
2.5018e-159
2.4131e-150
2.28354e-147
2.96512e-159
3.19505e-151
8.7093e-169
8.44883e-171
8.2923e-162
4.56354e-146
8.49612e-147
2.58828e-159
1.45564e-150
3.17611e-147
2.86627e-159
5.29671e-151
9.02768e-169
4.89554e-171
6.96648e-162
4.01017e-146
6.12467e-147
2.67788e-159
8.78073e-151
4.41239e-147
2.77054e-159
9.37613e-169
2.83376e-171
5.73245e-162
3.51718e-146
9.78909e-169
1.63748e-171
4.61183e-162
3.0797e-146
1.03613e-168
9.43488e-172
3.61903e-162
2.69279e-146
1.13544e-168
5.40982e-172
2.76112e-162
2.3516e-146
1.34919e-168
3.07642e-172
2.03838e-162
2.05147e-146
1.87759e-168
1.72478e-172
1.44532e-162
1.78802e-146
3.27487e-168
9.42874e-173
9.72036e-163
1.5572e-146
7.07536e-168
4.91565e-173
6.05588e-163
1.35527e-146
1.75269e-167
2.32063e-173
3.31398e-163
1.17892e-146
4.63908e-167
8.37954e-174
1.34404e-163
1.02703e-146
1.26236e-166
0
0
9.57305e-147
1.28721e-166
7.15395e-166
1.31256e-166
1.14553e-165
1.3384e-166
1.43897e-165
1.36475e-166
1.62904e-165
1.39162e-166
1.74862e-165
1.41902e-166
1.82246e-165
1.44696e-166
1.865e-165
1.47545e-166
1.88167e-165
1.5045e-166
1.87156e-165
1.53412e-166
1.83038e-165
1.56432e-166
1.75317e-165
1.59512e-166
1.63659e-165
1.62652e-166
1.48062e-165
1.65855e-166
1.28946e-165
1.6912e-166
1.07145e-165
1.72449e-166
8.38056e-166
1.75844e-166
6.02302e-166
1.79306e-166
3.77043e-166
1.82837e-166
1.73453e-166
1.86419e-166
0
1.91527e-166
1.96774e-166
2.02166e-166
2.07705e-166
2.13395e-166
2.19241e-166
2.25247e-166
2.31417e-166
2.37755e-166
2.44266e-166
2.50955e-166
2.57826e-166
2.64885e-166
2.72135e-166
2.79584e-166
2.87226e-166
2.95118e-166
3.0303e-166
3.1205e-166
3.17184e-166
END_LIST
