BEGIN_LIST
0
1.3759e-129
4.76549e-129
1.30384e-128
3.31508e-128
8.19664e-128
2.00362e-127
4.87429e-127
1.18339e-126
2.87058e-126
6.9607e-126
1.68763e-125
4.0914e-125
9.9189e-125
2.40467e-124
5.82983e-124
1.41339e-123
3.42669e-123
8.30813e-123
2.01437e-122
4.92651e-122
2.1949e-121
5.07295e-122
5.20099e-121
5.22376e-122
1.03182e-120
5.37905e-122
1.88285e-120
5.53897e-122
3.27728e-120
5.70365e-122
5.54186e-120
5.87323e-122
9.20384e-120
6.04786e-122
1.51224e-119
6.2277e-122
2.47142e-119
6.41343e-122
4.03467e-119
6.62763e-122
6.60327e-119
7.82628e-122
1.08676e-118
5.07573e-121
1.80338e-118
1.87253e-119
3.02399e-118
7.95178e-118
5.13314e-118
3.38955e-116
8.83167e-118
1.44491e-114
1.54115e-117
6.15959e-113
2.72746e-117
2.62559e-111
4.89003e-117
1.11922e-109
8.85775e-117
4.77113e-108
9.07447e-117
1.17947e-116
5.11134e-117
1.11939e-107
5.05826e-108
9.27507e-117
1.35557e-116
2.96986e-117
2.14501e-107
5.35575e-108
9.45782e-117
1.45537e-116
1.73691e-117
3.7189e-107
5.66197e-108
9.62116e-117
1.50559e-116
1.02211e-117
6.06287e-107
5.97464e-108
9.76372e-117
1.52353e-116
6.04954e-118
9.47266e-107
6.29077e-108
9.88438e-117
1.52042e-116
3.59967e-118
1.43403e-106
6.60652e-108
9.98225e-117
1.50355e-116
2.15242e-118
2.11832e-106
6.9171e-108
1.00567e-116
1.47769e-116
1.29275e-118
3.06839e-106
7.21665e-108
1.01075e-116
1.44594e-116
7.79533e-119
4.37422e-106
7.49822e-108
1.01345e-116
1.41037e-116
4.71733e-119
6.15483e-106
7.75361e-108
1.0138e-116
1.37235e-116
2.86364e-119
8.56828e-106
7.97318e-108
1.01184e-116
1.33279e-116
1.74314e-119
1.18259e-105
8.14539e-108
1.00766e-116
1.29232e-116
1.06361e-119
1.62123e-105
8.25574e-108
1.00133e-116
1.25138e-116
6.50314e-120
2.21147e-105
8.28452e-108
9.92991e-117
1.21029e-116
3.98309e-120
3.00658e-105
8.2021e-108
9.82754e-117
1.16927e-116
2.44313e-120
4.08067e-105
7.95968e-108
9.70764e-117
1.12849e-116
1.50032e-120
5.53832e-105
7.47135e-108
9.57183e-117
1.0881e-116
9.22172e-121
7.52938e-105
6.57947e-108
9.41206e-117
1.04819e-116
5.6717e-121
1.02725e-104
4.9873e-108
9.93027e-117
1.00886e-116
3.48943e-121
1.40943e-104
2.11797e-108
1.45645e-116
9.62655e-117
1.0421e-116
4.72104e-117
1.50964e-116
2.53543e-121
1.49369e-104
1.25255e-104
2.02203e-108
5.88043e-109
2.9476e-116
9.32048e-117
1.01235e-116
2.21622e-117
1.85768e-116
1.84158e-121
1.57102e-104
1.08134e-104
1.92644e-108
1.62416e-109
7.52104e-116
9.01347e-117
9.25544e-117
1.04185e-117
2.09442e-116
1.33686e-121
1.64065e-104
9.09645e-105
1.83173e-108
4.4793e-110
2.13824e-115
8.70684e-117
8.00862e-117
4.90204e-118
2.25296e-116
9.69666e-122
1.70183e-104
7.48466e-105
1.73836e-108
1.23488e-110
6.33528e-115
8.40179e-117
6.62927e-117
2.30794e-118
2.358e-116
7.02531e-122
1.75384e-104
6.04745e-105
1.64678e-108
3.40415e-111
1.90716e-114
8.09939e-117
5.34698e-117
1.08714e-118
2.427e-116
5.08203e-122
1.79601e-104
4.81589e-105
1.55733e-108
9.38426e-112
5.78371e-114
7.80061e-117
4.37518e-117
5.12306e-119
2.47174e-116
3.66875e-122
1.82768e-104
3.79214e-105
1.47035e-108
2.58708e-112
1.76178e-113
7.50629e-117
4.03591e-117
2.41496e-119
2.49988e-116
2.64129e-122
1.84827e-104
2.96044e-105
1.3861e-108
7.13255e-113
5.38426e-113
7.21718e-117
5.14543e-117
1.13863e-119
2.51619e-116
1.89474e-122
1.85724e-104
2.29624e-105
1.30479e-108
1.96663e-113
1.64999e-112
6.9339e-117
1.01264e-116
5.36878e-120
2.5235e-116
1.35273e-122
1.8541e-104
1.77251e-105
1.22659e-108
5.42369e-114
5.06807e-112
6.65699e-117
2.63113e-116
2.53094e-120
2.52336e-116
9.59635e-123
1.83843e-104
1.36337e-105
1.15161e-108
1.49679e-114
1.55984e-111
6.38689e-117
7.59032e-116
1.19234e-120
2.51651e-116
6.74954e-123
1.80988e-104
1.04594e-105
1.07993e-108
4.14061e-115
4.80924e-111
6.12396e-117
2.26151e-115
5.60859e-121
2.50318e-116
4.69174e-123
1.76818e-104
8.00892e-106
1.0116e-108
1.15557e-115
1.48503e-110
5.86848e-117
6.80897e-115
2.62973e-121
2.4833e-116
3.20799e-123
1.71312e-104
6.12402e-106
9.46621e-109
3.33033e-116
4.5916e-110
5.62065e-117
2.05852e-114
1.22498e-121
2.45666e-116
2.14165e-123
1.64459e-104
4.67802e-106
8.84973e-109
1.06891e-116
1.42132e-109
5.38063e-117
6.23607e-114
5.63105e-122
2.42297e-116
1.37858e-123
1.56254e-104
3.57086e-106
8.2661e-109
4.52608e-117
4.40397e-109
5.14851e-117
1.89136e-113
2.51814e-122
2.38194e-116
8.35661e-124
1.46705e-104
2.72453e-106
7.71468e-109
2.90412e-117
1.36575e-108
4.92436e-117
5.74057e-113
1.05953e-122
2.33333e-116
4.52326e-124
1.35826e-104
2.08014e-106
7.19478e-109
2.53845e-117
4.23878e-108
4.70835e-117
1.74316e-112
3.81179e-123
2.27701e-116
1.84471e-124
1.2364e-104
1.60687e-106
6.71112e-109
2.5232e-117
1.31659e-107
4.50093e-117
5.2948e-112
7.04819e-124
2.21292e-116
0
1.10182e-104
1.41152e-106
6.47963e-109
2.60862e-117
7.94711e-108
1.9467e-107
4.38228e-117
8.83653e-112
7.30698e-124
4.09613e-124
2.10001e-116
9.9593e-105
7.9663e-105
2.67614e-117
4.79565e-108
2.81994e-107
4.26627e-117
1.4698e-111
7.57521e-124
2.38054e-124
1.97035e-116
8.9569e-105
5.75659e-105
2.74893e-117
2.89345e-108
4.02993e-107
4.15291e-117
2.44066e-111
7.85331e-124
1.38349e-124
1.82583e-116
8.01865e-105
4.15813e-105
2.82537e-117
1.74559e-108
5.70635e-107
4.04214e-117
4.04938e-111
8.14191e-124
8.04014e-125
1.66916e-116
7.14922e-105
3.00254e-105
2.9047e-117
1.05305e-108
8.0288e-107
3.93396e-117
6.71562e-111
8.44214e-124
4.67227e-125
1.50377e-116
6.35072e-105
2.16751e-105
2.98654e-117
6.35241e-109
1.12461e-106
3.82832e-117
1.11351e-110
8.75651e-124
2.71481e-125
1.33362e-116
5.62307e-105
1.56427e-105
3.07074e-117
3.83196e-109
1.57028e-106
3.72519e-117
1.8461e-110
9.09134e-124
1.5771e-125
1.16297e-116
4.96453e-105
1.12858e-105
3.15723e-117
2.31154e-109
2.18761e-106
3.62455e-117
3.06052e-110
9.46348e-124
9.15828e-126
9.96051e-117
4.37211e-105
8.13943e-106
3.24602e-117
1.39437e-109
3.0427e-106
3.52634e-117
5.07372e-110
9.91889e-124
5.31489e-126
8.368e-117
3.84194e-105
5.86749e-106
3.33711e-117
8.4111e-110
4.22708e-106
3.43054e-117
1.0584e-123
3.08116e-126
6.88572e-117
3.36962e-105
1.18084e-123
1.78305e-126
5.53967e-117
2.95049e-105
1.45585e-123
1.0288e-126
4.34714e-117
2.57981e-105
2.15092e-123
5.90675e-127
3.31663e-117
2.25293e-105
4.00646e-123
3.36312e-127
2.44848e-117
1.96538e-105
9.07206e-123
1.88759e-127
1.73611e-117
1.71298e-105
2.30219e-122
1.03286e-127
1.1676e-117
1.49184e-105
6.15649e-122
5.38902e-128
7.27428e-118
1.29839e-105
1.68192e-121
2.54558e-128
3.98073e-118
1.12944e-105
4.63325e-121
9.19512e-129
1.61445e-118
9.83918e-106
1.28042e-120
0
0
9.17119e-106
1.30566e-120
7.31128e-120
1.33139e-120
1.17148e-119
1.35763e-120
1.47194e-119
1.38439e-120
1.66661e-119
1.41167e-120
1.7891e-119
1.43949e-120
1.86475e-119
1.46786e-120
1.90836e-119
1.49679e-120
1.92547e-119
1.52629e-120
1.91516e-119
1.55637e-120
1.87306e-119
1.58704e-120
1.79407e-119
1.61832e-120
1.67478e-119
1.65021e-120
1.51518e-119
1.68273e-120
1.31957e-119
1.71589e-120
1.09647e-119
1.74971e-120
8.57631e-120
1.78419e-120
6.16371e-120
1.81935e-120
3.85851e-120
1.85521e-120
1.77505e-120
1.89158e-120
0
1.94347e-120
1.99677e-120
2.05153e-120
2.10779e-120
2.16559e-120
2.22497e-120
2.28598e-120
2.34866e-120
2.41304e-120
2.47919e-120
2.54714e-120
2.61694e-120
2.68865e-120
2.76231e-120
2.83799e-120
2.91564e-120
2.99582e-120
3.0762e-120
3.16786e-120
3.22002e-120
END_LIST
