BEGIN_LIST
0.1
0.0955066
0.0912151
0.0871164
0.0832019
0.0794632
0.0758926
0.0724824
0.0692255
0.0661148
0.0631439
0.0603063
0.0575957
0.0550058
0.0525292
0.0501556
0.047867
0.0456242
0.0433316
0.0407448
0.037226
0.0312665
0.0321817
0.026261
0.0278209
0.0220569
0.024051
0.0185258
0.020792
0.01556
0.0179746
0.013069
0.0155389
0.0109768
0.0134333
0.00921955
0.011613
0.00774361
0.0100394
0.00650397
0.00867902
0.00546282
0.00750296
0.00458846
0.00648627
0.00385429
0.00560734
0.0032382
0.00484752
0.002722
0.00419065
0.00229136
0.0036228
0.00193648
0.00313189
0.00165433
0.00270742
0.00145446
0.00233674
0.00137312
0.00182833
0.0012486
0.00148326
0.00132182
0.00164104
0.00155184
0.00113537
0.0015861
0.00139547
0.00147293
0.00131717
0.00103241
0.00168661
0.00154354
0.00132205
0.00111798
0.000938788
0.00178788
0.00174396
0.00118662
0.000948917
0.000853654
0.00189188
0.00198863
0.00106507
0.000805419
0.000776241
0.00199993
0.0022765
0.000955966
0.00068362
0.000705848
0.00211294
0.00261032
0.000858038
0.000580241
0.000641838
0.00223163
0.00299515
0.000770141
0.000492494
0.000583634
0.00235655
0.0034377
0.000691246
0.000418014
0.000530707
0.0024882
0.00394611
0.000620427
0.000354795
0.00048258
0.00262705
0.00452994
0.000556852
0.000301127
0.000438818
0.00277356
0.00520026
0.000499765
0.000255556
0.000399024
0.00292818
0.00596982
0.000448476
0.000216833
0.000362838
0.00309138
0.00685329
0.000402332
0.000183864
0.000329934
0.00326367
0.00786751
0.000360677
0.000155649
0.000300014
0.00344554
0.00903184
0.000322778
0.000131165
0.000272808
0.00363754
0.0103685
0.000287656
0.00010915
0.000248067
0.00384023
0.0119029
0.000253741
8.76205e-05
0.000225688
0.00405422
0.0136645
0.000218133
6.27971e-05
0.000193525
0.00428013
0.0156867
0.000175005
2.66359e-05
0.000165083
0.000177629
0.00279832
0.0063358
0.00301424
0.0172212
0.00016945
0.000126248
2.41828e-05
9.04118e-06
0.000140821
0.000163039
0.00182953
0.00771748
0.00219037
0.0188992
0.000163876
9.10746e-05
2.19556e-05
4.48226e-06
0.000120125
0.000149647
0.00119613
0.00891357
0.00166318
0.0207366
0.000158277
6.57008e-05
1.99336e-05
3.44105e-06
0.000102471
0.000137355
0.000782025
0.0101216
0.00133613
0.0227501
0.000152647
4.73962e-05
1.80977e-05
3.36146e-06
8.74112e-05
0.000126073
0.000511284
0.0114282
0.00114522
0.0249575
0.000146977
3.41914e-05
1.64309e-05
3.55815e-06
7.45647e-05
0.000115718
0.000334275
0.0128786
0.00104816
0.0273781
0.00014126
2.46655e-05
1.49177e-05
3.84859e-06
6.36062e-05
0.000106213
0.000218547
0.0145035
0.00101715
0.030033
0.000135488
1.77936e-05
1.35438e-05
4.18549e-06
5.42582e-05
9.74885e-05
0.000142885
0.0163297
0.00103411
0.0329449
0.000129653
1.28362e-05
1.22964e-05
4.55803e-06
4.6284e-05
8.94809e-05
9.34174e-05
0.0183845
0.00108744
0.0361389
0.000123746
9.25998e-06
1.11639e-05
4.96539e-06
3.94818e-05
8.21311e-05
6.10758e-05
0.0206973
0.00116996
0.0396425
0.000117758
6.6801e-06
1.01358e-05
5.4096e-06
3.36792e-05
7.53849e-05
3.99311e-05
0.0233008
0.00127745
0.0434856
0.00011168
4.81899e-06
9.20228e-06
5.89367e-06
2.87294e-05
6.91929e-05
2.61067e-05
0.0262317
0.00140778
0.0477013
0.000105501
3.4764e-06
8.35476e-06
6.42109e-06
2.45067e-05
6.35095e-05
1.70685e-05
0.0295312
0.00156023
0.0523256
9.92109e-05
2.50785e-06
7.5853e-06
6.99571e-06
2.09037e-05
5.82929e-05
1.11593e-05
0.0332458
0.00173515
0.0573981
9.27991e-05
1.80915e-06
6.88671e-06
7.62176e-06
1.78272e-05
5.35048e-05
7.29595e-06
0.0374276
0.0019337
0.0629624
8.62539e-05
1.30511e-06
6.25246e-06
8.30384e-06
1.51934e-05
4.91101e-05
4.77018e-06
0.0421354
0.00215765
0.0690662
7.95634e-05
9.41507e-07
5.67661e-06
9.04695e-06
1.29165e-05
4.50768e-05
3.1191e-06
0.0474353
0.00240933
0.0757616
7.27149e-05
6.79254e-07
5.15381e-06
9.85657e-06
1.08781e-05
4.13762e-05
2.04047e-06
0.0534019
0.00269156
0.083106
6.56951e-05
4.90539e-07
4.67926e-06
1.07386e-05
8.83349e-06
3.79849e-05
1.33799e-06
0.060119
0.00300766
0.0911626
5.84901e-05
3.58866e-07
4.25273e-06
1.16996e-05
6.1154e-06
3.48922e-05
8.87565e-07
0.067681
0.0033614
0.1
5.10853e-05
3.0603e-07
4.05198e-06
1.27466e-05
3.58499e-06
5.83922e-06
3.31806e-05
7.26711e-07
0.0650928
0.0700725
0.00397725
4.33206e-05
3.58387e-05
1.34116e-05
2.10816e-06
5.58199e-06
3.1553e-05
5.95115e-07
0.0626035
0.0719684
0.00470993
3.67361e-05
2.5436e-05
1.41071e-05
1.2477e-06
5.3455e-06
3.00052e-05
4.87528e-07
0.0602094
0.0736049
0.00557971
3.11524e-05
1.83536e-05
1.48366e-05
7.4815e-07
5.13275e-06
2.85333e-05
3.997e-07
0.0579068
0.0751109
0.00661127
2.64174e-05
1.35479e-05
1.56028e-05
4.60319e-07
4.94836e-06
2.71337e-05
3.2822e-07
0.0556923
0.0765567
0.00783416
2.24021e-05
1.03042e-05
1.64081e-05
2.97168e-07
4.79944e-06
2.58027e-05
2.70422e-07
0.0535625
0.077981
0.00928357
1.89971e-05
8.1329e-06
1.72547e-05
2.08025e-07
4.69658e-06
2.45369e-05
2.24336e-07
0.0515142
0.0794048
0.0110013
1.61096e-05
6.69874e-06
1.81449e-05
1.63522e-07
4.65557e-06
2.33333e-05
1.8871e-07
0.0495441
0.08084
0.013037
1.3661e-05
5.77219e-06
1.90809e-05
1.46797e-07
4.69969e-06
2.21887e-05
1.63143e-07
0.0476495
0.0822932
0.0154494
1.15846e-05
5.19616e-06
2.00652e-05
1.48366e-07
4.86316e-06
2.11003e-05
0.0458272
0.0837682
0.0183082
9.82379e-06
0.0440746
0.0852672
0.0216961
8.33062e-06
0.0423888
0.0867918
0.0257109
7.0644e-06
0.0407671
0.0883429
0.0304686
5.99065e-06
0.0392059
0.0899214
0.0361067
5.08009e-06
0.0377002
0.0915278
0.0427881
4.30794e-06
0.0362394
0.0931629
0.0507058
3.65315e-06
0.0347965
0.0948271
0.0600888
3.09789e-06
0.0332949
0.096521
0.071208
2.62717e-06
0.0315102
0.0982451
0.0843849
2.23272e-06
0.0287741
0.1
0.1
2.05419e-06
0.0265268
0.0181282
0.0244551
0.0116878
0.0225452
0.0078724
0.0207844
0.00571839
0.0191612
0.00464512
0.0176647
0.00431164
0.0162851
0.00452953
0.0150133
0.00521063
0.0138408
0.0063367
0.0127598
0.00794312
0.0117633
0.0101119
0.0108446
0.0129712
0.00999765
0.0167006
0.00921684
0.0215406
0.00849702
0.0278067
0.00783341
0.0359103
0.00722163
0.0463844
0.00665761
0.0599191
0.00613805
0.0774065
0.00565035
0.1
0.00504834
0.00451046
0.0040299
0.00360053
0.00321692
0.00287417
0.00256794
0.00229434
0.00204989
0.00183149
0.00163635
0.00146201
0.00130624
0.00116707
0.00104272
0.000931653
0.000832212
0.00074449
0.000660148
0.000616468
END_LIST
