BEGIN_LIST
0
8.26008e-139
2.85483e-138
7.78472e-138
1.97075e-137
4.84775e-137
1.17813e-136
2.84772e-136
6.86537e-136
1.65265e-135
3.97421e-135
9.54855e-135
2.29214e-134
5.4972e-134
1.31704e-133
3.15186e-133
7.53324e-133
1.79797e-132
4.28446e-132
1.01913e-131
3.79438e-131
2.00845e-130
3.92225e-131
4.89178e-130
4.05341e-131
9.80785e-130
4.188e-131
1.79926e-129
4.32612e-131
3.1414e-129
4.4679e-131
5.32223e-129
4.61347e-131
8.8501e-129
4.76295e-131
1.45533e-128
4.91657e-131
2.37978e-128
5.0778e-131
3.88657e-128
5.3894e-131
6.36258e-128
1.19304e-130
1.04734e-127
2.83851e-129
1.73817e-127
1.18689e-127
2.91489e-127
5.05683e-126
4.94821e-127
2.15571e-124
8.5138e-127
9.18946e-123
1.48571e-126
3.91744e-121
2.62939e-126
1.66985e-119
4.71426e-126
7.11818e-118
8.53943e-126
3.0344e-116
8.74835e-126
1.13709e-125
4.92765e-126
7.11924e-116
3.217e-116
8.94173e-126
1.30686e-125
2.86312e-126
1.36423e-115
3.40619e-116
9.1179e-126
1.40308e-125
1.67448e-126
2.36526e-115
3.60092e-116
9.27536e-126
1.45149e-125
9.85372e-127
3.85611e-115
3.79976e-116
9.41279e-126
1.46879e-125
5.83207e-127
6.02493e-115
4.0008e-116
9.5291e-126
1.46579e-125
3.47026e-127
9.12112e-115
4.20159e-116
9.62344e-126
1.44953e-125
2.07503e-127
1.3474e-114
4.39909e-116
9.69524e-126
1.4246e-125
1.24627e-127
1.95177e-114
4.58958e-116
9.74417e-126
1.39399e-125
7.51504e-128
2.7825e-114
4.76863e-116
9.77019e-126
1.3597e-125
4.5477e-128
3.91534e-114
4.93103e-116
9.77353e-126
1.32305e-125
2.76067e-128
5.45089e-114
5.07065e-116
9.75466e-126
1.28491e-125
1.68045e-128
7.52365e-114
5.18015e-116
9.71429e-126
1.2459e-125
1.02536e-128
1.03148e-113
5.25031e-116
9.65334e-126
1.20644e-125
6.26926e-129
1.4071e-113
5.26859e-116
9.5729e-126
1.16682e-125
3.83984e-129
1.91312e-113
5.21616e-116
9.4742e-126
1.12727e-125
2.35526e-129
2.59674e-113
5.06198e-116
9.35861e-126
1.08796e-125
1.44635e-129
3.52453e-113
4.75141e-116
9.2283e-126
1.04902e-125
8.89002e-130
4.79192e-113
4.18421e-116
9.01511e-126
1.01055e-125
5.46769e-130
6.53808e-113
3.17167e-116
1.50778e-125
9.72635e-126
3.36391e-130
8.97099e-113
1.34692e-116
4.83944e-125
1.45583e-125
1.00528e-125
4.5515e-126
1.45536e-125
2.44422e-130
9.5074e-113
7.97253e-113
1.2859e-116
3.73963e-117
1.47045e-124
1.40395e-125
9.77872e-126
2.13662e-126
1.79085e-125
1.77533e-130
9.99968e-113
6.88275e-113
1.22511e-116
1.03288e-117
4.41777e-124
1.35237e-125
8.9698e-126
1.00443e-126
2.01906e-125
1.28876e-130
1.04429e-112
5.78994e-113
1.16488e-116
2.84858e-118
1.3276e-123
1.30126e-125
7.83366e-126
4.72596e-127
2.17188e-125
9.34782e-131
1.08324e-112
4.76404e-113
1.1055e-116
7.85311e-119
4.00265e-123
1.25081e-125
6.66985e-126
2.22503e-127
2.27313e-125
6.77256e-131
1.11635e-112
3.84926e-113
1.04726e-116
2.16484e-119
1.21136e-122
1.20116e-125
5.87552e-126
1.04809e-127
2.33964e-125
4.8992e-131
1.1432e-112
3.06537e-113
9.90374e-117
5.96783e-120
3.67943e-122
1.15243e-125
6.16406e-126
4.93901e-128
2.38276e-125
3.53676e-131
1.16336e-112
2.41375e-113
9.35059e-117
1.64522e-120
1.12132e-121
1.10475e-125
9.33571e-126
2.3282e-128
2.40989e-125
2.54626e-131
1.17648e-112
1.88437e-113
8.81478e-117
4.53579e-121
3.4274e-121
1.05821e-125
2.05997e-125
1.09772e-128
2.42561e-125
1.82657e-131
1.18219e-112
1.4616e-113
8.29769e-117
1.25058e-121
1.05036e-120
1.01288e-125
5.55227e-125
5.17587e-129
2.43265e-125
1.30406e-131
1.18019e-112
1.12823e-113
7.80034e-117
3.44831e-122
3.22628e-120
9.68827e-126
1.6097e-124
2.44e-129
2.43252e-125
9.25107e-132
1.17022e-112
8.67814e-114
7.32351e-117
9.51015e-123
9.92978e-120
9.26101e-126
4.78472e-124
1.14949e-129
2.42591e-125
6.50669e-132
1.15206e-112
6.65766e-114
6.86769e-117
2.62428e-123
3.06152e-119
8.84734e-126
1.43631e-123
5.40703e-130
2.41306e-125
4.52293e-132
1.12551e-112
5.09787e-114
6.43313e-117
7.25552e-124
9.45355e-119
8.44751e-126
4.33232e-123
2.53522e-130
2.3939e-125
3.09257e-132
1.09047e-112
3.8981e-114
6.0199e-117
2.0202e-124
2.92297e-118
8.06166e-126
1.31033e-122
1.18095e-130
2.36822e-125
2.06459e-132
1.04684e-112
2.97769e-114
5.62785e-117
5.77315e-125
9.04793e-118
7.68982e-126
3.96991e-122
5.42866e-131
2.33574e-125
1.32898e-132
9.94623e-113
2.27296e-114
5.25669e-117
1.80392e-125
2.80351e-117
7.33197e-126
1.20408e-121
2.42763e-131
2.29618e-125
8.05593e-133
9.3384e-113
1.73425e-114
4.90602e-117
7.20172e-126
8.69421e-117
6.98809e-126
3.65455e-121
1.02144e-131
2.24933e-125
4.36051e-133
8.64588e-113
1.32408e-114
4.57539e-117
4.32915e-126
2.69835e-116
6.65823e-126
1.10972e-120
3.67477e-132
2.19503e-125
1.77834e-133
7.87024e-113
1.02283e-114
4.26781e-117
3.65982e-126
8.3812e-116
6.34306e-126
3.37074e-120
6.79482e-133
2.13326e-125
0
7.01361e-113
8.98482e-115
4.1206e-117
3.6046e-126
5.05902e-116
1.23924e-115
6.16331e-126
5.62544e-120
7.04429e-133
3.94888e-133
2.02441e-125
6.33955e-113
5.07093e-113
3.66813e-126
3.05285e-116
1.79512e-115
5.98804e-126
9.3569e-120
7.30284e-133
2.29496e-133
1.89942e-125
5.70148e-113
3.66436e-113
3.75673e-126
1.84194e-116
2.56538e-115
5.81719e-126
1.55375e-119
7.57086e-133
1.33375e-133
1.7601e-125
5.10425e-113
2.64686e-113
3.85942e-126
1.11123e-116
3.63255e-115
5.6507e-126
2.57786e-119
7.84885e-133
7.75108e-134
1.60907e-125
4.55083e-113
1.91128e-113
3.97081e-126
6.70362e-117
5.11096e-115
5.48849e-126
4.27521e-119
8.13764e-133
4.50429e-134
1.44963e-125
4.04255e-113
1.37974e-113
4.08824e-126
4.0439e-117
7.15899e-115
5.3305e-126
7.08864e-119
8.43893e-133
2.6172e-134
1.28561e-125
3.57937e-113
9.95748e-114
4.21044e-126
2.43941e-117
9.99598e-115
5.17665e-126
1.17523e-118
8.75682e-133
1.52039e-134
1.1211e-125
3.16018e-113
7.18409e-114
4.33682e-126
1.47152e-117
1.39257e-114
5.02687e-126
1.94833e-118
9.10202e-133
8.82899e-135
9.60192e-126
2.78307e-113
5.18126e-114
4.46712e-126
8.87652e-118
1.93689e-114
4.88109e-126
3.22993e-118
9.50353e-133
5.12379e-135
8.06674e-126
2.4456e-113
3.73504e-114
4.60126e-126
5.3545e-118
2.69082e-114
4.73924e-126
1.00409e-132
2.97037e-135
6.63783e-126
2.14494e-113
1.09338e-132
1.71893e-135
5.34023e-126
1.87815e-113
1.27893e-132
9.91803e-136
4.19063e-126
1.64219e-113
1.72874e-132
5.69435e-136
3.19723e-126
1.43411e-113
2.90781e-132
3.24219e-136
2.36033e-126
1.25108e-113
6.10334e-132
1.81972e-136
1.67361e-126
1.09041e-113
1.48788e-131
9.95722e-137
1.12557e-126
9.49644e-114
3.90995e-131
5.19523e-137
7.0124e-127
8.265e-114
1.06079e-130
2.45404e-137
3.83742e-127
7.18956e-114
2.91442e-130
8.86446e-138
1.55633e-127
6.26324e-114
8.04604e-130
0
0
5.83803e-114
8.20461e-130
4.59211e-129
8.36631e-130
7.3576e-129
8.53119e-130
9.24452e-129
8.69932e-130
1.0467e-128
8.87076e-130
1.12362e-128
9.04558e-130
1.17114e-128
9.22385e-130
1.19852e-128
9.40563e-130
1.20926e-128
9.59098e-130
1.20279e-128
9.77999e-130
1.17634e-128
9.97273e-130
1.12674e-128
1.01693e-129
1.05182e-128
1.03697e-129
9.51582e-129
1.0574e-129
8.28731e-129
1.07824e-129
6.8862e-129
1.09948e-129
5.38619e-129
1.12115e-129
3.871e-129
1.14324e-129
2.42326e-129
1.16577e-129
1.11479e-129
1.18863e-129
0
1.22123e-129
1.25472e-129
1.28913e-129
1.32448e-129
1.3608e-129
1.39812e-129
1.43645e-129
1.47583e-129
1.51629e-129
1.55785e-129
1.60055e-129
1.64441e-129
1.68946e-129
1.73575e-129
1.7833e-129
1.83209e-129
1.88247e-129
1.93298e-129
1.99056e-129
2.02334e-129
END_LIST
