BEGIN_LIST
0.1
0.0983498
0.0966761
0.0949806
0.093265
0.0915312
0.0897809
0.0880162
0.086239
0.0844513
0.0826553
0.0808528
0.0790457
0.0772354
0.0754223
0.0736041
0.0717715
0.0698985
0.0679162
0.0656479
0.062646
0.0550489
0.0603035
0.0481035
0.0577723
0.0418235
0.055068
0.0362006
0.0522128
0.0312097
0.0492345
0.0268134
0.0461661
0.0229664
0.0430437
0.0196195
0.0399056
0.0167222
0.0367897
0.0142249
0.0337324
0.0120803
0.0307666
0.0102446
0.0279208
0.00867775
0.0252179
0.00734423
0.0226755
0.00621329
0.0203052
0.00525981
0.0181134
0.00446661
0.016102
0.00382973
0.014268
0.00337134
0.0125799
0.00316997
0.0100085
0.0028914
0.00339925
0.00307636
0.00903069
0.00855802
0.00263679
0.00361778
0.00325444
0.00814745
0.00731072
0.00240416
0.00383408
0.00359504
0.00734982
0.00624005
0.00219169
0.00405351
0.00404976
0.00662964
0.00532243
0.00199769
0.00427952
0.00460007
0.00597951
0.004537
0.00182062
0.0045144
0.00524232
0.00539272
0.00386548
0.00165902
0.00475981
0.00598065
0.00486316
0.0032919
0.0015116
0.00501697
0.00682357
0.00438532
0.00280237
0.00137714
0.0052869
0.00778231
0.00395419
0.00238486
0.00125451
0.00557049
0.00887012
0.00356522
0.00202898
0.00114271
0.00586857
0.0101018
0.0032143
0.00172574
0.00104078
0.00618192
0.0114936
0.00289764
0.00146741
0.000947879
0.00651135
0.0130629
0.00261174
0.00124724
0.000863212
0.00685765
0.0148281
0.00235325
0.00105928
0.000786061
0.00722165
0.0168082
0.00211872
0.000897985
0.000715766
0.00760418
0.0190228
0.00190416
0.000757605
0.000651725
0.00800612
0.0214912
0.00170407
0.000630887
0.000593383
0.00842836
0.0242322
0.00150941
0.000506263
0.000540522
0.00887183
0.0272628
0.0013032
0.00036148
0.000464199
0.0093375
0.030598
0.00105124
0.00014905
0.000396478
0.000426441
0.00621653
0.0137405
0.00651891
0.0330275
0.00101893
0.000760523
0.000135392
4.47328e-05
0.000338597
0.000391744
0.00411538
0.016593
0.00466502
0.0355952
0.00098639
0.000549938
0.000122984
1.71026e-05
0.000289137
0.000359861
0.00271413
0.0189386
0.00346154
0.0383044
0.000953576
0.000397524
0.000111711
1.0126e-05
0.00024688
0.000330566
0.00178551
0.0211939
0.00269751
0.0411563
0.000920447
0.000287278
0.000101471
8.74194e-06
0.000210784
0.000303649
0.00117267
0.0235289
0.00223194
0.0441503
0.000886961
0.000207569
9.2169e-05
8.905e-06
0.000179954
0.000278918
0.00076934
0.0260156
0.00197098
0.047284
0.000853075
0.000149956
8.3719e-05
9.53153e-06
0.000153625
0.000256197
0.000504369
0.0286857
0.00185242
0.0505527
0.000818742
0.000108324
7.60431e-05
1.03344e-05
0.000131143
0.000235323
0.000330502
0.0315538
0.00183538
0.0539504
0.000783914
7.8245e-05
6.90706e-05
1.12412e-05
0.000111946
0.000216147
0.000216504
0.0346258
0.00189326
0.0574684
0.00074854
5.65152e-05
6.2737e-05
1.22372e-05
9.5556e-05
0.000198531
0.000141798
0.0379021
0.00200912
0.0610968
0.000712567
4.08187e-05
5.69839e-05
1.33242e-05
8.15634e-05
0.000182348
9.28576e-05
0.0413789
0.00217255
0.0648231
0.00067594
2.94809e-05
5.17582e-05
1.45083e-05
6.96178e-05
0.000167482
6.08032e-05
0.0450479
0.00237759
0.0686334
0.000638602
2.12919e-05
4.70114e-05
1.57979e-05
5.94198e-05
0.000153827
3.98118e-05
0.0488964
0.00262136
0.072512
0.00060049
1.53774e-05
4.26999e-05
1.72022e-05
5.07123e-05
0.000141283
2.60664e-05
0.0529075
0.00290318
0.0764414
0.000561542
1.11057e-05
3.87836e-05
1.87312e-05
4.32727e-05
0.000129762
1.70664e-05
0.0570597
0.00322391
0.0804032
0.000521691
8.02059e-06
3.52264e-05
2.03962e-05
3.69e-05
0.000119179
1.11739e-05
0.0613275
0.00358564
0.0843779
0.000480865
5.79251e-06
3.19953e-05
2.22091e-05
3.13889e-05
0.000109459
7.31651e-06
0.0656815
0.00399139
0.0883452
0.000438993
4.18369e-06
2.90606e-05
2.41831e-05
2.6457e-05
0.000100535
4.79299e-06
0.070089
0.00444501
0.0922848
0.000395997
3.02471e-06
2.63956e-05
2.63325e-05
2.15218e-05
9.23513e-05
3.14722e-06
0.0745151
0.00495102
0.0961763
0.000351795
2.21522e-06
2.39992e-05
2.8673e-05
1.5e-05
8.48826e-05
2.09044e-06
0.0789237
0.00551465
0.1
0.000306301
1.89022e-06
2.28711e-05
3.12214e-05
8.79852e-06
1.43858e-05
8.07473e-05
1.71274e-06
0.0774508
0.0802919
0.00648941
0.000259983
0.00021212
3.28391e-05
5.17649e-06
1.38367e-05
7.68134e-05
1.40355e-06
0.0759757
0.0814813
0.00763785
0.000220653
0.000147641
3.45304e-05
3.0645e-06
1.33665e-05
7.3071e-05
1.15061e-06
0.0744995
0.0825746
0.00898601
0.000187262
0.000103532
3.63039e-05
1.83725e-06
1.29962e-05
6.95108e-05
9.44021e-07
0.0730234
0.0836173
0.0105644
0.000158917
7.33979e-05
3.81659e-05
1.12929e-06
1.27569e-05
6.6124e-05
7.75823e-07
0.0715488
0.0846346
0.0124076
0.000134856
5.28517e-05
4.01223e-05
7.27252e-07
1.26947e-05
6.29021e-05
6.39814e-07
0.0700768
0.0856404
0.0145548
0.000114434
3.88854e-05
4.21783e-05
5.06817e-07
1.28776e-05
5.98371e-05
5.31433e-07
0.0686085
0.0866423
0.017049
9.71013e-05
2.94371e-05
4.43394e-05
3.95857e-07
1.34052e-05
5.69214e-05
4.47836e-07
0.0671453
0.0876446
0.0199368
8.2392e-05
2.3093e-05
4.6611e-05
3.52896e-07
1.44235e-05
5.41476e-05
3.88225e-07
0.0656882
0.0886495
0.0232679
6.99094e-05
1.8884e-05
4.89989e-05
3.54555e-07
1.61459e-05
5.1509e-05
0.0642383
0.0896582
0.027094
5.93168e-05
0.0627967
0.0906713
0.0314668
5.03284e-05
0.0613644
0.0916891
0.0364359
4.27015e-05
0.0599418
0.0927117
0.0420459
3.62299e-05
0.0585286
0.0937391
0.0483324
3.07389e-05
0.0571217
0.0947713
0.0553176
2.60798e-05
0.0557102
0.0958082
0.063006
2.21268e-05
0.0542607
0.0968496
0.071379
1.87729e-05
0.0526744
0.0978955
0.0803912
1.59281e-05
0.0506622
0.0989456
0.089967
1.3543e-05
0.0473814
0.1
0.1
1.24633e-05
0.0460818
0.03057
0.0447451
0.0199708
0.0433753
0.0134842
0.0419767
0.00969493
0.0405539
0.00769097
0.0391119
0.00690907
0.0376557
0.00702061
0.0361909
0.00785417
0.0347226
0.00934588
0.0332564
0.0115085
0.0317975
0.0144131
0.0303512
0.0181769
0.0289223
0.0229561
0.0275156
0.0289367
0.0261354
0.0363237
0.0247856
0.0453237
0.0234699
0.0561195
0.0221912
0.068836
0.020953
0.0834999
0.0197396
0.1
0.0181536
0.0166553
0.0152464
0.0139276
0.0126981
0.0115563
0.0104997
0.009525
0.00862862
0.0078065
0.00705437
0.00636786
0.00574252
0.00517398
0.00465794
0.00419048
0.00376651
0.00338832
0.00302047
0.00282891
END_LIST
