BEGIN_LIST
0
-1.88675e-155
-6.60296e-155
-1.8354e-154
-4.7597e-154
-1.20337e-153
-3.01244e-153
-7.51157e-153
-1.87013e-152
-4.65315e-152
-1.15751e-151
-2.87921e-151
-7.16157e-151
-1.78131e-150
-4.43059e-150
-1.10199e-149
-2.74076e-149
-6.81619e-149
-1.69506e-148
-4.21493e-148
-4.05495e-148
-2.83511e-148
-4.09285e-148
-4.71407e-149
-4.13073e-148
3.75681e-148
-4.16862e-148
1.09973e-147
-4.20654e-148
2.30807e-147
-4.24451e-148
4.2941e-147
-4.28258e-148
7.53144e-147
-4.32074e-148
1.2792e-146
-4.35872e-148
2.13488e-146
-4.383e-148
3.53288e-146
-3.81652e-148
5.83376e-146
2.19412e-147
9.65786e-146
1.12164e-145
1.60889e-145
4.80045e-144
2.70486e-145
2.04642e-142
4.59933e-145
8.72395e-141
7.92237e-145
3.71889e-139
1.38356e-144
1.58535e-137
2.44993e-144
6.75774e-136
4.39429e-144
2.88067e-134
7.96239e-144
1.228e-132
8.15668e-144
1.06037e-143
4.59414e-144
2.88111e-132
1.30189e-132
8.33646e-144
1.21878e-143
2.66904e-144
5.52098e-132
1.37845e-132
8.50018e-144
1.30857e-143
1.56079e-144
9.57223e-132
1.45725e-132
8.64645e-144
1.3538e-143
9.18368e-145
1.56059e-131
1.53771e-132
8.77405e-144
1.37e-143
5.43491e-145
2.43838e-131
1.61906e-132
8.88196e-144
1.36728e-143
3.23359e-145
3.69152e-131
1.70032e-132
8.96939e-144
1.3522e-143
1.93331e-145
5.45336e-131
1.78023e-132
9.03581e-144
1.32902e-143
1.16104e-145
7.89968e-131
1.85732e-132
9.08092e-144
1.30055e-143
7.00037e-146
1.12624e-130
1.92977e-132
9.10469e-144
1.26864e-143
4.23584e-146
1.58482e-130
1.99548e-132
9.10734e-144
1.23453e-143
2.57111e-146
2.20645e-130
2.05197e-132
9.0893e-144
1.19903e-143
1.56493e-146
3.0456e-130
2.09628e-132
9.05123e-144
1.16271e-143
9.54787e-147
4.17568e-130
2.12467e-132
8.99401e-144
1.12597e-143
5.83726e-147
5.69654e-130
2.13206e-132
8.91863e-144
1.08908e-143
3.57495e-147
7.74551e-130
2.11083e-132
8.82628e-144
1.05225e-143
2.19261e-147
1.05138e-129
2.04844e-132
8.71787e-144
1.01564e-143
1.34637e-147
1.4271e-129
1.92275e-132
8.62549e-144
9.79368e-144
8.27489e-148
1.94037e-129
1.69322e-132
5.66791e-144
9.43533e-144
5.08901e-148
2.64756e-129
1.28347e-132
2.70735e-142
9.08213e-144
3.13073e-148
3.63292e-129
5.45055e-133
1.64706e-141
2.59678e-142
9.66762e-144
4.24946e-144
1.35568e-143
2.2747e-148
3.85017e-129
3.22859e-129
5.20362e-133
1.51331e-133
5.66889e-141
2.48765e-142
1.00043e-143
1.99457e-144
1.6666e-143
1.65214e-148
4.04955e-129
2.78727e-129
4.95762e-133
4.17971e-134
1.76313e-140
2.38031e-142
1.0554e-143
9.37526e-145
1.87803e-143
1.19928e-148
4.22908e-129
2.34473e-129
4.71387e-133
1.15272e-134
5.35328e-140
2.27509e-142
1.25664e-143
4.41061e-145
2.01957e-143
8.69848e-149
4.38683e-129
1.92928e-129
4.47359e-133
3.17788e-135
1.61899e-139
2.17225e-142
1.92215e-143
2.07631e-145
2.11332e-143
6.30189e-149
4.52094e-129
1.55883e-129
4.23788e-133
8.76035e-136
4.90425e-139
2.07203e-142
3.90873e-143
9.77916e-146
2.17487e-143
4.55857e-149
4.62967e-129
1.24138e-129
4.0077e-133
2.41497e-136
1.49005e-138
1.9746e-142
9.65021e-143
4.60779e-146
2.21477e-143
3.29076e-149
4.71136e-129
9.77496e-130
3.78385e-133
6.65759e-137
4.54136e-138
1.88013e-142
2.62618e-142
2.17181e-146
2.23984e-143
2.36908e-149
4.76447e-129
7.63114e-130
3.56703e-133
1.83546e-137
1.38813e-137
1.78873e-142
7.48519e-142
1.02387e-146
2.25435e-143
1.69942e-149
4.78762e-129
5.91906e-130
3.35777e-133
5.06056e-138
4.25407e-137
1.70048e-142
2.18572e-141
4.82717e-147
2.26083e-143
1.21325e-149
4.77955e-129
4.56904e-130
3.15651e-133
1.39534e-138
1.30668e-136
1.61544e-142
6.47375e-141
2.27538e-147
2.26066e-143
8.60668e-150
4.73919e-129
3.51442e-130
2.96355e-133
3.84779e-139
4.02168e-136
1.53364e-142
1.93463e-140
1.07184e-147
2.25448e-143
6.05333e-150
4.66562e-129
2.69619e-130
2.7791e-133
1.06132e-139
1.23995e-135
1.45508e-142
5.81511e-140
5.04126e-148
2.24252e-143
4.2077e-150
4.55814e-129
2.06451e-130
2.60324e-133
2.92944e-140
3.8288e-135
1.37976e-142
1.75456e-139
2.3635e-148
2.22469e-143
2.87698e-150
4.41622e-129
1.57864e-130
2.43602e-133
8.10596e-141
1.18383e-134
1.30765e-142
5.30714e-139
1.10087e-148
2.20081e-143
1.92064e-150
4.23956e-129
1.2059e-130
2.27737e-133
2.26382e-141
3.66451e-134
1.23869e-142
1.60793e-138
5.06016e-149
2.17062e-143
1.2363e-150
4.02808e-129
9.20501e-131
2.12718e-133
6.54108e-142
1.13545e-133
1.17284e-142
4.87685e-138
2.26269e-149
2.13385e-143
7.49408e-151
3.78192e-129
7.02337e-131
1.98527e-133
2.11866e-142
3.52124e-133
1.11004e-142
1.48019e-137
9.5199e-150
2.0903e-143
4.05636e-151
3.50146e-129
5.36228e-131
1.85148e-133
9.17615e-143
1.09285e-132
1.05026e-142
4.49466e-137
3.42474e-150
2.03984e-143
1.65429e-151
3.18734e-129
4.14227e-131
1.72701e-133
6.06353e-143
3.39446e-132
9.93596e-143
1.36523e-136
6.33184e-151
1.98243e-143
0
2.84042e-129
3.6387e-131
1.66744e-133
5.41752e-143
2.04895e-132
5.01902e-132
9.61444e-143
2.27843e-136
6.56409e-151
3.67965e-151
1.88128e-143
2.56744e-129
2.05367e-129
5.4163e-143
1.23643e-132
7.27039e-132
9.3023e-143
3.78975e-136
6.80476e-151
2.1384e-151
1.76512e-143
2.30903e-129
1.48403e-129
5.51055e-143
7.46004e-133
1.039e-131
8.99934e-143
6.29301e-136
7.05419e-151
1.24271e-151
1.63565e-143
2.06716e-129
1.07195e-129
5.65538e-143
4.5006e-133
1.4712e-131
8.70538e-143
1.04409e-135
7.31276e-151
7.22168e-152
1.4953e-143
1.84304e-129
7.74054e-130
5.82858e-143
2.71505e-133
2.06996e-131
8.42021e-143
1.73154e-135
7.58096e-151
4.19646e-152
1.34714e-143
1.63719e-129
5.58785e-130
6.01921e-143
1.63783e-133
2.89942e-131
8.14364e-143
2.87103e-135
7.85966e-151
2.43824e-152
1.19471e-143
1.44961e-129
4.03273e-130
6.22195e-143
9.87993e-134
4.0484e-131
7.87548e-143
4.7599e-135
8.15067e-151
1.41637e-152
1.04183e-143
1.27984e-129
2.90953e-130
6.43421e-143
5.95985e-134
5.63993e-131
7.61554e-143
7.89109e-135
8.45841e-151
8.22462e-153
8.92301e-144
1.12712e-129
2.09839e-130
6.65485e-143
3.59512e-134
7.84441e-131
7.36364e-143
1.30818e-134
8.79454e-151
4.77287e-153
7.49637e-144
9.90445e-130
1.51268e-130
6.88337e-143
2.16866e-134
1.08978e-130
7.11962e-143
9.19064e-151
2.76683e-153
6.1685e-144
8.68685e-130
9.73354e-151
1.60109e-153
4.96265e-144
7.60635e-130
1.06629e-150
9.23775e-154
3.89433e-144
6.65075e-130
1.26416e-150
5.3036e-154
2.97116e-144
5.80806e-130
1.75037e-150
3.01962e-154
2.19344e-144
5.06678e-130
3.0326e-150
1.69475e-154
1.55527e-144
4.41611e-130
6.51625e-150
9.27321e-155
1.04598e-144
3.84601e-130
1.60921e-149
4.83825e-155
6.51658e-145
3.34728e-130
4.25323e-149
2.28538e-155
3.56609e-145
2.91174e-130
1.15662e-148
8.25516e-156
1.44629e-145
2.53659e-130
3.18073e-148
0
0
2.36438e-130
3.24341e-148
1.8119e-147
3.30731e-148
2.9026e-147
3.37248e-148
3.64677e-147
3.43893e-148
4.12887e-147
3.50669e-148
4.43221e-147
3.57579e-148
4.61955e-147
3.64624e-148
4.72752e-147
3.71809e-148
4.76986e-147
3.79134e-148
4.74429e-147
3.86605e-148
4.63997e-147
3.94222e-148
4.44428e-147
4.01989e-148
4.14876e-147
4.09909e-148
3.75339e-147
4.17985e-148
3.26882e-147
4.26221e-148
2.71616e-147
4.34618e-148
2.12451e-147
4.43181e-148
1.52686e-147
4.51912e-148
9.55821e-148
4.60817e-148
4.39711e-148
4.6985e-148
0
4.82734e-148
4.95971e-148
5.09569e-148
5.2354e-148
5.37894e-148
5.5264e-148
5.67789e-148
5.83353e-148
5.99341e-148
6.15766e-148
6.3264e-148
6.49973e-148
6.6778e-148
6.8607e-148
7.04862e-148
7.24143e-148
7.44052e-148
7.64012e-148
7.86769e-148
7.99721e-148
END_LIST
