BEGIN_LIST
0
-6.21757e-175
-2.17024e-174
-6.0091e-174
-1.55109e-173
-3.90216e-173
-9.72038e-173
-2.4125e-172
-5.98069e-172
-1.48247e-171
-3.67589e-171
-9.11957e-171
-2.26388e-170
-5.62376e-170
-1.39799e-169
-3.4778e-169
-8.65822e-169
-2.15718e-168
-5.37887e-168
-1.34228e-167
-1.36805e-167
-1.46296e-167
-1.37923e-167
-1.57747e-167
-1.39114e-167
-1.70921e-167
-1.40379e-167
-1.85405e-167
-1.41718e-167
-2.00527e-167
-1.43133e-167
-2.15227e-167
-1.44624e-167
-2.27852e-167
-1.46192e-167
-2.35811e-167
-1.4783e-167
-2.35003e-167
-1.49252e-167
-2.18793e-167
-1.38157e-167
-1.76199e-167
4.09817e-167
-8.85651e-168
2.3849e-165
7.65656e-168
1.02316e-163
3.76929e-167
4.36197e-162
9.17221e-167
1.85953e-160
1.89045e-166
7.92688e-159
3.6572e-166
3.37921e-157
6.89774e-166
1.44043e-155
1.29007e-165
6.1402e-154
2.40551e-165
2.61751e-152
2.45309e-165
3.23219e-165
1.37654e-165
6.14116e-152
2.77501e-152
2.49603e-165
3.73345e-165
7.93179e-166
1.17681e-151
2.93819e-152
2.53395e-165
4.02426e-165
4.6006e-166
2.04036e-151
3.10615e-152
2.5665e-165
4.17869e-165
2.68513e-166
3.32648e-151
3.27765e-152
2.5934e-165
4.2445e-165
1.57635e-166
5.19754e-151
3.45105e-152
2.61442e-165
4.2525e-165
9.30471e-167
7.86876e-151
3.62424e-152
2.62941e-165
4.22264e-165
5.51984e-167
1.16243e-150
3.79458e-152
2.63827e-165
4.16785e-165
3.28953e-167
1.6839e-150
3.95887e-152
2.64101e-165
4.09657e-165
1.96851e-167
2.40072e-150
4.1133e-152
2.63769e-165
4.01434e-165
1.18237e-167
3.37828e-150
4.25336e-152
2.62842e-165
3.92482e-165
7.12541e-168
4.70345e-150
4.37377e-152
2.61341e-165
3.83046e-165
4.30662e-168
6.49235e-150
4.46821e-152
2.5929e-165
3.73293e-165
2.60967e-168
8.90149e-150
4.52871e-152
2.5672e-165
3.63339e-165
1.58493e-168
1.21438e-149
4.54446e-152
2.53665e-165
3.53265e-165
9.64461e-169
1.6512e-149
4.49921e-152
2.50169e-165
3.43134e-165
5.87866e-169
2.24137e-149
4.36621e-152
2.45572e-165
3.3299e-165
3.5882e-169
3.04241e-149
4.09832e-152
3.05431e-165
3.22871e-165
2.19262e-169
4.13671e-149
3.60907e-152
-5.71918e-164
3.12807e-165
1.34097e-169
5.64447e-149
2.7357e-152
5.60391e-162
3.02821e-165
8.20567e-170
7.74532e-149
1.16177e-152
3.49615e-161
5.37311e-162
9.25304e-165
1.40435e-165
3.81519e-165
5.94178e-170
8.20851e-149
6.8833e-149
1.10914e-152
3.22558e-153
1.20723e-160
5.14543e-162
2.20973e-164
6.53419e-166
4.34583e-165
4.30145e-170
8.63361e-149
5.94243e-149
1.05671e-152
8.90897e-154
3.75784e-160
4.92162e-162
5.0316e-164
3.04505e-166
4.69397e-165
3.11256e-170
9.01638e-149
4.99894e-149
1.00475e-152
2.457e-154
1.14124e-159
4.70232e-162
1.1701e-163
1.42052e-166
4.91744e-165
2.25071e-170
9.3527e-149
4.11321e-149
9.53536e-153
6.77358e-155
3.4517e-159
4.48809e-162
2.8555e-163
6.63202e-167
5.05833e-165
1.62586e-170
9.63865e-149
3.32341e-149
9.03295e-153
1.86725e-155
1.04561e-158
4.2794e-162
7.34885e-163
3.09837e-167
5.14556e-165
1.17283e-170
9.87048e-149
2.64661e-149
8.54231e-153
5.14744e-156
3.17689e-158
4.07664e-162
1.98169e-162
1.44835e-167
5.19796e-165
8.44421e-171
1.00446e-148
2.08402e-149
8.06519e-153
1.41905e-156
9.68249e-158
3.8801e-162
5.54212e-162
6.77373e-168
5.2272e-165
6.06405e-171
1.01579e-148
1.62696e-149
7.60303e-153
3.91223e-157
2.95959e-157
3.69003e-162
1.59168e-161
3.16919e-168
5.24006e-165
4.33982e-171
1.02073e-148
1.26194e-149
7.15701e-153
1.07864e-157
9.06996e-157
3.5066e-162
4.65708e-161
1.4831e-168
5.24015e-165
3.09157e-171
1.01901e-148
9.7412e-150
6.72802e-153
2.97413e-158
2.78594e-156
3.32991e-162
1.38005e-160
6.94052e-169
5.22905e-165
2.18875e-171
1.0104e-148
7.49275e-150
6.31673e-153
8.20142e-159
8.5745e-156
3.16003e-162
4.12468e-160
3.24654e-169
5.2071e-165
1.53662e-171
9.94717e-149
5.74828e-150
5.92356e-153
2.26213e-159
2.64366e-155
2.99696e-162
1.23983e-159
1.51669e-169
5.17396e-165
1.06637e-171
9.71802e-149
4.40156e-150
5.54874e-153
6.24369e-160
8.16324e-155
2.84066e-162
3.74089e-159
7.06508e-170
5.12889e-165
7.2808e-172
9.41545e-149
3.36567e-150
5.19231e-153
1.72742e-160
2.52401e-154
2.69108e-162
1.13153e-158
3.27097e-170
5.07098e-165
4.85461e-172
9.03882e-149
2.57099e-150
4.85415e-153
4.82169e-161
7.81296e-154
2.5481e-162
3.42825e-158
1.49523e-170
4.99936e-165
3.1217e-172
8.58794e-149
1.96252e-150
4.53401e-153
1.39047e-161
2.42085e-153
2.41162e-162
1.03979e-157
6.65364e-171
4.9132e-165
1.89077e-172
8.06313e-149
1.49739e-150
4.23154e-153
4.47667e-162
7.50749e-153
2.28151e-162
3.1559e-157
2.78793e-171
4.81186e-165
1.02284e-172
7.4652e-149
1.14324e-150
3.94636e-153
1.91478e-162
2.33003e-152
2.15771e-162
9.58301e-157
9.99355e-172
4.69491e-165
4.16998e-173
6.79549e-149
8.83139e-151
3.68107e-153
1.24935e-162
7.23719e-152
2.04041e-162
2.91079e-156
1.83352e-172
4.56221e-165
0
6.05585e-149
7.75776e-151
3.55409e-153
1.10958e-162
4.36848e-152
1.07008e-151
1.97387e-162
4.8578e-156
1.89615e-172
1.06195e-172
4.32884e-165
5.47385e-149
4.37847e-149
1.10804e-162
2.63616e-152
1.55009e-151
1.90929e-162
8.08006e-156
1.96094e-172
6.15097e-173
4.0612e-165
4.92292e-149
3.16399e-149
1.12683e-162
1.59053e-152
2.2152e-151
1.84663e-162
1.34172e-155
2.02795e-172
3.5629e-173
3.7631e-165
4.40725e-149
2.28544e-149
1.15637e-162
9.59557e-153
3.13669e-151
1.78584e-162
2.22608e-155
2.09728e-172
2.06382e-173
3.44006e-165
3.9294e-149
1.65031e-149
1.19193e-162
5.78866e-153
4.41327e-151
1.72688e-162
3.69178e-155
2.16902e-172
1.19546e-173
3.09911e-165
3.49053e-149
1.19135e-149
1.23116e-162
3.49197e-153
6.18171e-151
1.66971e-162
6.12126e-155
2.24328e-172
6.92422e-174
2.7484e-165
3.0906e-149
8.59791e-150
1.27294e-162
2.10647e-153
8.63139e-151
1.61429e-162
1.01485e-154
2.32028e-172
4.00992e-174
2.39667e-165
2.72866e-149
6.20322e-150
1.31671e-162
1.27068e-153
1.20246e-150
1.56059e-162
1.68244e-154
2.40044e-172
2.32148e-174
2.05266e-165
2.40305e-149
4.47386e-150
1.36223e-162
7.66506e-154
1.67246e-150
1.50856e-162
2.78913e-154
2.48477e-172
1.34322e-174
1.72447e-165
2.11166e-149
3.2251e-150
1.40939e-162
4.62373e-154
2.32346e-150
1.45817e-162
2.57593e-172
7.76433e-175
1.41899e-165
1.85206e-149
2.68111e-172
4.48056e-175
1.1416e-165
1.6217e-149
2.82011e-172
2.57828e-175
8.9584e-166
1.41796e-149
3.04747e-172
1.47654e-175
6.83475e-166
1.2383e-149
3.51408e-172
8.38714e-176
5.0457e-166
1.08025e-149
4.63745e-172
4.69738e-176
3.57768e-166
9.41529e-150
7.57325e-172
2.56559e-176
2.40613e-166
8.19982e-150
1.55208e-171
1.33659e-176
1.49904e-166
7.13653e-150
3.73375e-171
6.30646e-177
8.20326e-167
6.20793e-150
9.75477e-171
2.27643e-177
3.32696e-167
5.4081e-150
2.64062e-170
0
0
5.04094e-150
2.69258e-170
1.49263e-169
2.74556e-170
2.38954e-169
2.79958e-170
3.0014e-169
2.85466e-170
3.39771e-169
2.91083e-170
3.64701e-169
2.96811e-170
3.80094e-169
3.02651e-170
3.88962e-169
3.08606e-170
3.92433e-169
3.14678e-170
3.90322e-169
3.20869e-170
3.81733e-169
3.27183e-170
3.65629e-169
3.33621e-170
3.41314e-169
3.40185e-170
3.08785e-169
3.46878e-170
2.68919e-169
3.53703e-170
2.23453e-169
3.60663e-170
1.74778e-169
3.67759e-170
1.25611e-169
3.74994e-170
7.86327e-170
3.82374e-170
3.61737e-170
3.8986e-170
0
4.00537e-170
4.11505e-170
4.22773e-170
4.3435e-170
4.46243e-170
4.58461e-170
4.71013e-170
4.83907e-170
4.97154e-170
5.10762e-170
5.24741e-170
5.39101e-170
5.53852e-170
5.69003e-170
5.84571e-170
6.00542e-170
6.17033e-170
6.33567e-170
6.52416e-170
6.63144e-170
END_LIST
