BEGIN_LIST
0
2.54473e-95
8.81391e-95
2.41154e-94
6.13167e-94
1.51613e-93
3.70622e-93
9.01666e-93
2.18918e-92
5.31057e-92
1.28778e-91
3.12237e-91
7.57003e-91
1.8353e-90
4.44952e-90
1.07877e-89
2.61545e-89
6.34119e-89
1.53747e-88
3.72776e-88
9.03846e-88
4.00714e-87
9.3071e-88
9.48653e-87
9.58373e-88
1.88131e-86
9.86859e-88
3.43224e-86
1.01619e-87
5.97331e-86
1.04639e-87
1.00998e-85
1.0775e-87
1.67724e-85
1.10952e-87
2.75563e-85
1.1425e-87
4.50326e-85
1.17646e-87
7.35142e-85
1.21143e-87
1.20312e-84
1.24758e-87
1.98003e-84
1.29069e-87
3.2856e-84
1.58618e-87
5.50936e-84
1.25933e-86
9.35187e-84
4.80185e-85
1.60899e-83
2.04107e-83
2.80772e-83
8.70021e-82
4.96895e-83
3.70846e-80
8.90874e-83
1.58079e-78
1.61372e-82
6.73858e-77
1.6532e-82
2.14878e-82
9.31192e-83
1.58083e-76
7.1447e-77
1.68975e-82
2.4696e-82
5.41054e-83
3.02868e-76
7.56552e-77
1.72304e-82
2.65142e-82
3.16433e-83
5.2496e-76
7.99874e-77
1.7528e-82
2.7429e-82
1.8621e-83
8.55545e-76
8.44115e-77
1.77877e-82
2.77559e-82
1.10212e-83
1.33615e-75
8.88853e-77
1.80075e-82
2.76992e-82
6.55795e-84
2.02174e-75
9.33543e-77
1.81858e-82
2.73919e-82
3.92132e-84
2.98476e-75
9.77509e-77
1.83215e-82
2.69206e-82
2.35516e-84
4.32055e-75
1.01992e-76
1.8414e-82
2.63423e-82
1.42017e-84
6.15465e-75
1.0598e-76
1.84632e-82
2.56943e-82
8.59413e-85
8.65276e-75
1.09599e-76
1.84696e-82
2.50015e-82
5.21704e-85
1.20346e-74
1.12711e-76
1.84339e-82
2.42808e-82
3.17569e-85
1.65933e-74
1.15154e-76
1.83577e-82
2.35436e-82
1.93771e-85
2.27234e-74
1.16723e-76
1.82425e-82
2.27978e-82
1.18476e-85
3.09608e-74
1.17138e-76
1.80905e-82
2.20491e-82
7.2565e-86
4.20417e-74
1.1598e-76
1.7904e-82
2.13018e-82
4.45095e-86
5.69903e-74
1.1256e-76
1.76856e-82
2.05589e-82
2.73331e-86
7.72515e-74
1.0566e-76
1.7438e-82
1.9823e-82
1.68004e-86
1.04895e-73
9.30509e-77
1.71668e-82
1.9096e-82
1.03329e-86
1.42944e-73
7.05359e-77
1.62362e-82
1.83795e-82
6.35715e-87
1.95916e-73
2.99558e-77
1.49569e-82
1.57593e-82
1.89829e-82
8.60082e-83
2.75029e-82
4.61911e-87
2.07596e-73
1.74099e-73
2.85995e-77
8.31733e-78
1.37227e-82
1.5277e-82
1.84368e-82
4.03752e-83
3.38437e-82
3.35505e-87
2.18313e-73
1.50292e-73
2.72482e-77
2.29732e-78
1.25775e-82
1.47918e-82
1.68459e-82
1.89805e-83
3.81568e-82
2.43552e-87
2.2796e-73
1.26421e-73
2.59092e-77
6.33617e-79
1.1619e-82
1.43058e-82
1.45522e-82
8.93057e-84
4.10452e-82
1.76657e-87
2.36434e-73
1.04014e-73
2.45892e-77
1.747e-79
1.11165e-82
1.3821e-82
1.19833e-82
4.20462e-84
4.29589e-82
1.27989e-87
2.43636e-73
8.40366e-74
2.32943e-77
4.81765e-80
1.18693e-82
1.33392e-82
9.49836e-83
1.98057e-84
4.42159e-82
9.2586e-88
2.4947e-73
6.69186e-74
2.20297e-77
1.32979e-80
1.63039e-82
1.2862e-82
7.315e-83
9.33325e-85
4.5031e-82
6.68385e-88
2.53849e-73
5.26902e-74
2.07998e-77
3.68348e-81
3.18416e-82
1.23908e-82
5.51797e-83
4.3996e-85
4.55436e-82
4.81198e-88
2.56689e-73
4.11317e-74
1.96085e-77
1.03379e-81
8.12561e-82
1.1927e-82
4.10416e-83
2.07436e-85
4.58408e-82
3.4519e-88
2.57916e-73
3.19016e-74
1.84587e-77
3.04169e-82
2.34592e-81
1.14717e-82
3.02871e-83
9.78092e-86
4.5974e-82
2.46444e-88
2.57464e-73
2.46239e-74
1.73528e-77
1.03945e-82
7.07674e-81
1.10257e-82
2.2397e-83
4.61091e-86
4.59715e-82
1.74829e-88
2.55273e-73
1.89391e-74
1.62924e-77
4.97247e-83
2.16658e-80
1.05899e-82
1.70805e-83
2.17223e-86
4.58466e-82
1.22965e-88
2.51296e-73
1.45287e-74
1.52788e-77
3.58075e-83
6.66985e-80
1.01648e-82
1.47577e-83
1.02178e-86
4.56038e-82
8.54756e-89
2.45494e-73
1.11241e-74
1.43124e-77
3.30527e-83
2.05871e-79
9.75113e-83
1.78426e-83
4.79087e-87
4.52417e-82
5.84443e-89
2.37838e-73
8.50558e-75
1.33934e-77
3.34271e-83
6.36475e-79
9.34915e-83
3.45829e-83
2.23168e-87
4.47563e-82
3.90173e-89
2.28314e-73
6.49686e-75
1.25215e-77
3.47178e-83
1.97017e-78
8.95919e-83
9.07341e-83
1.02587e-87
4.41425e-82
2.51154e-89
2.16916e-73
4.95893e-75
1.1696e-77
3.63169e-83
6.10471e-78
8.58149e-83
2.65059e-82
4.5876e-88
4.3395e-82
1.52243e-89
2.03652e-73
3.78339e-75
1.09161e-77
3.80587e-83
1.89324e-77
8.21621e-83
7.97231e-82
1.93027e-88
4.25095e-82
8.24062e-90
1.88544e-73
2.88839e-75
1.01807e-77
3.99e-83
5.87604e-77
7.86365e-83
2.41578e-81
6.9444e-89
4.14833e-82
3.36076e-90
1.71624e-73
2.23109e-75
9.49657e-78
4.18312e-83
1.82518e-76
7.52461e-83
7.33476e-81
1.28406e-89
4.03158e-82
0
1.52939e-73
1.95979e-75
9.16912e-78
4.3852e-83
1.10166e-76
2.69877e-76
7.33046e-83
1.22407e-80
1.33123e-89
7.46247e-90
3.82587e-82
1.38236e-73
1.10568e-73
4.50875e-83
6.64763e-77
3.90951e-76
7.1405e-83
2.03603e-80
1.38017e-89
4.33695e-90
3.58965e-82
1.2432e-73
7.9893e-74
4.63515e-83
4.01066e-77
5.58728e-76
6.95471e-83
3.381e-80
1.43102e-89
2.52049e-90
3.32637e-82
1.11294e-73
5.77045e-74
4.76465e-83
2.41949e-77
7.91196e-76
6.77304e-83
5.60973e-80
1.48411e-89
1.46478e-90
3.04094e-82
9.92243e-74
4.16649e-74
4.8974e-83
1.45952e-77
1.11327e-75
6.59546e-83
9.30373e-80
1.54022e-89
8.5121e-91
2.73962e-82
8.81395e-74
3.00753e-74
5.03351e-83
8.80404e-78
1.55948e-75
6.42193e-83
1.5427e-79
1.60143e-89
4.94594e-91
2.42964e-82
7.80386e-74
2.17035e-74
5.17308e-83
5.31063e-78
2.17762e-75
6.2524e-83
2.55778e-79
1.6733e-89
2.87321e-91
2.11874e-82
6.88974e-74
1.56574e-74
5.31617e-83
3.20336e-78
3.03392e-75
6.08681e-83
4.24056e-79
1.77119e-89
1.66849e-91
1.81464e-82
6.06742e-74
1.12915e-74
5.46285e-83
1.93225e-78
4.2201e-75
5.92512e-83
7.0303e-79
1.93747e-89
9.68286e-92
1.52451e-82
5.33154e-74
8.13912e-75
5.6132e-83
1.16552e-78
5.8632e-75
5.76727e-83
2.28925e-89
5.61336e-92
1.25447e-82
4.67597e-74
3.1506e-89
3.24842e-92
1.00924e-82
4.09424e-74
5.4185e-89
1.8743e-92
7.91977e-83
3.57977e-74
1.15758e-88
1.07611e-92
6.04235e-83
3.1261e-74
2.84956e-88
6.12706e-93
4.46073e-83
2.72704e-74
7.52049e-88
3.43889e-93
3.1629e-83
2.37677e-74
2.04379e-87
1.88171e-93
2.12718e-83
2.06987e-74
5.6185e-87
9.81793e-94
1.32525e-83
1.80142e-74
1.55137e-86
4.63764e-94
7.25224e-84
1.56697e-74
4.29084e-86
1.6752e-94
2.94126e-84
1.36504e-74
1.18759e-85
0
0
1.27235e-74
1.211e-85
6.78616e-85
1.23487e-85
1.08741e-84
1.25921e-85
1.36634e-84
1.28403e-85
1.54706e-84
1.30933e-85
1.66078e-84
1.33514e-85
1.73102e-84
1.36146e-85
1.77151e-84
1.38829e-85
1.7874e-84
1.41565e-85
1.77783e-84
1.44355e-85
1.73875e-84
1.47201e-85
1.66543e-84
1.50102e-85
1.55469e-84
1.5306e-85
1.40654e-84
1.56077e-85
1.22495e-84
1.59153e-85
1.01785e-84
1.62289e-85
7.96137e-85
1.65488e-85
5.72176e-85
1.68749e-85
3.58185e-85
1.72075e-85
1.64777e-85
1.75449e-85
0
1.80262e-85
1.85206e-85
1.90286e-85
1.95505e-85
2.00866e-85
2.06375e-85
2.12034e-85
2.17847e-85
2.2382e-85
2.29956e-85
2.36259e-85
2.42734e-85
2.49386e-85
2.56219e-85
2.63239e-85
2.70441e-85
2.77879e-85
2.85336e-85
2.93838e-85
2.98676e-85
END_LIST
