BEGIN_LIST
0.1
0.09969
0.0993662
0.0990281
0.0986752
0.098307
0.097923
0.0975227
0.0971056
0.0966712
0.0962189
0.0957482
0.0952584
0.0947485
0.094217
0.0936605
0.0930716
0.0924327
0.0917013
0.090774
0.0893985
0.084404
0.0893225
0.0790841
0.0892326
0.073517
0.0891264
0.0677947
0.0890011
0.0620165
0.0888532
0.0562827
0.0886789
0.0506876
0.0884737
0.0453148
0.0882323
0.0402324
0.0879487
0.0354917
0.0876159
0.0311262
0.087226
0.0271535
0.08677
0.0235777
0.0862377
0.0203928
0.0856178
0.0175884
0.0848978
0.0151573
0.0840641
0.0131098
0.0831019
0.0115028
0.0819874
0.0105032
0.0804347
0.01053
0.0703585
0.00969712
0.0111681
0.0108552
0.0644165
0.0643779
0.00892162
0.0117919
0.0117596
0.0588971
0.0584952
0.00820091
0.0124172
0.0130367
0.0537838
0.0527936
0.00753226
0.0130541
0.0145911
0.0490581
0.0473441
0.00691289
0.0137087
0.0163815
0.0447004
0.0422034
0.00634001
0.0143854
0.0183927
0.0406903
0.0374123
0.00581084
0.0150869
0.0206213
0.037007
0.0329964
0.00532267
0.0158151
0.0230682
0.0336296
0.028967
0.00487283
0.0165717
0.0257346
0.0305375
0.0253235
0.00445876
0.0173576
0.0286195
0.0277107
0.0220553
0.00407797
0.0181739
0.0317182
0.0251292
0.0191445
0.00372812
0.0190214
0.0350211
0.0227742
0.0165674
0.00340694
0.0199005
0.0385129
0.0206264
0.0142964
0.00311231
0.020812
0.0421725
0.0186667
0.0122999
0.00284223
0.0217563
0.0459726
0.0168736
0.0105412
0.0025948
0.0227337
0.0498805
0.0152203
0.00897287
0.00236826
0.0237445
0.0538585
0.0136675
0.007523
0.00216094
0.024789
0.0578654
0.0121476
0.00606269
0.00197226
0.0258673
0.0618579
0.0105315
0.00433101
0.00169921
0.0269793
0.0657922
0.00855708
0.00176166
0.00145682
0.00156343
0.0191557
0.0385603
0.0187973
0.068383
0.00829472
0.00633805
0.00160345
0.000491223
0.00124818
0.00143828
0.0132706
0.0452727
0.0133181
0.0709126
0.00803034
0.00466331
0.00145916
0.000151021
0.00106882
0.00132296
0.00903048
0.0499312
0.00969542
0.0733712
0.00776362
0.00341408
0.00132763
6.12266e-05
0.00091479
0.00121674
0.00606824
0.0537064
0.00734188
0.0757495
0.00749425
0.00249034
0.00120776
3.89171e-05
0.000782631
0.00111891
0.00404255
0.0570808
0.00585547
0.0780397
0.00722188
0.00181163
0.00109856
3.49146e-05
0.000669326
0.00102883
0.00267735
0.0602466
0.00496369
0.0802346
0.00694614
0.00131529
0.000999095
3.60113e-05
0.00057225
0.000945913
0.00176625
0.0632729
0.00448332
0.0823287
0.00666667
0.000953566
0.000908531
3.86719e-05
0.000489125
0.000869598
0.00116217
0.0661782
0.00429213
0.0843175
0.00638307
0.000690597
0.000826086
4.19629e-05
0.000417982
0.000799372
0.00076338
0.0689603
0.00430935
0.0861982
0.00609494
0.000499768
0.000751048
4.56523e-05
0.000357117
0.000734759
0.000500864
0.0716105
0.00448224
0.0879689
0.00580185
0.000361471
0.000682765
4.96976e-05
0.000305065
0.000675321
0.000328379
0.0741187
0.00477708
0.0896294
0.00550334
0.000261339
0.000620639
5.41098e-05
0.000260563
0.00062065
0.000215188
0.0764766
0.00517302
0.0911802
0.00519894
0.000188891
0.000564124
5.89157e-05
0.000222523
0.00057037
0.000140969
0.0786784
0.00565799
0.0926231
0.00488817
0.000136498
0.000512721
6.41487e-05
0.000190009
0.000524135
9.23287e-05
0.080721
0.00622594
0.0939607
0.00457051
9.86226e-05
0.000465972
6.98462e-05
0.000162204
0.000481623
6.04634e-05
0.0826042
0.00687499
0.0951964
0.00424541
7.12491e-05
0.000423463
7.60493e-05
0.00013837
0.000442539
3.95929e-05
0.0843301
0.0076062
0.0963342
0.0039123
5.14696e-05
0.000384811
8.28027e-05
0.000117754
0.000406612
2.59274e-05
0.0859033
0.00842269
0.0973785
0.00357059
3.71819e-05
0.000349672
9.0155e-05
9.93228e-05
0.000373601
1.69859e-05
0.0873298
0.00932915
0.0983342
0.00321965
2.6886e-05
0.000317735
9.81593e-05
8.09601e-05
0.000343306
1.1154e-05
0.088617
0.0103313
0.0992063
0.00285881
1.96934e-05
0.000288998
0.000106873
5.69353e-05
0.00031564
7.40896e-06
0.0897734
0.0114358
0.1
0.00248739
1.68053e-05
0.000275465
0.000116359
3.33916e-05
5.49586e-05
0.000300315
6.07045e-06
0.0893397
0.0902036
0.0133172
0.0021243
0.0017139
0.00012238
1.96385e-05
5.3375e-05
0.000285731
4.97475e-06
0.0888922
0.0906886
0.0154848
0.00181245
0.00118368
0.000128674
1.16171e-05
5.23047e-05
0.000271852
4.07849e-06
0.0884307
0.091202
0.017964
0.0015451
0.000820383
0.000135273
6.95381e-06
5.19254e-05
0.000258646
3.34659e-06
0.087955
0.0917291
0.0207799
0.00131625
0.000571631
0.0001422
4.26114e-06
5.24993e-05
0.000246078
2.75097e-06
0.0874648
0.0922622
0.0239552
0.00112061
0.000401468
0.000149477
2.72888e-06
5.44108e-05
0.00023412
2.26979e-06
0.0869599
0.0927971
0.027508
0.000953559
0.000285228
0.000157123
1.88481e-06
5.82233e-05
0.00022274
1.88713e-06
0.0864401
0.0933314
0.0314485
0.000811051
0.000205994
0.000165158
1.45481e-06
6.47604e-05
0.000211913
1.59335e-06
0.0859053
0.0938638
0.0357772
0.000689581
0.000152161
0.000173603
1.28107e-06
7.52256e-05
0.00020161
1.38637e-06
0.0853552
0.0943938
0.0404818
0.000586115
0.000115774
0.000182479
1.27438e-06
9.13755e-05
0.000191807
0.0847896
0.0949208
0.0455351
0.000498037
0.0842083
0.0954446
0.050894
0.000423097
0.0836109
0.0959651
0.0564989
0.000359362
0.0829966
0.0964822
0.0622755
0.000305177
0.082363
0.0969957
0.0681374
0.000259125
0.0817037
0.0975056
0.0739905
0.000219995
0.0810007
0.098012
0.0797384
0.000186756
0.0802024
0.0985146
0.0852889
0.000158524
0.0791618
0.0990135
0.0905588
0.000134558
0.0774598
0.0995087
0.0954797
0.000114451
0.0739021
0.1
0.1
0.000105345
0.0737965
0.0503924
0.0736814
0.0343987
0.0735558
0.0240324
0.0734191
0.0177042
0.0732701
0.0142185
0.073108
0.0127525
0.0729315
0.0127833
0.0727397
0.0140069
0.0725311
0.0162711
0.0723046
0.0195229
0.0720587
0.0237681
0.0717919
0.0290375
0.0715027
0.035357
0.0711895
0.0427189
0.0708505
0.0510567
0.0704838
0.0602285
0.0700878
0.0700124
0.0696604
0.0801194
0.0691996
0.0902232
0.0687024
0.1
0.0679515
0.0671233
0.0662124
0.0652138
0.0641229
0.0629355
0.0616486
0.0602598
0.0587683
0.0571746
0.0554808
0.0536909
0.0518105
0.0498476
0.0478113
0.0457146
0.0435613
0.0414115
0.0390389
0.0377257
END_LIST
