BEGIN_LIST
0
-4.35005e-183
-1.52423e-182
-4.24504e-182
-1.10365e-181
-2.79881e-181
-7.03081e-181
-1.75998e-180
-4.40057e-180
-1.10004e-179
-2.75028e-179
-6.87832e-179
-1.72084e-178
-4.30691e-178
-1.07834e-177
-2.70093e-177
-6.76752e-177
-1.6963e-176
-4.2534e-176
-1.06688e-175
-1.07665e-175
-1.1133e-175
-1.08099e-175
-1.15968e-175
-1.08556e-175
-1.2162e-175
-1.09036e-175
-1.28278e-175
-1.09541e-175
-1.35862e-175
-1.10071e-175
-1.44185e-175
-1.10627e-175
-1.52906e-175
-1.1121e-175
-1.61457e-175
-1.11816e-175
-1.68915e-175
-1.12262e-175
-1.73788e-175
-1.04724e-175
-1.73626e-175
2.44431e-175
-1.6428e-175
1.51584e-173
-1.3852e-175
6.50983e-172
-8.3355e-176
2.77535e-170
2.51458e-176
1.18314e-168
2.31989e-175
5.04356e-167
6.23156e-175
2.15006e-165
1.36474e-174
9.16486e-164
2.77939e-174
3.90677e-162
5.45509e-174
1.66542e-160
5.51633e-174
7.44618e-174
3.07386e-174
3.90738e-160
1.76563e-160
5.56602e-174
8.67553e-174
1.74355e-174
7.48761e-160
1.86945e-160
5.6036e-174
9.41509e-174
9.95214e-175
1.2982e-159
1.97632e-160
5.62861e-174
9.83876e-174
5.71468e-175
2.11651e-159
2.08544e-160
5.64075e-174
1.00577e-173
3.29993e-175
3.307e-159
2.19577e-160
5.63984e-174
1.01431e-173
1.91554e-175
5.0066e-159
2.30596e-160
5.6259e-174
1.01407e-173
1.11734e-175
7.39614e-159
2.41434e-160
5.59906e-174
1.00799e-173
6.54646e-176
1.07141e-158
2.51887e-160
5.55962e-174
9.97951e-174
3.85114e-176
1.5275e-158
2.61713e-160
5.50802e-174
9.85201e-174
2.27389e-176
2.14949e-158
2.70624e-160
5.44484e-174
9.70544e-174
1.34705e-176
2.99265e-158
2.78286e-160
5.37074e-174
9.54517e-174
8.00364e-177
4.13088e-158
2.84294e-160
5.28651e-174
9.3748e-174
4.76809e-177
5.66375e-158
2.88143e-160
5.193e-174
9.19684e-174
2.84724e-177
7.72673e-158
2.89145e-160
5.09112e-174
9.01306e-174
1.70378e-177
1.05061e-157
2.86267e-160
4.98228e-174
8.82478e-174
1.02141e-177
1.42613e-157
2.77804e-160
4.82296e-174
8.63302e-174
6.13315e-178
1.93581e-157
2.60759e-160
8.78267e-174
8.43858e-174
3.68775e-178
2.63209e-157
2.2963e-160
-3.74388e-172
8.24215e-174
2.21988e-178
3.59146e-157
1.74061e-160
3.56469e-170
8.04432e-174
1.33745e-178
4.92819e-157
7.39189e-161
2.22445e-169
3.41786e-170
4.72835e-173
3.68344e-174
7.48035e-174
9.58763e-179
5.22291e-157
4.3797e-157
7.05702e-161
2.05231e-161
7.68131e-169
3.27302e-170
1.29343e-172
1.69203e-174
6.9846e-174
6.87281e-179
5.49339e-157
3.78105e-157
6.72339e-161
5.66841e-162
2.39104e-168
3.13064e-170
3.09867e-172
7.78443e-175
6.56593e-174
4.92567e-179
5.73694e-157
3.18072e-157
6.39281e-161
1.56329e-162
7.26152e-168
2.99114e-170
7.35635e-172
3.58492e-175
6.22392e-174
3.52865e-179
5.95094e-157
2.61715e-157
6.06696e-161
4.30975e-163
2.19626e-167
2.85486e-170
1.80959e-171
1.65223e-175
5.95175e-174
2.52604e-179
6.13289e-157
2.11462e-157
5.7473e-161
1.18805e-163
6.65305e-167
2.7221e-170
4.67017e-171
7.6198e-176
5.73916e-174
1.80633e-179
6.28039e-157
1.68399e-157
5.43512e-161
3.2751e-164
2.0214e-166
2.59311e-170
1.26047e-170
3.51615e-176
5.57485e-174
1.28967e-179
6.39121e-157
1.32602e-157
5.13155e-161
9.02882e-165
6.16081e-166
2.46809e-170
3.52603e-170
1.62333e-176
5.44784e-174
9.18768e-180
6.46327e-157
1.0352e-157
4.8375e-161
2.48919e-165
1.88314e-165
2.34718e-170
1.01274e-169
7.4976e-177
5.34822e-174
6.52564e-180
6.49468e-157
8.02949e-158
4.55371e-161
6.86296e-166
5.77107e-165
2.23049e-170
2.96321e-169
3.46387e-177
5.26746e-174
4.61571e-180
6.48374e-157
6.19813e-158
4.28076e-161
1.89232e-166
1.77265e-164
2.1181e-170
8.78103e-169
1.60042e-177
5.19835e-174
3.24627e-180
6.42899e-157
4.76749e-158
4.01908e-161
5.21822e-167
5.45581e-164
2.01003e-170
2.62447e-168
7.39219e-178
5.13494e-174
2.26526e-180
6.3292e-157
3.65752e-158
3.76892e-161
1.4393e-167
1.68211e-163
1.9063e-170
7.88886e-168
3.4108e-178
5.07237e-174
1.56344e-180
6.18339e-157
2.80062e-158
3.53043e-161
3.9726e-168
5.19413e-163
1.80687e-170
2.38027e-167
1.56978e-178
5.00667e-174
1.0623e-180
5.99087e-157
2.14151e-158
3.30365e-161
1.09908e-168
1.60598e-162
1.71172e-170
7.19978e-167
7.18451e-179
4.93465e-174
7.05353e-181
5.75123e-157
1.63587e-158
3.08849e-161
3.06782e-169
4.97125e-162
1.62077e-170
2.18134e-166
3.24925e-179
4.85376e-174
4.51995e-181
5.46434e-157
1.24871e-158
2.8848e-161
8.8468e-170
1.54034e-161
1.53395e-170
6.61602e-166
1.43212e-179
4.76202e-174
2.73019e-181
5.13042e-157
9.52761e-159
2.69236e-161
2.84811e-170
4.77689e-161
1.45119e-170
2.00805e-165
5.9517e-180
4.65794e-174
1.47402e-181
4.74997e-157
7.27425e-159
2.51091e-161
1.21807e-170
1.48256e-160
1.37244e-170
6.09751e-165
2.11804e-180
4.54049e-174
6.00222e-182
4.32384e-157
5.61924e-159
2.34211e-161
7.94679e-171
4.6049e-160
1.29782e-170
1.85209e-164
3.82518e-181
4.40906e-174
0
3.85322e-157
4.93612e-159
2.26132e-161
7.05737e-171
2.77959e-160
6.80876e-160
1.2555e-170
3.09094e-164
3.93579e-181
2.19997e-181
4.18034e-174
3.48291e-157
2.78594e-157
7.04756e-171
1.67734e-160
9.86294e-160
1.21442e-170
5.14121e-164
4.04968e-181
1.26537e-181
3.91993e-174
3.13236e-157
2.01319e-157
7.16704e-171
1.01203e-160
1.40949e-159
1.17456e-170
8.53715e-164
4.16694e-181
7.27857e-182
3.63099e-174
2.80425e-157
1.45418e-157
7.35492e-171
6.1055e-161
1.99582e-159
1.13589e-170
1.41642e-163
4.28767e-181
4.18692e-182
3.31854e-174
2.5002e-157
1.05006e-157
7.58105e-171
3.68322e-161
2.80809e-159
1.09838e-170
2.34902e-163
4.412e-181
2.40855e-182
2.98916e-174
2.22096e-157
7.58033e-158
7.83061e-171
2.22188e-161
3.93332e-159
1.06202e-170
3.89486e-163
4.54004e-181
1.38549e-182
2.6506e-174
1.96649e-157
5.4707e-158
8.09635e-171
1.34031e-161
5.492e-159
1.02677e-170
6.4573e-163
4.67198e-181
7.96899e-183
2.31121e-174
1.7362e-157
3.947e-158
8.37479e-171
8.08514e-162
7.65104e-159
9.92607e-171
1.07051e-162
4.80815e-181
4.58243e-183
1.97936e-174
1.52902e-157
2.84664e-158
8.66434e-171
4.87715e-162
1.06416e-158
9.59511e-171
1.77468e-162
4.94925e-181
2.63378e-183
1.66281e-174
1.34361e-157
2.05208e-158
8.96433e-171
2.942e-162
1.47838e-158
9.27458e-171
5.09698e-181
1.51247e-183
1.36821e-174
1.17843e-157
5.25595e-181
8.67233e-184
1.10071e-174
1.03186e-157
5.43861e-181
4.9596e-184
8.63744e-175
9.02223e-158
5.67925e-181
2.82358e-184
6.58978e-175
7.87906e-158
6.07258e-181
1.59506e-184
4.8648e-175
6.87347e-158
6.88054e-181
8.88879e-185
3.44938e-175
5.99078e-158
8.82811e-181
4.83363e-185
2.31983e-175
5.2174e-158
1.39221e-180
2.5091e-185
1.44527e-175
4.54084e-158
2.77181e-180
1.18069e-185
7.90896e-176
3.94999e-158
6.55984e-180
4.25479e-186
3.2076e-176
3.44107e-158
1.70158e-179
0
0
3.20746e-158
1.73479e-179
9.41114e-179
1.76866e-179
1.50378e-178
1.80318e-179
1.88748e-178
1.83839e-179
2.13591e-178
1.87428e-179
2.29209e-178
1.91088e-179
2.38848e-178
1.94819e-179
2.44394e-178
1.98623e-179
2.46558e-178
2.02502e-179
2.45219e-178
2.06457e-179
2.39814e-178
2.10489e-179
2.29691e-178
2.146e-179
2.14412e-178
2.18791e-179
1.93975e-178
2.23065e-179
1.6893e-178
2.27422e-179
1.40367e-178
2.31865e-179
1.0979e-178
2.36395e-179
7.89049e-179
2.41013e-179
4.93946e-179
2.45722e-179
2.27231e-179
2.505e-179
0
2.57312e-179
2.6431e-179
2.71498e-179
2.78882e-179
2.86467e-179
2.94259e-179
3.02262e-179
3.10483e-179
3.18928e-179
3.27602e-179
3.36511e-179
3.45662e-179
3.55062e-179
3.64715e-179
3.74633e-179
3.84806e-179
3.9531e-179
4.0584e-179
4.17843e-179
4.24674e-179
END_LIST
