BEGIN_LIST
0.00132263
0.00132225
0.00132185
0.00132143
0.00132099
0.00132052
0.00132004
0.00131953
0.001319
0.00131843
0.00131785
0.00131723
0.00131658
0.0013159
0.00131518
0.00131441
0.0013136
0.00131268
0.00131159
0.00131006
0.00128293
0.00132999
0.00127169
0.00132999
0.00125801
0.00132999
0.00124146
0.00132999
0.00122159
0.00132999
0.00119794
0.00132998
0.00117007
0.00132998
0.00113759
0.00132998
0.00110024
0.00132997
0.00105787
0.00132997
0.00101055
0.00132996
0.000958599
0.00132995
0.000902572
0.00132994
0.000843326
0.00132993
0.000782041
0.00132992
0.000720334
0.00132991
0.000660581
0.00132989
0.000606728
0.00132987
0.000566138
0.00132984
0.000553257
0.00132972
0.000715581
0.000568371
0.000684711
0.000760042
0.00129005
0.000683199
0.000580807
0.000727577
0.00072309
0.00128101
0.000650787
0.000595735
0.000773995
0.000685956
0.00127008
0.0006185
0.000612214
0.000821482
0.00064887
0.00125692
0.000586485
0.000629662
0.000868553
0.000612057
0.00124117
0.000554889
0.000647715
0.000914248
0.000575731
0.00122245
0.000523846
0.000666139
0.000957912
0.000540095
0.00120036
0.000493483
0.000684783
0.000999083
0.000505331
0.00117454
0.000463913
0.000703543
0.00103745
0.000471602
0.00114463
0.000435236
0.000722343
0.0010728
0.000439045
0.0011104
0.000407537
0.000741127
0.00110507
0.000407774
0.00107165
0.000380887
0.000759849
0.00113424
0.000377872
0.00102836
0.000355342
0.000778469
0.00116038
0.000349394
0.000980597
0.000330943
0.000796952
0.00118362
0.000322354
0.00092849
0.000307718
0.000815267
0.00120415
0.00029671
0.00087205
0.000285682
0.000833382
0.00122215
0.00027233
0.000810739
0.000264836
0.000851271
0.00123785
0.000248902
0.000742443
0.000245174
0.000868907
0.00125146
0.000225759
0.000660961
0.000226717
0.000886266
0.00126322
0.000201472
0.000549295
0.000204616
0.000903326
0.00127334
0.000172959
0.000358583
0.00030404
0.000211264
0.00105839
0.00112328
0.000738153
0.00128068
4.46105e-05
0.000608817
0.000320673
0.000157892
0.000267408
0.000196372
0.000921001
0.00120186
0.000581405
0.00128592
4.32455e-05
0.000495923
0.000297461
4.70744e-05
0.000234306
0.000182371
0.000762056
0.00123326
0.000453685
0.00129063
4.18676e-05
0.000394135
0.000275499
1.57283e-05
0.000204612
0.000169231
0.000599373
0.00125047
0.000357784
0.00129485
4.04751e-05
0.000306675
0.000254782
7.4253e-06
0.000178147
0.000156919
0.000450243
0.00126221
0.000290631
0.00129864
3.90662e-05
0.000234485
0.000235297
5.4655e-06
0.000154695
0.000145399
0.000325543
0.00127133
0.000246911
0.00130203
3.7639e-05
0.000176796
0.000217021
5.24516e-06
0.000134017
0.000134636
0.000228509
0.00127891
0.000221216
0.00130506
3.61917e-05
0.000131854
0.000199921
5.52025e-06
0.000115867
0.000124592
0.000156934
0.00128542
0.000208971
0.00130778
3.4722e-05
9.75183e-05
0.000183959
5.95808e-06
9.99963e-05
0.000115231
0.000106122
0.00129108
0.000206658
0.0013102
3.3228e-05
7.16721e-05
0.000169094
6.47172e-06
8.61656e-05
0.000106516
7.09977e-05
0.00129603
0.000211716
0.00131237
3.17074e-05
5.243e-05
0.000155278
7.04062e-06
7.41478e-05
9.84112e-05
4.7155e-05
0.00130036
0.000222355
0.00131431
3.01577e-05
3.82215e-05
0.000142461
7.66227e-06
6.37316e-05
9.08811e-05
3.11669e-05
0.00130415
0.000237349
0.00131604
2.85765e-05
2.77928e-05
0.000130593
8.3393e-06
5.4723e-05
8.38912e-05
2.0533e-05
0.00130747
0.000255877
0.00131758
2.69612e-05
2.0172e-05
0.00011962
9.07599e-06
4.69456e-05
7.7408e-05
1.34983e-05
0.00131038
0.000277391
0.00131896
2.5309e-05
1.46211e-05
0.00010949
9.87738e-06
4.02391e-05
7.13996e-05
8.86126e-06
0.00131292
0.000301529
0.00132019
2.3617e-05
1.05873e-05
0.000100152
1.0749e-05
3.44549e-05
6.58351e-05
5.81181e-06
0.00131513
0.000328043
0.00132128
2.18822e-05
7.66089e-06
9.15553e-05
1.1697e-05
2.94427e-05
6.06855e-05
3.80964e-06
0.00131707
0.000356755
0.00132226
2.01012e-05
5.54071e-06
8.36493e-05
1.27278e-05
2.50104e-05
5.59234e-05
2.49683e-06
0.00131876
0.000387521
0.00132313
1.82709e-05
4.00765e-06
7.63877e-05
1.38485e-05
2.07984e-05
5.15255e-05
1.63799e-06
0.00132023
0.000420211
0.0013239
1.63874e-05
2.91549e-06
6.97575e-05
1.50669e-05
1.58833e-05
4.74777e-05
1.08084e-06
0.00132151
0.00045469
0.00132459
1.44471e-05
2.28537e-06
6.5107e-05
1.63913e-05
6.26264e-06
3.14091e-06
4.44628e-05
7.84998e-07
0.00131212
0.00116361
0.000500815
0.000300177
6.63984e-05
1.75181e-05
3.67849e-06
3.02179e-06
4.23585e-05
6.43318e-07
0.00131137
0.00116656
0.000558814
0.000262995
4.63548e-05
1.84118e-05
2.16679e-06
2.92007e-06
4.03508e-05
5.27387e-07
0.00131059
0.00116931
0.000619473
0.000229476
3.24396e-05
1.93464e-05
1.28469e-06
2.84043e-06
3.84357e-05
4.32661e-07
0.00130978
0.00117193
0.000681817
0.000199497
2.28289e-05
2.03258e-05
7.72126e-07
2.78979e-06
3.66092e-05
3.5549e-07
0.00130893
0.00117446
0.000744779
0.00017287
1.62192e-05
2.13531e-05
4.76744e-07
2.77844e-06
3.48673e-05
2.93011e-07
0.00130805
0.00117694
0.000807239
0.000149367
1.16916e-05
2.24309e-05
3.09464e-07
2.82148e-06
3.32063e-05
2.43095e-07
0.00130713
0.00117936
0.000868085
0.000128734
8.60378e-06
2.35621e-05
2.18358e-07
2.94106e-06
3.16227e-05
2.04374e-07
0.00130618
0.00118175
0.000926276
0.000110708
6.50977e-06
2.47492e-05
1.73306e-07
3.16961e-06
3.0113e-05
1.76365e-07
0.00130519
0.0011841
0.000980919
9.50232e-05
5.10101e-06
2.5995e-05
1.57014e-07
3.55448e-06
2.86739e-05
1.59764e-07
0.00130415
0.00118641
0.00103131
8.14253e-05
4.16473e-06
2.73022e-05
0.00130308
0.00118869
0.00107698
6.96731e-05
0.00130196
0.00119094
0.00111768
5.95434e-05
0.0013008
0.00119316
0.00115339
5.08323e-05
0.00129959
0.00119535
0.00118428
4.33561e-05
0.00129832
0.0011975
0.00121063
3.69505e-05
0.00129697
0.00119963
0.00123286
3.14702e-05
0.00129548
0.00120172
0.0012514
2.67874e-05
0.00129368
0.00120379
0.00126674
2.27909e-05
0.00129102
0.00120583
0.00127931
1.9402e-05
0.00128572
0.00120784
0.00128955
1.7149e-05
0.00132994
0.00117685
0.00132993
0.00103021
0.00132993
0.000861678
0.00132992
0.000708873
0.00132991
0.000597129
0.0013299
0.000534647
0.0013299
0.000518198
0.00132989
0.000539845
0.00132988
0.000590831
0.00132986
0.00066293
0.00132985
0.000748554
0.00132984
0.000840617
0.00132982
0.00093259
0.0013298
0.00101885
0.00132979
0.00109518
0.00132977
0.00115907
0.00132975
0.00120983
0.00132972
0.00124823
0.0013297
0.00127601
0.00132967
0.00129531
0.00132963
0.00132958
0.00132952
0.00132946
0.00132939
0.00132931
0.00132922
0.00132912
0.001329
0.00132887
0.00132872
0.00132855
0.00132836
0.00132814
0.0013279
0.00132762
0.0013273
0.00132695
0.00132653
0.00132616
END_LIST
