BEGIN_LIST
0.00116721
0.00115989
0.00115231
0.00114446
0.00113634
0.00112794
0.00111925
0.00111028
0.00110102
0.00109147
0.00108162
0.00107148
0.00106104
0.00105029
0.00103921
0.00102775
0.00101577
0.00100289
0.000988095
0.000968681
0.000837768
0.00129355
0.000774958
0.00128703
0.000710959
0.00127942
0.000646938
0.00127056
0.000584022
0.00126027
0.000523232
0.00124836
0.000465421
0.00123461
0.000411248
0.00121881
0.000361165
0.00120072
0.000315427
0.00118011
0.000274111
0.00115679
0.000237157
0.00113054
0.000204391
0.00110122
0.000175571
0.00106873
0.000150417
0.00103303
0.000128658
0.000994172
0.000110093
0.000952301
9.47086e-05
0.000907645
8.29221e-05
0.000859883
7.61331e-05
0.000784916
0.000103314
7.80598e-05
9.30308e-05
0.000110862
0.000387278
9.46373e-05
8.3206e-05
9.47325e-05
0.000100623
0.000341672
8.66413e-05
8.81702e-05
0.000102382
9.12686e-05
0.000300017
7.92806e-05
9.31148e-05
0.000113764
8.27342e-05
0.000262325
7.25113e-05
9.8141e-05
0.000127889
7.49567e-05
0.000228502
6.62916e-05
0.000103313
0.000144365
6.78765e-05
0.000198372
6.05815e-05
0.000108673
0.000163092
6.14371e-05
0.000171706
5.53432e-05
0.000114251
0.000184107
5.55857e-05
0.00014824
5.05411e-05
0.000120067
0.000207506
5.02727e-05
0.00012769
4.61417e-05
0.000126138
0.000233407
4.54519e-05
0.000109772
4.21136e-05
0.000132478
0.000261917
4.10801e-05
9.42059e-05
3.84273e-05
0.000139099
0.000293127
3.7117e-05
8.07229e-05
3.50556e-05
0.000146012
0.000327088
3.35249e-05
6.90709e-05
3.19729e-05
0.000153228
0.000363802
3.02672e-05
5.90114e-05
2.91556e-05
0.000160756
0.000403213
2.73065e-05
5.03123e-05
2.65819e-05
0.000168607
0.000445197
2.46011e-05
4.27287e-05
2.42314e-05
0.000176788
0.000489551
2.20959e-05
3.59579e-05
2.20854e-05
0.00018531
0.000535993
1.97045e-05
2.95348e-05
2.01317e-05
0.000194181
0.000584164
1.727e-05
2.25935e-05
1.78576e-05
0.000203409
0.000633626
1.44814e-05
1.33105e-05
2.72859e-05
1.83271e-05
0.000264697
0.000326539
0.000148934
0.000675401
3.53074e-06
6.02663e-05
1.16455e-05
5.43565e-06
2.33466e-05
1.68479e-05
0.000183125
0.000411056
0.00010675
0.000709442
3.42022e-06
4.39799e-05
1.05848e-05
1.66532e-06
1.99685e-05
1.54868e-05
0.000124469
0.000466543
7.83058e-05
0.000743388
3.30882e-06
3.20038e-05
9.62003e-06
6.67866e-07
1.70737e-05
1.42346e-05
8.35644e-05
0.000512207
5.96225e-05
0.000777096
3.19641e-06
2.32406e-05
8.74268e-06
4.19148e-07
1.45946e-05
1.30828e-05
5.56322e-05
0.000554864
4.77728e-05
0.000810411
3.08283e-06
1.68514e-05
7.9449e-06
3.73573e-07
1.24725e-05
1.20233e-05
3.68275e-05
0.000596909
4.06824e-05
0.00084318
2.96795e-06
1.22052e-05
7.21957e-06
3.84511e-07
1.06569e-05
1.1049e-05
2.42872e-05
0.000639074
3.69174e-05
0.000875249
2.85161e-06
8.83301e-06
6.56015e-06
4.12701e-07
9.10396e-06
1.01531e-05
1.5977e-05
0.000681436
3.55053e-05
0.000906474
2.73364e-06
6.38883e-06
5.96072e-06
4.47774e-07
7.7762e-06
9.32942e-06
1.0493e-05
0.000723818
3.57972e-05
0.000936723
2.61388e-06
4.61903e-06
5.41586e-06
4.87139e-07
6.64124e-06
8.57213e-06
6.8838e-06
0.000765941
3.73682e-05
0.000965877
2.49215e-06
3.33849e-06
4.92063e-06
5.30318e-07
5.67133e-06
7.87598e-06
4.51283e-06
0.000807491
3.99472e-05
0.000993838
2.36827e-06
2.41242e-06
4.47055e-06
5.77418e-07
4.84261e-06
7.23609e-06
2.9571e-06
0.000848153
4.33681e-05
0.00102052
2.24204e-06
1.74296e-06
4.06153e-06
6.28725e-07
4.13463e-06
6.64795e-06
1.93709e-06
0.000887629
4.75371e-05
0.00104587
2.11325e-06
1.25913e-06
3.68983e-06
6.84596e-07
3.52983e-06
6.10741e-06
1.26866e-06
0.000925652
5.24103e-05
0.00106983
1.9817e-06
9.09536e-07
3.35207e-06
7.45431e-07
3.013e-06
5.61066e-06
8.3078e-07
0.000961991
5.79787e-05
0.00109238
1.84717e-06
6.56965e-07
3.04516e-06
8.11669e-07
2.57072e-06
5.15417e-06
5.43993e-07
0.000996458
6.42582e-05
0.00111351
1.7094e-06
4.74512e-07
2.7663e-06
8.8379e-07
2.19008e-06
4.73473e-06
3.56203e-07
0.00102891
7.1283e-05
0.00113324
1.56817e-06
3.42731e-07
2.51294e-06
9.62315e-07
1.85556e-06
4.34942e-06
2.33288e-07
0.00105925
7.9101e-05
0.00115157
1.42321e-06
2.47658e-07
2.28276e-06
1.04781e-06
1.53967e-06
3.99572e-06
1.5297e-07
0.00108743
8.77708e-05
0.00116856
1.27425e-06
1.80035e-07
2.07467e-06
1.1409e-06
1.17356e-06
3.67201e-06
1.00905e-07
0.00111344
9.73596e-05
0.00118423
1.121e-06
1.4106e-07
1.92974e-06
1.24225e-06
4.6132e-07
2.31116e-07
3.43197e-06
7.32696e-08
0.00105234
0.000710891
0.000111011
2.57611e-05
5.23998e-06
1.32861e-06
2.70908e-07
2.22421e-07
3.26502e-06
6.00362e-08
0.00104316
0.000719096
0.00012959
2.19125e-05
3.62873e-06
1.3972e-06
1.59751e-07
2.15047e-07
3.10617e-06
4.92066e-08
0.00103376
0.000726216
0.000151052
1.86316e-05
2.52437e-06
1.46901e-06
9.50117e-08
2.09354e-07
2.95503e-06
4.03538e-08
0.00102416
0.000732743
0.000175691
1.58367e-05
1.76826e-06
1.54436e-06
5.74897e-08
2.05879e-07
2.81124e-06
3.31337e-08
0.00101436
0.000738943
0.000203809
1.34572e-05
1.25133e-06
1.62349e-06
3.59646e-08
2.05414e-07
2.67442e-06
2.72736e-08
0.00100435
0.00074496
0.000235692
1.14325e-05
8.98624e-07
1.70663e-06
2.38902e-08
2.09128e-07
2.54426e-06
2.25665e-08
0.000994138
0.000750872
0.000271588
9.71049e-06
6.58681e-07
1.79401e-06
1.74575e-08
2.1873e-07
2.42042e-06
1.88699e-08
0.000983731
0.000756722
0.000311677
8.2464e-06
4.96185e-07
1.88586e-06
1.4464e-08
2.36726e-07
2.30259e-06
1.61142e-08
0.00097313
0.000762531
0.000356049
7.00202e-06
3.86909e-07
1.98239e-06
1.36518e-08
2.66779e-07
2.1905e-06
1.43228e-08
0.000962337
0.000768313
0.000404665
5.94467e-06
3.14238e-07
2.08385e-06
0.000951356
0.000774073
0.000457331
5.04644e-06
0.00094019
0.000779814
0.000513674
4.28355e-06
0.000928843
0.000785538
0.000573127
3.63571e-06
0.00091731
0.000791244
0.000634932
3.08565e-06
0.000905572
0.000796933
0.000698164
2.61866e-06
0.000893563
0.000802603
0.000761766
2.22225e-06
0.000881069
0.000808255
0.000824616
1.88576e-06
0.000867436
0.000813888
0.000885599
1.60022e-06
0.000850684
0.000819501
0.000943682
1.35923e-06
0.000824696
0.000825093
0.000997985
1.19955e-06
0.00124489
0.000596406
0.00123747
0.000425955
0.00122947
0.000300342
0.00122086
0.000216552
0.0012116
0.000166362
0.00120166
0.000141483
0.001191
0.000135531
0.00117958
0.000144298
0.00116737
0.000165388
0.00115435
0.000197708
0.00114047
0.000241003
0.00112571
0.000295437
0.00111006
0.0003612
0.00109348
0.000438132
0.00107598
0.000525353
0.00105753
0.000620975
0.00103813
0.000721965
0.00101781
0.000824275
0.00099656
0.000923284
0.000974274
0.0010145
0.000946617
0.000913118
0.000878184
0.000841988
0.000804732
0.000766643
0.000727969
0.000688971
0.000649917
0.000611073
0.000572701
0.000535045
0.000498329
0.000462754
0.000428489
0.000395683
0.000364411
0.00033494
0.000306298
0.000284061
END_LIST
