BEGIN_LIST
0.00132343
0.00132309
0.00132273
0.00132236
0.00132196
0.00132155
0.00132112
0.00132066
0.00132019
0.00131968
0.00131916
0.00131861
0.00131803
0.00131742
0.00131677
0.00131609
0.00131536
0.00131455
0.00131357
0.0013122
0.00128713
0.00132999
0.00127683
0.00132999
0.00126427
0.00132999
0.00124903
0.00132999
0.00123067
0.00132999
0.00120873
0.00132999
0.00118275
0.00132999
0.00115233
0.00132998
0.00111714
0.00132998
0.00107698
0.00132998
0.00103181
0.00132997
0.000981859
0.00132997
0.000927575
0.00132996
0.000869721
0.00132995
0.000809406
0.00132994
0.000748216
0.00132993
0.000688553
0.00132992
0.000634477
0.00132991
0.000593596
0.00132989
0.000580783
0.0013298
0.000747107
0.000595787
0.000716413
0.00077883
0.00129531
0.000714904
0.000607467
0.000761023
0.000742072
0.0012874
0.000682521
0.000621989
0.000807847
0.000705014
0.00127781
0.000650111
0.000638261
0.000854894
0.000667886
0.00126623
0.000617828
0.000655609
0.000900947
0.000630915
0.00125231
0.000585822
0.000673608
0.000945206
0.000594322
0.00123569
0.000554236
0.000691991
0.000987124
0.000558315
0.00121597
0.000523207
0.000710584
0.00102633
0.000523089
0.00119278
0.00049286
0.00072927
0.00106259
0.000488815
0.00116573
0.000463307
0.000747967
0.00109577
0.000455643
0.00113451
0.00043465
0.000766614
0.00112586
0.0004237
0.00109888
0.000406972
0.000785161
0.00115288
0.000393081
0.00105868
0.000380345
0.00080357
0.00117698
0.000363852
0.00101387
0.000354823
0.000821804
0.00119829
0.000336038
0.000964418
0.000330449
0.000839834
0.00121702
0.000309606
0.000910193
0.000307248
0.000857629
0.00123338
0.000284426
0.000850479
0.000285237
0.000875163
0.00124759
0.000260185
0.000782929
0.000264416
0.000892414
0.00125988
0.000236196
0.000700908
0.000244819
0.000909357
0.00127046
0.000210981
0.00058628
0.000221294
0.000925974
0.00127954
0.00018134
0.000386228
0.000327915
0.000228597
0.00107921
0.0011403
0.000760763
0.00128612
4.69172e-05
0.000632321
0.000346239
0.000171506
0.000289119
0.000212697
0.000947038
0.00121444
0.000602364
0.00129081
4.54835e-05
0.000517823
0.000321735
5.13601e-05
0.000253894
0.00019772
0.000790713
0.00124349
0.000472049
0.00129501
4.40362e-05
0.000413484
0.000298471
1.71933e-05
0.000222158
0.000183638
0.000627339
0.00125919
0.000373553
0.00129878
4.25735e-05
0.000323015
0.000276454
8.13109e-06
0.000193765
0.000170419
0.000474834
0.00126979
0.000304285
0.00130215
4.10934e-05
0.000247781
0.000255683
5.9926e-06
0.00016852
0.000158031
0.000345422
0.00127797
0.000259077
0.00130518
3.9594e-05
0.000187301
0.000236145
5.75384e-06
0.000146195
0.000146439
0.000243583
0.00128474
0.000232487
0.00130788
3.80733e-05
0.000139966
0.000217816
6.05632e-06
0.000126547
0.000135606
0.000167846
0.00129054
0.000219841
0.00131029
3.65291e-05
0.000103674
0.000200665
6.5367e-06
0.000109328
0.000125497
0.000113766
0.00129557
0.000217512
0.00131245
3.49592e-05
7.62823e-05
0.000184654
7.10005e-06
9.42925e-05
0.000116074
7.62339e-05
0.00129997
0.000222846
0.00131438
3.33612e-05
5.58493e-05
0.000169741
7.7239e-06
8.12054e-05
0.000107301
5.06874e-05
0.00130381
0.000233976
0.0013161
3.17326e-05
4.07393e-05
0.000155879
8.40553e-06
6.98455e-05
9.91408e-05
3.35259e-05
0.00130717
0.000249619
0.00131763
3.00708e-05
2.9637e-05
0.000143019
9.14782e-06
6.00082e-05
9.15586e-05
2.20977e-05
0.00131011
0.000268911
0.001319
2.8373e-05
2.15177e-05
0.000131109
9.95545e-06
5.15059e-05
8.45198e-05
1.45316e-05
0.00131268
0.000291272
0.00132022
2.66363e-05
1.56002e-05
0.000120097
1.08339e-05
4.41673e-05
7.79909e-05
9.54153e-06
0.00131492
0.000316311
0.00132131
2.48577e-05
1.12982e-05
0.000109931
1.17893e-05
3.78327e-05
7.19397e-05
6.25883e-06
0.00131688
0.000343756
0.00132228
2.30339e-05
8.17638e-06
0.000100559
1.28281e-05
3.23395e-05
6.63355e-05
4.10303e-06
0.00131859
0.000373408
0.00132315
2.11616e-05
5.91408e-06
9.19295e-05
1.39577e-05
2.74783e-05
6.11497e-05
2.68928e-06
0.00132009
0.000405104
0.00132392
1.92371e-05
4.278e-06
8.39943e-05
1.51856e-05
2.28552e-05
5.63574e-05
1.76431e-06
0.00132139
0.000438692
0.0013246
1.72566e-05
3.11231e-06
7.67419e-05
1.65203e-05
1.74544e-05
5.19442e-05
1.16423e-06
0.00132252
0.000474016
0.00132521
1.52163e-05
2.43973e-06
7.16512e-05
1.79709e-05
6.88299e-06
3.45198e-06
4.86555e-05
8.45574e-07
0.00131393
0.00117185
0.000521102
0.000314335
6.98767e-05
1.92048e-05
4.04307e-06
3.31989e-06
4.63593e-05
6.9297e-07
0.00131325
0.00117467
0.000580044
0.000275836
4.8825e-05
2.01833e-05
2.38139e-06
3.20643e-06
4.4168e-05
5.68103e-07
0.00131255
0.0011773
0.000641358
0.000241024
3.42001e-05
2.12065e-05
1.41161e-06
3.11651e-06
4.20772e-05
4.66079e-07
0.00131182
0.0011798
0.000704013
0.000209802
2.40952e-05
2.22786e-05
8.47982e-07
3.0574e-06
4.00825e-05
3.82973e-07
0.00131105
0.00118222
0.000766906
0.000182004
1.71443e-05
2.34029e-05
5.2306e-07
3.03992e-06
3.81798e-05
3.15703e-07
0.00131026
0.00118459
0.000828907
0.000157415
1.2383e-05
2.45825e-05
3.3892e-07
3.07997e-06
3.63651e-05
2.6199e-07
0.00130943
0.00118691
0.000888918
0.000135789
9.13658e-06
2.58202e-05
2.38471e-07
3.20085e-06
3.46345e-05
2.20373e-07
0.00130857
0.00118919
0.000945943
0.000116863
6.93608e-06
2.71189e-05
1.8859e-07
3.43668e-06
3.29843e-05
1.9036e-07
0.00130768
0.00119143
0.000999149
0.000100373
5.45699e-06
2.84816e-05
1.70249e-07
3.83732e-06
3.14111e-05
1.72749e-07
0.00130675
0.00119364
0.00104791
8.60583e-05
4.47544e-06
2.99112e-05
0.00130578
0.00119582
0.00109184
7.36737e-05
0.00130477
0.00119797
0.00113077
6.29891e-05
0.00130372
0.00120009
0.00116475
5.37936e-05
0.00130263
0.00120218
0.001194
4.58961e-05
0.00130148
0.00120424
0.00121885
3.91257e-05
0.00130027
0.00120627
0.00123972
3.33305e-05
0.00129892
0.00120827
0.00125708
2.83764e-05
0.00129729
0.00121024
0.00127139
2.41468e-05
0.00129486
0.00121218
0.0012831
2.05593e-05
0.00128999
0.0012141
0.00129261
1.81736e-05
0.00132996
0.00118679
0.00132995
0.00104491
0.00132995
0.000879228
0.00132994
0.00072728
0.00132994
0.00061534
0.00132993
0.000552547
0.00132992
0.000536136
0.00132992
0.000558203
0.00132991
0.000609782
0.0013299
0.000682338
0.00132989
0.000767987
0.00132988
0.000859428
0.00132987
0.000950055
0.00132986
0.00103433
0.00132984
0.00110823
0.00132983
0.00116955
0.00132981
0.00121784
0.00132979
0.00125408
0.00132978
0.00128011
0.00132975
0.00129808
0.00132973
0.00132969
0.00132965
0.0013296
0.00132955
0.00132949
0.00132942
0.00132935
0.00132926
0.00132917
0.00132906
0.00132893
0.00132879
0.00132863
0.00132845
0.00132824
0.00132801
0.00132775
0.00132744
0.00132716
END_LIST
