BEGIN_LIST
0.00127191
0.00126904
0.00126604
0.0012629
0.00125963
0.0012562
0.00125263
0.0012489
0.00124501
0.00124094
0.00123671
0.00123229
0.00122768
0.00122287
0.00121785
0.00121257
0.00120696
0.00120081
0.00119358
0.00118383
0.00109058
0.00132737
0.00104663
0.00132688
0.000997742
0.0013263
0.000944279
0.00132562
0.000886845
0.00132482
0.000826265
0.00132387
0.000763544
0.00132275
0.000699802
0.00132143
0.000636191
0.00131988
0.000573818
0.00131804
0.000513677
0.00131588
0.000456597
0.00131333
0.000403218
0.00131033
0.000353993
0.0013068
0.000309218
0.00130266
0.00026911
0.00129779
0.000233947
0.00129209
0.00020438
0.00128541
0.000182075
0.00127731
0.000171128
0.00125638
0.000232376
0.000177093
0.000212616
0.000328811
0.000907081
0.000214656
0.000187461
0.000220172
0.000302913
0.000850613
0.000198057
0.000197513
0.000238257
0.000278557
0.000791858
0.000182545
0.000207525
0.00026286
0.000255734
0.00073174
0.000168078
0.000217663
0.000292042
0.000234417
0.000671243
0.000154613
0.000228032
0.000324874
0.000214567
0.000611338
0.000142102
0.000238695
0.000360887
0.000196136
0.000552932
0.000130499
0.000249692
0.000399798
0.000179067
0.000496816
0.000119753
0.000261049
0.000441377
0.000163297
0.000443635
0.000109817
0.000272782
0.000485374
0.00014876
0.000393871
0.00010064
0.000284902
0.000531488
0.000135384
0.000347838
9.21766e-05
0.000297416
0.000579352
0.000123098
0.000305694
8.43789e-05
0.000310326
0.000628531
0.000111826
0.000267451
7.72024e-05
0.000323635
0.000678532
0.000101491
0.000232986
7.06038e-05
0.000337342
0.000728817
9.20031e-05
0.000202029
6.45421e-05
0.000351444
0.000778822
8.32526e-05
0.000174109
5.8978e-05
0.000365938
0.000827982
7.50799e-05
0.000148386
5.38744e-05
0.000380817
0.000875758
6.72168e-05
0.000123234
4.92078e-05
0.000396074
0.000921656
5.91563e-05
9.52288e-05
4.37542e-05
0.000411701
0.00096525
4.98716e-05
5.66641e-05
6.6618e-05
4.49447e-05
0.000523535
0.000617135
0.000308862
0.000999587
1.23076e-05
0.000200363
4.95021e-05
2.30946e-05
5.7217e-05
4.13795e-05
0.000385325
0.000738139
0.000225296
0.00102587
1.19241e-05
0.000150012
4.51024e-05
6.75143e-06
4.90982e-05
3.80895e-05
0.000274155
0.000807442
0.000166443
0.00105075
1.15374e-05
0.000111274
4.10822e-05
2.36752e-06
4.20984e-05
3.50545e-05
0.000190141
0.000857984
0.000126507
0.00107421
1.1147e-05
8.19615e-05
3.74108e-05
1.23527e-06
3.60724e-05
3.22558e-05
0.000129467
0.00090066
0.000100457
0.00109625
1.07524e-05
6.0054e-05
3.40595e-05
9.83882e-07
3.08911e-05
2.9676e-05
8.70269e-05
0.000939293
8.43669e-05
0.00111687
1.03531e-05
4.38311e-05
3.10018e-05
9.74197e-07
2.64409e-05
2.72985e-05
5.7986e-05
0.000975209
7.53517e-05
0.00113608
9.94862e-06
3.18991e-05
2.82132e-05
1.03464e-06
2.26222e-05
2.51081e-05
3.84074e-05
0.00100883
7.1374e-05
0.00115393
9.53829e-06
2.31667e-05
2.56708e-05
1.11954e-06
1.93479e-05
2.30906e-05
2.53388e-05
0.00104025
7.10347e-05
0.00117045
9.12157e-06
1.67991e-05
2.33538e-05
1.2171e-06
1.65424e-05
2.12328e-05
1.66731e-05
0.0010695
7.33953e-05
0.00118568
8.69783e-06
1.21682e-05
2.12427e-05
1.3247e-06
1.41399e-05
1.95225e-05
1.0952e-05
0.00109658
7.78408e-05
0.00119969
8.26643e-06
8.80675e-06
1.93199e-05
1.44222e-06
1.20835e-05
1.79482e-05
7.18577e-06
0.0011215
8.3981e-05
0.00121253
7.82669e-06
6.37016e-06
1.7569e-05
1.57027e-06
1.03241e-05
1.64994e-05
4.71117e-06
0.0011443
9.15798e-05
0.00122427
7.3779e-06
4.60576e-06
1.5975e-05
1.7097e-06
8.81915e-06
1.51663e-05
3.08724e-06
0.00116507
0.000100507
0.00123498
6.91931e-06
3.32904e-06
1.45242e-05
1.86151e-06
7.53172e-06
1.39399e-05
2.02243e-06
0.0011839
0.000110704
0.00124472
6.45013e-06
2.40569e-06
1.32039e-05
2.02677e-06
6.42897e-06
1.28118e-05
1.32461e-06
0.00120088
0.000122162
0.00125356
5.96954e-06
1.73817e-06
1.20026e-05
2.20669e-06
5.47926e-06
1.17743e-05
8.67492e-07
0.00121614
0.000134906
0.00126157
5.47667e-06
1.25577e-06
1.09098e-05
2.40255e-06
4.6444e-06
1.08204e-05
5.68211e-07
0.0012298
0.000148983
0.00126881
4.97062e-06
9.07598e-07
9.91587e-06
2.61576e-06
3.85665e-06
9.94415e-06
3.72612e-07
0.00124198
0.000164455
0.00127534
4.45042e-06
6.59879e-07
9.0164e-06
2.84786e-06
2.94644e-06
9.1416e-06
2.45804e-07
0.00125283
0.000181392
0.00128123
3.91507e-06
5.17075e-07
8.3895e-06
3.10051e-06
1.16136e-06
5.82733e-07
8.54616e-06
1.7849e-07
0.00121441
0.000923687
0.000205175
8.8082e-05
1.82149e-05
3.31575e-06
6.82007e-07
5.62805e-07
8.13183e-06
1.46257e-07
0.00120994
0.000930084
0.000236961
7.54108e-05
1.26013e-05
3.48667e-06
4.02096e-07
5.47027e-07
7.73748e-06
1.19878e-07
0.00120532
0.000935799
0.000272831
6.44774e-05
8.74175e-06
3.6656e-06
2.39031e-07
5.36685e-07
7.36216e-06
9.83155e-08
0.00120055
0.000941128
0.000312923
5.50668e-05
6.09264e-06
3.85331e-06
1.44485e-07
5.33685e-07
7.00496e-06
8.07321e-08
0.00119563
0.000946231
0.000357294
4.69839e-05
4.27738e-06
4.05041e-06
9.02093e-08
5.40832e-07
6.66501e-06
6.64652e-08
0.00119054
0.000951195
0.000405886
4.00541e-05
3.03581e-06
4.25747e-06
5.97185e-08
5.62243e-07
6.34148e-06
5.50128e-08
0.00118528
0.000956067
0.000458488
3.41219e-05
2.18865e-06
4.47505e-06
4.34182e-08
6.03945e-07
6.03359e-06
4.60326e-08
0.00117986
0.000960872
0.000514715
2.90507e-05
1.61255e-06
4.70368e-06
3.57573e-08
6.74751e-07
5.74059e-06
3.93626e-08
0.00117427
0.000965624
0.000573992
2.47202e-05
1.22276e-06
4.94395e-06
3.35634e-08
7.87531e-07
5.46177e-06
3.5072e-08
0.0011685
0.000970331
0.000635557
2.10259e-05
9.61067e-07
5.19644e-06
0.00116255
0.000974996
0.000698482
1.78769e-05
0.00115642
0.000979621
0.000761719
1.51947e-05
0.0011501
0.000984208
0.000824157
1.29113e-05
0.00114359
0.000988757
0.000884696
1.09685e-05
0.00113685
0.000993267
0.000942324
9.31621e-06
0.00112983
0.000997739
0.000996181
7.91146e-06
0.00112235
0.00100217
0.00104562
6.71757e-06
0.00111388
0.00100657
0.00109021
5.7033e-06
0.00110278
0.00101093
0.00112976
4.84653e-06
0.00108399
0.00101524
0.00116431
4.27844e-06
0.00131978
0.000864038
0.00131883
0.00066459
0.00131779
0.000494988
0.00131665
0.00037045
0.00131541
0.000290959
0.00131406
0.000249639
0.00131259
0.000238611
0.00131098
0.000251499
0.00130923
0.000283908
0.00130732
0.000333009
0.00130525
0.000396876
0.00130298
0.000473808
0.00130052
0.000561748
0.00129784
0.000657876
0.00129493
0.000758457
0.00129175
0.00085901
0.00128831
0.000954812
0.00128456
0.0010416
0.0012805
0.00111627
0.00127606
0.00117727
0.00127028
0.00126285
0.00125457
0.00124533
0.00123505
0.00122365
0.00121101
0.00119706
0.00118168
0.00116479
0.0011463
0.00112613
0.00110422
0.00108052
0.00105499
0.00102765
0.000998465
0.000967733
0.000934202
0.00090562
END_LIST
