BEGIN_LIST
0.000690947
0.000674592
0.000658268
0.000641992
0.000625784
0.00060966
0.000593639
0.000577737
0.00056197
0.000546354
0.000530903
0.00051563
0.000500545
0.000485653
0.000470941
0.000456361
0.000441764
0.000426742
0.000410199
0.000389204
0.000301009
0.000792863
0.000260791
0.000740546
0.000225016
0.000687769
0.000193448
0.00063517
0.000165784
0.000583372
0.000141688
0.000532946
0.000120808
0.000484396
0.000102796
0.000438139
8.73166e-05
0.000394498
7.40581e-05
0.000353701
6.27335e-05
0.000315884
5.30839e-05
0.000281099
4.48792e-05
0.000249328
3.79174e-05
0.000220494
3.20246e-05
0.000194477
2.70561e-05
0.000171121
2.29024e-05
0.000150249
1.95063e-05
0.000131673
1.6904e-05
0.000115112
1.53262e-05
9.62647e-05
2.08093e-05
1.56544e-05
1.85474e-05
9.6968e-06
3.75219e-05
1.89605e-05
1.67743e-05
1.86694e-05
8.74276e-06
3.19793e-05
1.7274e-05
1.78481e-05
2.01446e-05
7.88213e-06
2.72419e-05
1.57359e-05
1.89159e-05
2.24725e-05
7.10584e-06
2.31965e-05
1.43335e-05
2.00026e-05
2.54404e-05
6.40571e-06
1.97447e-05
1.3055e-05
2.11246e-05
2.89778e-05
5.77431e-06
1.68014e-05
1.18895e-05
2.22929e-05
3.30863e-05
5.20495e-06
1.42931e-05
1.08274e-05
2.35153e-05
3.78069e-05
4.69156e-06
1.21565e-05
9.85955e-06
2.47981e-05
4.32038e-05
4.22866e-06
1.03373e-05
8.97768e-06
2.61462e-05
4.93575e-05
3.8113e-06
8.78889e-06
8.17426e-06
2.75642e-05
5.63619e-05
3.435e-06
7.47122e-06
7.44238e-06
2.90565e-05
6.43228e-05
3.09566e-06
6.35e-06
6.77573e-06
3.06272e-05
7.33575e-05
2.78954e-06
5.39569e-06
6.16855e-06
3.22807e-05
8.3595e-05
2.51311e-06
4.58253e-06
5.61557e-06
3.40211e-05
9.5175e-05
2.26289e-06
3.88731e-06
5.112e-06
3.58531e-05
0.000108248
2.03508e-06
3.28739e-06
4.65345e-06
3.77812e-05
0.000122974
1.82485e-06
2.7569e-06
4.2359e-06
3.98102e-05
0.000139519
1.62482e-06
2.25868e-06
3.85667e-06
4.19452e-05
0.000158057
1.42183e-06
1.72625e-06
3.41632e-06
4.41913e-05
0.000178761
1.18997e-06
1.02271e-06
5.23004e-06
3.50427e-06
5.83662e-05
7.44457e-05
3.19125e-05
0.000197702
2.88885e-07
5.0162e-06
9.09139e-07
4.34296e-07
4.46543e-06
3.21867e-06
3.86347e-05
9.74601e-05
2.27723e-05
0.000214356
2.79852e-07
3.6255e-06
8.25761e-07
1.5496e-07
3.81234e-06
2.9563e-06
2.54772e-05
0.000114223
1.68036e-05
0.000232131
2.70749e-07
2.61976e-06
7.50026e-07
8.32553e-08
3.25458e-06
2.71528e-06
1.67587e-05
0.000129425
1.29908e-05
0.00025108
2.61568e-07
1.89271e-06
6.81234e-07
6.76782e-08
2.77828e-06
2.49388e-06
1.10056e-05
0.000144919
1.06469e-05
0.000271248
2.52295e-07
1.36727e-06
6.18749e-07
6.75191e-08
2.37158e-06
2.2905e-06
7.21961e-06
0.000161482
9.31058e-06
0.000292668
2.42918e-07
9.87609e-07
5.61993e-07
7.1863e-08
2.02435e-06
2.10369e-06
4.73265e-06
0.00017948
8.67474e-06
0.000315363
2.33426e-07
7.1333e-07
5.10442e-07
7.78075e-08
1.7279e-06
1.93209e-06
3.10093e-06
0.000199113
8.53652e-06
0.000339345
2.23805e-07
5.152e-07
4.63617e-07
8.46071e-08
1.47482e-06
1.77447e-06
2.03117e-06
0.000220517
8.76357e-06
0.000364614
2.14042e-07
3.72089e-07
4.21087e-07
9.20991e-08
1.25878e-06
1.6297e-06
1.33019e-06
0.000243794
9.27123e-06
0.000391155
2.04121e-07
2.68725e-07
3.82458e-07
1.00281e-07
1.07437e-06
1.49673e-06
8.71014e-07
0.000269022
1.00072e-05
0.000418941
1.94029e-07
1.94071e-07
3.47371e-07
1.09197e-07
9.16956e-07
1.3746e-06
5.70293e-07
0.00029626
1.09411e-05
0.000447927
1.83749e-07
1.40155e-07
3.15503e-07
1.18907e-07
7.8259e-07
1.26243e-06
3.73376e-07
0.000325542
1.2058e-05
0.000478052
1.73264e-07
1.01217e-07
2.86558e-07
1.29481e-07
6.67885e-07
1.1594e-06
2.44444e-07
0.000356872
1.33537e-05
0.000509237
1.62558e-07
7.30962e-08
2.60267e-07
1.40995e-07
5.69926e-07
1.06477e-06
1.6003e-07
0.000390226
1.48317e-05
0.000541387
1.51612e-07
5.27879e-08
2.36389e-07
1.53534e-07
4.86136e-07
9.77868e-07
1.04767e-07
0.000425538
1.65013e-05
0.000574388
1.40407e-07
3.81218e-08
2.14701e-07
1.67187e-07
4.14044e-07
8.98057e-07
6.85902e-08
0.000462706
1.83768e-05
0.00060811
1.28924e-07
2.75313e-08
1.95002e-07
1.82054e-07
3.50673e-07
8.24773e-07
4.49163e-08
0.000501583
2.04763e-05
0.000642407
1.17141e-07
1.98921e-08
1.77113e-07
1.98243e-07
2.90725e-07
7.57533e-07
2.94491e-08
0.000541979
2.28212e-05
0.000677122
1.05036e-07
1.44593e-08
1.60944e-07
2.15872e-07
2.20899e-07
6.96019e-07
1.94241e-08
0.00058366
2.54366e-05
0.000712082
9.25865e-08
1.13283e-08
1.49685e-07
2.35068e-07
8.65252e-08
4.32568e-08
6.50419e-07
1.41033e-08
0.000526868
0.000293128
2.92035e-05
2.14669e-06
4.35639e-07
2.51426e-07
5.08116e-08
4.14144e-08
6.18711e-07
1.15556e-08
0.000514017
0.000299715
3.44095e-05
1.82159e-06
3.05044e-07
2.6442e-07
2.9967e-08
3.97318e-08
5.88549e-07
9.47066e-09
0.000501304
0.0003052
4.0545e-05
1.54567e-06
2.15799e-07
2.78026e-07
1.78295e-08
3.82359e-08
5.59856e-07
7.76628e-09
0.000488735
0.000310104
4.77564e-05
1.31151e-06
1.54925e-07
2.92303e-07
1.07969e-08
3.69677e-08
5.32561e-07
6.37613e-09
0.000476319
0.000314711
5.62147e-05
1.1128e-06
1.13522e-07
3.07299e-07
6.76489e-09
3.59894e-08
5.06597e-07
5.24761e-09
0.000464062
0.000319175
6.61156e-05
9.44174e-07
8.54863e-08
3.23057e-07
4.50587e-09
3.53933e-08
4.81898e-07
4.34066e-09
0.00045197
0.000323579
7.76812e-05
8.0109e-07
6.66343e-08
3.3962e-07
3.30582e-09
3.53163e-08
4.58403e-07
3.62762e-09
0.000440049
0.000327968
9.11595e-05
6.7968e-07
5.40976e-08
3.57029e-07
2.75192e-09
3.59596e-08
4.36054e-07
3.09463e-09
0.000428305
0.000332369
0.000106824
5.76664e-07
4.591e-08
3.7533e-07
2.60862e-09
3.76183e-08
4.14793e-07
2.74537e-09
0.000416742
0.000336793
0.000124973
4.89257e-07
4.07245e-08
3.94569e-07
0.000405365
0.000341249
0.000145924
4.15094e-07
0.000394177
0.000345741
0.000170005
3.52171e-07
0.000383181
0.00035027
0.00019755
2.98785e-07
0.000372374
0.000354837
0.000228877
2.5349e-07
0.000361745
0.000359444
0.000264273
2.1506e-07
0.00035125
0.000364089
0.000303968
1.82456e-07
0.000340757
0.000368774
0.000348104
1.54795e-07
0.000329867
0.000373498
0.000396704
1.3133e-07
0.000317377
0.000378261
0.000449641
1.11534e-07
0.000299656
0.000383062
0.000506603
9.84186e-08
0.000671547
0.000190677
0.00064268
0.000125103
0.000614008
8.35522e-05
0.000585631
5.84612e-05
0.000557642
4.44643e-05
0.00053013
3.80405e-05
0.000503178
3.70316e-05
0.000476859
4.02343e-05
0.00045124
4.71096e-05
0.000426379
5.75916e-05
0.000402322
7.19692e-05
0.000379111
9.08148e-05
0.000356776
0.000114938
0.000335341
0.000145347
0.00031482
0.000183194
0.00029522
0.0002297
0.000276543
0.000286018
0.000258783
0.000353041
0.000241935
0.000431142
0.00022585
0.000519865
0.000207942
0.000188655
0.000170915
0.000154642
0.000139753
0.00012616
0.000113776
0.000102517
9.22964e-05
8.30338e-05
7.4651e-05
6.70741e-05
6.02336e-05
5.40642e-05
4.85052e-05
4.35013e-05
3.89959e-05
3.49655e-05
3.12388e-05
2.84539e-05
END_LIST
