BEGIN_LIST
0.00110063
0.00109096
0.001081
0.00107075
0.00106019
0.00104934
0.0010382
0.00102676
0.00101503
0.00100301
0.000990706
0.000978121
0.000965257
0.000952111
0.000938668
0.000924873
0.00091057
0.00089533
0.000878001
0.000855475
0.000720784
0.00125038
0.000656492
0.00123678
0.000593175
0.00122113
0.000531875
0.00120323
0.000473475
0.00118283
0.000418659
0.00115972
0.000367908
0.00113372
0.000321497
0.00110466
0.000279525
0.00107243
0.000241942
0.001037
0.000208582
0.000998414
0.000179198
0.000956799
0.000153493
0.000912396
0.000131144
0.000865543
0.000111832
0.000816676
9.52645e-05
0.000766311
8.12195e-05
0.000715024
6.96215e-05
0.000663412
6.07096e-05
0.000611584
5.54193e-05
0.000540321
7.51436e-05
5.667e-05
6.74184e-05
6.59215e-05
0.000241139
6.87078e-05
6.04858e-05
6.83699e-05
5.96572e-05
0.00020959
6.27978e-05
6.41673e-05
7.38462e-05
5.39666e-05
0.000181605
5.73747e-05
6.78375e-05
8.21664e-05
4.88011e-05
0.000156928
5.24021e-05
7.15732e-05
9.25911e-05
4.41156e-05
0.000135281
4.78455e-05
7.54238e-05
0.000104844
3.98682e-05
0.000116379
4.36725e-05
7.9422e-05
0.000118876
3.60199e-05
9.99379e-05
3.98531e-05
8.3591e-05
0.000134751
3.25352e-05
8.56859e-05
3.6359e-05
8.7948e-05
0.000152588
2.9381e-05
7.33676e-05
3.31639e-05
9.25069e-05
0.00017253
2.65272e-05
6.27471e-05
3.02436e-05
9.72795e-05
0.000194732
2.39459e-05
5.36096e-05
2.75754e-05
0.000102277
0.000219341
2.16114e-05
4.57612e-05
2.51383e-05
0.000107509
0.000246494
1.94999e-05
3.90272e-05
2.29132e-05
0.000112985
0.000276301
1.75887e-05
3.32495e-05
2.08821e-05
0.000118715
0.000308841
1.58548e-05
2.828e-05
1.90286e-05
0.00012471
0.000344148
1.4273e-05
2.39684e-05
1.73376e-05
0.000130978
0.000382202
1.28104e-05
2.01358e-05
1.57952e-05
0.000137529
0.000422915
1.14162e-05
1.65158e-05
1.43921e-05
0.000144372
0.000466128
9.99865e-06
1.26209e-05
1.27603e-05
0.000151518
0.000511605
8.37665e-06
7.43566e-06
1.95108e-05
1.30935e-05
0.000198173
0.000247203
0.000110377
0.000550901
2.03821e-06
3.5067e-05
6.52343e-06
3.05681e-06
1.66815e-05
1.20331e-05
0.000135106
0.000315213
7.89004e-05
0.000583611
1.97439e-06
2.54777e-05
5.92732e-06
9.66198e-07
1.42587e-05
1.1058e-05
9.08946e-05
0.000361394
5.78929e-05
0.000616839
1.91007e-06
1.84801e-05
5.38548e-06
4.16406e-07
1.2185e-05
1.01613e-05
6.05975e-05
0.000400598
4.42086e-05
0.000650464
1.84517e-06
1.33884e-05
4.89301e-06
2.82489e-07
1.04108e-05
9.33689e-06
4.01522e-05
0.000438232
3.56016e-05
0.000684346
1.77961e-06
9.69106e-06
4.44543e-06
2.61646e-07
8.89349e-06
8.57897e-06
2.64963e-05
0.000476252
3.05105e-05
0.000718329
1.71329e-06
7.01036e-06
4.03868e-06
2.72552e-07
7.59623e-06
7.88223e-06
1.74374e-05
0.000515288
2.78694e-05
0.000752248
1.64615e-06
5.06887e-06
3.66906e-06
2.93459e-07
6.4874e-06
7.24181e-06
1.14551e-05
0.000555436
2.69618e-05
0.000785933
1.57806e-06
3.66385e-06
3.33319e-06
3.18652e-07
5.53985e-06
6.65318e-06
7.51634e-06
0.000596567
2.7313e-05
0.000819215
1.50896e-06
2.64764e-06
3.028e-06
3.46737e-07
4.73028e-06
6.11219e-06
4.92805e-06
0.000638443
2.86142e-05
0.000851929
1.43872e-06
1.91296e-06
2.7507e-06
3.77494e-07
4.0387e-06
5.61503e-06
3.22941e-06
0.000680772
3.06699e-05
0.000883917
1.36724e-06
1.38197e-06
2.49875e-06
4.11031e-07
3.448e-06
5.15816e-06
2.11556e-06
0.000723231
3.33619e-05
0.000915033
1.29442e-06
9.9828e-07
2.26985e-06
4.4756e-07
2.94352e-06
4.73835e-06
1.38559e-06
0.000765483
3.66253e-05
0.000945143
1.22013e-06
7.21069e-07
2.06188e-06
4.87339e-07
2.51265e-06
4.3526e-06
9.0736e-07
0.000807192
4.04321e-05
0.000974133
1.14425e-06
5.20812e-07
1.87295e-06
5.30653e-07
2.14454e-06
3.99817e-06
5.94136e-07
0.000848031
4.47804e-05
0.0010019
1.06666e-06
3.76158e-07
1.7013e-06
5.77815e-07
1.82958e-06
3.67254e-06
3.89018e-07
0.000887696
4.96872e-05
0.00102837
9.87211e-07
2.71676e-07
1.54537e-06
6.29167e-07
1.55854e-06
3.37338e-06
2.54717e-07
0.000925913
5.51835e-05
0.00105349
9.05769e-07
1.96218e-07
1.40372e-06
6.85081e-07
1.32033e-06
3.09861e-06
1.66818e-07
0.000962449
6.13113e-05
0.0010772
8.22184e-07
1.41782e-07
1.27505e-06
7.45962e-07
1.09525e-06
2.84642e-06
1.09382e-07
0.00099711
6.81218e-05
0.00109949
7.36298e-07
1.03066e-07
1.15875e-06
8.1225e-07
8.33947e-07
2.61565e-06
7.21519e-08
0.00102975
7.56735e-05
0.00112036
6.47949e-07
8.07518e-08
1.07775e-06
8.84424e-07
3.27435e-07
1.63927e-07
2.44454e-06
5.23906e-08
0.000963055
0.000621671
8.64625e-05
1.49458e-05
3.03342e-06
9.45925e-07
1.92285e-07
1.57491e-07
2.32554e-06
4.29279e-08
0.000952012
0.000630173
0.000101214
1.26989e-05
2.10456e-06
9.94774e-07
1.13393e-07
1.51883e-07
2.21233e-06
3.5184e-08
0.000940785
0.000637473
0.000118358
1.07874e-05
1.46841e-06
1.04592e-06
6.74478e-08
1.47306e-07
2.10462e-06
2.88537e-08
0.000929379
0.000644123
0.000138178
9.16186e-06
1.03324e-06
1.09958e-06
4.08208e-08
1.44066e-07
2.00214e-06
2.36907e-08
0.000917801
0.000650421
0.000160981
7.77999e-06
7.36032e-07
1.15595e-06
2.55483e-08
1.42618e-07
1.90465e-06
1.94999e-08
0.000906056
0.000656529
0.000187082
6.60564e-06
5.33533e-07
1.21517e-06
1.69841e-08
1.43631e-07
1.8119e-06
1.61332e-08
0.00089415
0.000662535
0.000216785
5.60788e-06
3.96059e-07
1.27741e-06
1.24252e-08
1.48088e-07
1.72366e-06
1.34884e-08
0.00088209
0.000668486
0.000250369
4.76036e-06
3.03251e-07
1.34283e-06
1.03085e-08
1.5743e-07
1.63971e-06
1.15152e-08
0.000869883
0.000674407
0.000288063
4.04058e-06
2.41147e-07
1.41159e-06
9.74164e-09
1.73765e-07
1.55985e-06
1.02295e-08
0.000857535
0.000680312
0.000330016
3.42938e-06
2.00172e-07
1.48388e-06
0.000845056
0.000686208
0.00037627
2.91046e-06
0.000832451
0.000692098
0.000426728
2.46993e-06
0.000819727
0.000697983
0.000481126
2.09599e-06
0.000806885
0.000703865
0.000539011
1.77859e-06
0.000793909
0.000709742
0.000599734
1.50921e-06
0.000780736
0.000715614
0.000662461
1.2806e-06
0.000767158
0.000721481
0.0007262
1.08659e-06
0.000752531
0.000727341
0.000789853
9.21976e-07
0.000734903
0.000733194
0.000852282
7.83075e-07
0.000708272
0.000739039
0.000912386
6.91042e-07
0.00117439
0.000495269
0.00116172
0.000345473
0.00114821
0.000239726
0.00113383
0.000171163
0.00111856
0.000130885
0.00110237
0.000111269
0.00108526
0.000106874
0.00106722
0.000114289
0.00104823
0.000131682
0.00102829
0.00015835
0.00100743
0.000194339
0.000985663
0.000240131
0.000963007
0.000296356
0.000939503
0.000363489
0.000915195
0.000441529
0.000890138
0.000529677
0.000864394
0.000626063
0.000838034
0.000727636
0.000811144
0.000830314
0.000783614
0.000929445
0.000750436
0.000711552
0.000672462
0.000633435
0.000594735
0.000556616
0.000519315
0.000483047
0.000447999
0.000414329
0.000382165
0.000351603
0.000322711
0.000295526
0.00027006
0.000246308
0.000224216
0.000203864
0.000184517
0.00016975
END_LIST
