BEGIN_LIST
0.000380708
0.000367622
0.000354852
0.0003424
0.000330266
0.000318451
0.000306955
0.000295777
0.000284915
0.000274368
0.000264131
0.000254202
0.000244574
0.000235239
0.000226178
0.000217352
0.000208662
0.000199858
0.000190288
0.000178231
0.000133455
0.000410916
0.000113545
0.000367841
9.64363e-05
0.000328019
8.17824e-05
0.000291485
6.92666e-05
0.0002582
5.86025e-05
0.000228062
4.95345e-05
0.000200927
4.1837e-05
0.000176617
3.53123e-05
0.000154933
2.97886e-05
0.000135667
2.51172e-05
0.000118608
2.11703e-05
0.000103549
1.78383e-05
9.02916e-05
1.50283e-05
7.86467e-05
1.2662e-05
6.84391e-05
1.06758e-05
5.95074e-05
9.02192e-06
5.17041e-05
7.67522e-06
4.48955e-05
6.64941e-06
3.8933e-05
6.03804e-06
3.23065e-05
8.21922e-06
6.18407e-06
7.31814e-06
3.17951e-06
1.23843e-05
7.48241e-06
6.63907e-06
7.35873e-06
2.86448e-06
1.05295e-05
6.81139e-06
7.07299e-06
7.94144e-06
2.58061e-06
8.95112e-06
6.20032e-06
7.50303e-06
8.86632e-06
2.32483e-06
7.60838e-06
5.64388e-06
7.93997e-06
1.00492e-05
2.09438e-06
6.46637e-06
5.13723e-06
8.39081e-06
1.14632e-05
1.88675e-06
5.49526e-06
4.67593e-06
8.86028e-06
1.31107e-05
1.69967e-06
4.66963e-06
4.25594e-06
9.35177e-06
1.50105e-05
1.53113e-06
3.96778e-06
3.8736e-06
9.8679e-06
1.71912e-05
1.37929e-06
3.37121e-06
3.52552e-06
1.04109e-05
1.96893e-05
1.24248e-06
2.86418e-06
3.20867e-06
1.09826e-05
2.25479e-05
1.11922e-06
2.43326e-06
2.92024e-06
1.15851e-05
2.58166e-05
1.00814e-06
2.06699e-06
2.6577e-06
1.222e-05
2.95518e-05
9.07996e-07
1.75553e-06
2.41872e-06
1.28892e-05
3.38177e-05
8.17624e-07
1.49037e-06
2.20121e-06
1.35948e-05
3.86862e-05
7.35871e-07
1.26382e-06
2.00323e-06
1.43385e-05
4.42385e-05
6.61487e-07
1.06848e-06
1.82304e-06
1.51225e-05
5.05653e-05
5.92891e-07
8.95883e-07
1.65904e-06
1.5949e-05
5.77677e-05
5.27675e-07
7.33972e-07
1.51015e-06
1.68202e-05
6.59579e-05
4.61555e-07
5.61226e-07
1.33737e-06
1.77385e-05
7.52598e-05
3.86113e-07
3.33425e-07
2.04781e-06
1.3716e-06
2.34812e-05
3.01101e-05
1.27891e-05
8.39115e-05
9.36896e-08
1.62849e-06
2.98001e-07
1.43477e-07
1.74783e-06
1.2596e-06
1.54314e-05
3.96719e-05
9.13357e-06
9.16441e-05
9.07541e-08
1.17621e-06
2.70652e-07
5.34632e-08
1.49175e-06
1.15674e-06
1.01273e-05
4.67604e-05
6.76046e-06
0.000100023
8.77974e-08
8.49476e-07
2.45812e-07
3.05909e-08
1.27316e-06
1.06228e-06
6.6403e-06
5.3298e-05
5.2536e-06
0.000109104
8.48161e-08
6.13476e-07
2.23251e-07
2.58859e-08
1.08659e-06
9.75519e-07
4.35135e-06
6.00666e-05
4.33474e-06
0.000118942
8.18063e-08
4.43025e-07
2.02761e-07
2.61929e-08
9.27339e-07
8.95844e-07
2.85031e-06
6.74143e-05
3.81862e-06
0.000129594
7.87641e-08
3.19925e-07
1.84152e-07
2.79871e-08
7.9142e-07
8.22674e-07
1.86659e-06
7.55266e-05
3.58258e-06
0.000141115
7.56855e-08
2.31026e-07
1.6725e-07
3.03334e-08
6.75415e-07
7.55477e-07
1.22218e-06
8.45298e-05
3.546e-06
0.000153564
7.25662e-08
1.66827e-07
1.51899e-07
3.2994e-08
5.76409e-07
6.93767e-07
8.0015e-07
9.45316e-05
3.65651e-06
0.000166997
6.94017e-08
1.20467e-07
1.37957e-07
3.59197e-08
4.91911e-07
6.37095e-07
5.23815e-07
0.000105636
3.88081e-06
0.000181473
6.61874e-08
8.69896e-08
1.25295e-07
3.91133e-08
4.19797e-07
5.85051e-07
3.42897e-07
0.00011795
4.1985e-06
0.000197049
6.29184e-08
6.28151e-08
1.13794e-07
4.25932e-08
3.58252e-07
5.37257e-07
2.24459e-07
0.000131581
4.598e-06
0.00021378
5.95897e-08
4.53586e-08
1.0335e-07
4.63833e-08
3.05726e-07
4.93367e-07
1.46927e-07
0.000146645
5.07384e-06
0.00023172
5.61957e-08
3.27532e-08
9.38637e-08
5.05108e-08
2.60893e-07
4.53061e-07
9.61742e-08
0.000163256
5.62489e-06
0.000250918
5.2731e-08
2.36508e-08
8.52482e-08
5.50057e-08
2.22609e-07
4.16047e-07
6.29528e-08
0.00018153
6.2532e-06
0.000271419
4.91895e-08
1.70781e-08
7.74235e-08
5.99005e-08
1.89867e-07
3.82057e-07
4.12072e-08
0.000201583
6.96327e-06
0.000293262
4.55653e-08
1.23319e-08
7.0317e-08
6.52309e-08
1.61698e-07
3.50845e-07
2.69743e-08
0.000223524
7.76156e-06
0.000316477
4.18517e-08
8.90512e-09
6.38627e-08
7.10356e-08
1.36937e-07
3.22189e-07
1.76618e-08
0.000247457
8.65623e-06
0.000341085
3.8042e-08
6.43352e-09
5.80015e-08
7.73568e-08
1.13508e-07
2.959e-07
1.15783e-08
0.000273471
9.65705e-06
0.000367097
3.4129e-08
4.67597e-09
5.27043e-08
8.42405e-08
8.6201e-08
2.71851e-07
7.63589e-09
0.00030164
1.07753e-05
0.000394509
3.01052e-08
3.66314e-09
4.90158e-08
9.17367e-08
3.37445e-08
1.68649e-08
2.54026e-07
5.54365e-09
0.000268482
0.000140636
1.23898e-05
6.98636e-07
1.4192e-07
9.81252e-08
1.98155e-08
1.61341e-08
2.41632e-07
4.54191e-09
0.000259957
0.00014444
1.46282e-05
5.9272e-07
9.97696e-08
1.032e-07
1.16865e-08
1.54614e-08
2.29842e-07
3.72218e-09
0.000251651
0.000147575
1.72776e-05
5.02856e-07
7.09899e-08
1.08514e-07
6.95349e-09
1.48549e-08
2.18628e-07
3.05211e-09
0.000243562
0.000150363
2.04071e-05
4.26614e-07
5.13836e-08
1.14091e-07
4.21155e-09
1.43277e-08
2.07961e-07
2.50558e-09
0.000235687
0.000152975
2.40992e-05
3.61929e-07
3.80732e-08
1.19948e-07
2.63985e-09
1.38997e-08
1.97814e-07
2.06191e-09
0.000228023
0.000155507
2.84509e-05
3.0705e-07
2.90858e-08
1.26103e-07
1.75964e-09
1.36002e-08
1.88162e-07
1.70531e-09
0.000220568
0.000158011
3.35754e-05
2.60491e-07
2.30691e-08
1.32573e-07
1.29248e-09
1.34734e-08
1.78982e-07
1.42487e-09
0.000213319
0.000160515
3.9604e-05
2.20991e-07
1.90963e-08
1.39374e-07
1.07741e-09
1.3584e-08
1.70249e-07
1.21508e-09
0.000206272
0.000163035
4.66886e-05
1.8748e-07
1.65322e-08
1.46524e-07
1.02263e-09
1.40269e-08
1.61942e-07
1.07728e-09
0.000199424
0.000165579
5.50034e-05
1.5905e-07
1.49417e-08
1.5404e-07
0.000192773
0.000168152
6.47477e-05
1.34931e-07
0.000186313
0.000170758
7.61472e-05
1.14469e-07
0.00018004
0.000173397
8.94558e-05
9.71098e-08
0.000173949
0.000176071
0.000104956
8.23831e-08
0.000168028
0.000178781
0.000122958
6.98896e-08
0.00016225
0.000181527
0.000143796
5.92907e-08
0.000156543
0.000184309
0.000167824
5.02992e-08
0.000150699
0.000187128
0.000195407
4.26722e-08
0.000144098
0.000189985
0.000226906
3.62381e-08
0.000134896
0.000192879
0.000262659
3.19758e-08
0.000336309
8.3172e-05
0.000315256
5.35488e-05
0.000295204
3.53833e-05
0.000276148
2.46499e-05
0.000258073
1.87663e-05
0.000240964
1.61357e-05
0.000224796
1.58173e-05
0.000209545
1.73053e-05
0.000195181
2.03902e-05
0.000181673
2.50751e-05
0.000168987
3.153e-05
0.00015709
4.00706e-05
0.000145945
5.11533e-05
0.000135518
6.53809e-05
0.000125772
8.35125e-05
0.000116671
0.000106473
0.000108181
0.000135356
0.000100268
0.000171405
9.29012e-05
0.000215968
8.59889e-05
0.000270402
7.84361e-05
7.04559e-05
6.32548e-05
5.6763e-05
5.0916e-05
4.56539e-05
4.09217e-05
3.66688e-05
3.28488e-05
2.94196e-05
2.63425e-05
2.35825e-05
2.1108e-05
1.88901e-05
1.69028e-05
1.51229e-05
1.35276e-05
1.21062e-05
1.07968e-05
9.82107e-06
END_LIST
