BEGIN_LIST
0.00130396
0.00130264
0.00130125
0.0012998
0.00129828
0.00129668
0.00129501
0.00129326
0.00129143
0.0012895
0.00128749
0.00128539
0.00128318
0.00128087
0.00127844
0.00127588
0.00127313
0.0012701
0.00126649
0.00126154
0.00120053
0.00132972
0.00117294
0.00132966
0.00114074
0.0013296
0.00110366
0.00132953
0.00106155
0.00132944
0.00101445
0.00132933
0.000962649
0.00132921
0.000906646
0.00132907
0.000847193
0.0013289
0.000785235
0.0013287
0.000721857
0.00132846
0.000658214
0.00132817
0.000595455
0.00132784
0.00053467
0.00132745
0.000476868
0.00132698
0.000423033
0.00132643
0.000374324
0.00132578
0.000332569
0.001325
0.000301387
0.00132404
0.000288607
0.00132066
0.000388686
0.000299393
0.000361761
0.000515664
0.00115092
0.000362799
0.000313499
0.000380177
0.0004815
0.00111735
0.000338048
0.00032758
0.00041059
0.000448487
0.00107928
0.000314466
0.000341802
0.000448122
0.000416748
0.0010367
0.000292071
0.000356264
0.000490218
0.00038638
0.000989758
0.000270869
0.000371023
0.00053545
0.000357457
0.000938788
0.000250854
0.000386109
0.000582902
0.000330028
0.000884324
0.000232013
0.000401535
0.000631875
0.000304123
0.000827076
0.000214321
0.000417306
0.000681745
0.000279748
0.000767896
0.00019775
0.000433418
0.000731911
0.000256894
0.000707722
0.000182263
0.000449864
0.000781782
0.000235536
0.000647521
0.000167819
0.00046663
0.000830783
0.000215632
0.000588217
0.000154376
0.000483702
0.000878369
0.000197127
0.000530626
0.000141885
0.000501065
0.00092405
0.00017995
0.000475379
0.0001303
0.000518697
0.000967406
0.000164001
0.000422815
0.000119572
0.000536579
0.0010081
0.000149136
0.000372795
0.000109651
0.000554688
0.00104589
0.000135117
0.000324283
0.000100489
0.000572999
0.00108063
0.000121507
0.000274378
9.20579e-05
0.000591488
0.00111224
0.000107445
0.000215924
8.21469e-05
0.000610127
0.00114077
9.11445e-05
0.000131279
0.000124393
8.44906e-05
0.000755061
0.000852194
0.000471103
0.00116227
2.2822e-05
0.000350806
0.00011523
5.43404e-05
0.000107443
7.79635e-05
0.000592399
0.000972468
0.000352118
0.00117813
2.21151e-05
0.000270473
0.000105438
1.58017e-05
9.26492e-05
7.19139e-05
0.000444031
0.00103263
0.000264151
0.00119271
2.1402e-05
0.000205282
9.64162e-05
5.32693e-06
7.97771e-05
6.63109e-05
0.000320482
0.00107184
0.000202377
0.00120608
2.06818e-05
0.000153881
8.81151e-05
2.59061e-06
6.86074e-05
6.11251e-05
0.000224652
0.00110216
0.000161041
0.0012183
1.99536e-05
0.000114252
8.04855e-05
1.9567e-06
5.89378e-05
5.63283e-05
0.000154134
0.00112785
0.000134938
0.00122946
1.92164e-05
8.4215e-05
7.34803e-05
1.89809e-06
5.05837e-05
5.18938e-05
0.000104157
0.0011505
0.000119914
0.00123962
1.84693e-05
6.17384e-05
6.70545e-05
2.00414e-06
4.33789e-05
4.77964e-05
6.96498e-05
0.00117078
0.000112883
0.00124885
1.77112e-05
4.50787e-05
6.11653e-05
2.16526e-06
3.71744e-05
4.40123e-05
4.62447e-05
0.00118902
0.000111652
0.00125722
1.6941e-05
3.2817e-05
5.57722e-05
2.35293e-06
3.18384e-05
4.05192e-05
3.05586e-05
0.00120541
0.000114709
0.00126479
1.61576e-05
2.38387e-05
5.0837e-05
2.56053e-06
2.72544e-05
3.72959e-05
2.01293e-05
0.0012201
0.000121045
0.00127163
1.53597e-05
1.72893e-05
4.63238e-05
2.78741e-06
2.33201e-05
3.43228e-05
1.32316e-05
0.00123323
0.000129999
0.00127781
1.45462e-05
1.25249e-05
4.21991e-05
3.03462e-06
1.9946e-05
3.15814e-05
8.68555e-06
0.00124494
0.000141154
0.00128337
1.37156e-05
9.06575e-06
3.84315e-05
3.30377e-06
1.70542e-05
2.90545e-05
5.69623e-06
0.00125534
0.000154262
0.00128837
1.28665e-05
6.558e-06
3.49917e-05
3.59676e-06
1.45761e-05
2.6726e-05
3.73353e-06
0.00126456
0.000169183
0.00129287
1.19976e-05
4.74185e-06
3.18529e-05
3.91566e-06
1.24503e-05
2.45809e-05
2.44617e-06
0.00127272
0.000185853
0.0012969
1.11072e-05
3.42758e-06
2.89898e-05
4.26276e-06
1.06171e-05
2.26054e-05
1.60237e-06
0.00127992
0.000204257
0.00130052
1.01938e-05
2.47709e-06
2.63791e-05
4.64052e-06
9.0037e-06
2.07867e-05
1.04972e-06
0.00128626
0.000224406
0.00130376
9.25566e-06
1.79071e-06
2.39999e-05
5.05165e-06
7.47925e-06
1.91141e-05
6.88437e-07
0.00129184
0.000246328
0.00130665
8.29094e-06
1.30218e-06
2.18427e-05
5.49906e-06
5.71478e-06
1.75805e-05
4.54179e-07
0.00129674
0.000270053
0.00130925
7.29777e-06
1.02049e-06
2.03371e-05
5.98594e-06
2.25321e-06
1.13064e-06
1.64417e-05
3.29818e-07
0.0012733
0.00104112
0.000302867
0.000160038
3.38102e-05
6.4006e-06
1.32321e-06
1.09148e-06
1.56488e-05
2.70264e-07
0.001271
0.00104598
0.000345881
0.000138073
2.34422e-05
6.72979e-06
7.79935e-07
1.06016e-06
1.48937e-05
2.21529e-07
0.0012686
0.00105041
0.000393242
0.000118845
1.62906e-05
7.07433e-06
4.63323e-07
1.03906e-06
1.41746e-05
1.81696e-07
0.00126612
0.00105458
0.000444729
0.000102086
1.13711e-05
7.43569e-06
2.79649e-07
1.03176e-06
1.349e-05
1.4922e-07
0.00126354
0.00105859
0.000499973
8.75362e-05
7.99531e-06
7.81504e-06
1.74105e-07
1.04347e-06
1.28381e-05
1.22882e-07
0.00126087
0.0010625
0.000558432
7.49452e-05
5.68424e-06
8.21347e-06
1.14688e-07
1.08188e-06
1.22175e-05
1.01762e-07
0.00125809
0.00106634
0.000619383
6.40807e-05
4.10653e-06
8.63199e-06
8.27692e-08
1.15824e-06
1.16266e-05
8.52396e-08
0.00125522
0.00107011
0.000681934
5.47291e-05
3.03349e-06
9.07167e-06
6.75608e-08
1.28897e-06
1.10641e-05
7.30372e-08
0.00125224
0.00107384
0.000745062
4.66966e-05
2.30762e-06
9.53358e-06
6.28913e-08
1.49809e-06
1.05286e-05
6.53191e-08
0.00124915
0.00107752
0.000807668
3.98098e-05
1.82062e-06
1.00188e-05
0.00124594
0.00108116
0.000868649
3.39144e-05
0.00124262
0.00108476
0.000926968
2.88744e-05
0.00123918
0.00108832
0.000981727
2.45705e-05
0.00123561
0.00109184
0.00103222
2.08989e-05
0.00123189
0.00109532
0.00107798
1.77692e-05
0.00122798
0.00109876
0.00111875
1.51032e-05
0.00122375
0.00110216
0.00115451
1.28338e-05
0.00121882
0.00110552
0.00118543
1.0903e-05
0.00121205
0.00110885
0.0012118
9.27021e-06
0.00119975
0.00111213
0.00123402
8.18668e-06
0.00132846
0.00101999
0.00132831
0.000829249
0.00132816
0.000646651
0.00132798
0.000501185
0.00132779
0.000403306
0.00132759
0.000350787
0.00132736
0.000336435
0.00132711
0.00035275
0.00132684
0.000393607
0.00132655
0.000454271
0.00132623
0.000530792
0.00132588
0.000619321
0.00132549
0.000715633
0.00132507
0.000814977
0.00132461
0.00091232
0.00132411
0.0010029
0.00132357
0.00108288
0.00132297
0.00114992
0.00132232
0.00120332
0.0013216
0.00124383
0.00132066
0.00131944
0.00131806
0.0013165
0.00131475
0.00131277
0.00131053
0.00130801
0.00130517
0.00130196
0.00129836
0.00129431
0.00128975
0.00128463
0.00127889
0.00127245
0.00126524
0.00125724
0.00124797
0.00123965
END_LIST
