BEGIN_LIST
0.00123814
0.00123374
0.00122915
0.00122436
0.00121938
0.00121419
0.00120879
0.00120317
0.00119733
0.00119126
0.00118495
0.0011784
0.00117159
0.00116453
0.00115718
0.00114951
0.0011414
0.00113257
0.00112229
0.00110858
0.000996028
0.00132117
0.000942244
0.00131954
0.000884514
0.00131762
0.000823681
0.00131537
0.000760763
0.00131271
0.000696888
0.00130959
0.00063321
0.00130592
0.000570836
0.00130161
0.000510752
0.00129656
0.000453772
0.00129064
0.000400516
0.00128372
0.000351398
0.00127566
0.000306646
0.00126627
0.000266329
0.00125537
0.000230405
0.00124275
0.000198783
0.0012282
0.000171439
0.0012115
0.000148619
0.00119239
0.000131273
0.00117008
0.000122019
0.00112387
0.000165784
0.000125788
0.000150471
0.00022167
0.000688346
0.000152477
0.000133669
0.000154551
0.000202698
0.000628036
0.000140117
0.000141276
0.00016719
0.000185116
0.000569001
0.000128656
0.000148842
0.000185176
0.000168861
0.000512071
0.000118046
0.000156514
0.000207015
0.000153868
0.000457936
0.000108238
0.000164381
0.000232054
0.000140068
0.000407125
9.91818e-05
0.000172501
0.000260033
0.00012739
0.000359999
9.08308e-05
0.000180913
0.000290863
0.000115763
0.000316764
8.31387e-05
0.000189642
0.000324511
0.000105118
0.000277483
7.60607e-05
0.000198707
0.000360942
9.53846e-05
0.000242104
6.95538e-05
0.000208124
0.000400083
8.64965e-05
0.000210484
6.35773e-05
0.000217902
0.000441803
7.83885e-05
0.000182411
5.80922e-05
0.000228052
0.000485901
7.09972e-05
0.000157622
5.30619e-05
0.000238581
0.000532099
6.42586e-05
0.000135815
4.84517e-05
0.000249495
0.000580039
5.81053e-05
0.000116646
4.42291e-05
0.0002608
0.000629292
5.24578e-05
9.96893e-05
4.03637e-05
0.000272501
0.000679366
4.72069e-05
8.43456e-05
3.6827e-05
0.0002846
0.000729721
4.21758e-05
6.96008e-05
3.36006e-05
0.0002971
0.000779794
3.70371e-05
5.34613e-05
2.98382e-05
0.000310002
0.000829019
3.11353e-05
3.16044e-05
4.55176e-05
3.06355e-05
0.000398908
0.000480838
0.000229653
0.000868982
7.63413e-06
0.00012747
2.75961e-05
1.28513e-05
3.90146e-05
2.81825e-05
0.00028468
0.000589565
0.000165902
0.000900402
7.39565e-06
9.41523e-05
2.51081e-05
3.80705e-06
3.34198e-05
2.59224e-05
0.00019788
0.000656156
0.000121977
0.000930797
7.15522e-06
6.91289e-05
2.28407e-05
1.39527e-06
2.8612e-05
2.38405e-05
0.000134948
0.000707639
9.26433e-05
0.000960077
6.91253e-06
5.05313e-05
2.07752e-05
7.79114e-07
2.44846e-05
2.19232e-05
9.08092e-05
0.000753241
7.37584e-05
0.000988154
6.66729e-06
3.68163e-05
1.88939e-05
6.49315e-07
2.09444e-05
2.0158e-05
6.05504e-05
0.00079617
6.22515e-05
0.00101496
6.41918e-06
2.67595e-05
1.7181e-05
6.53507e-07
1.791e-05
1.8533e-05
4.01256e-05
0.000837447
5.59381e-05
0.00104042
6.16785e-06
1.94157e-05
1.56217e-05
6.97194e-07
1.53108e-05
1.70375e-05
2.64809e-05
0.000877283
5.33073e-05
0.00106451
5.91297e-06
1.40694e-05
1.42025e-05
7.5528e-07
1.30856e-05
1.56614e-05
1.74283e-05
0.000915602
5.33366e-05
0.0010872
5.65416e-06
1.01858e-05
1.2911e-05
8.21351e-07
1.11814e-05
1.43953e-05
1.14496e-05
0.000952243
5.5348e-05
0.00110848
5.39105e-06
7.36924e-06
1.17361e-05
8.94051e-07
9.55261e-06
1.32306e-05
7.51297e-06
0.000987039
5.89027e-05
0.00112835
5.12322e-06
5.32891e-06
1.06673e-05
9.73409e-07
8.15979e-06
1.21594e-05
4.92597e-06
0.00101985
6.37264e-05
0.00114684
4.85027e-06
3.85214e-06
9.69513e-06
1.05987e-06
6.96907e-06
1.11742e-05
3.22812e-06
0.00105058
6.96578e-05
0.00116398
4.57175e-06
2.7839e-06
8.81105e-06
1.15402e-06
5.95127e-06
1.02683e-05
2.11476e-06
0.00107916
7.6613e-05
0.00117982
4.28719e-06
2.01153e-06
8.00714e-06
1.25653e-06
5.0811e-06
9.43532e-06
1.38509e-06
0.00110558
8.45619e-05
0.00119439
3.99612e-06
1.45325e-06
7.27621e-06
1.36813e-06
4.33613e-06
8.66954e-06
9.07059e-07
0.00112986
9.35117e-05
0.00120777
3.69802e-06
1.04982e-06
6.61169e-06
1.48965e-06
3.6948e-06
7.96562e-06
5.93984e-07
0.00115204
0.000103496
0.00122002
3.39235e-06
7.58357e-07
6.00762e-06
1.62194e-06
3.13119e-06
7.31872e-06
3.89039e-07
0.00117221
0.000114566
0.00123119
3.07856e-06
5.48039e-07
5.45859e-06
1.76596e-06
2.59935e-06
6.72469e-06
2.55107e-07
0.00119046
0.000126788
0.00124137
2.75606e-06
3.98427e-07
4.96201e-06
1.92276e-06
1.98442e-06
6.18085e-06
1.68284e-07
0.0012069
0.000140235
0.00125061
2.42422e-06
3.12187e-07
4.61606e-06
2.09346e-06
7.81488e-07
3.91934e-07
5.77748e-06
1.22197e-07
0.00115825
0.000838655
0.000159246
5.5159e-05
1.13029e-05
2.2389e-06
4.58925e-07
3.78145e-07
5.49687e-06
1.00128e-07
0.00115194
0.000845942
0.000184883
4.70611e-05
7.81743e-06
2.3544e-06
2.70598e-07
3.66988e-07
5.22983e-06
8.20679e-08
0.00114545
0.000852373
0.000214146
4.01187e-05
5.42464e-06
2.47532e-06
1.60901e-07
3.59256e-07
4.97573e-06
6.73046e-08
0.00113877
0.000858327
0.000247283
3.41762e-05
3.78418e-06
2.60219e-06
9.73101e-08
3.56125e-07
4.73393e-06
5.52648e-08
0.0011319
0.000864008
0.000284506
2.90962e-05
2.66109e-06
2.73542e-06
6.08183e-08
3.59325e-07
4.50384e-06
4.54944e-08
0.00112483
0.000869529
0.000325958
2.47584e-05
1.89357e-06
2.8754e-06
4.03337e-08
3.71398e-07
4.28491e-06
3.76486e-08
0.00111756
0.00087495
0.00037168
2.10581e-05
1.37031e-06
3.02249e-06
2.94025e-08
3.96069e-07
4.07658e-06
3.14916e-08
0.0011101
0.000880304
0.000421579
1.7904e-05
1.01486e-06
3.17708e-06
2.42911e-08
4.38783e-07
3.87836e-06
2.69096e-08
0.00110243
0.000885607
0.000475399
1.52174e-05
7.74704e-07
3.33954e-06
2.28671e-08
5.07496e-07
3.68975e-06
2.39456e-08
0.00109456
0.000890869
0.000532702
1.29305e-05
6.13821e-07
3.5103e-06
0.00108648
0.000896095
0.000592856
1.09847e-05
0.0010782
0.000901288
0.000655043
9.3298e-06
0.0010697
0.000906447
0.000718294
7.92292e-06
0.00106099
0.000911575
0.00078153
6.72723e-06
0.00105204
0.00091667
0.00084363
5.7113e-06
0.00104277
0.000921733
0.000903509
4.84828e-06
0.001033
0.000926763
0.000960189
4.11532e-06
0.00102211
0.000931759
0.00101286
3.493e-06
0.00100825
0.000936722
0.00106095
2.96757e-06
0.000985699
0.000941651
0.00110408
2.6193e-06
0.0013024
0.000753446
0.00129986
0.000560658
0.0012971
0.000407139
0.0012941
0.000299302
0.00129083
0.000232444
0.00128729
0.000198383
0.00128344
0.000189607
0.00127926
0.000200635
0.00127472
0.000228004
0.00126981
0.000269765
0.00126449
0.000324877
0.00125873
0.000392625
0.0012525
0.000472095
0.00124576
0.000561723
0.00123849
0.000658987
0.00123065
0.000760323
0.00122221
0.000861349
0.00121312
0.000957398
0.00120336
0.00104425
0.00119283
0.00111882
0.00117929
0.00116219
0.00114349
0.00112311
0.00110098
0.00107707
0.00105135
0.0010238
0.000994473
0.000963411
0.000930706
0.000896484
0.000860899
0.000824142
0.000786424
0.000747996
0.000709064
0.000670165
0.000630057
0.000597426
END_LIST
