BEGIN_LIST
0.00125695
0.00125339
0.00124967
0.00124579
0.00124174
0.00123751
0.00123311
0.00122851
0.00122373
0.00121875
0.00121356
0.00120816
0.00120254
0.00119669
0.00119058
0.00118419
0.00117741
0.00117001
0.00116134
0.00114971
0.00104664
0.00132515
0.000997663
0.00132425
0.000944113
0.00132319
0.000886594
0.00132194
0.000825935
0.00132046
0.000763146
0.00131873
0.000699348
0.00131668
0.000635696
0.00131427
0.000573298
0.00131143
0.000513144
0.00130809
0.000456058
0.00130417
0.000402672
0.00129957
0.000353415
0.00129418
0.00030854
0.00128786
0.000268158
0.00128048
0.000232315
0.00127188
0.000201119
0.00126188
0.000174992
0.00125026
0.000155208
0.0012364
0.000145061
0.00120423
0.000197088
0.000149851
0.000179571
0.000274323
0.000804076
0.000181638
0.000158962
0.000185175
0.000251756
0.000744075
0.000167231
0.000167769
0.000200368
0.000230692
0.000683499
0.000153823
0.000176532
0.000221529
0.000211091
0.000623329
0.000141368
0.00018541
0.000246942
0.000192901
0.000564493
0.000129817
0.000194501
0.000275824
0.000176066
0.00050781
0.000119122
0.000203868
0.000307817
0.000160519
0.000453958
0.000109232
0.00021355
0.000342747
0.000146195
0.000403452
0.0001001
0.000223574
0.000380492
0.000133023
0.000356642
9.16783e-05
0.000233959
0.000420917
0.000120933
0.000313721
8.39195e-05
0.000244717
0.00046384
0.000109852
0.000274742
7.67794e-05
0.000255859
0.000509012
9.97113e-05
0.000239642
7.02147e-05
0.00026739
0.000556113
9.04387e-05
0.000208258
6.41845e-05
0.000279316
0.000604744
8.19618e-05
0.000180344
5.86496e-05
0.000291641
0.000654443
7.42017e-05
0.000155566
5.35732e-05
0.000304366
0.000704691
6.7063e-05
0.000133454
4.89204e-05
0.000317492
0.000754934
6.04115e-05
0.000113283
4.46584e-05
0.000331018
0.000804604
5.40259e-05
9.37486e-05
4.07662e-05
0.000344942
0.000853148
4.74925e-05
7.22017e-05
3.62229e-05
0.00035926
0.000900043
3.99784e-05
4.28029e-05
5.52087e-05
3.71989e-05
0.000459719
0.000548189
0.000267729
0.000937532
9.83227e-06
0.000162232
3.73758e-05
1.74147e-05
4.73654e-05
3.42331e-05
0.000332964
0.000664084
0.000194271
0.000966605
9.5255e-06
0.000120599
3.40274e-05
5.11861e-06
4.06058e-05
3.14985e-05
0.000234011
0.000732806
0.000143127
0.000994415
9.21618e-06
8.89732e-05
3.09723e-05
1.83014e-06
3.47883e-05
2.89779e-05
0.000160855
0.000784449
0.00010871
0.00102091
8.90394e-06
6.52698e-05
2.8186e-05
9.8487e-07
2.97877e-05
2.66552e-05
0.000108839
0.000829131
8.64104e-05
0.00104604
8.58837e-06
4.768e-05
2.56459e-05
8.01317e-07
2.54937e-05
2.45155e-05
7.28452e-05
0.000870383
7.27285e-05
0.00106978
8.26908e-06
3.47227e-05
2.33309e-05
7.99641e-07
2.18097e-05
2.25449e-05
4.8395e-05
0.000909379
6.51383e-05
0.00109211
7.94563e-06
2.52292e-05
2.12218e-05
8.511e-07
1.86516e-05
2.07303e-05
3.1992e-05
0.000946429
6.18755e-05
0.00111302
7.61757e-06
1.8301e-05
1.93008e-05
9.21453e-07
1.59459e-05
1.90599e-05
2.10789e-05
0.000981548
6.17376e-05
0.00113254
7.28442e-06
1.32593e-05
1.75515e-05
1.0019e-06
1.36293e-05
1.75224e-05
1.38581e-05
0.00101466
6.39228e-05
0.00115068
6.9457e-06
9.59809e-06
1.5959e-05
1.09053e-06
1.16466e-05
1.61076e-05
9.09777e-06
0.00104568
6.7909e-05
0.00116748
6.60089e-06
6.94343e-06
1.45095e-05
1.1873e-06
9.95044e-06
1.48058e-05
5.96697e-06
0.00107456
7.33675e-05
0.00118299
6.24944e-06
5.02069e-06
1.31905e-05
1.29274e-06
8.49988e-06
1.36083e-05
3.91113e-06
0.00110128
8.01019e-05
0.00119726
5.89079e-06
3.62918e-06
1.19904e-05
1.40755e-06
7.25957e-06
1.25067e-05
2.56256e-06
0.00112586
8.8007e-05
0.00121034
5.52435e-06
2.6227e-06
1.08986e-05
1.53256e-06
6.19889e-06
1.14936e-05
1.67854e-06
0.00114833
9.70401e-05
0.00122232
5.14947e-06
1.89502e-06
9.90558e-06
1.66866e-06
5.29061e-06
1.0562e-05
1.0993e-06
0.00116878
0.000107201
0.00123324
4.76551e-06
1.36906e-06
9.00246e-06
1.81682e-06
4.50855e-06
9.7055e-06
7.19899e-07
0.0011873
0.000118521
0.00124318
4.37178e-06
9.89032e-07
8.18121e-06
1.97813e-06
3.82119e-06
8.91818e-06
4.71522e-07
0.00120399
0.00013105
0.0012522
3.96755e-06
7.14775e-07
7.43458e-06
2.15374e-06
3.17265e-06
8.19508e-06
3.092e-07
0.00121898
0.000144852
0.00126038
3.55206e-06
5.19664e-07
6.75911e-06
2.34491e-06
2.42315e-06
7.53295e-06
2.0397e-07
0.00123239
0.000160002
0.00126777
3.12451e-06
4.07193e-07
6.28844e-06
2.55302e-06
9.54762e-07
4.78975e-07
7.04177e-06
1.48111e-07
0.00118893
0.000882961
0.00018135
7.07173e-05
1.45527e-05
2.73032e-06
5.6068e-07
4.62421e-07
6.70004e-06
1.21363e-07
0.00118361
0.00088981
0.000210016
6.04335e-05
1.00653e-05
2.87112e-06
3.30581e-07
4.49207e-07
6.37481e-06
9.9473e-08
0.00117811
0.000895892
0.000242558
5.15904e-05
6.98238e-06
3.01853e-06
1.96545e-07
4.40357e-07
6.06531e-06
8.15797e-08
0.00117244
0.000901544
0.000279177
4.40012e-05
4.86761e-06
3.17317e-06
1.18838e-07
4.3739e-07
5.77078e-06
6.69878e-08
0.0011666
0.000906946
0.000320016
3.74991e-05
3.41913e-06
3.33557e-06
7.42377e-08
4.42541e-07
5.49049e-06
5.51471e-08
0.00116057
0.000912199
0.000365128
3.19365e-05
2.42879e-06
3.50618e-06
4.91926e-08
4.59094e-07
5.22377e-06
4.56404e-08
0.00115437
0.000917356
0.000414436
2.71836e-05
1.7533e-06
3.68546e-06
3.58166e-08
4.91853e-07
4.96996e-06
3.81827e-08
0.00114797
0.000922444
0.000467706
2.31267e-05
1.29413e-06
3.87386e-06
2.95473e-08
5.47845e-07
4.72844e-06
3.26377e-08
0.00114139
0.000927481
0.000524522
1.96672e-05
9.83612e-07
4.07186e-06
2.7778e-08
6.37336e-07
4.49862e-06
2.90598e-08
0.00113461
0.000932474
0.00058428
1.67192e-05
7.75306e-07
4.27994e-06
0.00112764
0.000937428
0.000646187
1.42089e-05
0.00112048
0.000942344
0.000709292
1.20723e-05
0.00111311
0.000947224
0.000772529
1.02548e-05
0.00110553
0.000952068
0.000834782
8.70934e-06
0.00109771
0.000956876
0.000894959
7.3956e-06
0.0010896
0.000961649
0.000952066
6.27919e-06
0.00108099
0.000966385
0.00100527
5.33071e-06
0.00107132
0.000971085
0.00105396
4.52517e-06
0.00105884
0.000975748
0.00109775
3.8449e-06
0.00103812
0.000980374
0.00113649
3.39392e-06
0.00131305
0.000810618
0.00131148
0.000613296
0.00130976
0.000450972
0.00130789
0.000334426
0.00130586
0.000261119
0.00130364
0.000223389
0.00130123
0.000213472
0.0012986
0.000225421
0.00129575
0.000255316
0.00129264
0.000300788
0.00128927
0.000360381
0.0012856
0.000432916
0.00128162
0.000516928
0.00127729
0.000610229
0.00127261
0.000709662
0.00126753
0.000811143
0.00126203
0.000910034
0.00125607
0.00100178
0.00124964
0.00108266
0.00124264
0.00115035
0.00123358
0.00122202
0.00120922
0.00119509
0.00117953
0.00116245
0.00114376
0.0011234
0.00110128
0.00107737
0.00105165
0.0010241
0.000994761
0.000963686
0.000930964
0.000896727
0.000861086
0.000824494
0.000785662
0.000753318
END_LIST
