BEGIN_LIST
0.00129725
0.0012956
0.00129387
0.00129205
0.00129015
0.00128816
0.00128607
0.00128389
0.00128161
0.00127922
0.00127672
0.00127411
0.00127137
0.0012685
0.0012655
0.00126233
0.00125894
0.0012552
0.00125077
0.00124471
0.00117517
0.00132946
0.00114328
0.00132936
0.00110652
0.00132924
0.00106473
0.0013291
0.00101793
0.00132893
0.0009664
0.00132873
0.000910626
0.0013285
0.000851342
0.00132822
0.000789484
0.0013279
0.000726129
0.00132752
0.000662424
0.00132706
0.000599509
0.00132652
0.000538448
0.00132589
0.000480184
0.00132514
0.000425534
0.00132425
0.000375252
0.00132321
0.000330211
0.00132197
0.000291849
0.00132051
0.000263141
0.0013187
0.000250717
0.0013128
0.000338858
0.000260092
0.000313759
0.000464061
0.00109848
0.000315233
0.000273339
0.000328408
0.000431676
0.00105804
0.000292796
0.000286402
0.000355048
0.000400622
0.00101313
0.000271552
0.000299516
0.000388927
0.000370985
0.000963988
0.000251496
0.00031282
0.000427617
0.000342825
0.000911072
0.000232615
0.000326397
0.000469813
0.00031618
0.000855007
0.000214884
0.000340297
0.000514718
0.000291069
0.000796587
0.000198276
0.000354546
0.00056174
0.000267488
0.000736721
0.000182753
0.000369158
0.000610349
0.000245421
0.000676375
0.000168275
0.000384136
0.000660016
0.000224834
0.000616518
0.000154799
0.00039948
0.000710187
0.000205685
0.00055805
0.000142277
0.000415185
0.000760296
0.000187917
0.000501755
0.000130663
0.000431241
0.000809768
0.000171464
0.000448257
0.000119907
0.000447638
0.000858051
0.000156248
0.000397966
0.00010996
0.000464361
0.000904632
0.000142169
0.00035102
0.000100774
0.000481395
0.000949058
0.000129089
0.000307145
9.23008e-05
0.000498722
0.000990956
0.00011679
0.000265333
8.4494e-05
0.000516324
0.00103004
0.000104883
0.000223068
7.73259e-05
0.000534179
0.00106613
9.26101e-05
0.000174432
6.89165e-05
0.000552264
0.00109911
7.8411e-05
0.000105241
0.000104557
7.08516e-05
0.000689329
0.000787884
0.000422591
0.00112425
1.95453e-05
0.00030587
9.22034e-05
4.33022e-05
9.01347e-05
6.53274e-05
0.000530566
0.000911289
0.000313384
0.00114296
1.89387e-05
0.000233723
8.42412e-05
1.25883e-05
7.75927e-05
6.0215e-05
0.000391288
0.000975559
0.00023386
0.00116029
1.8327e-05
0.000176131
7.6927e-05
4.27684e-06
6.67145e-05
5.54866e-05
0.000278837
0.00101884
0.000178603
0.00117628
1.77092e-05
0.000131304
7.02148e-05
2.11159e-06
5.7301e-05
5.11159e-05
0.000193615
0.00105316
0.000141909
0.001191
1.70846e-05
9.70808e-05
6.40606e-05
1.61419e-06
4.91711e-05
4.70778e-05
0.000131942
0.00108277
0.000118878
0.00120451
1.64524e-05
7.13331e-05
5.84227e-05
1.57336e-06
4.21616e-05
4.33488e-05
8.87419e-05
0.00110925
0.000105708
0.00121688
1.58117e-05
5.21723e-05
5.32616e-05
1.66356e-06
3.6127e-05
3.99068e-05
5.9152e-05
0.00113323
9.96209e-05
0.00122817
1.51617e-05
3.80282e-05
4.85405e-05
1.79796e-06
3.09382e-05
3.67309e-05
3.91901e-05
0.00115499
9.86618e-05
0.00123846
1.45014e-05
2.76492e-05
4.42244e-05
1.95401e-06
2.64814e-05
3.38018e-05
2.58598e-05
0.00117472
0.000101498
0.00124781
1.38298e-05
2.00661e-05
4.02809e-05
2.12651e-06
2.2657e-05
3.11011e-05
1.70179e-05
0.00119253
0.000107241
0.0012563
1.31459e-05
1.45434e-05
3.66798e-05
2.31501e-06
1.93778e-05
2.86118e-05
1.11794e-05
0.00120856
0.000115317
0.00126398
1.24486e-05
1.05305e-05
3.3393e-05
2.5204e-06
1.65679e-05
2.6318e-05
7.33539e-06
0.00122294
0.000125367
0.00127092
1.17368e-05
7.61945e-06
3.03943e-05
2.74403e-06
1.41612e-05
2.42051e-05
4.80944e-06
0.00123579
0.000137182
0.00127718
1.10093e-05
5.51034e-06
2.76596e-05
2.98748e-06
1.21001e-05
2.22591e-05
3.15173e-06
0.00124723
0.00015065
0.00128282
1.02648e-05
3.98357e-06
2.51665e-05
3.25248e-06
1.0333e-05
2.04674e-05
2.06473e-06
0.0012574
0.000165726
0.0012879
9.50201e-06
2.87907e-06
2.28945e-05
3.54094e-06
8.80986e-06
1.8818e-05
1.35241e-06
0.0012664
0.000182412
0.00129246
8.71955e-06
2.08048e-06
2.08246e-05
3.85491e-06
7.46988e-06
1.73004e-05
8.85921e-07
0.00127437
0.000200732
0.00129655
7.91596e-06
1.50389e-06
1.89396e-05
4.19664e-06
6.20451e-06
1.59052e-05
5.80994e-07
0.00128139
0.000220729
0.00130022
7.08972e-06
1.09355e-06
1.72316e-05
4.56856e-06
4.74111e-06
1.46264e-05
3.83287e-07
0.00128758
0.00024245
0.00130351
6.2392e-06
8.56958e-07
1.60401e-05
4.97334e-06
1.86935e-06
9.38084e-07
1.36771e-05
2.78333e-07
0.00126035
0.00101124
0.000272634
0.000137924
2.89426e-05
5.31811e-06
1.09778e-06
9.05916e-07
1.30163e-05
2.28073e-07
0.00125755
0.00101652
0.000312443
0.000118711
2.00509e-05
5.59185e-06
6.47118e-07
8.80385e-07
1.23871e-05
1.86943e-07
0.00125465
0.00102131
0.000356612
0.000101968
1.39238e-05
5.87837e-06
3.84514e-07
8.63544e-07
1.17881e-05
1.53325e-07
0.00125164
0.0010258
0.000405043
8.74315e-05
9.71184e-06
6.17889e-06
2.322e-07
8.58431e-07
1.12179e-05
1.25914e-07
0.00124851
0.00103013
0.000457504
7.48533e-05
6.82265e-06
6.49442e-06
1.44705e-07
8.69523e-07
1.0675e-05
1.0368e-07
0.00124528
0.00103434
0.0005136
6.40004e-05
4.84517e-06
6.82583e-06
9.5485e-08
9.03386e-07
1.01582e-05
8.58444e-08
0.00124193
0.00103846
0.000572752
5.46593e-05
3.49525e-06
7.174e-06
6.90877e-08
9.69634e-07
9.66621e-06
7.18799e-08
0.00123845
0.00104253
0.000634198
4.66361e-05
2.57703e-06
7.53981e-06
5.65687e-08
1.08232e-06
9.19794e-06
6.15455e-08
0.00123486
0.00104655
0.000697012
3.97575e-05
1.95567e-06
7.92415e-06
5.28126e-08
1.26197e-06
8.75221e-06
5.49693e-08
0.00123113
0.00105052
0.000760149
3.38694e-05
1.53853e-06
8.32795e-06
0.00122728
0.00105444
0.000822502
2.88357e-05
0.00122329
0.00105833
0.000882973
2.45373e-05
0.00121916
0.00106218
0.000940554
2.08704e-05
0.00121488
0.00106598
0.000994387
1.77448e-05
0.00121043
0.00106975
0.00104382
1.50824e-05
0.00120576
0.00107347
0.00108843
1.28159e-05
0.00120073
0.00107716
0.00112802
1.08876e-05
0.00119491
0.0010808
0.00116262
9.24772e-06
0.00118703
0.00108441
0.00119243
7.86143e-06
0.00117298
0.00108798
0.00121778
6.94173e-06
0.00132731
0.00098034
0.00132706
0.00078489
0.00132678
0.000604043
0.00132648
0.000463331
0.00132615
0.000370082
0.00132579
0.000320478
0.00132539
0.000306955
0.00132496
0.000322271
0.00132449
0.000360801
0.00132398
0.000418396
0.00132342
0.000491736
0.00132281
0.00057762
0.00132214
0.00067243
0.00132141
0.000771895
0.00132062
0.000871213
0.00131975
0.000965524
0.0013188
0.00105059
0.00131777
0.00112342
0.00131664
0.00118264
0.0013154
0.00122846
0.00131377
0.00131167
0.00130929
0.00130662
0.00130361
0.00130021
0.00129639
0.0012921
0.00128728
0.00128187
0.0012758
0.00126901
0.00126141
0.00125293
0.00124347
0.00123296
0.00122127
0.00120842
0.00119368
0.00118058
END_LIST
