BEGIN_LIST
0.00131045
0.00130945
0.00130841
0.00130731
0.00130616
0.00130495
0.00130368
0.00130236
0.00130097
0.00129951
0.00129798
0.00129638
0.0012947
0.00129294
0.00129109
0.00128913
0.00128703
0.00128471
0.00128194
0.00127812
0.00122676
0.00132987
0.00120395
0.00132985
0.00117701
0.00132982
0.00114552
0.00132979
0.00110919
0.00132975
0.00106784
0.00132971
0.00102149
0.00132965
0.000970377
0.00132959
0.000914983
0.00132951
0.00085602
0.00132942
0.000794408
0.00132932
0.000731223
0.00132919
0.000667631
0.00132904
0.000604828
0.00132887
0.000544016
0.00132866
0.000486448
0.00132842
0.000433643
0.00132813
0.000387958
0.00132778
0.000353885
0.00132735
0.000340841
0.00132571
0.000456286
0.00035327
0.000427488
0.00057727
0.00120123
0.00042785
0.000368045
0.000451257
0.000541509
0.00117541
0.000400414
0.000383111
0.000486392
0.000506624
0.00114549
0.000374044
0.000398497
0.000528059
0.00047278
0.00111122
0.000348792
0.000414216
0.000573652
0.000440116
0.00107247
0.000324696
0.00043027
0.000621648
0.00040875
0.00102922
0.00030178
0.000446653
0.00067103
0.000378772
0.000981649
0.000280055
0.000463358
0.000721011
0.00035025
0.000930135
0.000259521
0.000480369
0.000770907
0.000323229
0.000875231
0.000240167
0.000497673
0.000820094
0.000297729
0.000817666
0.000221974
0.000515249
0.000868002
0.000273754
0.000758296
0.000204914
0.000533079
0.000914116
0.000251286
0.000698044
0.000188956
0.000551139
0.000957995
0.000230288
0.000637825
0.000174058
0.000569406
0.000999281
0.000210701
0.000578439
0.000160181
0.000587855
0.00103771
0.000192434
0.000520424
0.000147277
0.000606459
0.00107311
0.000175336
0.000463785
0.000135299
0.000625192
0.0011054
0.000159148
0.000407443
0.000124199
0.000644023
0.00113459
0.000143375
0.000347962
0.000113952
0.000662925
0.00116075
0.000127025
0.000276428
0.00010187
0.000681867
0.001184
0.000108024
0.000170034
0.000153814
0.000104844
0.000834213
0.000927042
0.000532865
0.00120133
2.72119e-05
0.000408359
0.000149686
7.1053e-05
0.000133242
9.68571e-05
0.000670638
0.00104066
0.000402571
0.00121399
2.63711e-05
0.000318562
0.000137275
2.0706e-05
0.000115188
8.94377e-05
0.000513567
0.00109464
0.000304274
0.00122553
2.55227e-05
0.00024408
0.000125792
6.93286e-06
9.9403e-05
8.25518e-05
0.00037717
0.00112842
0.000234269
0.00123604
2.46658e-05
0.000184331
0.000115182
3.32342e-06
8.56492e-05
7.61662e-05
0.00026791
0.00115375
0.000186962
0.00124559
2.37993e-05
0.000137645
0.000105395
2.4806e-06
7.36996e-05
7.0249e-05
0.000185588
0.00117474
0.000156865
0.00125425
2.2922e-05
0.000101898
9.6378e-05
2.39475e-06
6.33437e-05
6.47697e-05
0.000126261
0.00119296
0.000139424
0.00126209
2.20327e-05
7.49437e-05
8.80809e-05
2.525e-06
5.43884e-05
5.96993e-05
8.48232e-05
0.00120907
0.000131171
0.00126918
2.11302e-05
5.48518e-05
8.04549e-05
2.72694e-06
4.66588e-05
5.501e-05
5.64959e-05
0.00122342
0.000129604
0.00127558
2.02132e-05
4.00021e-05
7.34529e-05
2.96293e-06
3.99979e-05
5.06756e-05
3.74109e-05
0.00123619
0.000132982
0.00128135
1.92804e-05
2.90956e-05
6.703e-05
3.22417e-06
3.42659e-05
4.66712e-05
2.46772e-05
0.00124756
0.000140131
0.00128653
1.83302e-05
2.11219e-05
6.11434e-05
3.50968e-06
2.93392e-05
4.29736e-05
1.6236e-05
0.00125764
0.000150274
0.0012912
1.73611e-05
1.53118e-05
5.57525e-05
3.82077e-06
2.51088e-05
3.95606e-05
1.06642e-05
0.00126658
0.000162915
0.00129539
1.63717e-05
1.10885e-05
5.08193e-05
4.15945e-06
2.1479e-05
3.64117e-05
6.99665e-06
0.00127448
0.000177749
0.00129914
1.53602e-05
8.02412e-06
4.6308e-05
4.52808e-06
1.83657e-05
3.35074e-05
4.58707e-06
0.00128145
0.000194598
0.00130251
1.43248e-05
5.80348e-06
4.21848e-05
4.92928e-06
1.56929e-05
3.08298e-05
3.00592e-06
0.00128759
0.000213368
0.00130552
1.32638e-05
4.19577e-06
3.84187e-05
5.36589e-06
1.33864e-05
2.83621e-05
1.96926e-06
0.00129299
0.000234017
0.00130822
1.21751e-05
3.03268e-06
3.49802e-05
5.84102e-06
1.13549e-05
2.60888e-05
1.29017e-06
0.00129772
0.000256534
0.00131063
1.10567e-05
2.19258e-06
3.18429e-05
6.35804e-06
9.4337e-06
2.39966e-05
8.46174e-07
0.00130188
0.000280922
0.00131279
9.9066e-06
1.59453e-06
2.89953e-05
6.9206e-06
7.20706e-06
2.20774e-05
5.58261e-07
0.00130552
0.000307186
0.00131471
8.72238e-06
1.24966e-06
2.70065e-05
7.53268e-06
2.84136e-06
1.42561e-06
2.06515e-05
4.0541e-07
0.00128625
0.0010748
0.000343275
0.00018923
4.03431e-05
8.05389e-06
1.66863e-06
1.37538e-06
1.96583e-05
3.32212e-07
0.00128445
0.00107916
0.000390195
0.000163776
2.80052e-05
8.46762e-06
9.8341e-07
1.33468e-06
1.87123e-05
2.72313e-07
0.00128258
0.00108316
0.000441326
0.000141359
1.94837e-05
8.90058e-06
5.83995e-07
1.30636e-06
1.78112e-05
2.23356e-07
0.00128064
0.00108694
0.000496279
0.000121719
1.36169e-05
9.35462e-06
3.52222e-07
1.29466e-06
1.6953e-05
1.83447e-07
0.00127862
0.00109058
0.000554504
0.00010459
9.58891e-06
9.8312e-06
2.18971e-07
1.30584e-06
1.61356e-05
1.51089e-07
0.00127653
0.00109413
0.00061528
8.97089e-05
6.83076e-06
1.03317e-05
1.43878e-07
1.34905e-06
1.53573e-05
1.25156e-07
0.00127435
0.00109761
0.000677721
7.68245e-05
4.9479e-06
1.08573e-05
1.03439e-07
1.43775e-06
1.46161e-05
1.04895e-07
0.00127209
0.00110103
0.00074081
6.57017e-05
3.66773e-06
1.14095e-05
8.40406e-08
1.59157e-06
1.39104e-05
8.99785e-08
0.00126975
0.00110441
0.000803449
5.61239e-05
2.80234e-06
1.19894e-05
7.78888e-08
1.83918e-06
1.32384e-05
8.06323e-08
0.00126732
0.00110775
0.000864533
4.78943e-05
2.22244e-06
1.25986e-05
0.0012648
0.00111104
0.00092302
4.08365e-05
0.00126218
0.0011143
0.000978004
3.47931e-05
0.00125946
0.00111751
0.00102877
2.96255e-05
0.00125664
0.00112069
0.00107482
2.52118e-05
0.00125369
0.00112383
0.0011159
2.14459e-05
0.00125059
0.00112693
0.00115197
1.82354e-05
0.00124721
0.00113
0.00118319
1.55004e-05
0.00124324
0.00113302
0.00120984
1.31722e-05
0.00123768
0.00113601
0.00123233
1.12022e-05
0.00122737
0.00113897
0.00125109
9.89448e-06
0.00132924
0.00106431
0.00132917
0.000881374
0.00132909
0.000698661
0.00132901
0.000548726
0.00132892
0.000445896
0.00132881
0.00039015
0.0013287
0.000374934
0.00132858
0.000392508
0.00132845
0.000436123
0.0013283
0.000500271
0.00132815
0.000580179
0.00132797
0.000671184
0.00132778
0.000768348
0.00132758
0.000866446
0.00132735
0.000960327
0.00132711
0.00104552
0.00132684
0.00111885
0.00132654
0.00117876
0.00132622
0.00122533
0.00132587
0.00125985
0.0013254
0.0013248
0.00132411
0.00132334
0.00132247
0.00132149
0.00132037
0.00131911
0.00131769
0.00131608
0.00131427
0.00131222
0.00130991
0.00130731
0.00130437
0.00130106
0.00129733
0.00129316
0.0012883
0.0012839
END_LIST
