BEGIN_LIST
0.000924326
0.000910179
0.000895803
0.000881212
0.000866417
0.000851432
0.000836271
0.000820949
0.000805482
0.000789885
0.000774175
0.000758367
0.000742475
0.000726506
0.000710453
0.000694263
0.000677772
0.000660515
0.000641232
0.000616524
0.000495555
0.00107844
0.000438989
0.00104293
0.000386414
0.00100424
0.00033817
0.00096249
0.000294408
0.00091793
0.000255118
0.000870896
0.000220161
0.000821823
0.000189307
0.000771229
0.000162262
0.000719693
0.0001387
0.00066783
0.000118279
0.000616259
0.000100659
0.000565576
8.55183e-05
0.000516328
7.25542e-05
0.000468992
6.14961e-05
0.000423959
5.21119e-05
0.000381529
4.42244e-05
0.000341911
3.77468e-05
0.00030522
3.27657e-05
0.000271282
2.97367e-05
0.00023057
4.03135e-05
3.03437e-05
3.60109e-05
2.44474e-05
9.32248e-05
3.67784e-05
3.24531e-05
3.63367e-05
2.20648e-05
7.98729e-05
3.35459e-05
3.44847e-05
3.92178e-05
1.99114e-05
6.83482e-05
3.05914e-05
3.65096e-05
4.37072e-05
1.79657e-05
5.84238e-05
2.7892e-05
3.85724e-05
4.93971e-05
1.62082e-05
4.98946e-05
2.54266e-05
4.0702e-05
5.6146e-05
1.4621e-05
4.25771e-05
2.31755e-05
4.29178e-05
6.39458e-05
1.3188e-05
3.63083e-05
2.11208e-05
4.52339e-05
7.28582e-05
1.18943e-05
3.09446e-05
1.92459e-05
4.76609e-05
8.2984e-05
1.07266e-05
2.63602e-05
1.75353e-05
5.02077e-05
9.44485e-05
9.67281e-06
2.24454e-05
1.59751e-05
5.28821e-05
0.000107393
8.72183e-06
1.91048e-05
1.45523e-05
5.56914e-05
0.000121972
7.86358e-06
1.62555e-05
1.32551e-05
5.86427e-05
0.000138347
7.08878e-06
1.38254e-05
1.20726e-05
6.1743e-05
0.000156685
6.38865e-06
1.17511e-05
1.09947e-05
6.49995e-05
0.000177156
5.75451e-06
9.97502e-06
1.00124e-05
6.84194e-05
0.000199924
5.17681e-06
8.44018e-06
9.11734e-06
7.20101e-05
0.000225142
4.64338e-06
7.08101e-06
8.3018e-06
7.57794e-05
0.000252949
4.13554e-06
5.80232e-06
7.56068e-06
7.9735e-05
0.000283455
3.61982e-06
4.43268e-06
6.69961e-06
8.38851e-05
0.000316733
3.03037e-06
2.61801e-06
1.02521e-05
6.87301e-06
0.000110404
0.000139687
6.07518e-05
0.000346491
7.36102e-07
1.27518e-05
2.31242e-06
1.09436e-06
8.75761e-06
6.31415e-06
7.3874e-05
0.000181111
4.33444e-05
0.000372081
7.1307e-07
9.22893e-06
2.10055e-06
3.69419e-07
7.47993e-06
5.80055e-06
4.90692e-05
0.000210508
3.18827e-05
0.000398843
6.8986e-07
6.67535e-06
1.90806e-06
1.8115e-07
6.38791e-06
5.32858e-06
3.24332e-05
0.000236514
2.45035e-05
0.000426761
6.66443e-07
4.82624e-06
1.7332e-06
1.37809e-07
5.45475e-06
4.89489e-06
2.13673e-05
0.000262424
1.99224e-05
0.000455796
6.4279e-07
3.48826e-06
1.57434e-06
1.34081e-07
4.65752e-06
4.49638e-06
1.40466e-05
0.000289523
1.72666e-05
0.000485887
6.18871e-07
2.52063e-06
1.43003e-06
1.41707e-07
3.9765e-06
4.13023e-06
9.22088e-06
0.000318317
1.59495e-05
0.000516954
5.94652e-07
1.82113e-06
1.29893e-06
1.53151e-07
3.39486e-06
3.79382e-06
6.04738e-06
0.000348995
1.55813e-05
0.000548899
5.70101e-07
1.31558e-06
1.17985e-06
1.66457e-07
2.89813e-06
3.48475e-06
3.96364e-06
0.000381601
1.59059e-05
0.000581603
5.45183e-07
9.503e-07
1.07167e-06
1.81173e-07
2.47397e-06
3.2008e-06
2.59685e-06
0.000416102
1.67586e-05
0.000614936
5.19861e-07
6.86398e-07
9.73408e-07
1.97258e-07
2.1118e-06
2.93995e-06
1.70092e-06
0.000452408
1.80362e-05
0.000648749
4.94095e-07
4.9576e-07
8.84148e-07
2.1479e-07
1.80259e-06
2.70031e-06
1.1139e-06
0.000490384
1.96782e-05
0.000682885
4.67848e-07
3.58058e-07
8.03069e-07
2.33884e-07
1.53859e-06
2.48018e-06
7.29387e-07
0.000529848
2.16526e-05
0.000717175
4.41075e-07
2.58598e-07
7.29421e-07
2.54677e-07
1.31319e-06
2.27796e-06
4.77572e-07
0.000570576
2.39484e-05
0.000751445
4.13733e-07
1.86762e-07
6.62524e-07
2.77319e-07
1.12067e-06
2.09221e-06
3.1268e-07
0.000612307
2.65686e-05
0.000785519
3.85775e-07
1.3488e-07
6.01761e-07
3.01973e-07
9.55977e-07
1.92158e-06
2.04716e-07
0.000654744
2.95276e-05
0.000819221
3.57153e-07
9.74102e-08
5.46568e-07
3.28818e-07
8.14265e-07
1.76487e-06
1.34034e-07
0.000697567
3.28477e-05
0.000852377
3.27816e-07
7.03515e-08
4.96435e-07
3.5805e-07
6.89703e-07
1.62096e-06
8.77768e-08
0.000740437
3.65585e-05
0.000884824
2.97711e-07
5.08325e-08
4.50905e-07
3.89879e-07
5.71914e-07
1.4889e-06
5.75531e-08
0.000783005
4.0695e-05
0.00091641
2.6678e-07
3.69507e-08
4.09751e-07
4.24537e-07
4.34871e-07
1.36807e-06
3.79627e-08
0.00082493
4.52981e-05
0.000946995
2.34965e-07
2.89502e-08
3.81095e-07
4.62275e-07
1.70479e-07
8.52691e-08
1.2785e-06
2.75647e-08
0.000756806
0.000450596
5.19065e-05
5.4393e-06
1.10304e-06
4.94433e-07
1.00113e-07
8.17349e-08
1.21621e-06
2.25857e-08
0.000743436
0.00045874
6.10009e-05
4.61713e-06
7.68878e-07
5.19977e-07
5.90414e-08
7.85549e-08
1.15695e-06
1.85111e-08
0.000730021
0.000465613
7.16596e-05
3.91891e-06
5.40304e-07
5.46723e-07
3.51241e-08
7.57998e-08
1.10058e-06
1.51802e-08
0.000716573
0.000471807
8.41054e-05
3.32605e-06
3.84184e-07
5.74787e-07
2.12648e-08
7.35774e-08
1.04695e-06
1.24634e-08
0.000703101
0.000477646
9.85911e-05
2.82271e-06
2.77788e-07
6.04263e-07
1.33173e-08
7.20486e-08
9.95933e-07
1.02581e-08
0.000689616
0.000483304
0.000115395
2.39542e-06
2.05525e-07
6.35237e-07
8.86289e-09
7.1452e-08
9.47401e-07
8.48604e-09
0.00067613
0.000488876
0.000134819
2.03273e-06
1.56704e-07
6.6779e-07
6.49442e-09
7.21393e-08
9.01233e-07
7.09331e-09
0.000662653
0.000494413
0.00015718
1.72489e-06
1.23993e-07
7.02008e-07
5.39838e-09
7.4627e-08
8.57314e-07
6.05312e-09
0.000649196
0.000499943
0.000182799
1.46363e-06
1.02366e-07
7.37977e-07
5.11045e-09
7.96714e-08
8.15533e-07
5.37316e-09
0.000635769
0.000505482
0.000211994
1.2419e-06
8.83789e-08
7.75787e-07
0.000622382
0.000511036
0.000245058
1.05374e-06
0.000609046
0.00051661
0.000282236
8.94077e-07
0.000595767
0.000522205
0.000323702
7.58591e-07
0.00058255
0.000527823
0.000369527
6.43628e-07
0.000569382
0.000533462
0.000419646
5.4608e-07
0.00055621
0.000539124
0.00047383
4.63312e-07
0.000542858
0.000544807
0.000531661
3.93087e-07
0.000528774
0.00055051
0.000592522
3.33511e-07
0.00051229
0.000556234
0.0006556
2.83248e-07
0.000488323
0.000561977
0.000719911
2.49947e-07
0.000958163
0.000323421
0.000934119
0.000217592
0.000909289
0.000147529
0.000883731
0.000103982
0.000857512
7.91551e-05
0.000830707
6.74421e-05
0.000803399
6.52044e-05
0.000775677
7.03162e-05
0.000747636
8.17434e-05
0.000719373
9.92266e-05
0.000690989
0.000123058
0.000662587
0.000153919
0.000634267
0.000192745
0.00060613
0.000240586
0.000578272
0.000298427
0.000550786
0.000366966
0.000523758
0.000446331
0.000497269
0.000535782
0.000471399
0.000633449
0.000446014
0.000736231
0.000416883
0.000384503
0.000353739
0.000324656
0.000297295
0.000271666
0.000247759
0.000225545
0.000204977
0.000185995
0.000168531
0.000152506
0.000137839
0.000124447
0.000112244
0.000101148
9.10656e-05
8.19717e-05
7.34983e-05
6.71295e-05
END_LIST
