BEGIN_LIST
0.000848847
0.000833531
0.000818059
0.000802447
0.000786712
0.000770871
0.000754941
0.00073894
0.000722886
0.000706797
0.00069069
0.000674583
0.000658489
0.000642418
0.000626362
0.000610269
0.000593978
0.000577034
0.000558202
0.000534164
0.000423168
0.000989629
0.000371715
0.000946439
0.000324694
0.000900555
0.000282198
0.000852362
0.000244168
0.000802339
0.000210431
0.000751038
0.000180728
0.000699062
0.000154751
0.000647035
0.000132162
0.000595574
0.000112616
0.00054526
9.57752e-05
0.000496613
8.13191e-05
0.000450076
6.89499e-05
0.000406002
5.83981e-05
0.00036465
4.94258e-05
0.000326189
4.18317e-05
0.000290701
3.54625e-05
0.000258195
3.02404e-05
0.000228615
2.62284e-05
0.0002017
2.37859e-05
0.000170182
3.22587e-05
2.42734e-05
2.87884e-05
1.76235e-05
6.76601e-05
2.94145e-05
2.59782e-05
2.90177e-05
1.58987e-05
5.78296e-05
2.68165e-05
2.76179e-05
3.13142e-05
1.43411e-05
4.93827e-05
2.44441e-05
2.92512e-05
3.49124e-05
1.29349e-05
4.2137e-05
2.22782e-05
3.09147e-05
3.94842e-05
1.16656e-05
3.59305e-05
2.03016e-05
3.26323e-05
4.4918e-05
1.052e-05
3.06209e-05
1.84982e-05
3.44202e-05
5.12109e-05
9.4862e-06
2.60833e-05
1.6853e-05
3.62898e-05
5.84179e-05
8.55345e-06
2.22089e-05
1.53527e-05
3.82501e-05
6.66272e-05
7.71195e-06
1.89033e-05
1.39846e-05
4.03085e-05
7.59489e-05
6.95283e-06
1.60847e-05
1.27374e-05
4.24715e-05
8.65091e-05
6.26804e-06
1.36826e-05
1.16005e-05
4.47453e-05
9.8447e-05
5.65024e-06
1.16361e-05
1.05644e-05
4.7136e-05
0.000111913
5.0927e-06
9.89234e-06
9.62016e-06
4.96495e-05
0.000127065
4.58903e-06
8.4051e-06
8.75984e-06
5.22919e-05
0.000144072
4.13295e-06
7.13251e-06
7.97603e-06
5.50695e-05
0.000163101
3.71758e-06
6.03351e-06
7.26202e-06
5.79888e-05
0.000184322
3.33413e-06
5.06093e-06
6.61162e-06
6.10563e-05
0.0002079
2.96915e-06
4.14661e-06
6.0207e-06
6.4279e-05
0.000233986
2.59862e-06
3.16818e-06
5.33431e-06
6.76639e-05
0.000262711
2.17521e-06
1.87324e-06
8.1643e-06
5.47208e-06
8.91842e-05
0.000113214
4.89434e-05
0.00028863
5.28238e-07
9.16084e-06
1.6585e-06
7.87613e-07
6.97273e-06
5.02672e-06
5.94116e-05
0.000147372
3.49169e-05
0.000311117
5.11715e-07
6.62592e-06
1.50648e-06
2.71533e-07
5.95442e-06
4.61749e-06
3.93456e-05
0.00017187
2.57119e-05
0.000334821
4.95065e-07
4.7904e-06
1.36838e-06
1.38077e-07
5.08435e-06
4.24148e-06
2.59546e-05
0.000193762
1.98038e-05
0.000359759
4.78267e-07
3.46229e-06
1.24293e-06
1.07985e-07
4.34107e-06
3.89601e-06
1.70766e-05
0.000215774
1.61497e-05
0.000385929
4.61301e-07
2.50184e-06
1.12897e-06
1.06197e-07
3.7062e-06
3.57861e-06
1.12162e-05
0.000239
1.40444e-05
0.000413308
4.44144e-07
1.80752e-06
1.02545e-06
1.12578e-07
3.16399e-06
3.28701e-06
7.35861e-06
0.000263901
1.30159e-05
0.000441858
4.26774e-07
1.30575e-06
9.31422e-07
1.21765e-07
2.70097e-06
3.01913e-06
4.82418e-06
0.000290679
1.27511e-05
0.000471521
4.09166e-07
9.43184e-07
8.46008e-07
1.3237e-07
2.30561e-06
2.77304e-06
3.16111e-06
0.000319427
1.30452e-05
0.000502222
3.91295e-07
6.81252e-07
7.68423e-07
1.44081e-07
1.96805e-06
2.54697e-06
2.0707e-06
0.000350173
1.37663e-05
0.000533868
3.73135e-07
4.9204e-07
6.9795e-07
1.56876e-07
1.67986e-06
2.3393e-06
1.35614e-06
0.000382901
1.48326e-05
0.000566349
3.54659e-07
3.55368e-07
6.33937e-07
1.7082e-07
1.43382e-06
2.14854e-06
8.88041e-07
0.000417553
1.61962e-05
0.000599538
3.35837e-07
2.56654e-07
5.75792e-07
1.86007e-07
1.22379e-06
1.97332e-06
5.81462e-07
0.000454032
1.78323e-05
0.000633295
3.16639e-07
1.85357e-07
5.22979e-07
2.02545e-07
1.04447e-06
1.81237e-06
3.80702e-07
0.000492196
1.97329e-05
0.000667465
2.97034e-07
1.33864e-07
4.75009e-07
2.20553e-07
8.9132e-07
1.66453e-06
2.49249e-07
0.000531863
2.19017e-05
0.000701883
2.76989e-07
9.66757e-08
4.31437e-07
2.40163e-07
7.60311e-07
1.52875e-06
1.63183e-07
0.000572806
2.43513e-05
0.000736375
2.56468e-07
6.98181e-08
3.91861e-07
2.61515e-07
6.47587e-07
1.40403e-06
1.06839e-07
0.000614763
2.7101e-05
0.000770764
2.35435e-07
5.04234e-08
3.55915e-07
2.84766e-07
5.48502e-07
1.28951e-06
6.99661e-08
0.000657436
3.01761e-05
0.000804871
2.13851e-07
3.64331e-08
3.23268e-07
3.10083e-07
4.54789e-07
1.18443e-06
4.58744e-08
0.000700498
3.36068e-05
0.000838519
1.91677e-07
2.64834e-08
2.93761e-07
3.37651e-07
3.45706e-07
1.08829e-06
3.02589e-08
0.000743609
3.74279e-05
0.000871537
1.68869e-07
2.07491e-08
2.73214e-07
3.67668e-07
1.35477e-07
6.77482e-08
1.01701e-06
2.19708e-08
0.000678099
0.000393689
4.29206e-05
3.91188e-06
7.93434e-07
3.93249e-07
7.95586e-08
6.49074e-08
9.67453e-07
1.80021e-08
0.000664544
0.000401416
5.04922e-05
3.32007e-06
5.53989e-07
4.13567e-07
4.69201e-08
6.23346e-08
9.20306e-07
1.47543e-08
0.00065101
0.000407903
5.93857e-05
2.81762e-06
3.90261e-07
4.34843e-07
2.79142e-08
6.00801e-08
8.75455e-07
1.20993e-08
0.000637508
0.000413731
6.97973e-05
2.39109e-06
2.78487e-07
4.57167e-07
1.69013e-08
5.82204e-08
8.32789e-07
9.93379e-09
0.000624048
0.000419218
8.19522e-05
2.02905e-06
2.02369e-07
4.80614e-07
1.05866e-08
5.68702e-08
7.92201e-07
8.17591e-09
0.000610642
0.000424534
9.61028e-05
1.72176e-06
1.50727e-07
5.05253e-07
7.04769e-09
5.62e-08
7.5359e-07
6.7633e-09
0.000597297
0.000429773
0.000112527
1.46096e-06
1.15898e-07
5.31149e-07
5.16668e-09
5.64613e-08
7.1686e-07
5.65294e-09
0.000584026
0.000434984
0.000131525
1.23964e-06
9.2624e-08
5.5837e-07
4.29705e-09
5.80238e-08
6.81919e-07
4.82339e-09
0.000570838
0.000440196
0.000153414
1.05182e-06
7.73044e-08
5.86984e-07
4.06988e-09
6.14292e-08
6.48681e-07
4.28063e-09
0.000557742
0.000445422
0.00017852
8.9244e-07
6.747e-08
6.17062e-07
0.000544747
0.000450672
0.000207163
7.572e-07
0.000531861
0.000455948
0.000239646
6.42445e-07
0.000519091
0.000461253
0.000276227
5.45075e-07
0.000506439
0.000466588
0.000317099
4.62459e-07
0.000493893
0.000471952
0.000362356
3.92361e-07
0.000481403
0.000477346
0.000411961
3.32886e-07
0.000468808
0.000482769
0.000465716
2.82425e-07
0.000455604
0.000488221
0.000523239
2.39618e-07
0.000440271
0.000493702
0.000583945
2.03502e-07
0.000418196
0.00049921
0.000647047
1.79576e-07
0.000863258
0.000272728
0.000836373
0.000181688
0.000808975
0.000122447
0.000781151
8.60404e-05
0.000752998
6.54584e-05
0.000724613
5.58457e-05
0.000696098
5.41239e-05
0.000667556
5.85271e-05
0.00063909
6.82219e-05
0.000610799
8.30372e-05
0.000582782
0.000103283
0.000555132
0.000129624
0.000527938
0.000162988
0.000501279
0.000204461
0.000475231
0.000255164
0.000449858
0.000316083
0.00042522
0.000387829
0.000401366
0.000470357
0.000378342
0.000562661
0.000356003
0.000662545
0.000330685
0.000302913
0.000276882
0.000252586
0.000229998
0.000209073
0.000189753
0.000171969
0.000155645
0.0001407
0.000127049
0.000114606
0.000103288
9.30095e-05
8.36907e-05
7.52553e-05
6.76221e-05
6.07628e-05
5.43936e-05
4.96188e-05
END_LIST
