BEGIN_LIST
0.00128881
0.00128675
0.00128459
0.00128232
0.00127995
0.00127748
0.00127488
0.00127217
0.00126934
0.00126638
0.00126328
0.00126004
0.00125666
0.00125312
0.00124942
0.00124551
0.00124135
0.00123677
0.00123135
0.00122398
0.00114528
0.00132897
0.00110875
0.00132878
0.00106718
0.00132856
0.00102061
0.00132829
0.000969266
0.00132797
0.000913652
0.0013276
0.000854485
0.00132716
0.000792693
0.00132664
0.000729347
0.00132603
0.000665594
0.0013253
0.000602572
0.00132445
0.000541338
0.00132344
0.000482816
0.00132224
0.000427764
0.00132083
0.000376791
0.00131917
0.000330421
0.00131721
0.000289265
0.0013149
0.00025441
0.00131217
0.000228252
0.00130881
0.000216321
0.00129877
0.000293112
0.00022428
0.000270056
0.000410739
0.00103305
0.000271848
0.000236463
0.000281466
0.000380601
0.000985616
0.000251773
0.000248372
0.000304487
0.000351927
0.00093418
0.000232873
0.000260276
0.000334607
0.000324761
0.000879299
0.000215125
0.000272337
0.000369573
0.000299129
0.000821707
0.000198499
0.000284653
0.000408224
0.000275033
0.000762273
0.00018296
0.000297284
0.000449897
0.000252461
0.000701952
0.000168467
0.000310263
0.000494125
0.000231385
0.000641723
0.000154976
0.000323611
0.000540495
0.000211766
0.000582527
0.000142441
0.00033734
0.000588578
0.000193553
0.000525216
0.000130814
0.000351453
0.000637905
0.000176688
0.000470506
0.000120046
0.000365951
0.000687961
0.000161105
0.000418951
0.000110088
0.00038083
0.000738197
0.000146731
0.000370925
0.000100892
0.000396085
0.000788045
0.000133485
0.000326602
9.24092e-05
0.000411707
0.000836944
0.000121269
0.000285925
8.45937e-05
0.000427686
0.000884359
0.000109954
0.000248505
7.74005e-05
0.000444011
0.000929811
9.93452e-05
0.000213382
7.07862e-05
0.000460667
0.00097289
8.91009e-05
0.000178408
6.47243e-05
0.000477638
0.00101327
7.85662e-05
0.000138758
5.76251e-05
0.000494908
0.00105072
6.64006e-05
8.31838e-05
8.75666e-05
5.92208e-05
0.000622664
0.00072069
0.000375527
0.00107961
1.64816e-05
0.000262279
7.27737e-05
3.40664e-05
7.53627e-05
5.45673e-05
0.000470442
0.000844952
0.000276493
0.00110135
1.59693e-05
0.00019871
6.64055e-05
9.91394e-06
6.47829e-05
5.02662e-05
0.00034171
0.000912255
0.000205391
0.00112163
1.54526e-05
0.000148749
6.05698e-05
3.40302e-06
5.56314e-05
4.6293e-05
0.000240682
0.000959073
0.000156476
0.0011405
1.49308e-05
0.000110325
5.52263e-05
1.712e-06
4.77305e-05
4.26242e-05
0.000165703
0.00099715
0.000124231
0.001158
1.44034e-05
8.1255e-05
5.03369e-05
1.32777e-06
4.09206e-05
3.9238e-05
0.000112245
0.00103063
0.00010412
0.00117417
1.38696e-05
5.95326e-05
4.5866e-05
1.30149e-06
3.50594e-05
3.6114e-05
7.51819e-05
0.00106101
9.27051e-05
0.00118907
1.33288e-05
4.34487e-05
4.17803e-05
1.37832e-06
3.00208e-05
3.32328e-05
4.99732e-05
0.00108888
8.75109e-05
0.00120276
1.27801e-05
3.16199e-05
3.80486e-05
1.49031e-06
2.56939e-05
3.05766e-05
3.30468e-05
0.00111444
8.68152e-05
0.00121529
1.22227e-05
2.29636e-05
3.4642e-05
1.61986e-06
2.19816e-05
2.81284e-05
2.17789e-05
0.00113783
8.94509e-05
0.00122675
1.16559e-05
1.66516e-05
3.15335e-05
1.76295e-06
1.87989e-05
2.58727e-05
1.43206e-05
0.00115915
9.46462e-05
0.00123719
1.10788e-05
1.20613e-05
2.86982e-05
1.91927e-06
1.60721e-05
2.37948e-05
9.40235e-06
0.00117848
0.000101906
0.00124668
1.04904e-05
8.72935e-06
2.61131e-05
2.0896e-06
1.37372e-05
2.18813e-05
6.16716e-06
0.00119595
0.000110924
0.00125529
9.88979e-06
6.31419e-06
2.3757e-05
2.27507e-06
1.17386e-05
2.01195e-05
4.04254e-06
0.00121165
0.000121525
0.00126309
9.276e-06
4.5653e-06
2.16102e-05
2.47699e-06
1.00278e-05
1.84977e-05
2.64875e-06
0.00122573
0.000133622
0.00127014
8.64796e-06
3.29981e-06
1.96548e-05
2.69679e-06
8.5616e-06
1.70051e-05
1.73505e-06
0.0012383
0.000147187
0.0012765
8.00456e-06
2.3846e-06
1.7874e-05
2.93607e-06
7.29834e-06
1.56318e-05
1.13639e-06
0.0012495
0.000162232
0.00128223
7.34462e-06
1.723e-06
1.62527e-05
3.19652e-06
6.18741e-06
1.43685e-05
7.4438e-07
0.00125944
0.000178795
0.00128739
6.66694e-06
1.2454e-06
1.47772e-05
3.48003e-06
5.13879e-06
1.32076e-05
4.88156e-07
0.00126824
0.000196927
0.00129202
5.97021e-06
9.05542e-07
1.34409e-05
3.78861e-06
3.92674e-06
1.21439e-05
3.22034e-07
0.00127602
0.000216687
0.00129618
5.2531e-06
7.09606e-07
1.25092e-05
4.12448e-06
1.54818e-06
7.76922e-07
1.13544e-05
2.33849e-07
0.00124459
0.00097853
0.000244269
0.000116995
2.43979e-05
4.41059e-06
9.09171e-07
7.50427e-07
1.0805e-05
1.9162e-07
0.0012412
0.00098425
0.00028085
0.000100472
1.6891e-05
4.63776e-06
5.35977e-07
7.29491e-07
1.02819e-05
1.57062e-07
0.00123769
0.000989404
0.000321731
8.61336e-05
1.1723e-05
4.87556e-06
3.18539e-07
7.15844e-07
9.78401e-06
1.28815e-07
0.00123405
0.000994234
0.000366917
7.37305e-05
8.17257e-06
5.125e-06
1.92442e-07
7.12045e-07
9.31006e-06
1.05782e-07
0.00123029
0.000998869
0.000416306
6.30319e-05
5.73818e-06
5.38691e-06
1.20029e-07
7.2186e-07
8.85893e-06
8.7096e-08
0.00122639
0.00100338
0.000469644
5.38258e-05
4.07239e-06
5.66203e-06
7.93177e-08
7.50819e-07
8.42953e-06
7.21021e-08
0.00122236
0.00100781
0.000526502
4.59203e-05
2.93538e-06
5.95109e-06
5.75152e-08
8.07015e-07
8.02083e-06
6.03544e-08
0.00121819
0.00101217
0.000586264
3.91439e-05
2.16198e-06
6.25481e-06
4.7217e-08
9.0228e-07
7.63184e-06
5.16461e-08
0.00121388
0.00101648
0.000648129
3.33441e-05
1.63856e-06
6.57394e-06
4.41898e-08
1.05389e-06
7.26162e-06
4.60769e-08
0.00120942
0.00102075
0.000711144
2.83867e-05
1.28706e-06
6.90927e-06
0.00120481
0.00102497
0.00077424
2.41539e-05
0.00120004
0.00102915
0.000836307
2.05433e-05
0.00119512
0.00103329
0.00089626
1.7466e-05
0.00119002
0.00103739
0.000953114
1.48449e-05
0.00118473
0.00104145
0.00100605
1.26138e-05
0.0011792
0.00104547
0.00105447
1.07155e-05
0.00117327
0.00104945
0.001098
9.10117e-06
0.00116646
0.00105339
0.0011365
7.72894e-06
0.00115735
0.00105729
0.00117003
6.56928e-06
0.00114146
0.00106115
0.00119882
5.8001e-06
0.00132536
0.000936797
0.00132493
0.00073829
0.00132445
0.000560746
0.00132393
0.000425799
0.00132336
0.000337713
0.00132275
0.000291274
0.00132207
0.000278686
0.00132133
0.000293018
0.00132053
0.000329139
0.00131965
0.000383459
0.00131869
0.000453247
0.00131764
0.00053593
0.0013165
0.000628517
0.00131525
0.000727282
0.00131389
0.000827774
0.00131241
0.000925176
0.0013108
0.00101495
0.00130904
0.00109352
0.00130712
0.00115882
0.00130501
0.0012104
0.00130226
0.0012987
0.0012947
0.0012902
0.00128515
0.00127949
0.00127314
0.00126604
0.00125811
0.00124927
0.00123941
0.00122846
0.00121632
0.00120289
0.00118807
0.00117177
0.00115387
0.00113445
0.00111254
0.00109331
END_LIST
