BEGIN_LIST
0.00129908
0.00129751
0.00129587
0.00129416
0.00129236
0.00129047
0.0012885
0.00128644
0.00128427
0.00128201
0.00127964
0.00127716
0.00127457
0.00127185
0.001269
0.00126599
0.00126278
0.00125923
0.00125502
0.00124926
0.00118191
0.00132954
0.00115113
0.00132945
0.00111554
0.00132935
0.00107494
0.00132923
0.00102931
0.00132909
0.000978859
0.00132892
0.000924031
0.00132872
0.000865503
0.00132849
0.000804165
0.00132821
0.000741069
0.00132788
0.000677351
0.0013275
0.000614163
0.00132704
0.000552596
0.0013265
0.000493632
0.00132586
0.00043814
0.0013251
0.00038693
0.00132421
0.000340948
0.00132316
0.000301722
0.00132191
0.000272387
0.00132036
0.000259861
0.00131522
0.00035094
0.000269592
0.000325362
0.000477139
0.00111274
0.000326737
0.000283076
0.000340904
0.000444266
0.00107404
0.000303714
0.000296409
0.000368477
0.000412683
0.00103084
0.000281882
0.000309811
0.000403286
0.000382485
0.000983293
0.000261241
0.000323415
0.000442866
0.000353742
0.000931778
0.000241784
0.000337297
0.000485877
0.000326502
0.000876853
0.000223489
0.000351503
0.000531491
0.000300789
0.000819252
0.000206332
0.000366057
0.000579087
0.000276609
0.000759843
0.000190278
0.000380969
0.000628109
0.00025395
0.000699579
0.00017529
0.000396244
0.000678006
0.000232786
0.000639432
0.000161326
0.000411877
0.000728211
0.000213076
0.000580332
0.000148339
0.000427862
0.000778149
0.000194768
0.00052311
0.000136284
0.000444189
0.000827251
0.000177799
0.000468443
0.00012511
0.000460845
0.000874974
0.000162091
0.0004168
0.00011477
0.000477815
0.000920825
0.000147545
0.000368372
0.000105215
0.000495082
0.000964378
0.00013402
0.000322916
9.6396e-05
0.000512627
0.00100529
0.000121293
0.000279417
8.82661e-05
0.000530429
0.00104331
0.000108963
0.000235265
8.07975e-05
0.000548467
0.00107828
9.6247e-05
0.000184245
7.20312e-05
0.000566716
0.00111014
8.15283e-05
0.000111361
0.000109234
7.40615e-05
0.000705895
0.000804275
0.000434607
0.00113436
2.03447e-05
0.000316992
9.76068e-05
4.58832e-05
9.42096e-05
6.82995e-05
0.0005459
0.000927101
0.000322908
0.00115234
1.97137e-05
0.000242756
8.92094e-05
1.33379e-05
8.11328e-05
6.29652e-05
0.000404196
0.000990434
0.000241269
0.00116895
1.90771e-05
0.000183257
8.14902e-05
4.52175e-06
6.97823e-05
5.80299e-05
0.000288926
0.00103273
0.000184395
0.00118426
1.84343e-05
0.000136799
7.44019e-05
2.22337e-06
5.99538e-05
5.34665e-05
0.000201078
0.00106607
0.000146556
0.00119833
1.77844e-05
0.000101247
6.78991e-05
1.69416e-06
5.14607e-05
4.92493e-05
0.000137251
0.00109469
0.00012277
0.00121122
1.71266e-05
7.4451e-05
6.19388e-05
1.6492e-06
4.41346e-05
4.53539e-05
9.24159e-05
0.0011202
0.000109146
0.00122301
1.64599e-05
5.44835e-05
5.648e-05
1.74311e-06
3.78248e-05
4.17574e-05
6.16478e-05
0.00114323
0.000102826
0.00123375
1.57835e-05
3.97294e-05
5.14842e-05
1.88376e-06
3.23974e-05
3.84383e-05
4.08646e-05
0.00116409
0.000101799
0.00124353
1.50964e-05
2.88949e-05
4.69153e-05
2.0472e-06
2.77343e-05
3.53764e-05
2.69739e-05
0.00118294
0.000104688
0.00125241
1.43975e-05
2.09749e-05
4.27394e-05
2.2279e-06
2.37318e-05
3.25528e-05
1.77551e-05
0.00119994
0.000110575
0.00126046
1.36858e-05
1.52045e-05
3.89247e-05
2.42537e-06
2.02992e-05
2.99497e-05
1.16654e-05
0.00121521
0.000118864
0.00126773
1.29601e-05
1.10105e-05
3.54418e-05
2.64053e-06
1.73572e-05
2.75508e-05
7.65502e-06
0.00122888
0.000129184
0.0012743
1.22193e-05
7.96744e-06
3.22634e-05
2.8748e-06
1.4837e-05
2.53406e-05
5.01933e-06
0.00124107
0.000141315
0.00128023
1.14621e-05
5.76236e-06
2.93641e-05
3.12983e-06
1.26784e-05
2.33049e-05
3.28941e-06
0.00125192
0.000155138
0.00128556
1.06872e-05
4.16596e-06
2.67203e-05
3.40743e-06
1.08274e-05
2.14302e-05
2.15499e-06
0.00126155
0.000170606
0.00129035
9.8933e-06
3.01099e-06
2.43105e-05
3.70959e-06
9.23178e-06
1.97044e-05
1.41155e-06
0.00127007
0.000187714
0.00129466
9.07888e-06
2.17586e-06
2.21146e-05
4.03847e-06
7.82792e-06
1.81162e-05
9.24677e-07
0.0012776
0.000206485
0.00129852
8.24245e-06
1.57286e-06
2.01144e-05
4.39642e-06
6.50206e-06
1.66559e-05
6.06415e-07
0.00128424
0.000226958
0.00130198
7.38241e-06
1.14371e-06
1.83019e-05
4.78599e-06
4.96841e-06
1.53175e-05
4.0006e-07
0.00129008
0.000249176
0.00130508
6.49709e-06
8.9628e-07
1.70373e-05
5.20996e-06
1.95897e-06
9.83048e-07
1.43238e-05
2.90514e-07
0.00126384
0.00101897
0.000280017
0.000143345
3.01295e-05
5.57108e-06
1.15041e-06
9.49267e-07
1.3632e-05
2.38055e-07
0.00126117
0.00102414
0.00032063
0.000123449
2.08772e-05
5.85778e-06
6.7813e-07
9.2241e-07
1.29733e-05
1.95126e-07
0.0012584
0.00102884
0.000365609
0.000106091
1.45e-05
6.15787e-06
4.02918e-07
9.04614e-07
1.23462e-05
1.60037e-07
0.00125552
0.00103325
0.000414824
9.10068e-05
1.01154e-05
6.47262e-06
2.43285e-07
8.99046e-07
1.17492e-05
1.31428e-07
0.00125255
0.0010375
0.00046801
7.79438e-05
7.10749e-06
6.80307e-06
1.51578e-07
9.10364e-07
1.11808e-05
1.08223e-07
0.00124946
0.00104163
0.000524736
6.66647e-05
5.04864e-06
7.15016e-06
9.99801e-08
9.45406e-07
1.06397e-05
8.96092e-08
0.00124626
0.00104568
0.000584386
5.69507e-05
3.64315e-06
7.51479e-06
7.22964e-08
1.01418e-06
1.01246e-05
7.50388e-08
0.00124295
0.00104968
0.000646163
4.8603e-05
2.68714e-06
7.89788e-06
5.91528e-08
1.13133e-06
9.63422e-06
6.42611e-08
0.00123952
0.00105362
0.000709116
4.14429e-05
2.04027e-06
8.30036e-06
5.51875e-08
1.31823e-06
9.16749e-06
5.74123e-08
0.00123596
0.00105752
0.00077218
3.53113e-05
1.60605e-06
8.72322e-06
0.00123228
0.00106137
0.000834246
3.00679e-05
0.00122846
0.00106519
0.000894229
2.55891e-05
0.00122451
0.00106896
0.000951142
2.17675e-05
0.00122042
0.00107269
0.00100417
1.85092e-05
0.00121616
0.00107638
0.00105269
1.57334e-05
0.0012117
0.00108004
0.00109634
1.33701e-05
0.00120687
0.00108365
0.00113496
1.1359e-05
0.00120129
0.00108722
0.00116862
9.6486e-06
0.00119369
0.00109076
0.00119754
8.20256e-06
0.0011801
0.00109426
0.00122208
7.24316e-06
0.00132766
0.000990614
0.00132744
0.000796195
0.0013272
0.000614768
0.00132693
0.000472771
0.00132664
0.000378312
0.00132633
0.000327954
0.00132599
0.000314212
0.00132561
0.000329777
0.0013252
0.000368897
0.00132476
0.000427281
0.00132427
0.000501452
0.00132374
0.000588051
0.00132315
0.000683305
0.00132252
0.000782816
0.00132182
0.000881711
0.00132107
0.000975145
0.00132024
0.00105897
0.00131933
0.00113035
0.00131835
0.00118809
0.00131727
0.00123253
0.00131585
0.00131401
0.00131193
0.00130959
0.00130695
0.00130398
0.00130063
0.00129686
0.00129263
0.00128787
0.00128253
0.00127654
0.00126983
0.00126232
0.00125394
0.0012446
0.0012342
0.00122272
0.00120953
0.00119776
END_LIST
