BEGIN_LIST
0.00102489
0.00101299
0.00100081
0.000988338
0.000975591
0.000962572
0.000949289
0.000935748
0.000921958
0.000907931
0.000893675
0.000879201
0.000864517
0.000849628
0.00083452
0.000819141
0.000803327
0.000786621
0.000767788
0.00074349
0.000612089
0.00118475
0.0005499
0.00116163
0.000490407
0.00113561
0.000434354
0.00110652
0.000382278
0.00107427
0.00033451
0.00103881
0.000291193
0.00100018
0.000252311
0.000958529
0.000217725
0.000914081
0.000187203
0.000867177
0.000160453
0.000818254
0.000137152
0.000767828
0.000116963
0.000716474
9.95538e-05
0.000664804
8.46155e-05
0.000613434
7.18751e-05
0.000562957
6.11238e-05
0.000513915
5.22701e-05
0.000466773
4.54598e-05
0.000421576
4.13515e-05
0.000364244
5.605e-05
4.22218e-05
5.01653e-05
4.08498e-05
0.000153246
5.11867e-05
4.51102e-05
5.07317e-05
3.69079e-05
0.000132054
4.67311e-05
4.78957e-05
5.47719e-05
3.33381e-05
0.000113563
4.26515e-05
5.06733e-05
6.09969e-05
3.01068e-05
9.74899e-05
3.89182e-05
5.35024e-05
6.88466e-05
2.71832e-05
8.35651e-05
3.55033e-05
5.64214e-05
7.81195e-05
2.4539e-05
7.15357e-05
3.23811e-05
5.94561e-05
8.87925e-05
2.21483e-05
6.11691e-05
2.95278e-05
6.26247e-05
0.000100933
1.99875e-05
5.22542e-05
2.69211e-05
6.59411e-05
0.000114658
1.8035e-05
4.46016e-05
2.45406e-05
6.94167e-05
0.000130109
1.62711e-05
3.80424e-05
2.23672e-05
7.30614e-05
0.000147444
1.46779e-05
3.24275e-05
2.03835e-05
7.68844e-05
0.000166825
1.32389e-05
2.76254e-05
1.85735e-05
8.08943e-05
0.000188418
1.19388e-05
2.35204e-05
1.69223e-05
8.50999e-05
0.00021238
1.07633e-05
2.00096e-05
1.54163e-05
8.95098e-05
0.000238854
9.69782e-06
1.69981e-05
1.4043e-05
9.41326e-05
0.000267963
8.72666e-06
1.43917e-05
1.2791e-05
9.89773e-05
0.000299797
7.82943e-06
1.20802e-05
1.16497e-05
0.000104053
0.000334406
6.97479e-06
9.90204e-06
1.0612e-05
0.000109368
0.000371787
6.10646e-06
7.56451e-06
9.40582e-06
0.000114932
0.000411873
5.11352e-06
4.46087e-06
1.43881e-05
9.65024e-06
0.000150839
0.000189618
8.34506e-05
0.000447135
1.24292e-06
2.14742e-05
3.92577e-06
1.84793e-06
1.22956e-05
8.86698e-06
0.000101795
0.000243981
5.95747e-05
0.000476987
1.20401e-06
1.55652e-05
3.56644e-06
6.02735e-07
1.05054e-05
8.14694e-06
6.80074e-05
0.000281785
4.37553e-05
0.000507767
1.1648e-06
1.12707e-05
3.23994e-06
2.77193e-07
8.97428e-06
7.48507e-06
4.51255e-05
0.000314597
3.35139e-05
0.000539403
1.12524e-06
8.15518e-06
2.94326e-06
1.99901e-07
7.66524e-06
6.87673e-06
2.9806e-05
0.000346728
2.71151e-05
0.000571796
1.08527e-06
5.89771e-06
2.6737e-06
1.90269e-07
6.54633e-06
6.31761e-06
1.96276e-05
0.000379789
2.33674e-05
0.000604827
1.04485e-06
4.26351e-06
2.42879e-06
1.99818e-07
5.59017e-06
5.80378e-06
1.28992e-05
0.000414351
2.14647e-05
0.000638358
1.00393e-06
3.08127e-06
2.20628e-06
2.15602e-07
4.77324e-06
5.33158e-06
8.46606e-06
0.000450556
2.08683e-05
0.000672238
9.62438e-07
2.22641e-06
2.00413e-06
2.34236e-07
4.07539e-06
4.89768e-06
5.55167e-06
0.000488358
2.12228e-05
0.000706305
9.20324e-07
1.60849e-06
1.82047e-06
2.54917e-07
3.47933e-06
4.49898e-06
3.63847e-06
0.000527611
2.22986e-05
0.000740388
8.77524e-07
1.16194e-06
1.65363e-06
2.7754e-07
2.97028e-06
4.13265e-06
2.3837e-06
0.000568106
2.39509e-05
0.000774314
8.33973e-07
8.39304e-07
1.50206e-06
3.02202e-07
2.53559e-06
3.79607e-06
1.56127e-06
0.000609589
2.60935e-05
0.000807909
7.89604e-07
6.06219e-07
1.36437e-06
3.29063e-07
2.1644e-06
3.48683e-06
1.02243e-06
0.000651769
2.868e-05
0.000841003
7.44345e-07
4.37847e-07
1.2393e-06
3.58314e-07
1.84744e-06
3.20274e-06
6.69491e-07
0.000694328
3.16922e-05
0.000873431
6.9812e-07
3.1623e-07
1.12568e-06
3.90165e-07
1.57668e-06
2.94174e-06
4.38357e-07
0.000736932
3.51316e-05
0.00090504
6.50852e-07
2.28389e-07
1.02247e-06
4.24846e-07
1.34504e-06
2.70198e-06
2.87009e-07
0.000779236
3.90142e-05
0.000935691
6.02459e-07
1.64946e-07
9.28713e-07
4.62609e-07
1.14571e-06
2.48174e-06
1.87919e-07
0.000820904
4.33674e-05
0.000965258
5.52853e-07
1.19129e-07
8.43551e-07
5.03728e-07
9.70515e-07
2.27947e-06
1.23068e-07
0.000861611
4.8227e-05
0.000993634
5.01945e-07
8.60781e-08
7.66203e-07
5.485e-07
8.04903e-07
2.09385e-06
8.06943e-08
0.000901057
5.36367e-05
0.00102073
4.49639e-07
6.25719e-08
6.96288e-07
5.97249e-07
6.12409e-07
1.92401e-06
5.32278e-08
0.000938978
5.96464e-05
0.00104648
3.95835e-07
4.90244e-08
6.47602e-07
6.5033e-07
2.40246e-07
1.20215e-07
1.79808e-06
3.86491e-08
0.000869941
0.000539693
6.82545e-05
9.14977e-06
1.85563e-06
6.95562e-07
1.41084e-07
1.15351e-07
1.71051e-06
3.16682e-08
0.000857513
0.000548185
8.00646e-05
7.76967e-06
1.29017e-06
7.31489e-07
8.32013e-08
1.11034e-07
1.6272e-06
2.59553e-08
0.000844954
0.000555412
9.38508e-05
6.59683e-06
9.03152e-07
7.69107e-07
4.94934e-08
1.07387e-07
1.54795e-06
2.12851e-08
0.000832272
0.000561961
0.000109873
5.60038e-06
6.38599e-07
8.08578e-07
2.99595e-08
1.04593e-07
1.47255e-06
1.74761e-08
0.000819477
0.000568148
0.000128419
4.75396e-06
4.58101e-07
8.50034e-07
1.87568e-08
1.02929e-07
1.40082e-06
1.43843e-08
0.000806577
0.000574146
0.000149797
4.03513e-06
3.35301e-07
8.93595e-07
1.24763e-08
1.02798e-07
1.33258e-06
1.19001e-08
0.000793581
0.000580048
0.000174324
3.42474e-06
2.52119e-07
9.39378e-07
9.13505e-09
1.04799e-07
1.26766e-06
9.9481e-09
0.0007805
0.000585904
0.000202318
2.90651e-06
1.96157e-07
9.875e-07
7.58635e-09
1.09807e-07
1.2059e-06
8.49099e-09
0.000767342
0.000591741
0.000234075
2.46657e-06
1.58912e-07
1.03808e-06
7.17568e-09
1.19102e-07
1.14715e-06
7.53997e-09
0.000754119
0.000597573
0.000269854
2.09313e-06
1.34559e-07
1.09125e-06
0.00074084
0.000603408
0.000309851
1.77616e-06
0.000727514
0.00060925
0.000354166
1.50714e-06
0.000714149
0.000615101
0.000402774
1.27884e-06
0.000700748
0.00062096
0.000455497
1.08509e-06
0.000687299
0.000626828
0.000511974
9.20679e-07
0.000673744
0.000632704
0.000571652
7.81166e-07
0.000659885
0.000638587
0.000633778
6.62785e-07
0.000645113
0.000644477
0.000697427
5.62352e-07
0.000627578
0.000650374
0.000761536
4.77612e-07
0.000601617
0.000656275
0.000824966
4.21468e-07
0.0010842
0.000409245
0.00106593
0.000280191
0.00104672
0.000192074
0.00102656
0.000136183
0.00100548
0.00010385
0.000983485
8.83463e-05
0.000960611
8.51088e-05
0.000936896
9.13824e-05
0.000912384
0.000105758
0.000887133
0.000127785
0.000861206
0.00015767
0.000834676
0.000196045
0.000807624
0.000243759
0.000780135
0.000301658
0.000752303
0.000370325
0.000724224
0.000449792
0.000695996
0.000539224
0.000667722
0.000636672
0.00063951
0.000738984
0.000611249
0.00084198
0.000578043
0.000540194
0.00050327
0.000467471
0.000432974
0.000399922
0.00036843
0.000338578
0.00031042
0.000283983
0.000259268
0.000236255
0.000214906
0.000195168
0.000176978
0.000160266
0.000144936
0.000130991
0.000117893
0.000107988
END_LIST
