BEGIN_LIST
0.00132018
0.00131967
0.00131914
0.00131858
0.001318
0.00131738
0.00131674
0.00131606
0.00131535
0.00131461
0.00131383
0.00131301
0.00131215
0.00131124
0.00131029
0.00130928
0.0013082
0.001307
0.00130555
0.00130354
0.00127058
0.00132998
0.00125664
0.00132998
0.00123978
0.00132998
0.00121956
0.00132997
0.00119551
0.00132997
0.00116719
0.00132996
0.00113423
0.00132995
0.00109637
0.00132994
0.00105348
0.00132993
0.00100566
0.00132992
0.000953216
0.00132991
0.000896718
0.00132989
0.000836983
0.00132987
0.000775066
0.00132984
0.000712266
0.00132982
0.000650211
0.00132978
0.000591129
0.00132974
0.000538592
0.00132969
0.000499222
0.00132963
0.000486186
0.00132937
0.000636663
0.000501144
0.000605706
0.000710613
0.00127329
0.000604473
0.000515057
0.000643452
0.00067344
0.00126075
0.000572622
0.000530648
0.00068784
0.000636394
0.00124572
0.00054125
0.000547332
0.000735328
0.000599696
0.00122782
0.000510487
0.000564745
0.000783875
0.000563558
0.00120665
0.000480456
0.000582658
0.000832198
0.000528177
0.00118183
0.000451264
0.000600921
0.000879414
0.000493729
0.00115302
0.000423003
0.000619432
0.000924868
0.000460369
0.00111993
0.000395754
0.000638117
0.000968065
0.000428228
0.00108239
0.00036958
0.000656922
0.00100863
0.000397411
0.00104034
0.000344531
0.0006758
0.00104631
0.000368
0.000993904
0.000320642
0.000694712
0.00108094
0.000340046
0.000943348
0.000297936
0.000713621
0.00111246
0.000313575
0.000889094
0.00027642
0.000732494
0.0011409
0.000288575
0.000831622
0.000256093
0.000751297
0.00116633
0.000264988
0.000771286
0.000236944
0.00077
0.0011889
0.00024267
0.00070791
0.00021895
0.000788571
0.0012088
0.000221322
0.000639878
0.000202085
0.000806982
0.00122622
0.000200323
0.000561996
0.000186347
0.000825204
0.0012414
0.00017837
0.000459979
0.000167606
0.000843209
0.00125455
0.000152681
0.000294081
0.000250538
0.000172859
0.001001
0.00107531
0.000679806
0.00126414
3.9088e-05
0.000549734
0.000261528
0.000127062
0.000219148
0.000160316
0.000852068
0.00116507
0.000528593
0.00127103
3.78882e-05
0.000441945
0.000241632
3.75293e-05
0.000191082
0.000148576
0.000689059
0.00120278
0.000408265
0.00127724
3.66773e-05
0.000347245
0.000222954
1.25051e-05
0.000166142
0.000137602
0.000530525
0.00122423
0.000319369
0.00128282
3.54537e-05
0.00026763
0.000205465
5.89803e-06
0.000144098
0.000127359
0.000391376
0.00123925
0.000257782
0.00128784
3.42159e-05
0.000203067
0.000189128
4.33981e-06
0.000124706
0.000117809
0.000278972
0.00125113
0.000217943
0.00129235
3.29622e-05
0.00015219
0.000173903
4.16457e-06
0.000107718
0.000108915
0.000193748
0.00126111
0.000194592
0.0012964
3.1691e-05
0.00011298
0.000159742
4.38312e-06
9.28897e-05
0.000100641
0.000132053
0.00126974
0.000183437
0.00130003
3.04005e-05
8.32681e-05
0.000146599
4.73105e-06
7.99865e-05
9.29525e-05
8.88261e-05
0.00127729
0.000181242
0.00130328
2.90888e-05
6.10395e-05
0.000134421
5.13928e-06
6.87893e-05
8.58134e-05
5.92127e-05
0.00128391
0.00018569
0.00130618
2.77539e-05
4.4566e-05
0.000123156
5.5915e-06
5.90953e-05
7.91903e-05
3.92325e-05
0.00128973
0.000195176
0.00130879
2.63937e-05
3.24426e-05
0.000112752
6.08574e-06
5.07198e-05
7.30509e-05
2.58888e-05
0.00129483
0.000208615
0.00131111
2.50061e-05
2.35662e-05
0.000103157
6.62411e-06
4.34958e-05
6.7364e-05
1.70375e-05
0.00129932
0.000225289
0.00131319
2.35888e-05
1.70914e-05
9.432e-05
7.21004e-06
3.72737e-05
6.20997e-05
1.11925e-05
0.00130324
0.00024473
0.00131505
2.21393e-05
1.23814e-05
8.61903e-05
7.84757e-06
3.19193e-05
5.72297e-05
7.34413e-06
0.00130668
0.000266638
0.0013167
2.06552e-05
8.9619e-06
7.87197e-05
8.54114e-06
2.73093e-05
5.27272e-05
4.8153e-06
0.00130969
0.000290818
0.00131818
1.91337e-05
6.48289e-06
7.18619e-05
9.29562e-06
2.33208e-05
4.85668e-05
3.15579e-06
0.00131233
0.000317143
0.0013195
1.7572e-05
4.68774e-06
6.55723e-05
1.01163e-05
1.97991e-05
4.4725e-05
2.06803e-06
0.00131463
0.000345514
0.00132068
1.59673e-05
3.39017e-06
5.98096e-05
1.10088e-05
1.64584e-05
4.11817e-05
1.35656e-06
0.00131663
0.00037585
0.00132172
1.43162e-05
2.46601e-06
5.45596e-05
1.19795e-05
1.25693e-05
3.79245e-05
8.95087e-07
0.00131838
0.000408064
0.00132266
1.26157e-05
1.93291e-06
5.08831e-05
1.3035e-05
4.95507e-06
2.48533e-06
3.55007e-05
6.5006e-07
0.0013067
0.00114114
0.000451534
0.000265765
5.80959e-05
1.39333e-05
2.91021e-06
2.39317e-06
3.38103e-05
5.32718e-07
0.00130572
0.00114446
0.000506779
0.000231957
4.04794e-05
1.46459e-05
1.71451e-06
2.31567e-06
3.21985e-05
4.367e-07
0.00130471
0.00114754
0.000565316
0.000201702
2.82691e-05
1.53914e-05
1.01707e-06
2.25694e-06
3.06619e-05
3.58236e-07
0.00130365
0.00115047
0.000626327
0.000174818
1.98441e-05
1.61729e-05
6.12003e-07
2.22305e-06
2.91972e-05
2.94298e-07
0.00130255
0.0011533
0.000688863
0.000151079
1.40527e-05
1.69927e-05
3.78756e-07
2.22301e-06
2.7801e-05
2.42506e-07
0.00130141
0.00115606
0.000751871
0.000130231
1.00857e-05
1.78532e-05
2.46882e-07
2.27004e-06
2.64703e-05
2.0108e-07
0.00130022
0.00115877
0.000814238
0.000112011
7.37901e-06
1.87566e-05
1.7533e-07
2.38353e-06
2.52022e-05
1.68859e-07
0.00129899
0.00116144
0.000874862
9.61537e-05
5.54158e-06
1.97049e-05
1.403e-07
2.59181e-06
2.39939e-05
1.45399e-07
0.00129771
0.00116406
0.00093272
8.24028e-05
4.30312e-06
2.07005e-05
1.2814e-07
2.9363e-06
2.28425e-05
1.31197e-07
0.00129637
0.00116665
0.000986937
7.05161e-05
3.4774e-06
2.17455e-05
0.00129498
0.0011692
0.00103684
6.02686e-05
0.00129354
0.00117172
0.00108197
5.14549e-05
0.00129204
0.0011742
0.00112212
4.38896e-05
0.00129047
0.00117665
0.00115729
3.74071e-05
0.00128884
0.00117907
0.00118765
3.18604e-05
0.0012871
0.00118145
0.00121352
2.71205e-05
0.0012852
0.0011838
0.00123531
2.30744e-05
0.00128291
0.00118612
0.00125347
1.96241e-05
0.00127958
0.00118841
0.00126846
1.67006e-05
0.00127307
0.00119066
0.00128075
1.47579e-05
0.00132987
0.00114924
0.00132986
0.000990942
0.00132985
0.000816224
0.00132983
0.000662335
0.00132981
0.000551876
0.0013298
0.000490631
0.00132978
0.000474257
0.00132976
0.000494779
0.00132973
0.000543998
0.00132971
0.000614479
0.00132968
0.000699428
0.00132965
0.000792371
0.00132962
0.000887084
0.00132959
0.000977858
0.00132955
0.00106001
0.0013295
0.00113038
0.00132946
0.00118754
0.00132941
0.0012317
0.00132935
0.00126427
0.00132929
0.0012873
0.00132921
0.00132911
0.00132899
0.00132886
0.00132871
0.00132854
0.00132834
0.00132812
0.00132788
0.0013276
0.00132728
0.00132692
0.00132652
0.00132606
0.00132554
0.00132495
0.00132428
0.00132353
0.00132265
0.00132185
END_LIST
