BEGIN_LIST
0.00131692
0.00131624
0.00131554
0.0013148
0.00131402
0.00131321
0.00131235
0.00131146
0.00131052
0.00130953
0.0013085
0.00130741
0.00130627
0.00130508
0.00130382
0.00130248
0.00130105
0.00129947
0.00129757
0.00129493
0.0012551
0.00132996
0.0012379
0.00132995
0.00121728
0.00132994
0.00119278
0.00132993
0.00116396
0.00132992
0.00113047
0.00132991
0.00109204
0.00132989
0.00104859
0.00132987
0.00100021
0.00132985
0.000947258
0.00132982
0.000890304
0.00132978
0.000830168
0.00132974
0.000767869
0.0013297
0.000704589
0.00132964
0.000641655
0.00132958
0.0005806
0.0013295
0.000523405
0.00132941
0.000473167
0.0013293
0.000435651
0.00132916
0.000422526
0.00132858
0.000559153
0.000436752
0.000528675
0.000657594
0.00124987
0.000528022
0.000451487
0.000560642
0.000620638
0.00123271
0.000497556
0.000467214
0.000601756
0.000584126
0.00121238
0.000467868
0.000483651
0.000647716
0.000548264
0.00118848
0.000439061
0.00050062
0.000696113
0.000513239
0.00116067
0.000411222
0.000518005
0.000745471
0.00047922
0.00112864
0.000384424
0.000535728
0.000794776
0.000446352
0.00109218
0.000358725
0.000553731
0.000843254
0.000414755
0.00105122
0.000334167
0.000571968
0.000890277
0.000384526
0.00100584
0.000310781
0.000590402
0.000935322
0.000355735
0.000956302
0.000288583
0.000608999
0.000977969
0.000328429
0.000903051
0.000267576
0.000627726
0.00101789
0.000302632
0.000846703
0.000247754
0.000646553
0.00105487
0.000278338
0.000787983
0.000229102
0.000665447
0.00108878
0.000255516
0.000727627
0.000211595
0.000684379
0.00111957
0.000234089
0.000666198
0.000195202
0.000703317
0.00114729
0.000213909
0.000603716
0.000179886
0.000722231
0.00117203
0.000194691
0.000538898
0.000165607
0.000741089
0.00119396
0.000175865
0.000467391
0.00015235
0.000759861
0.00121325
0.000156256
0.000377357
0.000136635
0.000778518
0.00123012
0.000133377
0.000236946
0.00020523
0.000140781
0.000936186
0.00101924
0.000619375
0.00124253
3.39068e-05
0.000490542
0.000209713
0.000100763
0.000178696
0.000130325
0.000778541
0.00111981
0.000475649
0.00125149
3.2863e-05
0.000389335
0.00019309
2.95513e-05
0.00015518
0.000120573
0.000615284
0.00116427
0.00036387
0.00125959
3.18097e-05
0.000302596
0.000177589
9.84775e-06
0.000134444
0.000111488
0.000464115
0.00119057
0.000282579
0.00126692
3.07455e-05
0.00023115
0.000163167
4.66179e-06
0.000116241
0.000103034
0.000336687
0.00120949
0.000226851
0.00127352
2.96691e-05
0.000174153
0.000149773
3.4421e-06
0.000100323
9.51752e-05
0.000236921
0.00122474
0.000191043
0.00127948
2.85792e-05
0.000129808
0.000137358
3.30805e-06
8.64496e-05
8.78764e-05
0.000163004
0.00123771
0.000170137
0.00128484
2.74741e-05
9.59635e-05
0.000125871
3.4833e-06
7.43944e-05
8.11037e-05
0.000110365
0.00124902
0.000160162
0.00128966
2.63524e-05
7.05062e-05
0.000115257
3.76042e-06
6.39453e-05
7.4824e-05
7.38997e-05
0.00125898
0.000158182
0.00129399
2.52125e-05
5.15646e-05
0.000105465
4.08526e-06
5.49082e-05
6.9006e-05
4.91107e-05
0.00126776
0.000162124
0.00129788
2.40525e-05
3.75838e-05
9.6444e-05
4.44504e-06
4.71071e-05
6.36193e-05
3.24721e-05
0.00127551
0.000170565
0.00130136
2.28708e-05
2.73254e-05
8.81427e-05
4.83829e-06
4.03839e-05
5.86352e-05
2.13983e-05
0.00128234
0.000182554
0.00130448
2.16655e-05
1.98309e-05
8.05126e-05
5.26671e-06
3.45976e-05
5.40262e-05
1.40695e-05
0.00128835
0.00019747
0.00130727
2.04345e-05
1.43728e-05
7.35066e-05
5.73305e-06
2.96231e-05
4.97666e-05
9.23719e-06
0.00129363
0.000214918
0.00130976
1.91757e-05
1.04069e-05
6.70799e-05
6.24054e-06
2.53491e-05
4.58318e-05
6.05874e-06
0.00129827
0.000234655
0.00131199
1.78871e-05
7.53005e-06
6.11896e-05
6.79275e-06
2.16744e-05
4.21987e-05
3.97148e-06
0.00130234
0.000256532
0.00131399
1.65662e-05
5.44572e-06
5.57953e-05
7.39358e-06
1.84991e-05
3.88459e-05
2.60234e-06
0.0013059
0.000280461
0.00131577
1.52107e-05
3.93703e-06
5.08589e-05
8.04726e-06
1.56987e-05
3.57534e-05
1.70515e-06
0.00130902
0.000306388
0.00131735
1.38179e-05
2.84687e-06
4.6345e-05
8.75838e-06
1.30462e-05
3.29042e-05
1.11844e-06
0.00131175
0.000334269
0.00131877
1.23853e-05
2.07061e-06
4.22401e-05
9.53192e-06
9.9646e-06
3.02876e-05
7.37933e-07
0.00131413
0.00036406
0.00132003
1.09099e-05
1.62289e-06
3.93692e-05
1.03733e-05
3.92814e-06
1.9705e-06
2.83421e-05
5.35908e-07
0.00129967
0.00111578
0.000404584
0.000232807
5.03354e-05
1.10896e-05
2.30695e-06
1.89904e-06
2.6986e-05
4.39161e-07
0.0012984
0.00111951
0.000456602
0.000202454
3.50124e-05
1.1658e-05
1.35933e-06
1.83989e-06
2.56937e-05
3.59993e-07
0.00129709
0.00112295
0.0005124
0.000175479
2.44079e-05
1.22527e-05
8.06761e-07
1.7966e-06
2.44622e-05
2.95293e-07
0.00129573
0.00112622
0.000571335
0.000151657
1.70978e-05
1.28762e-05
4.85965e-07
1.77447e-06
2.32887e-05
2.42561e-07
0.00129431
0.00112937
0.000632612
0.000130735
1.20753e-05
1.35305e-05
3.01377e-07
1.78128e-06
2.21706e-05
1.99827e-07
0.00129283
0.00113244
0.000695291
0.000112448
8.63542e-06
1.42174e-05
1.97168e-07
1.8285e-06
2.11055e-05
1.65614e-07
0.0012913
0.00113546
0.00075832
9.65315e-05
6.28767e-06
1.49387e-05
1.40819e-07
1.93291e-06
2.00908e-05
1.38947e-07
0.00128971
0.00113843
0.000820589
8.27286e-05
4.69263e-06
1.56961e-05
1.13483e-07
2.11905e-06
1.91242e-05
1.19426e-07
0.00128805
0.00114135
0.000881004
7.07964e-05
3.61597e-06
1.64915e-05
1.04361e-07
2.42276e-06
1.82035e-05
1.07409e-07
0.00128633
0.00114423
0.000938554
6.05093e-05
2.89634e-06
1.73266e-05
0.00128455
0.00114708
0.000992381
5.16612e-05
0.00128269
0.00114989
0.00104183
4.40662e-05
0.00128076
0.00115266
0.00108648
3.7558e-05
0.00127875
0.00115539
0.00112613
3.19892e-05
0.00127665
0.0011581
0.00116081
2.72304e-05
0.00127443
0.00116076
0.0011907
2.3168e-05
0.001272
0.00116339
0.00121614
1.97034e-05
0.00126911
0.00116599
0.00123754
1.67513e-05
0.00126497
0.00116855
0.00125535
1.42514e-05
0.00125704
0.00117108
0.00127005
1.2591e-05
0.00132973
0.00111728
0.0013297
0.000947955
0.00132967
0.000768614
0.00132964
0.000615221
0.00132961
0.000507176
0.00132957
0.000447807
0.00132953
0.00043175
0.00132949
0.000451071
0.00132944
0.000498162
0.00132939
0.000566394
0.00132933
0.000649807
0.00132927
0.000742642
0.0013292
0.00083912
0.00132913
0.000933616
0.00132905
0.00102113
0.00132896
0.00109789
0.00132886
0.00116171
0.00132875
0.00121214
0.00132864
0.00125011
0.00132851
0.00127747
0.00132834
0.00132812
0.00132787
0.00132759
0.00132728
0.00132692
0.00132652
0.00132606
0.00132554
0.00132495
0.00132429
0.00132354
0.00132269
0.00132173
0.00132064
0.00131942
0.00131803
0.00131647
0.00131464
0.00131298
END_LIST
