BEGIN_LIST
0.00126849
0.00126545
0.00126229
0.00125898
0.00125552
0.00125191
0.00124815
0.00124421
0.00124011
0.00123584
0.00123138
0.00122673
0.00122188
0.00121683
0.00121155
0.00120601
0.00120012
0.00119368
0.00118611
0.0011759
0.00108019
0.00132693
0.00103498
0.00132636
0.000984894
0.00132569
0.000930363
0.0013249
0.000872045
0.00132396
0.000810819
0.00132286
0.000747723
0.00132155
0.000683894
0.00132001
0.000620481
0.0013182
0.000558568
0.00131607
0.000499111
0.00131355
0.000442893
0.00131059
0.0003905
0.00130711
0.000342336
0.00130302
0.000298647
0.00129821
0.000259603
0.00129259
0.000225439
0.001286
0.000196742
0.0012783
0.000175073
0.00126899
0.000164316
0.00124556
0.00022317
0.000169974
0.000203972
0.00031511
0.000882707
0.000206027
0.000180028
0.000210996
0.000290011
0.000825107
0.000189988
0.000189767
0.000228327
0.000266453
0.000765615
0.000175016
0.000199463
0.000252046
0.000244416
0.00070519
0.000161067
0.000209283
0.000280273
0.000223867
0.000644818
0.000148095
0.000219329
0.000312114
0.000204762
0.00058545
0.000136055
0.000229665
0.00034713
0.000187047
0.000527947
0.000124896
0.000240331
0.000385068
0.000170663
0.00047304
0.000114571
0.000251353
0.000425724
0.000155545
0.000421304
0.000105029
0.000262748
0.000468879
0.000141623
0.000373147
9.62229e-05
0.000274528
0.000514263
0.000128826
0.000328815
8.81056e-05
0.000286699
0.000561537
0.000117083
0.000288404
8.06312e-05
0.000299268
0.000610293
0.000106319
0.000251877
7.37556e-05
0.000312235
0.000660059
9.64571e-05
0.000219073
6.74368e-05
0.000325601
0.000710311
8.74101e-05
0.0001897
6.16344e-05
0.000339366
0.000760493
7.90717e-05
0.000163284
5.63105e-05
0.000353525
0.000810037
7.12888e-05
0.000139012
5.1429e-05
0.000368076
0.000858391
6.38047e-05
0.000115339
4.69669e-05
0.000383012
0.000905043
5.61367e-05
8.9047e-05
4.17539e-05
0.000398325
0.000949538
4.73076e-05
5.29318e-05
6.35901e-05
4.28871e-05
0.000507351
0.000599819
0.000298308
0.000984713
1.16644e-05
0.000190557
4.62345e-05
2.15617e-05
5.46004e-05
3.94805e-05
0.000371875
0.000719756
0.000217297
0.00101173
1.13008e-05
0.000142407
4.21164e-05
6.31056e-06
4.6841e-05
3.63375e-05
0.000263744
0.00078906
0.000160412
0.00103736
1.09342e-05
0.000105485
3.8355e-05
2.22271e-06
4.01543e-05
3.34388e-05
0.000182494
0.000839991
0.000121894
0.00106159
1.05641e-05
7.76149e-05
3.49212e-05
1.16808e-06
3.44001e-05
3.07663e-05
0.000124055
0.000883261
9.68119e-05
0.0010844
1.019e-05
5.68245e-05
3.17878e-05
9.35083e-07
2.94543e-05
2.83032e-05
8.32943e-05
0.000922625
8.13452e-05
0.00110579
9.81153e-06
4.14499e-05
2.89298e-05
9.27614e-07
2.52076e-05
2.60337e-05
5.54561e-05
0.000959371
7.26999e-05
0.00112578
9.42806e-06
3.01533e-05
2.6324e-05
9.85685e-07
2.15644e-05
2.39431e-05
3.67127e-05
0.000993892
6.89085e-05
0.00114438
9.03909e-06
2.1892e-05
2.3949e-05
1.06671e-06
1.84414e-05
2.20178e-05
2.42124e-05
0.00102627
6.86226e-05
0.00116162
8.64407e-06
1.58712e-05
2.1785e-05
1.15971e-06
1.57659e-05
2.02451e-05
1.59283e-05
0.0010565
7.09389e-05
0.00117756
8.24241e-06
1.14942e-05
1.98137e-05
1.26225e-06
1.34752e-05
1.86132e-05
1.04612e-05
0.00108457
7.52668e-05
0.00119223
7.8335e-06
8.3179e-06
1.80186e-05
1.37424e-06
1.15148e-05
1.71114e-05
6.86308e-06
0.00111047
8.1232e-05
0.00120571
7.41669e-06
6.01604e-06
1.63843e-05
1.49626e-06
9.83762e-06
1.57294e-05
4.49931e-06
0.00113423
8.86088e-05
0.00121805
6.99131e-06
4.34944e-06
1.48966e-05
1.62912e-06
8.40319e-06
1.44579e-05
2.94828e-06
0.00115593
9.72734e-05
0.00122932
6.55666e-06
3.14363e-06
1.35428e-05
1.77378e-06
7.1762e-06
1.32882e-05
1.93134e-06
0.00117563
0.000107172
0.00123958
6.11198e-06
2.27163e-06
1.23109e-05
1.93127e-06
6.1253e-06
1.22124e-05
1.26493e-06
0.00119344
0.000118298
0.0012489
5.65649e-06
1.64127e-06
1.11902e-05
2.10272e-06
5.22029e-06
1.12231e-05
8.28397e-07
0.00120947
0.000130677
0.00125736
5.18938e-06
1.18574e-06
1.01708e-05
2.28937e-06
4.42477e-06
1.03135e-05
5.42599e-07
0.00122385
0.000144359
0.00126502
4.70978e-06
8.5697e-07
9.24382e-06
2.49256e-06
3.67416e-06
9.47805e-06
3.55814e-07
0.00123669
0.000159405
0.00127193
4.21679e-06
6.23063e-07
8.40495e-06
2.71375e-06
2.80685e-06
8.71289e-06
2.34722e-07
0.00124814
0.000175888
0.00127817
3.70945e-06
4.88223e-07
7.82032e-06
2.95452e-06
1.10626e-06
5.55061e-07
8.14521e-06
1.70443e-07
0.00120848
0.00091383
0.000199054
8.35857e-05
1.7263e-05
3.15965e-06
6.49646e-07
5.36043e-07
7.75022e-06
1.39662e-07
0.00120381
0.00092034
0.000230052
7.15274e-05
1.19418e-05
3.32254e-06
3.83022e-07
5.20962e-07
7.37428e-06
1.14473e-07
0.00119899
0.000926148
0.000265088
6.11321e-05
8.28402e-06
3.49307e-06
2.27701e-07
5.11036e-07
7.01649e-06
9.38822e-08
0.001194
0.000931559
0.000304315
5.21913e-05
5.77377e-06
3.67196e-06
1.37646e-07
5.08072e-07
6.67598e-06
7.70911e-08
0.00118886
0.000936738
0.000347814
4.45171e-05
4.05385e-06
3.85981e-06
8.59524e-08
5.14726e-07
6.35192e-06
6.34669e-08
0.00118354
0.000941776
0.000395556
3.79413e-05
2.87758e-06
4.05716e-06
5.69149e-08
5.34898e-07
6.04353e-06
5.25297e-08
0.00117806
0.00094672
0.000447365
3.23149e-05
2.07504e-06
4.26453e-06
4.13956e-08
5.74298e-07
5.75005e-06
4.39526e-08
0.00117241
0.000951597
0.000502895
2.7507e-05
1.52934e-06
4.48244e-06
3.41071e-08
6.41273e-07
5.47077e-06
3.75801e-08
0.00116657
0.000956422
0.00056161
2.34029e-05
1.16015e-06
4.71144e-06
3.20278e-08
7.48017e-07
5.205e-06
3.34776e-08
0.00116056
0.000961201
0.000622785
1.99027e-05
9.12323e-07
4.9521e-06
0.00115437
0.000965939
0.000685525
1.692e-05
0.00114799
0.000970638
0.0007488
1.43799e-05
0.00114142
0.000975299
0.000811507
1.22179e-05
0.00113464
0.000979922
0.000872537
1.03787e-05
0.00112764
0.000984508
0.000930852
8.81469e-06
0.00112036
0.000989055
0.000985559
7.48518e-06
0.0011126
0.000993565
0.00103596
6.35533e-06
0.00110383
0.000998037
0.00108157
5.39555e-06
0.0010924
0.00100247
0.00112218
4.58486e-06
0.00107311
0.00100687
0.00115775
4.04734e-06
0.00131839
0.000851046
0.0013173
0.000651912
0.00131612
0.000483983
0.00131483
0.000361369
0.00131342
0.000283394
0.00131189
0.000242962
0.00131022
0.000232207
0.0013084
0.000244859
0.00130642
0.000276641
0.00130426
0.000324844
0.00130191
0.000387665
0.00129935
0.000463537
0.00129656
0.000550555
0.00129354
0.000646057
0.00129024
0.000746444
0.00128667
0.000847323
0.00128278
0.000943977
0.00127856
0.00103206
0.00127398
0.00110829
0.001269
0.00117094
0.0012625
0.00125417
0.00124489
0.00123457
0.00122311
0.00121042
0.00119641
0.00118097
0.00116402
0.00114546
0.00112523
0.00110325
0.00107947
0.00105388
0.00102646
0.00099725
0.000966258
0.000933816
0.000898654
0.000868849
END_LIST
