BEGIN_LIST
0.00115763
0.00114995
0.00114201
0.00113378
0.00112528
0.00111649
0.00110742
0.00109805
0.00108839
0.00107844
0.0010682
0.00105765
0.00104681
0.00103565
0.00102417
0.00101231
0.00099993
0.000986632
0.00097139
0.000951415
0.000819385
0.00128831
0.000756068
0.00128089
0.00069191
0.00127225
0.000628077
0.00126222
0.000565672
0.00125059
0.000505669
0.00123716
0.000448868
0.00122172
0.000395865
0.00120403
0.00034705
0.00118387
0.000302623
0.00116101
0.000262616
0.00113527
0.000226929
0.00110648
0.000195363
0.00107453
0.000167655
0.00103938
0.000143515
0.00100105
0.000122664
0.000959681
0.000104895
0.000915495
9.01783e-05
0.00086881
7.88968e-05
0.000819401
7.23605e-05
0.000743732
9.81798e-05
7.41548e-05
8.83488e-05
0.000102155
0.000360089
8.99043e-05
7.90623e-05
8.9898e-05
9.26666e-05
0.000316784
8.22831e-05
8.37965e-05
9.71469e-05
8.40081e-05
0.000277453
7.52715e-05
8.85128e-05
0.000107974
7.61163e-05
0.000242042
6.88268e-05
9.3308e-05
0.000121434
6.8931e-05
0.000210406
6.29082e-05
9.82439e-05
0.000137156
6.23953e-05
0.000182336
5.74771e-05
0.000103361
0.000155051
5.64556e-05
0.000157578
5.24968e-05
0.000108688
0.000175162
5.1062e-05
0.000135855
4.79329e-05
0.000114245
0.000197592
4.61676e-05
0.000116883
4.37533e-05
0.000120048
0.000222465
4.17292e-05
0.000100377
3.99275e-05
0.000126111
0.0002499
3.77062e-05
8.60659e-05
3.64275e-05
0.000132446
0.000280001
3.40611e-05
7.36909e-05
3.3227e-05
0.000139063
0.000312836
3.07585e-05
6.30121e-05
3.03015e-05
0.000145974
0.000348431
2.77644e-05
5.38042e-05
2.76286e-05
0.000153187
0.000386755
2.50444e-05
4.58503e-05
2.51872e-05
0.000160714
0.000427714
2.25597e-05
3.89231e-05
2.2958e-05
0.000168562
0.000471137
2.02595e-05
3.27438e-05
2.09231e-05
0.000176743
0.000516777
1.80644e-05
2.6887e-05
1.90707e-05
0.000185263
0.000564303
1.58303e-05
2.05631e-05
1.6915e-05
0.000194133
0.000613311
1.32718e-05
1.21132e-05
2.5849e-05
1.73592e-05
0.00025286
0.000312559
0.000142009
0.000654862
3.23452e-06
5.52972e-05
1.0602e-05
4.95117e-06
2.2114e-05
1.59573e-05
0.000174474
0.000394363
0.00010173
0.000688844
3.13326e-06
4.03183e-05
9.63567e-06
1.52392e-06
1.89121e-05
1.46674e-05
0.000118369
0.000448394
7.46215e-05
0.000722836
3.0312e-06
2.93205e-05
8.75689e-06
6.18067e-07
1.61688e-05
1.34808e-05
7.93669e-05
0.000493106
5.68412e-05
0.000756695
2.92821e-06
2.1282e-05
7.95782e-06
3.92951e-07
1.38199e-05
1.23894e-05
5.2792e-05
0.000535073
4.55803e-05
0.000790268
2.82416e-06
1.5426e-05
7.23131e-06
3.52585e-07
1.18096e-05
1.13857e-05
3.49271e-05
0.000576618
3.88549e-05
0.000823395
2.71892e-06
1.117e-05
6.57082e-06
3.63683e-07
1.00898e-05
1.04627e-05
2.30251e-05
0.000618449
3.52969e-05
0.00085592
2.61233e-06
8.08239e-06
5.97042e-06
3.90568e-07
8.61904e-06
9.61399e-06
1.51429e-05
0.000660644
3.39797e-05
0.000887689
2.50426e-06
5.84514e-06
5.42467e-06
4.2382e-07
7.36165e-06
8.83374e-06
9.94346e-06
0.000703027
3.42862e-05
0.000918563
2.39455e-06
4.22555e-06
4.92864e-06
4.61096e-07
6.28695e-06
8.11646e-06
6.52258e-06
0.00074532
3.58125e-05
0.000948413
2.28304e-06
3.05388e-06
4.47782e-06
5.01972e-07
5.36859e-06
7.45713e-06
4.27571e-06
0.000787206
3.83012e-05
0.000977128
2.16956e-06
2.20665e-06
4.06813e-06
5.46557e-07
4.58398e-06
6.8511e-06
2.80159e-06
0.000828362
4.15951e-05
0.00100461
2.05393e-06
1.59423e-06
3.69583e-06
5.95124e-07
3.91372e-06
6.29411e-06
1.83516e-06
0.000868479
4.56057e-05
0.0010308
1.93596e-06
1.15166e-06
3.35752e-06
6.4801e-07
3.34115e-06
5.78223e-06
1.20188e-06
0.000907271
5.02922e-05
0.00105562
1.81546e-06
8.31884e-07
3.05011e-06
7.05596e-07
2.8519e-06
5.31183e-06
7.87037e-07
0.000944487
5.56469e-05
0.00107904
1.69222e-06
6.00868e-07
2.7708e-06
7.68297e-07
2.43323e-06
4.87957e-06
5.15345e-07
0.000979917
6.16862e-05
0.00110105
1.56604e-06
4.33989e-07
2.51702e-06
8.36566e-07
2.07291e-06
4.48241e-06
3.37443e-07
0.0010134
6.84438e-05
0.00112165
1.43667e-06
3.1346e-07
2.28645e-06
9.10898e-07
1.75625e-06
4.11757e-06
2.21e-07
0.0010448
7.59669e-05
0.00114083
1.3039e-06
2.26504e-07
2.07699e-06
9.91831e-07
1.4572e-06
3.78267e-06
1.44912e-07
0.00107407
8.4313e-05
0.00115865
1.16746e-06
1.64657e-07
1.88763e-06
1.07995e-06
1.1105e-06
3.47618e-06
9.55898e-08
0.00110116
9.35478e-05
0.00117512
1.0271e-06
1.2901e-07
1.75575e-06
1.17589e-06
4.36444e-07
2.18627e-07
3.24891e-06
6.94098e-08
0.00103898
0.000696698
0.000106704
2.36203e-05
4.80224e-06
1.25764e-06
2.563e-07
2.10341e-07
3.09084e-06
5.68735e-08
0.00102948
0.000704971
0.000124623
2.00871e-05
3.32642e-06
1.32257e-06
1.51137e-07
2.0328e-07
2.94045e-06
4.66143e-08
0.00101978
0.000712137
0.000145344
1.70763e-05
2.31502e-06
1.39055e-06
8.98908e-08
1.97773e-07
2.79736e-06
3.82278e-08
0.00100987
0.000718699
0.000169162
1.45124e-05
1.62266e-06
1.46187e-06
5.43934e-08
1.9431e-07
2.66122e-06
3.13879e-08
0.000999762
0.000724929
0.000196382
1.23303e-05
1.14939e-06
1.53679e-06
3.40304e-08
1.93617e-07
2.5317e-06
2.58365e-08
0.000989452
0.000730975
0.000227297
1.04739e-05
8.26538e-07
1.6155e-06
2.26084e-08
1.96762e-07
2.40847e-06
2.1377e-08
0.000978946
0.000736916
0.000262168
8.89539e-06
6.06971e-07
1.69822e-06
1.65243e-08
2.05312e-07
2.29122e-06
1.78748e-08
0.000968246
0.000742796
0.000301197
7.55356e-06
4.58341e-07
1.78516e-06
1.36941e-08
2.21561e-07
2.17968e-06
1.52637e-08
0.000957357
0.000748637
0.000344498
6.41327e-06
3.5846e-07
1.87654e-06
1.29279e-08
2.48861e-07
2.07356e-06
1.35655e-08
0.000946282
0.000754452
0.00039207
5.4445e-06
2.92111e-07
1.9726e-06
0.000935026
0.000760247
0.000443759
4.62161e-06
0.000923593
0.000766025
0.00049924
3.92277e-06
0.000911985
0.000771788
0.000557997
3.32937e-06
0.000900201
0.000777535
0.000619317
2.82557e-06
0.000888221
0.000783267
0.000682314
2.39788e-06
0.000875979
0.000788982
0.000745958
2.03483e-06
0.000863261
0.000794681
0.000809138
1.7267e-06
0.000849415
0.000800363
0.000870725
1.46521e-06
0.000832456
0.000806026
0.00092966
1.24454e-06
0.000806268
0.000811671
0.000985015
1.09832e-06
0.00123551
0.000579813
0.00122735
0.000412448
0.00121856
0.000290015
0.00120911
0.000208744
0.00119897
0.000160224
0.0011881
0.000136242
0.00117647
0.000130559
0.00116404
0.000139102
0.00115078
0.00015957
0.00113666
0.000190945
0.00112166
0.000233028
0.00110575
0.000286048
0.00108891
0.000350281
0.00107115
0.000425685
0.00105244
0.000511538
0.00103278
0.000606134
0.0010122
0.00070662
0.000990697
0.000809084
0.000968309
0.000908951
0.000944911
0.00100165
0.000916009
0.000881184
0.000845081
0.000807902
0.00076987
0.000731233
0.000692249
0.000653188
0.000614316
0.000575893
0.000538167
0.000501365
0.000465687
0.000431307
0.00039837
0.000366992
0.000337224
0.000309296
0.00028227
0.00026136
END_LIST
