BEGIN_LIST
0.00131257
0.00131168
0.00131074
0.00130976
0.00130873
0.00130765
0.00130652
0.00130533
0.00130409
0.00130279
0.00130142
0.00129998
0.00129848
0.0012969
0.00129524
0.00129349
0.00129161
0.00128952
0.00128703
0.00128359
0.00123576
0.00132991
0.00121469
0.00132989
0.00118968
0.00132987
0.0011603
0.00132985
0.0011262
0.00132982
0.00108714
0.00132979
0.00104305
0.00132975
0.000994064
0.0013297
0.000940551
0.00132965
0.000883118
0.00132958
0.000822599
0.00132951
0.000760012
0.00132942
0.000696499
0.00132931
0.000633274
0.00132919
0.000571592
0.00132904
0.0005128
0.00132886
0.00045856
0.00132865
0.000411441
0.0013284
0.0003763
0.00132809
0.000363202
0.00132687
0.000484806
0.000376219
0.00045541
0.000600941
0.0012174
0.000455478
0.000391109
0.000481471
0.000564721
0.00119432
0.000427071
0.000406457
0.000518426
0.000529259
0.00116739
0.000399665
0.00042222
0.000561533
0.00049473
0.0011363
0.000373327
0.000438364
0.000608207
0.000461292
0.0011008
0.000348108
0.000454861
0.000656915
0.000429077
0.0010608
0.000324045
0.000471691
0.00070662
0.000398192
0.00101634
0.000301163
0.00048883
0.00075652
0.00036872
0.000967651
0.000279471
0.000506258
0.00080593
0.000340721
0.00091515
0.000258971
0.000523954
0.000854241
0.000314229
0.000859442
0.00023965
0.000541893
0.00090091
0.00028926
0.000801289
0.000221489
0.000560053
0.00094547
0.000265807
0.000741559
0.000204461
0.000578408
0.000987534
0.000243842
0.000681148
0.000188532
0.000596933
0.00102681
0.000223311
0.00062088
0.000173664
0.000615601
0.0010631
0.000204128
0.000561332
0.000159813
0.000634382
0.00109629
0.000186142
0.000502547
0.000146936
0.000653248
0.00112637
0.000169085
0.000443408
0.000134983
0.00067217
0.0011534
0.000152441
0.000380245
0.000123932
0.000691117
0.00117748
0.000135165
0.000303364
0.000110884
0.00071006
0.00119878
0.000115065
0.000187604
0.000167201
0.000114155
0.000864543
0.000954966
0.00055768
0.00121458
2.9059e-05
0.000431696
0.000165381
7.87464e-05
0.000145031
0.000105515
0.000701834
0.00106522
0.00042323
0.00122608
2.81621e-05
0.000338401
0.000151826
2.29804e-05
0.000125525
9.74803e-05
0.000542242
0.00111654
0.000320936
0.00123655
2.7257e-05
0.000260309
0.000139258
7.67976e-06
0.000108434
9.00165e-05
0.000401175
0.00114812
0.000247659
0.00124605
2.63428e-05
0.000197207
0.000127626
3.66504e-06
9.35131e-05
8.30888e-05
0.000286596
0.00117153
0.000197939
0.00125467
2.54182e-05
0.000147619
0.000116876
2.72526e-06
8.0528e-05
7.6664e-05
0.000199371
0.00119076
0.000166216
0.00126247
2.44821e-05
0.000109485
0.000106957
2.62684e-06
6.92585e-05
7.07102e-05
0.000136044
0.00120736
0.000147789
0.00126951
2.35332e-05
8.06358e-05
9.7817e-05
2.76844e-06
5.95011e-05
6.51967e-05
9.1584e-05
0.00122198
0.00013904
0.00127587
2.25701e-05
5.9079e-05
8.94047e-05
2.98946e-06
5.10701e-05
6.00944e-05
6.10844e-05
0.00123494
0.000137346
0.00128161
2.15915e-05
4.31179e-05
8.16714e-05
3.24803e-06
4.37981e-05
5.53753e-05
4.04874e-05
0.00124645
0.00014087
0.00128676
2.05958e-05
3.13795e-05
7.45697e-05
3.53432e-06
3.75353e-05
5.10131e-05
2.67233e-05
0.00125666
0.000148369
0.0012914
1.95817e-05
2.27891e-05
6.80542e-05
3.84722e-06
3.21486e-05
4.6983e-05
1.75895e-05
0.00126571
0.000159017
0.00129556
1.85474e-05
1.65253e-05
6.20819e-05
4.18814e-06
2.75205e-05
4.32614e-05
1.15563e-05
0.0012737
0.000172285
0.0012993
1.74912e-05
1.197e-05
5.66119e-05
4.55928e-06
2.35475e-05
3.98263e-05
7.58333e-06
0.00128076
0.000187844
0.00130264
1.64114e-05
8.66335e-06
5.16056e-05
4.96322e-06
2.01384e-05
3.66568e-05
4.9723e-06
0.00128697
0.000205497
0.00130564
1.53061e-05
6.26653e-06
4.70269e-05
5.40283e-06
1.72105e-05
3.37335e-05
3.25861e-06
0.00129244
0.000225137
0.00130832
1.41732e-05
4.53092e-06
4.28419e-05
5.88122e-06
1.4683e-05
3.10384e-05
2.13491e-06
0.00129724
0.000246709
0.00131071
1.30109e-05
3.27513e-06
3.90187e-05
6.40178e-06
1.24561e-05
2.85549e-05
1.39874e-06
0.00130145
0.000270193
0.00131285
1.18168e-05
2.36797e-06
3.55284e-05
6.96819e-06
1.03493e-05
2.62687e-05
9.17406e-07
0.00130513
0.000295578
0.00131476
1.05887e-05
1.72214e-06
3.2359e-05
7.58445e-06
7.90605e-06
2.41707e-05
6.05266e-07
0.00130836
0.000322858
0.00131647
9.32409e-06
1.34969e-06
3.01446e-05
8.25491e-06
3.11682e-06
1.56373e-06
2.26118e-05
4.39549e-07
0.00129058
0.00108721
0.00036024
0.000201366
4.30963e-05
8.82579e-06
1.83042e-06
1.50821e-06
2.15258e-05
3.6019e-07
0.00128895
0.00109138
0.00040867
0.00017451
2.99325e-05
9.27891e-06
1.0787e-06
1.46295e-06
2.04912e-05
2.95249e-07
0.00128726
0.00109521
0.000461218
0.000150799
2.08354e-05
9.75308e-06
6.40482e-07
1.43101e-06
1.95056e-05
2.42173e-07
0.0012855
0.00109884
0.000517423
0.00012998
1.45702e-05
1.02503e-05
3.86162e-07
1.41691e-06
1.85668e-05
1.98909e-07
0.00128368
0.00110234
0.000576663
0.000111787
1.02678e-05
1.07722e-05
2.39916e-07
1.42734e-06
1.76726e-05
1.63834e-07
0.00128178
0.00110575
0.000638149
9.59557e-05
7.32153e-06
1.13202e-05
1.5746e-07
1.47209e-06
1.6821e-05
1.35732e-07
0.00127981
0.00110909
0.000700939
8.22288e-05
5.31033e-06
1.18957e-05
1.13008e-07
1.56552e-06
1.601e-05
1.13789e-07
0.00127777
0.00111238
0.000763978
7.03639e-05
3.94314e-06
1.25002e-05
9.162e-08
1.72863e-06
1.52376e-05
9.76572e-08
0.00127564
0.00111563
0.000826157
6.01361e-05
3.01925e-06
1.31351e-05
8.47422e-08
1.99206e-06
1.45022e-05
8.7595e-08
0.00127344
0.00111883
0.000886386
5.134e-05
2.40054e-06
1.38019e-05
0.00127115
0.00112199
0.000943666
4.37903e-05
0.00126877
0.00112511
0.000997154
3.73214e-05
0.00126631
0.0011282
0.00104621
3.17867e-05
0.00126374
0.00113124
0.00109044
2.70572e-05
0.00126106
0.00113425
0.00112967
2.30201e-05
0.00125824
0.00113723
0.00116392
1.95772e-05
0.00125516
0.00114016
0.00119341
1.66433e-05
0.00125153
0.00114306
0.00121847
1.41451e-05
0.00124641
0.00114593
0.00123953
1.20309e-05
0.00123682
0.00114875
0.00125704
1.06271e-05
0.00132943
0.00108049
0.00132938
0.000901163
0.00132932
0.000719013
0.00132926
0.000567756
0.00132919
0.000463225
0.00132911
0.000406331
0.00132903
0.00039083
0.00132894
0.000408907
0.00132884
0.000453566
0.00132873
0.000518982
0.00132861
0.000600046
0.00132848
0.000691771
0.00132834
0.00078896
0.00132819
0.000886239
0.00132802
0.000978465
0.00132783
0.00106134
0.00132763
0.00113195
0.00132741
0.00118908
0.00132717
0.00123307
0.0013269
0.00126541
0.00132655
0.0013261
0.00132559
0.00132501
0.00132435
0.00132361
0.00132277
0.00132183
0.00132076
0.00131955
0.00131818
0.00131664
0.00131489
0.00131292
0.0013107
0.00130819
0.00130536
0.0013022
0.00129849
0.00129514
END_LIST
