time,branch0,branch1,branch2,branch3,branch4,branch5,branch6,branch7,branch8,branch9,branch10,branch11,branch12,branch13,branch14,branch15,branch16,branch17,branch18,branch19,branch20,branch21,branch22,branch23,branch24,branch25,branch26,branch27,0,0,0,0,0,0,0,0,0,0,0,0,0,0,0,0,0,0,0,0,0,0,0,0,0,0,0,0,0,
1,4.46112e-05,4.54815e-07,6.27758e-07,2.1966e-08,9.99581e-07,9.49672e-08,7.22713e-10,9.94117e-07,1.06834e-05,2.74722e-05,9.48498e-07,2.25078e-05,1.27824e-06,3.17692e-05,6.59963e-06,3.01193e-05,1.69472e-05,2.39381e-05,3.65984e-08,4.17838e-09,3.56146e-09,7.59479e-08,3.034e-05,2.89885e-05,5.09084e-06,8.20919e-09,1.48032e-08,1.06251e-07,
2,8.83379e-05,9.71276e-07,1.325e-06,4.67335e-08,2.08945e-06,1.99915e-07,1.52741e-09,2.06301e-06,2.18911e-05,5.54638e-05,1.96206e-06,4.5032e-05,2.6551e-06,6.37981e-05,1.38187e-05,6.15258e-05,3.39188e-05,4.75805e-05,8.10619e-08,9.21471e-09,7.77429e-09,1.67115e-07,6.1857e-05,5.76301e-05,1.04592e-05,1.74414e-08,3.13337e-08,2.23829e-07,
3,0.000130977,1.53241e-06,2.08158e-06,7.3594e-08,3.22683e-06,3.09612e-07,2.36882e-09,3.17432e-06,3.3429e-05,8.34588e-05,3.00518e-06,6.73747e-05,4.08673e-06,9.55173e-05,2.14999e-05,9.3471e-05,5.07825e-05,7.07808e-05,1.29601e-07,1.47121e-08,1.23111e-08,2.666e-07,9.41639e-05,8.57921e-05,1.60146e-05,2.71604e-08,4.8626e-08,3.46737e-07,
4,0.00017253,2.14184e-06,2.90309e-06,1.02731e-07,4.41258e-06,4.2409e-07,3.24682e-09,4.32907e-06,4.52962e-05,0.000111445,4.07792e-06,8.9537e-05,5.57432e-06,0.000126905,2.96719e-05,0.000125925,6.75405e-05,9.35436e-05,1.82287e-07,2.06843e-08,1.71756e-08,3.74692e-07,0.000127251,0.000113479,2.17612e-05,3.73714e-08,6.66751e-08,4.75003e-07,
5,0.000212999,2.80436e-06,3.79598e-06,1.34372e-07,5.64877e-06,5.43562e-07,4.16305e-09,5.529e-06,5.74936e-05,0.000139414,5.18117e-06,0.000111522,7.12012e-06,0.000157946,3.83687e-05,0.000158862,8.41961e-05,0.000115874,2.3952e-07,2.71773e-08,2.2396e-08,4.92232e-07,0.000161106,0.000140693,2.77043e-05,4.81038e-08,8.55147e-08,6.08864e-07,
6,0.000252386,3.52532e-06,4.76741e-06,1.68773e-07,6.93761e-06,6.68256e-07,5.11931e-09,6.77592e-06,7.00215e-05,0.000167359,6.31589e-06,0.000133333,8.72644e-06,0.000188624,4.76264e-05,0.000192257,0.000100753,0.000137779,3.01754e-07,3.42439e-08,2.80044e-08,6.20175e-07,0.000195718,0.00016744,3.38494e-05,5.93898e-08,1.05181e-07,7.48576e-07,
7,0.000290696,4.31064e-06,5.82528e-06,2.06216e-07,8.28135e-06,7.98408e-07,6.11743e-09,8.0717e-06,8.28795e-05,0.000195273,7.48303e-06,0.000154972,1.03957e-05,0.000218924,5.74832e-05,0.000226078,0.000117213,0.000159262,3.69497e-07,4.19425e-08,3.40363e-08,7.59585e-07,0.000231069,0.000193723,4.02019e-05,7.12644e-08,1.25712e-07,8.94404e-07,
8,0.000327933,5.16686e-06,6.97835e-06,2.47016e-07,9.68236e-06,9.34267e-07,7.15937e-09,9.41829e-06,9.60665e-05,0.000223148,8.68358e-06,0.000176443,1.21303e-05,0.000248831,6.79795e-05,0.000260291,0.00013358,0.000180329,4.43311e-07,5.03379e-08,4.05309e-08,9.11637e-07,0.000267139,0.000219544,4.67671e-05,8.3765e-08,1.47147e-07,1.04663e-06,
9,0.000364103,6.10125e-06,8.2363e-06,2.91523e-07,1.11431e-05,1.07609e-06,8.24715e-09,1.08177e-05,0.000109581,0.000250976,9.91858e-06,0.000197748,1.39329e-05,0.000278331,7.9158e-05,0.000294858,0.000149857,0.000200987,5.2382e-07,5.95022e-08,4.75314e-08,1.07764e-06,0.000303904,0.000244906,5.35505e-05,9.69321e-08,1.69527e-07,1.20553e-06,
10,0.000399213,7.12182e-06,9.60982e-06,3.40126e-07,1.26661e-05,1.22415e-06,9.3829e-09,1.22719e-05,0.00012342,0.000278749,1.11891e-05,0.000218889,1.58061e-05,0.000307411,9.10633e-05,0.000329737,0.000166045,0.00022124,6.11715e-07,6.9515e-08,5.50854e-08,1.25903e-06,0.000341337,0.000269812,6.05573e-05,1.10809e-07,1.92896e-07,1.37142e-06,
11,0.000433271,8.23744e-06,1.11107e-05,3.93259e-07,1.4254e-05,1.37873e-06,1.05688e-08,1.37832e-05,0.000137581,0.000306458,1.24961e-05,0.000239871,1.77526e-05,0.000336058,0.000103742,0.000364881,0.000182149,0.000241094,7.07759e-07,8.04646e-08,6.32456e-08,1.45743e-06,0.000379404,0.000294264,6.77929e-05,1.25444e-07,2.17298e-07,1.54462e-06,
12,0.000466285,9.4579e-06,1.2752e-05,4.51402e-07,1.59096e-05,1.54011e-06,1.18073e-08,1.53536e-05,0.00015206,0.000334096,1.38408e-05,0.000260694,1.97751e-05,0.000364259,0.000117244,0.000400241,0.000198168,0.000260555,8.128e-07,9.24487e-08,7.20697e-08,1.67459e-06,0.000418069,0.000318263,7.52625e-05,1.40887e-07,2.42781e-07,1.72544e-06,
13,0.000498265,1.0794e-05,1.4548e-05,5.15091e-07,1.76357e-05,1.70861e-06,1.31007e-08,1.69855e-05,0.000166853,0.000361654,1.52243e-05,0.000281362,2.18766e-05,0.000392002,0.000131619,0.000435762,0.000214107,0.000279628,9.27773e-07,1.05575e-07,8.16217e-08,1.91248e-06,0.000457289,0.000341812,8.29713e-05,1.57194e-07,2.69394e-07,1.91424e-06,
14,0.000529222,1.22576e-05,1.65144e-05,5.84918e-07,1.94353e-05,1.88455e-06,1.44517e-08,1.86811e-05,0.000181955,0.000389122,1.66478e-05,0.000301877,2.406e-05,0.000419276,0.00014692,0.000471386,0.000229966,0.000298318,1.05371e-06,1.19964e-07,9.19716e-08,2.17325e-06,0.000497018,0.000364912,9.09241e-05,1.74425e-07,2.97188e-07,2.11137e-06,
15,0.000559168,1.38617e-05,1.86685e-05,6.61542e-07,2.13114e-05,2.06827e-06,1.58628e-08,2.04428e-05,0.000197359,0.000416492,1.81124e-05,0.000322241,2.63283e-05,0.00044607,0.000163199,0.000507052,0.000245748,0.000316632,1.19175e-06,1.35745e-07,1.03196e-07,2.4593e-06,0.000537202,0.000387563,9.91261e-05,1.92643e-07,3.26217e-07,2.31721e-06,
16,0.000588116,1.56207e-05,2.10292e-05,7.45693e-07,2.32671e-05,2.2601e-06,1.73368e-08,2.22731e-05,0.000213061,0.000443755,1.96194e-05,0.000342457,2.86845e-05,0.000472376,0.000180512,0.000542692,0.000261454,0.000334575,1.34314e-06,1.53064e-07,1.15381e-07,2.77325e-06,0.000577783,0.000409768,0.000107582,2.11921e-07,3.56537e-07,2.53215e-06,
17,0.000616079,1.75501e-05,2.36169e-05,8.38178e-07,2.53059e-05,2.46041e-06,1.88768e-08,2.41743e-05,0.000229052,0.000470901,2.11699e-05,0.000362526,3.11318e-05,0.000498184,0.000198915,0.000578239,0.000277085,0.000352152,1.50926e-06,1.7208e-07,1.28617e-07,3.11796e-06,0.000618695,0.000431528,0.000116296,2.32333e-07,3.88207e-07,2.75659e-06,
18,0.000643073,1.96671e-05,2.64541e-05,9.3989e-07,2.74311e-05,2.66959e-06,2.04856e-08,2.61492e-05,0.000245327,0.000497921,2.27654e-05,0.000382451,3.36734e-05,0.000523487,0.000218461,0.000613619,0.000292643,0.00036937,1.69161e-06,1.92965e-07,1.43007e-07,3.49659e-06,0.000659868,0.000452842,0.000125273,2.53963e-07,4.21286e-07,2.99096e-06,
19,0.000669113,2.199e-05,2.9565e-05,1.05181e-06,2.96462e-05,2.88803e-06,2.21665e-08,2.82002e-05,0.000261876,0.000524806,2.4407e-05,0.000402234,3.63126e-05,0.000548276,0.000239205,0.000648758,0.000308129,0.000386232,1.89183e-06,2.15911e-07,1.58659e-07,3.91257e-06,0.000701224,0.000473712,0.000134516,2.76898e-07,4.5584e-07,3.23571e-06,
20,0.000694215,2.45388e-05,3.29755e-05,1.17503e-06,3.19549e-05,3.11613e-06,2.39229e-08,3.03299e-05,0.000278692,0.000551544,2.6096e-05,0.000421876,3.90527e-05,0.000572545,0.0002612,0.000683577,0.000323543,0.000402746,2.11171e-06,2.41123e-07,1.75695e-07,4.36963e-06,0.000742677,0.00049414,0.000144031,3.01236e-07,4.91935e-07,3.49129e-06,
21,0.000718398,2.73351e-05,3.67135e-05,1.31072e-06,3.4361e-05,3.35434e-06,2.57582e-08,3.25412e-05,0.000295767,0.000578127,2.78339e-05,0.000441379,4.1897e-05,0.000596289,0.000284497,0.000717997,0.000338888,0.000418916,2.35318e-06,2.68824e-07,1.94242e-07,4.87183e-06,0.000784137,0.000514124,0.00015382,3.27082e-07,5.29641e-07,3.75819e-06,
22,0.000741678,3.04018e-05,4.08088e-05,1.4602e-06,3.68683e-05,3.6031e-06,2.76761e-08,3.48366e-05,0.00031309,0.000604544,2.96219e-05,0.000460746,4.4849e-05,0.000619503,0.000309144,0.000751938,0.000354162,0.000434748,2.61834e-06,2.99257e-07,2.1444e-07,5.4235e-06,0.000825506,0.000533667,0.000163887,3.54547e-07,5.69029e-07,4.03691e-06,
23,0.000764075,3.37634e-05,4.52927e-05,1.62488e-06,3.94809e-05,3.86288e-06,2.96803e-08,3.7219e-05,0.000330655,0.000630784,3.14615e-05,0.000479979,4.79121e-05,0.000642184,0.000335183,0.00078532,0.000369368,0.000450248,2.90942e-06,3.32679e-07,2.36439e-07,6.02934e-06,0.000866679,0.000552769,0.000174234,3.83752e-07,6.10177e-07,4.32798e-06,
24,0.000785608,3.74457e-05,5.01983e-05,1.80631e-06,4.22029e-05,4.13416e-06,3.17748e-08,3.9691e-05,0.000348449,0.000656838,3.3354e-05,0.000499077,5.10898e-05,0.000664327,0.000362652,0.000818062,0.000384505,0.00046542,3.22881e-06,3.69367e-07,2.60397e-07,6.69433e-06,0.000907547,0.000571431,0.000184865,4.14827e-07,6.53163e-07,4.63194e-06,
25,0.000806298,4.14756e-05,5.55597e-05,2.00615e-06,4.50388e-05,4.41746e-06,3.39639e-08,4.22557e-05,0.000366465,0.000682694,3.53009e-05,0.000518044,5.43855e-05,0.000685931,0.000391582,0.000850087,0.000399574,0.000480271,3.57904e-06,4.09613e-07,2.86484e-07,7.42373e-06,0.000947993,0.000589654,0.000195782,4.47913e-07,6.9807e-07,4.94936e-06,
26,0.000826164,4.58811e-05,6.14121e-05,2.22621e-06,4.79928e-05,4.7133e-06,3.62518e-08,4.49156e-05,0.000384692,0.000708343,3.73036e-05,0.000536881,5.78027e-05,0.000706995,0.000421997,0.000881316,0.000414575,0.000494805,3.96279e-06,4.53725e-07,3.14876e-07,8.22309e-06,0.000987899,0.000607439,0.000206987,4.83158e-07,7.44985e-07,5.28085e-06,
27,0.000845228,5.0691e-05,6.77914e-05,2.46842e-06,5.10697e-05,5.02225e-06,3.8643e-08,4.76738e-05,0.000403121,0.000733772,3.93635e-05,0.000555589,6.1345e-05,0.000727518,0.00045391,0.000911679,0.000429508,0.000509028,4.38283e-06,5.02025e-07,3.45758e-07,9.0982e-06,0.00102714,0.000624787,0.000218481,5.2072e-07,7.93998e-07,5.62701e-06,
28,0.00086351,5.59344e-05,7.47331e-05,2.73486e-06,5.42741e-05,5.34488e-06,4.11422e-08,5.0533e-05,0.000421741,0.000758972,4.14821e-05,0.00057417,6.50157e-05,0.0007475,0.000487324,0.000941107,0.000444374,0.000522945,4.84203e-06,5.54844e-07,3.79323e-07,1.0055e-05,0.00106559,0.000641699,0.000230266,5.60769e-07,8.45203e-07,5.98849e-06,
29,0.000881033,6.16402e-05,8.22726e-05,3.0277e-06,5.76108e-05,5.68178e-06,4.37544e-08,5.3496e-05,0.000440542,0.000783932,4.36609e-05,0.000592625,6.88184e-05,0.000766942,0.00052223,0.000969536,0.000459171,0.000536562,5.34335e-06,6.12521e-07,4.15765e-07,1.10996e-05,0.00110313,0.000658178,0.000242341,6.03481e-07,8.98698e-07,6.36598e-06,
30,0.000897818,6.7837e-05,9.04437e-05,3.34925e-06,6.1085e-05,6.03359e-06,4.64847e-08,5.65657e-05,0.000459514,0.00080864,4.59013e-05,0.000610956,7.27564e-05,0.000785847,0.000558608,0.00099691,0.000473901,0.000549884,5.88974e-06,6.75399e-07,4.55283e-07,1.22381e-05,0.00113963,0.000674224,0.000254708,6.49045e-07,9.54587e-07,6.76016e-06,
31,0.000913887,7.45522e-05,9.92782e-05,3.70195e-06,6.47017e-05,6.40095e-06,4.93385e-08,5.97449e-05,0.000478647,0.000833086,4.82048e-05,0.000629163,7.68332e-05,0.000804217,0.000596419,0.00102318,0.000488562,0.000562915,6.48418e-06,7.43819e-07,4.98076e-07,1.34766e-05,0.00117498,0.000689841,0.000267365,6.97656e-07,1.01298e-06,7.17178e-06,
32,0.000929262,8.18113e-05,0.000108805,4.0883e-06,6.84662e-05,6.78456e-06,5.23212e-08,6.30362e-05,0.000497931,0.000857259,5.05729e-05,0.000647247,8.10519e-05,0.000822055,0.000635614,0.0010483,0.000503155,0.000575662,7.12957e-06,8.18117e-07,5.44338e-07,1.4821e-05,0.00120905,0.000705029,0.000280312,7.49518e-07,1.07398e-06,7.6016e-06,
33,0.000943964,8.96378e-05,0.000119049,4.51092e-06,7.23841e-05,7.18512e-06,5.54386e-08,6.64425e-05,0.000517356,0.000881148,5.30071e-05,0.00066521,8.54159e-05,0.000839366,0.000676124,0.00107225,0.000517679,0.000588128,7.82872e-06,8.98615e-07,5.94258e-07,1.62772e-05,0.00124175,0.000719793,0.000293547,8.04842e-07,1.13771e-06,8.05041e-06,
34,0.000958017,9.80521e-05,0.000130032,4.97247e-06,7.64607e-05,7.60336e-06,5.86968e-08,6.99663e-05,0.000536912,0.000904742,5.55088e-05,0.000683054,8.99282e-05,0.000856154,0.000717864,0.00109498,0.000532134,0.00060032,8.58427e-06,9.85618e-07,6.48016e-07,1.78503e-05,0.00127297,0.000734133,0.000307069,8.63846e-07,1.20429e-06,8.51903e-06,
35,0.000971442,0.000107071,0.000141768,5.47568e-06,8.0702e-05,8.04005e-06,6.2102e-08,7.36103e-05,0.00055659,0.000928032,5.80794e-05,0.000700777,9.45917e-05,0.000872425,0.000760733,0.0011165,0.00054652,0.000612243,9.39868e-06,1.07941e-06,7.05778e-07,1.95455e-05,0.00130264,0.000748055,0.000320874,9.26753e-07,1.27386e-06,9.00834e-06,
36,0.00098426,0.000116707,0.000154268,6.02329e-06,8.51137e-05,8.49601e-06,6.56607e-08,7.73769e-05,0.00057638,0.000951005,6.07205e-05,0.000718383,9.94094e-05,0.000888184,0.000804614,0.00113679,0.000560835,0.0006239,1.02741e-05,1.18023e-06,7.67697e-07,2.1367e-05,0.0013307,0.00076156,0.000334961,9.93791e-07,1.34653e-06,9.51922e-06,
37,0.000996493,0.000126969,0.000167533,6.61807e-06,8.97019e-05,8.97205e-06,6.93795e-08,8.12686e-05,0.000596272,0.000973652,6.34335e-05,0.000735871,0.000104384,0.00090344,0.000849371,0.00115586,0.00057508,0.000635298,1.12125e-05,1.28831e-06,8.33905e-07,2.33185e-05,0.00135709,0.000774653,0.000349324,1.06519e-06,1.42246e-06,1.00526e-05,
38,0.00100816,0.00013786,0.00018156,7.26278e-06,9.44726e-05,9.46906e-06,7.32656e-08,8.52876e-05,0.000616257,0.000995964,6.62197e-05,0.000753243,0.000109518,0.000918198,0.000894854,0.00117371,0.000589254,0.00064644,1.22154e-05,1.40382e-06,9.04515e-07,2.5403e-05,0.00138178,0.000787338,0.00036396,1.14118e-06,1.50178e-06,1.06095e-05,
39,0.00101929,0.000149378,0.000196339,7.96015e-06,9.94321e-05,9.98792e-06,7.73261e-08,8.94363e-05,0.000636327,0.00101793,6.90805e-05,0.000770498,0.000114814,0.000932466,0.000940896,0.00119037,0.000603356,0.000657333,1.3284e-05,1.5269e-06,9.79616e-07,2.76228e-05,0.00140475,0.000799619,0.000378863,1.22201e-06,1.58465e-06,1.11909e-05,
40,0.00102989,0.000161517,0.000211851,8.7129e-06,0.000104587,1.05296e-05,8.15686e-08,9.37166e-05,0.000656472,0.00103954,7.20173e-05,0.000787638,0.000120274,0.000946252,0.00098732,0.00120586,0.000617385,0.00066798,1.44192e-05,1.65764e-06,1.05927e-06,2.99793e-05,0.00142603,0.000811501,0.000394029,1.3079e-06,1.67122e-06,1.17978e-05,
41,0.00104,0.000174265,0.000228074,9.52371e-06,0.000109943,1.1095e-05,8.60009e-08,9.81304e-05,0.000676683,0.00106079,7.50314e-05,0.000804664,0.000125899,0.000959566,0.00103393,0.00122022,0.000631342,0.000678386,1.56213e-05,1.79609e-06,1.14354e-06,3.2473e-05,0.00144561,0.000822988,0.000409451,1.39909e-06,1.76167e-06,1.24314e-05,
42,0.00104962,0.000187606,0.000244977,1.03952e-05,0.000115508,1.16853e-05,9.06312e-08,0.00010268,0.000696953,0.00108166,7.81241e-05,0.000821575,0.000131692,0.000972415,0.00108054,0.00123348,0.000645226,0.000688557,1.68906e-05,1.94225e-06,1.23242e-06,3.51038e-05,0.00146356,0.000834087,0.000425122,1.49583e-06,1.85615e-06,1.30927e-05,
43,0.00105878,0.00020152,0.000262526,1.133e-05,0.000121288,1.23014e-05,9.54679e-08,0.000107366,0.000717272,0.00110215,8.12967e-05,0.000838373,0.000137654,0.00098481,0.00112693,0.00124568,0.000659035,0.000698495,1.82267e-05,2.0961e-06,1.32592e-06,3.78708e-05,0.00147992,0.000844803,0.000441036,1.59834e-06,1.95486e-06,1.37831e-05,
44,0.00106749,0.000215983,0.000280682,1.23306e-05,0.00012729,1.29444e-05,1.0052e-07,0.000112191,0.000737633,0.00112225,8.45503e-05,0.000855058,0.000143786,0.000996759,0.0011729,0.00125689,0.00067277,0.000708207,1.9629e-05,2.25756e-06,1.42403e-06,4.07724e-05,0.00149475,0.000855142,0.000457184,1.70687e-06,2.05798e-06,1.45036e-05,
45,0.00107578,0.000230969,0.000299403,1.33996e-05,0.000133521,1.36156e-05,1.05796e-07,0.000117155,0.000758028,0.00114196,8.78861e-05,0.00087163,0.000150089,0.00100827,0.00121824,0.00126714,0.00068643,0.000717697,2.10968e-05,2.42653e-06,1.52671e-06,4.38065e-05,0.00150815,0.00086511,0.000473557,1.82167e-06,2.1657e-06,1.52557e-05,
46,0.00108366,0.00024645,0.000318643,1.45396e-05,0.000139988,1.4316e-05,1.11306e-07,0.00012226,0.000778449,0.00116126,9.13052e-05,0.00088809,0.000156564,0.00101936,0.00126274,0.00127649,0.000700014,0.000726969,2.26289e-05,2.6029e-06,1.6339e-06,4.69704e-05,0.00152018,0.000874713,0.000490148,1.94299e-06,2.27824e-06,1.60405e-05,
47,0.00109116,0.000262394,0.000338358,1.57531e-05,0.000146697,1.5047e-05,1.1706e-07,0.000127507,0.000798889,0.00118015,9.48086e-05,0.000904437,0.00016321,0.00103003,0.0013062,0.001285,0.000713521,0.000736027,2.42241e-05,2.78649e-06,1.74554e-06,5.02613e-05,0.00153095,0.000883959,0.000506946,2.07106e-06,2.39579e-06,1.68596e-05,
48,0.00109828,0.00027877,0.000358501,1.70427e-05,0.000153657,1.58098e-05,1.23068e-07,0.000132896,0.00081934,0.00119863,9.83974e-05,0.000920673,0.000170028,0.0010403,0.00134844,0.00129272,0.000726952,0.000744875,2.58812e-05,2.97717e-06,1.86158e-06,5.36757e-05,0.00154055,0.000892855,0.000523942,2.20616e-06,2.51859e-06,1.77144e-05,
49,0.00110504,0.000295548,0.000379025,1.8411e-05,0.000160875,1.66058e-05,1.29341e-07,0.000138428,0.000839795,0.00121668,0.000102073,0.000936797,0.000177018,0.00105018,0.00138927,0.0012997,0.000740305,0.000753519,2.75984e-05,3.17474e-06,1.98193e-06,5.72103e-05,0.00154907,0.000901408,0.000541125,2.34855e-06,2.64686e-06,1.86063e-05,
50,0.00111146,0.000312695,0.000399886,1.98609e-05,0.000168357,1.74363e-05,1.35889e-07,0.000144103,0.000860247,0.00123431,0.000105835,0.00095281,0.000184177,0.00105967,0.00142855,0.00130601,0.00075358,0.000761962,2.93745e-05,3.37904e-06,2.10652e-06,6.08615e-05,0.00155661,0.000909626,0.000558484,2.4985e-06,2.78086e-06,1.9537e-05,
51,0.00111756,0.000330182,0.000421039,2.1395e-05,0.000176112,1.83029e-05,1.42726e-07,0.000149921,0.00088069,0.00125152,0.000109685,0.000968711,0.000191506,0.00106878,0.00146613,0.00131168,0.000766777,0.000770208,3.12079e-05,3.58989e-06,2.23528e-06,6.46257e-05,0.00156325,0.000917516,0.000576007,2.6563e-06,2.92083e-06,2.0508e-05,
52,0.00112335,0.000347978,0.000442444,2.30164e-05,0.000184146,1.92069e-05,1.49862e-07,0.000155881,0.000901117,0.00126828,0.000113624,0.000984502,0.000199003,0.00107754,0.00150189,0.00131678,0.000779894,0.000778262,3.3097e-05,3.8071e-06,2.36814e-06,6.84996e-05,0.00156909,0.000925086,0.000593683,2.82224e-06,3.06704e-06,2.1521e-05,
53,0.00112884,0.000366056,0.000464059,2.4728e-05,0.000192466,2.015e-05,1.57311e-07,0.000161984,0.000921521,0.00128462,0.000117652,0.00100018,0.000206666,0.00108594,0.00153575,0.00132135,0.000792932,0.000786126,3.50405e-05,4.03051e-06,2.50502e-06,7.24796e-05,0.0015742,0.000932345,0.000611499,2.99664e-06,3.21977e-06,2.25779e-05,
54,0.00113406,0.000384388,0.000485848,2.6533e-05,0.000201082,2.11339e-05,1.65086e-07,0.000168229,0.000941897,0.00130052,0.000121771,0.00101575,0.000214492,0.001094,0.00156763,0.00132543,0.000805891,0.000793807,3.70369e-05,4.25995e-06,2.64587e-06,7.65626e-05,0.00157868,0.000939301,0.000629444,3.17982e-06,3.3793e-06,2.36803e-05,
55,0.001139,0.00040295,0.000507775,2.84348e-05,0.000209999,2.21601e-05,1.73201e-07,0.000174615,0.000962237,0.00131598,0.00012598,0.0010312,0.000222479,0.00110174,0.0015975,0.00132908,0.000818769,0.000801306,3.90851e-05,4.49529e-06,2.79064e-06,8.07456e-05,0.00158258,0.000945961,0.000647503,3.37212e-06,3.54594e-06,2.48303e-05,
56,0.00114369,0.000421718,0.000529807,3.04369e-05,0.000219225,2.32305e-05,1.81671e-07,0.00018114,0.000982536,0.001331,0.00013028,0.00104655,0.000230624,0.00110915,0.00162534,0.00133232,0.000831567,0.000808628,4.11838e-05,4.73636e-06,2.93927e-06,8.50257e-05,0.00158597,0.000952335,0.000665664,3.57388e-06,3.72001e-06,2.60298e-05,
57,0.00114813,0.00044067,0.000551915,3.25429e-05,0.000228767,2.43469e-05,1.90509e-07,0.000187803,0.00100279,0.00134558,0.000134671,0.00106178,0.000238923,0.00111625,0.00165117,0.00133521,0.000844283,0.000815778,4.33319e-05,4.98305e-06,3.09174e-06,8.94004e-05,0.00158891,0.000958431,0.000683914,3.78548e-06,3.90183e-06,2.72809e-05,
58,0.00115234,0.000459786,0.00057407,3.47566e-05,0.000238634,2.55112e-05,1.99734e-07,0.000194604,0.00102299,0.00135973,0.000139155,0.0010769,0.000247374,0.00112305,0.00167499,0.00133778,0.000856918,0.000822757,4.55286e-05,5.23523e-06,3.24799e-06,9.38671e-05,0.00159146,0.000964257,0.000702237,4.00731e-06,4.09176e-06,2.85857e-05,
59,0.00115633,0.000479047,0.000596245,3.7082e-05,0.000248831,2.67255e-05,2.0936e-07,0.000201539,0.00104313,0.00137345,0.00014373,0.00109191,0.00025597,0.00112957,0.00169688,0.00134005,0.000869472,0.000829571,4.77728e-05,5.4928e-06,3.40803e-06,9.84238e-05,0.00159367,0.000969822,0.000720621,4.23977e-06,4.29015e-06,2.99464e-05,
60,0.00116011,0.000498437,0.000618417,3.95233e-05,0.000259366,2.79916e-05,2.19405e-07,0.000208607,0.00106321,0.00138673,0.000148398,0.00110681,0.000264709,0.0011358,0.00171689,0.00134206,0.000881944,0.000836223,5.00639e-05,5.75568e-06,3.57182e-06,0.000103068,0.00159557,0.000975134,0.000739051,4.48328e-06,4.4974e-06,3.13653e-05,
61,0.0011637,0.000517939,0.000640564,4.20848e-05,0.000270247,2.93119e-05,2.29889e-07,0.000215807,0.00108321,0.00139958,0.000153158,0.00112159,0.000273586,0.00114176,0.00173511,0.00134383,0.000894333,0.000842715,5.24011e-05,6.02377e-06,3.73937e-06,0.000107799,0.00159722,0.000980203,0.000757513,4.73829e-06,4.71388e-06,3.28448e-05,
62,0.00116709,0.00053754,0.000662664,4.47711e-05,0.00028148,3.06885e-05,2.40828e-07,0.000223134,0.00110315,0.00141201,0.000158011,0.00113626,0.000282595,0.00114747,0.00175162,0.0013454,0.00090664,0.000849053,5.4784e-05,6.297e-06,3.91067e-06,0.000112615,0.00159863,0.000985036,0.000775992,5.00525e-06,4.94003e-06,3.43875e-05,
63,0.00117031,0.000557225,0.000684698,4.75867e-05,0.000293071,3.21238e-05,2.52245e-07,0.000230588,0.001123,0.00142402,0.000162957,0.00115082,0.00029173,0.00115293,0.00176653,0.00134678,0.000918865,0.000855238,5.7212e-05,6.57532e-06,4.08574e-06,0.000117514,0.00159985,0.000989642,0.000794475,5.28463e-06,5.17628e-06,3.5996e-05,
64,0.00117335,0.000576984,0.000706648,5.05366e-05,0.000305028,3.36201e-05,2.64159e-07,0.000238165,0.00114277,0.00143561,0.000167995,0.00116526,0.000300987,0.00115814,0.00177995,0.00134799,0.000931007,0.000861276,5.96848e-05,6.85868e-06,4.2646e-06,0.000122495,0.00160089,0.000994029,0.000812945,5.57695e-06,5.42308e-06,3.76729e-05,
65,0.00117623,0.000596805,0.000728498,5.36257e-05,0.000317357,3.51801e-05,2.76592e-07,0.000245863,0.00116244,0.0014468,0.000173126,0.00117959,0.000310359,0.00116312,0.00179197,0.00134906,0.000943065,0.000867167,6.2202e-05,7.14702e-06,4.44726e-06,0.000127557,0.00160179,0.000998205,0.000831389,5.8827e-06,5.68092e-06,3.94211e-05,
66,0.00117896,0.000616678,0.000750231,5.68591e-05,0.000330064,3.68063e-05,2.89568e-07,0.000253679,0.00118202,0.00145758,0.000178349,0.0011938,0.000319841,0.00116788,0.00180272,0.00134999,0.000955041,0.000872917,6.47633e-05,7.44032e-06,4.63376e-06,0.000132699,0.00160256,0.00100218,0.000849792,6.20243e-06,5.9503e-06,4.12435e-05,
67,0.00118154,0.000636594,0.000771831,6.02421e-05,0.000343154,3.85014e-05,3.03111e-07,0.000261609,0.0012015,0.00146796,0.000183664,0.0012079,0.000329425,0.00117243,0.00181229,0.00135081,0.000966933,0.000878528,6.73687e-05,7.73855e-06,4.82413e-06,0.000137921,0.00160322,0.00100596,0.00086814,6.53668e-06,6.23176e-06,4.31432e-05,
68,0.00118398,0.000656544,0.000793286,6.37801e-05,0.000356635,4.02683e-05,3.17246e-07,0.000269651,0.00122088,0.00147795,0.000189072,0.00122188,0.000339105,0.00117677,0.00182079,0.00135153,0.000978742,0.000884003,7.0018e-05,8.04169e-06,5.01843e-06,0.000143222,0.00160378,0.00100955,0.000886418,6.88604e-06,6.52584e-06,4.51233e-05,
69,0.00118629,0.000676522,0.000814581,6.74786e-05,0.000370511,4.21099e-05,3.32e-07,0.000277802,0.00124014,0.00148757,0.000194571,0.00123574,0.000348875,0.00118091,0.00182832,0.00135216,0.000990468,0.000889346,7.27111e-05,8.34972e-06,5.21669e-06,0.000148601,0.00160426,0.00101296,0.000904611,7.25108e-06,6.83313e-06,4.71872e-05,
70,0.00118848,0.000696519,0.000835702,7.13432e-05,0.000384787,4.40294e-05,3.47401e-07,0.000286057,0.00125929,0.0014968,0.000200162,0.00124949,0.000358727,0.00118486,0.00183497,0.00135271,0.00100211,0.000894558,7.5448e-05,8.66264e-06,5.41898e-06,0.000154057,0.00160468,0.00101621,0.000922706,7.63243e-06,7.15423e-06,4.93382e-05,
71,0.00119055,0.00071653,0.000856639,7.53794e-05,0.000399469,4.60298e-05,3.63479e-07,0.000294414,0.00127832,0.00150567,0.000205844,0.00126312,0.000368654,0.00118863,0.00184084,0.00135319,0.00101367,0.000899644,7.82287e-05,8.98044e-06,5.62536e-06,0.000159591,0.00160503,0.00101928,0.000940688,8.0307e-06,7.4898e-06,5.15801e-05,
72,0.00119251,0.000736547,0.000877377,7.95931e-05,0.00041456,4.81145e-05,3.80265e-07,0.00030287,0.00129722,0.00151419,0.000211617,0.00127663,0.00037865,0.00119222,0.001846,0.0013536,0.00102514,0.000904606,8.10534e-05,9.30312e-06,5.8359e-06,0.000165203,0.00160533,0.0010222,0.000958544,8.44654e-06,7.84051e-06,5.39163e-05,
73,0.00119436,0.000756566,0.000897906,8.399e-05,0.000430065,5.0287e-05,3.97791e-07,0.000311421,0.00131599,0.00152235,0.00021748,0.00129002,0.000388707,0.00119565,0.00185053,0.00135397,0.00103653,0.000909447,8.3922e-05,9.63068e-06,6.05068e-06,0.000170891,0.00160558,0.00102497,0.00097626,8.88062e-06,8.20707e-06,5.6351e-05,
74,0.00119611,0.000776582,0.000918214,8.85759e-05,0.000445987,5.25509e-05,4.16093e-07,0.000320063,0.00133463,0.00153018,0.000223434,0.00130329,0.000398817,0.00119892,0.00185451,0.00135428,0.00104784,0.000914169,8.68348e-05,9.96314e-06,6.26976e-06,0.000176656,0.0016058,0.0010276,0.000993823,9.33361e-06,8.59022e-06,5.88879e-05,
75,0.00119777,0.000796589,0.00093829,9.33565e-05,0.000462329,5.49098e-05,4.35206e-07,0.000328794,0.00135313,0.00153768,0.000229477,0.00131644,0.000408974,0.00120203,0.00185798,0.00135456,0.00105906,0.000918776,8.9792e-05,1.03005e-05,6.49325e-06,0.000182498,0.00160599,0.00103009,0.00101122,9.80622e-06,8.99075e-06,6.15314e-05,
76,0.00119933,0.000816583,0.000958124,9.83377e-05,0.000479095,5.73677e-05,4.55169e-07,0.000337609,0.00137148,0.00154485,0.000235609,0.00132947,0.000419169,0.001205,0.00186102,0.0013548,0.0010702,0.00092327,9.27937e-05,1.06428e-05,6.72123e-06,0.000188417,0.00160615,0.00103244,0.00102844,1.02992e-05,9.40947e-06,6.42857e-05,
77,0.00120081,0.00083656,0.000977703,0.000103525,0.000496286,5.99286e-05,4.76023e-07,0.000346506,0.00138968,0.00155172,0.000241831,0.00134238,0.000429397,0.00120783,0.00186367,0.00135501,0.00108126,0.000927654,9.58402e-05,1.099e-05,6.95381e-06,0.000194412,0.00160628,0.00103468,0.00104546,1.08131e-05,9.84727e-06,6.71554e-05,
78,0.00120221,0.000856516,0.00099702,0.000108924,0.000513904,6.25966e-05,4.9781e-07,0.000355482,0.00140773,0.00155828,0.00024814,0.00135516,0.000439648,0.00121052,0.00186598,0.00135519,0.00109223,0.00093193,9.89318e-05,1.13422e-05,7.19109e-06,0.000200485,0.0016064,0.00103679,0.00106229,1.13489e-05,1.0305e-05,7.0145e-05,
79,0.00120354,0.000876446,0.00101606,0.000114541,0.00053195,6.53761e-05,5.20576e-07,0.000364532,0.00142562,0.00156455,0.000254537,0.00136783,0.000449917,0.00121308,0.00186799,0.00135534,0.00110312,0.000936101,0.000102069,1.16993e-05,7.43318e-06,0.000206634,0.0016065,0.00103879,0.00107889,1.19073e-05,1.07838e-05,7.32595e-05,
80,0.00120479,0.000896349,0.00103482,0.00012038,0.000550425,6.82716e-05,5.44368e-07,0.000373654,0.00144335,0.00157054,0.000261021,0.00138036,0.000460196,0.00121552,0.00186974,0.00135548,0.00111392,0.000940168,0.000105251,1.20615e-05,7.6802e-06,0.00021286,0.00160658,0.00104069,0.00109528,1.2489e-05,1.12844e-05,7.65038e-05,
81,0.00120597,0.00091622,0.00105329,0.000126446,0.000569327,7.12877e-05,5.69237e-07,0.000382845,0.00146091,0.00157626,0.000267592,0.00139277,0.000470477,0.00121784,0.00187126,0.0013556,0.00112464,0.000944136,0.00010848,1.24286e-05,7.93228e-06,0.000219163,0.00160665,0.00104248,0.00111142,1.30949e-05,1.18081e-05,7.98832e-05,
82,0.00120709,0.000936057,0.00107145,0.000132746,0.000588657,7.44293e-05,5.95237e-07,0.000392101,0.0014783,0.00158171,0.000274249,0.00140506,0.000480754,0.00122005,0.00187258,0.0013557,0.00113528,0.000948005,0.000111754,1.28009e-05,8.18956e-06,0.000225544,0.00160671,0.00104417,0.00112732,1.37256e-05,1.23559e-05,8.3403e-05,
83,0.00120814,0.000955856,0.00108931,0.000139283,0.000608412,7.77014e-05,6.22423e-07,0.00040142,0.00149551,0.00158691,0.000280992,0.00141722,0.000491019,0.00122216,0.00187372,0.00135579,0.00114583,0.000951778,0.000115076,1.31782e-05,8.45217e-06,0.000232003,0.00160676,0.00104577,0.00114297,1.43822e-05,1.2929e-05,8.70687e-05,
84,0.00120914,0.000975614,0.00110685,0.000146062,0.000628591,8.11091e-05,6.50856e-07,0.000410798,0.00151254,0.00159187,0.00028782,0.00142925,0.000501267,0.00122416,0.00187471,0.00135586,0.0011563,0.000955458,0.000118444,1.35606e-05,8.72028e-06,0.000238539,0.0016068,0.00104728,0.00115835,1.50653e-05,1.35286e-05,9.08862e-05,
85,0.00121009,0.00099533,0.00112406,0.000153088,0.00064919,8.46577e-05,6.80598e-07,0.000420234,0.00152939,0.00159659,0.000294732,0.00144115,0.000511489,0.00122606,0.00187556,0.00135593,0.00116668,0.000959047,0.00012186,1.39482e-05,8.99403e-06,0.000245153,0.00160684,0.00104871,0.00117345,1.57759e-05,1.4156e-05,9.48614e-05,
86,0.00121098,0.001015,0.00114093,0.000160363,0.000670204,8.83529e-05,7.11718e-07,0.000429723,0.00154605,0.00160108,0.000301728,0.00145292,0.00052168,0.00122787,0.0018763,0.00135599,0.00117698,0.000962547,0.000125323,1.43409e-05,9.2736e-06,0.000251846,0.00160687,0.00105006,0.00118827,1.65148e-05,1.48127e-05,9.90003e-05,
87,0.00121182,0.00103462,0.00115747,0.000167892,0.00069163,9.22002e-05,7.44285e-07,0.000439265,0.00156251,0.00160536,0.000308807,0.00146456,0.000531834,0.00122959,0.00187694,0.00135604,0.0011872,0.000965959,0.000128835,1.47388e-05,9.55916e-06,0.000258617,0.0016069,0.00105134,0.00120281,1.72829e-05,1.55e-05,0.000103309,
88,0.00121262,0.0010542,0.00117365,0.000175677,0.000713461,9.62056e-05,7.78376e-07,0.000448855,0.00157877,0.00160943,0.000315969,0.00147608,0.000541944,0.00123123,0.00187749,0.00135608,0.00119733,0.000969287,0.000132396,1.5142e-05,9.85092e-06,0.000265467,0.00160692,0.00105254,0.00121705,1.8081e-05,1.62194e-05,0.000107795,
89,0.00121337,0.00107372,0.00118949,0.000183721,0.000735691,0.000100375,8.1407e-07,0.000458492,0.00159484,0.00161329,0.000323212,0.00148746,0.000552003,0.00123278,0.00187797,0.00135612,0.00120738,0.000972531,0.000136006,1.55505e-05,1.01491e-05,0.000272397,0.00160694,0.00105368,0.00123099,1.89102e-05,1.69726e-05,0.000112464,
90,0.00121408,0.00109318,0.00120496,0.000192027,0.000758312,0.000104715,8.51452e-07,0.000468173,0.0016107,0.00161697,0.000330537,0.00149871,0.000562007,0.00123426,0.00187838,0.00135615,0.00121734,0.000975695,0.000139665,1.59643e-05,1.04538e-05,0.000279406,0.00160696,0.00105476,0.00124462,1.97712e-05,1.77612e-05,0.000117323,
91,0.00121475,0.00111259,0.00122007,0.000200595,0.000781316,0.000109231,8.90611e-07,0.000477897,0.00162634,0.00162047,0.000337942,0.00150982,0.00057195,0.00123567,0.00187874,0.00135617,0.00122722,0.00097878,0.000143375,1.63834e-05,1.07654e-05,0.000286495,0.00160697,0.00105577,0.00125794,2.06651e-05,1.8587e-05,0.00012238,
92,0.00121539,0.00113195,0.00123481,0.000209427,0.000804693,0.000113931,9.31644e-07,0.00048766,0.00164178,0.00162379,0.000345428,0.0015208,0.000581825,0.001237,0.00187904,0.0013562,0.00123702,0.000981787,0.000147135,1.68079e-05,1.1084e-05,0.000293665,0.00160698,0.00105672,0.00127095,2.15929e-05,1.94518e-05,0.00012764,
93,0.00121599,0.00115124,0.00124918,0.000218524,0.000828433,0.000118821,9.74652e-07,0.000497462,0.001657,0.00162694,0.000352992,0.00153165,0.000591628,0.00123827,0.0018793,0.00135622,0.00124673,0.000984719,0.000150947,1.72378e-05,1.141e-05,0.000300915,0.00160699,0.00105763,0.00128364,2.25554e-05,2.03576e-05,0.000133113,
94,0.00121656,0.00117047,0.00126318,0.000227886,0.000852524,0.000123908,1.01974e-06,0.0005073,0.00167199,0.00162993,0.000360635,0.00154237,0.000601355,0.00123947,0.00187953,0.00135623,0.00125635,0.000987578,0.00015481,1.76732e-05,1.17435e-05,0.000308246,0.001607,0.00105848,0.001296,2.35538e-05,2.13064e-05,0.000138805,
95,0.00121709,0.00118964,0.00127679,0.000237512,0.000876955,0.000129199,1.06703e-06,0.000517173,0.00168677,0.00163277,0.000368355,0.00155294,0.000610999,0.00124062,0.00187973,0.00135625,0.0012659,0.000990365,0.000158725,1.81141e-05,1.20849e-05,0.000315659,0.00160701,0.00105928,0.00130804,2.45891e-05,2.23004e-05,0.000144724,
96,0.0012176,0.00120874,0.00129003,0.000247401,0.000901711,0.000134701,1.11664e-06,0.000527078,0.00170131,0.00163546,0.000376152,0.00156339,0.000620556,0.00124171,0.00187989,0.00135626,0.00127535,0.000993083,0.000162694,1.85606e-05,1.24345e-05,0.000323153,0.00160701,0.00106004,0.00131976,2.56623e-05,2.33419e-05,0.000150878,
97,0.00121807,0.00122778,0.00130289,0.000257551,0.000926779,0.000140421,1.1687e-06,0.000537015,0.00171563,0.00163801,0.000384025,0.00157369,0.000630022,0.00124274,0.00188004,0.00135627,0.00128473,0.000995732,0.000166716,1.90126e-05,1.27926e-05,0.00033073,0.00160702,0.00106075,0.00133115,2.67746e-05,2.44332e-05,0.000157275,
98,0.00121853,0.00124675,0.00131537,0.000267961,0.000952142,0.000146368,1.22334e-06,0.000546982,0.00172972,0.00164044,0.000391972,0.00158386,0.000639393,0.00124372,0.00188016,0.00135628,0.00129401,0.000998314,0.000170791,1.94703e-05,1.31595e-05,0.00033839,0.00160702,0.00106142,0.00134221,2.79271e-05,2.55768e-05,0.000163923,
99,0.00121895,0.00126565,0.00132747,0.000278626,0.000977786,0.000152548,1.28072e-06,0.000556977,0.00174356,0.00164273,0.000399994,0.00159389,0.000648664,0.00124465,0.00188027,0.00135629,0.00130322,0.00100083,0.000174922,1.99337e-05,1.35357e-05,0.000346133,0.00160703,0.00106205,0.00135295,2.9121e-05,2.67754e-05,0.00017083,
100,0.00121936,0.00128448,0.00133919,0.000289545,0.00100369,0.000158969,1.34099e-06,0.000567,0.00175718,0.0016449,0.000408089,0.00160378,0.000657832,0.00124553,0.00188036,0.0013563,0.00131233,0.00100329,0.000179108,2.04027e-05,1.39214e-05,0.000353959,0.00160703,0.00106265,0.00136337,3.03576e-05,2.80318e-05,0.000178005,
101,0.00121974,0.00130324,0.00135053,0.000300713,0.00102984,0.000165639,1.40432e-06,0.000577049,0.00177055,0.00164696,0.000416256,0.00161353,0.000666894,0.00124637,0.00188044,0.0013563,0.00132137,0.00100568,0.00018335,2.08775e-05,1.43171e-05,0.000361869,0.00160703,0.00106322,0.00137346,3.16381e-05,2.93487e-05,0.000185455,
102,0.00121974,0.00130453,0.001351,0.000301304,0.00103137,0.000166118,1.40946e-06,0.000577531,0.00177109,0.00164703,0.000416689,0.00161386,0.000667311,0.00124639,0.00188044,0.0013563,0.0013216,0.00100569,0.000183929,2.09377e-05,1.4365e-05,0.000362847,0.00160703,0.00106322,0.00137383,3.1728e-05,2.94577e-05,0.000185999,
103,0.00121974,0.00130458,0.00135101,0.000301321,0.00103141,0.000166137,1.40968e-06,0.000577544,0.0017711,0.00164703,0.000416703,0.00161387,0.000667322,0.00124639,0.00188044,0.0013563,0.0013216,0.00100569,0.000183974,2.0942e-05,1.43683e-05,0.000362915,0.00160703,0.00106322,0.00137384,3.17316e-05,2.94625e-05,0.00018602,
104,0.00121974,0.00130459,0.00135101,0.000301321,0.00103142,0.000166137,1.40968e-06,0.000577545,0.0017711,0.00164703,0.000416703,0.00161387,0.000667322,0.00124639,0.00188044,0.0013563,0.0013216,0.00100569,0.000183976,2.09422e-05,1.43685e-05,0.000362919,0.00160703,0.00106322,0.00137384,3.17317e-05,2.94626e-05,0.00018602,
105,0.00121974,0.00130459,0.00135101,0.000301321,0.00103142,0.000166137,1.40969e-06,0.000577545,0.0017711,0.00164703,0.000416703,0.00161387,0.000667322,0.00124639,0.00188044,0.0013563,0.0013216,0.00100569,0.000183976,2.09422e-05,1.43685e-05,0.000362919,0.00160703,0.00106322,0.00137384,3.17317e-05,2.94626e-05,0.00018602,
106,0.00121974,0.00130459,0.00135101,0.000301321,0.00103142,0.000166137,1.40969e-06,0.000577545,0.0017711,0.00164703,0.000416703,0.00161387,0.000667322,0.00124639,0.00188044,0.0013563,0.0013216,0.00100569,0.000183976,2.09422e-05,1.43685e-05,0.000362919,0.00160703,0.00106322,0.00137384,3.17317e-05,2.94626e-05,0.00018602,
107,0.00121974,0.00130459,0.00135101,0.000301321,0.00103142,0.000166137,1.40969e-06,0.000577545,0.0017711,0.00164703,0.000416703,0.00161387,0.000667322,0.00124639,0.00188044,0.0013563,0.0013216,0.00100569,0.000183976,2.09422e-05,1.43685e-05,0.000362919,0.00160703,0.00106322,0.00137384,3.17317e-05,2.94626e-05,0.00018602,
108,0.00121974,0.00130459,0.00135101,0.000301321,0.00103142,0.000166137,1.40969e-06,0.000577545,0.0017711,0.00164703,0.000416703,0.00161387,0.000667322,0.00124639,0.00188044,0.0013563,0.0013216,0.00100569,0.000183976,2.09422e-05,1.43685e-05,0.000362919,0.00160703,0.00106322,0.00137384,3.17317e-05,2.94626e-05,0.00018602,
109,0.00121974,0.00130459,0.00135101,0.000301321,0.00103142,0.000166137,1.40969e-06,0.000577545,0.0017711,0.00164703,0.000416703,0.00161387,0.000667322,0.00124639,0.00188044,0.0013563,0.0013216,0.00100569,0.000183976,2.09422e-05,1.43685e-05,0.000362919,0.00160703,0.00106322,0.00137384,3.17317e-05,2.94626e-05,0.00018602,
110,0.00121974,0.00130459,0.00135101,0.000301321,0.00103142,0.000166137,1.40969e-06,0.000577545,0.0017711,0.00164703,0.000416703,0.00161387,0.000667322,0.00124639,0.00188044,0.0013563,0.0013216,0.00100569,0.000183976,2.09422e-05,1.43685e-05,0.000362919,0.00160703,0.00106322,0.00137384,3.17317e-05,2.94626e-05,0.00018602,
111,0.00121974,0.00130459,0.00135101,0.000301321,0.00103142,0.000166137,1.40969e-06,0.000577545,0.0017711,0.00164703,0.000416703,0.00161387,0.000667322,0.00124639,0.00188044,0.0013563,0.0013216,0.00100569,0.000183976,2.09422e-05,1.43685e-05,0.000362919,0.00160703,0.00106322,0.00137384,3.17317e-05,2.94626e-05,0.00018602,
112,0.00121974,0.00130459,0.00135101,0.000301321,0.00103142,0.000166137,1.40969e-06,0.000577545,0.0017711,0.00164703,0.000416703,0.00161387,0.000667322,0.00124639,0.00188044,0.0013563,0.0013216,0.00100569,0.000183976,2.09422e-05,1.43685e-05,0.000362919,0.00160703,0.00106322,0.00137384,3.17317e-05,2.94626e-05,0.00018602,
113,0.00121974,0.00130459,0.00135101,0.000301321,0.00103142,0.000166137,1.40969e-06,0.000577545,0.0017711,0.00164703,0.000416703,0.00161387,0.000667322,0.00124639,0.00188044,0.0013563,0.0013216,0.00100569,0.000183976,2.09422e-05,1.43685e-05,0.000362919,0.00160703,0.00106322,0.00137384,3.17317e-05,2.94626e-05,0.00018602,
114,0.00121974,0.00130459,0.00135101,0.000301321,0.00103142,0.000166137,1.40969e-06,0.000577545,0.0017711,0.00164703,0.000416703,0.00161387,0.000667322,0.00124639,0.00188044,0.0013563,0.0013216,0.00100569,0.000183976,2.09422e-05,1.43685e-05,0.000362919,0.00160703,0.00106322,0.00137384,3.17317e-05,2.94626e-05,0.00018602,
115,0.00121974,0.00130459,0.00135101,0.000301321,0.00103142,0.000166137,1.40969e-06,0.000577545,0.0017711,0.00164703,0.000416703,0.00161387,0.000667322,0.00124639,0.00188044,0.0013563,0.0013216,0.00100569,0.000183976,2.09422e-05,1.43685e-05,0.000362919,0.00160703,0.00106322,0.00137384,3.17317e-05,2.94626e-05,0.00018602,
116,0.00121974,0.00130459,0.00135101,0.000301321,0.00103142,0.000166137,1.40969e-06,0.000577545,0.0017711,0.00164703,0.000416703,0.00161387,0.000667322,0.00124639,0.00188044,0.0013563,0.0013216,0.00100569,0.000183976,2.09422e-05,1.43685e-05,0.000362919,0.00160703,0.00106322,0.00137384,3.17317e-05,2.94626e-05,0.00018602,
117,0.00121974,0.00130459,0.00135101,0.000301321,0.00103142,0.000166137,1.40969e-06,0.000577545,0.0017711,0.00164703,0.000416703,0.00161387,0.000667322,0.00124639,0.00188044,0.0013563,0.0013216,0.00100569,0.000183976,2.09422e-05,1.43685e-05,0.000362919,0.00160703,0.00106322,0.00137384,3.17317e-05,2.94626e-05,0.00018602,
118,0.00121974,0.00130459,0.00135101,0.000301321,0.00103142,0.000166137,1.40969e-06,0.000577545,0.0017711,0.00164703,0.000416703,0.00161387,0.000667322,0.00124639,0.00188044,0.0013563,0.0013216,0.00100569,0.000183976,2.09422e-05,1.43685e-05,0.000362919,0.00160703,0.00106322,0.00137384,3.17317e-05,2.94626e-05,0.00018602,
119,0.00121974,0.00130459,0.00135101,0.000301321,0.00103142,0.000166137,1.40969e-06,0.000577545,0.0017711,0.00164703,0.000416703,0.00161387,0.000667322,0.00124639,0.00188044,0.0013563,0.0013216,0.00100569,0.000183976,2.09422e-05,1.43685e-05,0.000362919,0.00160703,0.00106322,0.00137384,3.17317e-05,2.94626e-05,0.00018602,
120,0.00121974,0.00130459,0.00135101,0.000301321,0.00103142,0.000166137,1.40969e-06,0.000577545,0.0017711,0.00164703,0.000416703,0.00161387,0.000667322,0.00124639,0.00188044,0.0013563,0.0013216,0.00100569,0.000183976,2.09422e-05,1.43685e-05,0.000362919,0.00160703,0.00106322,0.00137384,3.17317e-05,2.94626e-05,0.00018602,
121,0.00121974,0.00130459,0.00135101,0.000301321,0.00103142,0.000166137,1.40969e-06,0.000577545,0.0017711,0.00164703,0.000416703,0.00161387,0.000667322,0.00124639,0.00188044,0.0013563,0.0013216,0.00100569,0.000183976,2.09422e-05,1.43685e-05,0.000362919,0.00160703,0.00106322,0.00137384,3.17317e-05,2.94626e-05,0.00018602,
122,0.00121974,0.00130459,0.00135101,0.000301321,0.00103142,0.000166137,1.40969e-06,0.000577545,0.0017711,0.00164703,0.000416703,0.00161387,0.000667322,0.00124639,0.00188044,0.0013563,0.0013216,0.00100569,0.000183976,2.09422e-05,1.43685e-05,0.000362919,0.00160703,0.00106322,0.00137384,3.17317e-05,2.94626e-05,0.00018602,
123,0.00121974,0.00130459,0.00135101,0.000301321,0.00103142,0.000166137,1.40969e-06,0.000577545,0.0017711,0.00164703,0.000416703,0.00161387,0.000667322,0.00124639,0.00188044,0.0013563,0.0013216,0.00100569,0.000183976,2.09422e-05,1.43685e-05,0.000362919,0.00160703,0.00106322,0.00137384,3.17317e-05,2.94626e-05,0.00018602,
124,0.00121974,0.00130459,0.00135101,0.000301321,0.00103142,0.000166137,1.40969e-06,0.000577545,0.0017711,0.00164703,0.000416703,0.00161387,0.000667322,0.00124639,0.00188044,0.0013563,0.0013216,0.00100569,0.000183976,2.09422e-05,1.43685e-05,0.000362919,0.00160703,0.00106322,0.00137384,3.17317e-05,2.94626e-05,0.00018602,
125,0.00121974,0.00130459,0.00135101,0.000301321,0.00103142,0.000166137,1.40969e-06,0.000577545,0.0017711,0.00164703,0.000416703,0.00161387,0.000667322,0.00124639,0.00188044,0.0013563,0.0013216,0.00100569,0.000183976,2.09422e-05,1.43685e-05,0.000362919,0.00160703,0.00106322,0.00137384,3.17317e-05,2.94626e-05,0.00018602,
126,0.00121974,0.00130459,0.00135101,0.000301321,0.00103142,0.000166137,1.40969e-06,0.000577545,0.0017711,0.00164703,0.000416703,0.00161387,0.000667322,0.00124639,0.00188044,0.0013563,0.0013216,0.00100569,0.000183976,2.09422e-05,1.43685e-05,0.000362919,0.00160703,0.00106322,0.00137384,3.17317e-05,2.94626e-05,0.00018602,
127,0.00121974,0.00130459,0.00135101,0.000301321,0.00103142,0.000166137,1.40969e-06,0.000577545,0.0017711,0.00164703,0.000416703,0.00161387,0.000667322,0.00124639,0.00188044,0.0013563,0.0013216,0.00100569,0.000183976,2.09422e-05,1.43685e-05,0.000362919,0.00160703,0.00106322,0.00137384,3.17317e-05,2.94626e-05,0.00018602,
128,0.00121974,0.00130459,0.00135101,0.000301321,0.00103142,0.000166137,1.40969e-06,0.000577545,0.0017711,0.00164703,0.000416703,0.00161387,0.000667322,0.00124639,0.00188044,0.0013563,0.0013216,0.00100569,0.000183976,2.09422e-05,1.43685e-05,0.000362919,0.00160703,0.00106322,0.00137384,3.17317e-05,2.94626e-05,0.00018602,
129,0.00121974,0.00130459,0.00135101,0.000301321,0.00103142,0.000166137,1.40969e-06,0.000577545,0.0017711,0.00164703,0.000416703,0.00161387,0.000667322,0.00124639,0.00188044,0.0013563,0.0013216,0.00100569,0.000183976,2.09422e-05,1.43685e-05,0.000362919,0.00160703,0.00106322,0.00137384,3.17317e-05,2.94626e-05,0.00018602,
130,0.00121974,0.00130459,0.00135101,0.000301321,0.00103142,0.000166137,1.40969e-06,0.000577545,0.0017711,0.00164703,0.000416703,0.00161387,0.000667322,0.00124639,0.00188044,0.0013563,0.0013216,0.00100569,0.000183976,2.09422e-05,1.43685e-05,0.000362919,0.00160703,0.00106322,0.00137384,3.17317e-05,2.94626e-05,0.00018602,
131,0.00121974,0.00130459,0.00135101,0.000301321,0.00103142,0.000166137,1.40969e-06,0.000577545,0.0017711,0.00164703,0.000416703,0.00161387,0.000667322,0.00124639,0.00188044,0.0013563,0.0013216,0.00100569,0.000183976,2.09422e-05,1.43685e-05,0.000362919,0.00160703,0.00106322,0.00137384,3.17317e-05,2.94626e-05,0.00018602,
132,0.00121974,0.00130459,0.00135101,0.000301321,0.00103142,0.000166137,1.40969e-06,0.000577545,0.0017711,0.00164703,0.000416703,0.00161387,0.000667322,0.00124639,0.00188044,0.0013563,0.0013216,0.00100569,0.000183976,2.09422e-05,1.43685e-05,0.000362919,0.00160703,0.00106322,0.00137384,3.17317e-05,2.94626e-05,0.00018602,
133,0.00121974,0.00130459,0.00135101,0.000301321,0.00103142,0.000166137,1.40969e-06,0.000577545,0.0017711,0.00164703,0.000416703,0.00161387,0.000667322,0.00124639,0.00188044,0.0013563,0.0013216,0.00100569,0.000183976,2.09422e-05,1.43685e-05,0.000362919,0.00160703,0.00106322,0.00137384,3.17317e-05,2.94626e-05,0.00018602,
134,0.00121974,0.00130459,0.00135101,0.000301321,0.00103142,0.000166137,1.40969e-06,0.000577545,0.0017711,0.00164703,0.000416703,0.00161387,0.000667322,0.00124639,0.00188044,0.0013563,0.0013216,0.00100569,0.000183976,2.09422e-05,1.43685e-05,0.000362919,0.00160703,0.00106322,0.00137384,3.17317e-05,2.94626e-05,0.00018602,
135,0.00121974,0.00130459,0.00135101,0.000301321,0.00103142,0.000166137,1.40969e-06,0.000577545,0.0017711,0.00164703,0.000416703,0.00161387,0.000667322,0.00124639,0.00188044,0.0013563,0.0013216,0.00100569,0.000183976,2.09422e-05,1.43685e-05,0.000362919,0.00160703,0.00106322,0.00137384,3.17317e-05,2.94626e-05,0.00018602,
136,0.00121974,0.00130459,0.00135101,0.000301321,0.00103142,0.000166137,1.40969e-06,0.000577545,0.0017711,0.00164703,0.000416703,0.00161387,0.000667322,0.00124639,0.00188044,0.0013563,0.0013216,0.00100569,0.000183976,2.09422e-05,1.43685e-05,0.000362919,0.00160703,0.00106322,0.00137384,3.17317e-05,2.94626e-05,0.00018602,
137,0.00121974,0.00130459,0.00135101,0.000301321,0.00103142,0.000166137,1.40969e-06,0.000577545,0.0017711,0.00164703,0.000416703,0.00161387,0.000667322,0.00124639,0.00188044,0.0013563,0.0013216,0.00100569,0.000183976,2.09422e-05,1.43685e-05,0.000362919,0.00160703,0.00106322,0.00137384,3.17317e-05,2.94626e-05,0.00018602,
138,0.00121974,0.00130459,0.00135101,0.000301321,0.00103142,0.000166137,1.40969e-06,0.000577545,0.0017711,0.00164703,0.000416703,0.00161387,0.000667322,0.00124639,0.00188044,0.0013563,0.0013216,0.00100569,0.000183976,2.09422e-05,1.43685e-05,0.000362919,0.00160703,0.00106322,0.00137384,3.17317e-05,2.94626e-05,0.00018602,
139,0.00121974,0.00130459,0.00135101,0.000301321,0.00103142,0.000166137,1.40969e-06,0.000577545,0.0017711,0.00164703,0.000416703,0.00161387,0.000667322,0.00124639,0.00188044,0.0013563,0.0013216,0.00100569,0.000183976,2.09422e-05,1.43685e-05,0.000362919,0.00160703,0.00106322,0.00137384,3.17317e-05,2.94626e-05,0.00018602,
140,0.00121974,0.00130459,0.00135101,0.000301321,0.00103142,0.000166137,1.40969e-06,0.000577545,0.0017711,0.00164703,0.000416703,0.00161387,0.000667322,0.00124639,0.00188044,0.0013563,0.0013216,0.00100569,0.000183976,2.09422e-05,1.43685e-05,0.000362919,0.00160703,0.00106322,0.00137384,3.17317e-05,2.94626e-05,0.00018602,
141,0.00121974,0.00130459,0.00135101,0.000301321,0.00103142,0.000166137,1.40969e-06,0.000577545,0.0017711,0.00164703,0.000416703,0.00161387,0.000667322,0.00124639,0.00188044,0.0013563,0.0013216,0.00100569,0.000183976,2.09422e-05,1.43685e-05,0.000362919,0.00160703,0.00106322,0.00137384,3.17317e-05,2.94626e-05,0.00018602,
142,0.00121974,0.00130459,0.00135101,0.000301321,0.00103142,0.000166137,1.40969e-06,0.000577545,0.0017711,0.00164703,0.000416703,0.00161387,0.000667322,0.00124639,0.00188044,0.0013563,0.0013216,0.00100569,0.000183976,2.09422e-05,1.43685e-05,0.000362919,0.00160703,0.00106322,0.00137384,3.17317e-05,2.94626e-05,0.00018602,
143,0.00121974,0.00130459,0.00135101,0.000301321,0.00103142,0.000166137,1.40969e-06,0.000577545,0.0017711,0.00164703,0.000416703,0.00161387,0.000667322,0.00124639,0.00188044,0.0013563,0.0013216,0.00100569,0.000183976,2.09422e-05,1.43685e-05,0.000362919,0.00160703,0.00106322,0.00137384,3.17317e-05,2.94626e-05,0.00018602,
144,0.00121974,0.00130459,0.00135101,0.000301321,0.00103142,0.000166137,1.40969e-06,0.000577545,0.0017711,0.00164703,0.000416703,0.00161387,0.000667322,0.00124639,0.00188044,0.0013563,0.0013216,0.00100569,0.000183976,2.09422e-05,1.43685e-05,0.000362919,0.00160703,0.00106322,0.00137384,3.17317e-05,2.94626e-05,0.00018602,
145,0.00121974,0.00130459,0.00135101,0.000301321,0.00103142,0.000166137,1.40969e-06,0.000577545,0.0017711,0.00164703,0.000416703,0.00161387,0.000667322,0.00124639,0.00188044,0.0013563,0.0013216,0.00100569,0.000183976,2.09422e-05,1.43685e-05,0.000362919,0.00160703,0.00106322,0.00137384,3.17317e-05,2.94626e-05,0.00018602,
146,0.00121974,0.00130459,0.00135101,0.000301321,0.00103142,0.000166137,1.40969e-06,0.000577545,0.0017711,0.00164703,0.000416703,0.00161387,0.000667322,0.00124639,0.00188044,0.0013563,0.0013216,0.00100569,0.000183976,2.09422e-05,1.43685e-05,0.000362919,0.00160703,0.00106322,0.00137384,3.17317e-05,2.94626e-05,0.00018602,
147,0.00121974,0.00130459,0.00135101,0.000301321,0.00103142,0.000166137,1.40969e-06,0.000577545,0.0017711,0.00164703,0.000416703,0.00161387,0.000667322,0.00124639,0.00188044,0.0013563,0.0013216,0.00100569,0.000183976,2.09422e-05,1.43685e-05,0.000362919,0.00160703,0.00106322,0.00137384,3.17317e-05,2.94626e-05,0.00018602,
148,0.00121974,0.00130459,0.00135101,0.000301321,0.00103142,0.000166137,1.40969e-06,0.000577545,0.0017711,0.00164703,0.000416703,0.00161387,0.000667322,0.00124639,0.00188044,0.0013563,0.0013216,0.00100569,0.000183976,2.09422e-05,1.43685e-05,0.000362919,0.00160703,0.00106322,0.00137384,3.17317e-05,2.94626e-05,0.00018602,
149,0.00121974,0.00130459,0.00135101,0.000301321,0.00103142,0.000166137,1.40969e-06,0.000577545,0.0017711,0.00164703,0.000416703,0.00161387,0.000667322,0.00124639,0.00188044,0.0013563,0.0013216,0.00100569,0.000183976,2.09422e-05,1.43685e-05,0.000362919,0.00160703,0.00106322,0.00137384,3.17317e-05,2.94626e-05,0.00018602,
150,0.00121974,0.00130459,0.00135101,0.000301321,0.00103142,0.000166137,1.40969e-06,0.000577545,0.0017711,0.00164703,0.000416703,0.00161387,0.000667322,0.00124639,0.00188044,0.0013563,0.0013216,0.00100569,0.000183976,2.09422e-05,1.43685e-05,0.000362919,0.00160703,0.00106322,0.00137384,3.17317e-05,2.94626e-05,0.00018602,
151,0.00121974,0.00130459,0.00135101,0.000301321,0.00103142,0.000166137,1.40969e-06,0.000577545,0.0017711,0.00164703,0.000416703,0.00161387,0.000667322,0.00124639,0.00188044,0.0013563,0.0013216,0.00100569,0.000183976,2.09422e-05,1.43685e-05,0.000362919,0.00160703,0.00106322,0.00137384,3.17317e-05,2.94626e-05,0.00018602,
152,0.00121974,0.00130459,0.00135101,0.000301321,0.00103142,0.000166137,1.40969e-06,0.000577545,0.0017711,0.00164703,0.000416703,0.00161387,0.000667322,0.00124639,0.00188044,0.0013563,0.0013216,0.00100569,0.000183976,2.09422e-05,1.43685e-05,0.000362919,0.00160703,0.00106322,0.00137384,3.17317e-05,2.94626e-05,0.00018602,
153,0.00121974,0.00130459,0.00135101,0.000301321,0.00103142,0.000166137,1.40969e-06,0.000577545,0.0017711,0.00164703,0.000416703,0.00161387,0.000667322,0.00124639,0.00188044,0.0013563,0.0013216,0.00100569,0.000183976,2.09422e-05,1.43685e-05,0.000362919,0.00160703,0.00106322,0.00137384,3.17317e-05,2.94626e-05,0.00018602,
154,0.00121974,0.00130459,0.00135101,0.000301321,0.00103142,0.000166137,1.40969e-06,0.000577545,0.0017711,0.00164703,0.000416703,0.00161387,0.000667322,0.00124639,0.00188044,0.0013563,0.0013216,0.00100569,0.000183976,2.09422e-05,1.43685e-05,0.000362919,0.00160703,0.00106322,0.00137384,3.17317e-05,2.94626e-05,0.00018602,
155,0.00121974,0.00130459,0.00135101,0.000301321,0.00103142,0.000166137,1.40969e-06,0.000577545,0.0017711,0.00164703,0.000416703,0.00161387,0.000667322,0.00124639,0.00188044,0.0013563,0.0013216,0.00100569,0.000183976,2.09422e-05,1.43685e-05,0.000362919,0.00160703,0.00106322,0.00137384,3.17317e-05,2.94626e-05,0.00018602,
156,0.00121974,0.00130459,0.00135101,0.000301321,0.00103142,0.000166137,1.40969e-06,0.000577545,0.0017711,0.00164703,0.000416703,0.00161387,0.000667322,0.00124639,0.00188044,0.0013563,0.0013216,0.00100569,0.000183976,2.09422e-05,1.43685e-05,0.000362919,0.00160703,0.00106322,0.00137384,3.17317e-05,2.94626e-05,0.00018602,
157,0.00121974,0.00130459,0.00135101,0.000301321,0.00103142,0.000166137,1.40969e-06,0.000577545,0.0017711,0.00164703,0.000416703,0.00161387,0.000667322,0.00124639,0.00188044,0.0013563,0.0013216,0.00100569,0.000183976,2.09422e-05,1.43685e-05,0.000362919,0.00160703,0.00106322,0.00137384,3.17317e-05,2.94626e-05,0.00018602,
158,0.00121974,0.00130459,0.00135101,0.000301321,0.00103142,0.000166137,1.40969e-06,0.000577545,0.0017711,0.00164703,0.000416703,0.00161387,0.000667322,0.00124639,0.00188044,0.0013563,0.0013216,0.00100569,0.000183976,2.09422e-05,1.43685e-05,0.000362919,0.00160703,0.00106322,0.00137384,3.17317e-05,2.94626e-05,0.00018602,
159,0.00121974,0.00130459,0.00135101,0.000301321,0.00103142,0.000166137,1.40969e-06,0.000577545,0.0017711,0.00164703,0.000416703,0.00161387,0.000667322,0.00124639,0.00188044,0.0013563,0.0013216,0.00100569,0.000183976,2.09422e-05,1.43685e-05,0.000362919,0.00160703,0.00106322,0.00137384,3.17317e-05,2.94626e-05,0.00018602,
160,0.00121974,0.00130459,0.00135101,0.000301321,0.00103142,0.000166137,1.40969e-06,0.000577545,0.0017711,0.00164703,0.000416703,0.00161387,0.000667322,0.00124639,0.00188044,0.0013563,0.0013216,0.00100569,0.000183976,2.09422e-05,1.43685e-05,0.000362919,0.00160703,0.00106322,0.00137384,3.17317e-05,2.94626e-05,0.00018602,
161,0.00121974,0.00130459,0.00135101,0.000301321,0.00103142,0.000166137,1.40969e-06,0.000577545,0.0017711,0.00164703,0.000416703,0.00161387,0.000667322,0.00124639,0.00188044,0.0013563,0.0013216,0.00100569,0.000183976,2.09422e-05,1.43685e-05,0.000362919,0.00160703,0.00106322,0.00137384,3.17317e-05,2.94626e-05,0.00018602,
162,0.00121974,0.00130459,0.00135101,0.000301321,0.00103142,0.000166137,1.40969e-06,0.000577545,0.0017711,0.00164703,0.000416703,0.00161387,0.000667322,0.00124639,0.00188044,0.0013563,0.0013216,0.00100569,0.000183976,2.09422e-05,1.43685e-05,0.000362919,0.00160703,0.00106322,0.00137384,3.17317e-05,2.94626e-05,0.00018602,
163,0.00121974,0.00130459,0.00135101,0.000301321,0.00103142,0.000166137,1.40969e-06,0.000577545,0.0017711,0.00164703,0.000416703,0.00161387,0.000667322,0.00124639,0.00188044,0.0013563,0.0013216,0.00100569,0.000183976,2.09422e-05,1.43685e-05,0.000362919,0.00160703,0.00106322,0.00137384,3.17317e-05,2.94626e-05,0.00018602,
164,0.00121974,0.00130459,0.00135101,0.000301321,0.00103142,0.000166137,1.40969e-06,0.000577545,0.0017711,0.00164703,0.000416703,0.00161387,0.000667322,0.00124639,0.00188044,0.0013563,0.0013216,0.00100569,0.000183976,2.09422e-05,1.43685e-05,0.000362919,0.00160703,0.00106322,0.00137384,3.17317e-05,2.94626e-05,0.00018602,
165,0.00121974,0.00130459,0.00135101,0.000301321,0.00103142,0.000166137,1.40969e-06,0.000577545,0.0017711,0.00164703,0.000416703,0.00161387,0.000667322,0.00124639,0.00188044,0.0013563,0.0013216,0.00100569,0.000183976,2.09422e-05,1.43685e-05,0.000362919,0.00160703,0.00106322,0.00137384,3.17317e-05,2.94626e-05,0.00018602,
166,0.00121974,0.00130459,0.00135101,0.000301321,0.00103142,0.000166137,1.40969e-06,0.000577545,0.0017711,0.00164703,0.000416703,0.00161387,0.000667322,0.00124639,0.00188044,0.0013563,0.0013216,0.00100569,0.000183976,2.09422e-05,1.43685e-05,0.000362919,0.00160703,0.00106322,0.00137384,3.17317e-05,2.94626e-05,0.00018602,
167,0.00121974,0.00130459,0.00135101,0.000301321,0.00103142,0.000166137,1.40969e-06,0.000577545,0.0017711,0.00164703,0.000416703,0.00161387,0.000667322,0.00124639,0.00188044,0.0013563,0.0013216,0.00100569,0.000183976,2.09422e-05,1.43685e-05,0.000362919,0.00160703,0.00106322,0.00137384,3.17317e-05,2.94626e-05,0.00018602,
168,0.00121974,0.00130459,0.00135101,0.000301321,0.00103142,0.000166137,1.40969e-06,0.000577545,0.0017711,0.00164703,0.000416703,0.00161387,0.000667322,0.00124639,0.00188044,0.0013563,0.0013216,0.00100569,0.000183976,2.09422e-05,1.43685e-05,0.000362919,0.00160703,0.00106322,0.00137384,3.17317e-05,2.94626e-05,0.00018602,
169,0.00121974,0.00130459,0.00135101,0.000301321,0.00103142,0.000166137,1.40969e-06,0.000577545,0.0017711,0.00164703,0.000416703,0.00161387,0.000667322,0.00124639,0.00188044,0.0013563,0.0013216,0.00100569,0.000183976,2.09422e-05,1.43685e-05,0.000362919,0.00160703,0.00106322,0.00137384,3.17317e-05,2.94626e-05,0.00018602,
170,0.00121974,0.00130459,0.00135101,0.000301321,0.00103142,0.000166137,1.40969e-06,0.000577545,0.0017711,0.00164703,0.000416703,0.00161387,0.000667322,0.00124639,0.00188044,0.0013563,0.0013216,0.00100569,0.000183976,2.09422e-05,1.43685e-05,0.000362919,0.00160703,0.00106322,0.00137384,3.17317e-05,2.94626e-05,0.00018602,
171,0.00121974,0.00130459,0.00135101,0.000301321,0.00103142,0.000166137,1.40969e-06,0.000577545,0.0017711,0.00164703,0.000416703,0.00161387,0.000667322,0.00124639,0.00188044,0.0013563,0.0013216,0.00100569,0.000183976,2.09422e-05,1.43685e-05,0.000362919,0.00160703,0.00106322,0.00137384,3.17317e-05,2.94626e-05,0.00018602,
172,0.00121974,0.00130459,0.00135101,0.000301321,0.00103142,0.000166137,1.40969e-06,0.000577545,0.0017711,0.00164703,0.000416703,0.00161387,0.000667322,0.00124639,0.00188044,0.0013563,0.0013216,0.00100569,0.000183976,2.09422e-05,1.43685e-05,0.000362919,0.00160703,0.00106322,0.00137384,3.17317e-05,2.94626e-05,0.00018602,
173,0.00121974,0.00130459,0.00135101,0.000301321,0.00103142,0.000166137,1.40969e-06,0.000577545,0.0017711,0.00164703,0.000416703,0.00161387,0.000667322,0.00124639,0.00188044,0.0013563,0.0013216,0.00100569,0.000183976,2.09422e-05,1.43685e-05,0.000362919,0.00160703,0.00106322,0.00137384,3.17317e-05,2.94626e-05,0.00018602,
174,0.00121974,0.00130459,0.00135101,0.000301321,0.00103142,0.000166137,1.40969e-06,0.000577545,0.0017711,0.00164703,0.000416703,0.00161387,0.000667322,0.00124639,0.00188044,0.0013563,0.0013216,0.00100569,0.000183976,2.09422e-05,1.43685e-05,0.000362919,0.00160703,0.00106322,0.00137384,3.17317e-05,2.94626e-05,0.00018602,
175,0.00121974,0.00130459,0.00135101,0.000301321,0.00103142,0.000166137,1.40969e-06,0.000577545,0.0017711,0.00164703,0.000416703,0.00161387,0.000667322,0.00124639,0.00188044,0.0013563,0.0013216,0.00100569,0.000183976,2.09422e-05,1.43685e-05,0.000362919,0.00160703,0.00106322,0.00137384,3.17317e-05,2.94626e-05,0.00018602,
176,0.00121974,0.00130459,0.00135101,0.000301321,0.00103142,0.000166137,1.40969e-06,0.000577545,0.0017711,0.00164703,0.000416703,0.00161387,0.000667322,0.00124639,0.00188044,0.0013563,0.0013216,0.00100569,0.000183976,2.09422e-05,1.43685e-05,0.000362919,0.00160703,0.00106322,0.00137384,3.17317e-05,2.94626e-05,0.00018602,
177,0.00121974,0.00130459,0.00135101,0.000301321,0.00103142,0.000166137,1.40969e-06,0.000577545,0.0017711,0.00164703,0.000416703,0.00161387,0.000667322,0.00124639,0.00188044,0.0013563,0.0013216,0.00100569,0.000183976,2.09422e-05,1.43685e-05,0.000362919,0.00160703,0.00106322,0.00137384,3.17317e-05,2.94626e-05,0.00018602,
178,0.00121974,0.00130459,0.00135101,0.000301321,0.00103142,0.000166137,1.40969e-06,0.000577545,0.0017711,0.00164703,0.000416703,0.00161387,0.000667322,0.00124639,0.00188044,0.0013563,0.0013216,0.00100569,0.000183976,2.09422e-05,1.43685e-05,0.000362919,0.00160703,0.00106322,0.00137384,3.17317e-05,2.94626e-05,0.00018602,
179,0.00121974,0.00130459,0.00135101,0.000301321,0.00103142,0.000166137,1.40969e-06,0.000577545,0.0017711,0.00164703,0.000416703,0.00161387,0.000667322,0.00124639,0.00188044,0.0013563,0.0013216,0.00100569,0.000183976,2.09422e-05,1.43685e-05,0.000362919,0.00160703,0.00106322,0.00137384,3.17317e-05,2.94626e-05,0.00018602,
180,0.00121974,0.00130459,0.00135101,0.000301321,0.00103142,0.000166137,1.40969e-06,0.000577545,0.0017711,0.00164703,0.000416703,0.00161387,0.000667322,0.00124639,0.00188044,0.0013563,0.0013216,0.00100569,0.000183976,2.09422e-05,1.43685e-05,0.000362919,0.00160703,0.00106322,0.00137384,3.17317e-05,2.94626e-05,0.00018602,
181,0.00121974,0.00130459,0.00135101,0.000301321,0.00103142,0.000166137,1.40969e-06,0.000577545,0.0017711,0.00164703,0.000416703,0.00161387,0.000667322,0.00124639,0.00188044,0.0013563,0.0013216,0.00100569,0.000183976,2.09422e-05,1.43685e-05,0.000362919,0.00160703,0.00106322,0.00137384,3.17317e-05,2.94626e-05,0.00018602,
182,0.00121974,0.00130459,0.00135101,0.000301321,0.00103142,0.000166137,1.40969e-06,0.000577545,0.0017711,0.00164703,0.000416703,0.00161387,0.000667322,0.00124639,0.00188044,0.0013563,0.0013216,0.00100569,0.000183976,2.09422e-05,1.43685e-05,0.000362919,0.00160703,0.00106322,0.00137384,3.17317e-05,2.94626e-05,0.00018602,
183,0.00121974,0.00130459,0.00135101,0.000301321,0.00103142,0.000166137,1.40969e-06,0.000577545,0.0017711,0.00164703,0.000416703,0.00161387,0.000667322,0.00124639,0.00188044,0.0013563,0.0013216,0.00100569,0.000183976,2.09422e-05,1.43685e-05,0.000362919,0.00160703,0.00106322,0.00137384,3.17317e-05,2.94626e-05,0.00018602,
184,0.00121974,0.00130459,0.00135101,0.000301321,0.00103142,0.000166137,1.40969e-06,0.000577545,0.0017711,0.00164703,0.000416703,0.00161387,0.000667322,0.00124639,0.00188044,0.0013563,0.0013216,0.00100569,0.000183976,2.09422e-05,1.43685e-05,0.000362919,0.00160703,0.00106322,0.00137384,3.17317e-05,2.94626e-05,0.00018602,
185,0.00121974,0.00130459,0.00135101,0.000301321,0.00103142,0.000166137,1.40969e-06,0.000577545,0.0017711,0.00164703,0.000416703,0.00161387,0.000667322,0.00124639,0.00188044,0.0013563,0.0013216,0.00100569,0.000183976,2.09422e-05,1.43685e-05,0.000362919,0.00160703,0.00106322,0.00137384,3.17317e-05,2.94626e-05,0.00018602,
186,0.00121974,0.00130459,0.00135101,0.000301321,0.00103142,0.000166137,1.40969e-06,0.000577545,0.0017711,0.00164703,0.000416703,0.00161387,0.000667322,0.00124639,0.00188044,0.0013563,0.0013216,0.00100569,0.000183976,2.09422e-05,1.43685e-05,0.000362919,0.00160703,0.00106322,0.00137384,3.17317e-05,2.94626e-05,0.00018602,
187,0.00121974,0.00130459,0.00135101,0.000301321,0.00103142,0.000166137,1.40969e-06,0.000577545,0.0017711,0.00164703,0.000416703,0.00161387,0.000667322,0.00124639,0.00188044,0.0013563,0.0013216,0.00100569,0.000183976,2.09422e-05,1.43685e-05,0.000362919,0.00160703,0.00106322,0.00137384,3.17317e-05,2.94626e-05,0.00018602,
188,0.00121974,0.00130459,0.00135101,0.000301321,0.00103142,0.000166137,1.40969e-06,0.000577545,0.0017711,0.00164703,0.000416703,0.00161387,0.000667322,0.00124639,0.00188044,0.0013563,0.0013216,0.00100569,0.000183976,2.09422e-05,1.43685e-05,0.000362919,0.00160703,0.00106322,0.00137384,3.17317e-05,2.94626e-05,0.00018602,
189,0.00121974,0.00130459,0.00135101,0.000301321,0.00103142,0.000166137,1.40969e-06,0.000577545,0.0017711,0.00164703,0.000416703,0.00161387,0.000667322,0.00124639,0.00188044,0.0013563,0.0013216,0.00100569,0.000183976,2.09422e-05,1.43685e-05,0.000362919,0.00160703,0.00106322,0.00137384,3.17317e-05,2.94626e-05,0.00018602,
190,0.00121974,0.00130459,0.00135101,0.000301321,0.00103142,0.000166137,1.40969e-06,0.000577545,0.0017711,0.00164703,0.000416703,0.00161387,0.000667322,0.00124639,0.00188044,0.0013563,0.0013216,0.00100569,0.000183976,2.09422e-05,1.43685e-05,0.000362919,0.00160703,0.00106322,0.00137384,3.17317e-05,2.94626e-05,0.00018602,
191,0.00121974,0.00130459,0.00135101,0.000301321,0.00103142,0.000166137,1.40969e-06,0.000577545,0.0017711,0.00164703,0.000416703,0.00161387,0.000667322,0.00124639,0.00188044,0.0013563,0.0013216,0.00100569,0.000183976,2.09422e-05,1.43685e-05,0.000362919,0.00160703,0.00106322,0.00137384,3.17317e-05,2.94626e-05,0.00018602,
192,0.00121974,0.00130459,0.00135101,0.000301321,0.00103142,0.000166137,1.40969e-06,0.000577545,0.0017711,0.00164703,0.000416703,0.00161387,0.000667322,0.00124639,0.00188044,0.0013563,0.0013216,0.00100569,0.000183976,2.09422e-05,1.43685e-05,0.000362919,0.00160703,0.00106322,0.00137384,3.17317e-05,2.94626e-05,0.00018602,
193,0.00121974,0.00130459,0.00135101,0.000301321,0.00103142,0.000166137,1.40969e-06,0.000577545,0.0017711,0.00164703,0.000416703,0.00161387,0.000667322,0.00124639,0.00188044,0.0013563,0.0013216,0.00100569,0.000183976,2.09422e-05,1.43685e-05,0.000362919,0.00160703,0.00106322,0.00137384,3.17317e-05,2.94626e-05,0.00018602,
194,0.00121974,0.00130459,0.00135101,0.000301321,0.00103142,0.000166137,1.40969e-06,0.000577545,0.0017711,0.00164703,0.000416703,0.00161387,0.000667322,0.00124639,0.00188044,0.0013563,0.0013216,0.00100569,0.000183976,2.09422e-05,1.43685e-05,0.000362919,0.00160703,0.00106322,0.00137384,3.17317e-05,2.94626e-05,0.00018602,
195,0.00121974,0.00130459,0.00135101,0.000301321,0.00103142,0.000166137,1.40969e-06,0.000577545,0.0017711,0.00164703,0.000416703,0.00161387,0.000667322,0.00124639,0.00188044,0.0013563,0.0013216,0.00100569,0.000183976,2.09422e-05,1.43685e-05,0.000362919,0.00160703,0.00106322,0.00137384,3.17317e-05,2.94626e-05,0.00018602,
196,0.00121974,0.00130459,0.00135101,0.000301321,0.00103142,0.000166137,1.40969e-06,0.000577545,0.0017711,0.00164703,0.000416703,0.00161387,0.000667322,0.00124639,0.00188044,0.0013563,0.0013216,0.00100569,0.000183976,2.09422e-05,1.43685e-05,0.000362919,0.00160703,0.00106322,0.00137384,3.17317e-05,2.94626e-05,0.00018602,
197,0.00121974,0.00130459,0.00135101,0.000301321,0.00103142,0.000166137,1.40969e-06,0.000577545,0.0017711,0.00164703,0.000416703,0.00161387,0.000667322,0.00124639,0.00188044,0.0013563,0.0013216,0.00100569,0.000183976,2.09422e-05,1.43685e-05,0.000362919,0.00160703,0.00106322,0.00137384,3.17317e-05,2.94626e-05,0.00018602,
198,0.00121974,0.00130459,0.00135101,0.000301321,0.00103142,0.000166137,1.40969e-06,0.000577545,0.0017711,0.00164703,0.000416703,0.00161387,0.000667322,0.00124639,0.00188044,0.0013563,0.0013216,0.00100569,0.000183976,2.09422e-05,1.43685e-05,0.000362919,0.00160703,0.00106322,0.00137384,3.17317e-05,2.94626e-05,0.00018602,
199,0.00121974,0.00130459,0.00135101,0.000301321,0.00103142,0.000166137,1.40969e-06,0.000577545,0.0017711,0.00164703,0.000416703,0.00161387,0.000667322,0.00124639,0.00188044,0.0013563,0.0013216,0.00100569,0.000183976,2.09422e-05,1.43685e-05,0.000362919,0.00160703,0.00106322,0.00137384,3.17317e-05,2.94626e-05,0.00018602,
200,0.00121974,0.00130459,0.00135101,0.000301321,0.00103142,0.000166137,1.40969e-06,0.000577545,0.0017711,0.00164703,0.000416703,0.00161387,0.000667322,0.00124639,0.00188044,0.0013563,0.0013216,0.00100569,0.000183976,2.09422e-05,1.43685e-05,0.000362919,0.00160703,0.00106322,0.00137384,3.17317e-05,2.94626e-05,0.00018602,
