time,branch0,branch1,branch2,branch3,branch4,branch5,branch6,branch7,branch8,branch9,branch10,branch11,branch12,branch13,branch14,branch15,branch16,branch17,branch18,branch19,branch20,branch21,branch22,branch23,branch24,branch25,branch26,branch27,
0,0.00994798,0.00505651,0.00361052,0.00254827,0.00327371,0.00319431,0.000215245,0.000699986,0.00425083,0.00962119,0.000958205,0.0031549,0.00556441,0.00986298,0.00905454,0.00908519,0.00297367,0.00996452,0.00216434,0.00227282,0.00222122,0.000734562,0.00950491,0.0062855,0.00206068,0.0031842,0.00323057,0.00324738,
1,0.00997753,0.00523137,0.00368597,0.00268243,0.00337904,0.00332289,0.000225171,0.000716775,0.00431416,0.00974517,0.000980091,0.00317786,0.00569705,0.00995889,0.00921164,0.0092121,0.00299764,0.00999991,0.00231228,0.002429,0.00233883,0.000786864,0.00958624,0.006316,0.00209668,0.0033449,0.00337739,0.0033781,
2,0.00997768,0.00524034,0.00369796,0.00269122,0.00338508,0.00332975,0.000225781,0.000719056,0.0043219,0.00974635,0.000981908,0.00318463,0.00570251,0.00995948,0.00921424,0.00921423,0.00300249,0.01,0.00232094,0.00243826,0.00234541,0.000790696,0.0095881,0.0063257,0.00210414,0.00335329,0.00338502,0.00338505,
3,0.00997776,0.00524559,0.00370923,0.00269661,0.00338951,0.00333414,0.000226176,0.000721177,0.00432916,0.00974659,0.000983494,0.00319132,0.00570637,0.00995954,0.00921545,0.00921543,0.00300722,0.01,0.00232457,0.00244214,0.00234893,0.000792707,0.00958958,0.00633533,0.00211137,0.0033578,0.00338947,0.00338949,
4,0.00997784,0.00525077,0.00372053,0.00270195,0.00339392,0.0033385,0.000226568,0.000723302,0.00433643,0.00974683,0.000985082,0.00319802,0.00571021,0.00995961,0.00921664,0.00921663,0.00301195,0.01,0.00232808,0.00244587,0.0023524,0.000794673,0.00959106,0.00634496,0.00211862,0.00336225,0.00339388,0.0033939,
5,0.00997792,0.00525594,0.00373184,0.00270731,0.00339833,0.00334286,0.00022696,0.000725434,0.0043437,0.00974707,0.000986673,0.00320473,0.00571405,0.00995967,0.00921784,0.00921782,0.00301669,0.01,0.00233159,0.00244961,0.00235588,0.000796643,0.00959253,0.00635459,0.00212589,0.00336671,0.0033983,0.00339831,
6,0.009978,0.00526111,0.00374318,0.00271268,0.00340275,0.00334723,0.000227354,0.000727571,0.00435098,0.00974731,0.000988267,0.00321146,0.00571788,0.00995973,0.00921902,0.00921901,0.00302144,0.01,0.00233511,0.00245335,0.00235935,0.000798618,0.00959399,0.00636421,0.00213318,0.00337117,0.00340272,0.00340273,
7,0.00997808,0.00526627,0.00375455,0.00271807,0.00340718,0.00335161,0.000227748,0.000729714,0.00435827,0.00974755,0.000989865,0.00321819,0.0057217,0.00995979,0.00922021,0.00922019,0.00302619,0.01,0.00233862,0.00245709,0.00236284,0.000800597,0.00959545,0.00637383,0.00214049,0.00337564,0.00340714,0.00340716,
8,0.00997816,0.00527142,0.00376594,0.00272348,0.00341161,0.00335599,0.000228143,0.000731863,0.00436557,0.00974778,0.000991466,0.00322494,0.00572551,0.00995985,0.00922139,0.00922137,0.00303094,0.01,0.00234214,0.00246084,0.00236632,0.000802581,0.00959691,0.00638345,0.00214782,0.00338012,0.00341158,0.00341159,
9,0.00997824,0.00527658,0.00377735,0.0027289,0.00341605,0.00336037,0.000228539,0.000734018,0.00437287,0.00974802,0.00099307,0.0032317,0.00572932,0.00995991,0.00922256,0.00922255,0.0030357,0.01,0.00234567,0.00246459,0.00236981,0.000804569,0.00959836,0.00639307,0.00215518,0.0033846,0.00341601,0.00341603,
10,0.00997832,0.00528172,0.00378879,0.00273434,0.00342049,0.00336477,0.000228935,0.000736179,0.00438018,0.00974825,0.000994678,0.00323846,0.00573312,0.00995997,0.00922374,0.00922372,0.00304046,0.01,0.0023492,0.00246834,0.00237331,0.000806563,0.00959981,0.00640268,0.00216255,0.00338909,0.00342046,0.00342047,
11,2.95471e-05,0.000176,6.76049e-05,0.000135012,0.000104166,0.0001287,9.95783e-06,1.54299e-05,5.80524e-05,0.000124753,2.09866e-05,1.7137e-05,0.000131545,9.63864e-05,0.000157563,0.000126851,1.98159e-05,3.549e-05,0.000152413,0.000161065,0.000119353,5.38899e-05,8.04183e-05,2.16116e-05,3.03012e-05,0.000162691,0.000147885,0.000130849,
12,6.89219e-08,3.91894e-06,7.75873e-07,3.6096e-06,1.69339e-06,2.58467e-06,2.27152e-07,1.74891e-07,5.04822e-07,9.4158e-07,2.43645e-07,9.98646e-08,1.63338e-06,5.28358e-07,1.41342e-06,9.31684e-07,1.27811e-07,1.05474e-07,5.39845e-06,5.79047e-06,3.23316e-06,1.9889e-06,3.76157e-07,7.10387e-08,2.71199e-07,4.07364e-06,3.33579e-06,2.62632e-06,
13,1.36042e-10,7.29538e-08,8.14359e-09,6.7321e-08,1.9405e-08,3.59952e-08,3.5904e-09,1.42489e-09,3.65093e-09,5.4387e-09,2.06943e-09,5.5432e-10,1.45412e-08,2.15996e-09,8.84739e-09,4.85972e-09,6.69608e-10,2.75181e-10,1.38216e-07,1.51198e-07,6.2914e-08,5.33052e-08,1.32579e-09,2.18882e-10,1.99561e-09,7.00393e-08,5.17882e-08,3.65212e-08,
14,2.43502e-13,1.21709e-09,8.53428e-11,9.72181e-10,1.75756e-10,3.90343e-10,4.42351e-11,9.38078e-12,2.3511e-11,2.65487e-11,1.4483e-11,2.9412e-12,1.04205e-10,7.34612e-12,4.34779e-11,2.02555e-11,2.98989e-12,6.63662e-13,2.89186e-09,3.22691e-09,1.00436e-09,1.16431e-09,4.19194e-12,6.51001e-13,1.30475e-11,9.27659e-10,6.21258e-10,3.95006e-10,
15,4.19322e-16,1.88196e-11,8.64594e-13,1.15281e-11,1.33972e-12,3.51517e-12,4.54548e-13,5.3241e-14,1.38595e-13,1.15372e-13,8.92469e-14,1.50844e-14,6.40574e-13,2.20369e-14,1.79074e-13,7.2024e-14,1.19556e-14,1.52577e-15,5.30182e-11,6.01205e-11,1.43314e-11,2.20932e-11,1.48996e-14,1.90486e-15,7.80091e-14,1.00871e-11,6.13932e-12,3.54212e-12,
16,7.44074e-19,2.75571e-13,8.1596e-15,1.16641e-13,8.94442e-15,2.74051e-14,4.0877e-15,2.71617e-16,7.60335e-16,4.61279e-16,5.05211e-16,7.55111e-17,3.51786e-15,6.04667e-17,6.44762e-16,2.27893e-16,4.44844e-17,3.40697e-18,8.89745e-13,1.01897e-12,1.9451e-13,3.79211e-13,7.81595e-17,5.54315e-18,4.32705e-16,9.37762e-14,5.20601e-14,2.74287e-14,
17,1.48283e-21,3.87945e-15,7.1167e-17,1.03488e-15,5.37817e-17,1.90705e-16,3.35996e-17,1.28363e-18,3.93186e-18,1.738e-18,2.70425e-18,3.71646e-19,1.77615e-17,1.5558e-19,2.09096e-18,6.61202e-19,1.58492e-19,7.47617e-21,1.40535e-14,1.61444e-14,2.61598e-15,6.05103e-15,6.17804e-19,1.61394e-20,2.25107e-18,7.66727e-16,3.89755e-16,1.88701e-16,
18,3.57548e-24,5.3085e-17,5.8164e-19,8.21885e-18,2.97398e-19,1.21623e-18,2.6563e-19,5.75397e-21,1.93764e-20,6.29404e-21,1.3964e-20,1.80767e-21,8.42768e-20,3.82246e-22,6.24843e-21,1.80011e-21,5.52093e-22,1.62447e-23,2.126e-16,2.43554e-16,3.55204e-17,9.15136e-17,6.02865e-21,4.7184e-23,1.10965e-20,5.6298e-18,2.6313e-18,1.17805e-18,
19,1.05145e-26,7.11659e-19,4.58359e-21,5.93904e-20,1.5377e-21,7.32542e-21,2.16152e-21,2.49579e-23,9.18778e-23,2.231e-23,7.05114e-23,8.7201e-24,3.82613e-22,9.09359e-25,1.75275e-23,4.68692e-24,1.90733e-24,3.51292e-26,3.11392e-18,3.54284e-18,4.87513e-19,1.33001e-18,6.3914e-23,1.38846e-25,5.23565e-23,3.77317e-20,1.6286e-20,6.78564e-21,
20,3.57015e-29,9.40021e-21,3.62756e-23,3.95894e-22,7.53805e-24,4.3665e-23,1.95242e-23,1.06627e-25,4.22811e-25,7.88248e-26,3.5125e-25,4.18208e-26,1.6878e-24,2.1184e-27,4.68968e-26,1.18691e-26,6.59331e-27,7.58752e-29,4.44639e-20,5.01288e-20,6.71754e-21,1.87617e-20,7.04065e-25,4.12136e-28,2.38818e-25,2.3388e-22,9.36621e-23,3.65579e-23,
