BEGIN_LIST
0.1
0.0999674
0.0999323
0.0998943
0.0998534
0.0998093
0.0997618
0.0997105
0.0996553
0.0995958
0.0995317
0.0994626
0.0993881
0.0993073
0.0992193
0.0991217
0.0990094
0.0988707
0.0986769
0.0983578
0.0977411
0.0950761
0.0977407
0.0918511
0.0977402
0.0880266
0.0977395
0.0835914
0.0977388
0.0785709
0.0977378
0.0730325
0.0977365
0.0670847
0.0977349
0.0608702
0.0977329
0.0545527
0.0977303
0.0483006
0.097727
0.0422701
0.0977228
0.0365924
0.0977174
0.031366
0.0977105
0.0266557
0.0977016
0.0224987
0.0976902
0.0189186
0.0976757
0.0159523
0.0976568
0.0137045
0.0976275
0.0124632
0.0973731
0.012964
0.0880337
0.0115711
0.0137834
0.0143162
0.0805756
0.0843343
0.0102972
0.0146528
0.0162265
0.0734709
0.0800997
0.00913869
0.0155714
0.0185706
0.0667545
0.075361
0.00809072
0.016539
0.0212932
0.0604505
0.070183
0.00714717
0.0175562
0.0243687
0.0545728
0.0646625
0.00630121
0.0186234
0.0277814
0.049126
0.0589222
0.00554559
0.0197413
0.0315141
0.0441068
0.0530995
0.00487295
0.0209102
0.0355415
0.0395054
0.0473344
0.00427594
0.0221304
0.039827
0.0353067
0.0417566
0.00374746
0.0234021
0.0443215
0.0314915
0.0364754
0.00328073
0.0247251
0.0489631
0.0280378
0.0315734
0.00286938
0.0260987
0.0536802
0.0249216
0.0271039
0.0025075
0.0275223
0.0583941
0.0221173
0.0230913
0.00218963
0.0289946
0.0630245
0.0195982
0.019534
0.00191082
0.0305142
0.067494
0.017335
0.0164051
0.00166657
0.0320792
0.0717339
0.0152938
0.01365
0.00145282
0.0336872
0.0756873
0.0134291
0.0111717
0.00126592
0.0353357
0.0793127
0.0116698
0.00878902
0.00110322
0.0370215
0.0825847
0.00988669
0.00613217
0.00089787
0.0387414
0.0854935
0.00782149
0.00238618
0.000734244
0.000798086
0.027247
0.0561207
0.0262105
0.0872419
0.00756475
0.00546142
0.0020817
0.000622311
0.000600073
0.000709264
0.0182691
0.0656096
0.0178444
0.088832
0.00730733
0.00376008
0.0018146
0.000163564
0.000490175
0.000630227
0.0118268
0.0714664
0.0123389
0.0902701
0.00704892
0.00256313
0.00158066
4.45723e-05
0.000400241
0.000559917
0.00747358
0.0755659
0.00877278
0.0915641
0.00678918
0.00173521
0.00137602
1.39203e-05
0.000326699
0.000497388
0.00464835
0.0787367
0.00651239
0.092723
0.00652777
0.00116918
0.00119723
6.25414e-06
0.000266597
0.000441793
0.00286205
0.0813478
0.00513002
0.0937562
0.00626432
0.000785277
0.00104118
4.59715e-06
0.000217504
0.000392372
0.0017511
0.0835685
0.00434121
0.0946736
0.00599846
0.00052629
0.000905093
4.54371e-06
0.000177419
0.000348449
0.00106721
0.0854822
0.0039591
0.095485
0.0057298
0.000352205
0.000786514
4.95466e-06
0.0001447
0.000309419
0.000648855
0.0871363
0.0038624
0.0962003
0.00545793
0.000235474
0.000683257
5.54013e-06
0.000118
0.00027474
0.000393925
0.0885635
0.00397368
0.0968287
0.00518241
0.000157328
0.000593395
6.23166e-06
9.62177e-05
0.000243934
0.000238942
0.0897899
0.00424467
0.0973791
0.0049028
0.00010507
0.00051523
7.01915e-06
7.84499e-05
0.000216569
0.000144857
0.0908391
0.00464657
0.09786
0.00461863
7.01501e-05
0.000447269
7.90865e-06
6.39585e-05
0.000192265
8.77893e-05
0.0917325
0.00516361
0.098279
0.0043294
4.68264e-05
0.000388203
8.91151e-06
5.214e-05
0.000170681
5.31936e-05
0.0924899
0.00578885
0.0986432
0.0040346
3.12534e-05
0.000336886
1.00417e-05
4.24995e-05
0.000151515
3.22275e-05
0.0931296
0.00652138
0.0989592
0.00373367
2.08577e-05
0.000292312
1.13152e-05
3.46267e-05
0.000134496
1.9524e-05
0.0936679
0.0073645
0.0992328
0.00342606
1.39191e-05
0.000253607
1.27502e-05
2.81667e-05
0.000119387
1.18284e-05
0.0941195
0.00832447
0.0994692
0.00311116
9.28891e-06
0.000220004
1.43672e-05
2.27616e-05
0.000105979
7.16946e-06
0.0944973
0.00940967
0.0996732
0.00278833
6.20442e-06
0.000190842
1.61892e-05
1.78937e-05
9.40989e-05
4.35772e-06
0.0948127
0.0106299
0.0998489
0.00245693
4.20148e-06
0.000165762
1.82422e-05
1.23871e-05
8.36438e-05
2.69149e-06
0.0950753
0.0119961
0.1
0.00211624
3.43009e-06
0.000154229
2.05554e-05
6.99441e-06
1.21117e-05
7.79861e-05
2.1235e-06
0.0949929
0.095208
0.0143605
0.00170651
0.00143349
2.20716e-05
3.961e-06
1.20716e-05
7.27108e-05
1.6755e-06
0.0949052
0.0954208
0.0171372
0.00137239
0.000971393
2.36856e-05
2.25784e-06
1.23577e-05
6.77919e-05
1.32223e-06
0.094812
0.0956747
0.0203592
0.00110126
0.000658734
2.54109e-05
1.30553e-06
1.31054e-05
6.32054e-05
1.04384e-06
0.0947128
0.0959484
0.0240528
0.000882129
0.000447254
2.72587e-05
7.78099e-07
1.45163e-05
5.89289e-05
8.24757e-07
0.0946073
0.09623
0.0282309
0.000705591
0.000304262
2.92391e-05
4.92408e-07
1.68894e-05
5.49415e-05
6.52891e-07
0.0944951
0.0965134
0.032888
0.000563734
0.000207622
3.13627e-05
3.4595e-07
2.0668e-05
5.12237e-05
5.19028e-07
0.0943759
0.0967949
0.0379938
0.000449982
0.000142354
3.36401e-05
2.81797e-07
2.65081e-05
4.77573e-05
4.16483e-07
0.0942491
0.0970728
0.0434899
0.000358918
9.83179e-05
3.60826e-05
2.68914e-07
3.53806e-05
4.45252e-05
3.4102e-07
0.0941144
0.097346
0.0492886
0.000286115
6.8654e-05
3.87022e-05
2.91136e-07
4.87215e-05
4.15118e-05
0.0939713
0.0976141
0.055276
0.000227971
0.0938191
0.0978768
0.0613181
0.000181575
0.093657
0.0981341
0.0672722
0.000144578
0.0934837
0.0983859
0.0729987
0.000115092
0.0932957
0.0986323
0.0783741
9.1602e-05
0.0930851
0.0988733
0.0833007
7.28953e-05
0.0928296
0.0991089
0.0877127
5.80017e-05
0.0924666
0.0993393
0.0915781
4.61468e-05
0.0918188
0.0995646
0.0948955
3.67142e-05
0.0903807
0.0997848
0.0976888
2.9284e-05
0.0867121
0.1
0.1
2.60326e-05
0.0867108
0.0607181
0.0867094
0.0425003
0.0867078
0.030393
0.086706
0.0228611
0.0867039
0.0186593
0.0867015
0.0168803
0.0866987
0.0169186
0.0866956
0.0184016
0.0866919
0.021118
0.0866877
0.0249572
0.0866829
0.0298586
0.0866774
0.03577
0.086671
0.0426144
0.0866637
0.0502652
0.0866552
0.0585351
0.0866454
0.0671799
0.0866342
0.0759183
0.0866212
0.0844636
0.0866062
0.0925579
0.0865889
0.1
0.0865604
0.0865257
0.0864832
0.0864315
0.0863682
0.086291
0.0861967
0.0860817
0.0859413
0.0857702
0.0855616
0.0853077
0.0849989
0.0846239
0.0841694
0.0836207
0.0829552
0.0821763
0.081134
0.0805054
END_LIST
