BEGIN_LIST
0
2.10107e-186
7.26042e-186
1.97826e-185
4.99824e-185
1.22493e-184
2.95912e-184
7.09061e-184
1.68923e-183
4.00382e-183
9.44084e-183
2.21358e-182
5.15695e-182
1.19249e-181
2.73328e-181
6.19849e-181
1.38729e-180
3.05345e-180
6.57489e-180
1.37368e-179
2.11255e-179
5.17541e-179
2.34094e-179
9.70106e-179
2.56904e-179
1.66269e-178
2.79675e-179
2.74383e-178
3.02399e-179
4.44831e-178
3.25066e-179
7.14799e-178
3.4767e-179
1.14352e-177
3.70203e-179
1.82619e-177
3.92754e-179
2.91788e-177
4.19419e-179
4.67527e-177
6.2493e-179
7.53151e-177
8.44689e-178
1.22331e-176
3.40484e-176
2.00959e-176
1.44733e-174
3.3491e-176
6.15986e-173
5.6784e-176
2.62201e-171
9.81729e-176
1.11604e-169
1.73312e-175
4.75049e-168
3.12458e-175
2.0219e-166
5.74311e-175
8.60591e-165
1.0713e-174
3.66308e-163
1.0877e-174
1.44347e-174
6.13573e-175
8.52893e-163
3.91662e-163
1.099e-174
1.67112e-174
3.55208e-175
1.61346e-162
4.18404e-163
1.10477e-174
1.80536e-174
2.07622e-175
2.74942e-162
4.46468e-163
1.10473e-174
1.87882e-174
1.22407e-175
4.38781e-162
4.7573e-163
1.09875e-174
1.91242e-174
7.27208e-176
6.68597e-162
5.05985e-163
1.08684e-174
1.91956e-174
4.34935e-176
9.83733e-162
5.36928e-163
1.0692e-174
1.90889e-174
2.61647e-176
1.40792e-161
5.68127e-163
1.04614e-174
1.88602e-174
1.58184e-176
1.97033e-161
5.98996e-163
1.01816e-174
1.85464e-174
9.60356e-177
2.70717e-161
6.2877e-163
9.85819e-175
1.81721e-174
5.85095e-177
3.66387e-161
6.5648e-163
9.49781e-175
1.77538e-174
3.57503e-177
4.89854e-161
6.8093e-163
9.10748e-175
1.73034e-174
2.18959e-177
6.48703e-161
7.00671e-163
8.69434e-175
1.68291e-174
1.34365e-177
8.53074e-161
7.13941e-163
8.26538e-175
1.63372e-174
8.25801e-178
1.11688e-160
7.18538e-163
7.8272e-175
1.58326e-174
5.08152e-178
1.4597e-160
7.11518e-163
7.38582e-175
1.53193e-174
3.12977e-178
1.90978e-160
6.8853e-163
6.94643e-175
1.48005e-174
1.92895e-178
2.5089e-160
6.42461e-163
6.52527e-175
1.42792e-174
1.18937e-178
3.32021e-160
5.60718e-163
4.98002e-175
1.37577e-174
7.33483e-179
4.44157e-160
4.19815e-163
1.15155e-173
1.32383e-174
4.52302e-179
6.0285e-160
1.73672e-163
7.23956e-173
1.06245e-173
1.35303e-174
6.21818e-175
1.97727e-174
3.29073e-179
6.40881e-160
4.94575e-160
1.6163e-163
4.67955e-164
2.60253e-172
9.78885e-174
1.28198e-174
2.9282e-175
2.43532e-174
2.39295e-179
6.75798e-160
3.90114e-160
1.49696e-163
1.25043e-164
8.54349e-172
9.00769e-174
1.13315e-174
1.38025e-175
2.75717e-174
1.73886e-179
7.07243e-160
2.98084e-160
1.3801e-163
3.33347e-165
2.75153e-171
8.2795e-174
9.66815e-175
6.50946e-176
2.99054e-174
1.26236e-179
7.34868e-160
2.22276e-160
1.2669e-163
8.88111e-166
8.84038e-171
7.60241e-174
8.81953e-175
3.07103e-176
3.17046e-174
9.15286e-180
7.58341e-160
1.62798e-160
1.15835e-163
2.36577e-166
2.84461e-170
6.97429e-174
1.07262e-174
1.44921e-176
3.32068e-174
6.62538e-180
7.77346e-160
1.17717e-160
1.05519e-163
6.30178e-167
9.17338e-170
6.39277e-174
2.06647e-174
6.84012e-177
3.45616e-174
4.78553e-180
7.91585e-160
8.4359e-161
9.57974e-164
1.67862e-167
2.96438e-169
5.8554e-174
5.51672e-174
3.22882e-177
3.5856e-174
3.44688e-180
8.00787e-160
6.00818e-161
8.67029e-164
4.47142e-168
9.59643e-169
5.35963e-174
1.67742e-173
1.52418e-177
3.71342e-174
2.47357e-180
8.04704e-160
4.26114e-161
7.82526e-164
1.19109e-168
3.11123e-168
4.90292e-174
5.32942e-173
7.19413e-178
3.8413e-174
1.76651e-180
8.03114e-160
3.01349e-161
7.0448e-164
3.17283e-169
1.00992e-167
4.48274e-174
1.72228e-172
3.39442e-178
3.96914e-174
1.25348e-180
7.9583e-160
2.12707e-161
6.32784e-164
8.45195e-170
3.28153e-167
4.09663e-174
5.61123e-172
1.60032e-178
4.09573e-174
8.81795e-181
7.82695e-160
1.49945e-161
5.67236e-164
2.25154e-170
1.06715e-166
3.74218e-174
1.83637e-171
7.53226e-179
4.21912e-174
6.13039e-181
7.63587e-160
1.0561e-161
5.07564e-164
5.99826e-171
3.47275e-166
3.4171e-174
6.02562e-171
3.53345e-179
4.33692e-174
4.1921e-181
7.38425e-160
7.43413e-162
4.53444e-164
1.59822e-171
1.13074e-165
3.11922e-174
1.98028e-170
1.64661e-179
4.4464e-174
2.79883e-181
7.07162e-160
5.23102e-162
4.04522e-164
4.26092e-172
3.68339e-165
2.84645e-174
6.51431e-170
7.57158e-180
4.54463e-174
1.80168e-181
6.69798e-160
3.67987e-162
3.60429e-164
1.13861e-172
1.20032e-164
2.59687e-174
2.14417e-169
3.38675e-180
4.62857e-174
1.09216e-181
6.26371e-160
2.58841e-162
3.20789e-164
3.07132e-173
3.91269e-164
2.36871e-174
7.05994e-169
1.42531e-180
4.69514e-174
5.91168e-182
5.76965e-160
1.82225e-162
2.85242e-164
8.59796e-174
1.27576e-163
2.16051e-174
2.32506e-168
5.12931e-181
4.74134e-174
2.41096e-182
5.21708e-160
1.29991e-162
2.53748e-164
2.74653e-174
4.16069e-163
1.97159e-174
7.6581e-168
9.49928e-182
4.76433e-174
0
4.60774e-160
1.09306e-162
2.39049e-164
1.23216e-174
2.41482e-163
6.27888e-163
1.86736e-174
1.33329e-167
9.84985e-182
5.52555e-182
4.74872e-174
3.92658e-160
3.28659e-160
9.76087e-175
1.40145e-163
9.249e-163
1.76855e-174
2.30858e-167
1.02133e-181
3.21411e-182
4.66638e-174
3.31875e-160
2.34293e-160
8.7271e-175
8.13305e-164
1.34154e-162
1.67488e-174
3.98714e-167
1.05902e-181
1.86957e-182
4.51382e-174
2.78542e-160
1.66954e-160
8.44828e-175
4.71979e-164
1.92617e-162
1.5861e-174
6.87791e-167
1.0981e-181
1.08744e-182
4.29168e-174
2.32405e-160
1.18931e-160
8.54938e-175
2.73898e-164
2.74667e-162
1.50197e-174
1.18579e-166
1.13864e-181
6.32472e-183
4.00529e-174
1.92958e-160
8.47003e-161
8.8486e-175
1.58947e-164
3.89839e-162
1.42225e-174
2.04385e-166
1.1807e-181
3.67807e-183
3.66456e-174
1.59558e-160
6.03068e-161
9.25823e-175
9.22384e-165
5.5152e-162
1.34672e-174
3.52236e-166
1.22442e-181
2.13845e-183
3.28322e-174
1.31501e-160
4.29273e-161
9.73634e-175
5.3527e-165
7.78502e-162
1.27519e-174
6.07009e-166
1.27004e-181
1.24283e-183
2.87746e-174
1.08083e-160
3.05465e-161
1.02633e-174
3.10621e-165
1.09718e-161
1.20748e-174
1.04603e-165
1.31816e-181
7.21836e-184
2.46431e-174
8.86409e-161
2.17275e-161
1.08305e-174
1.80256e-165
1.54459e-161
1.14346e-174
1.37034e-181
4.1879e-184
2.05995e-174
7.25666e-161
1.43076e-181
2.42534e-184
1.67831e-174
5.93223e-161
1.51089e-181
1.4004e-184
1.33013e-174
4.84394e-161
1.64236e-181
8.04578e-185
1.02256e-174
3.95165e-161
1.91258e-181
4.5839e-185
7.59202e-175
3.22135e-161
2.56324e-181
2.57423e-185
5.40536e-175
2.62447e-161
4.26299e-181
1.40927e-185
3.64574e-175
2.13717e-161
8.86172e-181
7.3559e-186
2.27561e-175
1.7397e-161
2.14777e-180
3.47569e-186
1.2467e-175
1.41581e-161
5.62727e-180
1.25571e-186
5.05901e-176
1.1548e-161
1.52433e-179
0
0
1.03916e-161
1.55437e-179
8.61664e-179
1.585e-179
1.37968e-178
1.61624e-179
1.73362e-178
1.64809e-179
1.96369e-178
1.68057e-179
2.1093e-178
1.71369e-179
2.20005e-178
1.74747e-179
2.2531e-178
1.78191e-179
2.2748e-178
1.81702e-179
2.26393e-178
1.85283e-179
2.21523e-178
1.88935e-179
2.12266e-178
1.92659e-179
1.98216e-178
1.96455e-179
1.79372e-178
2.00327e-179
1.56246e-178
2.04275e-179
1.2985e-178
2.08301e-179
1.01577e-178
2.12407e-179
7.30086e-179
2.16593e-179
4.57064e-179
2.20862e-179
2.10272e-179
2.25194e-179
0
2.31371e-179
2.37719e-179
2.4424e-179
2.5094e-179
2.57824e-179
2.64897e-179
2.72164e-179
2.79631e-179
2.87302e-179
2.95183e-179
3.03281e-179
3.11601e-179
3.2015e-179
3.28932e-179
3.37958e-179
3.4722e-179
3.56787e-179
3.66382e-179
3.77325e-179
3.83555e-179
END_LIST
