BEGIN_LIST
0
1.34067e-47
4.61336e-47
1.24966e-46
3.13772e-46
7.64843e-46
1.84128e-45
4.40892e-45
1.05324e-44
2.51348e-44
5.99563e-44
1.42994e-43
3.41014e-43
8.13244e-43
1.93942e-42
4.62526e-42
1.10308e-41
2.63082e-41
6.27466e-41
1.49658e-40
3.56963e-40
1.54102e-39
3.71834e-40
3.53373e-39
3.87331e-40
6.69159e-39
4.03479e-40
1.14743e-38
4.20306e-40
1.8457e-38
4.3784e-40
2.83399e-38
4.56113e-40
4.19572e-38
4.75155e-40
6.02953e-38
4.94998e-40
8.45426e-38
5.15676e-40
1.16217e-37
5.37226e-40
1.57467e-37
5.59683e-40
2.11705e-37
5.83087e-40
2.84907e-37
6.07478e-40
3.88167e-37
6.32923e-40
5.42683e-37
6.60553e-40
7.89492e-37
7.36633e-40
1.20855e-36
2.82793e-39
1.9562e-36
9.06123e-38
3.33738e-36
3.82447e-36
5.93759e-36
1.62699e-34
6.03058e-36
7.9389e-36
3.40941e-36
3.78257e-34
1.74184e-34
6.09532e-36
9.16176e-36
1.9811e-36
7.13554e-34
1.86317e-34
6.12949e-36
9.88154e-36
1.16412e-36
1.21102e-33
1.99072e-34
6.13151e-36
1.02742e-35
6.91454e-37
1.92243e-33
2.12395e-34
6.10055e-36
1.04522e-35
4.15021e-37
2.90981e-33
2.26197e-34
6.03672e-36
1.04878e-35
2.51684e-37
4.24649e-33
2.40341e-34
5.94098e-36
1.04274e-35
1.54211e-37
6.0182e-33
2.54635e-34
5.81518e-36
1.03014e-35
9.54768e-38
8.32476e-33
2.68815e-34
5.66187e-36
1.01294e-35
5.97435e-38
1.12823e-32
2.82534e-34
5.48427e-36
9.92476e-36
3.7792e-38
1.50272e-32
2.95353e-34
5.28598e-36
9.69638e-36
2.41719e-38
1.97213e-32
3.06727e-34
5.07089e-36
9.45053e-36
1.56335e-38
2.55623e-32
3.15994e-34
4.84296e-36
9.19174e-36
1.02231e-38
3.27981e-32
3.22348e-34
4.60605e-36
8.9234e-36
6.75621e-39
4.17532e-32
3.24778e-34
4.36384e-36
8.64813e-36
4.50931e-39
5.28702e-32
3.21935e-34
4.11965e-36
8.36807e-36
3.03631e-39
6.67805e-32
3.11828e-34
3.87646e-36
8.08504e-36
2.05983e-39
8.44238e-32
2.91206e-34
3.63681e-36
7.80056e-36
1.40567e-39
1.07253e-31
2.54332e-34
3.40377e-36
7.51599e-36
9.63242e-40
1.3759e-31
1.9053e-34
2.99534e-36
7.23254e-36
6.61556e-40
1.79272e-31
7.88871e-35
2.5834e-36
2.78963e-36
7.36745e-36
3.39698e-36
1.08066e-35
5.16709e-40
1.8939e-31
1.46736e-31
7.34455e-35
2.13021e-35
2.21776e-36
2.59441e-36
6.92926e-36
1.59956e-36
1.33123e-35
4.03198e-40
1.98603e-31
1.15486e-31
6.80491e-35
5.73324e-36
1.89637e-36
2.40979e-36
6.00665e-36
7.5392e-37
1.50733e-35
3.1412e-40
2.06817e-31
8.80515e-32
6.27611e-35
1.57068e-36
1.61618e-36
2.23575e-36
4.83168e-36
3.55532e-37
1.63504e-35
2.44163e-40
2.13942e-31
6.55193e-32
5.76357e-35
4.63804e-37
1.37357e-36
2.07213e-36
3.65414e-36
1.6772e-37
1.73353e-35
1.89212e-40
2.19893e-31
4.78867e-32
5.27176e-35
1.72705e-37
1.16468e-36
1.9187e-36
2.63831e-36
7.91403e-38
1.81578e-35
1.46067e-40
2.24586e-31
3.45539e-32
4.80413e-35
9.94414e-38
9.85678e-37
1.77514e-36
1.84394e-36
3.73504e-38
1.88998e-35
1.12229e-40
2.27947e-31
2.47108e-32
4.36318e-35
8.46186e-38
8.32905e-37
1.6411e-36
1.26115e-36
1.76297e-38
1.96087e-35
8.57345e-41
2.29905e-31
1.75628e-32
3.95049e-35
8.57859e-38
7.03027e-37
1.51615e-36
8.5063e-37
8.32164e-39
2.03088e-35
6.50393e-41
2.30396e-31
1.24299e-32
3.56684e-35
9.16656e-38
5.93214e-37
1.39988e-36
5.68737e-37
3.92762e-39
2.10092e-35
4.89233e-41
2.29366e-31
8.77203e-33
3.21233e-35
9.92915e-38
5.01582e-37
1.29182e-36
3.78202e-37
1.85313e-39
2.17095e-35
3.64212e-41
2.26765e-31
6.17864e-33
2.88652e-35
1.07916e-37
4.28577e-37
1.19154e-36
2.5066e-37
8.73662e-40
2.24028e-35
2.67674e-41
2.22555e-31
4.3463e-33
2.58851e-35
1.17387e-37
3.81502e-37
1.09857e-36
1.65791e-37
4.11222e-40
2.30787e-35
1.93544e-41
2.16706e-31
3.05467e-33
2.3171e-35
1.27715e-37
3.89275e-37
1.01247e-36
1.09522e-37
1.92922e-40
2.3724e-35
1.37001e-41
2.09197e-31
2.14561e-33
2.07084e-35
1.38957e-37
5.50669e-37
9.32797e-37
7.22987e-38
8.99135e-41
2.43237e-35
9.42153e-42
2.0002e-31
1.50647e-33
1.84813e-35
1.51189e-37
1.1918e-36
8.59138e-37
4.7716e-38
4.13519e-41
2.4862e-35
6.21517e-42
1.89174e-31
1.05744e-33
1.64732e-35
1.64496e-37
3.38031e-36
7.91091e-37
3.15211e-38
1.85009e-41
2.5322e-35
3.8406e-42
1.76671e-31
7.42161e-34
1.46672e-35
1.78971e-37
1.06043e-35
7.28285e-37
2.09453e-38
7.78854e-42
2.5687e-35
2.10775e-42
1.62535e-31
5.21319e-34
1.3047e-35
1.94716e-37
3.42553e-35
6.70418e-37
1.43318e-38
2.80445e-42
2.59405e-35
8.66779e-43
1.46801e-31
3.71062e-34
1.16109e-35
2.11842e-37
1.11538e-34
6.17378e-37
1.11663e-38
5.20708e-43
2.6067e-35
0
1.29514e-31
3.11625e-34
1.09406e-35
2.30466e-37
6.46336e-35
1.68435e-34
5.87928e-37
1.10102e-38
5.40406e-43
3.03327e-43
2.59826e-35
1.10256e-31
9.21353e-32
2.42276e-37
3.74512e-35
2.48422e-34
5.59852e-37
1.22115e-38
5.61241e-43
1.7677e-43
2.5533e-35
9.30943e-32
6.55066e-32
2.54614e-37
2.16998e-35
3.60931e-34
5.33091e-37
1.54941e-38
5.83909e-43
1.03067e-43
2.4699e-35
7.80553e-32
4.65542e-32
2.67541e-37
1.2573e-35
5.19238e-34
5.07586e-37
2.21541e-38
6.10277e-43
6.01273e-44
2.34842e-35
6.50609e-32
3.30744e-32
2.81103e-37
7.28492e-36
7.4204e-34
4.8328e-37
3.44671e-38
6.45443e-43
3.51e-44
2.19177e-35
5.3964e-32
2.34912e-32
2.95338e-37
4.22104e-36
1.05567e-33
4.6012e-37
5.63919e-38
7.03451e-43
2.05041e-44
2.00537e-35
4.45784e-32
1.66805e-32
3.10284e-37
2.44593e-36
1.49719e-33
4.38054e-37
9.47877e-38
8.23076e-43
1.19862e-44
1.79673e-35
3.67028e-32
1.18412e-32
3.25978e-37
1.41755e-36
2.11879e-33
4.17032e-37
1.61515e-37
1.11152e-42
7.01127e-45
1.57471e-35
3.01367e-32
8.40313e-33
3.42458e-37
8.21834e-37
2.99396e-33
3.97006e-37
2.77064e-37
1.8653e-42
4.103e-45
1.34864e-35
2.46908e-32
5.96088e-33
3.59762e-37
4.76811e-37
4.22613e-33
3.77931e-37
3.90472e-42
2.40113e-45
1.12737e-35
2.0193e-32
9.4992e-42
1.40412e-45
9.1852e-36
1.64909e-32
2.49277e-41
8.19393e-46
7.27979e-36
1.34521e-32
6.75627e-41
4.76102e-46
5.59654e-36
1.0963e-32
1.8547e-40
2.744e-46
4.1552e-36
8.92791e-33
5.11638e-40
1.55855e-46
2.95845e-36
7.26627e-33
1.41403e-39
8.62283e-47
1.99539e-36
5.91109e-33
3.91073e-39
4.542e-47
1.2455e-36
4.80684e-33
1.08186e-38
2.1613e-47
6.82352e-37
3.90792e-33
2.99321e-38
7.84341e-48
2.76895e-37
3.18423e-33
8.2818e-38
0
0
2.86378e-33
8.4452e-38
4.73035e-37
8.61183e-38
7.58097e-37
8.78174e-38
9.52909e-37
8.955e-38
1.07957e-36
9.13169e-38
1.15976e-36
9.31186e-38
1.20975e-36
9.49558e-38
1.23899e-36
9.68293e-38
1.25097e-36
9.87398e-38
1.24503e-36
1.00688e-37
1.21827e-36
1.02675e-37
1.16738e-36
1.047e-37
1.09012e-36
1.06766e-37
9.8649e-37
1.08873e-37
8.59309e-37
1.11021e-37
7.14142e-37
1.13211e-37
5.58649e-37
1.15445e-37
4.01531e-37
1.17723e-37
2.51375e-37
1.20046e-37
1.15645e-37
1.22403e-37
0
1.25764e-37
1.29218e-37
1.32767e-37
1.36413e-37
1.4016e-37
1.44009e-37
1.47964e-37
1.52028e-37
1.56203e-37
1.60493e-37
1.649e-37
1.69429e-37
1.74082e-37
1.78863e-37
1.83776e-37
1.88819e-37
1.94027e-37
1.9925e-37
2.05208e-37
2.086e-37
END_LIST
