BEGIN_LIST
0.1
0.099998
0.0999957
0.0999934
0.0999908
0.099988
0.099985
0.0999817
0.0999782
0.0999744
0.0999703
0.0999659
0.0999611
0.0999558
0.0999499
0.099943
0.0999343
0.0999217
0.0999
0.0998564
0.0997587
0.0993003
0.0997587
0.0986985
0.0997587
0.0979141
0.0997588
0.0969
0.0997588
0.0956017
0.0997588
0.0939588
0.0997588
0.0919077
0.0997589
0.0893866
0.0997589
0.0863428
0.0997589
0.0827412
0.0997589
0.0785746
0.099759
0.0738726
0.099759
0.0687094
0.099759
0.0632085
0.099759
0.0575471
0.099759
0.0519669
0.0997591
0.0468069
0.099759
0.0425872
0.0997566
0.0402073
0.0996518
0.0413717
0.0950951
0.0392208
0.0399475
0.0499588
0.0903955
0.0948032
0.0369957
0.0396408
0.056624
0.0855452
0.094423
0.0347184
0.0400239
0.0622215
0.0805889
0.0939299
0.032413
0.0408323
0.0671473
0.0755744
0.0932942
0.0301045
0.0419014
0.0715753
0.0705508
0.0924802
0.0278175
0.0431282
0.0755759
0.0655667
0.091446
0.0255758
0.0444478
0.079175
0.0606683
0.0901443
0.023401
0.0458183
0.0823843
0.0558978
0.0885234
0.0213116
0.0472124
0.0852146
0.0512923
0.0865295
0.019323
0.0486119
0.0876819
0.046883
0.0841104
0.0174472
0.0500039
0.0898084
0.042694
0.0812189
0.0156921
0.0513794
0.0916217
0.038743
0.0778164
0.0140628
0.0527314
0.0931525
0.0350399
0.0738733
0.0125608
0.0540548
0.0944335
0.0315873
0.0693617
0.0111851
0.0553453
0.0954969
0.0283781
0.0642334
0.00993248
0.0565997
0.0963735
0.0253922
0.0583696
0.00879811
0.0578152
0.0970918
0.0225871
0.0514744
0.00777572
0.0589897
0.0976773
0.0198774
0.0428576
0.00686044
0.0601215
0.0981523
0.0170896
0.0309768
0.00567467
0.0612094
0.0985363
0.0138631
0.0123912
0.00471858
0.00508515
0.0520675
0.0807056
0.0433175
0.0987504
0.0134121
0.0105181
0.0111952
0.00325898
0.00391012
0.00455221
0.0415549
0.089601
0.0308881
0.0989356
0.0129597
0.00771455
0.0100726
0.000861298
0.00323085
0.00407137
0.0310568
0.0937211
0.0224687
0.0990954
0.0125054
0.0055086
0.00902749
0.000238063
0.00266317
0.00363828
0.0218715
0.0956969
0.0169283
0.0992332
0.0120486
0.0038547
0.00806194
7.78045e-05
0.00219083
0.00324885
0.0146809
0.0967016
0.0134208
0.099352
0.0115888
0.00265801
0.00717611
3.81804e-05
0.00179928
0.00289915
0.00951165
0.097257
0.0113373
0.0994542
0.0111252
0.00181386
0.00636858
3.01627e-05
0.00147569
0.00258554
0.00601397
0.0975961
0.0102529
0.099542
0.0106573
0.00122889
0.00563667
3.06462e-05
0.00120892
0.00230461
0.00374191
0.0978244
0.00987855
0.0996176
0.0101844
0.000828456
0.00497676
3.36638e-05
0.000989464
0.00205322
0.0023045
0.0979907
0.0100218
0.0996824
0.00970573
0.000556624
0.00438452
3.77062e-05
0.000809224
0.00182846
0.00141019
0.0981185
0.0105572
0.0997381
0.00922059
0.000373135
0.00385525
4.24277e-05
0.000661403
0.00162768
0.000859526
0.0982202
0.0114046
0.0997858
0.0087282
0.00024975
0.00338399
4.77907e-05
0.000540306
0.00144845
0.00052262
0.0983025
0.0125146
0.0998268
0.00822775
0.000166993
0.00296577
5.38443e-05
0.000441193
0.00128856
0.0003173
0.0983699
0.0138581
0.0998619
0.00771838
0.000111581
0.0025957
6.06674e-05
0.000360127
0.00114601
0.00019247
0.0984254
0.0154189
0.0998919
0.00719919
7.45221e-05
0.00226909
6.83551e-05
0.00029384
0.00101899
0.000116686
0.0984711
0.0171892
0.0999176
0.00666923
4.97559e-05
0.00198148
7.70161e-05
0.000239587
0.000905847
7.07195e-05
0.0985089
0.0191658
0.0999396
0.00612751
3.32137e-05
0.00172872
8.67731e-05
0.00019494
0.000805125
4.28555e-05
0.0985401
0.0213477
0.0999585
0.00557301
2.21695e-05
0.00150698
9.77644e-05
0.000157344
0.000715523
2.59797e-05
0.0985659
0.0237341
0.0999745
0.0050046
1.48098e-05
0.00131278
0.000110146
0.000122829
0.000635961
1.57926e-05
0.0985872
0.0263227
0.0999883
0.00442115
1.00297e-05
0.00114452
0.000124092
8.19027e-05
0.000565803
9.75497e-06
0.0986048
0.029109
0.1
0.00382143
8.18866e-06
0.00106689
0.0001398
4.62006e-05
7.78807e-05
0.000527789
7.69691e-06
0.0985987
0.0986303
0.0336804
0.0031652
0.00259759
0.000150093
2.61023e-05
7.44917e-05
0.00049231
6.07386e-06
0.0985921
0.0986859
0.0386592
0.00260281
0.0017685
0.000161046
1.48003e-05
7.18869e-05
0.0004592
4.79449e-06
0.0985851
0.0987571
0.0439669
0.00212733
0.00120743
0.000172752
8.45926e-06
7.02992e-05
0.000428301
3.78719e-06
0.0985776
0.098836
0.0495023
0.00172987
0.000828146
0.000185284
4.9199e-06
7.00809e-05
0.000399469
2.99612e-06
0.0985697
0.098918
0.0551444
0.00140074
0.000572085
0.000198713
2.96751e-06
7.17608e-05
0.000372567
2.37844e-06
0.0985612
0.0990008
0.0607611
0.0011303
0.000399517
0.000213106
1.92018e-06
7.61282e-05
0.000347467
1.90256e-06
0.0985522
0.0990831
0.0662187
0.000909498
0.000283522
0.000228536
1.39671e-06
8.43564e-05
0.000324049
1.54739e-06
0.0985425
0.0991642
0.0713946
0.000730146
0.000205866
0.000245078
1.18613e-06
9.81864e-05
0.000302203
1.30316e-06
0.0985323
0.0992437
0.0761871
0.000585071
0.000154208
0.000262811
1.17436e-06
0.000120198
0.000281823
0.0985212
0.0993215
0.0805226
0.000468118
0.0985094
0.0993974
0.0843585
0.000374092
0.0984963
0.0994715
0.0876823
0.000298663
0.0984812
0.0995437
0.0905073
0.000238258
0.0984618
0.0996141
0.0928661
0.000189952
0.0984313
0.0996827
0.0948044
0.000151365
0.0983709
0.0997495
0.0963743
0.000120569
0.0982261
0.0998146
0.0976296
9.60082e-05
0.0978405
0.099878
0.0986218
7.64361e-05
0.0967649
0.0999398
0.0993981
6.10009e-05
0.0937082
0.1
0.1
5.42431e-05
0.0937082
0.0709216
0.0937082
0.0539858
0.0937082
0.0420933
0.0937082
0.0344129
0.0937081
0.0301333
0.0937081
0.0285489
0.0937081
0.0291052
0.0937081
0.0313901
0.0937081
0.0350948
0.0937081
0.0399667
0.0937081
0.0457688
0.093708
0.0522539
0.093708
0.0591566
0.093708
0.0662026
0.093708
0.0731286
0.093708
0.0797068
0.0937079
0.0857637
0.0937079
0.091189
0.0937079
0.0959337
0.0937079
0.1
0.0937078
0.0937078
0.0937078
0.0937077
0.0937077
0.0937076
0.0937076
0.0937075
0.0937075
0.0937074
0.0937073
0.0937072
0.093707
0.0937069
0.0937067
0.0937065
0.0937062
0.0937059
0.0937055
0.0937052
END_LIST
