BEGIN_LIST
0.1
0.0999976
0.0999949
0.0999921
0.099989
0.0999857
0.0999821
0.0999782
0.0999741
0.0999696
0.0999647
0.0999594
0.0999537
0.0999474
0.0999405
0.0999323
0.0999222
0.0999075
0.0998827
0.0998332
0.099723
0.0992073
0.099723
0.0985321
0.099723
0.0976548
0.099723
0.096525
0.0997231
0.0950853
0.0997231
0.0932732
0.0997231
0.091025
0.0997231
0.0882815
0.0997231
0.0849961
0.0997232
0.0811436
0.0997232
0.0767305
0.0997232
0.0718025
0.0997232
0.0664499
0.0997232
0.0608099
0.0997233
0.055068
0.0997233
0.0494661
0.0997233
0.0443346
0.0997233
0.0401775
0.0997207
0.037875
0.0996115
0.0391244
0.0948622
0.0369308
0.0379625
0.0472458
0.0900003
0.0945131
0.0346823
0.0378219
0.0536916
0.0850038
0.0940596
0.0324027
0.0383123
0.0592316
0.0799201
0.0934737
0.0301165
0.0391929
0.0642113
0.0747988
0.0927216
0.0278483
0.0403139
0.0687718
0.0696898
0.0917635
0.0256218
0.0415819
0.072959
0.0646419
0.0905538
0.0234586
0.0429377
0.0767799
0.0597007
0.0890424
0.0213776
0.0443433
0.0802303
0.0549071
0.0871766
0.0193946
0.0457735
0.0833079
0.0502963
0.0849044
0.0175217
0.0472114
0.0860183
0.0458973
0.0821792
0.0157675
0.0486448
0.0883759
0.0417321
0.0789645
0.0141372
0.0500651
0.0904025
0.0378154
0.0752376
0.0126329
0.0514653
0.0921261
0.0341552
0.0709904
0.0112539
0.0528402
0.0935776
0.0307517
0.0662217
0.00999729
0.0541852
0.0947893
0.027596
0.0609155
0.00885848
0.0554968
0.0957931
0.0246666
0.0549915
0.00783144
0.0567718
0.0966191
0.0219204
0.0482043
0.00690925
0.0580078
0.0972948
0.0192724
0.0399377
0.00608656
0.0592025
0.0978447
0.0165515
0.0287699
0.00502419
0.0603543
0.0982903
0.0134026
0.0114753
0.00416882
0.00449757
0.0508104
0.0799933
0.0425569
0.0985394
0.0129662
0.0101062
0.0103301
0.003015
0.00344838
0.00402245
0.0400954
0.0890078
0.0302208
0.0987549
0.0125286
0.00737558
0.00926276
0.000796012
0.00284508
0.00359453
0.0296444
0.0932209
0.0218786
0.0989413
0.0120891
0.00524641
0.00827576
0.00021933
0.00234226
0.00320974
0.0206878
0.0952694
0.0163928
0.0991021
0.0116472
0.00366089
0.00736946
7.09694e-05
0.00192486
0.00286423
0.0137905
0.0963319
0.0129166
0.0992408
0.0112023
0.00251928
0.0065426
3.41895e-05
0.0015795
0.00255438
0.00889122
0.096934
0.0108434
0.0993602
0.0107539
0.00171677
0.00579265
2.66304e-05
0.00129452
0.00227682
0.00560337
0.0973115
0.00975132
0.099463
0.0103012
0.00116198
0.00511601
2.69167e-05
0.00105989
0.00202844
0.00347911
0.0975714
0.00935426
0.0995514
0.00984374
0.000782831
0.00450842
2.95268e-05
0.000867076
0.00180639
0.00213982
0.0977639
0.00946208
0.0996274
0.00938071
0.000525734
0.00396514
3.30618e-05
0.000708854
0.00160803
0.00130834
0.0979135
0.00995103
0.0996926
0.00891142
0.000352321
0.00348119
3.71993e-05
0.000579183
0.00143096
0.000797045
0.0980332
0.0107424
0.0997486
0.00843512
0.000235771
0.00305154
4.1901e-05
0.000473017
0.001273
0.00048448
0.0981305
0.0117879
0.0997966
0.00795103
0.000157624
0.00267122
4.72088e-05
0.000386165
0.00113216
0.000294089
0.0982104
0.0130592
0.0998378
0.00745829
0.000105312
0.00233545
5.31916e-05
0.000315155
0.00100667
0.00017837
0.0982762
0.0145411
0.099873
0.00695607
7.03308e-05
0.00203969
5.99328e-05
0.00025711
0.00089489
0.000108131
0.0983306
0.0162265
0.0999032
0.00644342
4.69557e-05
0.00177971
6.75276e-05
0.000209615
0.000795374
6.55315e-05
0.0983755
0.0181134
0.0999291
0.0059194
3.13436e-05
0.00155158
7.60838e-05
0.00017054
0.000706813
3.97106e-05
0.0984126
0.020202
0.0999512
0.005383
2.09209e-05
0.00135171
8.57227e-05
0.000137649
0.000628055
2.40728e-05
0.0984432
0.022493
0.0999701
0.00483316
1.39755e-05
0.00117688
9.65809e-05
0.000107478
0.000558143
1.46333e-05
0.0984686
0.024986
0.0999862
0.00426875
9.46466e-06
0.00102554
0.000108812
7.17668e-05
0.000496511
9.03879e-06
0.0984895
0.0276785
0.1
0.0036886
7.72727e-06
0.000955744
0.00012259
4.04856e-05
6.83162e-05
0.000463122
7.13177e-06
0.0984823
0.0985175
0.0321159
0.00304885
0.00250629
0.000131617
2.28772e-05
6.54511e-05
0.000431964
5.62781e-06
0.0984745
0.0985778
0.0369789
0.00250273
0.00170538
0.000141225
1.29764e-05
6.33191e-05
0.000402889
4.44226e-06
0.0984662
0.098655
0.0421985
0.00204252
0.00116336
0.000151493
7.42287e-06
6.21465e-05
0.000375759
3.50872e-06
0.0984574
0.0987403
0.047682
0.00165887
0.000796922
0.000162487
4.32473e-06
6.22748e-05
0.000350446
2.77539e-06
0.098448
0.098829
0.0533147
0.00134189
0.000549479
0.000174267
2.61785e-06
6.42159e-05
0.000326831
2.20248e-06
0.098438
0.0989186
0.0589672
0.00108192
0.000382656
0.000186894
1.70496e-06
6.8733e-05
0.000304799
1.7605e-06
0.0984274
0.0990076
0.0645051
0.000869984
0.000270453
0.000200431
1.25235e-06
7.69602e-05
0.000284245
1.42957e-06
0.098416
0.0990953
0.0698006
0.000698043
0.00019526
0.000214945
1.07549e-06
9.05797e-05
0.000265073
1.20001e-06
0.0984039
0.0991813
0.0747436
0.000559101
0.000145158
0.000230505
1.07487e-06
0.000112083
0.000247188
0.0983909
0.0992655
0.0792503
0.000447181
0.0983769
0.0993476
0.0832673
0.000357259
0.0983616
0.0994278
0.0867722
0.000285159
0.0983441
0.0995059
0.0897701
0.000227444
0.0983221
0.0995821
0.0922878
0.000181304
0.0982887
0.0996564
0.0943675
0.000144457
0.0982247
0.0997287
0.0960598
0.000115056
0.098075
0.0997992
0.0974184
9.16114e-05
0.097681
0.0998679
0.0984963
7.29313e-05
0.0965871
0.0999348
0.0993423
5.82011e-05
0.0934846
0.1
0.1
5.17522e-05
0.0934846
0.0703943
0.0934846
0.0532791
0.0934845
0.0412946
0.0934845
0.0335699
0.0934845
0.0292624
0.0934845
0.0276484
0.0934845
0.0281662
0.0934845
0.0304046
0.0934844
0.0340613
0.0934844
0.0388931
0.0934844
0.0446744
0.0934844
0.0511682
0.0934844
0.058117
0.0934843
0.0652487
0.0934843
0.0722974
0.0934843
0.0790271
0.0934843
0.0852537
0.0934842
0.0908552
0.0934842
0.0957725
0.0934842
0.1
0.0934841
0.0934841
0.093484
0.093484
0.0934839
0.0934838
0.0934838
0.0934837
0.0934836
0.0934835
0.0934833
0.0934831
0.0934829
0.0934827
0.0934824
0.093482
0.0934816
0.0934811
0.0934804
0.0934799
END_LIST
