BEGIN_LIST
0.1
0.0999947
0.0999889
0.0999827
0.099976
0.0999688
0.099961
0.0999525
0.0999435
0.0999336
0.0999231
0.0999116
0.0998992
0.0998857
0.0998707
0.0998536
0.0998328
0.0998042
0.0997583
0.099671
0.0994827
0.0986151
0.0994828
0.0974962
0.0994828
0.0960683
0.0994828
0.0942685
0.0994828
0.0920321
0.0994828
0.0892985
0.0994828
0.0860187
0.0994828
0.0821647
0.0994828
0.0777384
0.0994828
0.0727791
0.0994828
0.0673668
0.0994828
0.0616206
0.0994828
0.0556915
0.0994828
0.0497525
0.0994827
0.0439911
0.0994827
0.0386132
0.0994826
0.0338738
0.0994825
0.030162
0.0994793
0.0282061
0.099347
0.0295262
0.093602
0.0273326
0.0294101
0.0352634
0.0879734
0.0928393
0.0251745
0.0298987
0.0403809
0.0823067
0.0918671
0.0230731
0.0307667
0.0452748
0.0766574
0.0906396
0.0210474
0.0318764
0.0500939
0.0710794
0.0891064
0.0191131
0.0331431
0.0548659
0.065623
0.0872152
0.0172828
0.0345139
0.0595604
0.0603332
0.0849156
0.0155655
0.0359551
0.0641216
0.0552487
0.0821645
0.0139668
0.0374447
0.0684869
0.0504012
0.0789319
0.0124895
0.0389675
0.0725975
0.0458147
0.075208
0.0111334
0.0405125
0.0764051
0.041506
0.0710088
0.00989609
0.0420712
0.0798757
0.0374849
0.0663785
0.00877349
0.0436368
0.0829907
0.0337543
0.0613886
0.00776003
0.0452032
0.0857459
0.0303111
0.0561305
0.00684921
0.0467649
0.0881502
0.027146
0.0507007
0.00603392
0.0483168
0.0902222
0.0242423
0.0451768
0.00530676
0.0498542
0.0919877
0.0215732
0.0395765
0.00466028
0.0513726
0.093477
0.0190931
0.0337861
0.00408713
0.0528678
0.0947219
0.0167197
0.0274153
0.00358181
0.0543358
0.0957543
0.0142929
0.0194846
0.00293639
0.055773
0.0966045
0.0114847
0.00768681
0.00241929
0.00261957
0.0446252
0.0757823
0.0387395
0.0970855
0.0111097
0.00843642
0.00682388
0.00201232
0.00198943
0.00233559
0.033431
0.0852952
0.0270594
0.0975051
0.0107336
0.00603106
0.00604129
0.000529702
0.00163334
0.00208134
0.0235904
0.0899914
0.0192233
0.0978705
0.0103559
0.0042239
0.0053353
0.000144682
0.00133923
0.00185392
0.0158586
0.0924674
0.0140892
0.098188
0.00997628
0.00291436
0.00470142
4.55024e-05
0.00109689
0.00165067
0.0102856
0.0938965
0.0108273
0.0984633
0.00959411
0.00198964
0.00413469
2.07367e-05
0.000897608
0.00146917
0.00650792
0.0948096
0.0088544
0.0987016
0.00920889
0.00134837
0.00362989
1.54331e-05
0.000733993
0.00130721
0.00405109
0.0954496
0.00777102
0.0989077
0.00882011
0.000909185
0.00318177
1.53292e-05
0.000599842
0.00116276
0.00249562
0.0959304
0.00730928
0.0990856
0.00842717
0.000610947
0.00278512
1.67378e-05
0.000489969
0.00103401
0.00152741
0.0963085
0.00729274
0.099239
0.0080295
0.000409588
0.00243496
1.87212e-05
0.000400061
0.000919299
0.000931073
0.0966137
0.00760738
0.0993712
0.00762646
0.000274166
0.00212654
2.10591e-05
0.000326544
0.00081715
0.00056616
0.0968635
0.00818135
0.099485
0.00721742
0.000183326
0.00185545
2.37201e-05
0.000266465
0.000726218
0.000343748
0.0970695
0.00897105
0.0995828
0.00680168
0.000122498
0.00161757
2.67253e-05
0.00021739
0.000645301
0.000208518
0.0972399
0.00995174
0.0996668
0.00637853
8.1815e-05
0.00140918
3.01132e-05
0.000177317
0.000573317
0.000126417
0.0973811
0.0111111
0.099739
0.00594723
5.4626e-05
0.00122686
3.39309e-05
0.000144594
0.000509298
7.66163e-05
0.0974981
0.0124452
0.0998009
0.00550697
3.64648e-05
0.00106753
3.82325e-05
0.000117843
0.000452377
4.64253e-05
0.0975951
0.0139549
0.0998539
0.00505694
2.43383e-05
0.000928452
4.3079e-05
9.58553e-05
0.000401783
2.81301e-05
0.0976754
0.0156445
0.0998994
0.00459626
1.6244e-05
0.000807152
4.85394e-05
7.73772e-05
0.000356837
1.70516e-05
0.0977419
0.0175196
0.0999383
0.00412402
1.08508e-05
0.000701462
5.46914e-05
6.04979e-05
0.000316976
1.03649e-05
0.0977968
0.0195857
0.0999716
0.00363925
7.34823e-06
0.00061027
6.16223e-05
4.07073e-05
0.000281866
6.40203e-06
0.0978423
0.0218478
0.1
0.00314094
5.99926e-06
0.000568274
6.94305e-05
2.29712e-05
3.89771e-05
0.000262856
5.05118e-06
0.097827
0.0978856
0.0256446
0.00257387
0.00213124
7.45477e-05
1.299e-05
3.76742e-05
0.000245124
3.98577e-06
0.0978107
0.0979731
0.029913
0.00209754
0.00144742
7.99944e-05
7.38068e-06
3.69288e-05
0.000228583
3.14579e-06
0.0977934
0.0980835
0.0346254
0.00170151
0.000984651
8.58159e-05
4.23772e-06
3.69376e-05
0.000213154
2.48412e-06
0.0977749
0.0982049
0.0397309
0.00137503
0.000671691
9.20497e-05
2.48868e-06
3.79955e-05
0.000198764
1.9639e-06
0.0977552
0.098331
0.0451523
0.00110775
0.000460218
9.87304e-05
1.53058e-06
4.05423e-05
0.000185342
1.55669e-06
0.0977342
0.0984583
0.0507875
0.000890165
0.000317473
0.000105893
1.02531e-06
4.52318e-05
0.000172824
1.2411e-06
0.0977119
0.0985847
0.0565137
0.000713857
0.000221272
0.000113572
7.84328e-07
5.30339e-05
0.000161149
1.00219e-06
0.0976881
0.0987093
0.0621969
0.000571522
0.000156591
0.000121808
7.03902e-07
6.53856e-05
0.000150261
8.3158e-07
0.0976627
0.0988316
0.0677031
0.000456959
0.000113264
0.000130638
7.28719e-07
8.44135e-05
0.000140107
0.0976356
0.0989513
0.0729101
0.00036497
0.0976065
0.0990682
0.0777176
0.000291249
0.0975752
0.0991824
0.0820546
0.00023226
0.0975405
0.0992938
0.0858816
0.000185117
0.0975
0.0994025
0.0891891
0.000147479
0.0974464
0.0995085
0.0919933
0.000117452
0.0973592
0.0996118
0.0943293
9.35124e-05
0.09718
0.0997126
0.0962443
7.4436e-05
0.0967413
0.0998109
0.0977918
5.92443e-05
0.0955622
0.0999066
0.0990264
4.72695e-05
0.0922638
0.1
0.1
4.20278e-05
0.0922638
0.0679373
0.0922638
0.0501498
0.0922637
0.037865
0.0922637
0.0300207
0.0922636
0.0256362
0.0922636
0.023912
0.0922636
0.0242595
0.0922635
0.0262735
0.0922635
0.0296799
0.0922634
0.0342788
0.0922633
0.0398966
0.0922633
0.0463486
0.0922632
0.0534201
0.0922631
0.0608628
0.0922631
0.0684089
0.092263
0.0757956
0.0922629
0.0827923
0.0922628
0.0892227
0.0922627
0.0949747
0.0922625
0.1
0.0922623
0.0922621
0.0922618
0.0922614
0.092261
0.0922606
0.09226
0.0922593
0.0922584
0.0922574
0.0922561
0.0922546
0.0922527
0.0922504
0.0922476
0.0922441
0.0922399
0.0922349
0.092228
0.0922237
END_LIST
