BEGIN_LIST
0.1
0.0969599
0.0938992
0.0908262
0.0877493
0.0846764
0.0816157
0.0785749
0.0755614
0.0725824
0.0696445
0.0667537
0.0639155
0.0611344
0.0584132
0.0557514
0.0531404
0.0505523
0.0479092
0.0450051
0.0413018
0.0341313
0.0368737
0.0280875
0.0325645
0.0230332
0.028467
0.0188339
0.0246525
0.0153634
0.0211687
0.0125079
0.0180403
0.0101667
0.0152726
0.008253
0.0128552
0.00669235
0.0107671
0.00542212
0.00898019
0.00438991
0.0074632
0.00355221
0.00618391
0.00287314
0.00511108
0.00232326
0.00421557
0.00187865
0.00347094
0.00152019
0.00285374
0.00123337
0.00234352
0.00100896
0.0019226
0.000845627
0.00157352
0.000757386
0.00116143
0.000658461
0.000812234
0.000762708
0.00101903
0.000949838
0.000572406
0.000871383
0.000841393
0.000894062
0.000776685
0.000497561
0.000935025
0.000968216
0.000784412
0.000635025
0.000432473
0.00100342
0.00113404
0.0006882
0.000519155
0.000375877
0.00107686
0.00133767
0.000603782
0.000424395
0.000326672
0.0011557
0.00158211
0.000529713
0.00034691
0.000283895
0.0012403
0.00187298
0.000464726
0.000283557
0.000246711
0.00133108
0.00221784
0.000407709
0.000231765
0.00021439
0.00142848
0.00262597
0.000357684
0.000189425
0.000186298
0.00153296
0.00310848
0.000313793
0.000154815
0.000161883
0.00164505
0.00367845
0.000275282
0.000126524
0.000140664
0.00176527
0.00435115
0.000241487
0.000103396
0.000122225
0.00189422
0.00514433
0.000211819
8.44814e-05
0.0001062
0.00203252
0.00607857
0.00018575
6.89966e-05
9.22758e-05
0.00218083
0.0071775
0.000162789
5.62784e-05
8.0176e-05
0.00233986
0.00846825
0.000142443
4.57339e-05
6.9662e-05
0.00251038
0.00998157
0.000124147
3.67568e-05
6.0526e-05
0.00269319
0.0117522
0.000107109
2.85597e-05
5.26168e-05
0.00288917
0.0138186
8.99785e-05
1.98012e-05
4.26869e-05
0.00309924
0.0162236
7.01223e-05
7.71509e-06
3.47944e-05
3.7883e-05
0.00188568
0.0048345
0.00209886
0.0180682
6.78061e-05
4.67904e-05
6.68832e-06
2.08088e-06
2.83607e-05
3.36196e-05
0.0011453
0.00606962
0.00145784
0.0200945
6.54851e-05
3.12206e-05
5.79819e-06
6.26977e-07
2.31164e-05
2.98359e-05
0.000694884
0.00720575
0.00105287
0.0223197
6.31566e-05
2.08312e-05
5.02653e-06
2.60254e-07
1.88417e-05
2.64779e-05
0.000421331
0.00840581
0.000803638
0.0247605
6.08173e-05
1.38989e-05
4.35755e-06
1.77342e-07
1.53574e-05
2.34978e-05
0.000255367
0.00974478
0.000658025
0.0274328
5.84643e-05
9.27344e-06
3.77761e-06
1.69723e-07
1.25173e-05
2.08531e-05
0.00015474
0.0112659
0.00058234
0.0303518
5.60942e-05
6.18727e-06
3.27485e-06
1.8343e-07
1.02024e-05
1.8506e-05
9.37514e-05
0.0130015
0.000554962
0.0335318
5.37036e-05
4.12814e-06
2.839e-06
2.04665e-07
8.31563e-06
1.6423e-05
5.67957e-05
0.0149815
0.00056219
0.0369855
5.12888e-05
2.75429e-06
2.46116e-06
2.30099e-07
6.77773e-06
1.45745e-05
3.44057e-05
0.0172349
0.000595543
0.0407239
4.88463e-05
1.83765e-06
2.1336e-06
2.59149e-07
5.52424e-06
1.2934e-05
2.08416e-05
0.0197917
0.000650001
0.0447554
4.6372e-05
1.22607e-06
1.84964e-06
2.91987e-07
4.50256e-06
1.14782e-05
1.26248e-05
0.0226816
0.000722874
0.0490854
4.38619e-05
8.18026e-07
1.60347e-06
3.29016e-07
3.66983e-06
1.01862e-05
7.64735e-06
0.0259338
0.00081307
0.0537152
4.13117e-05
5.45782e-07
1.39006e-06
3.70748e-07
2.99108e-06
9.03961e-06
4.63229e-06
0.0295754
0.000920633
0.0586421
3.8717e-05
3.64142e-07
1.20505e-06
4.17777e-07
2.43779e-06
8.02209e-06
2.80595e-06
0.0336298
0.00104645
0.0638578
3.6073e-05
2.42953e-07
1.04467e-06
4.70771e-07
1.98663e-06
7.11911e-06
1.69966e-06
0.0381153
0.00119208
0.0693485
3.33748e-05
1.62097e-07
9.05632e-07
5.30487e-07
1.61819e-06
6.31778e-06
1.02956e-06
0.043042
0.00135966
0.0750942
3.06172e-05
1.0815e-07
7.85099e-07
5.97779e-07
1.31554e-06
5.60672e-06
6.23702e-07
0.0484103
0.00155184
0.0810683
2.77949e-05
7.21615e-08
6.80609e-07
6.73606e-07
1.06101e-06
4.97599e-06
3.78019e-07
0.0542077
0.00177181
0.0872377
2.49021e-05
4.81924e-08
5.90041e-07
7.59051e-07
8.27377e-07
4.41738e-06
2.29758e-07
0.0604077
0.00202328
0.0935633
2.19327e-05
3.26303e-08
5.12229e-07
8.55335e-07
5.49723e-07
3.92593e-06
1.41903e-07
0.0669674
0.00231055
0.1
1.88806e-05
2.66375e-08
4.76464e-07
9.63833e-07
3.10536e-07
5.21223e-07
3.66006e-06
1.11954e-07
0.0645898
0.0691067
0.00282259
1.50159e-05
1.28329e-05
1.03495e-06
1.76032e-07
4.96345e-07
3.41219e-06
8.83324e-08
0.0622466
0.0709254
0.00345117
1.19421e-05
8.74605e-06
1.11066e-06
1.0056e-07
4.75802e-07
3.18111e-06
6.97041e-08
0.0599411
0.0725774
0.00422032
9.49755e-06
5.98579e-06
1.1916e-06
5.84213e-08
4.60705e-07
2.96567e-06
5.50218e-08
0.0576765
0.074147
0.00515971
7.55333e-06
4.12311e-06
1.27828e-06
3.51591e-08
4.52756e-07
2.76483e-06
4.3463e-08
0.0554558
0.0756802
0.00630532
6.00709e-06
2.86785e-06
1.3712e-06
2.26573e-08
4.54522e-07
2.57759e-06
3.43872e-08
0.0532814
0.0772024
0.00770048
4.77737e-06
2.02374e-06
1.47084e-06
1.63781e-08
4.69853e-07
2.40302e-06
2.73038e-08
0.0511557
0.0787272
0.00939689
3.79938e-06
1.45806e-06
1.5777e-06
1.38082e-08
5.04483e-07
2.24028e-06
2.18514e-08
0.0490806
0.0802622
0.0114558
3.02159e-06
1.08104e-06
1.69231e-06
1.35866e-08
5.66937e-07
2.08856e-06
1.77911e-08
0.047058
0.0818113
0.0139491
2.40302e-06
8.31983e-07
1.81525e-06
1.5016e-08
6.6986e-07
1.94712e-06
0.0450891
0.0833768
0.0169606
1.91108e-06
0.0431752
0.0849596
0.0205859
1.51985e-06
0.0413169
0.0865602
0.0249334
1.20871e-06
0.0395148
0.0881789
0.0301222
9.61262e-07
0.0377685
0.0898155
0.0362803
7.64473e-07
0.036076
0.0914699
0.0435391
6.0797e-07
0.034431
0.0931419
0.0520266
4.83507e-07
0.0328142
0.0948313
0.0618563
3.84524e-07
0.0311689
0.0965376
0.073113
3.05822e-07
0.0293263
0.0982606
0.0858361
2.43861e-07
0.0267841
0.1
0.1
2.16754e-07
0.0247524
0.0171594
0.0227883
0.0112966
0.0209044
0.00783798
0.0191109
0.00593293
0.0174153
0.00506238
0.0158226
0.0049219
0.0143357
0.00534716
0.0129551
0.00626795
0.0116798
0.00768086
0.0105073
0.00963409
0.00943375
0.0122202
0.00845471
0.0155737
0.00756496
0.0198719
0.00675888
0.0253364
0.0060307
0.0322347
0.00537454
0.0408787
0.00478466
0.0516172
0.00425542
0.0648193
0.00378194
0.0808453
0.00334788
0.1
0.00283685
0.00240118
0.00203052
0.00171571
0.00144873
0.0012226
0.00103126
0.000869521
0.000732893
0.000617554
0.000520239
0.000438168
0.00036898
0.000310672
0.000261545
0.000220171
0.000185278
0.000156178
0.000130085
0.000117107
END_LIST
