BEGIN_LIST
0
5.93028e-05
0.000118569
0.000177797
0.000236988
0.000296142
0.000355257
0.000414334
0.000473373
0.000532373
0.000591336
0.000650263
0.00070916
0.000768042
0.00082695
0.000885987
0.000945409
0.00100587
0.00106903
0.00113905
0.00122648
0.00147004
0.00127191
0.00170809
0.00131732
0.00193891
0.00136271
0.00216027
0.00140808
0.00236939
0.00145343
0.00256284
0.00149875
0.00273657
0.00154406
0.00288597
0.00158935
0.00300606
0.00163461
0.0030919
0.00167986
0.00313904
0.00172508
0.00314422
0.00177028
0.00310614
0.00181546
0.00302623
0.00186063
0.00290941
0.00190577
0.00276488
0.00195089
0.00260726
0.00199599
0.0024584
0.00204128
0.00235069
0.00209547
0.00233219
0.00253986
0.00227176
0.00225694
0.00261168
0.00287769
0.00265971
0.00220184
0.00222599
0.00281237
0.00315858
0.00277684
0.00212298
0.00222231
0.00295833
0.00338268
0.00289041
0.00203599
0.00223493
0.00306246
0.00355121
0.00299935
0.00194191
0.00225683
0.00313195
0.00366637
0.00310229
0.00184198
0.00228347
0.00317125
0.00373131
0.00319752
0.00173757
0.00231192
0.00318357
0.00374995
0.00328292
0.00163015
0.00234027
0.00317165
0.00372688
0.00335595
0.00152121
0.00236727
0.00313809
0.00366711
0.00341359
0.00141222
0.00239209
0.00308542
0.00357589
0.00345239
0.00130453
0.00241418
0.00301609
0.00345849
0.00346843
0.00119934
0.00243318
0.00293247
0.00332001
0.00345739
0.00109772
0.00244887
0.00283672
0.00316517
0.00341434
0.00100051
0.00246109
0.00273083
0.00299809
0.00333335
0.000908354
0.00246977
0.00261653
0.00282191
0.00320626
0.000821727
0.00247487
0.00249533
0.00263833
0.00301999
0.000740911
0.0024764
0.00236852
0.00244651
0.00275084
0.00066603
0.00247439
0.00223716
0.00224102
0.00235296
0.000597234
0.0024689
0.00210215
0.00200762
0.00173486
0.000502879
0.00246
0.00196419
0.00171456
0.000707527
0.0004235
0.000455384
0.00225766
0.00298942
0.00185402
0.00187044
0.00167548
0.00133483
0.000650788
0.000189203
0.000355043
0.000411797
0.00193518
0.00317606
0.00141441
0.0017758
0.00163459
0.00100132
0.000595698
5.13584e-05
0.000296511
0.000371908
0.00154337
0.00320281
0.00110618
0.00168039
0.00159186
0.00072884
0.000542767
1.52215e-05
0.000246828
0.000335494
0.00115045
0.00315546
0.000898611
0.00158431
0.00154726
0.000518363
0.000492409
5.93684e-06
0.000204912
0.000302328
0.000810391
0.00307358
0.00076639
0.00148764
0.00150075
0.000362424
0.000444931
3.73432e-06
0.000169729
0.000272183
0.000546796
0.00297533
0.000689811
0.00139047
0.00145228
0.000250317
0.000400539
3.41936e-06
0.000140322
0.000244834
0.000357868
0.00286905
0.000654187
0.00129285
0.00140181
0.000171411
0.000359349
3.63146e-06
0.000115828
0.000220062
0.000229462
0.00275862
0.000648919
0.00119484
0.0013493
0.000116685
0.000321394
4.01736e-06
9.54849e-05
0.000197658
0.000145172
0.00264587
0.000666532
0.0010965
0.00129469
7.9109e-05
0.000286637
4.4886e-06
7.86303e-05
0.000177424
9.10583e-05
0.00253169
0.00070183
0.00099785
0.00123793
5.34851e-05
0.000254988
5.02674e-06
6.46933e-05
0.00015917
5.6802e-05
0.00241655
0.000751228
0.000898934
0.00117896
3.60928e-05
0.000226315
5.63226e-06
5.31873e-05
0.000142721
3.53073e-05
0.0023007
0.000812247
0.000799777
0.00111771
2.43248e-05
0.000200454
6.31125e-06
4.37008e-05
0.000127912
2.18953e-05
0.0021843
0.000883133
0.000700401
0.00105412
1.63792e-05
0.000177224
7.07196e-06
3.58873e-05
0.000114593
1.35566e-05
0.00206743
0.00096259
0.000600829
0.000988124
1.10223e-05
0.00015643
7.92402e-06
2.94553e-05
0.000102622
8.38428e-06
0.00195017
0.00104958
0.000501076
0.000919636
7.41417e-06
0.000137877
8.87827e-06
2.41571e-05
9.187e-05
5.1812e-06
0.00183258
0.00114316
0.000401154
0.000848581
4.98567e-06
0.000121369
9.94689e-06
1.97711e-05
8.22206e-05
3.20002e-06
0.00171469
0.00124242
0.000301078
0.000774878
3.35208e-06
0.000106716
1.11435e-05
1.60616e-05
7.35684e-05
1.97632e-06
0.00159653
0.00134634
0.000200855
0.000698437
2.25543e-06
9.37414e-05
1.24832e-05
1.26612e-05
6.58257e-05
1.22334e-06
0.00147813
0.00145378
0.000100493
0.000619168
1.5383e-06
8.23858e-05
1.3983e-05
8.69619e-06
5.89433e-05
7.68352e-07
0.00135951
0.00156344
0
0.000536972
1.26101e-06
7.71198e-05
1.56619e-05
4.93954e-06
8.40198e-06
5.51953e-05
6.1151e-07
0.001414
0.00130821
0.00173077
0.000448646
0.000367322
1.67556e-05
2.80914e-06
8.18038e-06
5.16821e-05
4.8674e-07
0.00146845
0.00124913
0.00189418
0.000371845
0.000251562
1.79157e-05
1.60215e-06
8.05593e-06
4.83894e-05
3.87565e-07
0.00152285
0.00118566
0.00204672
0.000306084
0.000172661
1.91509e-05
9.196e-07
8.06504e-06
4.53038e-05
3.08872e-07
0.00157722
0.0011197
0.00218111
0.000250501
0.000118939
2.04685e-05
5.35193e-07
8.26159e-06
4.24125e-05
2.46667e-07
0.00163155
0.00105227
0.00229024
0.000204026
8.24007e-05
2.1875e-05
3.20645e-07
8.72511e-06
3.97035e-05
1.97904e-07
0.00168583
0.000983961
0.00236782
0.000165514
5.75823e-05
2.33769e-05
2.03359e-07
9.57273e-06
3.71657e-05
1.60404e-07
0.00174007
0.000915087
0.00240891
0.000133834
4.07557e-05
2.49808e-05
1.42382e-07
1.09769e-05
3.47884e-05
1.32857e-07
0.00179426
0.000845828
0.00241032
0.00010793
2.93779e-05
2.66936e-05
1.14768e-07
1.31912e-05
3.25616e-05
1.14977e-07
0.00184841
0.000776285
0.00237078
8.68516e-05
2.17157e-05
2.85228e-05
1.07871e-07
1.65882e-05
3.0476e-05
0.00190251
0.000706514
0.00229082
6.97677e-05
0.00195655
0.000636549
0.00217254
5.59654e-05
0.00201054
0.000566411
0.00201918
4.48427e-05
0.00206444
0.00049611
0.00183468
3.58978e-05
0.0021182
0.000425657
0.0016233
2.87161e-05
0.00217165
0.000355057
0.00138922
2.29577e-05
0.00222433
0.000284315
0.00113637
1.83454e-05
0.00227496
0.000213434
0.000868259
1.46542e-05
0.00231989
0.00014242
0.000587893
1.17029e-05
0.00234896
7.12739e-05
0.000297789
9.36798e-06
0.00233355
0
0
8.34394e-06
0.00235956
0.00199229
0.00238557
0.00167966
0.00241157
0.001421
0.00243756
0.00122773
0.00246355
0.00109954
0.00248953
0.00102879
0.0025155
0.0010045
0.00254146
0.00101467
0.00256742
0.0010472
0.00259337
0.00109001
0.00261931
0.00113106
0.00264524
0.0011586
0.00267117
0.00116166
0.00269709
0.00113077
0.002723
0.00105867
0.0027489
0.000940668
0.0027748
0.000774706
0.00280069
0.000561051
0.00282657
0.000301743
0.00285245
0
0.00288832
0.00292417
0.00296002
0.00299584
0.00303166
0.00306746
0.00310324
0.00313901
0.00317477
0.00321051
0.00324624
0.00328196
0.00331766
0.00335334
0.00338902
0.00342465
0.00346043
0.00349543
0.003534
0.00355556
END_LIST
