BEGIN_LIST
0
7.43195e-177
2.66987e-176
7.72064e-176
2.10227e-175
5.6132e-175
1.48906e-174
3.94227e-174
1.04323e-173
2.76059e-173
7.30558e-173
1.93341e-172
5.11642e-172
1.3538e-171
3.58139e-171
9.47186e-171
2.50423e-170
6.61837e-170
1.74846e-169
4.61704e-169
6.50329e-169
1.87928e-168
6.40758e-169
4.13181e-168
6.31851e-169
8.02788e-168
6.23608e-169
1.45418e-167
6.16034e-169
2.52053e-167
6.09131e-169
4.2435e-167
6.02903e-169
7.00709e-167
5.97356e-169
1.14276e-166
5.92595e-169
1.85077e-166
5.92923e-169
2.99067e-166
7.81299e-169
4.84241e-166
8.94501e-168
7.8885e-166
3.56567e-166
1.29794e-165
1.51538e-164
2.16479e-165
6.44946e-163
3.67162e-165
2.74528e-161
6.34846e-165
1.16851e-159
1.12074e-164
4.97383e-158
2.02046e-164
2.11696e-156
3.71351e-164
9.0105e-155
6.92694e-164
3.83529e-153
7.03308e-164
9.33329e-164
3.96737e-164
8.92989e-153
4.10075e-153
7.10615e-164
1.08052e-163
2.2968e-164
1.68931e-152
4.38074e-153
7.1435e-164
1.16731e-163
1.34252e-164
2.87867e-152
4.67458e-153
7.1433e-164
1.21481e-163
7.9151e-165
4.59408e-152
4.98095e-153
7.10465e-164
1.23653e-163
4.70233e-165
7.00027e-152
5.29773e-153
7.02771e-164
1.24114e-163
2.81244e-165
1.02997e-151
5.62172e-153
6.91363e-164
1.23424e-163
1.69192e-165
1.47409e-151
5.94838e-153
6.76461e-164
1.21944e-163
1.02289e-165
2.06294e-151
6.27158e-153
6.58369e-164
1.19915e-163
6.21017e-166
2.8344e-151
6.58332e-153
6.37459e-164
1.17494e-163
3.78357e-166
3.83606e-151
6.87344e-153
6.14159e-164
1.14789e-163
2.31184e-166
5.12874e-151
7.12944e-153
5.88921e-164
1.11876e-163
1.41594e-166
6.79183e-151
7.33613e-153
5.62209e-164
1.08809e-163
8.68902e-167
8.93153e-151
7.47507e-153
5.34473e-164
1.05628e-163
5.34028e-167
1.16935e-150
7.52321e-153
5.0614e-164
1.02365e-163
3.28614e-167
1.52826e-150
7.44971e-153
4.776e-164
9.90456e-164
2.02399e-167
1.99947e-150
7.20903e-153
4.49196e-164
9.5691e-164
1.24744e-167
2.6267e-150
6.72668e-153
4.21343e-164
9.23196e-164
7.69159e-168
3.47609e-150
5.87081e-153
3.82383e-164
8.89476e-164
4.74343e-168
4.65006e-150
4.39553e-153
1.49604e-163
8.55891e-164
2.92505e-168
6.31144e-150
1.81838e-153
7.82965e-163
1.38272e-163
8.72441e-164
4.02025e-164
1.27863e-163
2.12813e-168
6.70959e-150
5.17788e-150
1.69229e-153
4.89958e-154
2.74612e-162
1.27623e-163
8.21638e-164
1.8932e-164
1.57497e-163
1.54754e-168
7.07515e-150
4.08424e-150
1.56734e-153
1.30922e-154
8.96268e-162
1.17648e-163
7.14608e-164
8.92395e-165
1.7832e-163
1.12454e-168
7.40435e-150
3.12074e-150
1.44499e-153
3.49021e-155
2.88219e-161
1.0833e-163
5.80675e-164
4.2087e-165
1.93418e-163
8.16386e-169
7.69356e-150
2.32708e-150
1.32647e-153
9.29868e-156
9.25646e-161
9.96502e-164
4.54986e-164
1.9856e-165
2.05058e-163
5.91928e-169
7.9393e-150
1.70439e-150
1.21281e-153
2.477e-156
2.97818e-160
9.15822e-164
3.74163e-164
9.37008e-166
2.14776e-163
4.28474e-169
8.13826e-150
1.23241e-150
1.10481e-153
6.59807e-157
9.60385e-160
8.40988e-164
3.99386e-164
4.4226e-166
2.23541e-163
3.09488e-169
8.28734e-150
8.83182e-151
1.00302e-153
1.75755e-157
3.10346e-159
7.71704e-164
7.02758e-164
2.08767e-166
2.31914e-163
2.22916e-169
8.38367e-150
6.29015e-151
9.07795e-154
4.68166e-158
1.00467e-158
7.07664e-164
1.84056e-163
9.85503e-167
2.40182e-163
1.59971e-169
8.42467e-150
4.46112e-151
8.19319e-154
1.24709e-158
3.2572e-158
6.48558e-164
5.63589e-163
4.65161e-167
2.48454e-163
1.14244e-169
8.40803e-150
3.15492e-151
7.37603e-154
3.32201e-159
1.0573e-157
5.9408e-164
1.80682e-162
2.1948e-167
2.56723e-163
8.10656e-170
8.33176e-150
2.22689e-151
6.62536e-154
8.84936e-160
3.43548e-157
5.43925e-164
5.87693e-162
1.03476e-167
2.64911e-163
5.70279e-170
8.19424e-150
1.56982e-151
5.93907e-154
2.35741e-160
1.11722e-156
4.97798e-164
1.92267e-161
4.87036e-168
2.72892e-163
3.96468e-170
7.9942e-150
1.10567e-151
5.31428e-154
6.28041e-161
3.63568e-156
4.55416e-164
6.30839e-161
2.28475e-168
2.80511e-163
2.71114e-170
7.73076e-150
7.78301e-152
4.74764e-154
1.6735e-161
1.18379e-155
4.16506e-164
2.07319e-160
1.06471e-168
2.87592e-163
1.81008e-170
7.40347e-150
5.4765e-152
4.23542e-154
4.46271e-162
3.85621e-155
3.80812e-164
6.8199e-160
4.89588e-169
2.93946e-163
1.1652e-170
7.01229e-150
3.85256e-152
3.77375e-154
1.19372e-162
1.25663e-154
3.48091e-164
2.24476e-159
2.18993e-169
2.99375e-163
7.0633e-171
6.55764e-150
2.70988e-152
3.35872e-154
3.23281e-163
4.09627e-154
3.18123e-164
7.39114e-159
9.2163e-170
3.03681e-163
3.82326e-171
6.04039e-150
1.90776e-152
2.98653e-154
9.18822e-164
1.33562e-153
2.90724e-164
2.43413e-158
3.31672e-170
3.06669e-163
1.55924e-171
5.46189e-150
1.36092e-152
2.65679e-154
3.07813e-164
4.3559e-153
2.65814e-164
8.01736e-158
6.14249e-171
3.08157e-163
0
4.82396e-150
1.14435e-152
2.50289e-154
1.51048e-164
2.52811e-153
6.57348e-153
2.52053e-164
1.39584e-157
6.3692e-171
3.57298e-171
3.07146e-163
4.11084e-150
3.44082e-150
1.25373e-164
1.4672e-153
9.68295e-153
2.38993e-164
2.41689e-157
6.60426e-171
2.07835e-171
3.01821e-163
3.47448e-150
2.45288e-150
1.15737e-164
8.51463e-154
1.40449e-152
2.26599e-164
4.17419e-157
6.848e-171
1.20893e-171
2.91953e-163
2.91613e-150
1.74788e-150
1.14063e-164
4.94123e-154
2.01654e-152
2.14839e-164
7.20058e-157
7.10076e-171
7.03179e-172
2.77586e-163
2.4331e-150
1.24512e-150
1.16428e-164
2.86748e-154
2.87554e-152
2.03682e-164
1.24143e-156
7.36298e-171
4.08981e-172
2.59062e-163
2.02013e-150
8.86748e-151
1.20933e-164
1.66404e-154
4.08131e-152
1.93098e-164
2.13973e-156
7.63528e-171
2.37839e-172
2.37024e-163
1.67045e-150
6.31366e-151
1.26662e-164
9.65659e-155
5.77397e-152
1.83059e-164
3.68761e-156
7.91879e-171
1.38281e-172
2.12358e-163
1.37671e-150
4.49415e-151
1.33181e-164
5.60382e-155
8.1503e-152
1.7354e-164
6.35487e-156
8.21603e-171
8.03667e-173
1.86114e-163
1.13155e-150
3.19798e-151
1.40288e-164
3.25194e-155
1.14866e-151
1.64518e-164
1.09511e-155
8.53335e-171
4.66773e-173
1.59391e-163
9.28003e-151
2.27469e-151
1.47896e-164
1.88712e-155
1.61706e-151
1.55973e-164
8.88766e-171
2.7081e-173
1.33237e-163
7.59717e-151
9.32508e-171
1.56835e-173
1.08553e-163
6.21059e-151
9.9725e-171
9.05574e-174
8.60328e-164
5.07123e-151
1.11803e-170
5.20284e-174
6.61393e-164
4.13708e-151
1.3917e-170
2.96421e-174
4.91051e-164
3.37251e-151
2.0862e-170
1.66465e-174
3.49618e-164
2.74762e-151
3.94273e-170
9.1132e-175
2.35806e-164
2.23745e-151
9.01208e-170
4.75677e-175
1.47186e-164
1.82133e-151
2.29683e-169
2.24759e-175
8.06362e-165
1.48225e-151
6.15115e-169
8.1202e-176
3.27216e-165
1.20899e-151
1.68083e-168
0
0
1.08792e-151
1.71397e-168
9.54238e-168
1.74777e-168
1.52848e-167
1.78223e-168
1.92088e-167
1.81737e-168
2.17596e-167
1.8532e-168
2.33743e-167
1.88974e-168
2.43808e-167
1.927e-168
2.49694e-167
1.965e-168
2.52103e-167
2.00374e-168
2.50901e-167
2.04325e-168
2.45506e-167
2.08353e-168
2.35249e-167
2.12461e-168
2.19678e-167
2.16651e-168
1.98795e-167
2.20922e-168
1.73165e-167
2.25278e-168
1.43911e-167
2.2972e-168
1.12577e-167
2.34249e-168
8.09149e-168
2.38868e-168
5.0656e-168
2.43579e-168
2.33043e-168
2.48358e-168
0
2.55174e-168
2.62178e-168
2.69373e-168
2.76766e-168
2.84362e-168
2.92166e-168
3.00185e-168
3.08423e-168
3.16888e-168
3.25585e-168
3.34521e-168
3.43702e-168
3.53135e-168
3.62827e-168
3.72787e-168
3.83008e-168
3.93566e-168
4.04154e-168
4.16231e-168
4.23106e-168
END_LIST
