BEGIN_LIST
0
7.53308e-139
2.60893e-138
7.13722e-138
1.8144e-137
4.48534e-137
1.09618e-136
2.66607e-136
6.47101e-136
1.56922e-135
3.80385e-135
9.21915e-135
2.23417e-134
5.41405e-134
1.31193e-133
3.17902e-133
7.70298e-133
1.86644e-132
4.52231e-132
1.0957e-131
2.6678e-131
1.18492e-130
2.74725e-131
2.80293e-130
2.82905e-131
5.54795e-130
2.91327e-131
1.00908e-129
2.99997e-131
1.74857e-129
3.08924e-131
2.93958e-129
3.18114e-131
4.84631e-129
3.27575e-131
7.89278e-129
3.37316e-131
1.2769e-128
3.4735e-131
2.06166e-128
3.57901e-131
3.3362e-128
3.78126e-131
5.43253e-128
7.97512e-131
8.93586e-128
1.81948e-129
1.49009e-127
7.58179e-128
2.52698e-127
3.2256e-126
4.36896e-127
1.37294e-124
7.71247e-127
5.84397e-123
1.39036e-126
2.4873e-121
2.55537e-126
1.05868e-119
4.76659e-126
4.50623e-118
4.83963e-126
6.42244e-126
2.73005e-126
1.0492e-117
4.81816e-118
4.88992e-126
7.43532e-126
1.58049e-126
1.98481e-117
5.14715e-118
4.91562e-126
8.03252e-126
9.23823e-127
3.38215e-117
5.49242e-118
4.91549e-126
8.35937e-126
5.4466e-127
5.39748e-117
5.85243e-118
4.8889e-126
8.50882e-126
3.23581e-127
8.22424e-117
6.22466e-118
4.83595e-126
8.54054e-126
1.93533e-127
1.21002e-116
6.60537e-118
4.75746e-126
8.49301e-126
1.16426e-127
1.73172e-116
6.98922e-118
4.65492e-126
8.39121e-126
7.03885e-128
2.42337e-116
7.36901e-118
4.53042e-126
8.25155e-126
4.27343e-128
3.32944e-116
7.73533e-118
4.38654e-126
8.08495e-126
2.6036e-128
4.50576e-116
8.07626e-118
4.22621e-126
7.89883e-126
1.59086e-128
6.02369e-116
8.3771e-118
4.05254e-126
7.69837e-126
9.74361e-129
7.97636e-116
8.62e-118
3.86873e-126
7.4873e-126
5.97924e-129
1.04883e-115
8.7833e-118
3.67787e-126
7.26841e-126
3.67485e-129
1.37302e-115
8.83989e-118
3.48291e-126
7.04388e-126
2.26132e-129
1.79425e-115
8.75356e-118
3.28652e-126
6.81545e-126
1.39279e-129
2.34719e-115
8.47078e-118
3.09107e-126
6.58461e-126
8.58414e-130
3.0831e-115
7.90403e-118
2.89859e-126
6.35261e-126
5.29291e-130
4.07953e-115
6.89838e-118
2.71139e-126
6.12057e-126
3.26416e-130
5.45658e-115
5.1649e-118
2.3984e-126
5.88946e-126
2.01286e-130
7.4052e-115
2.13666e-118
2.14467e-126
2.23282e-126
6.00026e-126
2.76638e-126
8.79873e-126
1.46446e-130
7.87221e-115
6.07515e-115
1.9885e-118
5.75719e-119
2.08388e-126
2.07575e-126
5.64421e-126
1.30273e-126
1.08381e-125
1.06493e-130
8.30097e-115
4.79197e-115
1.84169e-118
1.53838e-119
2.55727e-126
1.92728e-126
4.89339e-126
6.14068e-127
1.22712e-125
7.73846e-131
8.68708e-115
3.66149e-115
1.69792e-118
4.10114e-120
4.66366e-126
1.78736e-126
3.93676e-126
2.89606e-127
1.33102e-125
5.61792e-131
9.02628e-115
2.73029e-115
1.55866e-118
1.09264e-120
1.19471e-125
1.65589e-126
2.97787e-126
1.36632e-127
1.41113e-125
4.07333e-131
9.31448e-115
1.99969e-115
1.42511e-118
2.91059e-121
3.58553e-125
1.53265e-126
2.15084e-126
6.44771e-128
1.47801e-125
2.94853e-131
9.5478e-115
1.44593e-115
1.2982e-118
7.75306e-122
1.13426e-124
1.41739e-126
1.50505e-126
3.04327e-128
1.53833e-125
2.12973e-131
9.72261e-115
1.03619e-115
1.17859e-118
2.06521e-122
3.64668e-124
1.30981e-126
1.03454e-126
1.43657e-128
1.59595e-125
1.53399e-131
9.83554e-115
7.37986e-116
1.0667e-118
5.50127e-123
1.17894e-123
1.20957e-126
7.13897e-127
6.78144e-129
1.65285e-125
1.10084e-131
9.88356e-115
5.23393e-116
9.62741e-119
1.46547e-123
3.82089e-123
1.11632e-126
5.29041e-127
3.20087e-129
1.70977e-125
7.86169e-132
9.86396e-115
3.70143e-116
8.66722e-119
3.90432e-124
1.24016e-122
1.02971e-126
5.19789e-127
1.51029e-129
1.76668e-125
5.57852e-132
9.77443e-115
2.61263e-116
7.78516e-119
1.04069e-124
4.02959e-122
9.4935e-127
8.93311e-127
7.1204e-130
1.82302e-125
3.92437e-132
9.61304e-115
1.84173e-116
6.97873e-119
2.77927e-125
1.31042e-121
8.74884e-127
2.38985e-126
3.35141e-130
1.87795e-125
2.72829e-132
9.37831e-115
1.29717e-116
6.24459e-119
7.4796e-126
4.2644e-121
8.05946e-127
7.48751e-126
1.57219e-130
1.93038e-125
1.86567e-132
9.06922e-115
9.131e-117
5.57875e-119
2.07504e-126
1.3885e-120
7.42185e-127
2.43729e-125
7.32655e-131
1.97911e-125
1.2456e-132
8.68522e-115
6.42498e-117
4.97688e-119
6.42594e-127
4.52308e-120
6.83258e-127
8.00225e-125
3.36899e-131
2.02283e-125
8.01829e-133
8.22628e-115
4.51975e-117
4.4344e-119
2.68946e-127
1.47395e-119
6.28843e-127
2.63293e-124
1.50695e-131
2.06019e-125
4.86061e-133
7.69289e-115
3.17917e-117
3.94671e-119
1.78069e-127
4.80469e-119
5.7864e-127
8.66864e-124
6.342e-132
2.08983e-125
2.63097e-133
7.08607e-115
2.23813e-117
3.50937e-119
1.6329e-127
1.56661e-118
5.32404e-127
2.85484e-123
2.28233e-132
2.11039e-125
1.07299e-133
6.40741e-115
1.59657e-117
3.1219e-119
1.69616e-127
5.10925e-118
4.90045e-127
9.40311e-123
4.22684e-133
2.12063e-125
0
5.65902e-115
1.3425e-117
2.94107e-119
1.82469e-127
2.96534e-118
7.71038e-118
4.66531e-127
1.63711e-122
4.38286e-133
2.45868e-133
2.11367e-125
4.82244e-115
4.03641e-115
1.9149e-127
1.72093e-118
1.13577e-117
4.44121e-127
2.83466e-122
4.54466e-133
1.43018e-133
2.07703e-125
4.07591e-115
2.87744e-115
2.01118e-127
9.98711e-119
1.64741e-117
4.22766e-127
4.89574e-122
4.71251e-133
8.31904e-134
2.00912e-125
3.4209e-115
2.0504e-115
2.11307e-127
5.79571e-119
2.36534e-117
4.02417e-127
8.44531e-122
4.8868e-133
4.83881e-134
1.91025e-125
2.85426e-115
1.46062e-115
2.22048e-127
3.36334e-119
3.37295e-117
3.83031e-127
1.45603e-121
5.0682e-133
2.81433e-134
1.78277e-125
2.36979e-115
1.04021e-115
2.33348e-127
1.95178e-119
4.78731e-117
3.64564e-127
2.50964e-121
5.25824e-133
1.63665e-134
1.63111e-125
1.95959e-115
7.40626e-116
2.45228e-127
1.13263e-119
6.77283e-117
3.46973e-127
4.32513e-121
5.4607e-133
9.51562e-135
1.46137e-125
1.615e-115
5.27184e-116
2.57711e-127
6.57277e-120
9.56031e-117
3.30219e-127
7.45354e-121
5.6856e-133
5.53031e-135
1.28077e-125
1.3274e-115
3.75134e-116
2.70825e-127
3.81421e-120
1.34739e-116
3.14263e-127
1.28444e-120
5.9603e-133
3.21203e-135
1.09687e-125
1.08862e-115
2.66828e-116
2.846e-127
2.2134e-120
1.89685e-116
2.99068e-127
6.35998e-133
1.86354e-135
9.16892e-126
8.91205e-116
7.09223e-133
1.07924e-135
7.47022e-126
7.28546e-116
8.73088e-133
6.23159e-136
5.92048e-126
5.9489e-116
1.28631e-132
3.58026e-136
4.55147e-126
4.85306e-116
2.38799e-132
2.03978e-136
3.37924e-126
3.95616e-116
5.39296e-132
1.14551e-136
2.40595e-126
3.22311e-116
1.36624e-131
6.27114e-137
1.62273e-126
2.62465e-116
3.64964e-131
3.27331e-137
1.01288e-126
2.13652e-116
9.96266e-131
1.54665e-137
5.5491e-127
1.73874e-116
2.74252e-130
5.58782e-138
2.25179e-127
1.41819e-116
7.57379e-130
0
0
1.27618e-116
7.72321e-130
4.322e-129
7.87557e-130
6.926e-129
8.03093e-130
8.70556e-129
8.18937e-130
9.86256e-129
8.35092e-130
1.05951e-128
8.51567e-130
1.10517e-128
8.68366e-130
1.13188e-128
8.85497e-130
1.14283e-128
9.02966e-130
1.1374e-128
9.20779e-130
1.11295e-128
9.38944e-130
1.06646e-128
9.57467e-130
9.95881e-129
9.76355e-130
9.01213e-129
9.95617e-130
7.85027e-129
1.01526e-129
6.52409e-129
1.03529e-129
5.10358e-129
1.05571e-129
3.66822e-129
1.07654e-129
2.29646e-129
1.09778e-129
1.05649e-129
1.11933e-129
0
1.15007e-129
1.18165e-129
1.21409e-129
1.24743e-129
1.28169e-129
1.31688e-129
1.35304e-129
1.3902e-129
1.42837e-129
1.46759e-129
1.50789e-129
1.5493e-129
1.59184e-129
1.63555e-129
1.68047e-129
1.72657e-129
1.77419e-129
1.82195e-129
1.87642e-129
1.90743e-129
END_LIST
