time,branch0,branch1,branch2,branch3,branch4,branch5,branch6,branch7,branch8,branch9,branch10,branch11,branch12,branch13,branch14,branch15,branch16,branch17,branch18,branch19,branch20,branch21,branch22,branch23,branch24,branch25,branch26,branch27,
0,0.0553118,0.000131901,9.25333e-05,8.25116e-07,0.000138998,5.54395e-06,4.25903e-08,0.000181476,0.00562898,0.0177009,0.000772517,0.0240554,0.000949221,0.0336246,0.000380976,0.00611056,0.0211988,0.0777392,1.23032e-06,1.38196e-05,8.88949e-07,2.6637e-06,0.00595327,0.0391401,0.0028291,2.98639e-07,1.12543e-06,8.7447e-06,
1,0.0570167,0.000151841,0.000104585,9.44413e-07,0.000152998,6.1794e-06,4.77069e-08,0.000197102,0.00607378,0.0186217,0.000829137,0.0245868,0.00103307,0.0352458,0.000424842,0.00665942,0.0216252,0.0787703,1.51287e-06,1.68562e-05,1.07802e-06,3.23363e-06,0.00650592,0.0402427,0.00302458,3.39349e-07,1.26689e-06,9.75891e-06,
2,0.0585143,0.000168348,0.000115874,1.04626e-06,0.00016189,6.54369e-06,5.04776e-08,0.000207654,0.0064491,0.0192693,0.000860116,0.024954,0.00108854,0.0363548,0.000462248,0.00710407,0.021912,0.0793397,1.68485e-06,1.87627e-05,1.19115e-06,3.59792e-06,0.00703565,0.0412095,0.00318154,3.65519e-07,1.34236e-06,1.03349e-05,
3,0.0600121,0.000186819,0.000128603,1.16067e-06,0.000171184,6.92102e-06,5.33291e-08,0.000218725,0.00684281,0.0199341,0.000891843,0.0253243,0.00114665,0.0374808,0.000503563,0.00758039,0.0222029,0.0798982,1.86915e-06,2.08215e-05,1.31182e-06,3.99298e-06,0.00761114,0.0421905,0.00334633,3.93564e-07,1.4198e-06,1.09308e-05,
4,0.061508,0.000207735,0.000143024,1.29025e-06,0.000181042,7.32133e-06,5.63548e-08,0.000230455,0.0072562,0.0206193,0.00092493,0.0256991,0.00120822,0.0386281,0.000549465,0.00809273,0.0224993,0.0804479,2.07734e-06,2.31489e-05,1.44738e-06,4.43972e-06,0.00823682,0.0431861,0.00351985,4.24365e-07,1.50193e-06,1.15629e-05,
5,0.0629988,0.000231477,0.000159398,1.43736e-06,0.000191499,7.74617e-06,5.95681e-08,0.000242889,0.00768952,0.0213254,0.000959451,0.0260785,0.00127347,0.0397958,0.000600555,0.00864387,0.0228013,0.0809886,2.31356e-06,2.57903e-05,1.60035e-06,4.9468e-06,0.00891694,0.0441959,0.00370252,4.58288e-07,1.58909e-06,1.22339e-05,
6,0.0644813,0.000258487,0.000178031,1.60476e-06,0.000202591,8.19701e-06,6.29807e-08,0.000256069,0.00814295,0.0220527,0.000995477,0.0264624,0.00134263,0.040983,0.000657514,0.00923671,0.0231089,0.0815202,2.58221e-06,2.87949e-05,1.7734e-06,5.52365e-06,0.00965603,0.0452193,0.00389481,4.95739e-07,1.68159e-06,1.29458e-05,
7,0.0659524,0.000289282,0.000199282,1.79567e-06,0.000214353,8.67535e-06,6.66053e-08,0.000270041,0.00861655,0.0228015,0.00103308,0.0268508,0.00141593,0.0421886,0.000721126,0.00987433,0.0234222,0.0820425,2.8884e-06,3.22203e-05,1.96963e-06,6.18135e-06,0.0104588,0.0462557,0.00409718,5.37188e-07,1.77973e-06,1.37012e-05,
8,0.0674089,0.000324468,0.000223572,2.0139e-06,0.000226823,9.1828e-06,7.04552e-08,0.000284856,0.00911027,0.0235719,0.00107234,0.0272438,0.00149363,0.0434112,0.000792288,0.01056,0.0237412,0.0825554,3.23816e-06,3.61338e-05,2.19266e-06,6.93285e-06,0.0113304,0.0473047,0.0043101,5.83178e-07,1.88385e-06,1.45025e-05,
9,0.0688478,0.000364757,0.000251395,2.26391e-06,0.000240042,9.72104e-06,7.45447e-08,0.000300565,0.00962395,0.0243642,0.00111333,0.0276414,0.001576,0.0446495,0.000872029,0.011297,0.024066,0.0830589,3.63855e-06,4.06148e-05,2.44675e-06,7.79338e-06,0.0122758,0.0483655,0.00453408,6.34345e-07,1.99429e-06,1.53524e-05,
10,0.0702658,0.000410984,0.000283334,2.55095e-06,0.000254051,1.02918e-05,7.88888e-08,0.000317223,0.0101573,0.0251786,0.00115614,0.0280435,0.00166331,0.0459021,0.000961532,0.0120889,0.0243965,0.0835528,4.09785e-06,4.57561e-05,2.73691e-06,8.78083e-06,0.0133006,0.0494374,0.00476963,6.91426e-07,2.11141e-06,1.62537e-05,
11,0.0716602,0.000464131,0.000320071,2.88122e-06,0.000268893,1.0897e-05,8.35036e-08,0.000334888,0.01071,0.0260153,0.00120086,0.0284502,0.00175588,0.0471674,0.00106215,0.0129392,0.0247328,0.084037,4.62582e-06,5.16669e-05,3.06898e-06,9.91619e-06,0.01441,0.0505197,0.00501726,7.55284e-07,2.23558e-06,1.72093e-05,
12,0.0730279,0.000525349,0.00036241,3.262e-06,0.000284616,1.15385e-05,8.84064e-08,0.00035362,0.0112814,0.0268742,0.00124758,0.0288615,0.001854,0.0484437,0.00117545,0.0138517,0.0250747,0.0845116,5.23389e-06,5.84757e-05,3.44984e-06,1.12242e-05,0.0156095,0.0516116,0.00527754,8.26924e-07,2.36722e-06,1.82223e-05,
13,0.0743665,0.000595989,0.000411296,3.70188e-06,0.000301267,1.22184e-05,9.36154e-08,0.000373485,0.0118709,0.0277555,0.00129639,0.0292773,0.00195802,0.0497293,0.00130321,0.0148298,0.0254221,0.0849763,5.93551e-06,6.63332e-05,3.88757e-06,1.27337e-05,0.0169045,0.0527121,0.00555099,9.07524e-07,2.50674e-06,1.92958e-05,
14,0.0756734,0.000677637,0.000467839,4.21098e-06,0.000318896,1.29388e-05,9.91502e-08,0.000394548,0.0124779,0.0286591,0.0013474,0.0296977,0.00206827,0.0510223,0.0014475,0.0158774,0.0257751,0.0854313,6.74644e-06,7.54159e-05,4.39162e-06,1.44789e-05,0.0183001,0.0538205,0.00583819,9.98463e-07,2.65458e-06,2.04334e-05,
15,0.0769462,0.000772146,0.00053334,4.8012e-06,0.000337556,1.37021e-05,1.05032e-07,0.000416883,0.0131015,0.0295851,0.0014007,0.0301227,0.00218512,0.0523208,0.00161066,0.0169978,0.0261334,0.0858764,7.68518e-06,8.59313e-05,4.97307e-06,1.64996e-05,0.0198012,0.0549356,0.00613972,1.10135e-06,2.81121e-06,2.16385e-05,
16,0.078183,0.000881685,0.000609324,5.48654e-06,0.000357304,1.45106e-05,1.11282e-07,0.000440561,0.0137408,0.0305332,0.00145641,0.0305522,0.00230896,0.0536227,0.00179538,0.0181944,0.026497,0.0863117,8.77333e-06,9.81215e-05,5.64487e-06,1.88424e-05,0.0214121,0.0560565,0.00645615,1.21807e-06,2.97713e-06,2.2915e-05,
17,0.0793818,0.00100878,0.000697575,6.28343e-06,0.000378197,1.53668e-05,1.17926e-07,0.000465663,0.0143948,0.0315034,0.00151464,0.0309862,0.00244016,0.054926,0.00200477,0.0194702,0.0268655,0.0867372,1.00362e-05,0.000112269,6.42213e-06,2.15618e-05,0.0231365,0.0571821,0.00678808,1.35084e-06,3.15285e-06,2.42668e-05,
18,0.0805411,0.00115636,0.00080017,7.21112e-06,0.000400299,1.62735e-05,1.24989e-07,0.000492268,0.0150626,0.0324953,0.00157551,0.0314248,0.00257916,0.0562287,0.00224233,0.0208278,0.0272389,0.0871528,1.1503e-05,0.000128704,7.32241e-06,2.47213e-05,0.0249773,0.0583114,0.00713611,1.5022e-06,3.33892e-06,2.56983e-05,
19,0.0816596,0.00132782,0.000919522,8.29209e-06,0.000423673,1.72334e-05,1.32498e-07,0.000520462,0.0157431,0.0335088,0.00163912,0.0318678,0.00272638,0.0575286,0.00251206,0.0222694,0.0276168,0.0875587,1.32079e-05,0.000147806,8.36606e-06,2.83942e-05,0.0269363,0.059443,0.00750083,1.67518e-06,3.53594e-06,2.72137e-05,
20,0.0827362,0.00152706,0.00105842,9.55252e-06,0.000448389,1.82496e-05,1.40484e-07,0.000550333,0.0164353,0.0345433,0.00170562,0.0323153,0.00288226,0.0588235,0.00281852,0.0237962,0.0279991,0.0879547,1.51901e-05,0.000170015,9.57652e-06,3.26653e-05,0.0290142,0.060576,0.00788285,1.87322e-06,3.74451e-06,2.8818e-05,
21,0.0837701,0.00175854,0.00122007,1.10228e-05,0.000474519,1.93253e-05,1.48978e-07,0.000581972,0.0171381,0.0355986,0.00177512,0.0327673,0.00304728,0.0601114,0.00316682,0.025409,0.0283853,0.0883411,1.74946e-05,0.000195835,1.09807e-05,3.76317e-05,0.0312102,0.0617089,0.00828277,2.10035e-06,3.9653e-06,3.05162e-05,
22,0.0847607,0.00202729,0.00140814,1.27378e-05,0.000502141,2.04639e-05,1.58014e-07,0.000615475,0.0178506,0.0366741,0.00184775,0.0332238,0.0032219,0.0613901,0.00356272,0.0271073,0.0287754,0.0887178,2.01726e-05,0.000225837,1.2609e-05,4.3404e-05,0.0335221,0.0628406,0.0087012,2.36119e-06,4.199e-06,3.23134e-05,
23,0.0857079,0.00233898,0.00162675,1.47377e-05,0.000531334,2.16689e-05,1.67631e-07,0.000650939,0.0185718,0.0377691,0.00192365,0.0336847,0.00340664,0.0626575,0.00401267,0.0288897,0.0291688,0.0890849,2.32816e-05,0.000260665,1.44958e-05,5.01065e-05,0.0359455,0.0639698,0.00913872,2.66101e-06,4.44634e-06,3.42155e-05,
24,0.0866116,0.00269985,0.00188055,1.7068e-05,0.000562184,2.29442e-05,1.77865e-07,0.000688466,0.0193007,0.0388831,0.00200296,0.0341499,0.00360199,0.0639116,0.00452378,0.0307534,0.0295654,0.0894425,2.68857e-05,0.000301034,1.66794e-05,5.78778e-05,0.0384745,0.0650951,0.00959592,3.0058e-06,4.70812e-06,3.62284e-05,
25,0.087472,0.0031167,0.00217462,1.97799e-05,0.00059478,2.42937e-05,1.88761e-07,0.00072816,0.0200366,0.0400152,0.00208581,0.0346195,0.00380847,0.0651505,0.0051039,0.0326942,0.0299647,0.0897907,3.10552e-05,0.000347729,1.92016e-05,6.68698e-05,0.0411008,0.0662153,0.0100734,3.40228e-06,4.98516e-06,3.83585e-05,
26,0.0882896,0.00359675,0.00251452,2.29301e-05,0.000629219,2.57219e-05,2.00361e-07,0.000770127,0.0207786,0.0411647,0.00217234,0.0350935,0.00402662,0.0663722,0.00576156,0.0347063,0.0303664,0.0901296,3.58656e-05,0.000401589,2.21071e-05,7.72457e-05,0.043814,0.067329,0.0105716,3.85788e-06,5.27834e-06,4.06125e-05,
27,0.0890649,0.00414746,0.0029061,2.65809e-05,0.000665599,2.72331e-05,2.12712e-07,0.000814475,0.021526,0.0423307,0.0022627,0.0355717,0.00425698,0.0675751,0.00650593,0.0367825,0.0307702,0.0904593,4.13961e-05,0.000463494,2.54431e-05,8.91771e-05,0.0466015,0.0684348,0.0110912,4.38076e-06,5.5886e-06,4.29975e-05,
28,0.0897987,0.00477626,0.00335541,3.0799e-05,0.000704025,2.88323e-05,2.25864e-07,0.000861315,0.0222781,0.0435121,0.00235703,0.0360542,0.00450009,0.0687573,0.0073467,0.0389138,0.0311757,0.0907799,4.77269e-05,0.000534334,2.92572e-05,0.000102838,0.0494482,0.0695314,0.0116327,4.97965e-06,5.91692e-06,4.55212e-05,
29,0.0904922,0.00549013,0.00386844,3.56543e-05,0.000744607,3.05245e-05,2.39864e-07,0.000910758,0.0230345,0.044708,0.00245547,0.0365409,0.00475651,0.0699173,0.00829399,0.0410899,0.0315825,0.0910915,5.49359e-05,0.000614969,3.35953e-05,0.000118397,0.052337,0.0706175,0.0121966,5.66369e-06,6.26435e-06,4.81914e-05,
30,0.0911463,0.00629509,0.00445082,4.12182e-05,0.000787461,3.2315e-05,2.54766e-07,0.000962917,0.0237945,0.0459171,0.00255815,0.0370318,0.00502678,0.0710537,0.0093581,0.0432989,0.0319903,0.0913943,6.30938e-05,0.000706173,3.8499e-05,0.000136008,0.0552487,0.0716918,0.0127832,6.44219e-06,6.632e-06,5.10167e-05,
31,0.0917622,0.00719559,0.00510742,4.75603e-05,0.000832707,3.42095e-05,2.70618e-07,0.0010179,0.0245578,0.0471382,0.00266523,0.0375268,0.00531145,0.0721651,0.0105493,0.0455276,0.0323989,0.0916884,7.2258e-05,0.000808569,4.40019e-05,0.000155797,0.0581623,0.0727529,0.0133931,7.32428e-06,7.02103e-06,5.40059e-05,
32,0.0923414,0.00819376,0.00584188,5.47457e-05,0.000880472,3.62141e-05,2.8747e-07,0.00107583,0.0253239,0.04837,0.00277683,0.0380259,0.00561107,0.0732505,0.0118774,0.0477624,0.0328078,0.0919739,8.24661e-05,0.000922549,5.01256e-05,0.000177847,0.0610555,0.0737997,0.0140266,8.31845e-06,7.43267e-06,5.71685e-05,
33,0.0928851,0.00928875,0.00665614,6.28307e-05,0.000930888,3.83349e-05,3.0537e-07,0.00113681,0.0260927,0.0496112,0.00289308,0.038529,0.00592617,0.0743088,0.0133515,0.0499886,0.0332167,0.092251,9.37283e-05,0.0010482,5.68751e-05,0.000202182,0.063905,0.0748308,0.0146841,9.43208e-06,7.86824e-06,6.05144e-05,
34,0.0933949,0.010476,0.00754994,7.18589e-05,0.000984092,4.05787e-05,3.24363e-07,0.00120095,0.0268637,0.0508602,0.00301413,0.0390361,0.00625726,0.0753391,0.0149796,0.052192,0.0336254,0.0925198,0.000106021,0.00118522,6.42351e-05,0.000228754,0.0666875,0.0758451,0.0153659,1.06709e-05,8.32909e-06,6.40541e-05,
35,0.0938722,0.011747,0.00852044,8.18575e-05,0.00104023,4.29524e-05,3.44488e-07,0.00126835,0.0276369,0.0521156,0.00314008,0.0395471,0.00660485,0.0763406,0.016768,0.0543584,0.0340336,0.0927806,0.000119282,0.00133286,7.21668e-05,0.000257432,0.0693802,0.0768415,0.0160723,1.20386e-05,8.81668e-06,6.77985e-05,
36,0.0943185,0.0130887,0.00956201,9.28348e-05,0.00109944,4.54635e-05,3.65782e-07,0.00133912,0.028412,0.0533758,0.00327104,0.0400619,0.0069694,0.0773129,0.018721,0.0564748,0.0344411,0.0930334,0.000133406,0.00148991,8.06067e-05,0.000287995,0.0719619,0.0778188,0.0168034,1.35362e-05,9.33252e-06,7.17593e-05,
37,0.0947354,0.0144843,0.0106663,0.000104779,0.00116189,4.81195e-05,3.88278e-07,0.00141335,0.029189,0.0546391,0.00340714,0.0405806,0.00735136,0.0782554,0.0208405,0.0585294,0.0348476,0.0932784,0.00014825,0.00165473,8.94677e-05,0.000320137,0.0744137,0.0787761,0.0175594,1.51623e-05,9.87822e-06,7.59486e-05,
38,0.0951243,0.0159141,0.0118226,0.000117659,0.00122774,5.09287e-05,4.12005e-07,0.00149114,0.0299677,0.0559038,0.00354845,0.0411029,0.00775113,0.0791679,0.0231256,0.0605122,0.0352529,0.0935158,0.000163638,0.00182528,9.86426e-05,0.000353482,0.0767202,0.0797123,0.0183403,1.69132e-05,1.04555e-05,8.03792e-05,
39,0.0954867,0.0173562,0.0130183,0.00013143,0.00129715,5.38996e-05,4.36993e-07,0.00157257,0.0307481,0.0571682,0.00369507,0.041629,0.00816907,0.0800502,0.0255723,0.062415,0.0356569,0.0937457,0.000179368,0.00199929,0.000108011,0.000387602,0.0788698,0.0806267,0.0191463,1.87829e-05,1.1066e-05,8.50647e-05,
40,0.0958242,0.0187885,0.0142404,0.000146036,0.00137029,5.70411e-05,4.63269e-07,0.00165772,0.0315302,0.0584305,0.00384706,0.0421586,0.00860551,0.0809022,0.0281734,0.0642318,0.0360593,0.0939683,0.000195235,0.00217441,0.000117449,0.000422055,0.0808553,0.0815184,0.0199773,2.07645e-05,1.17118e-05,9.00191e-05,
41,0.0961381,0.0201903,0.0154755,0.00016142,0.00144735,6.03628e-05,4.90869e-07,0.00174665,0.032314,0.0596889,0.00400448,0.0426917,0.0090607,0.0817241,0.0309183,0.0659588,0.0364601,0.0941838,0.000211036,0.00234835,0.000126835,0.000456411,0.0826738,0.0823867,0.0208332,2.28507e-05,1.23946e-05,9.52573e-05,
42,0.0964298,0.0215435,0.0167118,0.00017753,0.0015285,6.38745e-05,5.19829e-07,0.00183942,0.0330995,0.0609416,0.00416738,0.0432283,0.00953485,0.0825159,0.0337932,0.067594,0.0368592,0.0943924,0.000226592,0.00251911,0.000136062,0.000490288,0.084327,0.0832309,0.0217139,2.50348e-05,1.31167e-05,0.000100795,
43,0.0967007,0.0228339,0.0179392,0.000194328,0.00161393,6.75867e-05,5.50196e-07,0.00193608,0.0338866,0.0621867,0.00433578,0.0437682,0.0100281,0.0832781,0.0367808,0.0691374,0.0372565,0.0945942,0.000241757,0.00268502,0.000145042,0.000523372,0.08582,0.0840505,0.022619,2.7312e-05,1.38801e-05,0.000106648,
44,0.0969522,0.0240516,0.01915,0.000211792,0.00170385,7.15104e-05,5.82024e-07,0.00203666,0.0346754,0.0634224,0.00450969,0.0443114,0.0105405,0.084011,0.0398609,0.0705903,0.0376518,0.0947894,0.000256423,0.00284489,0.000153711,0.000555433,0.0871613,0.084845,0.0235484,2.96795e-05,1.46872e-05,0.000112835,
45,0.0971853,0.0251912,0.0203391,0.00022992,0.00179844,7.56571e-05,6.15378e-07,0.00214119,0.0354661,0.0646468,0.0046891,0.0448578,0.0110721,0.0847149,0.0430102,0.0719554,0.0380452,0.0949781,0.000270524,0.00299799,0.000162031,0.00058633,0.0883612,0.0856141,0.0245015,3.21372e-05,1.55404e-05,0.000119373,
46,0.0974014,0.0262511,0.0215038,0.000248734,0.00189793,8.0039e-05,6.50327e-07,0.00224967,0.0362585,0.0658582,0.004874,0.0454073,0.0116227,0.0853906,0.0462031,0.0732362,0.0384366,0.0951606,0.000284032,0.003144,0.000169985,0.000616004,0.0894317,0.0863574,0.0254781,3.46878e-05,1.64421e-05,0.000126281,
47,0.0976015,0.027233,0.0226437,0.000268274,0.00200252,8.4669e-05,6.86953e-07,0.0023621,0.0370527,0.0670548,0.00506433,0.0459598,0.0121923,0.0860386,0.0494118,0.0744371,0.0388261,0.0953369,0.000296951,0.00328299,0.000177577,0.000644466,0.0903852,0.0870748,0.0264776,3.73367e-05,1.73951e-05,0.00013358,
48,0.0977867,0.028141,0.0237598,0.000288601,0.00211244,8.95605e-05,7.25341e-07,0.00247846,0.0378488,0.0682348,0.00526003,0.0465153,0.0127805,0.0866595,0.0526069,0.0755626,0.0392136,0.0955073,0.000309312,0.00341531,0.000184825,0.00067178,0.091234,0.0877661,0.0274995,4.00914e-05,1.84022e-05,0.000141291,
49,0.0979581,0.0289808,0.0248546,0.00030979,0.0022279,9.4728e-05,7.65585e-07,0.00259872,0.0386467,0.0693965,0.00546103,0.0470735,0.0133871,0.087254,0.055758,0.0766175,0.0395991,0.095672,0.000321162,0.00354149,0.000191757,0.000698051,0.0919902,0.0884314,0.028543,4.29617e-05,1.94664e-05,0.000149435,
50,0.0981166,0.0297591,0.0259312,0.000331929,0.00234916,0.000100187,8.07784e-07,0.00272282,0.0394466,0.0705385,0.00566724,0.0476344,0.0140116,0.087823,0.058835,0.0776066,0.0399828,0.095831,0.00033256,0.0036622,0.000198411,0.000723406,0.0926647,0.0890706,0.0296075,4.59586e-05,2.05908e-05,0.000158038,
51,0.0982631,0.0304828,0.0269932,0.000355117,0.00247644,0.000105952,8.5204e-07,0.0028507,0.0402485,0.071659,0.00587853,0.048198,0.0146535,0.0883671,0.0618087,0.0785345,0.0403645,0.0959846,0.000343571,0.00377815,0.000204824,0.000747982,0.0932677,0.089684,0.0306923,4.90947e-05,2.17788e-05,0.000167124,
52,0.0983985,0.0311586,0.0280441,0.00037946,0.00261001,0.000112042,8.98462e-07,0.00298229,0.0410522,0.0727567,0.00609478,0.0487641,0.0153123,0.0888872,0.0646521,0.0794057,0.0407445,0.0961328,0.000354259,0.00389006,0.000211035,0.000771921,0.0938081,0.0902716,0.0317965,5.23834e-05,2.30339e-05,0.000176719,
53,0.0985235,0.031793,0.0290875,0.00040507,0.00275012,0.000118474,9.47161e-07,0.00311749,0.0418579,0.0738303,0.00631587,0.0493326,0.0159872,0.089384,0.0673414,0.0802244,0.0411228,0.096276,0.000364686,0.00399863,0.000217081,0.000795357,0.0942938,0.0908339,0.0329192,5.58388e-05,2.43599e-05,0.000186852,
54,0.098639,0.0323918,0.0301266,0.000432065,0.00289703,0.000125267,9.98257e-07,0.00325621,0.0426656,0.0748784,0.00654163,0.0499034,0.0166777,0.0898584,0.0698575,0.0809944,0.0414994,0.0964141,0.00037491,0.00410449,0.000222998,0.000818417,0.0947318,0.0913712,0.0340595,5.94757e-05,2.57609e-05,0.000197553,
55,0.0987455,0.0329603,0.0311644,0.000460568,0.00305104,0.000132442,1.05187e-06,0.00339833,0.0434751,0.0759001,0.0067719,0.0504763,0.0173828,0.0903113,0.0721864,0.0817194,0.0418745,0.0965474,0.000384985,0.00420822,0.000228817,0.000841216,0.0951279,0.0918838,0.0352164,6.33091e-05,2.72411e-05,0.000208854,
56,0.0988439,0.0335029,0.0322035,0.000490704,0.00321243,0.000140021,1.10813e-06,0.00354372,0.0442865,0.0768941,0.00700653,0.0510513,0.0181017,0.0907433,0.0743201,0.0824026,0.0422481,0.0966761,0.000394958,0.00431034,0.000234565,0.000863858,0.0954873,0.0923724,0.0363889,6.73547e-05,2.88052e-05,0.000220789,
57,0.0989346,0.0340236,0.0332459,0.000522604,0.00338149,0.000148027,1.16718e-06,0.00369226,0.0450997,0.0778598,0.00724534,0.0516283,0.0188336,0.0911555,0.0762566,0.0830471,0.0426203,0.0968001,0.00040487,0.0044113,0.000240269,0.000886435,0.0958144,0.0928373,0.0375759,7.16282e-05,3.0458e-05,0.000233395,
58,0.0990183,0.0345258,0.0342934,0.0005564,0.00355856,0.000156485,1.22916e-06,0.00384381,0.0459147,0.0787964,0.00748817,0.052207,0.0195775,0.0915485,0.0779991,0.0836556,0.0429913,0.0969198,0.000414758,0.00451149,0.000245949,0.000909027,0.0961129,0.0932792,0.0387763,7.6146e-05,3.22047e-05,0.00024671,
59,0.0990955,0.0350122,0.0353475,0.00059223,0.00374394,0.000165422,1.29421e-06,0.00399821,0.0467314,0.0797032,0.00773484,0.0527875,0.0203324,0.0919231,0.079556,0.0842305,0.0433611,0.0970352,0.000424653,0.00461123,0.000251625,0.000931705,0.0963861,0.0936986,0.0399889,8.09245e-05,3.40512e-05,0.000260776,
60,0.0991667,0.0354852,0.0364092,0.000630236,0.003938,0.000174867,1.36251e-06,0.00415533,0.0475497,0.0805798,0.00798519,0.0533695,0.0210973,0.0922803,0.0809391,0.0847743,0.0437298,0.0971465,0.000434583,0.00471083,0.000257312,0.00095453,0.0966367,0.0940963,0.0412126,8.59806e-05,3.60033e-05,0.000275639,
61,0.0992323,0.0359469,0.0374794,0.000670564,0.00414108,0.00018485,1.43422e-06,0.00431502,0.0483695,0.0814258,0.00823907,0.053953,0.0218713,0.0926206,0.0821628,0.0852889,0.0440976,0.0972538,0.000444572,0.00481052,0.000263026,0.000977557,0.0968671,0.0944729,0.0424461,9.13315e-05,3.80676e-05,0.000291346,
62,0.0992927,0.0363988,0.0385585,0.000713362,0.00435355,0.000195405,1.50954e-06,0.00447712,0.0491906,0.0822411,0.00849631,0.0545378,0.0226532,0.0929449,0.0832431,0.0857763,0.0444646,0.0973573,0.000454639,0.00491051,0.000268777,0.00100083,0.0970793,0.0948291,0.0436882,9.69948e-05,4.02512e-05,0.000307948,
63,0.0993485,0.0368424,0.0396468,0.000758787,0.00457582,0.000206567,1.58865e-06,0.0046415,0.050013,0.0830255,0.00875679,0.0551237,0.0234421,0.0932539,0.084196,0.0862381,0.0448308,0.097457,0.000464804,0.00501097,0.000274578,0.0010244,0.0972751,0.0951657,0.0449377,0.000102988,4.25615e-05,0.000325502,
64,0.0993998,0.0372789,0.0407445,0.000806998,0.00480828,0.000218375,1.67178e-06,0.004808,0.0508365,0.0837792,0.00902038,0.0557107,0.0242371,0.0935483,0.0850372,0.0866761,0.0451963,0.097553,0.000475081,0.00511207,0.000280436,0.00104829,0.0974561,0.0954833,0.0461932,0.00010933,4.50068e-05,0.000344067,
65,0.0994471,0.0377091,0.0418513,0.000858158,0.00505136,0.00023087,1.75915e-06,0.00497648,0.051661,0.0845023,0.00928698,0.0562986,0.025037,0.0938287,0.0857817,0.0870916,0.0455614,0.0976456,0.000485485,0.00521392,0.000286362,0.00107255,0.0976236,0.0957828,0.0474535,0.000116038,4.75958e-05,0.000363707,
66,0.0994907,0.038134,0.042967,0.000912435,0.00530552,0.000244097,1.85102e-06,0.00514683,0.0524863,0.0851951,0.00955648,0.0568872,0.0258411,0.0940959,0.0864427,0.087486,0.045926,0.0977348,0.000496028,0.00531664,0.000292361,0.00109719,0.0977788,0.0960648,0.0487172,0.000123132,5.0338e-05,0.000384492,
67,0.0995309,0.0385541,0.0440912,0.000970004,0.00557121,0.000258104,1.94765e-06,0.00531891,0.0533122,0.085858,0.00982882,0.0574765,0.0266483,0.0943505,0.0870321,0.0878607,0.0462903,0.0978208,0.000506722,0.00542034,0.000298443,0.00112226,0.0979227,0.0963301,0.0499831,0.000130629,5.32436e-05,0.000406497,
68,0.0995679,0.0389701,0.0452234,0.00103104,0.00584893,0.000272942,2.04933e-06,0.0054926,0.0541385,0.0864915,0.010104,0.0580662,0.0274579,0.0945929,0.0875605,0.0882167,0.0466543,0.0979036,0.000517575,0.00552509,0.000304612,0.00114777,0.0980564,0.0965794,0.0512497,0.00013855,5.63238e-05,0.000429801,
69,0.0996019,0.0393824,0.0463628,0.00109573,0.00613917,0.000288669,2.15637e-06,0.00566781,0.0549651,0.0870961,0.0103818,0.0586563,0.0282689,0.094824,0.0880367,0.0885553,0.0470183,0.0979833,0.000528599,0.00563097,0.000310875,0.00117375,0.0981806,0.0968136,0.0525159,0.000146912,5.95905e-05,0.000454492,
70,0.0996333,0.0397915,0.0475087,0.00116425,0.00644246,0.000305343,2.26912e-06,0.00584443,0.0557916,0.0876726,0.0106624,0.0592466,0.0290808,0.0950441,0.0884683,0.0888773,0.0473822,0.0980601,0.000539802,0.00573806,0.000317237,0.00120022,0.098296,0.0970333,0.0537801,0.000155735,6.30565e-05,0.000480662,
71,0.0996622,0.0401977,0.0486602,0.00123679,0.00675936,0.000323031,2.38793e-06,0.00602239,0.056618,0.0882215,0.0109458,0.0598368,0.0298926,0.0952539,0.0888618,0.0891838,0.0477461,0.0981341,0.000551192,0.00584641,0.000323705,0.00122721,0.0984035,0.0972392,0.0550413,0.000165036,6.67359e-05,0.000508413,
72,0.0996888,0.0406013,0.0498164,0.00131354,0.00709041,0.000341802,2.51321e-06,0.0062016,0.0574439,0.0887438,0.0112319,0.060427,0.0307038,0.0954538,0.0892226,0.0894757,0.0481103,0.0982053,0.000562778,0.00595609,0.000330284,0.00125474,0.0985035,0.0974321,0.0562979,0.000174835,7.06437e-05,0.000537853,
73,0.0997134,0.0410026,0.0509763,0.00139469,0.00743621,0.000361733,2.64538e-06,0.00638201,0.0582691,0.0892403,0.0115209,0.0610169,0.0315138,0.0956443,0.0895551,0.0897538,0.0484746,0.0982739,0.000574567,0.00606714,0.000336979,0.00128283,0.0985966,0.0976126,0.0575487,0.000185148,7.47962e-05,0.000569099,
74,0.0997359,0.0414018,0.0521386,0.00148043,0.00779735,0.000382904,2.7849e-06,0.00656355,0.0590934,0.0897117,0.0118127,0.0616063,0.0323219,0.0958259,0.0898631,0.0900189,0.0488393,0.0983399,0.000586566,0.00617961,0.000343796,0.0013115,0.0986834,0.0977814,0.0587924,0.000195993,7.92111e-05,0.000602276,
75,0.0997567,0.0417992,0.0533024,0.00157095,0.00817446,0.000405404,2.93228e-06,0.0067462,0.0599164,0.090159,0.0121075,0.0621952,0.0331278,0.0959991,0.0901496,0.0902717,0.0492044,0.0984035,0.000598784,0.00629356,0.000350741,0.00134077,0.0987643,0.0979391,0.0600278,0.000207386,8.39075e-05,0.000637521,
76,0.0997759,0.0421949,0.0544663,0.00166644,0.00856817,0.000429328,3.08806e-06,0.00692992,0.0607379,0.0905832,0.0124054,0.0627833,0.0339308,0.0961642,0.0904175,0.0905131,0.0495699,0.0984647,0.000611229,0.00640902,0.000357819,0.00137067,0.0988398,0.0980864,0.0612534,0.000219342,8.8906e-05,0.000674978,
77,0.0997935,0.0425891,0.0556291,0.00176708,0.00897912,0.000454779,3.25283e-06,0.00711468,0.0615577,0.0909851,0.0127064,0.0633705,0.0347307,0.0963216,0.0906687,0.0907435,0.049936,0.0985236,0.000623906,0.00652604,0.000365036,0.00140122,0.0989102,0.0982238,0.0624682,0.000231874,9.42288e-05,0.000714807,
78,0.0998098,0.042982,0.0567896,0.00187306,0.00940797,0.000481867,3.42721e-06,0.00730049,0.0623753,0.0913657,0.0130108,0.0639566,0.0355271,0.0964718,0.0909052,0.0909637,0.0503028,0.0985803,0.000636824,0.00664467,0.000372399,0.00143243,0.0989759,0.098352,0.0636708,0.000244996,9.99001e-05,0.000757176,
79,0.0998247,0.0433737,0.0579462,0.00198454,0.0098554,0.000510711,3.61191e-06,0.00748732,0.0631906,0.0917259,0.0133186,0.0645416,0.0363195,0.0966151,0.0911285,0.0911742,0.0506703,0.0986348,0.000649991,0.00676493,0.000379913,0.00146433,0.0990372,0.0984714,0.06486,0.000258716,0.000105946,0.000802267,
80,0.0998385,0.0437643,0.0590978,0.00210168,0.0103221,0.00054144,3.80765e-06,0.0076752,0.0640031,0.0920667,0.01363,0.0651251,0.0371078,0.0967518,0.0913398,0.0913756,0.0510385,0.0986874,0.000663413,0.00688688,0.000387587,0.00149694,0.0990944,0.0985827,0.0660348,0.000273045,0.000112395,0.000850277,
81,0.0998512,0.044154,0.0602428,0.00222465,0.0108087,0.000574192,4.01526e-06,0.00786413,0.0648126,0.092389,0.0139452,0.0657071,0.0378916,0.0968823,0.0915405,0.0915684,0.0514075,0.0987379,0.000677099,0.00701055,0.000395425,0.00153029,0.0991478,0.0986862,0.0671939,0.000287988,0.000119277,0.000901417,
82,0.0998629,0.0445428,0.0613799,0.00235357,0.0113159,0.000609118,4.2356e-06,0.00805413,0.0656187,0.0926937,0.0142644,0.0662874,0.0386708,0.0970069,0.0917313,0.0917532,0.0517775,0.0987865,0.000691056,0.00713597,0.000403436,0.0015644,0.0991978,0.0987826,0.0683362,0.00030355,0.000126625,0.000955915,
83,0.0998736,0.0449309,0.0625075,0.00248859,0.0118444,0.000646377,4.46962e-06,0.00824523,0.066421,0.0929816,0.0145877,0.0668659,0.039445,0.0971258,0.0919131,0.0919303,0.0521484,0.0988333,0.000705292,0.00726319,0.000411628,0.00159929,0.0992444,0.0988722,0.0694607,0.000319732,0.000134476,0.00101402,
84,0.0998835,0.0453184,0.0636244,0.00262981,0.0123948,0.000686143,4.71835e-06,0.00843746,0.0672193,0.0932537,0.0149153,0.0674423,0.0402142,0.0972394,0.0920867,0.0921002,0.0525203,0.0988783,0.000719815,0.00739223,0.000420009,0.00163499,0.099288,0.0989555,0.0705663,0.000336533,0.000142868,0.00107598,
85,0.0998927,0.0457052,0.0647289,0.00277732,0.0129679,0.000728605,4.9829e-06,0.00863086,0.0680131,0.0935107,0.0152475,0.0680165,0.0409781,0.0973479,0.0922528,0.0922633,0.0528933,0.0989216,0.000734634,0.00752314,0.000428588,0.00167153,0.0993288,0.0990329,0.0716521,0.00035395,0.000151843,0.0011421,
86,0.0999011,0.0460916,0.0658197,0.00293119,0.0135643,0.000773963,5.26449e-06,0.00882546,0.0688021,0.0937535,0.0155843,0.0685883,0.0417366,0.0974516,0.0924118,0.0924201,0.0532675,0.0989633,0.000749757,0.00765595,0.000437374,0.00170892,0.0993669,0.0991047,0.0727171,0.000371974,0.000161446,0.00121266,
87,0.0999088,0.0464776,0.0668954,0.00309148,0.0141847,0.000822436,5.56442e-06,0.00902133,0.0695858,0.0939828,0.0159262,0.0691577,0.0424895,0.0975506,0.0925643,0.0925708,0.0536428,0.0990033,0.000765191,0.0077907,0.000446377,0.00174719,0.0994026,0.0991714,0.0737605,0.000390596,0.000171728,0.00128801,
88,0.099916,0.0468632,0.0679546,0.00325821,0.0148295,0.000874258,5.88412e-06,0.00921849,0.070364,0.0941995,0.0162731,0.0697243,0.0432367,0.0976453,0.0927107,0.0927159,0.0540193,0.0990419,0.000780947,0.00792742,0.000455607,0.00178638,0.0994359,0.0992333,0.0747815,0.000409803,0.00018274,0.0013685,
89,0.0999225,0.0472485,0.0689958,0.00343138,0.0154996,0.000929682,6.22514e-06,0.00941701,0.0711361,0.0944042,0.0166255,0.0702881,0.0439781,0.0977358,0.0928515,0.0928556,0.0543971,0.099079,0.000797032,0.00806613,0.000465076,0.00182651,0.0994671,0.0992908,0.0757793,0.000429578,0.000194542,0.00145449,
90,0.0999286,0.0476336,0.0700179,0.00361098,0.0161953,0.000988981,6.58917e-06,0.00961694,0.0719019,0.0945976,0.0169834,0.0708489,0.0447136,0.0978223,0.0929871,0.0929903,0.0547762,0.0991146,0.000813457,0.00820689,0.000474796,0.0018676,0.0994964,0.099344,0.0767532,0.000449904,0.000207196,0.0015464,
91,0.0999342,0.0480185,0.0710194,0.00379694,0.0169172,0.00105245,6.97805e-06,0.00981834,0.0726609,0.0947804,0.017347,0.0714066,0.0454429,0.0979051,0.0931177,0.0931203,0.0551566,0.0991489,0.00083023,0.00834971,0.000484779,0.00190969,0.0995237,0.0993934,0.0777026,0.000470757,0.00022077,0.00164467,
92,0.0999393,0.0484033,0.0719993,0.0039892,0.0176659,0.0011204,7.39378e-06,0.0100213,0.0734127,0.0949532,0.0177167,0.0719609,0.0461661,0.0979843,0.0932437,0.0932458,0.0555385,0.0991819,0.00084736,0.00849463,0.000495041,0.00195281,0.0995494,0.0994391,0.078627,0.000492115,0.000235338,0.00174975,
93,0.099944,0.0487879,0.0729563,0.00418764,0.0184418,0.00119318,7.83852e-06,0.0102258,0.0741569,0.0951165,0.0180925,0.0725117,0.046883,0.0980601,0.0933654,0.0933671,0.0559218,0.0992136,0.000864859,0.00864169,0.000505596,0.00199698,0.0995734,0.0994815,0.0795259,0.000513951,0.000250981,0.00186217,
94,0.0999484,0.0491725,0.0738895,0.00439215,0.0192452,0.00127116,8.31468e-06,0.0104319,0.0748931,0.095271,0.0184748,0.0730589,0.0475935,0.0981326,0.093483,0.0934844,0.0563065,0.0992442,0.000882735,0.00879091,0.000516461,0.00204225,0.0995959,0.0995207,0.0803989,0.000536237,0.000267786,0.00198245,
95,0.0999524,0.049557,0.0747978,0.00460255,0.0200765,0.00135472,8.82482e-06,0.0106398,0.0756209,0.0954172,0.0188636,0.0736023,0.0482975,0.0982021,0.0935968,0.093598,0.0566928,0.0992735,0.000900999,0.00894232,0.000527653,0.00208863,0.099617,0.0995571,0.0812457,0.000558944,0.000285848,0.00211117,
96,0.0999561,0.0499415,0.0756805,0.00481866,0.020936,0.0014443,9.3718e-06,0.0108494,0.0763399,0.0955556,0.0192593,0.0741417,0.0489948,0.0982686,0.0937071,0.0937081,0.0570805,0.0993017,0.000919663,0.00909596,0.00053919,0.00213617,0.0996368,0.0995907,0.082066,0.000582043,0.00030527,0.00224896,
97,0.0999596,0.0503261,0.0765366,0.00504028,0.0218238,0.00154035,9.95871e-06,0.0110608,0.0770496,0.0956866,0.019662,0.074677,0.0496854,0.0983323,0.093814,0.0938148,0.0574699,0.0993288,0.000938737,0.00925185,0.000551095,0.00218489,0.0996554,0.0996218,0.0828598,0.000605504,0.000326163,0.00239648,
98,0.0999627,0.0507106,0.0773656,0.00526719,0.0227401,0.00164338,1.05889e-05,0.0112742,0.0777498,0.0958108,0.0200718,0.0752081,0.0503692,0.0983933,0.0939178,0.0939185,0.0578608,0.0993549,0.000958232,0.00941002,0.000563388,0.00223484,0.0996729,0.0996506,0.0836268,0.000629298,0.00034865,0.00255443,
99,0.0999656,0.0510952,0.078167,0.00549913,0.023685,0.0017539,1.12662e-05,0.0114895,0.07844,0.0959284,0.0204891,0.0757348,0.051046,0.0984517,0.0940186,0.0940192,0.0582533,0.09938,0.00097816,0.00957051,0.000576096,0.00228605,0.0996892,0.0996773,0.0843671,0.000653398,0.000372862,0.00272357,
100,0.0999683,0.0514798,0.0789402,0.00573584,0.0246584,0.00187248,1.19945e-05,0.0117068,0.0791199,0.0960401,0.0209139,0.0762569,0.0517158,0.0985078,0.0941166,0.0941171,0.0586475,0.0994041,0.000998535,0.00973334,0.000589243,0.00233855,0.0997046,0.0997019,0.0850809,0.000677779,0.000398943,0.00290472,
101,0.000593423,0.0031156,0.00297465,0.000302217,0.00142357,0.000134107,9.5372e-07,0.000522266,0.00256078,0.00244144,0.00105286,0.00173513,0.00237049,0.00189606,0.00321009,0.00259324,0.00109955,0.000700681,0.000133005,0.00120057,7.57585e-05,0.000279103,0.0016902,0.000992889,0.00279054,3.65503e-05,3.2736e-05,0.000211524,
102,2.79484e-06,0.000124136,6.42885e-05,8.44711e-06,4.39844e-05,4.97355e-06,3.99056e-08,1.27447e-05,5.33423e-05,3.68415e-05,3.08443e-05,3.54373e-05,5.95808e-05,2.07456e-05,5.8061e-05,3.85706e-05,1.82443e-05,4.14224e-06,9.83227e-06,8.28783e-05,5.46869e-06,1.8534e-05,1.62434e-05,9.14127e-06,5.53844e-05,1.09652e-06,1.39039e-06,7.99011e-06,
103,1.13451e-08,4.10705e-06,1.07604e-06,1.71076e-07,9.75406e-07,1.28949e-07,1.18594e-09,2.28921e-07,9.0117e-07,4.29018e-07,7.00637e-07,6.53504e-07,1.09887e-06,1.69738e-07,7.39943e-07,4.13329e-07,2.68746e-07,2.15046e-08,5.2398e-07,4.15987e-06,2.87287e-07,8.95325e-07,1.20642e-07,7.93676e-08,8.61202e-07,2.48476e-08,4.08293e-08,2.10784e-07,
104,4.39844e-11,1.21503e-07,1.60628e-08,2.8848e-09,1.75262e-08,2.6456e-09,2.8849e-11,3.45893e-09,1.33791e-08,4.29619e-09,1.38594e-08,1.13304e-08,1.6949e-08,1.1617e-09,7.5328e-09,3.6438e-09,3.77415e-09,1.03204e-10,2.25374e-08,1.69886e-07,1.22615e-08,3.52662e-08,8.36285e-10,6.74435e-10,1.15703e-08,4.81046e-10,9.36917e-10,4.39315e-09,
105,1.87184e-13,3.32653e-09,2.34852e-10,4.43997e-11,2.73576e-10,4.60767e-11,6.35276e-13,4.7998e-11,1.82042e-10,3.97936e-11,2.53058e-10,1.89314e-10,2.37925e-10,7.1111e-12,6.65687e-11,2.91546e-11,5.26278e-11,4.72108e-13,8.33045e-10,6.00699e-09,4.51641e-10,1.20606e-09,6.62506e-12,5.71015e-12,1.41364e-10,8.4578e-12,1.79989e-11,7.7549e-11,
106,1.0369e-15,8.60724e-11,3.58519e-12,6.70495e-13,3.8953e-12,7.1504e-13,1.37773e-14,6.54099e-13,2.33384e-12,3.66973e-13,4.40042e-12,3.09347e-12,3.24193e-12,4.13274e-14,5.52345e-13,2.34873e-13,7.39824e-13,2.09743e-15,2.75313e-11,1.91195e-10,1.4912e-11,3.72444e-11,7.07988e-14,4.85335e-14,1.62351e-12,1.39744e-13,3.03118e-13,1.21554e-12,
107,7.90213e-18,2.1357e-12,5.89107e-14,1.04856e-14,5.25914e-14,1.02789e-14,3.11746e-16,9.16218e-15,2.87719e-14,3.66222e-15,7.41584e-14,4.98708e-14,4.49029e-14,2.47737e-16,4.71537e-15,2.12467e-15,1.05026e-14,9.15651e-18,8.35808e-13,5.6234e-12,4.52899e-13,1.0663e-12,1.01041e-15,4.15208e-16,1.79794e-14,2.22379e-15,4.63479e-15,1.75523e-14,
108,7.4212e-20,5.13584e-14,1.04122e-15,1.74675e-16,6.95475e-16,1.41738e-16,7.46757e-18,1.34323e-16,3.46514e-16,4.21975e-17,1.2238e-15,7.97412e-16,6.46794e-16,1.73691e-18,4.53604e-17,2.29051e-17,1.50159e-16,3.95801e-20,2.3762e-14,1.55689e-13,1.28901e-14,2.88298e-14,1.71466e-17,3.57698e-18,1.96436e-16,3.48957e-17,6.6271e-17,2.40933e-16,
109,7.65218e-22,1.20624e-15,1.94656e-17,3.10634e-18,9.24455e-18,1.93809e-18,1.85727e-19,2.05042e-18,4.12875e-18,5.62982e-19,1.99072e-17,1.26865e-17,9.69579e-18,1.5871e-20,5.11128e-19,2.86189e-19,2.15606e-18,1.70287e-22,6.41699e-16,4.11248e-15,3.48574e-16,7.45982e-16,3.17715e-19,3.10183e-20,2.16505e-18,5.53178e-19,9.0992e-19,3.23217e-18,
110,8.1946e-24,2.78278e-17,3.78008e-19,5.82138e-20,1.25692e-19,2.71015e-20,4.67086e-21,3.21095e-20,4.91792e-20,8.28942e-21,3.2062e-19,2.0122e-19,1.49575e-19,1.8461e-22,6.52948e-21,3.88663e-21,3.10303e-20,7.3209e-25,1.6638e-17,1.04685e-16,9.0504e-18,1.86545e-17,6.16897e-21,2.70584e-22,2.45933e-20,9.0507e-21,1.22877e-20,4.33792e-20,
111,8.92543e-26,6.3322e-19,7.52375e-21,1.13177e-21,1.76192e-21,3.97484e-22,1.16675e-22,5.09005e-22,5.90765e-22,1.28147e-22,5.12871e-21,3.18554e-21,2.34515e-21,2.45351e-24,8.94508e-23,5.4772e-23,4.47137e-22,3.158e-27,4.17585e-19,2.58754e-18,2.27448e-19,4.54118e-19,1.23091e-22,2.37332e-24,2.93072e-22,1.5491e-22,1.66532e-22,5.92459e-22,
112,9.81011e-28,1.42562e-20,1.52189e-22,2.25464e-23,2.54605e-23,6.21211e-24,2.87117e-24,8.10056e-24,7.21027e-24,2.01908e-24,8.16619e-23,5.03725e-23,3.70398e-23,3.44113e-26,1.26447e-24,7.83192e-25,6.44715e-24,1.37711e-29,1.02098e-20,6.24652e-20,5.56757e-21,1.08211e-20,2.49822e-24,2.09276e-26,3.70089e-24,2.78164e-24,2.29806e-24,8.30982e-24,
113,1.08453e-29,3.18283e-22,3.11253e-24,4.56473e-25,3.77434e-25,1.03957e-25,6.94518e-26,1.28908e-25,8.99623e-26,3.19927e-26,1.29625e-24,7.95966e-25,5.86434e-25,4.91803e-28,1.81007e-26,1.12606e-26,9.29897e-26,6.19769e-32,2.44378e-22,1.47941e-21,1.33402e-22,2.53465e-22,5.12723e-26,1.85608e-28,4.95312e-26,5.21104e-26,3.25288e-26,1.19897e-25,
114,1.20425e-31,7.05879e-24,6.41579e-26,9.34412e-27,5.70426e-27,1.85478e-27,1.65247e-27,2.04826e-27,1.15279e-27,5.07265e-28,2.05341e-26,1.2572e-26,9.28644e-27,7.07306e-30,2.60359e-28,1.62241e-28,1.34145e-27,3.06111e-34,5.74877e-24,3.44956e-23,3.14099e-24,5.85477e-24,1.06039e-27,1.65811e-30,6.96993e-28,1.00912e-27,4.72716e-28,1.77356e-27,
115,1.34243e-33,1.55709e-25,1.3302e-27,1.92777e-28,8.73976e-29,3.49455e-29,3.874e-29,3.24893e-29,1.52132e-29,8.03634e-30,3.24854e-28,1.98518e-28,1.46965e-28,1.01937e-31,3.75187e-30,2.33943e-30,1.9353e-29,1.90913e-36,1.33319e-25,7.94093e-25,7.28991e-26,1.33704e-25,2.20515e-29,1.4964e-32,1.01923e-29,2.00205e-29,7.02907e-30,2.67522e-29,
116,1.50257e-35,3.41969e-27,2.77036e-29,4.00013e-30,1.35166e-30,6.87471e-31,8.96626e-31,5.14576e-31,2.06903e-31,1.27184e-31,5.13488e-30,3.13417e-30,2.3241e-30,1.47016e-33,5.41044e-32,3.37446e-32,2.79217e-31,1.73598e-38,3.05553e-27,1.80871e-26,1.67188e-27,3.02472e-27,4.60468e-31,1.37149e-34,1.53128e-31,4.04089e-31,1.06407e-31,4.09282e-31,
117,1.68991e-37,7.48317e-29,5.79025e-31,8.337e-32,2.10372e-32,1.39712e-32,2.05257e-32,8.14086e-33,2.89609e-33,2.01108e-33,8.11216e-32,4.94765e-32,3.67298e-32,2.12086e-35,7.8045e-34,4.86813e-34,4.02852e-33,2.18e-40,6.93449e-29,4.0834e-28,3.79646e-29,6.78921e-29,9.64603e-33,1.28758e-36,2.34228e-33,8.25671e-33,1.6319e-33,6.32351e-33,
118,1.91218e-39,1.63255e-30,1.2137e-32,1.74364e-33,3.28831e-34,2.90659e-34,4.65513e-34,1.2869e-34,4.16011e-35,3.17802e-35,1.28113e-33,7.80996e-34,5.80202e-34,3.05985e-37,1.12593e-35,7.02342e-36,5.81239e-35,3.19621e-42,1.56088e-30,9.15069e-30,8.54962e-31,1.5139e-30,2.02588e-34,1.25396e-38,3.62432e-35,1.70221e-34,2.52549e-35,9.83555e-35,
119,2.18094e-41,3.55252e-32,2.55016e-34,3.65701e-35,5.15497e-36,6.14584e-36,1.04743e-35,2.03324e-36,6.10929e-37,5.01992e-37,2.02281e-35,1.23277e-35,9.16222e-36,4.41476e-39,1.62444e-37,1.01333e-37,8.38622e-37,4.9402e-44,3.48916e-32,2.03783e-31,1.91195e-32,3.35712e-32,4.26379e-36,1.28743e-40,5.64895e-37,3.53276e-36,3.93258e-37,1.53676e-36,
120,2.51363e-43,7.71366e-34,5.36902e-36,7.68789e-37,8.09758e-38,1.31364e-37,2.34092e-37,3.21128e-38,9.13486e-39,7.92712e-39,3.19344e-37,1.94582e-37,1.44654e-37,6.36974e-41,2.34372e-39,1.46203e-39,1.20998e-38,7.75571e-46,7.75399e-34,4.51417e-33,4.25048e-34,7.40955e-34,8.98987e-38,1.41618e-42,8.84473e-39,7.36932e-38,6.14929e-39,2.40851e-38,
121,2.93682e-45,1.67176e-35,1.13232e-37,1.61934e-38,1.27378e-39,2.82726e-39,5.20182e-39,5.07071e-40,1.38537e-40,1.25157e-40,5.04109e-39,3.07128e-39,2.28353e-39,9.19052e-43,3.38155e-41,2.10945e-41,1.74579e-40,1.22281e-47,1.71461e-35,9.9546e-35,9.40184e-36,1.62882e-35,1.89834e-39,1.68609e-44,1.38881e-40,1.54336e-39,9.64289e-41,3.78275e-40,
122,3.49139e-47,3.61734e-37,2.39162e-39,3.41663e-40,2.00567e-41,6.11017e-41,1.15024e-40,8.00571e-42,2.12388e-42,1.97581e-42,7.95734e-41,4.84764e-41,3.60454e-41,1.32605e-44,4.87896e-43,3.04356e-43,2.51888e-42,1.93002e-49,3.77536e-37,2.1867e-36,2.07071e-37,3.56827e-37,4.01395e-41,2.17076e-46,2.18466e-42,3.24251e-41,1.51508e-42,5.94977e-42,
123,4.24068e-49,7.81627e-39,5.05797e-41,7.21911e-42,3.16029e-43,1.32348e-42,2.53274e-42,1.26385e-43,3.28253e-44,3.11891e-44,1.25602e-42,7.65138e-43,5.68947e-43,1.9133e-46,7.03948e-45,4.39133e-45,3.6343e-44,3.04686e-51,8.28253e-39,4.7875e-38,4.54386e-39,7.79389e-39,8.49716e-43,2.98727e-48,3.44052e-44,6.8297e-43,2.38368e-44,9.36776e-44,
124,5.28326e-51,1.68687e-40,1.07092e-42,1.52728e-43,4.98204e-45,2.86954e-44,5.55667e-44,1.99515e-45,5.10353e-46,4.92312e-46,1.98251e-44,1.20767e-44,8.98017e-45,2.76063e-48,1.01568e-46,6.33593e-47,5.24367e-46,4.80988e-53,1.81135e-40,1.04515e-39,9.93917e-41,1.698e-40,1.80062e-44,4.32131e-50,5.42234e-46,1.44154e-44,3.75379e-46,1.47599e-45,
125,6.77319e-53,3.63665e-42,2.26973e-44,3.23469e-45,7.85669e-47,6.22268e-46,1.21528e-45,3.14955e-47,7.96908e-48,7.7708e-48,3.12918e-46,1.90614e-46,1.4174e-46,3.98321e-50,1.46545e-48,9.14167e-49,7.56571e-48,7.59267e-55,3.95056e-42,2.276e-41,2.16811e-42,3.69109e-42,3.81916e-46,6.46657e-52,8.54989e-48,3.04787e-46,5.91531e-48,2.32675e-47,
126,8.95193e-55,7.8328e-44,4.81484e-46,6.85761e-47,1.23931e-48,1.34893e-47,2.6507e-47,4.97197e-49,1.24824e-49,1.22654e-49,4.93902e-48,3.00857e-48,2.23715e-48,5.74725e-52,2.11439e-50,1.31899e-50,1.0916e-49,1.19849e-56,8.59586e-44,4.94565e-43,4.71823e-44,8.00813e-44,8.10712e-48,9.88728e-54,1.34857e-49,6.45342e-48,9.32584e-50,3.66921e-49,
127,1.21987e-56,1.68569e-45,1.0222e-47,1.4551e-48,1.95523e-50,2.92221e-49,5.76793e-49,7.84917e-51,1.95953e-51,1.93596e-51,7.7956e-50,4.7486e-50,3.531e-50,8.29253e-54,3.0507e-52,1.90307e-52,1.57499e-51,1.89174e-58,1.8665e-45,1.07265e-44,1.02465e-45,1.73449e-45,1.72219e-49,1.53166e-55,2.12754e-51,1.36807e-49,1.47076e-51,5.7877e-51,
128,1.71099e-58,3.62512e-47,2.17172e-49,3.08992e-50,3.08509e-52,6.32514e-51,1.25252e-50,1.23921e-52,3.08102e-53,3.05567e-53,1.23043e-51,7.495e-52,5.57315e-52,1.19651e-55,4.40165e-54,2.74581e-54,2.27244e-53,2.98593e-60,4.04565e-47,2.3226e-46,2.22119e-47,3.75121e-47,3.66083e-51,2.39123e-57,3.35696e-53,2.90317e-51,2.32005e-53,9.13099e-53,
129,2.46246e-60,7.79095e-49,4.61688e-51,6.56605e-52,4.86831e-54,1.36782e-52,2.71501e-52,1.9566e-54,4.84981e-55,4.82297e-55,1.94206e-53,1.18298e-53,8.79637e-54,1.72642e-57,6.35083e-56,3.96175e-56,3.27874e-55,4.71293e-62,8.75523e-49,5.02186e-48,4.80738e-49,8.10227e-49,7.78633e-53,3.75018e-59,5.29733e-55,6.16622e-53,3.66037e-55,1.44074e-54,
130,3.62223e-62,1.67345e-50,9.82072e-53,1.39615e-53,7.68275e-56,2.95517e-54,5.87588e-54,3.08968e-56,7.64014e-57,7.6124e-57,3.06527e-55,1.86716e-55,1.38837e-55,2.49102e-59,9.16318e-58,5.71613e-58,4.73066e-57,7.43875e-64,1.89212e-50,1.08444e-49,1.03903e-50,1.74801e-50,1.65697e-54,5.89703e-61,8.3598e-57,1.31068e-54,5.7757e-57,2.2735e-56,
131,5.42352e-64,3.59267e-52,2.09008e-54,2.9703e-55,1.21248e-57,6.37876e-56,1.26992e-55,4.87976e-58,1.20426e-58,1.20151e-58,4.8381e-57,2.94705e-57,2.19134e-57,3.59427e-61,1.32209e-59,8.24742e-60,6.82553e-59,1.1741e-65,4.08418e-52,2.33916e-51,2.24295e-52,3.76744e-52,3.52778e-56,9.28713e-63,1.31934e-58,2.78777e-56,9.11424e-59,3.58782e-58,
132,8.23412e-66,7.70954e-54,4.45025e-56,6.32249e-57,1.91357e-59,1.37565e-57,2.74127e-57,7.70872e-60,1.89896e-60,1.89642e-60,7.63625e-59,4.65149e-59,3.45871e-59,5.18616e-63,1.90756e-61,1.18996e-61,9.84806e-61,1.85315e-67,8.80641e-54,5.04068e-53,4.83662e-54,8.11265e-54,7.51405e-58,1.46393e-64,2.08223e-60,5.93293e-58,1.43834e-60,5.66222e-60,
133,1.26342e-67,1.65374e-55,9.47955e-58,1.34639e-58,3.02014e-61,2.9643e-59,5.91103e-59,1.21816e-61,2.99523e-62,2.99322e-62,1.20527e-60,7.34171e-61,5.45906e-61,7.48313e-65,2.75229e-63,1.71692e-63,1.42091e-62,2.92493e-69,1.89707e-55,1.08528e-54,1.04197e-55,1.74557e-55,1.60108e-59,2.30879e-66,3.28633e-62,1.26328e-59,2.26998e-62,8.93629e-62,
134,1.9539e-69,3.54613e-57,2.02001e-59,2.86833e-60,4.76667e-63,6.38268e-61,1.2734e-60,1.92579e-63,4.72532e-64,4.72438e-64,1.90235e-62,1.15878e-62,8.61633e-63,1.07975e-66,3.97109e-65,2.47723e-65,2.05012e-64,4.61658e-71,4.08328e-57,2.33485e-56,2.24286e-57,3.75327e-57,3.41273e-61,3.64238e-68,5.18681e-64,2.69106e-61,3.58258e-64,1.41038e-63,
135,3.03927e-71,7.6016e-59,4.30594e-61,6.11286e-62,7.5233e-65,1.37334e-62,2.74097e-62,3.04626e-65,7.45576e-66,7.45675e-66,3.00259e-64,1.82897e-64,1.35996e-64,1.55799e-68,5.72962e-67,3.57423e-67,2.95797e-66,7.28658e-73,8.78245e-59,5.01974e-58,4.82425e-59,8.06521e-59,7.27653e-63,5.74731e-70,8.18643e-66,5.7348e-63,5.6543e-66,2.226e-65,
136,4.74744e-73,1.62905e-60,9.1815e-63,1.30318e-63,1.18742e-66,2.95309e-64,5.89554e-64,4.82241e-67,1.17651e-67,1.17694e-67,4.73916e-66,2.88677e-66,2.1465e-66,2.24806e-70,8.26689e-69,5.15702e-69,4.26784e-68,1.15008e-74,1.88773e-60,1.07855e-59,1.03698e-60,1.73214e-60,1.55192e-64,9.06969e-72,1.29209e-67,1.22254e-64,8.92417e-68,3.51333e-67,
137,7.43805e-75,3.49025e-62,1.9583e-64,2.779e-65,1.87415e-68,6.34629e-66,1.26724e-65,7.64222e-69,1.85665e-69,1.85763e-69,7.48008e-68,4.55636e-68,3.38795e-68,3.2438e-72,1.19278e-70,7.44073e-71,6.15776e-70,1.81523e-76,4.0552e-62,2.31617e-61,2.22772e-62,3.71827e-62,3.31071e-66,1.43136e-73,2.03935e-69,2.607e-66,1.40852e-69,5.54517e-69,
138,1.16787e-76,7.4762e-64,4.17782e-66,5.92775e-67,2.95805e-70,1.36312e-67,2.72234e-67,1.21281e-70,2.93011e-71,2.93201e-71,1.18062e-69,7.19156e-70,5.34739e-70,4.68063e-74,1.72098e-72,1.07358e-72,8.88459e-72,2.86507e-78,8.70688e-64,4.97156e-63,4.78328e-64,7.9783e-64,7.06436e-68,2.25903e-75,3.21879e-71,5.56083e-68,2.2231e-71,8.75213e-71,
139,1.83652e-78,1.6011e-65,8.91492e-68,1.26472e-68,4.66882e-72,2.92646e-69,5.84523e-69,1.92839e-72,4.62439e-73,4.62776e-73,1.86344e-71,1.13508e-71,8.44008e-72,6.75394e-76,2.48309e-74,1.54899e-74,1.28189e-73,4.52209e-80,1.86859e-65,1.06667e-64,1.02658e-65,1.71125e-65,1.50769e-69,3.5654e-77,5.08037e-73,1.18643e-69,3.5088e-73,1.38139e-72,
140,2.89113e-80,3.42832e-67,1.9027e-69,2.69892e-70,7.36903e-74,6.28005e-71,1.25448e-70,3.074e-74,7.29852e-75,7.30425e-75,2.94118e-73,1.79157e-73,1.33214e-73,9.74572e-78,3.5827e-76,2.23495e-76,1.84955e-75,7.13745e-82,4.00859e-67,2.28774e-66,2.20232e-67,3.66917e-67,3.21832e-71,5.6273e-79,8.0186e-75,2.53188e-71,5.53809e-75,2.1803e-74,
141,4.55484e-82,7.33964e-69,4.06165e-71,5.76064e-72,1.16309e-75,1.34715e-72,2.69121e-72,4.91684e-76,1.15192e-76,1.15287e-76,4.64223e-75,2.82773e-75,2.1026e-75,1.40629e-79,5.16925e-78,3.22467e-78,2.66859e-77,1.12654e-83,8.5963e-69,4.90496e-68,4.72292e-69,7.86483e-69,6.87098e-73,8.88172e-81,1.26562e-76,5.40414e-73,8.74103e-77,3.44128e-76,
142,7.17988e-84,1.57111e-70,8.6717e-73,1.22978e-73,1.83577e-77,2.88882e-74,5.7713e-74,7.89975e-78,1.81809e-78,1.81964e-78,7.32709e-77,4.46317e-77,3.31865e-77,2.02927e-81,7.4584e-80,4.65268e-80,3.85031e-79,1.77808e-85,1.84286e-70,1.05132e-69,1.01251e-70,1.68536e-70,1.46714e-74,1.40183e-82,1.99759e-78,1.15368e-74,1.37964e-78,5.43155e-78,
143,1.1322e-85,3.36267e-72,1.85169e-74,2.62572e-75,2.89749e-79,6.19282e-76,1.23726e-75,1.27669e-79,2.86953e-80,2.87204e-80,1.15648e-78,7.04448e-79,5.23801e-79,2.92826e-83,1.07613e-81,6.71307e-82,5.55534e-81,2.80644e-87,3.94956e-72,2.25279e-71,2.17002e-72,3.6107e-72,3.13316e-76,2.21257e-84,3.15291e-80,2.46327e-76,2.17756e-80,8.57291e-80,
144,1.78587e-87,7.19635e-74,3.95447e-76,5.60702e-77,4.57327e-81,1.3272e-77,2.65168e-77,2.07894e-81,4.52909e-82,4.53311e-82,1.82533e-80,1.11187e-80,8.26745e-81,4.22556e-85,1.55268e-83,9.6859e-84,8.0154e-83,4.42955e-89,8.46241e-74,4.82615e-73,4.64961e-74,7.73386e-74,6.69182e-78,3.49221e-86,4.9764e-82,5.26018e-78,3.43696e-82,1.35311e-81,
145,2.81746e-89,1.53992e-75,8.44615e-78,1.19748e-78,7.21824e-83,2.84364e-79,5.68162e-79,3.41809e-83,7.14844e-84,7.15486e-84,2.88103e-82,1.75493e-82,1.3049e-82,6.09769e-87,2.24028e-85,1.39752e-85,1.15648e-84,6.9914e-91,1.81276e-75,1.03369e-74,9.96024e-76,1.65622e-75,1.4294e-79,5.51193e-88,7.85453e-84,1.12342e-79,5.42474e-84,2.13569e-83,
146,4.44556e-91,3.2949e-77,1.80416e-79,2.55773e-80,1.1393e-84,6.09139e-81,1.21709e-80,5.6878e-85,1.12827e-85,1.12929e-85,4.54729e-84,2.7699e-84,2.0596e-84,8.79938e-89,3.23237e-87,2.01641e-87,1.66861e-86,1.10349e-92,3.88238e-77,2.21359e-76,2.13321e-77,3.5462e-77,3.05353e-81,8.69977e-90,1.23972e-85,2.39957e-81,8.56217e-86,3.37088e-85,
147,7.01507e-93,7.0494e-79,3.85417e-81,5.46368e-82,1.79821e-86,1.30458e-82,2.60666e-82,9.60426e-87,1.78081e-87,1.78243e-87,7.17724e-86,4.37189e-86,3.25078e-86,1.26983e-90,4.66381e-89,2.90937e-89,2.40751e-88,1.7417e-94,8.31338e-79,4.73948e-78,4.56791e-79,7.59176e-79,6.52362e-83,1.37313e-91,1.95673e-87,5.12586e-83,1.35142e-87,5.32045e-87,
148,1.10705e-94,1.5081e-80,8.23425e-83,1.16722e-83,2.83822e-88,2.79349e-84,5.58171e-84,1.65007e-88,2.81074e-89,2.8133e-89,1.13282e-87,6.9004e-88,5.13088e-88,1.83251e-92,6.72916e-91,4.19778e-91,3.47363e-90,2.74902e-96,1.77986e-80,1.01461e-79,9.77983e-81,1.62503e-80,1.39383e-84,2.16729e-93,3.08841e-89,1.09506e-84,2.13302e-89,8.39759e-89,
149,1.74713e-96,3.22613e-82,1.75934e-84,2.49378e-85,4.47973e-90,5.98073e-86,1.19503e-85,2.89156e-90,4.43633e-91,4.44039e-91,1.788e-89,1.08913e-89,8.09836e-90,2.64458e-94,9.70917e-93,6.05677e-93,5.01185e-92,4.33893e-98,3.81006e-82,2.17174e-81,2.09354e-82,3.47799e-82,2.97824e-86,3.42075e-95,4.87461e-91,2.33963e-86,3.36668e-91,1.32544e-90,
150,2.75745e-98,6.90092e-84,3.75929e-86,5.32837e-87,7.0706e-92,1.28026e-87,2.55816e-87,5.17842e-92,7.0021e-93,7.00853e-93,2.8221e-91,1.71903e-91,1.27821e-91,3.81658e-96,1.40089e-94,8.73902e-95,7.23124e-94,6.84837e-100,8.15496e-84,4.64799e-83,4.481e-84,7.44296e-84,6.36409e-88,5.39916e-97,7.69388e-93,4.99904e-88,5.31383e-93,2.09203e-92,
151,4.35171e-100,1.47608e-85,8.03317e-88,1.13857e-88,1.11599e-93,2.74023e-89,5.47545e-89,9.48826e-94,1.10518e-94,1.1062e-94,4.45428e-93,2.71325e-93,2.01747e-93,5.50811e-98,2.02128e-96,1.26091e-96,1.04334e-95,1.08092e-101,1.74526e-85,9.9466e-85,9.58997e-86,1.59265e-85,1.36e-89,8.52179e-99,1.21437e-94,1.0682e-89,8.38716e-95,3.30199e-94,
152,6.86835e-102,3.15713e-87,1.71669e-89,2.43303e-90,1.76144e-95,5.86443e-91,1.17182e-90,1.77891e-95,1.74437e-96,1.74597e-96,7.03045e-95,4.28247e-95,3.18429e-95,7.94952e-100,2.91641e-98,1.81932e-98,1.50537e-97,1.70607e-103,3.7347e-87,2.12835e-86,2.05218e-87,3.40768e-87,2.90643e-91,1.34504e-100,1.91671e-96,2.28269e-91,1.3238e-96,5.21175e-96,
153,1.0841e-103,6.75239e-89,3.66876e-91,5.19949e-92,2.78017e-97,1.25493e-92,2.50759e-92,3.4096e-97,2.75323e-98,2.75576e-98,1.10965e-96,6.75927e-97,5.02594e-97,1.14734e-101,4.20797e-100,2.62502e-100,2.17199e-99,2.69278e-105,7.99115e-89,4.5538e-88,4.39108e-89,7.29056e-89,6.21158e-93,2.12296e-102,3.02524e-98,4.87823e-93,2.08945e-98,8.22609e-98,
154,1.711e-105,1.44413e-90,7.84087e-93,1.1112e-93,4.38811e-99,2.68518e-94,5.36554e-94,6.66908e-99,4.34558e-100,4.34958e-100,1.75143e-98,1.06685e-98,7.93273e-99,1.65598e-103,6.07151e-102,3.78754e-102,3.13381e-101,4.25017e-107,1.70973e-90,9.74251e-90,9.39489e-91,1.55967e-90,1.32758e-94,3.35078e-104,4.77491e-100,1.04255e-94,3.29794e-100,1.29839e-99,
155,2.70057e-107,3.08845e-92,1.67582e-94,2.3749e-95,6.926e-101,5.74502e-96,1.14798e-95,1.32803e-100,6.85887e-102,6.86518e-102,2.76438e-100,1.68388e-100,1.25207e-100,2.39018e-105,8.76037e-104,5.46492e-104,4.52155e-103,6.70828e-109,3.65774e-92,2.08419e-91,2.00992e-92,3.3364e-92,2.83751e-96,5.28873e-106,7.53652e-102,2.22818e-96,5.20542e-102,2.04936e-101,
156,4.26251e-109,6.60484e-94,3.58183e-96,5.0759e-97,1.09317e-102,1.22907e-97,2.45595e-97,2.68522e-102,1.08257e-103,1.08357e-103,4.36318e-102,2.65776e-102,1.97621e-102,3.45003e-107,1.26401e-105,7.88517e-106,6.52383e-105,1.0588e-110,7.82475e-94,4.45839e-93,4.2997e-94,7.13672e-94,6.06494e-98,8.34749e-108,1.18953e-103,4.76234e-98,8.2162e-104,3.23471e-103,
157,6.72679e-111,1.41245e-95,7.6559e-98,1.08491e-98,1.72541e-104,2.62926e-99,5.25386e-99,5.49827e-104,1.70869e-105,1.71026e-105,6.88666e-104,4.19489e-104,3.11916e-104,4.98002e-109,1.8238e-107,1.13773e-107,9.41277e-107,1.67117e-112,1.67379e-95,9.53662e-95,9.19753e-96,1.5265e-95,1.29637e-99,1.31753e-109,1.8775e-105,1.0179e-99,1.29685e-105,5.10571e-105,
158,1.06175e-112,3.02045e-97,1.63644e-99,2.31895e-100,2.72332e-106,5.62426e-101,1.12386e-100,1.13732e-105,2.69692e-107,2.6994e-107,1.08696e-105,6.62103e-106,4.92315e-106,7.18882e-111,2.63152e-109,1.64161e-109,1.3581e-108,2.6377e-114,3.58022e-97,2.03981e-96,1.96735e-97,3.26494e-97,2.77103e-101,2.07954e-111,2.96337e-107,2.17571e-101,2.04698e-107,8.05902e-107,
159,1.67586e-114,6.45894e-99,3.49796e-101,4.95677e-102,4.29837e-108,1.20302e-102,2.40392e-102,2.37148e-107,4.2567e-109,4.26062e-109,1.71561e-107,1.04503e-107,7.77049e-108,1.03778e-112,3.79696e-111,2.36865e-111,1.95951e-110,4.16323e-116,7.65768e-99,4.36279e-98,4.20794e-99,6.98291e-99,5.9233e-103,3.28225e-113,4.67726e-109,4.65062e-103,3.23105e-109,1.27209e-108,
160,2.64439e-116,1.38116e-100,7.47721e-103,1.05954e-103,6.78437e-110,2.57312e-104,5.14172e-104,4.97571e-109,6.71858e-111,6.72477e-111,2.70784e-109,1.64944e-109,1.22646e-109,1.49821e-114,5.47859e-113,3.41769e-113,2.82724e-112,6.57106e-118,1.63782e-100,9.33089e-100,8.99995e-101,1.49342e-100,1.26618e-104,5.18056e-115,7.38238e-111,9.94101e-105,5.10016e-111,2.00798e-110,
161,4.17763e-118,2.95336e-102,1.59835e-104,2.26488e-105,1.07082e-111,5.50338e-106,1.09971e-105,1.04896e-110,1.06043e-112,1.06141e-112,4.27394e-111,2.6034e-111,1.93579e-111,2.16303e-116,7.905e-115,4.93137e-115,4.07923e-114,1.03715e-119,3.50283e-102,1.99556e-101,1.92483e-102,3.19384e-102,2.70668e-106,8.17677e-117,1.1652e-112,2.125e-106,8.05073e-113,3.1697e-112,
162,6.58098e-120,6.31516e-104,3.41676e-106,4.84151e-107,1.69014e-113,1.17702e-107,2.35197e-107,2.21939e-112,1.67374e-114,1.67528e-114,6.74581e-113,4.10909e-113,3.05537e-113,3.12307e-118,1.14061e-116,7.11547e-117,5.88564e-116,1.63699e-121,7.49128e-104,4.26771e-103,4.11654e-104,6.83018e-104,5.78607e-108,1.29059e-118,1.8391e-114,4.54252e-108,1.27088e-114,5.00374e-114,
163,1.04e-121,1.35035e-105,7.30404e-108,1.03496e-108,2.66765e-115,2.51721e-109,5.03001e-109,4.70855e-114,2.64176e-116,2.64419e-116,1.06473e-114,6.48561e-115,4.82246e-115,4.50948e-120,1.64579e-118,1.0267e-118,8.49199e-118,2.58375e-123,1.60207e-105,9.12664e-105,8.80353e-106,1.46063e-105,1.23691e-109,2.037e-120,2.90276e-116,9.7105e-110,2.00629e-116,7.89946e-116,
164,1.64251e-123,2.88737e-107,1.56141e-109,2.21246e-110,4.21052e-117,5.38324e-111,1.07571e-110,1.00098e-115,4.16964e-118,4.17348e-118,1.68052e-116,1.02366e-116,7.61156e-117,6.51184e-122,2.37473e-120,1.48143e-120,1.22525e-119,4.07807e-125,3.42604e-107,1.95172e-106,1.88265e-107,3.12346e-107,2.64422e-111,3.21512e-122,4.58159e-118,2.07584e-111,3.16748e-118,1.24719e-117,
165,2.59115e-125,6.17382e-109,3.33794e-111,4.72969e-112,6.64574e-119,1.15121e-112,2.30042e-112,2.13117e-117,6.58117e-120,6.58724e-120,2.65246e-118,1.6157e-118,1.20138e-118,9.40402e-124,3.42654e-122,2.13759e-122,1.76783e-121,6.43665e-127,7.32646e-109,4.17361e-108,4.02599e-109,6.6792e-109,5.65278e-113,5.0746e-124,7.23139e-120,4.43763e-113,5.00122e-120,1.96932e-119,
166,4.09578e-127,1.32008e-110,7.13584e-113,1.0111e-113,1.04894e-120,2.46183e-114,4.91936e-114,4.54256e-119,1.03874e-121,1.0397e-121,4.18653e-120,2.55015e-120,1.8962e-120,1.35819e-125,4.94425e-124,3.0844e-124,2.55068e-123,1.01593e-128,1.5667e-110,8.9248e-110,8.60925e-111,1.42825e-110,1.20846e-114,8.00953e-126,1.14137e-121,9.48667e-115,7.89757e-122,3.11002e-121,
167,6.4459e-129,2.82257e-112,1.52551e-114,2.16154e-115,1.65563e-122,5.26441e-116,1.05197e-115,9.69043e-121,1.63951e-123,1.64102e-123,6.60784e-122,4.02505e-122,2.99288e-122,1.96177e-127,7.13424e-126,4.45061e-126,3.68021e-125,1.6035e-130,3.35019e-112,1.90843e-111,1.84098e-112,3.05406e-112,2.58348e-116,1.26419e-127,1.80149e-123,2.02807e-116,1.24734e-123,4.9124e-123,
168,1.02376e-130,6.03509e-114,3.26129e-116,4.62098e-117,2.61321e-124,1.12573e-117,2.2495e-117,2.06848e-122,2.58773e-125,2.59011e-125,1.04295e-123,6.35296e-124,4.72383e-124,2.83386e-129,1.02943e-127,6.42202e-128,5.30993e-127,2.5309e-132,7.16384e-114,4.08083e-113,3.93664e-114,6.53045e-114,5.5231e-118,1.99534e-129,2.84339e-125,4.33565e-118,1.97051e-125,7.76141e-125,
169,1.59981e-132,1.29039e-115,6.97217e-118,9.87894e-119,4.12466e-126,2.40719e-119,4.81019e-119,4.41729e-124,4.08436e-127,4.08812e-127,1.64615e-125,1.00272e-125,7.45589e-126,4.0941e-131,1.48543e-129,9.26674e-130,7.66135e-129,3.99466e-134,1.53185e-115,8.72597e-115,8.41774e-116,1.39638e-115,1.18077e-119,3.14936e-131,4.48789e-127,9.26895e-120,3.11394e-127,1.22671e-126,
170,2.54754e-134,2.75902e-117,1.49056e-119,2.11198e-120,6.51037e-128,5.14729e-121,1.02856e-120,9.43632e-126,6.44657e-129,6.45251e-129,2.59821e-127,1.58266e-127,1.17681e-127,5.91547e-133,2.14343e-131,1.33717e-131,1.10541e-130,6.305e-136,3.2755e-117,1.86583e-116,1.79994e-117,2.98579e-117,2.52434e-121,4.97081e-133,7.08349e-129,1.98157e-121,4.92297e-129,1.9398e-128,
171,3.99897e-136,5.8991e-119,3.18665e-121,4.51515e-122,1.02761e-129,1.10063e-122,2.19935e-122,2.0163e-127,1.0175e-130,1.01844e-130,4.10091e-129,2.498e-129,1.85742e-129,8.54825e-135,3.09293e-133,1.92952e-133,1.59492e-132,9.95154e-138,7.00383e-119,3.98958e-118,3.84872e-119,6.38424e-119,5.39678e-123,7.84572e-135,1.11803e-130,4.23636e-123,7.78744e-131,3.0694e-130,
172,6.23691e-138,1.26129e-120,6.81273e-123,9.65289e-124,1.62202e-131,2.35342e-124,4.70275e-124,4.30907e-129,1.60598e-132,1.60746e-132,6.47269e-131,3.94273e-131,2.93167e-131,1.23546e-136,4.4631e-135,2.78431e-135,2.3012e-134,1.57071e-139,1.49757e-120,8.53055e-120,8.22942e-121,1.36507e-120,1.15378e-124,1.23833e-136,1.76465e-132,9.05689e-125,1.23282e-132,4.86109e-132,
173,1.02186e-139,2.69676e-122,1.4565e-124,2.06369e-125,2.5603e-133,5.03213e-126,1.00555e-125,9.21016e-131,2.5348e-134,2.53714e-134,1.02162e-132,6.22303e-133,4.62722e-133,1.78585e-138,6.44032e-137,4.01782e-137,3.32026e-136,2.47914e-141,3.20211e-122,1.82399e-121,1.75961e-122,2.91876e-122,2.46669e-126,1.95453e-138,2.78524e-134,1.93628e-126,1.95371e-134,7.70778e-134,
174,1.61681e-141,5.76591e-124,3.11388e-126,4.412e-127,4.04145e-135,1.07597e-127,2.15007e-127,1.96875e-132,4.00083e-136,4.00451e-136,1.61248e-134,9.82216e-135,7.3034e-135,2.58188e-140,9.29358e-139,5.79788e-139,4.7906e-138,3.91296e-143,6.84668e-124,3.9e-123,3.76237e-124,6.24075e-124,5.27362e-128,3.08495e-140,4.3961e-136,4.13959e-128,3.1005e-136,1.2241e-135,
175,2.48833e-143,1.2328e-125,6.65727e-128,9.43252e-129,6.37968e-137,2.30061e-129,4.59724e-129,4.20867e-134,6.31474e-138,6.32055e-138,2.54507e-136,1.55029e-136,1.15274e-136,3.73343e-142,1.34111e-140,8.3667e-141,6.91206e-140,6.17605e-145,1.46393e-125,8.33879e-125,8.04457e-126,1.33436e-125,1.12747e-129,4.86915e-142,6.93862e-138,8.85015e-130,4.92971e-138,1.94818e-137,
176,3.83396e-145,2.63581e-127,1.42328e-129,2.01661e-130,1.00712e-138,4.91908e-131,9.82965e-131,8.99743e-136,9.9669e-140,9.97608e-140,4.01703e-138,2.44691e-138,1.81943e-138,5.39967e-144,1.93532e-142,1.20738e-142,9.97299e-142,9.74801e-147,3.1301e-127,1.78295e-126,1.72005e-127,2.85303e-127,2.41046e-131,7.68526e-144,1.09516e-139,1.8921e-131,7.85785e-140,3.10937e-139,
177,6.05136e-147,5.63553e-129,3.0429e-131,4.3114e-132,1.58997e-140,1.05177e-132,2.10172e-132,1.92356e-137,1.57313e-141,1.57458e-141,6.34031e-140,3.86209e-140,2.87171e-140,7.81128e-146,2.79285e-144,1.74238e-144,1.43894e-143,1.53858e-148,6.69256e-129,3.81216e-128,3.67769e-129,6.1001e-129,5.15345e-133,1.21301e-145,1.72856e-141,4.04521e-133,1.25672e-141,4.98136e-141,
178,1.01825e-148,1.20491e-130,6.50558e-133,9.21754e-134,2.51035e-142,2.24883e-134,4.49376e-134,4.1125e-139,2.48297e-143,2.48525e-143,1.00073e-141,6.09576e-142,4.53259e-142,1.13027e-147,4.03042e-146,2.51449e-146,2.07617e-145,2.42843e-150,1.43095e-130,8.15083e-130,7.86334e-131,1.30427e-130,1.10179e-134,1.91456e-147,2.72828e-143,8.64845e-135,2.01875e-143,8.01985e-143,
179,1.56342e-150,2.57617e-132,1.39087e-134,1.97067e-135,3.96395e-144,4.80826e-136,9.6082e-136,8.79248e-141,3.91901e-145,3.92262e-145,1.5795e-143,9.62128e-144,7.15404e-144,1.63588e-149,5.81649e-148,3.62881e-148,2.99559e-147,3.83294e-152,3.05953e-132,1.74273e-131,1.68127e-132,2.78864e-132,2.35558e-136,3.02186e-149,4.3062e-145,1.849e-136,3.26159e-145,1.29949e-144,
180,1.76862e-152,5.50797e-134,2.97362e-136,4.21321e-137,6.26023e-146,1.02806e-137,2.05434e-137,1.87985e-142,6.18555e-147,6.1913e-147,2.49302e-145,1.51858e-145,1.12916e-145,2.36835e-151,8.39423e-150,5.23708e-150,4.32217e-149,6.04974e-154,6.54157e-134,3.72612e-133,3.59472e-134,5.96235e-134,5.03615e-138,4.76957e-151,6.79672e-147,3.95309e-138,5.3089e-147,2.12306e-146,
181,3.32593e-154,1.17763e-135,6.35752e-138,9.00771e-139,9.88878e-148,2.19809e-139,4.39238e-139,4.01917e-144,9.76296e-149,9.77209e-149,3.93488e-147,2.39686e-147,1.78223e-147,3.42983e-153,1.21146e-151,7.55829e-152,6.23622e-151,9.54866e-156,1.39865e-135,7.96675e-135,7.68583e-136,1.2748e-135,1.07672e-139,7.52809e-153,1.07277e-148,8.45158e-140,8.72346e-149,3.50488e-148,
182,4.92858e-156,2.51782e-137,1.35922e-139,1.92582e-140,1.56249e-149,4.69971e-141,9.3913e-141,8.59314e-146,1.54094e-150,1.54239e-150,6.21064e-149,3.7831e-149,2.81299e-149,4.96872e-155,1.74844e-153,1.09086e-153,8.99792e-153,1.50712e-157,2.99042e-137,1.70335e-136,1.64329e-137,2.72561e-137,2.30199e-141,1.1882e-154,1.69321e-150,1.80692e-141,1.45045e-150,5.86108e-150,
183,1.33035e-157,5.38321e-139,2.90598e-141,4.11736e-142,2.46978e-151,1.00484e-142,2.00794e-142,1.83725e-147,2.43217e-152,2.43444e-152,9.80261e-151,5.97108e-151,4.43991e-151,7.20067e-157,2.5235e-155,1.57444e-155,1.29827e-154,2.37878e-159,6.39373e-139,3.64189e-138,3.51348e-139,5.82753e-139,4.92162e-143,1.87541e-156,2.67249e-152,3.86316e-143,2.44663e-152,9.95456e-152,
184,2.12593e-159,1.15095e-140,6.21294e-143,8.80283e-144,3.90592e-153,2.14842e-144,4.29312e-144,3.92814e-149,3.8389e-154,3.84243e-154,1.5472e-152,9.4245e-153,7.00779e-153,1.04393e-158,3.64224e-157,2.27247e-157,1.8732e-156,3.75457e-161,1.36702e-140,7.78658e-140,7.51207e-141,1.24596e-140,1.05223e-144,2.96006e-158,4.21816e-154,8.25935e-145,4.19799e-154,1.72164e-153,
185,2.67792e-161,2.46077e-142,1.32832e-144,1.88203e-145,6.18146e-155,4.59346e-146,9.17897e-146,8.39856e-151,6.05924e-156,6.06475e-156,2.44204e-154,1.48752e-154,1.10608e-154,1.5141e-160,5.25712e-159,3.28009e-159,2.70276e-158,5.92606e-163,2.92278e-142,1.66482e-141,1.60613e-142,2.66393e-142,2.24966e-146,4.67204e-160,6.65778e-156,1.76584e-146,7.34502e-156,3.03903e-155,
186,2.55106e-163,5.2612e-144,2.83992e-146,4.02375e-147,9.79187e-157,9.82109e-148,1.96252e-147,1.79565e-152,9.56365e-158,9.5724e-158,3.8544e-156,2.34784e-156,1.7458e-156,2.19704e-162,7.58826e-161,4.73465e-161,3.8997e-160,9.35347e-165,6.24907e-144,3.55947e-143,3.43399e-144,5.69561e-144,4.80975e-148,7.37417e-162,1.05084e-157,3.77533e-148,1.31305e-157,5.48444e-157,
187,-1.60041e-165,1.12486e-145,6.07173e-148,8.60273e-149,1.55306e-158,2.09981e-149,4.19598e-149,3.83919e-154,1.50944e-159,1.51088e-159,6.08363e-158,3.70573e-158,2.75552e-158,3.1896e-164,1.09535e-162,6.83451e-163,5.62672e-162,1.47632e-166,1.33608e-145,7.61032e-145,7.34205e-146,1.21775e-145,1.02832e-149,1.16391e-163,1.65861e-159,8.07161e-150,2.40118e-159,1.01269e-158,
188,2.57781e-166,2.40498e-147,1.29813e-149,1.83926e-150,2.46742e-160,4.48949e-151,8.97123e-151,8.20837e-156,2.38253e-161,2.38473e-161,9.60214e-160,5.84896e-160,4.34924e-160,4.63307e-166,1.58119e-164,9.86612e-165,8.11858e-164,2.33017e-168,2.85661e-147,1.62712e-146,1.56976e-147,2.6036e-147,2.19854e-151,1.83707e-165,2.6179e-161,1.7257e-151,4.49274e-161,1.91277e-160,
189,-3.56074e-168,5.14192e-149,2.77539e-151,3.93232e-152,3.92899e-162,9.59875e-153,1.91809e-152,1.75498e-157,3.76022e-163,3.76402e-163,1.51556e-161,9.23174e-162,6.86474e-162,6.73368e-168,2.28262e-166,1.42432e-166,1.1714e-165,3.67788e-170,6.10755e-149,3.47885e-148,3.35623e-149,5.56659e-149,4.70048e-153,2.89957e-167,4.13203e-163,3.68954e-153,8.59378e-163,3.69121e-162,
190,5.34084e-170,1.09935e-150,5.93378e-153,8.40727e-154,6.27514e-164,2.05225e-154,4.10096e-154,3.75223e-159,5.93514e-165,5.94108e-165,2.3921e-163,1.4571e-163,1.08352e-163,9.79283e-170,3.29538e-168,2.05631e-168,1.69018e-167,5.80508e-172,1.30582e-150,7.43791e-150,7.17575e-151,1.19016e-150,1.00496e-154,4.57659e-169,6.52191e-165,7.88822e-155,1.67767e-164,7.26318e-164,
191,-2.75845e-171,2.35045e-152,1.26864e-154,1.79747e-155,1.00622e-165,4.3878e-156,8.76802e-156,8.02242e-161,9.3659e-167,9.37741e-167,3.77559e-165,2.29982e-165,1.71023e-165,1.42514e-171,4.75775e-170,2.96891e-170,2.43872e-169,9.16266e-174,2.79189e-152,1.59025e-151,1.5342e-152,2.5446e-152,2.1486e-156,7.22357e-171,1.02941e-166,1.6865e-156,3.33485e-166,1.45365e-165,
192,1.33024e-173,5.0253e-154,2.71235e-156,3.84299e-157,1.6219e-167,9.38129e-158,1.87464e-157,1.71522e-162,1.47828e-168,1.48015e-168,5.95924e-167,3.62994e-167,2.69944e-167,2.07548e-173,6.86948e-172,4.2868e-172,3.51878e-171,1.44623e-175,5.96916e-154,3.40001e-153,3.28018e-154,5.44042e-154,4.59372e-158,1.14015e-172,1.62481e-168,3.60573e-158,6.73216e-168,2.95132e-167,
193,-1.05663e-174,1.07442e-155,5.79901e-158,8.21631e-159,2.63206e-169,2.00575e-159,4.00804e-159,3.6672e-164,2.33257e-170,2.33632e-170,9.40583e-169,5.72933e-169,4.26087e-169,3.02496e-175,9.91916e-174,6.19011e-174,5.07718e-173,2.28274e-177,1.27623e-155,7.26933e-155,7.01312e-156,1.16318e-155,9.82137e-160,1.7996e-174,2.56463e-170,7.70905e-160,1.37656e-169,6.0628e-169,
194,-2.12707e-178,2.29713e-157,1.23983e-159,1.75665e-160,4.30851e-171,4.28836e-161,8.56931e-161,7.8406e-166,3.68149e-172,3.6878e-172,1.48458e-170,9.04293e-171,6.72558e-171,4.41248e-177,1.43238e-175,8.93915e-176,7.32581e-175,3.60313e-179,2.72861e-157,1.5542e-156,1.49943e-157,2.48691e-157,2.09981e-161,2.84047e-176,4.04807e-172,1.6482e-161,2.84401e-171,1.25722e-170,
195,5.22301e-178,4.91131e-159,2.65076e-161,3.75571e-162,7.13004e-173,9.16864e-163,1.83215e-162,1.67634e-167,5.81458e-174,5.82122e-174,2.34321e-172,1.4273e-172,1.06163e-172,6.44221e-179,2.06859e-177,1.29101e-177,1.05704e-176,5.68737e-181,5.83384e-159,3.32293e-158,3.20582e-159,5.31707e-159,4.4894e-163,4.48341e-178,6.38972e-174,3.52385e-163,5.92414e-173,2.62639e-172,
196,1.82088e-180,1.05005e-160,5.66733e-163,8.02973e-164,1.19587e-174,1.96028e-164,3.91718e-164,3.58407e-169,9.1818e-176,9.18914e-176,3.69845e-174,2.25278e-174,1.67582e-174,9.4146e-181,2.98764e-179,1.86467e-179,1.5252e-178,8.97743e-183,1.24729e-160,7.10451e-160,6.85412e-161,1.1368e-160,9.59836e-165,7.07674e-180,1.00864e-175,7.53399e-165,1.24191e-174,5.51809e-174,
197,3.84134e-181,2.24502e-162,1.21168e-164,1.71676e-165,2.03825e-176,4.19113e-166,8.37503e-166,7.66284e-171,1.45225e-177,1.45063e-177,5.83753e-176,3.5557e-176,2.64545e-176,1.37725e-182,4.31542e-181,2.69351e-181,2.20072e-180,1.41711e-184,2.66674e-162,1.51896e-161,1.46543e-162,2.43051e-162,2.05213e-166,1.11703e-181,1.59222e-177,1.61077e-166,2.61626e-176,1.16444e-175,
198,-1.43327e-183,4.79989e-164,2.59057e-166,3.67044e-167,3.53942e-178,8.96075e-168,1.7906e-167,1.63834e-172,2.29294e-179,2.29014e-179,9.21383e-178,5.61216e-178,4.17636e-178,2.01695e-184,6.23395e-183,3.89117e-183,3.17545e-182,2.23704e-186,5.70155e-164,3.24757e-163,3.13312e-164,5.19648e-164,4.38747e-168,1.76325e-183,2.51367e-179,3.44383e-168,5.53211e-178,2.46539e-177,
199,6.04575e-185,1.02622e-165,5.53866e-168,7.84741e-169,6.27552e-180,1.91583e-169,3.82835e-169,3.5028e-174,3.62383e-181,3.61582e-181,1.4543e-179,8.85798e-180,6.59367e-180,2.95722e-186,9.00642e-185,5.62203e-185,4.58193e-184,3.53156e-188,1.219e-165,6.94338e-165,6.69868e-166,1.11102e-165,9.38045e-170,2.7834e-185,3.96853e-181,7.36294e-170,1.17307e-179,5.23284e-179,
200,9.65573e-187,2.19408e-167,1.18417e-169,1.67778e-170,1.13782e-181,4.09609e-171,8.1851e-171,7.48907e-176,5.72827e-183,5.70951e-183,2.29545e-181,1.39811e-181,1.04112e-181,4.34117e-188,1.30135e-186,8.12386e-187,6.61141e-186,5.57559e-190,2.60626e-167,1.48451e-166,1.43219e-167,2.37538e-167,2.00555e-171,4.39401e-187,6.26603e-183,1.5742e-171,2.49273e-181,1.11276e-180,
