BEGIN_LIST
0.00132604
0.00132572
0.00132538
0.00132502
0.00132463
0.0013242
0.00132375
0.00132326
0.00132273
0.00132216
0.00132155
0.00132089
0.00132018
0.00131942
0.0013186
0.00131771
0.00131672
0.0013156
0.00131422
0.00131224
0.0012607
0.00132999
0.00123925
0.00132999
0.00121216
0.00132999
0.0011785
0.00132999
0.00113747
0.00132998
0.00108852
0.00132998
0.00103152
0.00132997
0.000966877
0.00132996
0.000895617
0.00132995
0.000819322
0.00132994
0.000740018
0.00132992
0.000659958
0.0013299
0.000581384
0.00132987
0.000506317
0.00132983
0.000436424
0.00132978
0.000373029
0.00132972
0.000317303
0.00132964
0.000270807
0.00132953
0.000236699
0.00132939
0.000222398
0.00132872
0.00034082
0.000243219
0.000283865
0.000593828
0.00121301
0.000305666
0.000259088
0.000306657
0.000547935
0.00118135
0.000273211
0.000275276
0.000342113
0.000503465
0.00114307
0.000243446
0.000291949
0.000385832
0.000460749
0.00109771
0.000216311
0.000309204
0.000435569
0.000420056
0.0010451
0.000191709
0.000327096
0.000490015
0.000381589
0.000985512
0.000169513
0.000345656
0.000548189
0.000345488
0.000919686
0.000149576
0.000364894
0.00060916
0.000311833
0.000848848
0.00013174
0.00038481
0.000671929
0.000280651
0.000774616
0.000115839
0.000405394
0.000735408
0.000251924
0.000698849
0.000101708
0.000426628
0.000798453
0.000225592
0.000623468
8.91852e-05
0.000448486
0.000859921
0.000201567
0.000550265
7.81142e-05
0.000470938
0.000918747
0.000179733
0.000480746
6.83482e-05
0.000493946
0.000974007
0.000159952
0.000416017
5.97498e-05
0.000517467
0.00102498
0.000142062
0.000356699
5.21922e-05
0.000541452
0.00107119
0.000125863
0.000302829
4.55592e-05
0.000565848
0.00111239
0.000111084
0.000253628
3.97452e-05
0.000590595
0.00114855
9.72999e-05
0.000206872
3.46632e-05
0.000615632
0.00117984
8.374e-05
0.000157242
2.93046e-05
0.000640892
0.00120657
6.88653e-05
9.19143e-05
3.75889e-05
2.71849e-05
0.000742394
0.000892411
0.000468336
0.0012257
1.63161e-05
0.000259874
8.88658e-05
3.98595e-05
3.07721e-05
2.41742e-05
0.000549831
0.00102533
0.000337514
0.00123919
1.57726e-05
0.000183349
7.76637e-05
1.05299e-05
2.51713e-05
2.14921e-05
0.000383152
0.00109051
0.000241507
0.00125109
1.52273e-05
0.000127172
6.78042e-05
2.80672e-06
2.05763e-05
1.91037e-05
0.00025478
0.0011324
0.000174674
0.00126155
1.46793e-05
8.71404e-05
5.9143e-05
8.00831e-07
1.68111e-05
1.69777e-05
0.000163883
0.00116403
0.000130199
0.00127072
1.4128e-05
5.9204e-05
5.15475e-05
2.88253e-07
1.37288e-05
1.50858e-05
0.000103096
0.00118986
0.000102011
0.00127874
1.35727e-05
3.99887e-05
4.48964e-05
1.65231e-07
1.12076e-05
1.34029e-05
6.39316e-05
0.00121165
8.53744e-05
0.00128574
1.30125e-05
2.69024e-05
3.90798e-05
1.44729e-07
9.14668e-06
1.19061e-05
3.92882e-05
0.00123023
7.68651e-05
0.00129183
1.24466e-05
1.80496e-05
3.39989e-05
1.52315e-07
7.46295e-06
1.05754e-05
2.4009e-05
0.00124609
7.41201e-05
0.00129712
1.18742e-05
1.20881e-05
2.9565e-05
1.68836e-07
6.08796e-06
9.39237e-06
1.46213e-05
0.00125961
7.55669e-05
0.00130171
1.12943e-05
8.08561e-06
2.56989e-05
1.89523e-07
4.96551e-06
8.34098e-06
8.88556e-06
0.00127107
8.01928e-05
0.00130568
1.07061e-05
5.40398e-06
2.23307e-05
2.13372e-07
4.04947e-06
7.4067e-06
5.39294e-06
0.00128077
8.73725e-05
0.00130912
1.01084e-05
3.60974e-06
1.93979e-05
2.40385e-07
3.30206e-06
6.5766e-06
3.2706e-06
0.00128895
9.67437e-05
0.00131208
9.50035e-06
2.41034e-06
1.68459e-05
2.70859e-07
2.69233e-06
5.83917e-06
1.98255e-06
0.00129582
0.000108123
0.00131464
8.88076e-06
1.60907e-06
1.46262e-05
3.05207e-07
2.19491e-06
5.18414e-06
1.20143e-06
0.00130159
0.000121445
0.00131684
8.24852e-06
1.07399e-06
1.26965e-05
3.43913e-07
1.78891e-06
4.60237e-06
7.27944e-07
0.00130641
0.000136728
0.00131873
7.6024e-06
7.16771e-07
1.10195e-05
3.87526e-07
1.45665e-06
4.08575e-06
4.41032e-07
0.00131044
0.00015404
0.00132036
6.94115e-06
4.78343e-07
9.56251e-06
4.36669e-07
1.18176e-06
3.6271e-06
2.6725e-07
0.00131379
0.000173483
0.00132177
6.26343e-06
3.19337e-07
8.29719e-06
4.92042e-07
9.44411e-07
3.22033e-06
1.62159e-07
0.00131659
0.00019518
0.00132297
5.56784e-06
2.14478e-07
7.20318e-06
5.54434e-07
7.06788e-07
2.86102e-06
9.91653e-08
0.00131891
0.000219257
0.001324
4.85289e-06
1.57294e-07
6.46442e-06
6.24734e-07
2.59112e-07
1.39411e-07
2.60177e-06
6.7735e-08
0.00131712
0.00118667
0.000253553
0.00011866
2.33916e-05
6.86389e-07
1.46495e-07
1.38696e-07
2.42585e-06
5.34422e-08
0.00131627
0.00119056
0.000299862
9.59193e-05
1.58859e-05
7.36787e-07
8.31925e-08
1.41629e-07
2.26181e-06
4.21698e-08
0.00131538
0.00119417
0.000352611
7.72923e-05
1.0784e-05
7.9055e-07
4.7711e-08
1.49718e-07
2.10885e-06
3.32832e-08
0.00131442
0.00119759
0.000411718
6.21224e-05
7.32202e-06
8.48075e-07
2.79502e-08
1.65207e-07
1.96622e-06
2.62839e-08
0.0013134
0.00120087
0.000476799
4.98257e-05
4.97585e-06
9.09707e-07
1.7106e-08
1.91426e-07
1.83322e-06
2.07823e-08
0.00131232
0.00120406
0.000547097
3.98958e-05
3.38744e-06
9.75779e-07
1.13616e-08
2.33309e-07
1.70921e-06
1.6478e-08
0.00131117
0.00120716
0.000621437
3.19016e-05
2.31304e-06
1.04663e-06
8.58738e-09
2.98162e-07
1.59358e-06
1.31463e-08
0.00130995
0.00121018
0.00069825
2.54814e-05
1.58703e-06
1.12261e-06
7.6099e-09
3.96793e-07
1.48576e-06
1.06315e-08
0.00130865
0.00121313
0.000775661
2.03356e-05
1.09706e-06
1.2041e-06
7.80111e-09
5.45186e-07
1.38523e-06
8.84916e-09
0.00130727
0.00121602
0.000851638
1.62175e-05
7.66968e-07
1.2915e-06
0.00130581
0.00121884
0.000924191
1.29262e-05
0.00130425
0.00122159
0.00099157
1.02982e-05
0.0013026
0.00122429
0.00105244
8.20165e-06
0.00130083
0.00122693
0.00110596
6.53004e-06
0.00129896
0.0012295
0.00115184
5.19796e-06
0.00129693
0.00123202
0.00119026
4.13686e-06
0.0012947
0.00123448
0.00122173
3.29191e-06
0.00129206
0.00123689
0.00124703
2.6193e-06
0.00128841
0.00123924
0.00126703
2.08641e-06
0.00128176
0.00124154
0.00128262
1.74879e-06
0.00132995
0.000987724
0.00132995
0.00079401
0.00132994
0.000614295
0.00132993
0.000474559
0.00132992
0.000382544
0.0013299
0.000334658
0.00132989
0.000323391
0.00132987
0.000341444
0.00132985
0.000383042
0.00132983
0.000443808
0.00132981
0.00052011
0.00132978
0.000608372
0.00132974
0.000704589
0.0013297
0.000804171
0.00132965
0.000902159
0.0013296
0.000993772
0.00132954
0.00107508
0.00132947
0.00114359
0.00132938
0.00119842
0.00132929
0.00124021
0.00132915
0.00132897
0.00132874
0.00132845
0.00132811
0.00132769
0.00132717
0.00132654
0.00132576
0.00132481
0.00132365
0.00132223
0.00132049
0.00131836
0.00131576
0.00131259
0.00130872
0.00130403
0.00129811
0.00129239
END_LIST
