BEGIN_LIST
0.00108488
0.0010694
0.00105327
0.00103649
0.00101906
0.001001
0.000982326
0.000963056
0.000943214
0.000922829
0.000901933
0.000880562
0.000858752
0.000836535
0.00081393
0.000790906
0.0007673
0.000742581
0.000715229
0.000680979
0.000489669
0.0011161
0.000420075
0.00106968
0.000357008
0.0010167
0.00030091
0.000957441
0.000251812
0.000892621
0.000209432
0.000823363
0.000173277
0.00075114
0.000142734
0.000677652
0.000117145
0.000604666
9.58515e-05
0.000533852
7.82319e-05
0.000466643
6.372e-05
0.000404142
5.18135e-05
0.000347086
4.20765e-05
0.000295858
3.41377e-05
0.000250529
2.76883e-05
0.000210928
2.24813e-05
0.000176708
1.83413e-05
0.000147412
1.51954e-05
0.000122443
1.31593e-05
9.69638e-05
1.99963e-05
1.37799e-05
1.59417e-05
8.46966e-06
3.24772e-05
1.7403e-05
1.47806e-05
1.68165e-05
7.43421e-06
2.66323e-05
1.51425e-05
1.58552e-05
1.89539e-05
6.52484e-06
2.18256e-05
1.3173e-05
1.70082e-05
2.19914e-05
5.72632e-06
1.78771e-05
1.14577e-05
1.82446e-05
2.58153e-05
5.02523e-06
1.46368e-05
9.9643e-06
1.95703e-05
3.04368e-05
4.40974e-06
1.19797e-05
8.66437e-06
2.09911e-05
3.59352e-05
3.86945e-06
9.80212e-06
7.53318e-06
2.25138e-05
4.24323e-05
3.39523e-06
8.0185e-06
6.54902e-06
2.41452e-05
5.00824e-05
2.97901e-06
6.55818e-06
5.69294e-06
2.5893e-05
5.90677e-05
2.61373e-06
5.36295e-06
4.9484e-06
2.7765e-05
6.9598e-05
2.29314e-06
4.38495e-06
4.30095e-06
2.97698e-05
8.19101e-05
2.01178e-06
3.58481e-06
3.738e-06
3.19164e-05
9.62674e-05
1.76479e-06
2.93015e-06
3.24857e-06
3.42143e-05
0.000112959
1.54784e-06
2.39422e-06
2.82311e-06
3.66737e-05
0.000132294
1.35696e-06
1.95463e-06
2.45327e-06
3.93053e-05
0.000154601
1.18836e-06
1.5919e-06
2.13182e-06
4.21206e-05
0.000180211
1.0379e-06
1.28742e-06
1.85243e-06
4.51316e-05
0.000209452
9.00326e-07
1.01946e-06
1.61003e-06
4.83509e-05
0.000242623
7.67286e-07
7.54818e-07
1.3563e-06
5.17921e-05
0.000279978
6.23273e-07
4.29343e-07
1.74149e-06
1.25535e-06
6.23368e-05
8.86866e-05
3.48227e-05
0.000314244
1.44079e-07
2.50116e-06
4.14387e-07
1.83871e-07
1.41966e-06
1.11413e-06
3.82778e-05
0.000120365
2.38984e-05
0.000344434
1.39231e-07
1.66953e-06
3.59245e-07
5.03078e-08
1.15727e-06
9.88778e-07
2.33797e-05
0.000145017
1.68859e-05
0.000376527
1.3437e-07
1.11424e-06
3.11439e-07
1.59321e-08
9.43341e-07
8.77524e-07
1.42334e-05
0.000168747
1.24766e-05
0.000410514
1.2949e-07
7.43559e-07
2.69994e-07
7.36534e-09
7.68942e-07
7.78781e-07
8.64797e-06
0.000193937
9.80261e-06
0.00044634
1.24584e-07
4.96158e-07
2.34063e-07
5.54929e-09
6.26772e-07
6.91145e-07
5.24797e-06
0.000221599
8.29459e-06
0.000483901
1.19647e-07
3.31058e-07
2.02914e-07
5.53881e-09
5.1088e-07
6.13366e-07
3.18235e-06
0.000252216
7.58235e-06
0.000523048
1.14671e-07
2.20889e-07
1.75909e-07
6.05589e-09
4.16412e-07
5.44337e-07
1.9289e-06
0.000286047
7.42813e-06
0.000563587
1.09648e-07
1.47379e-07
1.52498e-07
6.77595e-09
3.39408e-07
4.83075e-07
1.16884e-06
0.000323227
7.68188e-06
0.000605278
1.04572e-07
9.83309e-08
1.32202e-07
7.62306e-09
2.76641e-07
4.28705e-07
7.08154e-07
0.000363793
8.2518e-06
0.000647846
9.94329e-08
6.56055e-08
1.14607e-07
8.5869e-09
2.2548e-07
3.80452e-07
4.29e-07
0.000407681
9.08503e-06
0.000690982
9.42239e-08
4.37711e-08
9.9354e-08
9.67542e-09
1.8378e-07
3.3763e-07
2.59873e-07
0.000454722
1.01551e-05
0.000734348
8.89357e-08
2.92034e-08
8.61307e-08
1.09027e-08
1.4979e-07
2.99627e-07
1.57416e-07
0.000504628
1.14538e-05
0.000777594
8.35593e-08
1.9484e-08
7.46672e-08
1.22858e-08
1.22084e-07
2.659e-07
9.53514e-08
0.000556989
1.29862e-05
0.000820362
7.80851e-08
1.29993e-08
6.47294e-08
1.38444e-08
9.94958e-08
2.3597e-07
5.77565e-08
0.000611276
1.47672e-05
0.000862299
7.25029e-08
8.6729e-09
5.61142e-08
1.56007e-08
8.10646e-08
2.09408e-07
3.49844e-08
0.000666855
1.68198e-05
0.000903072
6.68023e-08
5.78639e-09
4.86457e-08
1.75798e-08
6.59737e-08
1.85837e-07
2.11916e-08
0.00072301
1.91739e-05
0.000942373
6.0972e-08
3.86066e-09
4.21711e-08
1.98101e-08
5.34462e-08
1.64925e-07
1.28396e-08
0.000778973
2.1866e-05
0.000979933
5.50005e-08
2.57685e-09
3.65587e-08
2.23232e-08
4.24766e-08
1.46389e-07
7.78996e-09
0.000833969
2.49387e-05
0.00101553
4.88756e-08
1.73043e-09
3.1714e-08
2.51552e-08
3.10064e-08
1.30024e-07
4.76345e-09
0.00088725
2.84414e-05
0.00104898
4.25843e-08
1.26891e-09
2.84461e-08
2.83465e-08
1.10459e-08
5.83889e-09
1.18221e-07
3.25351e-09
0.00088188
0.000552073
3.36209e-05
1.08289e-06
2.06888e-07
3.11455e-08
6.2475e-09
5.55858e-09
1.10214e-07
2.56689e-09
0.000863139
0.000564543
4.09768e-05
8.61313e-07
1.40635e-07
3.34337e-08
3.55131e-09
5.32621e-09
1.0275e-07
2.02537e-09
0.000844101
0.000575282
4.99343e-05
6.85055e-07
9.58634e-08
3.5875e-08
2.04114e-09
5.15394e-09
9.57908e-08
1.59844e-09
0.000824794
0.000585108
6.07993e-05
5.44853e-07
6.56253e-08
3.84872e-08
1.20134e-09
5.06038e-09
8.9303e-08
1.26212e-09
0.000805251
0.000594455
7.39339e-05
4.33337e-07
4.52212e-08
4.12861e-08
7.42087e-10
5.07365e-09
8.32546e-08
9.97666e-10
0.000785503
0.000603558
8.97568e-05
3.44641e-07
3.14721e-08
4.42869e-08
5.00881e-10
5.23586e-09
7.76159e-08
7.90575e-10
0.000765585
0.00061254
0.000108742
2.74095e-07
2.22278e-08
4.7505e-08
3.87185e-10
5.60985e-09
7.23591e-08
6.29927e-10
0.000745532
0.000621467
0.000131416
2.17988e-07
1.60342e-08
5.09566e-08
3.51248e-10
6.28898e-09
6.74583e-08
5.08032e-10
0.000725379
0.000630374
0.000158344
1.73365e-07
1.19077e-08
5.46588e-08
3.66633e-10
7.41175e-09
6.28893e-08
4.20462e-10
0.000705163
0.000639278
0.000190108
1.37875e-07
9.18337e-09
5.86299e-08
0.00068492
0.000648187
0.000227281
1.0965e-07
0.000664686
0.000657103
0.000270373
8.72032e-08
0.000644496
0.000666027
0.00031977
6.93511e-08
0.000624379
0.000674957
0.00037566
5.51535e-08
0.000604353
0.00068389
0.000437948
4.38623e-08
0.000584397
0.000692826
0.00050617
3.48827e-08
0.000564375
0.00070176
0.000579438
2.77414e-08
0.000543808
0.00071069
0.000656418
2.20626e-08
0.000521166
0.000719612
0.000735372
1.75671e-08
0.000491663
0.000728524
0.00081427
1.47205e-08
0.000972118
0.000223712
0.000934852
0.000149423
0.000895672
0.000102357
0.000854817
7.44204e-05
0.000812577
5.96882e-05
0.000769282
5.42338e-05
0.000725295
5.56748e-05
0.000680999
6.27412e-05
0.00063678
7.49507e-05
0.00059302
9.23849e-05
0.000550078
0.00011554
0.000508283
0.000145218
0.000467927
0.000182433
0.000429252
0.000228301
0.000392452
0.000283891
0.000357673
0.000350024
0.000325011
0.000427014
0.000294516
0.000514363
0.000266212
0.000610491
0.000239764
0.00071258
0.000211321
0.000181899
0.000156063
0.000133517
0.000113948
9.70396e-05
8.24894e-05
7.00111e-05
5.93408e-05
5.02394e-05
4.24926e-05
3.59107e-05
3.0327e-05
2.55964e-05
2.15928e-05
1.82079e-05
1.53467e-05
1.29397e-05
1.08591e-05
9.38379e-06
END_LIST
