BEGIN_LIST
0.00129876
0.00129632
0.00129372
0.00129092
0.00128793
0.00128472
0.00128129
0.00127762
0.00127369
0.00126949
0.00126499
0.0012602
0.00125508
0.00124961
0.00124376
0.00123748
0.00123066
0.00122305
0.00121397
0.00120161
0.00104956
0.00132781
0.000986609
0.00132719
0.000916653
0.0013264
0.000841157
0.00132539
0.000762075
0.0013241
0.000681644
0.00132246
0.000602142
0.00132036
0.000525643
0.00131768
0.00045384
0.00131427
0.000387947
0.00130993
0.000328676
0.00130442
0.000276291
0.00129743
0.000230694
0.0012886
0.000191525
0.00127749
0.00015827
0.00126357
0.000130351
0.00124626
0.000107233
0.00122487
8.85557e-05
0.0011987
7.43889e-05
0.00116631
6.57945e-05
0.00110174
0.000100381
6.98651e-05
8.05954e-05
0.000182928
0.000589891
8.80072e-05
7.50355e-05
8.51348e-05
0.000162782
0.000517557
7.70713e-05
8.0433e-05
9.55486e-05
0.000144622
0.000449717
6.7427e-05
8.61167e-05
0.000110037
0.000128304
0.000387347
5.89379e-05
9.213e-05
0.000127928
0.000113681
0.000331017
5.14779e-05
9.8507e-05
0.000149085
0.00010061
0.000280927
4.49317e-05
0.000105277
0.000173624
8.89505e-05
0.000236985
3.91947e-05
0.000112465
0.000201768
7.8571e-05
0.000198881
3.41726e-05
0.000120098
0.000233771
6.93467e-05
0.000166166
2.97804e-05
0.000128197
0.000269868
6.11615e-05
0.000138312
2.59425e-05
0.000136787
0.000310232
5.39079e-05
0.000114763
2.25914e-05
0.00014589
0.000354942
4.74868e-05
9.49677e-05
1.96672e-05
0.00015553
0.000403944
4.18071e-05
7.84063e-05
1.7117e-05
0.000165728
0.000457023
3.67847e-05
6.45963e-05
1.48941e-05
0.000176508
0.000513774
3.23398e-05
5.30945e-05
1.29573e-05
0.000187889
0.000573596
2.83925e-05
4.34823e-05
1.12704e-05
0.000199893
0.00063569
2.48536e-05
3.53246e-05
9.80155e-06
0.000212539
0.00069909
2.16039e-05
2.80748e-05
8.52518e-06
0.000225845
0.000762709
1.84497e-05
2.08481e-05
7.18708e-06
0.000239827
0.000825405
1.50254e-05
1.18808e-05
9.22642e-06
6.65539e-06
0.00028594
0.000386471
0.000164479
0.000876086
3.49073e-06
5.95608e-05
1.14372e-05
5.0582e-06
7.52804e-06
5.90914e-06
0.000185307
0.000496487
0.000113398
0.000915727
3.37347e-06
4.02159e-05
9.92492e-06
1.32936e-06
6.14107e-06
5.24626e-06
0.000117146
0.000570516
7.92895e-05
0.000953658
3.25588e-06
2.70483e-05
8.61148e-06
3.607e-07
5.00884e-06
4.65752e-06
7.28712e-05
0.000632641
5.70828e-05
0.000989694
3.1378e-06
1.8144e-05
7.47099e-06
1.10886e-07
4.08481e-06
4.13466e-06
4.4869e-05
0.000690713
4.30589e-05
0.00102368
3.01907e-06
1.21494e-05
6.4809e-06
4.81624e-08
3.33089e-06
3.67036e-06
2.74522e-05
0.000747084
3.4614e-05
0.00105548
2.89954e-06
8.12569e-06
5.62153e-06
3.43233e-08
2.71588e-06
3.25808e-06
1.67304e-05
0.000802138
2.99807e-05
0.00108504
2.77904e-06
5.43021e-06
4.87575e-06
3.3495e-08
2.21427e-06
2.89202e-06
1.01717e-05
0.000855557
2.79857e-05
0.0011123
2.65738e-06
3.62695e-06
4.22863e-06
3.63976e-08
1.8052e-06
2.56702e-06
6.17516e-06
0.000906815
2.78664e-05
0.00113729
2.53439e-06
2.42164e-06
3.66719e-06
4.06649e-08
1.47163e-06
2.27848e-06
3.74556e-06
0.000955377
2.91382e-05
0.00116003
2.40986e-06
1.6165e-06
3.18013e-06
4.57324e-08
1.19965e-06
2.02234e-06
2.27066e-06
0.00100079
3.15048e-05
0.0011806
2.2836e-06
1.07888e-06
2.75765e-06
5.15098e-08
9.77907e-07
1.79495e-06
1.37608e-06
0.00104271
3.47961e-05
0.00119911
2.15539e-06
7.19982e-07
2.3912e-06
5.80375e-08
7.97127e-07
1.59311e-06
8.33781e-07
0.00108095
3.89283e-05
0.00121567
2.02501e-06
4.80442e-07
2.07338e-06
6.53978e-08
6.49744e-07
1.41394e-06
5.05134e-07
0.00111542
4.38767e-05
0.00123042
1.89224e-06
3.20582e-07
1.79776e-06
7.36928e-08
5.29573e-07
1.2549e-06
3.06007e-07
0.00114617
4.96593e-05
0.00124349
1.75681e-06
2.13906e-07
1.55873e-06
8.30402e-08
4.31525e-07
1.11375e-06
1.8537e-07
0.00117333
5.63245e-05
0.00125503
1.61849e-06
1.42725e-07
1.35146e-06
9.35733e-08
3.51303e-07
9.88463e-07
1.12294e-07
0.00119711
6.3945e-05
0.00126518
1.47699e-06
9.52317e-08
1.17173e-06
1.05442e-07
2.84917e-07
8.77296e-07
6.80401e-08
0.00121776
7.26124e-05
0.00127408
1.33203e-06
6.3567e-08
1.0159e-06
1.18817e-07
2.27485e-07
7.78746e-07
4.12823e-08
0.00123558
8.24347e-05
0.00128185
1.18332e-06
4.2689e-08
8.81355e-07
1.33888e-07
1.69607e-07
6.91728e-07
2.52444e-08
0.00125085
9.35336e-05
0.00128863
1.03055e-06
3.13047e-08
7.9059e-07
1.5087e-07
6.19166e-08
3.3227e-08
6.28964e-07
1.72428e-08
0.0012453
0.000979924
0.000109743
2.59937e-05
4.99225e-06
1.65765e-07
3.50127e-08
3.2855e-08
5.86384e-07
1.36041e-08
0.00124009
0.000988505
0.000132374
2.07432e-05
3.3826e-06
1.77941e-07
1.98931e-08
3.32682e-08
5.46685e-07
1.07344e-08
0.00123459
0.000996211
0.000159309
1.65417e-05
2.29291e-06
1.90931e-07
1.14216e-08
3.47852e-08
5.09673e-07
8.47199e-09
0.00122879
0.00100341
0.000191089
1.3184e-05
1.55555e-06
2.0483e-07
6.70723e-09
3.78803e-08
4.75166e-07
6.68989e-09
0.00122268
0.00101029
0.000228249
1.05031e-05
1.05681e-06
2.19723e-07
4.12474e-09
4.32579e-08
4.42994e-07
5.28882e-09
0.00121625
0.00101696
0.000271269
8.3645e-06
7.1962e-07
2.3569e-07
2.76272e-09
5.19625e-08
4.13e-07
4.19212e-09
0.00120948
0.00102347
0.000320499
6.65946e-06
4.91784e-07
2.52812e-07
2.11301e-09
6.55408e-08
3.85037e-07
3.34221e-09
0.00120236
0.00102986
0.00037609
5.30079e-06
3.37962e-07
2.71176e-07
1.896e-09
8.62821e-08
3.58966e-07
2.69885e-09
0.00119488
0.00103614
0.000437907
4.21856e-06
2.34235e-07
2.90873e-07
1.9626e-09
1.17573e-07
3.3466e-07
2.23947e-09
0.00118703
0.00104232
0.000505455
3.35681e-06
1.64422e-07
3.12e-07
0.00117878
0.00104841
0.000577823
2.67079e-06
0.00117014
0.0010544
0.000653674
2.12478e-06
0.00116108
0.0010603
0.000731296
1.69028e-06
0.0011516
0.00106611
0.000808716
1.34455e-06
0.00114165
0.00107183
0.000883875
1.06948e-06
0.00113118
0.00107745
0.000954834
8.50663e-07
0.00112002
0.00108299
0.00101997
6.76595e-07
0.00110764
0.00108844
0.00107813
5.38147e-07
0.00109247
0.00109379
0.00112869
4.28529e-07
0.00106948
0.00109906
0.00117155
3.5911e-07
0.00132008
0.000641614
0.00131856
0.00046525
0.00131682
0.000333274
0.00131481
0.000244883
0.0013125
0.000192579
0.00130986
0.000168049
0.00130682
0.000164653
0.00130333
0.000177929
0.00129934
0.000205271
0.00129476
0.000245389
0.00128952
0.000297766
0.00128354
0.000362159
0.00127671
0.000438132
0.00126893
0.000524641
0.00126008
0.000619699
0.00125004
0.000720226
0.00123866
0.00082216
0.00122582
0.000920887
0.00121137
0.00101193
0.00119501
0.00109168
0.00117299
0.00114383
0.00111039
0.00107245
0.00102993
0.000982899
0.000931651
0.000876669
0.000818646
0.000758449
0.000697068
0.000635553
0.000574941
0.000516191
0.000460124
0.000407401
0.000358453
0.000313777
0.000272224
0.000241123
END_LIST
