BEGIN_LIST
0.001329
0.00132892
0.00132884
0.00132874
0.00132864
0.00132854
0.00132842
0.0013283
0.00132816
0.00132802
0.00132786
0.0013277
0.00132752
0.00132732
0.00132711
0.00132688
0.00132663
0.00132634
0.00132598
0.00132546
0.00130404
0.00133
0.0012954
0.00133
0.00128408
0.00133
0.00126937
0.00133
0.00125043
0.00133
0.00122637
0.00133
0.00119623
0.00133
0.00115913
0.00133
0.00111437
0.00133
0.0010616
0.00133
0.00100093
0.00133
0.000933079
0.00133
0.000859366
0.00133
0.000781688
0.00133
0.000702401
0.00133
0.000624261
0.00132999
0.000550588
0.00132999
0.000486028
0.00132999
0.000438614
0.00132999
0.000424277
0.00132997
0.000626492
0.000460607
0.000543663
0.000805722
0.00130228
0.000578172
0.000479319
0.000593861
0.000759
0.00129364
0.000530932
0.000500127
0.000651435
0.000711686
0.00128249
0.000485216
0.000522356
0.000712596
0.000664255
0.00126822
0.000441402
0.000545583
0.000774917
0.000617178
0.00125012
0.000399798
0.000569531
0.000836635
0.000570901
0.00122741
0.000360633
0.000594012
0.00089636
0.000525833
0.00119929
0.000324063
0.000618883
0.000952974
0.000482333
0.00116501
0.000290173
0.000644032
0.00100561
0.000440701
0.00112394
0.000258982
0.000669363
0.00105367
0.000401173
0.00107573
0.000230458
0.000694788
0.00109679
0.000363922
0.00102035
0.000204522
0.000720223
0.00113487
0.000329055
0.000958241
0.000181062
0.000745589
0.00116801
0.000296619
0.000890263
0.000159941
0.000770808
0.00119645
0.000266601
0.000817653
0.000141005
0.000795807
0.00122058
0.000238921
0.00074178
0.000124093
0.000820512
0.00124084
0.000213413
0.000663696
0.000109039
0.000844855
0.00125768
0.000189765
0.000583253
9.56782e-05
0.00086877
0.00127157
0.000167386
0.00049718
8.38698e-05
0.000892197
0.00128295
0.000145095
0.000394365
7.12827e-05
0.000915079
0.00129222
0.000120403
0.000242309
9.12808e-05
6.63496e-05
0.00102652
0.00113698
0.000712462
0.00129862
2.90796e-05
0.000432235
0.00023632
0.000109263
7.52054e-05
5.91776e-05
0.000849487
0.0012211
0.000540024
0.001303
2.81177e-05
0.000317794
0.000209411
2.94548e-05
6.18421e-05
5.2752e-05
0.000653881
0.00125327
0.000400614
0.00130678
2.71521e-05
0.000227324
0.000185092
7.87474e-06
5.07725e-05
4.70011e-05
0.000470614
0.00127048
0.000296956
0.00131005
2.61814e-05
0.000159272
0.000163223
2.22852e-06
4.16296e-05
4.18588e-05
0.000320645
0.00128189
0.000224825
0.00131286
2.52044e-05
0.000109922
0.000143643
7.8027e-07
3.40963e-05
3.72646e-05
0.000209784
0.00129045
0.000177672
0.00131529
2.42199e-05
7.5057e-05
0.00012618
4.29263e-07
2.79014e-05
3.3163e-05
0.000133467
0.00129726
0.000149178
0.00131738
2.32262e-05
5.08715e-05
0.000110661
3.66789e-07
2.28154e-05
2.95037e-05
8.33651e-05
0.00130284
0.000134224
0.00131917
2.22221e-05
3.43042e-05
9.69102e-05
3.82931e-07
1.86454e-05
2.62409e-05
5.14636e-05
0.00130745
0.000129036
0.00132072
2.1206e-05
2.30524e-05
8.47606e-05
4.23601e-07
1.523e-05
2.33332e-05
3.15377e-05
0.00131129
0.00013098
0.00132205
2.01762e-05
1.54551e-05
7.40513e-05
4.75268e-07
1.24353e-05
2.07431e-05
1.92395e-05
0.00131448
0.000138302
0.00132319
1.91311e-05
1.03453e-05
6.46313e-05
5.35002e-07
1.01501e-05
1.84369e-05
1.17044e-05
0.00131713
0.00014987
0.00132417
1.80689e-05
6.91759e-06
5.6361e-05
6.02701e-07
8.2826e-06
1.63842e-05
7.10841e-06
0.00131934
0.00016499
0.00132501
1.69877e-05
4.62233e-06
4.91117e-05
6.79082e-07
6.75713e-06
1.45578e-05
4.31267e-06
0.00132117
0.000183254
0.00132573
1.58856e-05
3.08718e-06
4.27665e-05
7.6517e-07
5.51131e-06
1.29333e-05
2.61487e-06
0.00132269
0.00020445
0.00132635
1.47606e-05
2.06122e-06
3.72196e-05
8.62173e-07
4.49346e-06
1.14886e-05
1.58486e-06
0.00132396
0.00022848
0.00132688
1.36105e-05
1.37593e-06
3.23757e-05
9.71467e-07
3.65962e-06
1.02043e-05
9.60396e-07
0.001325
0.000255318
0.00132734
1.24329e-05
9.18375e-07
2.81498e-05
1.09461e-06
2.96844e-06
9.06297e-06
5.82038e-07
0.00132587
0.000284969
0.00132773
1.12255e-05
6.13161e-07
2.44664e-05
1.23334e-06
2.36824e-06
8.04987e-06
3.53191e-07
0.00132659
0.000317442
0.00132806
9.98582e-06
4.1185e-07
2.12717e-05
1.38965e-06
1.75739e-06
7.15427e-06
2.15998e-07
0.00132719
0.000352726
0.00132835
8.7111e-06
3.02056e-07
1.91098e-05
1.56574e-06
6.38077e-07
3.41342e-07
6.50771e-06
1.47543e-07
0.00132653
0.00125291
0.000401596
0.000206369
4.17829e-05
1.72015e-06
3.60627e-07
3.34696e-07
6.06877e-06
1.16413e-07
0.0013263
0.00125505
0.000465222
0.000168935
2.84555e-05
1.84636e-06
2.04614e-07
3.34927e-07
5.65933e-06
9.18615e-08
0.00132606
0.00125706
0.00053441
0.000137552
1.93602e-05
1.98098e-06
1.17111e-07
3.44731e-07
5.27741e-06
7.25081e-08
0.0013258
0.00125898
0.000607964
0.000111501
1.31721e-05
2.12501e-06
6.83105e-08
3.68124e-07
4.92117e-06
5.72679e-08
0.00132552
0.00126082
0.000684335
9.00538e-05
8.97128e-06
2.2793e-06
4.14459e-08
4.11078e-07
4.58891e-06
4.52944e-08
0.00132522
0.00126261
0.000761669
7.2514e-05
6.12447e-06
2.44468e-06
2.7106e-08
4.8245e-07
4.27902e-06
3.59371e-08
0.00132491
0.00126435
0.000837941
5.82483e-05
4.19809e-06
2.622e-06
2.00339e-08
5.95361e-07
3.99e-06
2.87125e-08
0.00132457
0.00126604
0.000911137
4.66968e-05
2.89655e-06
2.81213e-06
1.7325e-08
7.69225e-07
3.72045e-06
2.32928e-08
0.00132422
0.00126769
0.000979452
3.73765e-05
2.01881e-06
3.01601e-06
1.7415e-08
1.03276e-06
3.46907e-06
1.9514e-08
0.00132384
0.0012693
0.00104147
2.98781e-05
1.42839e-06
3.23464e-06
0.00132344
0.00127087
0.00109627
2.38594e-05
0.00132301
0.0012724
0.00114347
1.90375e-05
0.00132255
0.00127389
0.00118315
1.518e-05
0.00132206
0.00127535
0.00121581
1.20978e-05
0.00132154
0.00127677
0.00124216
9.63737e-06
0.00132097
0.00127816
0.00126306
7.67474e-06
0.00132034
0.00127951
0.0012794
6.11017e-06
0.00131956
0.00128083
0.00129202
4.86365e-06
0.00131841
0.00128212
0.00130166
3.87535e-06
0.0013161
0.00128337
0.00130897
3.24893e-06
0.00133
0.00112777
0.00133
0.000962406
0.00133
0.000785441
0.00133
0.000633206
0.00133
0.000525962
0.00133
0.00046768
0.00133
0.000453235
0.00133
0.00047461
0.00133
0.000523924
0.00133
0.000594176
0.00133
0.000678997
0.00133
0.000772262
0.00133
0.000867957
0.00132999
0.000960418
0.00132999
0.00104484
0.00132999
0.00111782
0.00132999
0.00117764
0.00132999
0.00122426
0.00132999
0.00125892
0.00132999
0.0012836
0.00132998
0.00132998
0.00132998
0.00132997
0.00132997
0.00132996
0.00132995
0.00132994
0.00132992
0.00132991
0.00132988
0.00132986
0.00132983
0.00132979
0.00132974
0.00132968
0.00132961
0.00132952
0.0013294
0.00132929
END_LIST
