BEGIN_LIST
0.00132945
0.00132941
0.00132936
0.00132931
0.00132926
0.0013292
0.00132914
0.00132907
0.00132899
0.00132891
0.00132883
0.00132874
0.00132864
0.00132853
0.00132842
0.00132829
0.00132815
0.001328
0.0013278
0.00132751
0.00131318
0.00133
0.00130749
0.00133
0.00129997
0.00133
0.00129008
0.00133
0.00127719
0.00133
0.0012605
0.00133
0.00123917
0.00133
0.00121224
0.00133
0.00117879
0.00133
0.00113802
0.00133
0.00108937
0.00133
0.00103274
0.00133
0.000968534
0.00133
0.000897862
0.00133
0.000822533
0.00133
0.000745162
0.00133
0.000669458
0.00133
0.000601154
0.00133
0.000550386
0.00133
0.000536647
0.00132999
0.000769086
0.000577163
0.000680307
0.000880229
0.00131554
0.000720509
0.000593421
0.00074137
0.000835561
0.00131093
0.000671512
0.000613363
0.000803173
0.000789553
0.00130491
0.000622626
0.000635564
0.000863929
0.000742646
0.00129708
0.000574371
0.000659141
0.000922267
0.000695307
0.00128698
0.000527234
0.000683533
0.00097713
0.000648008
0.001274
0.000481653
0.000708378
0.00102774
0.000601213
0.00125749
0.000438001
0.000733431
0.0010736
0.000555356
0.00123669
0.000396581
0.000758515
0.00111445
0.000510829
0.0012108
0.000357616
0.000783497
0.00115029
0.00046797
0.00117904
0.000321256
0.00080827
0.00118128
0.000427057
0.0011407
0.00028758
0.000832744
0.00120773
0.0003883
0.00109528
0.000256603
0.000856839
0.00123007
0.000351841
0.00104255
0.000228287
0.000880485
0.00124873
0.000317751
0.000982579
0.000202553
0.00090362
0.00126419
0.000286016
0.000915646
0.000179284
0.000926189
0.00127691
0.000256514
0.000841863
0.000158344
0.000948141
0.0012873
0.000228942
0.000760144
0.000139576
0.000969434
0.00129574
0.000202659
0.000665683
0.000122844
0.000990031
0.00130258
0.000176309
0.000543207
0.000104853
0.0010099
0.00130809
0.000146975
0.000345916
0.000134073
9.78595e-05
0.00111549
0.00120177
0.000809275
0.00131186
3.58559e-05
0.000513775
0.000339368
0.000160618
0.000111033
8.74922e-05
0.000963744
0.00126409
0.000628428
0.00131443
3.46742e-05
0.00038565
0.000303737
4.40001e-05
9.16959e-05
7.8161e-05
0.000776205
0.00128559
0.000475138
0.00131664
3.34876e-05
0.000280386
0.000270907
1.18146e-05
7.55508e-05
6.97751e-05
0.000581989
0.00129631
0.000357431
0.00131854
3.22946e-05
0.000198856
0.000240861
3.34824e-06
6.21284e-05
6.2249e-05
0.000409698
0.0013031
0.000273775
0.00132017
3.10936e-05
0.000138455
0.000213533
1.17369e-06
5.10091e-05
5.55028e-05
0.000274497
0.00130804
0.00021838
0.00132157
2.98829e-05
9.51284e-05
0.000188815
6.46611e-07
4.18247e-05
4.94623e-05
0.000177492
0.0013119
0.000184701
0.00132278
2.86609e-05
6.47532e-05
0.000166568
5.52965e-07
3.42568e-05
4.40589e-05
0.000112043
0.00131503
0.000167061
0.00132381
2.74256e-05
4.37938e-05
0.000146635
5.77451e-07
2.80332e-05
3.92297e-05
6.96332e-05
0.00131761
0.000161106
0.0013247
2.61754e-05
2.94883e-05
0.000128847
6.38815e-07
2.29235e-05
3.49169e-05
4.28514e-05
0.00131973
0.00016373
0.00132546
2.49081e-05
1.97966e-05
0.000113029
7.16731e-07
1.87339e-05
3.10682e-05
2.62089e-05
0.0013215
0.000172818
0.00132611
2.36216e-05
1.32635e-05
9.90072e-05
8.068e-07
1.53025e-05
2.76356e-05
1.59695e-05
0.00132296
0.000186985
0.00132667
2.23139e-05
8.87431e-06
8.66125e-05
9.08872e-07
1.24945e-05
2.45759e-05
9.70808e-06
0.00132417
0.000205353
0.00132716
2.09825e-05
5.93224e-06
7.56829e-05
1.02403e-06
1.01983e-05
2.18499e-05
5.89336e-06
0.00132518
0.000227385
0.00132757
1.96251e-05
3.96313e-06
6.60659e-05
1.15381e-06
8.32134e-06
1.94222e-05
3.57455e-06
0.00132601
0.000252763
0.00132792
1.82392e-05
2.64656e-06
5.76201e-05
1.30005e-06
6.78667e-06
1.72612e-05
2.16699e-06
0.0013267
0.000281304
0.00132822
1.6822e-05
1.76688e-06
5.0215e-05
1.46479e-06
5.52848e-06
1.53382e-05
1.31333e-06
0.00132728
0.000312895
0.00132848
1.53708e-05
1.17941e-06
4.3732e-05
1.6504e-06
4.48438e-06
1.36279e-05
7.95997e-07
0.00132775
0.00034745
0.00132871
1.38825e-05
7.87491e-07
3.80639e-05
1.85949e-06
3.57521e-06
1.21087e-05
4.83049e-07
0.00132814
0.000384876
0.0013289
1.2354e-05
5.28965e-07
3.31349e-05
2.09504e-06
2.64292e-06
1.07648e-05
2.95425e-07
0.00132847
0.000425051
0.00132906
1.07821e-05
3.87959e-07
2.97931e-05
2.36037e-06
9.55377e-07
5.09729e-07
9.7941e-06
2.01801e-07
0.00132806
0.00127142
0.000479817
0.000251133
5.15814e-05
2.59303e-06
5.3984e-07
4.96356e-07
9.13485e-06
1.59226e-07
0.00132793
0.00127306
0.000549696
0.000206932
3.51846e-05
2.78316e-06
3.06119e-07
4.91808e-07
8.51973e-06
1.25649e-07
0.00132779
0.0012746
0.000623795
0.000169419
2.39706e-05
2.98595e-06
1.74973e-07
4.99403e-07
7.9458e-06
9.91824e-08
0.00132765
0.00127607
0.000700422
0.000137962
1.63304e-05
3.20288e-06
1.01767e-07
5.24103e-07
7.41034e-06
7.83443e-08
0.00132749
0.00127749
0.000777637
0.000111845
1.11394e-05
3.43525e-06
6.13835e-08
5.73287e-07
6.9108e-06
6.19793e-08
0.00132733
0.00127887
0.000853384
9.03388e-05
7.61991e-06
3.6843e-06
3.97197e-08
6.57914e-07
6.44478e-06
4.92015e-08
0.00132715
0.0012802
0.000925666
7.27483e-05
5.2381e-06
3.95129e-06
2.88918e-08
7.94218e-07
6.01007e-06
3.9357e-08
0.00132696
0.0012815
0.000992743
5.84397e-05
3.62924e-06
4.23755e-06
2.4536e-08
1.00623e-06
5.60456e-06
3.20096e-08
0.00132676
0.00128277
0.0010533
4.68522e-05
2.54498e-06
4.54446e-06
2.42927e-08
1.3295e-06
5.22632e-06
2.69573e-08
0.00132655
0.001284
0.00110651
3.75022e-05
1.81656e-06
4.87352e-06
0.00132633
0.0012852
0.00115212
2.99795e-05
0.00132608
0.00128638
0.00119028
2.3941e-05
0.00132583
0.00128752
0.00122156
1.91029e-05
0.00132555
0.00128864
0.00124671
1.52325e-05
0.00132526
0.00128972
0.0012666
1.21397e-05
0.00132494
0.00129078
0.00128211
9.67086e-06
0.00132458
0.00129182
0.00129406
7.70149e-06
0.00132413
0.00129283
0.00130318
6.13167e-06
0.00132345
0.00129381
0.00131009
4.88657e-06
0.00132204
0.00129477
0.00131528
4.09718e-06
0.00133
0.00117076
0.00133
0.00102182
0.00133
0.000852649
0.00133
0.000700759
0.00133
0.0005907
0.00133
0.000529973
0.00133
0.00051499
0.00133
0.000537727
0.00133
0.000589471
0.00133
0.000662075
0.00133
0.000748028
0.00133
0.0008403
0.00133
0.000932404
0.00133
0.00101875
0.00133
0.00109512
0.00133
0.00115904
0.00133
0.00120981
0.00133
0.00124822
0.00133
0.001276
0.00133
0.00129531
0.00133
0.00133
0.00133
0.00133
0.00132999
0.00132999
0.00132999
0.00132999
0.00132999
0.00132998
0.00132998
0.00132998
0.00132997
0.00132996
0.00132996
0.00132995
0.00132994
0.00132992
0.0013299
0.00132988
END_LIST
