BEGIN_LIST
0.0007558
0.000731544
0.000707241
0.000682953
0.000658739
0.000634659
0.000610771
0.000587128
0.000563783
0.000540786
0.000518181
0.000496009
0.000474304
0.000453093
0.000432382
0.000412135
0.000392205
0.000372162
0.000350809
0.000324868
0.000214887
0.00065773
0.000177681
0.00058351
0.000146283
0.000512318
0.000120001
0.000445483
9.81472e-05
0.00038396
8.00766e-05
0.000328317
6.52015e-05
0.000278773
5.3002e-05
0.000235256
4.30271e-05
0.000197482
3.48912e-05
0.000165022
2.82686e-05
0.000137367
2.28867e-05
0.000113975
1.8519e-05
9.43085e-05
1.49789e-05
7.7858e-05
1.21139e-05
6.41553e-05
9.80106e-06
5.27813e-05
7.94539e-06
4.33674e-05
6.4824e-06
3.5594e-05
5.39105e-06
2.9168e-05
4.73058e-06
2.28303e-05
7.27472e-06
5.02128e-06
5.81327e-06
1.9416e-06
7.49156e-06
6.32374e-06
5.40984e-06
6.16269e-06
1.7032e-06
6.12655e-06
5.49664e-06
5.8186e-06
6.96728e-06
1.49405e-06
5.00955e-06
4.7774e-06
6.2524e-06
8.10157e-06
1.31056e-06
4.09574e-06
4.15201e-06
6.71502e-06
9.52893e-06
1.1496e-06
3.3483e-06
3.60831e-06
7.20973e-06
1.12578e-05
1.00839e-06
2.73706e-06
3.13566e-06
7.73955e-06
1.33222e-05
8.84513e-07
2.23726e-06
2.72481e-06
8.3074e-06
1.57728e-05
7.75849e-07
1.82863e-06
2.36772e-06
8.91628e-06
1.86746e-05
6.80528e-07
1.49457e-06
2.05736e-06
9.56928e-06
2.21059e-05
5.96911e-07
1.22149e-06
1.78764e-06
1.02697e-05
2.61592e-05
5.2356e-07
9.98269e-07
1.55324e-06
1.10209e-05
3.09429e-05
4.59208e-07
8.15795e-07
1.34955e-06
1.18266e-05
3.65831e-05
4.02738e-07
6.66601e-07
1.17256e-06
1.26908e-05
4.32255e-05
3.53152e-07
5.44535e-07
1.01876e-06
1.36175e-05
5.10378e-05
3.0954e-07
4.44458e-07
8.8512e-07
1.46114e-05
6.02119e-05
2.71027e-07
3.61916e-07
7.69004e-07
1.5677e-05
7.09656e-05
2.36671e-07
2.92655e-07
6.68114e-07
1.68196e-05
8.35437e-05
2.05265e-07
2.31731e-07
5.80603e-07
1.80445e-05
9.82185e-05
1.74905e-07
1.71601e-07
4.89031e-07
1.93576e-05
0.000115289
1.42053e-07
9.77109e-08
6.27918e-07
4.52589e-07
2.33324e-05
3.34617e-05
1.29919e-05
0.000131467
3.28309e-08
5.70253e-07
9.45251e-08
4.20976e-08
5.11802e-07
4.01639e-07
1.42001e-05
4.58282e-05
8.9472e-06
0.000146193
3.17258e-08
3.8049e-07
8.19436e-08
1.18502e-08
4.17153e-07
3.56423e-07
8.6258e-06
5.57045e-05
6.37313e-06
0.000162335
3.06179e-08
2.53865e-07
7.10366e-08
4.10886e-09
3.40004e-07
3.16297e-07
5.23369e-06
6.54546e-05
4.77076e-06
0.000180015
2.95059e-08
1.69376e-07
6.15814e-08
2.22866e-09
2.77121e-07
2.80687e-07
3.17331e-06
7.60637e-05
3.81411e-06
0.000199346
2.83883e-08
1.13005e-07
5.33846e-08
1.88761e-09
2.25867e-07
2.49086e-07
1.92324e-06
8.80174e-05
3.29139e-06
0.000220434
2.72635e-08
7.53936e-08
4.62788e-08
1.96507e-09
1.84091e-07
2.21042e-07
1.16532e-06
0.000101626
3.06604e-06
0.000243374
2.613e-08
5.03002e-08
4.01188e-08
2.17233e-09
1.50041e-07
1.96155e-07
7.05968e-07
0.000117142
3.05096e-06
0.00026825
2.49861e-08
3.35585e-08
3.47788e-08
2.43705e-09
1.22289e-07
1.74069e-07
4.27647e-07
0.000134807
3.1917e-06
0.00029513
2.383e-08
2.2389e-08
3.01495e-08
2.74345e-09
9.96694e-08
1.54471e-07
2.59037e-07
0.00015486
3.45541e-06
0.000324063
2.26599e-08
1.49371e-08
2.61364e-08
3.09084e-09
8.12336e-08
1.37078e-07
1.569e-07
0.00017754
3.82377e-06
0.000355073
2.14739e-08
9.96542e-09
2.26574e-08
3.48285e-09
6.62077e-08
1.21644e-07
9.5033e-08
0.000203083
4.28829e-06
0.000388154
2.02701e-08
6.64853e-09
1.96416e-08
3.92475e-09
5.39608e-08
1.07947e-07
5.756e-08
0.000231708
4.8474e-06
0.000423267
1.90463e-08
4.43563e-09
1.70271e-08
4.42275e-09
4.39786e-08
9.57929e-08
3.4863e-08
0.000263611
5.50461e-06
0.000460334
1.78003e-08
2.95927e-09
1.47607e-08
4.98396e-09
3.58404e-08
8.50069e-08
2.11158e-08
0.000298944
6.26736e-06
0.000499236
1.65299e-08
1.9743e-09
1.27959e-08
5.61639e-09
2.92001e-08
7.54355e-08
1.27894e-08
0.0003378
7.14635e-06
0.000539807
1.52327e-08
1.31717e-09
1.10927e-08
6.32906e-09
2.3763e-08
6.69423e-08
7.74662e-09
0.000380197
8.15522e-06
0.000581838
1.39061e-08
8.78788e-10
9.61613e-09
7.13217e-09
1.9248e-08
5.94074e-08
4.69327e-09
0.000426056
9.31046e-06
0.000625073
1.25475e-08
5.86541e-10
8.33625e-09
8.03718e-09
1.52898e-08
5.27288e-08
2.84729e-09
0.000475186
1.06314e-05
0.000669216
1.1154e-08
3.93866e-10
7.23144e-09
9.05703e-09
1.11357e-08
4.68326e-08
1.74098e-09
0.00052727
1.21406e-05
0.000713933
9.72281e-09
2.88812e-10
6.48622e-09
1.02063e-08
3.95644e-09
2.08785e-09
4.25804e-08
1.18906e-09
0.000525544
0.00029455
1.43792e-05
2.47381e-07
4.72964e-08
1.12143e-08
2.23785e-09
1.97899e-09
3.96958e-08
9.3809e-10
0.000506201
0.000304058
1.75721e-05
1.96739e-07
3.224e-08
1.20384e-08
1.27227e-09
1.88372e-09
3.70066e-08
7.40164e-10
0.000487198
0.000312131
2.1483e-05
1.56463e-07
2.20718e-08
1.29176e-08
7.31509e-10
1.80463e-09
3.44997e-08
5.84122e-10
0.000468556
0.000319473
2.62605e-05
1.24432e-07
1.52108e-08
1.38584e-08
4.30887e-10
1.7458e-09
3.21625e-08
4.61199e-10
0.000450298
0.000326464
3.20862e-05
9.89572e-08
1.0588e-08
1.48665e-08
2.66594e-10
1.71349e-09
2.99837e-08
3.64538e-10
0.000432442
0.000333307
3.91784e-05
7.8698e-08
7.48004e-09
1.59473e-08
1.80443e-10
1.71715e-09
2.79524e-08
2.88835e-10
0.000415006
0.000340113
4.77974e-05
6.25861e-08
5.39796e-09
1.71064e-08
1.40017e-10
1.77094e-09
2.60588e-08
2.3009e-10
0.000398003
0.000346942
5.82508e-05
4.97728e-08
4.01101e-09
1.83496e-08
1.27517e-10
1.89597e-09
2.42935e-08
1.85481e-10
0.000381446
0.000353824
7.08985e-05
3.95827e-08
3.09558e-09
1.96831e-08
1.33496e-10
2.12364e-09
2.26477e-08
1.53367e-10
0.000365344
0.000360777
8.61566e-05
3.14788e-08
2.5005e-09
2.11134e-08
0.000349705
0.000367811
0.000104499
2.5034e-08
0.000334535
0.000374929
0.000126456
1.99086e-08
0.000319836
0.000382133
0.000152603
1.58326e-08
0.000305607
0.000389425
0.00018355
1.25911e-08
0.000291837
0.000396804
0.000219906
1.00132e-08
0.000278494
0.00040427
0.000262239
7.96316e-09
0.000265477
0.000411822
0.000311019
6.33281e-09
0.00025249
0.000419459
0.000366536
5.03638e-09
0.000238628
0.00042718
0.000428815
4.0101e-09
0.00022114
0.000434984
0.000497523
3.36026e-09
0.00052677
9.26834e-05
0.000484947
6.08131e-05
0.000444855
4.14996e-05
0.000406699
3.04628e-05
0.000370634
2.49509e-05
0.000336763
2.32818e-05
0.00030514
2.44998e-05
0.000275778
2.81427e-05
0.000248653
3.40948e-05
0.000223711
4.24998e-05
0.000200873
5.37127e-05
0.000180042
6.82778e-05
0.000161108
8.69196e-05
0.000143952
0.000110538
0.000128452
0.000140198
0.000114484
0.000177099
0.000101924
0.00022251
9.06553e-05
0.000277659
8.05671e-05
0.000343551
7.14422e-05
0.000420713
6.19522e-05
5.24499e-05
4.43619e-05
3.74901e-05
3.16606e-05
2.67217e-05
2.25419e-05
1.90078e-05
1.60221e-05
1.35013e-05
1.13741e-05
9.58008e-06
8.06754e-06
6.79277e-06
5.71868e-06
4.81398e-06
4.05163e-06
3.41201e-06
2.86039e-06
2.46989e-06
END_LIST
