BEGIN_LIST
0.00132743
0.00132722
0.001327
0.00132676
0.0013265
0.00132623
0.00132593
0.00132561
0.00132527
0.0013249
0.0013245
0.00132407
0.00132361
0.00132311
0.00132257
0.00132199
0.00132134
0.00132061
0.0013197
0.00131839
0.0012789
0.00133
0.00126261
0.00133
0.00124173
0.00133
0.00121532
0.00133
0.00118245
0.00132999
0.0011423
0.00132999
0.00109428
0.00132999
0.00103822
0.00132999
0.000974442
0.00132999
0.000903907
0.00132998
0.000828137
0.00132998
0.00074912
0.00132997
0.000669109
0.00132996
0.000590395
0.00132995
0.000515122
0.00132994
0.000445222
0.00132992
0.000382585
0.0013299
0.000329663
0.00132987
0.000290964
0.00132982
0.000276334
0.00132961
0.00042048
0.000302295
0.000354406
0.000666595
0.00125471
0.000380058
0.000320074
0.000384837
0.000619361
0.00123298
0.000342162
0.000338456
0.000427808
0.000572922
0.00120597
0.000306913
0.000357481
0.000478654
0.000527692
0.0011729
0.000274361
0.000377165
0.000534814
0.000484031
0.00113312
0.000244499
0.000397509
0.000594635
0.000442244
0.00108622
0.00021727
0.000418503
0.000656799
0.000402569
0.00103211
0.000192577
0.000440128
0.000720081
0.000365182
0.000971154
0.000170296
0.000462355
0.000783271
0.000330195
0.00090421
0.000150279
0.000485151
0.000845187
0.000297666
0.000832582
0.000132368
0.000508475
0.000904721
0.000267598
0.000757941
0.000116399
0.000532281
0.000960904
0.000239953
0.000682156
0.000102205
0.000556517
0.00101296
0.000214655
0.000607101
8.96253e-05
0.000581127
0.00106035
0.000191591
0.000534444
7.8503e-05
0.00060605
0.00110276
0.000170613
0.000465442
6.8691e-05
0.000631221
0.00114012
0.00015152
0.0004007
6.00516e-05
0.000656571
0.00117257
0.000134019
0.000339757
5.24573e-05
0.000682029
0.00120037
0.000117627
0.000280159
4.58025e-05
0.000707522
0.00122391
0.000101445
0.000215121
3.87684e-05
0.000732976
0.00124364
8.36429e-05
0.000127201
4.971e-05
3.59915e-05
0.000841288
0.000983823
0.000545809
0.00125754
1.99259e-05
0.000311228
0.000123233
5.56499e-05
4.07533e-05
3.20269e-05
0.000645381
0.00110392
0.000399128
0.00126723
1.92635e-05
0.000222221
0.000108043
1.47659e-05
3.33751e-05
2.84905e-05
0.000463115
0.00115837
0.000288428
0.0012757
1.85988e-05
0.000155485
9.45921e-05
3.93605e-06
2.73089e-05
2.53378e-05
0.000314803
0.00119133
0.00020988
0.00128309
1.79308e-05
0.000107203
8.27132e-05
1.11837e-06
2.23294e-05
2.25286e-05
0.000205619
0.00121515
0.000156913
0.00128952
1.72586e-05
7.315e-05
7.22472e-05
3.97393e-07
1.82471e-05
2.00266e-05
0.00013067
0.00123403
0.00012301
0.0012951
1.65814e-05
4.95552e-05
6.3045e-05
2.23575e-07
1.4904e-05
1.77991e-05
8.15587e-05
0.00124962
0.00010282
0.00129995
1.58982e-05
3.34056e-05
5.49686e-05
1.93678e-07
1.21687e-05
1.58167e-05
5.03252e-05
0.00126269
9.2357e-05
0.00130415
1.5208e-05
2.24435e-05
4.78916e-05
2.03109e-07
9.93219e-06
1.4053e-05
3.08312e-05
0.00127372
8.88189e-05
0.00130778
1.45097e-05
1.50445e-05
4.16988e-05
2.24938e-07
8.1046e-06
1.24843e-05
1.88051e-05
0.00128301
9.03177e-05
0.00131092
1.38023e-05
1.00694e-05
3.62863e-05
2.52446e-07
6.61189e-06
1.10894e-05
1.14389e-05
0.00129082
9.56246e-05
0.00131362
1.30845e-05
6.73264e-06
3.15608e-05
2.84197e-07
5.39317e-06
9.84926e-06
6.94664e-06
0.00129738
0.000103971
0.00131595
1.23552e-05
4.49852e-06
2.7439e-05
3.2017e-07
4.39844e-06
8.74703e-06
4.21434e-06
0.00130288
0.000114902
0.00131796
1.16131e-05
3.00438e-06
2.38465e-05
3.60756e-07
3.58672e-06
7.76751e-06
2.55517e-06
0.00130748
0.000128176
0.00131969
1.08569e-05
2.00589e-06
2.07177e-05
4.065e-07
2.92436e-06
6.89717e-06
1.54864e-06
0.00131131
0.000143692
0.00132118
1.00851e-05
1.33897e-06
1.79943e-05
4.58047e-07
2.38361e-06
6.12395e-06
9.38393e-07
0.00131451
0.000161442
0.00132245
9.29625e-06
8.93665e-07
1.5625e-05
5.1613e-07
1.94097e-06
5.43715e-06
5.68563e-07
0.00131717
0.000181478
0.00132355
8.48888e-06
5.96419e-07
1.35648e-05
5.81575e-07
1.57457e-06
4.8273e-06
3.4454e-07
0.00131939
0.000203885
0.00132449
7.6613e-06
3.98175e-07
1.17742e-05
6.55315e-07
1.25771e-06
4.28631e-06
2.0906e-07
0.00132123
0.000228765
0.0013253
6.81179e-06
2.67434e-07
1.02249e-05
7.38399e-07
9.3898e-07
3.80836e-06
1.27849e-07
0.00132275
0.000256219
0.00132599
5.93855e-06
1.96134e-07
9.1783e-06
8.32012e-07
3.43296e-07
1.84405e-07
3.46348e-06
8.73279e-08
0.00132142
0.00121175
0.000295028
0.00014392
2.8585e-05
9.14112e-07
1.94074e-07
1.82719e-07
3.22943e-06
6.89012e-08
0.00132086
0.00121499
0.000346911
0.000116757
1.94277e-05
9.81219e-07
1.10189e-07
1.85548e-07
3.01116e-06
5.43686e-08
0.00132026
0.00121801
0.000405253
9.43613e-05
1.31962e-05
1.05281e-06
6.31643e-08
1.94735e-07
2.80761e-06
4.29119e-08
0.00131962
0.00122087
0.000469668
7.60234e-05
8.96454e-06
1.1294e-06
3.6966e-08
2.13025e-07
2.6178e-06
3.38887e-08
0.00131894
0.00122363
0.000539417
6.10939e-05
6.09535e-06
1.21146e-06
2.25786e-08
2.44493e-07
2.4408e-06
2.6797e-08
0.00131821
0.0012263
0.000613358
4.89952e-05
4.15228e-06
1.29943e-06
1.49435e-08
2.95179e-07
2.27575e-06
2.125e-08
0.00131744
0.0012289
0.000689957
3.92272e-05
2.8378e-06
1.39376e-06
1.12379e-08
3.74023e-07
2.12184e-06
1.69587e-08
0.00131662
0.00123143
0.000767361
3.13647e-05
1.94955e-06
1.49491e-06
9.90501e-09
4.94256e-07
1.97833e-06
1.37237e-08
0.00131575
0.0012339
0.000843549
2.50511e-05
1.35017e-06
1.6034e-06
1.01106e-08
6.75443e-07
1.84452e-06
1.14388e-08
0.00131483
0.00123632
0.000916516
1.99912e-05
9.46503e-07
1.71974e-06
0.00131384
0.00123867
0.000984481
1.59423e-05
0.00131279
0.00124098
0.00104606
1.27065e-05
0.00131168
0.00124323
0.00110036
1.0123e-05
0.00131049
0.00124543
0.00114703
8.06193e-06
0.00130922
0.00124757
0.00118621
6.41871e-06
0.00130785
0.00124967
0.00121839
5.10928e-06
0.00130633
0.00125172
0.00124431
4.06626e-06
0.00130451
0.00125372
0.00126484
3.23579e-06
0.00130194
0.00125567
0.00128087
2.57769e-06
0.00129711
0.00125758
0.00129322
2.1607e-06
0.00132999
0.0010386
0.00132998
0.000851642
0.00132998
0.000670142
0.00132998
0.000524444
0.00132998
0.00042642
0.00132997
0.000374634
0.00132997
0.000362103
0.00132996
0.000381191
0.00132996
0.000425448
0.00132995
0.000489699
0.00132994
0.000569474
0.00132993
0.000660369
0.00132992
0.000757647
0.00132991
0.000856207
0.0013299
0.000950935
0.00132988
0.0010373
0.00132987
0.00111201
0.00132984
0.00117334
0.00132982
0.00122123
0.00132979
0.0012569
0.00132975
0.0013297
0.00132963
0.00132955
0.00132945
0.00132932
0.00132917
0.00132899
0.00132876
0.00132848
0.00132814
0.00132772
0.0013272
0.00132657
0.0013258
0.00132486
0.00132369
0.00132228
0.00132048
0.00131874
END_LIST
