BEGIN_LIST
0.00130968
0.00130808
0.00130637
0.00130453
0.00130255
0.00130043
0.00129815
0.00129572
0.0012931
0.0012903
0.00128729
0.00128407
0.00128063
0.00127693
0.00127297
0.0012687
0.00126403
0.00125879
0.00125248
0.00124376
0.00111752
0.00132931
0.00106472
0.00132911
0.00100394
0.00132886
0.000935869
0.00132854
0.000861816
0.00132814
0.000783609
0.00132761
0.000703422
0.00132694
0.000623541
0.00132609
0.000546111
0.00132499
0.000472942
0.00132359
0.000405385
0.0013218
0.00034429
0.00131951
0.000290043
0.00131658
0.000242647
0.00131285
0.000201828
0.0013081
0.00016716
0.00130206
0.000138204
0.0012944
0.000114715
0.00128471
9.70198e-05
0.00127209
8.68437e-05
0.00124022
0.000133017
9.29721e-05
0.000107308
0.000269499
0.00079231
0.000116971
9.99116e-05
0.000113716
0.000241558
0.000715941
0.00010271
0.00010707
0.000127552
0.000216018
0.000639636
9.00689e-05
0.000114547
0.000146509
0.000192777
0.000565279
7.88926e-05
0.000122411
0.000169681
0.000171714
0.000494489
6.90327e-05
0.000130712
0.000196816
0.000152694
0.000428517
6.03508e-05
0.000139488
0.000227949
0.000135574
0.000368204
5.27191e-05
0.000148771
0.000263222
0.000120211
0.000313995
4.60206e-05
0.00015859
0.000302775
0.000106458
0.000265994
4.01489e-05
0.00016897
0.000346682
9.41769e-05
0.000224034
3.50077e-05
0.000179934
0.000394907
8.32313e-05
0.000187759
3.05107e-05
0.000191504
0.000447257
7.34929e-05
0.000156688
2.65805e-05
0.000203702
0.000503361
6.48405e-05
0.000130281
2.31484e-05
0.000216546
0.000562652
5.71589e-05
0.000107968
2.01533e-05
0.000230055
0.000624362
5.03364e-05
8.91793e-05
1.75409e-05
0.000244244
0.000687555
4.42588e-05
7.33304e-05
1.52635e-05
0.000259126
0.000751162
3.87945e-05
5.97721e-05
1.32791e-05
0.000274713
0.000814045
3.3764e-05
4.76368e-05
1.15535e-05
0.000291012
0.00087508
2.88708e-05
3.54606e-05
9.74328e-06
0.00030803
0.000933227
2.35495e-05
2.02597e-05
1.25068e-05
9.02433e-06
0.00036581
0.000484901
0.000213163
0.000978835
5.4879e-06
9.26539e-05
1.95097e-05
8.63889e-06
1.02085e-05
8.01389e-06
0.00024204
0.000610742
0.000147748
0.00101357
5.30386e-06
6.29957e-05
1.69424e-05
2.26796e-06
8.33029e-06
7.11605e-06
0.000155157
0.000691092
0.000103449
0.00104608
5.11926e-06
4.25702e-05
1.47096e-05
6.10232e-07
6.79617e-06
6.31837e-06
9.73878e-05
0.000755419
7.43013e-05
0.00107631
4.93387e-06
2.86479e-05
1.27685e-05
1.81878e-07
5.54358e-06
5.60977e-06
6.03055e-05
0.000813146
5.57183e-05
0.00110424
4.74745e-06
1.92246e-05
1.10817e-05
7.3538e-08
4.52119e-06
4.98037e-06
3.70266e-05
0.00086719
4.43985e-05
0.00112986
4.55974e-06
1.28764e-05
9.61627e-06
4.87272e-08
3.68693e-06
4.42139e-06
2.26143e-05
0.000918223
3.80604e-05
0.00115322
4.37048e-06
8.61353e-06
8.34355e-06
4.60395e-08
3.00631e-06
3.92497e-06
1.37672e-05
0.000966176
3.51719e-05
0.00117439
4.17938e-06
5.75698e-06
7.23846e-06
4.95756e-08
2.45114e-06
3.48416e-06
8.3647e-06
0.00101079
3.47276e-05
0.00119347
3.98616e-06
3.84557e-06
6.27912e-06
5.52656e-08
1.99836e-06
3.09276e-06
5.07613e-06
0.00105182
3.60837e-05
0.00121056
3.79051e-06
2.56779e-06
5.44647e-06
6.21204e-08
1.62914e-06
2.74524e-06
3.07821e-06
0.00108912
3.88418e-05
0.0012258
3.59211e-06
1.71415e-06
4.72388e-06
6.99597e-08
1.32808e-06
2.43671e-06
1.86582e-06
0.00112266
4.27691e-05
0.00123933
3.39063e-06
1.1441e-06
4.0969e-06
7.88232e-08
1.08261e-06
2.16281e-06
1.13064e-06
0.0011525
4.77453e-05
0.0012513
3.18572e-06
7.63535e-07
3.55294e-06
8.88186e-08
8.82472e-07
1.91965e-06
6.85031e-07
0.00117881
5.37271e-05
0.00126183
2.97701e-06
5.0952e-07
3.08105e-06
1.00084e-07
7.1928e-07
1.7038e-06
4.15005e-07
0.00120179
6.07254e-05
0.00127107
2.76412e-06
3.39994e-07
2.67173e-06
1.12779e-07
5.8613e-07
1.5122e-06
2.51405e-07
0.00122173
6.87899e-05
0.00127916
2.54665e-06
2.26865e-07
2.3167e-06
1.27083e-07
4.77201e-07
1.34214e-06
1.52298e-07
0.00123889
7.79996e-05
0.00128622
2.32417e-06
1.51379e-07
2.00879e-06
1.43202e-07
3.87116e-07
1.19123e-06
9.22807e-08
0.00125359
8.84557e-05
0.00129236
2.09624e-06
1.01048e-07
1.74177e-06
1.61366e-07
3.09374e-07
1.05744e-06
5.59903e-08
0.0012661
0.000100278
0.00129769
1.86238e-06
6.78618e-08
1.5112e-06
1.81833e-07
2.31642e-07
9.39299e-07
3.42387e-08
0.00127671
0.000113599
0.00130232
1.62211e-06
4.97655e-08
1.35564e-06
2.04895e-07
8.49679e-08
4.57287e-08
8.54085e-07
2.33862e-08
0.00127207
0.00103775
0.000132979
4.07209e-05
7.85155e-06
2.25123e-07
4.80459e-08
4.55345e-08
7.96273e-07
1.84512e-08
0.00126842
0.00104516
0.000159894
3.25606e-05
5.32121e-06
2.41658e-07
2.72956e-08
4.65541e-08
7.42372e-07
1.45591e-08
0.00126455
0.00105187
0.000191703
2.60073e-05
3.60711e-06
2.59298e-07
1.56683e-08
4.92905e-08
6.92118e-07
1.14907e-08
0.00126047
0.00105816
0.000228921
2.07548e-05
2.44667e-06
2.78174e-07
9.19688e-09
5.44923e-08
6.45264e-07
9.07369e-09
0.00125615
0.00106417
0.000272009
1.65516e-05
1.66148e-06
2.98398e-07
5.65065e-09
6.32702e-08
6.0158e-07
7.17357e-09
0.00125158
0.00107001
0.000321311
1.31922e-05
1.13046e-06
3.20081e-07
3.77878e-09
7.72704e-08
5.60853e-07
5.68636e-09
0.00124675
0.0010757
0.000376967
1.051e-05
7.71538e-07
3.43332e-07
2.88375e-09
9.89301e-08
5.22883e-07
4.53408e-09
0.00124166
0.00108127
0.000438834
8.37011e-06
5.29118e-07
3.6827e-07
2.58163e-09
1.31856e-07
4.87482e-07
3.66227e-09
0.00123629
0.00108674
0.000506406
6.66405e-06
3.65563e-07
3.95017e-07
2.66756e-09
1.81382e-07
4.54477e-07
3.04061e-09
0.00123062
0.00109211
0.000578766
5.30453e-06
2.55397e-07
4.23706e-07
0.00122465
0.00109738
0.000654571
4.2216e-06
0.00121836
0.00110257
0.000732105
3.35928e-06
0.00121173
0.00110766
0.000809397
2.67279e-06
0.00120475
0.00111267
0.000884394
2.12639e-06
0.00119739
0.00111759
0.000955169
1.69158e-06
0.00118959
0.00112242
0.00102011
1.3456e-06
0.0011812
0.00112716
0.00107809
1.07033e-06
0.00117176
0.00113182
0.00112848
8.51369e-07
0.00115988
0.0011364
0.0011712
6.77982e-07
0.00114115
0.00114088
0.00120658
5.68174e-07
0.0013264
0.000726755
0.00132584
0.000538476
0.00132521
0.0003914
0.00132447
0.000289919
0.00132362
0.00022849
0.00132265
0.000198868
0.00132152
0.00019379
0.00132023
0.000208077
0.00131874
0.000238503
0.00131702
0.000283262
0.00131504
0.000341348
0.00131277
0.00041198
0.00131016
0.000494071
0.00130716
0.000585812
0.00130371
0.000684397
0.00129975
0.000786012
0.00129522
0.000886141
0.00129002
0.00098016
0.00128407
0.00106408
0.00127722
0.00113521
0.00126778
0.00125488
0.00123953
0.00122132
0.00119989
0.00117482
0.00114575
0.00111237
0.00107445
0.00103191
0.00098483
0.000933482
0.000878364
0.000820175
0.000759789
0.000698216
0.000636464
0.000575902
0.000515544
0.000467906
END_LIST
