BEGIN_LIST
0.00131679
0.00131574
0.00131462
0.00131341
0.00131211
0.00131072
0.00130922
0.00130761
0.00130589
0.00130403
0.00130204
0.00129991
0.00129761
0.00129515
0.0012925
0.00128964
0.0012865
0.00128296
0.00127866
0.00127264
0.00117047
0.00132979
0.00112755
0.00132973
0.0010766
0.00132965
0.0010176
0.00132956
0.000951132
0.00132943
0.000878348
0.00132927
0.00080097
0.00132907
0.00072111
0.0013288
0.000641043
0.00132847
0.000562962
0.00132804
0.000488765
0.00132749
0.000419912
0.00132678
0.00035737
0.00132587
0.000301638
0.00132471
0.00025283
0.00132322
0.0002108
0.00132131
0.000175328
0.00131887
0.000146408
0.00131575
0.000124788
0.00131157
0.00011316
0.00129858
0.000173871
0.000122103
0.00014114
0.000359796
0.000957522
0.000153479
0.000131177
0.000150194
0.000325012
0.00088869
0.000135223
0.000140447
0.000168346
0.000292727
0.000815524
0.000118938
0.000150061
0.000192723
0.000262936
0.000739821
0.000104457
0.000160116
0.000222125
0.000235594
0.000663537
9.16165e-05
0.000170676
0.000256122
0.00021062
0.00058859
8.02602e-05
0.00018179
0.000294597
0.00018791
0.000516688
7.02387e-05
0.000193494
0.000337522
0.000167339
0.000449202
6.14123e-05
0.000205815
0.000384829
0.000148773
0.000387107
5.36519e-05
0.000218779
0.000436332
0.00013207
0.000330975
4.68392e-05
0.000232405
0.000491687
0.000117084
0.000281016
4.08663e-05
0.000246711
0.000550358
0.000103673
0.000237146
3.56357e-05
0.000261711
0.000611618
9.16942e-05
0.000199061
3.10599e-05
0.000277415
0.000674558
8.10097e-05
0.000166298
2.70604e-05
0.000293832
0.000738132
7.14807e-05
0.000138287
2.35675e-05
0.000310966
0.000801213
6.29603e-05
0.000114352
2.05189e-05
0.000328819
0.000862667
5.52742e-05
9.36458e-05
1.78597e-05
0.000347386
0.000921433
4.81772e-05
7.49257e-05
1.55453e-05
0.000366661
0.000976598
4.12562e-05
5.59673e-05
1.31152e-05
0.000386631
0.00102745
3.37147e-05
3.20942e-05
1.68331e-05
1.21508e-05
0.000456885
0.000592022
0.000270581
0.00106621
7.88581e-06
0.000131444
3.09248e-05
1.37205e-05
1.37467e-05
1.07928e-05
0.000309899
0.000729107
0.000188936
0.00109501
7.6218e-06
9.01148e-05
2.68832e-05
3.60285e-06
1.12222e-05
9.58565e-06
0.000202102
0.000811474
0.000132702
0.00112144
7.35696e-06
6.12464e-05
2.33614e-05
9.6481e-07
9.15861e-06
8.51273e-06
0.000128299
0.000874009
9.52451e-05
0.00114555
7.09096e-06
4.13778e-05
2.02946e-05
2.82178e-07
7.47267e-06
7.55929e-06
8.00241e-05
0.000927699
7.11213e-05
0.00116743
6.82344e-06
2.7841e-05
1.76255e-05
1.08779e-07
6.09589e-06
6.71216e-06
4.93567e-05
0.000976111
5.62645e-05
0.00118717
6.55404e-06
1.86811e-05
1.53039e-05
6.82302e-08
4.97197e-06
5.95958e-06
3.02295e-05
0.00102033
4.78013e-05
0.00120488
6.28237e-06
1.25116e-05
1.32853e-05
6.27664e-08
4.05474e-06
5.29108e-06
1.84349e-05
0.00106063
4.37731e-05
0.0012207
6.00804e-06
8.36916e-06
1.15308e-05
6.70603e-08
3.30637e-06
4.69733e-06
1.12125e-05
0.00109708
4.28816e-05
0.00123477
5.73062e-06
5.59355e-06
1.00065e-05
7.46137e-08
2.69588e-06
4.17003e-06
6.80865e-06
0.00112974
4.42879e-05
0.00124721
5.44968e-06
3.73637e-06
8.68255e-06
8.38304e-08
2.19796e-06
3.70177e-06
4.13043e-06
0.00115871
4.74671e-05
0.00125819
5.16477e-06
2.49488e-06
7.53286e-06
9.43994e-08
1.7919e-06
3.28597e-06
2.50421e-06
0.0011842
5.21075e-05
0.00126784
4.8754e-06
1.66548e-06
6.53473e-06
1.06356e-07
1.46078e-06
2.91679e-06
1.51771e-06
0.00120642
5.80417e-05
0.00127628
4.58107e-06
1.11162e-06
5.66836e-06
1.19842e-07
1.19079e-06
2.58902e-06
9.19628e-07
0.00122566
6.52009e-05
0.00128366
4.28126e-06
7.41871e-07
4.91647e-06
1.35042e-07
9.70619e-07
2.29802e-06
5.57159e-07
0.00124221
7.35845e-05
0.00129009
3.97541e-06
4.95069e-07
4.26403e-06
1.5217e-07
7.90971e-07
2.03969e-06
3.37531e-07
0.00125636
8.32404e-05
0.00129568
3.66294e-06
3.30356e-07
3.69796e-06
1.7147e-07
6.44007e-07
1.81038e-06
2.04477e-07
0.00126839
9.42511e-05
0.00130053
3.34324e-06
2.20443e-07
3.20687e-06
1.93219e-07
5.22498e-07
1.60688e-06
1.23899e-07
0.00127859
0.000106725
0.00130472
3.01568e-06
1.47154e-07
2.78092e-06
2.17725e-07
4.17764e-07
1.42645e-06
7.51749e-08
0.0012872
0.00012079
0.00130835
2.67957e-06
9.88282e-08
2.41303e-06
2.45339e-07
3.13445e-07
1.26712e-06
4.59706e-08
0.00129443
0.000136588
0.00131148
2.33421e-06
7.24758e-08
2.16478e-06
2.76454e-07
1.15239e-07
6.21061e-08
1.15219e-06
3.13997e-08
0.00129068
0.00108685
0.000159468
5.82604e-05
1.12878e-05
3.03745e-07
6.5161e-08
6.20485e-08
1.07421e-06
2.47737e-08
0.00128816
0.00109317
0.000191051
4.66979e-05
7.65306e-06
3.26054e-07
3.70159e-08
6.37254e-08
1.00151e-06
1.9548e-08
0.00128549
0.00109894
0.000228078
3.73718e-05
5.18895e-06
3.49853e-07
2.12442e-08
6.78623e-08
9.33726e-07
1.54282e-08
0.00128266
0.00110436
0.000270989
2.98706e-05
3.51988e-06
3.75319e-07
1.24649e-08
7.55376e-08
8.70526e-07
1.21831e-08
0.00127966
0.00110956
0.000320116
2.3851e-05
2.39009e-06
4.02604e-07
7.65262e-09
8.83514e-08
8.11602e-07
9.63209e-09
0.00127647
0.00111459
0.000375595
1.90292e-05
1.62581e-06
4.31856e-07
5.11065e-09
1.08675e-07
7.56664e-07
7.63558e-09
0.00127311
0.0011195
0.000437286
1.51723e-05
1.10909e-06
4.63224e-07
3.89277e-09
1.40017e-07
7.05443e-07
6.08896e-09
0.00126954
0.0011243
0.00050469
1.20909e-05
7.60015e-07
4.96867e-07
3.47803e-09
1.87571e-07
6.57688e-07
4.91933e-09
0.00126577
0.00112901
0.000576896
9.63139e-06
5.24441e-07
5.32951e-07
3.58828e-09
2.59017e-07
6.13164e-07
4.08628e-09
0.00126177
0.00113362
0.000652571
7.66965e-06
3.65711e-07
5.71653e-07
0.00125755
0.00113814
0.000730009
6.10588e-06
0.00125309
0.00114258
0.000807245
4.85994e-06
0.00124837
0.00114694
0.000882232
3.86759e-06
0.00124339
0.00115121
0.000953042
3.07747e-06
0.00123811
0.0011554
0.00101806
2.4485e-06
0.00123248
0.0011595
0.00107615
1.94792e-06
0.00122637
0.00116353
0.00112668
1.54958e-06
0.0012194
0.00116748
0.00116955
1.23266e-06
0.00121041
0.00117135
0.0012051
9.81679e-07
0.00119566
0.00117514
0.00123396
8.22715e-07
0.00132878
0.000805777
0.00132859
0.000610248
0.00132837
0.000450568
0.00132812
0.000336952
0.00132783
0.000266613
0.0013275
0.000231875
0.00132711
0.000225065
0.00132667
0.000240332
0.00132615
0.000273802
0.00132556
0.000323078
0.00132488
0.000386573
0.0013241
0.000462867
0.00132319
0.000550149
0.00132215
0.000645814
0.00132094
0.000746302
0.00131955
0.000847244
0.00131795
0.000943935
0.00131611
0.00103204
0.00131398
0.00110828
0.00131152
0.00117093
0.00130808
0.00130332
0.00129756
0.00129059
0.00128217
0.00127204
0.00125988
0.00124536
0.00122811
0.00120771
0.00118379
0.00115594
0.00112383
0.0010872
0.00104593
0.00100004
0.000949704
0.000895693
0.000836565
0.00078622
END_LIST
