BEGIN_LIST
0.00132975
0.00132973
0.00132971
0.00132968
0.00132966
0.00132963
0.0013296
0.00132957
0.00132954
0.0013295
0.00132946
0.00132942
0.00132937
0.00132932
0.00132927
0.00132921
0.00132915
0.00132908
0.00132898
0.00132885
0.00132039
0.00133
0.0013171
0.00133
0.00131271
0.00133
0.00130689
0.00133
0.00129921
0.00133
0.00128911
0.00133
0.00127596
0.00133
0.00125896
0.00133
0.00123724
0.00133
0.00120987
0.00133
0.00117592
0.00133
0.00113464
0.00133
0.00108554
0.00133
0.00102863
0.00133
0.00096464
0.00133
0.000895338
0.00133
0.000824064
0.00133
0.000756978
0.00133
0.000705779
0.00133
0.000692725
0.00133
0.00094491
0.000734196
0.000855929
0.000961808
0.00132381
0.00090248
0.000744396
0.000922981
0.000920927
0.0013218
0.000857871
0.000760596
0.000981383
0.000877985
0.00131917
0.000811454
0.000780331
0.00103318
0.000833323
0.0013157
0.000763667
0.00080205
0.00107914
0.000787341
0.00131117
0.000714999
0.000824789
0.00111964
0.000740477
0.00130526
0.000665971
0.000847942
0.00115492
0.000693197
0.00129758
0.000617114
0.000871125
0.0011853
0.000645973
0.00128766
0.000568947
0.00089409
0.00121116
0.000599263
0.00127492
0.000521951
0.000916668
0.00123295
0.0005535
0.00125869
0.00047656
0.000938743
0.00125112
0.000509071
0.00123821
0.000433139
0.000960232
0.00126616
0.000466306
0.00121266
0.00039198
0.000981073
0.00127851
0.00042547
0.00118115
0.000353299
0.00100122
0.0012886
0.000386748
0.00114277
0.000317238
0.00102064
0.00129679
0.000350228
0.00109649
0.000283867
0.0010393
0.00130342
0.000315863
0.00104077
0.000253195
0.0010572
0.00130876
0.000283383
0.000972491
0.000225178
0.00107431
0.00131305
0.000252099
0.000883816
0.000199767
0.00109064
0.00131649
0.000220449
0.000752663
0.000171968
0.00110619
0.00131925
0.000184957
0.000508296
0.000219183
0.000161364
0.00119822
0.00125643
0.000918625
0.00132112
4.57838e-05
0.000621819
0.000503186
0.000248299
0.000183423
0.000144979
0.00108417
0.00129635
0.000735981
0.00132239
4.42831e-05
0.000480391
0.000457782
7.00284e-05
0.000152818
0.000130091
0.000922263
0.00130852
0.000571135
0.00132348
4.27756e-05
0.0003576
0.000414569
1.8978e-05
0.000126843
0.000116597
0.000730439
0.00131412
0.000439009
0.00132441
4.12594e-05
0.000258282
0.000373818
5.42073e-06
0.000104951
0.000104395
0.000539242
0.00131748
0.000342464
0.00132521
3.97326e-05
0.000182272
0.000335715
1.9338e-06
8.66086e-05
9.33813e-05
0.000374846
0.00131985
0.000277525
0.0013259
3.8193e-05
0.000126451
0.000300372
1.09274e-06
7.1315e-05
8.34591e-05
0.000248821
0.00132167
0.000237873
0.00132649
3.66385e-05
8.66594e-05
0.000267829
9.48962e-07
5.8615e-05
7.45345e-05
0.000159863
0.00132313
0.00021737
0.00132699
3.50667e-05
5.8884e-05
0.000238062
9.95913e-07
4.8104e-05
6.65188e-05
0.000100492
0.00132432
0.000211027
0.00132743
3.34753e-05
3.97761e-05
0.000211002
1.1031e-06
3.94289e-05
5.93288e-05
6.22874e-05
0.0013253
0.000215153
0.0013278
3.18618e-05
2.6761e-05
0.000186537
1.23796e-06
3.22851e-05
5.2887e-05
3.82669e-05
0.00132611
0.000227168
0.00132812
3.02233e-05
1.79556e-05
0.000164527
1.39357e-06
2.64134e-05
4.71215e-05
2.33809e-05
0.00132678
0.000245334
0.00132839
2.85573e-05
1.20255e-05
0.000144814
1.56983e-06
2.15947e-05
4.19662e-05
1.42374e-05
0.00132734
0.000268506
0.00132862
2.68607e-05
8.04404e-06
0.000127227
1.76864e-06
1.76447e-05
3.73602e-05
8.65177e-06
0.0013278
0.00029594
0.00132882
2.51304e-05
5.37632e-06
0.000111594
1.99267e-06
1.44097e-05
3.32482e-05
5.25091e-06
0.00132818
0.000327144
0.00132899
2.33632e-05
3.59134e-06
9.77385e-05
2.24506e-06
1.17604e-05
2.95796e-05
3.18446e-06
0.0013285
0.000361774
0.00132914
2.15556e-05
2.39811e-06
8.54939e-05
2.52937e-06
9.58509e-06
2.63087e-05
1.93042e-06
0.00132876
0.000399558
0.00132927
1.9704e-05
1.60098e-06
7.46987e-05
2.84961e-06
7.77662e-06
2.33945e-05
1.17017e-06
0.00132897
0.000440245
0.00132937
1.78046e-05
1.06906e-06
6.52025e-05
3.21032e-06
6.19603e-06
2.08018e-05
7.1018e-07
0.00132915
0.000483568
0.00132947
1.58533e-05
7.18142e-07
5.6901e-05
3.61657e-06
4.56028e-06
1.8505e-05
4.34358e-07
0.0013293
0.000529216
0.00132954
1.38459e-05
5.26726e-07
5.12517e-05
4.07408e-06
1.6401e-06
8.72319e-07
1.68444e-05
2.96717e-07
0.00132908
0.00128893
0.000589979
0.000314511
6.59859e-05
4.47516e-06
9.26477e-07
8.4229e-07
1.57156e-05
2.34123e-07
0.00132902
0.00129009
0.000665243
0.00026161
4.51222e-05
4.80285e-06
5.2491e-07
8.24363e-07
1.46617e-05
1.84762e-07
0.00132896
0.00129118
0.000742208
0.00021591
3.08086e-05
5.1523e-06
2.99426e-07
8.22762e-07
1.36778e-05
1.45859e-07
0.00132889
0.00129222
0.000818757
0.00017701
2.10368e-05
5.52605e-06
1.73383e-07
8.43821e-07
1.27594e-05
1.15239e-07
0.00132882
0.00129322
0.000892795
0.000144307
1.43895e-05
5.9263e-06
1.03635e-07
8.96987e-07
1.19021e-05
9.12097e-08
0.00132874
0.0012942
0.000962415
0.000117098
9.8801e-06
6.35518e-06
6.59396e-08
9.96306e-07
1.1102e-05
7.24811e-08
0.00132866
0.00129514
0.00102608
9.46546e-05
6.82837e-06
6.81485e-06
4.67276e-08
1.16261e-06
1.03553e-05
5.81111e-08
0.00132857
0.00129606
0.00108272
7.62718e-05
4.7683e-06
7.30754e-06
3.84692e-08
1.42675e-06
9.65855e-06
4.74943e-08
0.00132847
0.00129696
0.00113182
6.13015e-05
3.38191e-06
7.83565e-06
3.70672e-08
1.83436e-06
9.00835e-06
4.03969e-08
0.00132837
0.00129783
0.00117337
4.91669e-05
2.45288e-06
8.40168e-06
0.00132827
0.00129868
0.00120773
3.93681e-05
0.00132815
0.00129951
0.00123561
3.14796e-05
0.00132803
0.00130032
0.00125782
2.51443e-05
0.0013279
0.00130111
0.00127525
2.00666e-05
0.00132776
0.00130187
0.00128876
1.60031e-05
0.00132761
0.00130262
0.00129911
1.27553e-05
0.00132744
0.00130335
0.00130698
1.01621e-05
0.00132722
0.00130406
0.00131292
8.09351e-06
0.00132688
0.00130475
0.00131737
6.4518e-06
0.00132614
0.00130543
0.0013207
5.41052e-06
0.00133
0.00121361
0.00133
0.00108665
0.00133
0.00093153
0.00133
0.000784675
0.00133
0.000674507
0.00133
0.000612685
0.00133
0.000597778
0.00133
0.000621976
0.00133
0.000675646
0.00133
0.000749302
0.00133
0.00083419
0.00133
0.000922476
0.00133
0.00100752
0.00133
0.00108426
0.00133
0.00114952
0.00133
0.00120206
0.00133
0.00124226
0.00133
0.00127164
0.00133
0.00129223
0.00133
0.00130616
0.00133
0.00133
0.00133
0.00133
0.00133
0.00133
0.00133
0.00133
0.00133
0.00133
0.00133
0.00133
0.00133
0.00133
0.00133
0.00132999
0.00132999
0.00132999
0.00132999
0.00132999
END_LIST
