BEGIN_LIST
0.000377739
0.000358454
0.000339905
0.000322092
0.000305009
0.000288649
0.000273001
0.000258053
0.000243791
0.000230197
0.000217253
0.000204941
0.000193238
0.000182121
0.000171557
0.000161497
0.000151841
0.00014236
0.000132474
0.000120652
7.65948e-05
0.000269208
6.22436e-05
0.000225817
5.05139e-05
0.000188569
4.09501e-05
0.000156867
3.31678e-05
0.000130079
2.68454e-05
0.000107579
2.17155e-05
8.87739e-05
1.75577e-05
7.31215e-05
1.41906e-05
6.01374e-05
1.14657e-05
4.9397e-05
9.2618e-06
4.0533e-05
7.4801e-06
3.32314e-05
6.04036e-06
2.72261e-05
4.87757e-06
2.22933e-05
3.93933e-06
1.82457e-05
3.18403e-06
1.49272e-05
2.58e-06
1.22085e-05
2.10653e-06
9.98225e-06
1.75874e-06
8.15467e-06
1.56159e-06
6.36478e-06
2.4244e-06
1.67668e-06
1.94168e-06
5.37869e-07
2.07856e-06
2.10629e-06
1.8129e-06
2.0663e-06
4.71511e-07
1.69864e-06
1.82989e-06
1.95394e-06
2.34107e-06
4.13337e-07
1.38812e-06
1.58973e-06
2.10229e-06
2.72579e-06
3.6234e-07
1.13434e-06
1.38106e-06
2.25972e-06
3.2093e-06
3.17633e-07
9.26928e-07
1.19977e-06
2.42767e-06
3.79526e-06
2.78441e-07
7.57431e-07
1.04226e-06
2.60733e-06
4.49585e-06
2.44084e-07
6.18919e-07
9.05421e-07
2.79983e-06
5.32908e-06
2.13965e-07
5.0573e-07
7.86539e-07
3.00626e-06
6.31798e-06
1.87562e-07
4.13237e-07
6.83261e-07
3.22773e-06
7.49052e-06
1.64417e-07
3.37656e-07
5.9354e-07
3.46539e-06
8.8801e-06
1.44125e-07
2.75894e-07
5.15597e-07
3.72047e-06
1.05264e-05
1.26334e-07
2.2542e-07
4.47887e-07
3.99426e-06
1.24761e-05
1.10732e-07
1.84163e-07
3.89067e-07
4.28813e-06
1.47844e-05
9.70408e-08
1.50415e-07
3.3797e-07
4.60356e-06
1.75162e-05
8.50067e-08
1.22753e-07
2.93583e-07
4.94212e-06
2.07477e-05
7.43864e-08
9.99422e-08
2.55025e-07
5.30552e-06
2.45684e-05
6.49193e-08
8.08062e-08
2.21529e-07
5.69556e-06
2.90828e-05
5.62721e-08
6.39793e-08
1.92482e-07
6.11418e-06
3.44129e-05
4.79212e-08
4.73794e-08
1.62098e-07
6.56347e-06
4.07005e-05
3.88947e-08
2.69928e-08
2.08117e-07
1.49999e-07
7.91541e-06
1.13872e-05
4.40354e-06
4.67448e-05
8.98441e-09
1.56076e-07
2.61429e-08
1.1666e-08
1.69612e-07
1.331e-07
4.79976e-06
1.56513e-05
3.03961e-06
5.23268e-05
8.68057e-09
1.04114e-07
2.26619e-08
3.33209e-09
1.38231e-07
1.18104e-07
2.90893e-06
1.90931e-05
2.17519e-06
5.85318e-05
8.37615e-09
6.94512e-08
1.96443e-08
1.20569e-09
1.12655e-07
1.04797e-07
1.76241e-06
2.25263e-05
1.63994e-06
6.54341e-05
8.07074e-09
4.63284e-08
1.70286e-08
6.96559e-10
9.18114e-08
9.29903e-08
1.06756e-06
2.63002e-05
1.32325e-06
7.31119e-05
7.76396e-09
3.09039e-08
1.47611e-08
6.12995e-10
7.48241e-08
8.25133e-08
6.46591e-07
3.05982e-05
1.15353e-06
8.16485e-05
7.45536e-09
2.06147e-08
1.27956e-08
6.46154e-10
6.09797e-08
7.32166e-08
3.91592e-07
3.55495e-05
1.08478e-06
9.11327e-05
7.14453e-09
1.37512e-08
1.10918e-08
7.16598e-10
4.96969e-08
6.49674e-08
2.37148e-07
4.12718e-05
1.0878e-06
0.00010166
6.83098e-09
9.17288e-09
9.61487e-09
8.04579e-10
4.05016e-08
5.76476e-08
1.43613e-07
4.78876e-05
1.14439e-06
0.00011333
6.51425e-09
6.11883e-09
8.33459e-09
9.05963e-10
3.30076e-08
5.11524e-08
8.69681e-08
5.5532e-05
1.24369e-06
0.000126252
6.19384e-09
4.08161e-09
7.22479e-09
1.0208e-09
2.69003e-08
4.53891e-08
5.26651e-08
6.43556e-05
1.37975e-06
0.000140539
5.86921e-09
2.72266e-09
6.26277e-09
1.15037e-09
2.19229e-08
4.02751e-08
3.18921e-08
7.45267e-05
1.54997e-06
0.000156307
5.53983e-09
1.81617e-09
5.42884e-09
1.29643e-09
1.78664e-08
3.57373e-08
1.93127e-08
8.62329e-05
1.7541e-06
0.000173679
5.20511e-09
1.21149e-09
4.70596e-09
1.46105e-09
1.45603e-08
3.17107e-08
1.1695e-08
9.96812e-05
1.99367e-06
0.000192778
4.86446e-09
8.0813e-10
4.07933e-09
1.64658e-09
1.18651e-08
2.81378e-08
7.08205e-09
0.000115098
2.27156e-06
0.000213728
4.51725e-09
5.39068e-10
3.53614e-09
1.85566e-09
9.66612e-09
2.49676e-08
4.28865e-09
0.000132729
2.59183e-06
0.000236649
4.16281e-09
3.59589e-10
3.06528e-09
2.0913e-09
7.86567e-09
2.21547e-08
2.59716e-09
0.000152835
2.9596e-06
0.000261657
3.80045e-09
2.39873e-10
2.65712e-09
2.35685e-09
6.37053e-09
1.96594e-08
1.57319e-09
0.000175688
3.38106e-06
0.000288855
3.42943e-09
1.60076e-10
2.30334e-09
2.65613e-09
5.0593e-09
1.74478e-08
9.54234e-10
0.000201568
3.86345e-06
0.000318336
3.049e-09
1.07476e-10
1.99797e-09
2.99341e-09
3.68161e-09
1.54956e-08
5.83359e-10
0.000230751
4.4152e-06
0.000350167
2.65834e-09
7.87991e-11
1.79199e-09
3.37351e-09
1.30675e-09
6.89201e-10
1.40877e-08
3.98364e-10
0.000230708
0.000121138
5.23499e-06
6.76486e-08
1.29396e-08
3.70694e-09
7.39099e-10
6.52311e-10
1.31327e-08
3.14255e-10
0.00021941
0.000125905
6.40686e-06
5.37953e-08
8.83324e-09
3.97953e-09
4.20206e-10
6.19554e-10
1.22425e-08
2.47927e-10
0.000208591
0.000129928
7.84648e-06
4.27788e-08
6.06138e-09
4.27037e-09
2.41646e-10
5.91614e-10
1.14126e-08
1.9564e-10
0.000198237
0.000133582
9.61145e-06
3.40183e-08
4.19233e-09
4.5816e-09
1.42407e-10
5.69578e-10
1.06389e-08
1.54453e-10
0.000188335
0.000137069
1.1773e-05
2.70518e-08
2.9342e-09
4.9151e-09
8.82003e-11
5.55126e-10
9.91773e-09
1.22067e-10
0.000178872
0.000140498
1.44183e-05
2.1512e-08
2.0896e-09
5.27268e-09
5.98093e-11
5.50814e-10
9.24542e-09
9.67026e-11
0.000169834
0.000143931
1.76536e-05
1.71066e-08
1.52504e-09
5.65617e-09
4.65315e-11
5.60479e-10
8.61869e-09
7.7017e-11
0.000161207
0.000147398
2.16079e-05
1.36034e-08
1.15031e-09
6.06752e-09
4.24923e-11
5.89861e-10
8.03444e-09
6.20608e-11
0.000152977
0.000150919
2.64373e-05
1.08175e-08
9.04399e-10
6.50876e-09
4.45773e-11
6.475e-10
7.4898e-09
5.1279e-11
0.00014513
0.000154505
3.233e-05
8.60224e-09
7.46078e-10
6.98207e-09
0.000137652
0.000158161
3.95119e-05
6.84059e-09
0.000130528
0.000161891
4.82532e-05
5.43971e-09
0.000123746
0.000165698
5.88749e-05
4.32572e-09
0.000117289
0.000169585
7.17549e-05
3.43986e-09
0.00011114
0.000173552
8.73347e-05
2.73541e-09
0.000105273
0.000177602
0.000106123
2.17522e-09
9.96351e-05
0.000181735
0.000128697
1.72976e-09
9.40934e-05
0.000185953
0.000155698
1.37556e-09
8.82656e-05
0.000190257
0.000187818
1.09519e-09
8.10105e-05
0.000194648
0.000225778
9.17661e-10
0.000210157
3.27153e-05
0.000188023
2.13283e-05
0.000167971
1.45685e-05
0.000149858
1.07827e-05
0.000133539
8.95882e-06
0.000118869
8.49895e-06
0.000105709
9.07457e-06
9.39263e-05
1.05372e-05
8.33931e-05
1.28653e-05
7.39908e-05
1.61358e-05
6.56089e-05
2.05108e-05
5.81453e-05
2.62356e-05
5.15062e-05
3.36455e-05
4.56058e-05
4.31774e-05
4.03662e-05
5.53869e-05
3.57167e-05
7.09674e-05
3.15934e-05
9.07707e-05
2.79388e-05
0.000115822
2.47027e-05
0.000147328
2.18037e-05
0.000186656
1.8818e-05
1.58561e-05
1.3357e-05
1.12495e-05
9.47276e-06
7.97546e-06
6.71397e-06
5.65141e-06
4.75659e-06
4.00315e-06
3.36883e-06
2.83488e-06
2.38544e-06
2.00719e-06
1.68885e-06
1.42099e-06
1.19546e-06
1.00638e-06
8.43417e-07
7.28105e-07
END_LIST
