BEGIN_LIST
0.00123449
0.00122749
0.00122005
0.00121215
0.00120377
0.00119488
0.00118548
0.00117553
0.00116503
0.00115395
0.00114228
0.00113
0.0011171
0.00110356
0.00108934
0.00107438
0.00105851
0.00104127
0.00102144
0.000995612
0.000789613
0.001296
0.000708914
0.00128677
0.000628459
0.00127522
0.000550434
0.00126081
0.00047668
0.00124297
0.00040857
0.00122103
0.000346968
0.00119433
0.000292263
0.00116219
0.000244448
0.00112402
0.00020322
0.0010794
0.000168079
0.00102816
0.000138415
0.000970516
0.000113578
0.000907056
9.29251e-05
0.000838817
7.58552e-05
0.000767207
6.1832e-05
0.000693898
5.04067e-05
0.000620668
4.12534e-05
0.000549224
3.42494e-05
0.000480658
2.96711e-05
0.000399498
4.49321e-05
3.10271e-05
3.58367e-05
3.94584e-05
0.000146926
3.91938e-05
3.32458e-05
3.77212e-05
3.47152e-05
0.000122012
3.41707e-05
3.56268e-05
4.24095e-05
3.05313e-05
0.000101041
2.9778e-05
3.81785e-05
4.90686e-05
2.68431e-05
8.34795e-05
2.59398e-05
4.09106e-05
5.74181e-05
2.35939e-05
6.8837e-05
2.25885e-05
4.3834e-05
6.74489e-05
2.0733e-05
5.66719e-05
1.96643e-05
4.69607e-05
7.92924e-05
1.8215e-05
4.65948e-05
1.71142e-05
5.03034e-05
9.31596e-05
1.59998e-05
3.82676e-05
1.48914e-05
5.38759e-05
0.000109311
1.40516e-05
3.14002e-05
1.29547e-05
5.76923e-05
0.00012804
1.23388e-05
2.57461e-05
1.1268e-05
6.1768e-05
0.000149663
1.08332e-05
2.1097e-05
9.79938e-06
6.61188e-05
0.000174505
9.51008e-06
1.72782e-05
8.52107e-06
7.07614e-05
0.00020289
8.34716e-06
1.41435e-05
7.40867e-06
7.57132e-05
0.000235117
7.32459e-06
1.15705e-05
6.44085e-06
8.09924e-05
0.000271444
6.4241e-06
9.45527e-06
5.59897e-06
8.66178e-05
0.000312054
5.628e-06
7.70672e-06
4.86678e-06
9.26089e-05
0.00035703
4.91711e-06
6.23655e-06
4.23005e-06
9.89859e-05
0.00040632
4.26662e-06
4.9408e-06
3.67735e-06
0.00010577
0.000459704
3.63721e-06
3.65909e-06
3.09854e-06
0.000112982
0.000516776
2.95557e-06
2.08012e-06
3.97832e-06
2.86836e-06
0.000135594
0.000189829
7.63687e-05
0.000566539
6.83729e-07
1.18368e-05
2.00357e-06
8.86224e-07
3.24399e-06
2.546e-06
8.46939e-05
0.000253103
5.23465e-05
0.000608282
6.60709e-07
7.9156e-06
1.73719e-06
2.36085e-07
2.64499e-06
2.25981e-06
5.22829e-05
0.000300048
3.67149e-05
0.000650709
6.37629e-07
5.2893e-06
1.5062e-06
6.78839e-08
2.15644e-06
2.00575e-06
3.2039e-05
0.000343202
2.6753e-05
0.000693558
6.14459e-07
3.53256e-06
1.30589e-06
2.50177e-08
1.75803e-06
1.78022e-06
1.95447e-05
0.000387033
2.06026e-05
0.000736524
5.91168e-07
2.35847e-06
1.1322e-06
1.48187e-08
1.43316e-06
1.58003e-06
1.18898e-05
0.000433067
1.70203e-05
0.000779279
5.67724e-07
1.57425e-06
9.81603e-07
1.32248e-08
1.16829e-06
1.40232e-06
7.22076e-06
0.000481676
1.51868e-05
0.000821483
5.44094e-07
1.05062e-06
8.51023e-07
1.4e-08
9.52333e-07
1.24459e-06
4.3807e-06
0.00053273
1.45697e-05
0.000862801
5.20242e-07
7.01097e-07
7.37805e-07
1.55415e-08
7.76279e-07
1.10458e-06
2.65603e-06
0.000585835
1.48291e-05
0.000902916
4.96133e-07
4.67821e-07
6.39643e-07
1.74522e-08
6.32758e-07
9.80313e-07
1.60975e-06
0.000640435
1.57537e-05
0.000941536
4.71729e-07
3.12148e-07
5.54537e-07
1.96502e-08
5.15763e-07
8.70019e-07
9.75398e-07
0.000695865
1.72177e-05
0.00097841
4.4699e-07
2.08271e-07
4.8075e-07
2.21388e-08
4.20394e-07
7.72127e-07
5.90943e-07
0.000751392
1.91539e-05
0.00101333
4.21874e-07
1.38959e-07
4.16779e-07
2.49462e-08
3.42655e-07
6.85245e-07
3.57992e-07
0.000806256
2.15344e-05
0.00104613
3.96337e-07
9.2713e-08
3.61318e-07
2.81104e-08
2.79284e-07
6.08135e-07
2.1686e-07
0.000859711
2.43595e-05
0.00107669
3.70335e-07
6.18571e-08
3.13236e-07
3.16762e-08
2.27617e-07
5.39699e-07
1.31363e-07
0.00091107
2.76502e-05
0.00110497
3.4382e-07
4.12702e-08
2.71551e-07
3.56944e-08
1.8546e-07
4.78964e-07
7.95719e-08
0.000959735
3.14434e-05
0.00113095
3.1674e-07
2.75348e-08
2.35413e-07
4.02223e-08
1.5095e-07
4.25064e-07
4.82015e-08
0.00100523
3.57889e-05
0.00115464
2.89043e-07
1.83712e-08
2.04083e-07
4.53246e-08
1.22328e-07
3.77242e-07
2.92052e-08
0.0010472
4.07485e-05
0.00117611
2.60675e-07
1.22621e-08
1.76925e-07
5.10741e-08
9.73568e-08
3.34852e-07
1.77195e-08
0.00108546
4.63945e-05
0.00119545
2.31576e-07
8.23435e-09
1.53481e-07
5.75529e-08
7.15276e-08
2.97424e-07
1.08355e-08
0.00111993
5.28096e-05
0.00121278
2.01685e-07
6.0382e-09
1.37666e-07
6.48535e-08
2.56752e-08
1.36365e-08
2.7043e-07
7.4009e-09
0.00111296
0.000781477
6.22519e-05
5.121e-06
9.78566e-07
7.12568e-08
1.45206e-08
1.31404e-08
2.52117e-07
5.83908e-09
0.00110121
0.000793029
7.55766e-05
4.07529e-06
6.63561e-07
7.64914e-08
8.25257e-09
1.28226e-08
2.35045e-07
4.60731e-09
0.00108899
0.000803172
9.16634e-05
3.24267e-06
4.5055e-07
8.2076e-08
4.74126e-09
1.27438e-08
2.19128e-07
3.63619e-09
0.0010763
0.000812538
0.000110973
2.57989e-06
3.06555e-07
8.80517e-08
2.7881e-09
1.29953e-08
2.04289e-07
2.8712e-09
0.00106313
0.000821462
0.000134023
2.0524e-06
2.09261e-07
9.44545e-08
1.71927e-09
1.37133e-08
1.90455e-07
2.26971e-09
0.00104948
0.000830125
0.000161371
1.63265e-06
1.43568e-07
1.01319e-07
1.15699e-09
1.51003e-08
1.77557e-07
1.79877e-09
0.00103536
0.000838623
0.000193588
1.29867e-06
9.92579e-08
1.08681e-07
8.90693e-10
1.74574e-08
1.65533e-07
1.43357e-09
0.00102077
0.000847007
0.00023123
1.03297e-06
6.94212e-08
1.16576e-07
8.0463e-10
2.12302e-08
1.54323e-07
1.15672e-09
0.00100572
0.000855303
0.000274781
8.21605e-07
4.93829e-08
1.25045e-07
8.37201e-10
2.70793e-08
1.43872e-07
9.58285e-10
0.000990205
0.000863524
0.000324594
6.53469e-07
3.59816e-08
1.34128e-07
0.000974245
0.000871676
0.000380813
5.19729e-07
0.000957851
0.000879762
0.000443289
4.13354e-07
0.000941032
0.000887782
0.000511505
3.28746e-07
0.000923801
0.000895734
0.000584522
2.61454e-07
0.000906153
0.000903619
0.000660969
2.07934e-07
0.000888047
0.000911434
0.000739098
1.65368e-07
0.00086931
0.000919177
0.000816901
1.31516e-07
0.000849369
0.000926848
0.000892292
1.04595e-07
0.000826419
0.000934443
0.000963319
8.32835e-08
0.000794774
0.000941963
0.00102836
6.97886e-08
0.00123724
0.000406968
0.00122422
0.000280544
0.0012096
0.000194953
0.00119323
0.000141539
0.00117499
0.000111791
0.00115472
9.91633e-05
0.00113233
9.92775e-05
0.00110771
0.000109553
0.00108079
0.000128742
0.00105153
0.00015653
0.00101994
0.000193215
0.000986065
0.00023944
0.000950013
0.000295933
0.000911941
0.000363231
0.000872063
0.000441375
0.000830644
0.000529587
0.000787995
0.000626012
0.000744464
0.00072761
0.000700444
0.000830303
0.000655827
0.000929442
0.000603401
0.000543999
0.000486848
0.000432681
0.000382056
0.000335348
0.000292757
0.00025433
0.000219986
0.000189547
0.000162768
0.000139359
0.000119011
0.000101409
8.62453e-05
7.323e-05
6.20858e-05
5.26088e-05
4.43392e-05
3.8435e-05
END_LIST
