BEGIN_LIST
0.00128197
0.00127829
0.00127435
0.00127014
0.00126564
0.00126084
0.00125571
0.00125024
0.00124441
0.0012382
0.00123158
0.00122455
0.00121707
0.00120913
0.00120067
0.00119165
0.00118192
0.00117115
0.00115848
0.00114148
0.000964308
0.00132337
0.000892147
0.00132151
0.000815054
0.00131914
0.000735117
0.00131612
0.000654625
0.00131228
0.000575818
0.00130741
0.000500662
0.00130125
0.000430694
0.00129345
0.000366953
0.00128363
0.000309987
0.00127132
0.000259921
0.00125597
0.000216547
0.00123696
0.000179432
0.0012136
0.000148006
0.0011852
0.000121641
0.00115109
9.97193e-05
0.00111073
8.16966e-05
0.00106375
6.71852e-05
0.00101009
5.61211e-05
0.000949247
4.91369e-05
0.000853701
7.46841e-05
5.1791e-05
5.97559e-05
0.000110005
0.000382278
6.53234e-05
5.55677e-05
6.29839e-05
9.73153e-05
0.000326407
5.70875e-05
5.95593e-05
7.07289e-05
8.60045e-05
0.000276805
4.98528e-05
6.37961e-05
8.16234e-05
7.5942e-05
0.000233353
4.35064e-05
6.83032e-05
9.51783e-05
6.70049e-05
0.000195721
3.79462e-05
7.31028e-05
0.000111329
5.90791e-05
0.000163446
3.308e-05
7.82156e-05
0.000130219
5.20592e-05
0.000135991
2.88252e-05
8.36619e-05
0.000152092
4.58488e-05
0.000112798
2.51081e-05
8.94618e-05
0.000177243
4.03602e-05
9.33185e-05
2.1863e-05
9.56359e-05
0.000205973
3.55136e-05
7.70359e-05
1.90317e-05
0.000102205
0.000238572
3.12372e-05
6.34797e-05
1.65629e-05
0.00010919
0.000275284
2.74661e-05
5.22296e-05
1.44112e-05
0.000116613
0.000316281
2.41417e-05
4.29165e-05
1.25366e-05
0.000124496
0.000361628
2.12109e-05
3.52186e-05
1.0904e-05
0.000132861
0.000411254
1.8624e-05
2.8854e-05
9.48257e-06
0.000141731
0.000464919
1.63322e-05
2.35673e-05
8.24542e-06
0.000151128
0.000522195
1.42819e-05
1.9104e-05
7.16887e-06
0.000161074
0.000582448
1.24027e-05
1.51558e-05
6.23385e-06
0.000171592
0.000644857
1.05818e-05
1.1237e-05
5.2541e-06
0.000182703
0.000708433
8.60748e-06
6.39372e-06
6.74542e-06
4.86465e-06
0.000218503
0.000300101
0.000124434
0.000761406
1.99513e-06
3.43084e-05
6.15471e-06
2.72062e-06
5.50213e-06
4.3186e-06
0.000139235
0.000392026
8.54931e-05
0.000803994
1.92802e-06
2.3046e-05
5.33839e-06
7.17143e-07
4.48735e-06
3.83368e-06
8.70557e-05
0.000456658
5.97893e-05
0.000845703
1.86073e-06
1.54461e-05
4.63002e-06
1.97458e-07
3.6593e-06
3.4031e-06
5.37752e-05
0.000513134
4.32069e-05
0.000886256
1.79316e-06
1.03369e-05
4.01539e-06
6.38363e-08
2.98377e-06
3.02077e-06
3.29667e-05
0.000567866
3.28283e-05
0.000925383
1.72524e-06
6.9107e-06
3.48217e-06
3.07137e-08
2.43275e-06
2.68132e-06
2.01156e-05
0.000622803
2.66544e-05
0.000962835
1.65686e-06
4.61701e-06
3.01962e-06
2.39018e-08
1.98336e-06
2.37996e-06
1.2239e-05
0.000678219
2.33463e-05
0.000998399
1.58794e-06
3.08321e-06
2.6184e-06
2.41522e-08
1.6169e-06
2.11242e-06
7.43354e-06
0.000733741
2.20241e-05
0.0010319
1.51836e-06
2.05833e-06
2.27041e-06
2.64933e-08
1.3181e-06
1.87492e-06
4.51007e-06
0.000788743
2.21199e-05
0.00106322
1.44802e-06
1.37385e-06
1.96862e-06
2.96663e-08
1.07447e-06
1.66409e-06
2.73457e-06
0.000842522
2.32761e-05
0.00109228
1.37682e-06
9.16864e-07
1.70689e-06
3.33807e-08
8.75854e-07
1.47694e-06
1.65739e-06
0.000894392
2.52762e-05
0.00111905
1.30463e-06
6.11831e-07
1.47993e-06
3.76024e-08
7.13933e-07
1.31082e-06
1.00429e-06
0.000943739
2.79989e-05
0.00114354
1.23134e-06
4.08255e-07
1.28312e-06
4.23689e-08
5.81934e-07
1.16338e-06
6.08455e-07
0.000990053
3.13875e-05
0.00116579
1.15681e-06
2.72405e-07
1.11246e-06
4.77425e-08
4.74326e-07
1.0325e-06
3.68604e-07
0.00103296
3.54305e-05
0.0011859
1.08092e-06
1.81755e-07
9.64488e-07
5.37984e-08
3.86589e-07
9.16343e-07
2.23291e-07
0.0010722
4.01491e-05
0.00120396
1.00352e-06
1.21269e-07
8.36187e-07
6.06225e-08
3.15002e-07
8.13246e-07
1.3526e-07
0.00110769
4.55884e-05
0.0012201
9.24467e-07
8.09114e-08
7.24945e-07
6.83123e-08
2.5642e-07
7.21749e-07
8.19367e-08
0.00113943
5.18129e-05
0.00123446
8.4361e-07
5.39855e-08
6.28496e-07
7.69775e-08
2.07898e-07
6.40564e-07
4.9646e-08
0.00116752
5.89032e-05
0.00124716
7.60784e-07
3.60342e-08
5.44881e-07
8.67417e-08
1.65778e-07
5.68597e-07
3.01218e-08
0.00119217
6.69541e-05
0.00125836
6.75821e-07
2.41985e-08
4.72696e-07
9.77444e-08
1.2288e-07
5.05052e-07
1.84196e-08
0.00121362
7.60731e-05
0.0012682
5.8854e-07
1.77449e-08
4.24002e-07
1.10143e-07
4.45618e-08
2.38173e-08
4.59221e-07
1.25811e-08
0.00120727
0.000912316
8.94357e-05
1.48972e-05
2.85297e-06
1.21017e-07
2.52001e-08
2.33173e-08
4.28129e-07
9.92617e-09
0.00119999
0.000922103
0.000108178
1.18704e-05
1.93313e-06
1.29907e-07
1.43195e-08
2.32823e-08
3.99141e-07
7.83227e-09
0.00119233
0.000930821
0.000130621
9.45487e-06
1.31074e-06
1.3939e-07
8.22363e-09
2.38931e-08
3.72115e-07
6.18147e-09
0.0011843
0.000938927
0.000157297
7.5285e-06
8.89766e-07
1.49538e-07
4.83188e-09
2.54195e-08
3.46919e-07
4.88112e-09
0.00117587
0.000946667
0.000188764
5.99311e-06
6.05129e-07
1.60411e-07
2.97465e-09
2.82625e-08
3.23428e-07
3.85874e-09
0.00116703
0.000954172
0.000225572
4.76991e-06
4.12767e-07
1.72069e-07
1.99611e-09
3.30173e-08
3.01528e-07
3.05839e-09
0.00115778
0.000961512
0.000268213
3.79575e-06
2.82851e-07
1.8457e-07
1.53065e-09
4.05657e-08
2.81111e-07
2.43798e-09
0.00114811
0.000968726
0.000317053
3.02017e-06
1.95197e-07
1.97978e-07
1.37715e-09
5.22135e-08
2.62075e-07
1.96807e-09
0.00113799
0.000975832
0.000372264
2.40281e-06
1.36146e-07
2.12359e-07
1.42847e-09
6.98929e-08
2.44329e-07
1.63202e-09
0.00112744
0.000982842
0.000433737
1.9115e-06
9.64616e-08
2.27784e-07
0.00111642
0.000989759
0.000501003
1.52055e-06
0.00110495
0.000996587
0.000573183
1.2095e-06
0.00109301
0.00100333
0.000648966
9.62038e-07
0.00108059
0.00100998
0.000726661
7.65183e-07
0.00106766
0.00101654
0.0008043
6.08593e-07
0.00105418
0.00102302
0.000879815
4.84038e-07
0.00103994
0.0010294
0.000951245
3.84969e-07
0.0010244
0.0010357
0.00101693
3.06181e-07
0.00100582
0.0010419
0.00107567
2.43803e-07
0.00097874
0.00104802
0.00112681
2.04303e-07
0.00130474
0.000552204
0.00130093
0.000392216
0.00129658
0.000277283
0.0012916
0.000202468
0.00128591
0.000159204
0.00127943
0.000139568
0.00127204
0.000137715
0.00126364
0.000149918
0.0012541
0.000174145
0.00124331
0.000209544
0.00123112
0.000255991
0.00121738
0.000313674
0.00120197
0.000382703
0.00118472
0.000462733
0.00116551
0.000552604
0.00114421
0.000650091
0.0011207
0.000751837
0.00109489
0.000853569
0.00106674
0.000950634
0.00103593
0.00103873
0.000996226
0.000946336
0.000892577
0.000835575
0.000776136
0.000715208
0.000653818
0.000593006
0.000533753
0.000476923
0.000423223
0.000373178
0.000327129
0.000285243
0.000247535
0.000213906
0.000184137
0.000158089
0.000134777
0.000117822
END_LIST
