BEGIN_LIST
0.0013294
0.00132936
0.00132931
0.00132925
0.00132919
0.00132913
0.00132906
0.00132898
0.0013289
0.00132882
0.00132872
0.00132862
0.00132852
0.0013284
0.00132828
0.00132814
0.00132799
0.00132782
0.0013276
0.00132729
0.0013121
0.00133
0.00130606
0.00133
0.00129808
0.00133
0.00128761
0.00133
0.00127397
0.00133
0.00125636
0.00133
0.0012339
0.00133
0.00120565
0.00133
0.00117069
0.00133
0.00112825
0.00133
0.00107788
0.00133
0.00101954
0.00133
0.000953805
0.00133
0.00088188
0.00133
0.000805687
0.00133
0.000727894
0.00133
0.000652191
0.00133
0.000584187
0.00133
0.000533752
0.00133
0.000519924
0.00132999
0.000748679
0.00056001
0.000660459
0.000870208
0.00131412
0.000699861
0.000576762
0.000720221
0.000825187
0.00130907
0.000650848
0.000596948
0.000781774
0.000778925
0.00130248
0.000602167
0.000619262
0.000842972
0.000731868
0.00129394
0.000554327
0.000642889
0.00090225
0.000684487
0.00128293
0.000507797
0.000667315
0.000958414
0.000637256
0.00126883
0.000462989
0.000692203
0.00101058
0.000590631
0.00125094
0.000420247
0.000717323
0.00105813
0.000545039
0.00122849
0.00037984
0.000742509
0.00110075
0.000500861
0.00120068
0.00034196
0.000767632
0.00113833
0.000458421
0.00116674
0.000306727
0.000792587
0.00117098
0.000417983
0.00112604
0.00027419
0.000817283
0.00119898
0.000379743
0.00107817
0.000244343
0.00084164
0.00122271
0.000343829
0.00102302
0.000217128
0.000865588
0.0012426
0.000310298
0.000960832
0.000192449
0.00088906
0.00125913
0.000279128
0.000892074
0.00017018
0.000911998
0.00127275
0.000250187
0.000817032
0.000150176
0.000934349
0.00128391
0.000223173
0.000734817
0.000132276
0.000956066
0.001293
0.000197449
0.000640906
0.00011634
0.00097711
0.00130036
0.000171684
0.000520703
9.92311e-05
0.000997445
0.0013063
0.000143022
0.000329708
0.000126917
9.2571e-05
0.00110418
0.00119387
0.000796036
0.00131038
3.48393e-05
0.000501959
0.000323169
0.000152371
0.000105015
8.27304e-05
0.000948449
0.00125909
0.000615999
0.00131315
3.36905e-05
0.000375632
0.000288781
4.16312e-05
8.66635e-05
7.38802e-05
0.000759026
0.00128193
0.000464441
0.00131554
3.25369e-05
0.000272439
0.000257195
1.117e-05
7.13615e-05
6.5932e-05
0.000565711
0.00129342
0.000348607
0.00131759
3.13772e-05
0.000192865
0.000228369
3.16423e-06
5.86542e-05
5.88032e-05
0.000396283
0.00130074
0.000266533
0.00131935
3.02097e-05
0.000134103
0.000202217
1.10835e-06
4.81368e-05
5.24166e-05
0.00026454
0.00130609
0.000212284
0.00132087
2.90328e-05
9.20508e-05
0.000178616
6.09948e-07
3.94562e-05
4.6701e-05
0.000170622
0.00131029
0.000179325
0.00132217
2.7845e-05
6.26168e-05
0.000157419
5.21263e-07
3.23078e-05
4.15906e-05
0.000107527
0.00131369
0.00016205
0.00132329
2.66444e-05
4.23297e-05
0.000138462
5.44227e-07
2.64323e-05
3.7025e-05
6.67554e-05
0.00131649
0.000156184
0.00132426
2.54292e-05
2.84937e-05
0.000121572
6.02029e-07
2.16103e-05
3.29491e-05
4.10531e-05
0.00131881
0.000158686
0.00132508
2.41974e-05
1.91249e-05
0.000106575
6.75451e-07
1.7658e-05
2.93129e-05
2.50987e-05
0.00132073
0.000167495
0.00132579
2.29471e-05
1.28116e-05
9.32981e-05
7.60332e-07
1.44218e-05
2.60708e-05
1.52892e-05
0.00132232
0.000181264
0.0013264
2.16762e-05
8.57118e-06
8.1575e-05
8.56528e-07
1.17743e-05
2.31816e-05
9.29308e-06
0.00132365
0.00019914
0.00132692
2.03823e-05
5.72924e-06
7.12479e-05
9.65058e-07
9.6096e-06
2.0608e-05
5.6409e-06
0.00132474
0.000220607
0.00132736
1.90632e-05
3.82735e-06
6.21691e-05
1.08737e-06
7.84045e-06
1.83167e-05
3.42123e-06
0.00132565
0.000245365
0.00132775
1.77164e-05
2.55581e-06
5.4202e-05
1.22519e-06
6.39412e-06
1.62773e-05
2.07398e-06
0.0013264
0.000273243
0.00132808
1.63392e-05
1.70627e-06
4.72214e-05
1.38046e-06
5.20851e-06
1.44628e-05
1.25693e-06
0.00132703
0.000304143
0.00132836
1.4929e-05
1.13894e-06
4.11135e-05
1.55539e-06
4.2248e-06
1.28493e-05
7.61803e-07
0.00132755
0.000337995
0.0013286
1.34829e-05
7.60459e-07
3.57762e-05
1.75246e-06
3.36856e-06
1.14162e-05
4.62294e-07
0.00132797
0.000374723
0.0013288
1.19977e-05
5.10804e-07
3.1137e-05
1.97447e-06
2.49148e-06
1.01486e-05
2.8273e-07
0.00132833
0.000414221
0.00132898
1.04704e-05
3.74638e-07
2.79925e-05
2.22455e-06
9.01186e-07
4.80995e-07
9.23317e-06
1.93129e-07
0.00132789
0.00126907
0.000468194
0.000244496
5.01097e-05
2.44384e-06
5.09236e-07
4.68835e-07
8.61147e-06
1.52383e-07
0.00132775
0.00127078
0.00053727
0.000201266
3.41724e-05
2.62305e-06
2.8879e-07
4.65194e-07
8.03139e-06
1.20248e-07
0.0013276
0.00127238
0.000610796
0.000164645
2.32762e-05
2.8142e-06
1.65102e-07
4.73299e-07
7.4902e-06
9.49187e-08
0.00132744
0.00127391
0.000687142
0.000133982
1.5854e-05
3.01868e-06
9.60688e-08
4.97968e-07
6.9853e-06
7.4975e-08
0.00132728
0.00127538
0.000764415
0.000108557
1.08118e-05
3.23772e-06
5.79992e-08
5.46371e-07
6.51428e-06
5.93114e-08
0.0013271
0.00127681
0.000840568
8.7642e-05
7.39337e-06
3.47248e-06
3.75923e-08
6.29149e-07
6.0749e-06
4.70794e-08
0.0013269
0.00127819
0.000913585
7.05499e-05
5.08e-06
3.72416e-06
2.74133e-08
7.62069e-07
5.66504e-06
3.76521e-08
0.0013267
0.00127954
0.000981668
5.66562e-05
3.5173e-06
3.994e-06
2.33482e-08
9.68469e-07
5.28273e-06
3.061e-08
0.00132648
0.00128086
0.00104342
4.54111e-05
2.46402e-06
4.28333e-06
2.31735e-08
1.28287e-06
4.92613e-06
2.57564e-08
0.00132625
0.00128214
0.00109793
3.63414e-05
1.75627e-06
4.59354e-06
0.00132601
0.00128339
0.00114484
2.90468e-05
0.00132575
0.00128461
0.00118426
2.31932e-05
0.00132547
0.0012858
0.00121667
1.85043e-05
0.00132517
0.00128696
0.00124281
1.47539e-05
0.00132485
0.00128809
0.00126354
1.17576e-05
0.0013245
0.00128919
0.00127974
9.36592e-06
0.00132411
0.00129026
0.00129225
7.45833e-06
0.00132363
0.00129131
0.00130181
5.93788e-06
0.0013229
0.00129233
0.00130906
4.73201e-06
0.00132138
0.00129333
0.00131451
3.96751e-06
0.00133
0.00116518
0.00133
0.00101383
0.00133
0.000843357
0.00133
0.000691216
0.00133
0.000581412
0.00133
0.00052095
0.00133
0.00050601
0.00133
0.000528562
0.00133
0.000580004
0.00133
0.00065235
0.00133
0.000738246
0.00133
0.000830777
0.00133
0.000923505
0.00133
0.00101081
0.00133
0.00108838
0.00133
0.00115359
0.00133
0.00120562
0.00133
0.00124514
0.00133
0.00127383
0.00133
0.00129383
0.00133
0.00133
0.00133
0.00132999
0.00132999
0.00132999
0.00132999
0.00132999
0.00132998
0.00132998
0.00132998
0.00132997
0.00132996
0.00132995
0.00132994
0.00132993
0.00132992
0.0013299
0.00132987
0.00132985
END_LIST
