BEGIN_LIST
0.00132336
0.00132283
0.00132227
0.00132166
0.001321
0.00132029
0.00131953
0.00131871
0.00131783
0.00131689
0.00131587
0.00131478
0.0013136
0.00131234
0.00131097
0.00130949
0.00130786
0.00130601
0.00130375
0.00130053
0.00123051
0.00132997
0.00120116
0.00132996
0.00116491
0.00132995
0.00112104
0.00132994
0.00106913
0.00132992
0.00100924
0.0013299
0.000942005
0.00132987
0.000868654
0.00132983
0.000790956
0.00132978
0.000711048
0.00132972
0.000631206
0.00132964
0.000553594
0.00132954
0.000480071
0.00132941
0.000412063
0.00132924
0.000350543
0.00132903
0.000296106
0.00132875
0.000249191
0.0013284
0.000210507
0.00132794
0.000181934
0.00132732
0.000168477
0.0013248
0.000259175
0.000183572
0.000213181
0.000498585
0.00113459
0.000230628
0.000196565
0.000228747
0.000456005
0.00108755
0.000204671
0.000209751
0.000255891
0.000415488
0.00103324
0.000181192
0.000223329
0.000290797
0.00037723
0.000972033
0.000160055
0.000237425
0.000331688
0.000341363
0.000904799
0.000141105
0.000252116
0.000377687
0.000307959
0.000832872
0.00012418
0.000267452
0.00042825
0.000277039
0.000757954
0.000109115
0.000283464
0.00048288
0.000248578
0.00068195
9.57445e-05
0.000300171
0.00054099
0.000222512
0.000606784
8.39092e-05
0.000317585
0.000601842
0.000198751
0.000534214
7.34573e-05
0.000335709
0.000664538
0.00017718
0.000465693
6.42458e-05
0.00035454
0.000728042
0.000157669
0.000402292
5.61423e-05
0.000374072
0.00079123
0.000140075
0.00034467
4.90248e-05
0.00039429
0.000852967
0.000124248
0.000293091
4.27819e-05
0.000415176
0.000912174
0.000110025
0.000247452
3.73128e-05
0.000436706
0.000967913
9.72198e-05
0.000207277
3.25268e-05
0.00045885
0.00101944
8.55976e-05
0.000171601
2.83423e-05
0.000481574
0.00106624
7.48071e-05
0.00013857
2.46928e-05
0.000504836
0.00110803
6.42347e-05
0.000104367
2.08532e-05
0.00052859
0.00114479
5.26726e-05
6.03899e-05
2.67569e-05
1.93317e-05
0.000618246
0.000768411
0.000378434
0.00117171
1.24056e-05
0.00020181
5.82813e-05
2.59886e-05
2.18765e-05
1.71806e-05
0.000439764
0.000909747
0.000268557
0.00119106
1.19914e-05
0.000140519
5.07913e-05
6.84106e-06
1.7876e-05
1.52663e-05
0.000296925
0.000985688
0.000190308
0.00120837
1.15759e-05
9.65482e-05
4.42339e-05
1.82524e-06
1.46003e-05
1.35634e-05
0.000193022
0.0010382
0.000136952
0.00122379
1.11584e-05
6.57196e-05
3.85003e-05
5.24716e-07
1.19202e-05
1.20489e-05
0.000122276
0.00108007
0.000101968
0.00123747
1.07385e-05
4.4447e-05
3.34924e-05
1.93036e-07
9.7291e-06
1.07022e-05
7.61635e-05
0.00111567
8.00612e-05
0.00124956
1.03156e-05
2.99277e-05
2.91228e-05
1.14052e-07
7.93869e-06
9.50515e-06
4.69356e-05
0.00114664
6.73005e-05
0.00126021
9.88901e-06
2.00913e-05
2.53133e-05
1.01639e-07
6.47641e-06
8.4412e-06
2.87315e-05
0.00117371
6.09255e-05
0.00126956
9.45816e-06
1.34606e-05
2.19946e-05
1.07548e-07
5.28257e-06
7.49574e-06
1.75157e-05
0.0011973
5.90673e-05
0.00127774
9.02239e-06
9.00607e-06
1.91052e-05
1.19375e-07
4.3082e-06
6.6557e-06
1.06514e-05
0.00121774
6.04991e-05
0.00128489
8.58101e-06
6.0202e-06
1.65911e-05
1.34045e-07
3.51315e-06
5.90944e-06
6.46717e-06
0.00123536
6.44408e-05
0.00129111
8.13331e-06
4.02181e-06
1.44046e-05
1.50925e-07
2.86456e-06
5.24655e-06
3.923e-06
0.00125046
7.0418e-05
0.00129652
7.67852e-06
2.6857e-06
1.25038e-05
1.70035e-07
2.33552e-06
4.65779e-06
2.37835e-06
0.00126332
7.81635e-05
0.00130121
7.21586e-06
1.79297e-06
1.08519e-05
1.91593e-07
1.90405e-06
4.13491e-06
1.4414e-06
0.00127424
8.75513e-05
0.00130527
6.74451e-06
1.19677e-06
9.41693e-06
2.15891e-07
1.55213e-06
3.67059e-06
8.73382e-07
0.00128347
9.85509e-05
0.00130878
6.26358e-06
7.98725e-07
8.17062e-06
2.43272e-07
1.26494e-06
3.2583e-06
5.29141e-07
0.00129124
0.000111198
0.00131181
5.77216e-06
5.33026e-07
7.08846e-06
2.74125e-07
1.02996e-06
2.89226e-06
3.2057e-07
0.00129777
0.000125572
0.00131442
5.2693e-06
3.55703e-07
6.14904e-06
3.0889e-07
8.35652e-07
2.56736e-06
1.94248e-07
0.00130324
0.000141785
0.00131667
4.75398e-06
2.37456e-07
5.33373e-06
3.48064e-07
6.68109e-07
2.27925e-06
1.17862e-07
0.00130782
0.000159969
0.00131861
4.22513e-06
1.5948e-07
4.62921e-06
3.92204e-07
5.0108e-07
2.02479e-06
7.20751e-08
0.00131164
0.000180264
0.00132027
3.68164e-06
1.16958e-07
4.15365e-06
4.4194e-07
1.84142e-07
9.92153e-08
1.84123e-06
4.92306e-08
0.00130912
0.00114986
0.000209403
9.08878e-05
1.77728e-05
4.85561e-07
1.04116e-07
9.90562e-08
1.71667e-06
3.88422e-08
0.00130776
0.00115468
0.000249162
7.31824e-05
1.20603e-05
5.21218e-07
5.91362e-08
1.0164e-07
1.60054e-06
3.06491e-08
0.00130632
0.00115912
0.000295069
5.87829e-05
8.18204e-06
5.59258e-07
3.39281e-08
1.08111e-07
1.49225e-06
2.419e-08
0.00130478
0.00116331
0.000347327
4.71238e-05
5.55259e-06
5.9996e-07
1.98926e-08
1.20172e-07
1.39128e-06
1.91024e-08
0.00130315
0.00116734
0.00040592
3.77171e-05
3.77157e-06
6.43568e-07
1.21951e-08
1.40349e-07
1.29714e-06
1.51032e-08
0.00130142
0.00117124
0.000470521
3.01497e-05
2.5662e-06
6.90319e-07
8.12376e-09
1.72384e-07
1.20936e-06
1.19738e-08
0.00129958
0.00117504
0.000540421
2.40758e-05
1.75103e-06
7.40452e-07
6.1659e-09
2.21818e-07
1.12752e-06
9.55043e-09
0.00129762
0.00117875
0.000614491
1.92098e-05
1.20022e-06
7.94219e-07
5.48838e-09
2.96845e-07
1.05121e-06
7.71932e-09
0.00129555
0.00118238
0.0006912
1.53171e-05
8.28469e-07
8.51884e-07
5.6459e-09
4.09589e-07
9.80067e-07
6.41806e-09
0.00129335
0.00118593
0.000768694
1.22069e-05
5.77968e-07
9.13732e-07
0.00129102
0.00118941
0.000844948
9.72412e-06
0.00128854
0.00119281
0.000917954
7.74373e-06
0.00128591
0.00119614
0.00098593
6.16502e-06
0.00128312
0.0011994
0.00104749
4.90712e-06
0.00128016
0.00120259
0.00110175
3.90522e-06
0.00127697
0.00120571
0.00114836
3.10746e-06
0.00127348
0.00120877
0.00118746
2.4724e-06
0.00126941
0.00121176
0.00121955
1.96701e-06
0.00126394
0.00121468
0.00124538
1.56668e-06
0.00125441
0.00121754
0.00126582
1.31308e-06
0.0013298
0.000917046
0.00132977
0.000719008
0.00132974
0.000545082
0.0013297
0.000414926
0.00132965
0.000331436
0.0013296
0.00028886
0.00132954
0.000279375
0.00132947
0.000296215
0.00132938
0.000334425
0.00132929
0.000390528
0.00132918
0.000461837
0.00132905
0.000545746
0.00132891
0.000639192
0.00132874
0.000738357
0.00132854
0.000838725
0.00132832
0.000935477
0.00132806
0.00102415
0.00132776
0.00110132
0.00132741
0.00116509
0.001327
0.00121519
0.00132644
0.00132565
0.00132468
0.00132351
0.00132207
0.00132031
0.00131816
0.00131554
0.00131234
0.00130845
0.00130372
0.00129796
0.00129099
0.00128256
0.00127239
0.00126017
0.00124553
0.00122823
0.001207
0.00118705
END_LIST
