BEGIN_LIST
0.00106302
0.00104655
0.00102942
0.00101166
0.000993274
0.000974278
0.000954696
0.000934554
0.000913883
0.000892718
0.000871097
0.000849062
0.000826653
0.000803909
0.000780852
0.000757454
0.000733555
0.000708626
0.000681145
0.000646847
0.000460998
0.00108446
0.000393889
0.00103328
0.000333559
0.000975705
0.00028027
0.000912312
0.000233911
0.000844116
0.000194099
0.000772503
0.000160281
0.000699127
0.000131816
0.000625755
0.000108039
0.000554102
8.83027e-05
0.000485681
7.20048e-05
0.000421697
5.8604e-05
0.000362991
4.76241e-05
0.000310044
3.8655e-05
0.00026301
3.13491e-05
0.000221778
2.54183e-05
0.000186044
2.06334e-05
0.000155378
1.6832e-05
0.000129277
1.39472e-05
0.000107142
1.20881e-05
8.46839e-05
1.83844e-05
1.26694e-05
1.46587e-05
7.36396e-06
2.82668e-05
1.59977e-05
1.35937e-05
1.54693e-05
6.46314e-06
2.31691e-05
1.3918e-05
1.45849e-05
1.74403e-05
5.67213e-06
1.89803e-05
1.21064e-05
1.56476e-05
2.02398e-05
4.97765e-06
1.55418e-05
1.0529e-05
1.6787e-05
2.37646e-05
4.36796e-06
1.27216e-05
9.15579e-06
1.80084e-05
2.80259e-05
3.83278e-06
1.041e-05
7.96075e-06
1.93176e-05
3.30982e-05
3.36304e-06
8.5163e-06
6.92096e-06
2.07207e-05
3.90953e-05
2.95076e-06
6.96569e-06
6.01644e-06
2.22243e-05
4.61615e-05
2.58894e-06
5.69646e-06
5.22972e-06
2.38353e-05
5.44681e-05
2.27142e-06
4.65785e-06
4.54556e-06
2.55612e-05
6.42127e-05
1.99277e-06
3.80814e-06
3.95067e-06
2.74098e-05
7.56194e-05
1.74822e-06
3.11306e-06
3.43345e-06
2.93895e-05
8.89391e-05
1.53355e-06
2.54442e-06
2.98381e-06
3.15094e-05
0.000104449
1.345e-06
2.07895e-06
2.59296e-06
3.37788e-05
0.000122449
1.17912e-06
1.69719e-06
2.25322e-06
3.62078e-05
0.00014326
1.0326e-06
1.3822e-06
1.95794e-06
3.88071e-05
0.000167214
9.01853e-07
1.1178e-06
1.70131e-06
4.15879e-05
0.000194644
7.823e-07
8.85138e-07
1.47866e-06
4.45622e-05
0.000225865
6.66693e-07
6.55372e-07
1.24561e-06
4.77426e-05
0.000261158
5.41556e-07
3.72814e-07
1.59937e-06
1.15289e-06
5.74733e-05
8.18513e-05
3.2091e-05
0.000293658
1.25186e-07
2.17339e-06
3.5991e-07
1.59756e-07
1.30379e-06
1.02319e-06
3.52521e-05
0.000111216
2.20298e-05
0.000322401
1.20974e-07
1.45065e-06
3.12016e-07
4.38353e-08
1.06279e-06
9.08061e-07
2.15168e-05
0.000134141
1.55778e-05
0.000353062
1.1675e-07
9.68117e-07
2.70494e-07
1.40166e-08
8.66321e-07
8.05883e-07
1.30938e-05
0.000156277
1.15252e-05
0.000385658
1.1251e-07
6.46028e-07
2.34497e-07
6.60403e-09
7.06154e-07
7.15197e-07
7.95349e-06
0.000179847
9.07156e-06
0.000420158
1.08249e-07
4.3107e-07
2.03289e-07
5.05435e-09
5.75588e-07
6.34712e-07
4.82577e-06
0.00020581
7.69204e-06
0.000456488
1.03959e-07
2.87625e-07
1.76234e-07
5.07537e-09
4.69157e-07
5.63281e-07
2.92605e-06
0.000234645
7.0459e-06
0.00049453
9.96357e-08
1.91908e-07
1.5278e-07
5.55815e-09
3.82401e-07
4.99886e-07
1.77344e-06
0.000266626
6.91445e-06
0.000534118
9.5272e-08
1.28042e-07
1.32447e-07
6.22143e-09
3.11685e-07
4.43624e-07
1.0746e-06
0.000301919
7.15981e-06
0.000575045
9.08614e-08
8.54287e-08
1.14819e-07
6.99985e-09
2.54044e-07
3.93693e-07
6.5104e-07
0.000340602
7.69775e-06
0.000617062
8.6397e-08
5.69971e-08
9.95378e-08
7.88506e-09
2.07062e-07
3.4938e-07
3.94395e-07
0.000382666
8.4799e-06
0.000659881
8.18715e-08
3.80277e-08
8.629e-08
8.88467e-09
1.68767e-07
3.10054e-07
2.38908e-07
0.000428003
9.48222e-06
0.000703183
7.72772e-08
2.53714e-08
7.48054e-08
1.00116e-08
1.37553e-07
2.75154e-07
1.44715e-07
0.000476392
1.06976e-05
0.000746628
7.26063e-08
1.69273e-08
6.48492e-08
1.12817e-08
1.1211e-07
2.44181e-07
8.76578e-08
0.000527492
1.21309e-05
0.000789858
6.78505e-08
1.12936e-08
5.62181e-08
1.2713e-08
9.13674e-08
2.16695e-07
5.3096e-08
0.00058084
1.37965e-05
0.000832516
6.30008e-08
7.53485e-09
4.87357e-08
1.43258e-08
7.44417e-08
1.92302e-07
3.21613e-08
0.00063586
1.57161e-05
0.00087425
5.80483e-08
5.0271e-09
4.22491e-08
1.61432e-08
6.05834e-08
1.70657e-07
1.94814e-08
0.000691875
1.79179e-05
0.000914732
5.29832e-08
3.35407e-09
3.66259e-08
1.81912e-08
4.90785e-08
1.51453e-07
1.18035e-08
0.000748142
2.0436e-05
0.000953662
4.77954e-08
2.23872e-09
3.17515e-08
2.0499e-08
3.90026e-08
1.3443e-07
7.16127e-09
0.00080388
2.33109e-05
0.000990781
4.24743e-08
1.50336e-09
2.75438e-08
2.30996e-08
2.84612e-08
1.19402e-07
4.379e-09
0.00085832
2.65889e-05
0.00102588
3.70087e-08
1.1024e-09
2.47056e-08
2.60301e-08
1.01353e-08
5.35623e-09
1.08563e-07
2.99092e-09
0.000853254
0.000528335
3.14377e-05
9.41174e-07
1.79823e-07
2.86005e-08
5.73249e-09
5.09589e-09
1.0121e-07
2.35971e-09
0.000834021
0.000540719
3.83275e-05
7.48581e-07
1.22271e-07
3.07018e-08
3.25861e-09
4.8782e-09
9.43552e-08
1.8619e-09
0.000814538
0.000551369
4.67228e-05
5.95384e-07
8.33814e-08
3.29435e-08
1.87297e-09
4.71366e-09
8.79647e-08
1.46942e-09
0.000794836
0.000561105
5.69141e-05
4.73528e-07
5.71184e-08
3.53423e-08
1.10245e-09
4.61838e-09
8.20069e-08
1.16025e-09
0.000774949
0.000570366
6.92461e-05
3.76607e-07
3.93991e-08
3.79126e-08
6.81103e-10
4.61673e-09
7.64526e-08
9.17133e-10
0.000754912
0.000579389
8.41198e-05
2.9952e-07
2.74618e-08
4.06682e-08
4.59839e-10
4.74527e-09
7.12745e-08
7.26751e-10
0.00073476
0.000588298
0.000101992
2.38209e-07
1.94385e-08
4.36235e-08
3.55587e-10
5.05851e-09
6.64471e-08
5.7906e-10
0.00071453
0.00059716
0.000123373
1.89447e-07
1.40658e-08
4.67931e-08
3.227e-10
5.63753e-09
6.19466e-08
4.66989e-10
0.000694258
0.00060601
0.000148817
1.50666e-07
1.04896e-08
5.01928e-08
3.36928e-10
6.60261e-09
5.77509e-08
3.8646e-10
0.000673981
0.000614866
0.000178906
1.19823e-07
8.13199e-09
5.38394e-08
0.000653735
0.000623734
0.000214222
9.5293e-08
0.000633556
0.000632619
0.000255304
7.57848e-08
0.000613478
0.00064152
0.00030259
6.02701e-08
0.000593529
0.000650435
0.000356347
4.79315e-08
0.000573726
0.000659364
0.000416585
3.81188e-08
0.000554048
0.000668304
0.000482976
3.0315e-08
0.000534362
0.00067725
0.00055478
2.41088e-08
0.000514203
0.000686202
0.000630811
1.91736e-08
0.000492087
0.000695155
0.000709454
1.52667e-08
0.000463384
0.000704106
0.000788754
1.27929e-08
0.000935437
0.000208874
0.000896187
0.0001392
0.000855263
9.52827e-05
0.000812955
6.93215e-05
0.000769595
5.5702e-05
0.000725548
5.07399e-05
0.000681194
5.2216e-05
0.000636924
5.89585e-05
0.000593117
7.05351e-05
0.000550135
8.70452e-05
0.000508307
0.000108983
0.000467921
0.000137141
0.000429223
0.000172527
0.000392405
0.000216266
0.000357613
0.000269473
0.000324941
0.000333065
0.00029444
0.000407514
0.00026612
0.000492556
0.00023997
0.000586899
0.000215647
0.00068803
0.000189618
0.00016282
0.000139398
0.00011904
0.00010143
8.62611e-05
7.3241e-05
6.20992e-05
5.25897e-05
4.44913e-05
3.76075e-05
3.17656e-05
2.68145e-05
2.26232e-05
1.90786e-05
1.60835e-05
1.3553e-05
1.14252e-05
9.58654e-06
8.28311e-06
END_LIST
