time,branch0,branch1,branch2,branch3,branch4,branch5,branch6,branch7,branch8,branch9,branch10,branch11,branch12,branch13,branch14,branch15,branch16,branch17,branch18,branch19,branch20,branch21,branch22,branch23,branch24,branch25,branch26,branch27,0,0,0,0,0,0,0,0,0,0,0,0,0,0,0,0,0,0,0,0,0,0,0,0,0,0,0,0,0,
1,6.52341e-09,1.24842e-11,1.64246e-11,2.71211e-13,4.01923e-11,1.41209e-12,5.71496e-15,5.2431e-11,8.83094e-10,2.94636e-09,6.00635e-11,2.85502e-09,7.46134e-11,4.02179e-09,2.03929e-10,2.35866e-09,1.8786e-09,3.93766e-09,5.0411e-13,8.08454e-14,4.76902e-14,1.13968e-12,2.48616e-09,3.79119e-09,4.09285e-10,5.75605e-14,1.27205e-13,1.68548e-12,
2,1.28475e-08,2.65018e-11,3.48661e-11,5.80566e-13,8.41582e-11,2.98011e-12,1.20747e-14,1.08946e-10,1.81896e-09,5.94498e-09,1.23677e-10,5.66168e-09,1.54972e-10,8.07709e-09,4.30376e-10,4.86623e-09,3.72764e-09,7.73701e-09,1.12221e-12,1.7154e-13,1.0471e-13,2.51717e-12,5.12046e-09,7.49233e-09,8.41503e-10,1.22621e-13,2.69634e-13,3.55627e-12,
3,1.89976e-08,4.20274e-11,5.52913e-11,9.23242e-13,1.30656e-10,4.6402e-12,1.88013e-14,1.6842e-10,2.80455e-09,8.96753e-09,1.89605e-10,8.43865e-09,2.39552e-10,1.21282e-08,6.76275e-10,7.47835e-09,5.56487e-09,1.14428e-08,1.81036e-12,2.71647e-13,1.67626e-13,4.04922e-12,7.88561e-09,1.11225e-08,1.29417e-09,1.92679e-13,4.20496e-13,5.53687e-12,
4,2.49728e-08,5.92558e-11,7.79553e-11,1.30339e-12,1.7981e-10,6.39597e-12,2.59077e-14,2.31005e-10,3.8415e-09,1.20129e-08,2.57927e-10,1.11868e-08,3.28574e-10,1.61711e-08,9.43598e-10,1.01973e-08,7.39104e-09,1.50565e-08,2.57377e-12,3.82707e-13,2.36912e-13,5.74944e-12,1.07851e-08,1.46832e-08,1.76818e-09,2.68112e-13,5.80059e-13,7.63162e-12,
5,3.07718e-08,7.84129e-11,1.03155e-10,1.72598e-12,2.31781e-10,8.25325e-12,3.34174e-14,2.9688e-10,4.93134e-09,1.50799e-08,3.28746e-10,1.39068e-08,4.22295e-10,2.02013e-08,1.23463e-09,1.30257e-08,9.20678e-09,1.85793e-08,3.42221e-12,5.06202e-13,3.1336e-13,7.63987e-12,1.38223e-08,1.81758e-08,2.26446e-09,3.49448e-13,7.48852e-13,9.84748e-12,
6,3.63934e-08,9.97589e-11,1.31231e-10,2.19676e-12,2.86736e-10,1.02183e-11,4.13552e-14,3.66236e-10,6.0755e-09,1.81677e-08,4.02166e-10,1.65993e-08,5.20989e-10,2.42147e-08,1.55195e-09,1.59661e-08,1.10127e-08,2.20123e-08,4.36713e-12,6.43816e-13,3.97891e-13,9.74617e-12,1.7e-08,2.16012e-08,2.78396e-09,4.37287e-13,9.27441e-13,1.21919e-11,
7,4.18368e-08,1.23595e-10,1.62581e-10,2.72236e-12,3.44857e-10,1.22976e-11,4.97478e-14,4.39274e-10,7.27526e-09,2.12748e-08,4.78297e-10,1.92652e-08,6.24943e-10,2.82067e-08,1.89843e-09,1.90204e-08,1.28095e-08,2.53568e-08,5.42176e-12,7.97494e-13,4.91565e-13,1.20981e-11,2.0321e-08,2.49607e-08,3.32766e-09,5.32306e-13,1.11643e-12,1.46726e-11,
8,4.7101e-08,1.5027e-10,1.9766e-10,3.3105e-12,4.06331e-10,1.44982e-11,5.86235e-14,5.16207e-10,8.53175e-09,2.44003e-08,5.57256e-10,2.19049e-08,7.34462e-10,3.21731e-08,2.27733e-09,2.21905e-08,1.45977e-08,2.86142e-08,6.60145e-12,9.6949e-13,5.95608e-13,1.47299e-11,2.37874e-08,2.82552e-08,3.89657e-09,6.35269e-13,1.31644e-12,1.72981e-11,
9,5.21854e-08,1.80188e-10,2.37e-10,3.97012e-12,4.71358e-10,1.68274e-11,6.80122e-14,5.9726e-10,9.84594e-09,2.75429e-08,6.39163e-10,2.45192e-08,8.49869e-10,3.61092e-08,2.69229e-09,2.54777e-08,1.63778e-08,3.17855e-08,7.92397e-12,1.16242e-12,7.11436e-13,1.76817e-11,2.74007e-08,3.14854e-08,4.49172e-09,7.47049e-13,1.52815e-12,2.00771e-11,
10,5.70895e-08,2.13819e-10,2.81217e-10,4.71162e-12,5.4015e-10,1.92931e-11,7.79458e-14,6.82672e-10,1.12186e-08,3.07013e-08,7.24144e-10,2.71087e-08,9.71504e-10,4.00105e-08,3.14743e-09,2.88828e-08,1.81506e-08,3.48723e-08,9.41001e-12,1.37931e-12,8.40691e-13,2.09998e-11,3.11621e-08,3.46522e-08,5.11414e-09,8.68636e-13,1.75228e-12,2.30188e-11,
11,6.18132e-08,2.5171e-10,3.31028e-10,5.54714e-12,6.12927e-10,2.19035e-11,8.84584e-14,7.72693e-10,1.26502e-08,3.38742e-08,8.12332e-10,2.96739e-08,1.09973e-09,4.38725e-08,3.64736e-09,3.2406e-08,1.99164e-08,3.78758e-08,1.10836e-11,1.62372e-12,9.85278e-13,2.47382e-11,3.5072e-08,3.77561e-08,5.76491e-09,1.00117e-12,1.98957e-12,2.61332e-11,
12,6.63566e-08,2.94497e-10,3.87266e-10,6.49084e-12,6.89924e-10,2.46673e-11,9.95859e-14,8.6759e-10,1.41412e-08,3.70603e-08,9.03864e-10,3.22156e-08,1.23492e-09,4.76908e-08,4.19728e-09,3.60468e-08,2.16758e-08,4.07973e-08,1.29728e-11,1.89976e-12,1.14741e-12,2.89598e-11,3.91301e-08,4.07977e-08,6.44509e-09,1.14594e-12,2.24081e-12,2.94306e-11,
13,7.07202e-08,3.42921e-10,4.50904e-10,7.55925e-12,7.71387e-10,2.75936e-11,1.11367e-13,9.67641e-10,1.56917e-08,4.02582e-08,9.98886e-10,3.47341e-08,1.37747e-09,5.14608e-08,4.80305e-09,3.98041e-08,2.34293e-08,4.36382e-08,1.51104e-11,2.21225e-12,1.32968e-12,3.37381e-11,4.33355e-08,4.37774e-08,7.15579e-09,1.30444e-12,2.50684e-12,3.2922e-11,
14,7.49049e-08,3.97851e-10,5.23076e-10,8.77174e-12,8.57576e-10,3.06923e-11,1.23842e-13,1.07314e-09,1.73015e-08,4.34664e-08,1.09755e-09,3.72301e-08,1.52782e-09,5.51781e-08,5.47125e-09,4.36755e-08,2.51774e-08,4.64e-08,1.75344e-11,2.5668e-12,1.53507e-12,3.91587e-11,4.76861e-08,4.66956e-08,7.89809e-09,1.4784e-12,2.78856e-12,3.66189e-11,
15,7.89118e-08,4.60295e-10,6.05104e-10,1.0151e-11,9.48762e-10,3.39736e-11,1.37054e-13,1.18441e-09,1.89701e-08,4.66835e-08,1.20001e-09,3.97041e-08,1.6864e-09,5.88385e-08,6.20927e-09,4.76579e-08,2.69205e-08,4.90841e-08,2.02896e-11,2.96997e-12,1.76711e-12,4.53219e-11,5.21791e-08,4.95526e-08,8.67311e-09,1.66979e-12,3.08688e-12,4.05337e-11,
16,8.27426e-08,5.31435e-10,6.98532e-10,1.17235e-11,1.04523e-09,3.74482e-11,1.51051e-13,1.30176e-09,2.0697e-08,4.99079e-08,1.30643e-09,4.21565e-08,1.85368e-09,6.24377e-08,7.02539e-09,5.1747e-08,2.8659e-08,5.16918e-08,2.3428e-11,3.42946e-12,2.02988e-12,5.23448e-11,5.68106e-08,5.23487e-08,9.48195e-09,1.8809e-12,3.40281e-12,4.46793e-11,
17,8.63993e-08,6.12649e-10,8.05159e-10,1.35205e-11,1.14729e-09,4.11277e-11,1.6588e-13,1.42554e-09,2.24813e-08,5.3138e-08,1.41699e-09,4.4588e-08,2.03016e-09,6.59717e-08,7.92888e-09,5.5937e-08,3.03932e-08,5.42245e-08,2.70107e-11,3.95423e-12,2.32815e-12,6.03643e-11,6.15755e-08,5.50839e-08,1.03257e-08,2.11439e-12,3.73739e-12,4.90692e-11,
18,8.98844e-08,7.05545e-10,9.27084e-10,1.55785e-11,1.25526e-09,4.50241e-11,1.81595e-13,1.55611e-09,2.43219e-08,5.63723e-08,1.53185e-09,4.69989e-08,2.21634e-09,6.94366e-08,8.93011e-09,6.0221e-08,3.21235e-08,5.66839e-08,3.1109e-11,4.55478e-12,2.66749e-12,6.95404e-11,6.64674e-08,5.77584e-08,1.12055e-08,2.37333e-12,4.09171e-12,5.37179e-11,
19,9.32007e-08,8.11998e-10,1.06675e-09,1.79403e-11,1.36946e-09,4.91502e-11,1.98251e-13,1.69385e-09,2.62174e-08,5.96091e-08,1.65122e-09,4.93898e-08,2.41277e-09,7.28288e-08,1.00406e-08,6.45903e-08,3.38502e-08,5.90712e-08,3.58061e-11,5.24336e-12,3.05442e-12,8.00599e-11,7.14786e-08,6.03723e-08,1.21223e-08,2.66128e-12,4.46694e-12,5.86407e-11,
20,9.63513e-08,9.3419e-10,1.227e-09,2.06561e-11,1.49025e-09,5.35195e-11,2.15907e-13,1.83916e-09,2.81662e-08,6.28465e-08,1.77528e-09,5.1761e-08,2.62001e-09,7.61447e-08,1.12731e-08,6.90345e-08,3.55735e-08,6.13879e-08,4.11991e-11,6.03426e-12,3.49651e-12,9.21409e-11,7.65998e-08,6.29255e-08,1.30774e-08,2.9824e-12,4.86431e-12,6.38535e-11,
21,9.934e-08,1.07466e-09,1.41113e-09,2.37847e-11,1.618e-09,5.81461e-11,2.34628e-13,1.99244e-09,3.01666e-08,6.60829e-08,1.90423e-09,5.4113e-08,2.83865e-09,7.93811e-08,1.26417e-08,7.35417e-08,3.72936e-08,6.36356e-08,4.74012e-11,6.94413e-12,4.00257e-12,1.06037e-10,8.182e-08,6.5418e-08,1.40716e-08,3.34148e-12,5.28511e-12,6.93734e-11,
22,1.02171e-07,1.23633e-09,1.62293e-09,2.73948e-11,1.75309e-09,6.30451e-11,2.54481e-13,2.15414e-09,3.22166e-08,6.93164e-08,2.03829e-09,5.64461e-08,3.06932e-09,8.25351e-08,1.41619e-08,7.80979e-08,3.90107e-08,6.58156e-08,5.45436e-11,7.9923e-12,4.58284e-12,1.22044e-10,8.71263e-08,6.78498e-08,1.51059e-08,3.7441e-12,5.73073e-12,7.52183e-11,
23,1.04847e-07,1.4226e-09,1.86681e-09,3.15664e-11,1.89594e-09,6.82324e-11,2.75538e-13,2.3247e-09,3.43143e-08,7.25452e-08,2.17767e-09,5.87609e-08,3.31266e-09,8.5604e-08,1.58504e-08,8.2687e-08,4.0725e-08,6.79295e-08,6.27788e-11,9.20116e-12,5.24916e-12,1.40502e-10,9.2504e-08,7.02209e-08,1.61815e-08,4.19672e-12,6.20261e-12,8.14071e-11,
24,1.07375e-07,1.63736e-09,2.14777e-09,3.63928e-11,2.04696e-09,7.37247e-11,2.97876e-13,2.50459e-09,3.64573e-08,7.57672e-08,2.32259e-09,6.10577e-08,3.56933e-09,8.85853e-08,1.77254e-08,8.72914e-08,4.24364e-08,6.99787e-08,7.22824e-11,1.05965e-11,6.01519e-12,1.61806e-10,9.7936e-08,7.2531e-08,1.7299e-08,4.70681e-12,6.70228e-12,8.79599e-11,
25,1.09758e-07,1.88504e-09,2.47154e-09,4.19821e-11,2.20662e-09,7.95399e-11,3.21578e-13,2.69429e-09,3.86435e-08,7.89805e-08,2.4733e-09,6.33368e-08,3.84003e-09,9.14771e-08,1.98062e-08,9.18912e-08,4.41452e-08,7.19647e-08,8.3256e-11,1.22081e-11,6.8966e-12,1.86407e-10,1.03403e-07,7.47803e-08,1.84596e-08,5.28298e-12,7.23136e-12,9.48978e-11,
26,1.12001e-07,2.1707e-09,2.84458e-09,4.84593e-11,2.37538e-09,8.56965e-11,3.46732e-13,2.89432e-09,4.08704e-08,8.21831e-08,2.63002e-09,6.55985e-08,4.12549e-09,9.42775e-08,2.21133e-08,9.64649e-08,4.58511e-08,7.38889e-08,9.59299e-11,1.40696e-11,7.91128e-12,2.14822e-10,1.08884e-07,7.69684e-08,1.96638e-08,5.93515e-12,7.79158e-12,1.02243e-10,
27,1.14111e-07,2.49998e-09,3.27411e-09,5.59676e-11,2.55373e-09,9.22146e-11,3.73433e-13,3.10519e-09,4.31357e-08,8.53727e-08,2.79302e-09,6.78433e-08,4.42645e-09,9.69851e-08,2.46678e-08,1.00989e-07,4.75544e-08,7.57528e-08,1.10565e-10,1.62193e-11,9.07946e-12,2.47635e-10,1.14354e-07,7.90955e-08,2.09125e-08,6.67463e-12,8.38473e-12,1.1002e-10,
28,1.16091e-07,2.87918e-09,3.76812e-09,6.46707e-11,2.7422e-09,9.9115e-11,4.01779e-13,3.32744e-09,4.54368e-08,8.85474e-08,2.96254e-09,7.00714e-08,4.74367e-09,9.95988e-08,2.74913e-08,1.0544e-07,4.92547e-08,7.75578e-08,1.27454e-10,1.87003e-11,1.04239e-11,2.85501e-10,1.19786e-07,8.11615e-08,2.22064e-08,7.51432e-12,9.01275e-12,1.18252e-10,
29,1.17948e-07,3.31522e-09,4.33533e-09,7.47542e-11,2.94134e-09,1.0642e-10,4.31877e-13,3.56163e-09,4.77714e-08,9.17048e-08,3.13885e-09,7.22832e-08,5.07796e-09,1.02118e-07,3.06052e-08,1.09793e-07,5.09522e-08,7.93054e-08,1.46922e-10,2.156e-11,1.19697e-11,3.29147e-10,1.25153e-07,8.31663e-08,2.35459e-08,8.46877e-12,9.67766e-12,1.26968e-10,
30,1.19687e-07,3.81554e-09,4.98508e-09,8.64263e-11,3.15172e-09,1.14153e-10,4.63842e-13,3.80831e-09,5.0137e-08,9.48427e-08,3.32222e-09,7.44789e-08,5.43011e-09,1.04542e-07,3.40303e-08,1.1402e-07,5.26465e-08,8.0997e-08,1.69326e-10,2.48506e-11,1.37447e-11,3.79369e-10,1.30422e-07,8.51099e-08,2.49317e-08,9.55427e-12,1.03816e-11,1.36193e-10,
31,1.21313e-07,4.38807e-09,5.72715e-09,9.99184e-11,3.37393e-09,1.22338e-10,4.97792e-13,4.06808e-09,5.25312e-08,9.79588e-08,3.51292e-09,7.66588e-08,5.80098e-09,1.06871e-07,3.77858e-08,1.18099e-07,5.43376e-08,8.2634e-08,1.9505e-10,2.86283e-11,1.57786e-11,4.37025e-10,1.35562e-07,8.69926e-08,2.6364e-08,1.07889e-11,1.11269e-11,1.45959e-10,
32,1.22833e-07,5.04098e-09,6.57155e-09,1.15485e-10,3.60861e-09,1.31003e-10,5.33854e-13,4.34153e-09,5.49516e-08,1.01051e-07,3.71125e-09,7.88232e-08,6.19139e-09,1.09105e-07,4.18885e-08,1.22004e-07,5.60252e-08,8.42179e-08,2.24501e-10,3.29524e-11,1.8103e-11,5.03023e-10,1.40539e-07,8.88143e-08,2.78432e-08,1.21925e-11,1.19158e-11,1.56296e-10,
33,1.2425e-07,5.7825e-09,7.52814e-09,1.334e-10,3.85642e-09,1.40174e-10,5.72163e-13,4.62925e-09,5.73961e-08,1.04116e-07,3.91749e-09,8.09723e-08,6.60221e-09,1.11245e-07,4.6352e-08,1.25714e-07,5.77092e-08,8.57499e-08,2.58103e-10,3.78841e-11,2.07505e-11,5.78299e-10,1.45319e-07,9.05752e-08,2.93695e-08,1.37865e-11,1.2751e-11,1.67238e-10,
34,1.25572e-07,6.62057e-09,8.60627e-09,1.53958e-10,4.11804e-09,1.49881e-10,6.12856e-13,4.93186e-09,5.98622e-08,1.07153e-07,4.13194e-09,8.31065e-08,7.03432e-09,1.13292e-07,5.11859e-08,1.29209e-07,5.93893e-08,8.72316e-08,2.96278e-10,4.34849e-11,2.37542e-11,6.63795e-10,1.4987e-07,9.22757e-08,3.0943e-08,1.55937e-11,1.36352e-11,1.78819e-10,
35,1.26803e-07,7.56254e-09,9.81423e-09,1.77465e-10,4.39419e-09,1.60155e-10,6.56081e-13,5.24996e-09,6.23479e-08,1.10158e-07,4.35488e-09,8.52258e-08,7.48858e-09,1.15246e-07,5.63944e-08,1.32473e-07,6.10651e-08,8.86642e-08,3.39441e-10,4.98145e-11,2.7146e-11,7.60423e-10,1.54161e-07,9.3916e-08,3.25635e-08,1.76381e-11,1.45711e-11,1.91076e-10,
36,1.27947e-07,8.61472e-09,1.11588e-08,2.04238e-10,4.68564e-09,1.71028e-10,7.01987e-13,5.58418e-09,6.48512e-08,1.13129e-07,4.58663e-09,8.73305e-08,7.96588e-09,1.17109e-07,6.19759e-08,1.35495e-07,6.27366e-08,9.0049e-08,3.87978e-10,5.69283e-11,3.09559e-11,8.69035e-10,1.58167e-07,9.54965e-08,3.4231e-08,1.99441e-11,1.55618e-11,2.04048e-10,
37,1.29011e-07,9.78206e-09,1.26447e-08,2.34593e-10,4.99316e-09,1.82535e-10,7.50731e-13,5.93512e-09,6.737e-08,1.16064e-07,4.82749e-09,8.94209e-08,8.46708e-09,1.18884e-07,6.79221e-08,1.38266e-07,6.44032e-08,9.13875e-08,4.42233e-10,6.48751e-11,3.52106e-11,9.90376e-10,1.61865e-07,9.70178e-08,3.59451e-08,2.25367e-11,1.66104e-11,2.17777e-10,
38,1.29999e-07,1.10677e-08,1.42743e-08,2.68845e-10,5.31757e-09,1.94713e-10,8.02473e-13,6.30339e-09,6.99025e-08,1.1896e-07,5.07775e-09,9.1497e-08,8.99307e-09,1.20571e-07,7.42178e-08,1.40784e-07,6.60649e-08,9.26809e-08,5.02487e-10,7.36945e-11,3.9932e-11,1.12505e-09,1.65241e-07,9.84803e-08,3.77054e-08,2.54402e-11,1.77204e-11,2.32305e-10,
39,1.30916e-07,1.24729e-08,1.60471e-08,3.07295e-10,5.65972e-09,2.07599e-10,8.57376e-13,6.6896e-09,7.24468e-08,1.21815e-07,5.33774e-09,9.35592e-08,9.54468e-09,1.22172e-07,8.08404e-08,1.43052e-07,6.77211e-08,9.39304e-08,5.68949e-10,8.34153e-11,4.51363e-11,1.27351e-09,1.68288e-07,9.98847e-08,3.95114e-08,2.86784e-11,1.88952e-11,2.47679e-10,
40,1.31766e-07,1.39966e-08,1.79599e-08,3.5023e-10,6.02051e-09,2.21235e-10,9.15609e-13,7.09432e-09,7.50013e-08,1.24626e-07,5.60774e-09,9.56075e-08,1.01228e-08,1.23691e-07,8.77599e-08,1.45075e-07,6.93717e-08,9.51375e-08,6.41744e-10,9.40542e-11,5.08334e-11,1.436e-09,1.71004e-07,1.01232e-07,4.13624e-08,3.22738e-11,2.01386e-11,2.63947e-10,
41,1.32554e-07,1.56358e-08,2.00068e-08,3.97918e-10,6.40084e-09,2.35663e-10,9.77343e-13,7.51814e-09,7.75644e-08,1.27391e-07,5.88806e-09,9.76421e-08,1.07281e-08,1.25129e-07,9.49393e-08,1.46863e-07,7.10164e-08,9.63031e-08,7.20913e-10,1.05615e-10,5.70266e-11,1.61257e-09,1.73398e-07,1.02522e-07,4.32575e-08,3.62475e-11,2.14545e-11,2.8116e-10,
42,1.33283e-07,1.73856e-08,2.21794e-08,4.50608e-10,6.80168e-09,2.50927e-10,1.04275e-12,7.96158e-09,8.01345e-08,1.30107e-07,6.179e-09,9.96631e-08,1.13615e-08,1.26489e-07,1.02335e-07,1.4843e-07,7.26547e-08,9.74287e-08,8.06412e-10,1.18091e-10,6.37128e-11,1.80309e-09,1.75484e-07,1.03757e-07,4.51958e-08,4.06193e-11,2.28471e-11,2.99372e-10,
43,1.33957e-07,1.92393e-08,2.44675e-08,5.08529e-10,7.22402e-09,2.67077e-10,1.11202e-12,8.42519e-09,8.27103e-08,1.32773e-07,6.48085e-09,1.01671e-07,1.20237e-08,1.27774e-07,1.09896e-07,1.49793e-07,7.42865e-08,9.85154e-08,8.98125e-10,1.31462e-10,7.08832e-11,2.00727e-09,1.7728e-07,1.04937e-07,4.71762e-08,4.54077e-11,2.43208e-11,3.18639e-10,
44,1.34581e-07,2.11893e-08,2.68597e-08,5.71898e-10,7.66888e-09,2.84161e-10,1.18534e-12,8.90945e-09,8.52904e-08,1.35386e-07,6.79389e-09,1.03665e-07,1.27153e-08,1.28986e-07,1.17568e-07,1.50967e-07,7.59114e-08,9.95644e-08,9.95873e-10,1.45702e-10,7.85246e-11,2.22468e-09,1.78812e-07,1.06064e-07,4.91976e-08,5.063e-11,2.58803e-11,3.39022e-10,
45,1.35157e-07,2.32271e-08,2.93438e-08,6.40923e-10,8.13731e-09,3.02233e-10,1.2629e-12,9.41481e-09,8.78735e-08,1.37943e-07,7.1184e-09,1.05646e-07,1.34371e-08,1.30128e-07,1.25289e-07,1.51972e-07,7.75291e-08,1.00577e-07,1.09944e-09,1.60778e-10,8.66202e-11,2.45478e-09,1.80106e-07,1.07138e-07,5.12585e-08,5.63031e-11,2.75305e-11,3.60584e-10,
46,1.3569e-07,2.53438e-08,3.19074e-08,7.15811e-10,8.63042e-09,3.21348e-10,1.3449e-12,9.94169e-09,9.04585e-08,1.40443e-07,7.45464e-09,1.07614e-07,1.41895e-08,1.31203e-07,1.32996e-07,1.52825e-07,7.91393e-08,1.01554e-07,1.20857e-09,1.76653e-10,9.51513e-11,2.69699e-09,1.81188e-07,1.08161e-07,5.33577e-08,6.24437e-11,2.92764e-11,3.83391e-10,
47,1.36181e-07,2.75306e-08,3.45387e-08,7.96775e-10,9.14932e-09,3.41565e-10,1.43156e-12,1.04905e-08,9.30442e-08,1.42885e-07,7.80287e-09,1.09569e-07,1.4973e-08,1.32213e-07,1.40621e-07,1.53546e-07,8.07419e-08,1.02496e-07,1.32301e-09,1.9329e-10,1.04098e-10,2.9507e-09,1.82086e-07,1.09134e-07,5.54934e-08,6.90691e-11,3.11236e-11,4.07513e-10,
48,1.36635e-07,2.97791e-08,3.72263e-08,8.84037e-10,9.69518e-09,3.62945e-10,1.5231e-12,1.10615e-08,9.56297e-08,1.45265e-07,8.16332e-09,1.11511e-07,1.57882e-08,1.33163e-07,1.48095e-07,1.5415e-07,8.23364e-08,1.03405e-07,1.4425e-09,2.10651e-10,1.13442e-10,3.21529e-09,1.82827e-07,1.10058e-07,5.76641e-08,7.61975e-11,3.30779e-11,4.33025e-10,
49,1.37053e-07,3.20815e-08,3.99599e-08,9.77841e-10,1.02692e-08,3.85554e-10,1.61975e-12,1.16549e-08,9.82139e-08,1.47582e-07,8.53623e-09,1.1344e-07,1.66353e-08,1.34054e-07,1.55348e-07,1.54654e-07,8.39226e-08,1.04282e-07,1.5668e-09,2.287e-10,1.23163e-10,3.49021e-09,1.83433e-07,1.10935e-07,5.9868e-08,8.38484e-11,3.51452e-11,4.60002e-10,
50,1.37439e-07,3.44305e-08,4.27302e-08,1.07845e-09,1.08726e-08,4.0946e-10,1.72177e-12,1.22711e-08,1.00796e-07,1.49836e-07,8.9218e-09,1.15356e-07,1.75145e-08,1.34889e-07,1.62314e-07,1.55072e-07,8.55004e-08,1.05128e-07,1.69568e-09,2.47405e-10,1.33246e-10,3.7749e-09,1.83926e-07,1.11767e-07,6.21032e-08,9.20432e-11,3.7332e-11,4.88529e-10,
51,1.37795e-07,3.68196e-08,4.55292e-08,1.18616e-09,1.15066e-08,4.34735e-10,1.8294e-12,1.29101e-08,1.03375e-07,1.52024e-07,9.32022e-09,1.1726e-07,1.8426e-08,1.35671e-07,1.6893e-07,1.55417e-07,8.70695e-08,1.05944e-07,1.82894e-09,2.66738e-10,1.43676e-10,4.06891e-09,1.84326e-07,1.12554e-07,6.43677e-08,1.00805e-10,3.96451e-11,5.1869e-10,
52,1.38122e-07,3.9243e-08,4.83497e-08,1.30128e-09,1.21725e-08,4.61456e-10,1.94294e-12,1.35721e-08,1.0595e-07,1.54145e-07,9.73167e-09,1.19151e-07,1.93699e-08,1.36402e-07,1.75139e-07,1.55701e-07,8.86297e-08,1.0673e-07,1.96641e-09,2.86672e-10,1.54439e-10,4.3718e-09,1.84649e-07,1.13298e-07,6.66596e-08,1.1016e-10,4.20916e-11,5.50577e-10,
53,1.38424e-07,4.16959e-08,5.11857e-08,1.42417e-09,1.28716e-08,4.89702e-10,2.06266e-12,1.4257e-08,1.0852e-07,1.56199e-07,1.01563e-08,1.21029e-07,2.03461e-08,1.37087e-07,1.80894e-07,1.55933e-07,9.01807e-08,1.07488e-07,2.10794e-09,3.07187e-10,1.65524e-10,4.68322e-09,1.84908e-07,1.14001e-07,6.89768e-08,1.20136e-10,4.4679e-11,5.84285e-10,
54,1.38702e-07,4.41737e-08,5.40318e-08,1.55522e-09,1.36053e-08,5.19558e-10,2.18887e-12,1.49649e-08,1.11086e-07,1.58184e-07,1.05943e-08,1.22894e-07,2.13544e-08,1.37726e-07,1.8616e-07,1.56122e-07,9.17225e-08,1.08219e-07,2.2534e-09,3.28266e-10,1.76924e-10,5.00287e-09,1.85116e-07,1.14664e-07,7.13171e-08,1.30763e-10,4.74152e-11,6.19916e-10,
55,1.38958e-07,4.66728e-08,5.68837e-08,1.69484e-09,1.43748e-08,5.51113e-10,2.32188e-12,1.56956e-08,1.13645e-07,1.60101e-07,1.10457e-08,1.24746e-07,2.23946e-08,1.38322e-07,1.90914e-07,1.56276e-07,9.32549e-08,1.08923e-07,2.40271e-09,3.49893e-10,1.88629e-10,5.33049e-09,1.85282e-07,1.1529e-07,7.36782e-08,1.42075e-10,5.03087e-11,6.57576e-10,
56,1.39193e-07,4.91898e-08,5.97375e-08,1.8435e-09,1.51817e-08,5.84461e-10,2.46204e-12,1.64489e-08,1.16197e-07,1.61948e-07,1.15106e-08,1.26586e-07,2.34661e-08,1.38879e-07,1.9515e-07,1.56401e-07,9.47776e-08,1.09602e-07,2.55576e-09,3.72057e-10,2.00637e-10,5.66589e-09,1.85414e-07,1.15878e-07,7.60579e-08,1.54108e-10,5.33684e-11,6.97378e-10,
57,1.3941e-07,5.17219e-08,6.25901e-08,2.00169e-09,1.60274e-08,6.19701e-10,2.6097e-12,1.72246e-08,1.18742e-07,1.63726e-07,1.19891e-08,1.28413e-07,2.45686e-08,1.39397e-07,1.98873e-07,1.56501e-07,9.62906e-08,1.10256e-07,2.71252e-09,3.94751e-10,2.12941e-10,6.0089e-09,1.8552e-07,1.16432e-07,7.84538e-08,1.66901e-10,5.66037e-11,7.39439e-10,
58,1.39609e-07,5.42667e-08,6.54387e-08,2.16993e-09,1.69131e-08,6.56938e-10,2.76522e-12,1.80223e-08,1.21279e-07,1.65435e-07,1.24813e-08,1.30227e-07,2.57014e-08,1.39881e-07,2.02104e-07,1.56583e-07,9.77937e-08,1.10886e-07,2.87293e-09,4.17967e-10,2.2554e-10,6.35939e-09,1.85603e-07,1.16952e-07,8.08637e-08,1.80494e-10,6.00244e-11,7.83886e-10,
59,1.39792e-07,5.68221e-08,6.82809e-08,2.34879e-09,1.78405e-08,6.96282e-10,2.929e-12,1.88418e-08,1.23807e-07,1.67075e-07,1.29872e-08,1.32028e-07,2.68637e-08,1.4033e-07,2.04873e-07,1.56648e-07,9.92868e-08,1.11493e-07,3.03697e-09,4.41701e-10,2.38432e-10,6.71726e-09,1.8567e-07,1.17441e-07,8.32851e-08,1.94933e-10,6.36412e-11,8.30851e-10,
60,1.39961e-07,5.93863e-08,7.11146e-08,2.53888e-09,1.88109e-08,7.37851e-10,3.10145e-12,1.96826e-08,1.26326e-07,1.68646e-07,1.35068e-08,1.33817e-07,2.80546e-08,1.40749e-07,2.07218e-07,1.567e-07,1.0077e-07,1.12078e-07,3.20461e-09,4.65951e-10,2.51617e-10,7.08246e-09,1.85722e-07,1.17899e-07,8.57156e-08,2.10264e-10,6.74651e-11,8.80474e-10,
61,1.40115e-07,6.19576e-08,7.39379e-08,2.74083e-09,1.98259e-08,7.81769e-10,3.283e-12,2.05441e-08,1.28836e-07,1.70149e-07,1.40402e-08,1.35593e-07,2.92734e-08,1.41138e-07,2.09183e-07,1.56742e-07,1.02243e-07,1.12641e-07,3.37585e-09,4.90715e-10,2.65095e-10,7.45492e-09,1.85764e-07,1.18329e-07,8.81527e-08,2.26538e-10,7.15082e-11,9.32903e-10,
62,1.40258e-07,6.45348e-08,7.67492e-08,2.95534e-09,2.0887e-08,8.28165e-10,3.4741e-12,2.14259e-08,1.31335e-07,1.71585e-07,1.45872e-08,1.37355e-07,3.05187e-08,1.41499e-07,2.10813e-07,1.56775e-07,1.03705e-07,1.13183e-07,3.5507e-09,5.15993e-10,2.78867e-10,7.83463e-09,1.85796e-07,1.18731e-07,9.05941e-08,2.43807e-10,7.57828e-11,9.88294e-10,
63,1.40389e-07,6.71164e-08,7.95469e-08,3.18313e-09,2.19957e-08,8.7718e-10,3.67524e-12,2.23274e-08,1.33823e-07,1.72956e-07,1.51478e-08,1.39105e-07,3.17896e-08,1.41835e-07,2.12154e-07,1.56802e-07,1.05158e-07,1.13706e-07,3.72916e-09,5.41788e-10,2.92934e-10,8.22156e-09,1.85822e-07,1.19107e-07,9.30373e-08,2.62128e-10,8.03024e-11,1.04681e-09,
64,1.40509e-07,6.97015e-08,8.23296e-08,3.42494e-09,2.31534e-08,9.28959e-10,3.88692e-12,2.32479e-08,1.363e-07,1.74261e-07,1.57221e-08,1.40841e-07,3.30848e-08,1.42146e-07,2.13248e-07,1.56823e-07,1.066e-07,1.14209e-07,3.91125e-09,5.681e-10,3.073e-10,8.61573e-09,1.85843e-07,1.19458e-07,9.54797e-08,2.81559e-10,8.50811e-11,1.10864e-09,
65,1.4062e-07,7.22891e-08,8.5096e-08,3.68159e-09,2.43619e-08,9.8366e-10,4.10967e-12,2.41867e-08,1.38765e-07,1.75503e-07,1.631e-08,1.42564e-07,3.44029e-08,1.42435e-07,2.14135e-07,1.5684e-07,1.08031e-07,1.14693e-07,4.09699e-09,5.94933e-10,3.21965e-10,9.01714e-09,1.85859e-07,1.19787e-07,9.79191e-08,3.02162e-10,9.01341e-11,1.17395e-09,
66,1.40721e-07,7.48782e-08,8.78446e-08,3.95391e-09,2.56225e-08,1.04145e-09,4.34406e-12,2.51432e-08,1.41217e-07,1.76683e-07,1.69113e-08,1.44274e-07,3.57426e-08,1.42704e-07,2.1485e-07,1.56854e-07,1.09452e-07,1.15159e-07,4.28641e-09,6.2229e-10,3.36935e-10,9.42582e-09,1.85872e-07,1.20093e-07,1.00353e-07,3.24001e-10,9.54775e-11,1.24296e-09,
67,1.40814e-07,7.7468e-08,9.05743e-08,4.24277e-09,2.69368e-08,1.1025e-09,4.59069e-12,2.61166e-08,1.43656e-07,1.77803e-07,1.7526e-08,1.4597e-07,3.71024e-08,1.42952e-07,2.15423e-07,1.56864e-07,1.10863e-07,1.15608e-07,4.47953e-09,6.50175e-10,3.52212e-10,9.84179e-09,1.85882e-07,1.20379e-07,1.02779e-07,3.47144e-10,1.01128e-10,1.31587e-09,
68,1.409e-07,8.00579e-08,9.32837e-08,4.54911e-09,2.83065e-08,1.167e-09,4.8502e-12,2.71062e-08,1.46082e-07,1.78865e-07,1.8154e-08,1.47653e-07,3.84808e-08,1.43182e-07,2.15881e-07,1.56873e-07,1.12263e-07,1.1604e-07,4.6764e-09,6.78593e-10,3.678e-10,1.02651e-08,1.85889e-07,1.20646e-07,1.05194e-07,3.71661e-10,1.07105e-10,1.3929e-09,
69,1.40979e-07,8.26472e-08,9.59716e-08,4.87386e-09,2.97329e-08,1.23514e-09,5.12325e-12,2.81112e-08,1.48493e-07,1.79869e-07,1.87952e-08,1.49322e-07,3.98763e-08,1.43396e-07,2.16245e-07,1.5688e-07,1.13652e-07,1.16456e-07,4.87704e-09,7.07548e-10,3.83704e-10,1.06958e-08,1.85896e-07,1.20894e-07,1.07596e-07,3.97625e-10,1.13427e-10,1.47429e-09,
70,1.41051e-07,8.52351e-08,9.86367e-08,5.21804e-09,3.12177e-08,1.30715e-09,5.41057e-12,2.91308e-08,1.5089e-07,1.80819e-07,1.94496e-08,1.50977e-07,4.12872e-08,1.43593e-07,2.16533e-07,1.56885e-07,1.15031e-07,1.16857e-07,5.0815e-09,7.37046e-10,3.99927e-10,1.11339e-08,1.85901e-07,1.21125e-07,1.09984e-07,4.25112e-10,1.20115e-10,1.5603e-09,
71,1.41117e-07,8.78213e-08,1.01278e-07,5.58265e-09,3.27624e-08,1.38324e-09,5.7129e-12,3.01644e-08,1.53271e-07,1.81716e-07,2.01169e-08,1.52619e-07,4.27121e-08,1.43776e-07,2.16761e-07,1.56889e-07,1.16399e-07,1.17242e-07,5.28982e-09,7.67094e-10,4.16475e-10,1.15795e-08,1.85904e-07,1.2134e-07,1.12353e-07,4.542e-10,1.27192e-10,1.6512e-09,
72,1.41178e-07,9.04051e-08,1.03893e-07,5.96878e-09,3.43685e-08,1.46365e-09,6.03106e-12,3.1211e-08,1.55637e-07,1.82562e-07,2.07972e-08,1.54246e-07,4.41491e-08,1.43945e-07,2.16941e-07,1.56893e-07,1.17757e-07,1.17613e-07,5.50205e-09,7.97695e-10,4.33353e-10,1.20326e-08,1.85908e-07,1.2154e-07,1.14703e-07,4.84969e-10,1.34681e-10,1.74726e-09,
73,1.41234e-07,9.2986e-08,1.06482e-07,6.37752e-09,3.60375e-08,1.54864e-09,6.36592e-12,3.22699e-08,1.57986e-07,1.83359e-07,2.14903e-08,1.55859e-07,4.55968e-08,1.44102e-07,2.17082e-07,1.56896e-07,1.19104e-07,1.1797e-07,5.71823e-09,8.28858e-10,4.50565e-10,1.24933e-08,1.8591e-07,1.21726e-07,1.17031e-07,5.17504e-10,1.42607e-10,1.84881e-09,
74,1.41286e-07,9.55635e-08,1.09042e-07,6.80998e-09,3.77708e-08,1.63849e-09,6.71838e-12,3.33404e-08,1.60317e-07,1.84109e-07,2.21961e-08,1.57458e-07,4.70533e-08,1.44246e-07,2.17193e-07,1.56898e-07,1.2044e-07,1.18313e-07,5.93841e-09,8.60588e-10,4.68119e-10,1.29617e-08,1.85912e-07,1.21898e-07,1.19334e-07,5.51887e-10,1.50999e-10,1.95616e-09,
75,1.41333e-07,9.81374e-08,1.11573e-07,7.26733e-09,3.95699e-08,1.73347e-09,7.08942e-12,3.44218e-08,1.62631e-07,1.84814e-07,2.29145e-08,1.59042e-07,4.85172e-08,1.4438e-07,2.1728e-07,1.569e-07,1.21766e-07,1.18643e-07,6.16264e-09,8.92892e-10,4.86019e-10,1.34378e-08,1.85913e-07,1.22059e-07,1.21611e-07,5.88207e-10,1.59886e-10,2.06967e-09,
76,1.41376e-07,1.00707e-07,1.14073e-07,7.75075e-09,4.14361e-08,1.8339e-09,7.4801e-12,3.55132e-08,1.64927e-07,1.85477e-07,2.36454e-08,1.60612e-07,4.99868e-08,1.44504e-07,2.17349e-07,1.56901e-07,1.23082e-07,1.18961e-07,6.39098e-09,9.25778e-10,5.04272e-10,1.39216e-08,1.85915e-07,1.22208e-07,1.23859e-07,6.26552e-10,1.69298e-10,2.1897e-09,
77,1.41416e-07,1.03272e-07,1.1654e-07,8.26143e-09,4.33709e-08,1.94012e-09,7.89154e-12,3.66141e-08,1.67203e-07,1.86099e-07,2.43888e-08,1.62167e-07,5.14605e-08,1.44618e-07,2.17402e-07,1.56902e-07,1.24386e-07,1.19267e-07,6.62347e-09,9.59251e-10,5.22884e-10,1.44134e-08,1.85915e-07,1.22346e-07,1.26077e-07,6.6701e-10,1.7927e-10,2.31665e-09,
78,1.41452e-07,1.05832e-07,1.18973e-07,8.80058e-09,4.53754e-08,2.05247e-09,8.32492e-12,3.77237e-08,1.6946e-07,1.86682e-07,2.51445e-08,1.63706e-07,5.29366e-08,1.44724e-07,2.17444e-07,1.56903e-07,1.25681e-07,1.19561e-07,6.86018e-09,9.9332e-10,5.41863e-10,1.49131e-08,1.85916e-07,1.22474e-07,1.28262e-07,7.09672e-10,1.89838e-10,2.45095e-09,
79,1.41486e-07,1.08387e-07,1.2137e-07,9.36942e-09,4.74509e-08,2.17132e-09,8.78153e-12,3.88414e-08,1.71696e-07,1.87229e-07,2.59125e-08,1.65231e-07,5.44136e-08,1.44821e-07,2.17477e-07,1.56904e-07,1.26964e-07,1.19844e-07,7.10115e-09,1.02799e-09,5.61214e-10,1.54207e-08,1.85917e-07,1.22592e-07,1.30412e-07,7.54629e-10,2.0104e-10,2.59305e-09,
80,1.41517e-07,1.10936e-07,1.2373e-07,9.96919e-09,4.95986e-08,2.29709e-09,9.26275e-12,3.99665e-08,1.73912e-07,1.87741e-07,2.66927e-08,1.6674e-07,5.589e-08,1.44911e-07,2.17502e-07,1.56905e-07,1.28238e-07,1.20116e-07,7.34645e-09,1.06328e-09,5.80946e-10,1.59365e-08,1.85917e-07,1.22702e-07,1.32525e-07,8.01971e-10,2.12919e-10,2.74342e-09,
81,1.41545e-07,1.1348e-07,1.26052e-07,1.06011e-08,5.18195e-08,2.43019e-09,9.77003e-12,4.10985e-08,1.76105e-07,1.8822e-07,2.7485e-08,1.68234e-07,5.73643e-08,1.44994e-07,2.17522e-07,1.56905e-07,1.295e-07,1.20378e-07,7.59614e-09,1.09918e-09,6.01065e-10,1.64604e-08,1.85918e-07,1.22804e-07,1.34601e-07,8.51787e-10,2.25519e-10,2.90259e-09,
82,1.41571e-07,1.16017e-07,1.28333e-07,1.12663e-08,5.41145e-08,2.57109e-09,1.0305e-11,4.22368e-08,1.78276e-07,1.88667e-07,2.82894e-08,1.69712e-07,5.88351e-08,1.45071e-07,2.17538e-07,1.56906e-07,1.30753e-07,1.2063e-07,7.85028e-09,1.13571e-09,6.21581e-10,1.69926e-08,1.85918e-07,1.22899e-07,1.36636e-07,9.04166e-10,2.38888e-10,3.0711e-09,
83,1.41595e-07,1.18548e-07,1.30573e-07,1.19661e-08,5.64847e-08,2.72027e-09,1.08693e-11,4.33809e-08,1.80424e-07,1.89086e-07,2.91058e-08,1.71174e-07,6.03008e-08,1.45142e-07,2.1755e-07,1.56906e-07,1.31994e-07,1.20872e-07,8.10893e-09,1.17287e-09,6.42502e-10,1.75331e-08,1.85918e-07,1.22986e-07,1.3863e-07,9.59196e-10,2.5308e-10,3.24954e-09,
84,1.41616e-07,1.21072e-07,1.32769e-07,1.27016e-08,5.89306e-08,2.87825e-09,1.14647e-11,4.45302e-08,1.82548e-07,1.89476e-07,2.99342e-08,1.7262e-07,6.17603e-08,1.45207e-07,2.17559e-07,1.56906e-07,1.33226e-07,1.21105e-07,8.37216e-09,1.21068e-09,6.63836e-10,1.8082e-08,1.85919e-07,1.23067e-07,1.40581e-07,1.01696e-09,2.68148e-10,3.43853e-09,
85,1.41637e-07,1.23589e-07,1.34921e-07,1.34739e-08,6.1453e-08,3.04558e-09,1.20933e-11,4.56843e-08,1.84647e-07,1.89841e-07,3.07745e-08,1.7405e-07,6.3212e-08,1.45267e-07,2.17567e-07,1.56907e-07,1.34447e-07,1.21329e-07,8.64002e-09,1.24914e-09,6.85592e-10,1.86394e-08,1.85919e-07,1.23142e-07,1.42488e-07,1.07754e-09,2.84154e-10,3.63875e-09,
86,1.41655e-07,1.26099e-07,1.37026e-07,1.42841e-08,6.40523e-08,3.22287e-09,1.27572e-11,4.68428e-08,1.86721e-07,1.9018e-07,3.16267e-08,1.75463e-07,6.46548e-08,1.45323e-07,2.17572e-07,1.56907e-07,1.35657e-07,1.21545e-07,8.9126e-09,1.28826e-09,7.0778e-10,1.92054e-08,1.85919e-07,1.23211e-07,1.44349e-07,1.14102e-09,3.01162e-10,3.85091e-09,
87,1.41672e-07,1.28601e-07,1.39084e-07,1.51333e-08,6.67289e-08,3.41073e-09,1.34585e-11,4.80051e-08,1.88769e-07,1.90497e-07,3.24908e-08,1.7686e-07,6.60875e-08,1.45374e-07,2.17577e-07,1.56907e-07,1.36857e-07,1.21752e-07,9.18995e-09,1.32805e-09,7.30411e-10,1.97801e-08,1.85919e-07,1.23275e-07,1.46163e-07,1.20747e-09,3.19243e-10,4.07576e-09,
88,1.41687e-07,1.31096e-07,1.41094e-07,1.60223e-08,6.9483e-08,3.60984e-09,1.41998e-11,4.91711e-08,1.9079e-07,1.90792e-07,3.33666e-08,1.7824e-07,6.75088e-08,1.45421e-07,2.1758e-07,1.56907e-07,1.38047e-07,1.21951e-07,9.47214e-09,1.36851e-09,7.53495e-10,2.03635e-08,1.85919e-07,1.23335e-07,1.47929e-07,1.27696e-09,3.3847e-10,4.31412e-09,
89,1.41701e-07,1.33583e-07,1.43053e-07,1.69521e-08,7.23145e-08,3.82092e-09,1.49836e-11,5.03402e-08,1.92783e-07,1.91067e-07,3.42543e-08,1.79603e-07,6.89176e-08,1.45465e-07,2.17583e-07,1.56908e-07,1.39226e-07,1.22143e-07,9.75925e-09,1.40967e-09,7.77042e-10,2.09558e-08,1.85919e-07,1.2339e-07,1.49647e-07,1.34955e-09,3.58927e-10,4.56686e-09,
90,1.41715e-07,1.36061e-07,1.44961e-07,1.79236e-08,7.52233e-08,4.04474e-09,1.58129e-11,5.15122e-08,1.94747e-07,1.91323e-07,3.51537e-08,1.80949e-07,7.03129e-08,1.45505e-07,2.17585e-07,1.56908e-07,1.40395e-07,1.22327e-07,1.00513e-08,1.45152e-09,8.01065e-10,2.1557e-08,1.85919e-07,1.2344e-07,1.51315e-07,1.4253e-09,3.80699e-10,4.8349e-09,
91,1.41726e-07,1.38532e-07,1.46817e-07,1.89373e-08,7.8209e-08,4.28209e-09,1.66907e-11,5.26867e-08,1.96683e-07,1.91561e-07,3.60649e-08,1.82278e-07,7.16935e-08,1.45542e-07,2.17587e-07,1.56908e-07,1.41554e-07,1.22504e-07,1.03485e-08,1.49408e-09,8.25576e-10,2.21672e-08,1.85919e-07,1.23487e-07,1.52933e-07,1.50427e-09,4.03881e-10,5.11922e-09,
92,1.41737e-07,1.40994e-07,1.48619e-07,1.99939e-08,8.1271e-08,4.53386e-09,1.76202e-11,5.38636e-08,1.98589e-07,1.91783e-07,3.69878e-08,1.83589e-07,7.30587e-08,1.45576e-07,2.17589e-07,1.56908e-07,1.42702e-07,1.22674e-07,1.06508e-08,1.53735e-09,8.50588e-10,2.27866e-08,1.85919e-07,1.2353e-07,1.54501e-07,1.5865e-09,4.28575e-10,5.42086e-09,
93,1.41748e-07,1.43447e-07,1.50368e-07,2.10939e-08,8.44086e-08,4.80096e-09,1.86051e-11,5.50425e-08,2.00464e-07,1.91989e-07,3.79224e-08,1.84882e-07,7.44074e-08,1.45607e-07,2.1759e-07,1.56908e-07,1.4384e-07,1.22838e-07,1.09583e-08,1.58135e-09,8.76113e-10,2.34152e-08,1.85919e-07,1.2357e-07,1.56017e-07,1.67203e-09,4.54892e-10,5.74094e-09,
94,1.41757e-07,1.45891e-07,1.52062e-07,2.22376e-08,8.76206e-08,5.08437e-09,1.96492e-11,5.62233e-08,2.02308e-07,1.9218e-07,3.88687e-08,1.86158e-07,7.57387e-08,1.45636e-07,2.17591e-07,1.56908e-07,1.44968e-07,1.22995e-07,1.12711e-08,1.62609e-09,9.02168e-10,2.40531e-08,1.85919e-07,1.23607e-07,1.57483e-07,1.76089e-09,4.82949e-10,6.08065e-09,
95,1.41765e-07,1.48327e-07,1.53701e-07,2.34254e-08,9.09059e-08,5.38512e-09,2.07567e-11,5.74056e-08,2.0412e-07,1.92358e-07,3.98266e-08,1.87415e-07,7.70518e-08,1.45663e-07,2.17591e-07,1.56909e-07,1.46086e-07,1.23147e-07,1.15893e-08,1.67157e-09,9.28767e-10,2.47004e-08,1.85919e-07,1.23642e-07,1.58897e-07,1.8531e-09,5.12874e-10,6.44123e-09,
96,1.41773e-07,1.50753e-07,1.55285e-07,2.46572e-08,9.42628e-08,5.70433e-09,2.19322e-11,5.85895e-08,2.05899e-07,1.92524e-07,4.07961e-08,1.88654e-07,7.83461e-08,1.45688e-07,2.17592e-07,1.56909e-07,1.47193e-07,1.23292e-07,1.19129e-08,1.7178e-09,9.55925e-10,2.53572e-08,1.85919e-07,1.23673e-07,1.6026e-07,1.94869e-09,5.44807e-10,6.82404e-09,
97,1.4178e-07,1.5317e-07,1.56813e-07,2.59332e-08,9.76897e-08,6.04315e-09,2.31804e-11,5.97746e-08,2.07645e-07,1.92677e-07,4.17773e-08,1.89875e-07,7.96206e-08,1.4571e-07,2.17592e-07,1.56909e-07,1.4829e-07,1.23432e-07,1.2242e-08,1.7648e-09,9.83661e-10,2.60237e-08,1.8592e-07,1.23702e-07,1.61572e-07,2.04766e-09,5.78897e-10,7.23048e-09,
98,1.41787e-07,1.55578e-07,1.58285e-07,2.72531e-08,1.01184e-07,6.40282e-09,2.45068e-11,6.09609e-08,2.09357e-07,1.9282e-07,4.277e-08,1.91078e-07,8.08749e-08,1.45731e-07,2.17593e-07,1.56909e-07,1.49376e-07,1.23567e-07,1.25768e-08,1.81257e-09,1.01199e-09,2.66998e-08,1.8592e-07,1.23729e-07,1.62834e-07,2.15002e-09,6.15305e-10,7.66206e-09,
99,1.41793e-07,1.57976e-07,1.59701e-07,2.86166e-08,1.04745e-07,6.78466e-09,2.59171e-11,6.21482e-08,2.11034e-07,1.92952e-07,4.37741e-08,1.92262e-07,8.21083e-08,1.4575e-07,2.17593e-07,1.56909e-07,1.50453e-07,1.23696e-07,1.29172e-08,1.86113e-09,1.04094e-09,2.73858e-08,1.8592e-07,1.23754e-07,1.64045e-07,2.25575e-09,6.54207e-10,8.12037e-09,
100,1.41798e-07,1.60364e-07,1.61062e-07,3.00233e-08,1.08368e-07,7.19004e-09,2.74175e-11,6.33364e-08,2.12677e-07,1.93075e-07,4.47898e-08,1.93427e-07,8.33201e-08,1.45768e-07,2.17593e-07,1.56909e-07,1.51519e-07,1.2382e-07,1.32635e-08,1.91048e-09,1.07052e-09,2.80817e-08,1.8592e-07,1.23777e-07,1.65207e-07,2.36487e-09,6.95792e-10,8.60708e-09,
101,1.41803e-07,1.62742e-07,1.62368e-07,3.14726e-08,1.12051e-07,7.62043e-09,2.90149e-11,6.45255e-08,2.14284e-07,1.93189e-07,4.58168e-08,1.94573e-07,8.45099e-08,1.45784e-07,2.17594e-07,1.56909e-07,1.52575e-07,1.2394e-07,1.36156e-08,1.96064e-09,1.10075e-09,2.87876e-08,1.8592e-07,1.23798e-07,1.66319e-07,2.47734e-09,7.40263e-10,9.12398e-09,
102,1.41706e-07,1.62773e-07,1.62325e-07,3.15414e-08,1.1222e-07,7.64925e-09,2.9131e-11,6.4557e-08,2.14216e-07,1.93066e-07,4.58484e-08,1.94493e-07,8.4523e-08,1.45687e-07,2.17457e-07,1.5681e-07,1.52518e-07,1.23854e-07,1.36611e-08,1.96193e-09,1.10416e-09,2.88668e-08,1.85794e-07,1.23714e-07,1.66256e-07,2.48269e-09,7.4366e-10,9.15836e-09,
103,1.41705e-07,1.62772e-07,1.62323e-07,3.15431e-08,1.12224e-07,7.65025e-09,2.91354e-11,6.45574e-08,2.14214e-07,1.93063e-07,4.58489e-08,1.94491e-07,8.45225e-08,1.45685e-07,2.17452e-07,1.56807e-07,1.52517e-07,1.23853e-07,1.36644e-08,1.96172e-09,1.10438e-09,2.88718e-08,1.85792e-07,1.23713e-07,1.66254e-07,2.48283e-09,7.43794e-10,9.15955e-09,
104,1.41705e-07,1.62772e-07,1.62323e-07,3.15431e-08,1.12224e-07,7.65028e-09,2.91356e-11,6.45574e-08,2.14214e-07,1.93063e-07,4.58489e-08,1.94491e-07,8.45225e-08,1.45685e-07,2.17452e-07,1.56807e-07,1.52517e-07,1.23853e-07,1.36645e-08,1.96169e-09,1.10439e-09,2.88721e-08,1.85791e-07,1.23713e-07,1.66254e-07,2.48284e-09,7.43797e-10,9.15957e-09,
105,1.41705e-07,1.62772e-07,1.62323e-07,3.15431e-08,1.12224e-07,7.65028e-09,2.91356e-11,6.45574e-08,2.14214e-07,1.93063e-07,4.58489e-08,1.94491e-07,8.45225e-08,1.45685e-07,2.17452e-07,1.56807e-07,1.52517e-07,1.23853e-07,1.36645e-08,1.96169e-09,1.10439e-09,2.88721e-08,1.85791e-07,1.23713e-07,1.66254e-07,2.48284e-09,7.43797e-10,9.15957e-09,
106,1.41705e-07,1.62772e-07,1.62323e-07,3.15431e-08,1.12224e-07,7.65028e-09,2.91356e-11,6.45574e-08,2.14214e-07,1.93063e-07,4.58489e-08,1.94491e-07,8.45225e-08,1.45685e-07,2.17452e-07,1.56807e-07,1.52517e-07,1.23853e-07,1.36645e-08,1.96169e-09,1.10439e-09,2.88721e-08,1.85791e-07,1.23713e-07,1.66254e-07,2.48284e-09,7.43797e-10,9.15957e-09,
107,1.41705e-07,1.62772e-07,1.62323e-07,3.15431e-08,1.12224e-07,7.65028e-09,2.91356e-11,6.45574e-08,2.14214e-07,1.93063e-07,4.58489e-08,1.94491e-07,8.45225e-08,1.45685e-07,2.17452e-07,1.56807e-07,1.52517e-07,1.23853e-07,1.36645e-08,1.96169e-09,1.10439e-09,2.88721e-08,1.85791e-07,1.23713e-07,1.66254e-07,2.48284e-09,7.43797e-10,9.15957e-09,
108,1.41705e-07,1.62772e-07,1.62323e-07,3.15431e-08,1.12224e-07,7.65028e-09,2.91356e-11,6.45574e-08,2.14214e-07,1.93063e-07,4.58489e-08,1.94491e-07,8.45225e-08,1.45685e-07,2.17452e-07,1.56807e-07,1.52517e-07,1.23853e-07,1.36645e-08,1.96169e-09,1.10439e-09,2.88721e-08,1.85791e-07,1.23713e-07,1.66254e-07,2.48284e-09,7.43797e-10,9.15957e-09,
109,1.41705e-07,1.62772e-07,1.62323e-07,3.15431e-08,1.12224e-07,7.65028e-09,2.91356e-11,6.45574e-08,2.14214e-07,1.93063e-07,4.58489e-08,1.94491e-07,8.45225e-08,1.45685e-07,2.17452e-07,1.56807e-07,1.52517e-07,1.23853e-07,1.36645e-08,1.96169e-09,1.10439e-09,2.88721e-08,1.85791e-07,1.23713e-07,1.66254e-07,2.48284e-09,7.43797e-10,9.15957e-09,
110,1.41705e-07,1.62772e-07,1.62323e-07,3.15431e-08,1.12224e-07,7.65028e-09,2.91356e-11,6.45574e-08,2.14214e-07,1.93063e-07,4.58489e-08,1.94491e-07,8.45225e-08,1.45685e-07,2.17452e-07,1.56807e-07,1.52517e-07,1.23853e-07,1.36645e-08,1.96169e-09,1.10439e-09,2.88721e-08,1.85791e-07,1.23713e-07,1.66254e-07,2.48284e-09,7.43797e-10,9.15957e-09,
111,1.41705e-07,1.62772e-07,1.62323e-07,3.15431e-08,1.12224e-07,7.65028e-09,2.91356e-11,6.45574e-08,2.14214e-07,1.93063e-07,4.58489e-08,1.94491e-07,8.45225e-08,1.45685e-07,2.17452e-07,1.56807e-07,1.52517e-07,1.23853e-07,1.36645e-08,1.96169e-09,1.10439e-09,2.88721e-08,1.85791e-07,1.23713e-07,1.66254e-07,2.48284e-09,7.43797e-10,9.15957e-09,
112,1.41705e-07,1.62772e-07,1.62323e-07,3.15431e-08,1.12224e-07,7.65028e-09,2.91356e-11,6.45574e-08,2.14214e-07,1.93063e-07,4.58489e-08,1.94491e-07,8.45225e-08,1.45685e-07,2.17452e-07,1.56807e-07,1.52517e-07,1.23853e-07,1.36645e-08,1.96169e-09,1.10439e-09,2.88721e-08,1.85791e-07,1.23713e-07,1.66254e-07,2.48284e-09,7.43797e-10,9.15957e-09,
113,1.41705e-07,1.62772e-07,1.62323e-07,3.15431e-08,1.12224e-07,7.65028e-09,2.91356e-11,6.45574e-08,2.14214e-07,1.93063e-07,4.58489e-08,1.94491e-07,8.45225e-08,1.45685e-07,2.17452e-07,1.56807e-07,1.52517e-07,1.23853e-07,1.36645e-08,1.96169e-09,1.10439e-09,2.88721e-08,1.85791e-07,1.23713e-07,1.66254e-07,2.48284e-09,7.43797e-10,9.15957e-09,
114,1.41705e-07,1.62772e-07,1.62323e-07,3.15431e-08,1.12224e-07,7.65028e-09,2.91356e-11,6.45574e-08,2.14214e-07,1.93063e-07,4.58489e-08,1.94491e-07,8.45225e-08,1.45685e-07,2.17452e-07,1.56807e-07,1.52517e-07,1.23853e-07,1.36645e-08,1.96169e-09,1.10439e-09,2.88721e-08,1.85791e-07,1.23713e-07,1.66254e-07,2.48284e-09,7.43797e-10,9.15957e-09,
115,1.41705e-07,1.62772e-07,1.62323e-07,3.15431e-08,1.12224e-07,7.65028e-09,2.91356e-11,6.45574e-08,2.14214e-07,1.93063e-07,4.58489e-08,1.94491e-07,8.45225e-08,1.45685e-07,2.17452e-07,1.56807e-07,1.52517e-07,1.23853e-07,1.36645e-08,1.96169e-09,1.10439e-09,2.88721e-08,1.85791e-07,1.23713e-07,1.66254e-07,2.48284e-09,7.43797e-10,9.15957e-09,
116,1.41705e-07,1.62772e-07,1.62323e-07,3.15431e-08,1.12224e-07,7.65028e-09,2.91356e-11,6.45574e-08,2.14214e-07,1.93063e-07,4.58489e-08,1.94491e-07,8.45225e-08,1.45685e-07,2.17452e-07,1.56807e-07,1.52517e-07,1.23853e-07,1.36645e-08,1.96169e-09,1.10439e-09,2.88721e-08,1.85791e-07,1.23713e-07,1.66254e-07,2.48284e-09,7.43797e-10,9.15957e-09,
117,1.41705e-07,1.62772e-07,1.62323e-07,3.15431e-08,1.12224e-07,7.65028e-09,2.91356e-11,6.45574e-08,2.14214e-07,1.93063e-07,4.58489e-08,1.94491e-07,8.45225e-08,1.45685e-07,2.17452e-07,1.56807e-07,1.52517e-07,1.23853e-07,1.36645e-08,1.96169e-09,1.10439e-09,2.88721e-08,1.85791e-07,1.23713e-07,1.66254e-07,2.48284e-09,7.43797e-10,9.15957e-09,
118,1.41705e-07,1.62772e-07,1.62323e-07,3.15431e-08,1.12224e-07,7.65028e-09,2.91356e-11,6.45574e-08,2.14214e-07,1.93063e-07,4.58489e-08,1.94491e-07,8.45225e-08,1.45685e-07,2.17452e-07,1.56807e-07,1.52517e-07,1.23853e-07,1.36645e-08,1.96169e-09,1.10439e-09,2.88721e-08,1.85791e-07,1.23713e-07,1.66254e-07,2.48284e-09,7.43797e-10,9.15957e-09,
119,1.41705e-07,1.62772e-07,1.62323e-07,3.15431e-08,1.12224e-07,7.65028e-09,2.91356e-11,6.45574e-08,2.14214e-07,1.93063e-07,4.58489e-08,1.94491e-07,8.45225e-08,1.45685e-07,2.17452e-07,1.56807e-07,1.52517e-07,1.23853e-07,1.36645e-08,1.96169e-09,1.10439e-09,2.88721e-08,1.85791e-07,1.23713e-07,1.66254e-07,2.48284e-09,7.43797e-10,9.15957e-09,
120,1.41705e-07,1.62772e-07,1.62323e-07,3.15431e-08,1.12224e-07,7.65028e-09,2.91356e-11,6.45574e-08,2.14214e-07,1.93063e-07,4.58489e-08,1.94491e-07,8.45225e-08,1.45685e-07,2.17452e-07,1.56807e-07,1.52517e-07,1.23853e-07,1.36645e-08,1.96169e-09,1.10439e-09,2.88721e-08,1.85791e-07,1.23713e-07,1.66254e-07,2.48284e-09,7.43797e-10,9.15957e-09,
121,1.41705e-07,1.62772e-07,1.62323e-07,3.15431e-08,1.12224e-07,7.65028e-09,2.91356e-11,6.45574e-08,2.14214e-07,1.93063e-07,4.58489e-08,1.94491e-07,8.45225e-08,1.45685e-07,2.17452e-07,1.56807e-07,1.52517e-07,1.23853e-07,1.36645e-08,1.96169e-09,1.10439e-09,2.88721e-08,1.85791e-07,1.23713e-07,1.66254e-07,2.48284e-09,7.43797e-10,9.15957e-09,
122,1.41705e-07,1.62772e-07,1.62323e-07,3.15431e-08,1.12224e-07,7.65028e-09,2.91356e-11,6.45574e-08,2.14214e-07,1.93063e-07,4.58489e-08,1.94491e-07,8.45225e-08,1.45685e-07,2.17452e-07,1.56807e-07,1.52517e-07,1.23853e-07,1.36645e-08,1.96169e-09,1.10439e-09,2.88721e-08,1.85791e-07,1.23713e-07,1.66254e-07,2.48284e-09,7.43797e-10,9.15957e-09,
123,1.41705e-07,1.62772e-07,1.62323e-07,3.15431e-08,1.12224e-07,7.65028e-09,2.91356e-11,6.45574e-08,2.14214e-07,1.93063e-07,4.58489e-08,1.94491e-07,8.45225e-08,1.45685e-07,2.17452e-07,1.56807e-07,1.52517e-07,1.23853e-07,1.36645e-08,1.96169e-09,1.10439e-09,2.88721e-08,1.85791e-07,1.23713e-07,1.66254e-07,2.48284e-09,7.43797e-10,9.15957e-09,
124,1.41705e-07,1.62772e-07,1.62323e-07,3.15431e-08,1.12224e-07,7.65028e-09,2.91356e-11,6.45574e-08,2.14214e-07,1.93063e-07,4.58489e-08,1.94491e-07,8.45225e-08,1.45685e-07,2.17452e-07,1.56807e-07,1.52517e-07,1.23853e-07,1.36645e-08,1.96169e-09,1.10439e-09,2.88721e-08,1.85791e-07,1.23713e-07,1.66254e-07,2.48284e-09,7.43797e-10,9.15957e-09,
125,1.41705e-07,1.62772e-07,1.62323e-07,3.15431e-08,1.12224e-07,7.65028e-09,2.91356e-11,6.45574e-08,2.14214e-07,1.93063e-07,4.58489e-08,1.94491e-07,8.45225e-08,1.45685e-07,2.17452e-07,1.56807e-07,1.52517e-07,1.23853e-07,1.36645e-08,1.96169e-09,1.10439e-09,2.88721e-08,1.85791e-07,1.23713e-07,1.66254e-07,2.48284e-09,7.43797e-10,9.15957e-09,
126,1.41705e-07,1.62772e-07,1.62323e-07,3.15431e-08,1.12224e-07,7.65028e-09,2.91356e-11,6.45574e-08,2.14214e-07,1.93063e-07,4.58489e-08,1.94491e-07,8.45225e-08,1.45685e-07,2.17452e-07,1.56807e-07,1.52517e-07,1.23853e-07,1.36645e-08,1.96169e-09,1.10439e-09,2.88721e-08,1.85791e-07,1.23713e-07,1.66254e-07,2.48284e-09,7.43797e-10,9.15957e-09,
127,1.41705e-07,1.62772e-07,1.62323e-07,3.15431e-08,1.12224e-07,7.65028e-09,2.91356e-11,6.45574e-08,2.14214e-07,1.93063e-07,4.58489e-08,1.94491e-07,8.45225e-08,1.45685e-07,2.17452e-07,1.56807e-07,1.52517e-07,1.23853e-07,1.36645e-08,1.96169e-09,1.10439e-09,2.88721e-08,1.85791e-07,1.23713e-07,1.66254e-07,2.48284e-09,7.43797e-10,9.15957e-09,
128,1.41705e-07,1.62772e-07,1.62323e-07,3.15431e-08,1.12224e-07,7.65028e-09,2.91356e-11,6.45574e-08,2.14214e-07,1.93063e-07,4.58489e-08,1.94491e-07,8.45225e-08,1.45685e-07,2.17452e-07,1.56807e-07,1.52517e-07,1.23853e-07,1.36645e-08,1.96169e-09,1.10439e-09,2.88721e-08,1.85791e-07,1.23713e-07,1.66254e-07,2.48284e-09,7.43797e-10,9.15957e-09,
129,1.41705e-07,1.62772e-07,1.62323e-07,3.15431e-08,1.12224e-07,7.65028e-09,2.91356e-11,6.45574e-08,2.14214e-07,1.93063e-07,4.58489e-08,1.94491e-07,8.45225e-08,1.45685e-07,2.17452e-07,1.56807e-07,1.52517e-07,1.23853e-07,1.36645e-08,1.96169e-09,1.10439e-09,2.88721e-08,1.85791e-07,1.23713e-07,1.66254e-07,2.48284e-09,7.43797e-10,9.15957e-09,
130,1.41705e-07,1.62772e-07,1.62323e-07,3.15431e-08,1.12224e-07,7.65028e-09,2.91356e-11,6.45574e-08,2.14214e-07,1.93063e-07,4.58489e-08,1.94491e-07,8.45225e-08,1.45685e-07,2.17452e-07,1.56807e-07,1.52517e-07,1.23853e-07,1.36645e-08,1.96169e-09,1.10439e-09,2.88721e-08,1.85791e-07,1.23713e-07,1.66254e-07,2.48284e-09,7.43797e-10,9.15957e-09,
131,1.41705e-07,1.62772e-07,1.62323e-07,3.15431e-08,1.12224e-07,7.65028e-09,2.91356e-11,6.45574e-08,2.14214e-07,1.93063e-07,4.58489e-08,1.94491e-07,8.45225e-08,1.45685e-07,2.17452e-07,1.56807e-07,1.52517e-07,1.23853e-07,1.36645e-08,1.96169e-09,1.10439e-09,2.88721e-08,1.85791e-07,1.23713e-07,1.66254e-07,2.48284e-09,7.43797e-10,9.15957e-09,
132,1.41705e-07,1.62772e-07,1.62323e-07,3.15431e-08,1.12224e-07,7.65028e-09,2.91356e-11,6.45574e-08,2.14214e-07,1.93063e-07,4.58489e-08,1.94491e-07,8.45225e-08,1.45685e-07,2.17452e-07,1.56807e-07,1.52517e-07,1.23853e-07,1.36645e-08,1.96169e-09,1.10439e-09,2.88721e-08,1.85791e-07,1.23713e-07,1.66254e-07,2.48284e-09,7.43797e-10,9.15957e-09,
133,1.41705e-07,1.62772e-07,1.62323e-07,3.15431e-08,1.12224e-07,7.65028e-09,2.91356e-11,6.45574e-08,2.14214e-07,1.93063e-07,4.58489e-08,1.94491e-07,8.45225e-08,1.45685e-07,2.17452e-07,1.56807e-07,1.52517e-07,1.23853e-07,1.36645e-08,1.96169e-09,1.10439e-09,2.88721e-08,1.85791e-07,1.23713e-07,1.66254e-07,2.48284e-09,7.43797e-10,9.15957e-09,
134,1.41705e-07,1.62772e-07,1.62323e-07,3.15431e-08,1.12224e-07,7.65028e-09,2.91356e-11,6.45574e-08,2.14214e-07,1.93063e-07,4.58489e-08,1.94491e-07,8.45225e-08,1.45685e-07,2.17452e-07,1.56807e-07,1.52517e-07,1.23853e-07,1.36645e-08,1.96169e-09,1.10439e-09,2.88721e-08,1.85791e-07,1.23713e-07,1.66254e-07,2.48284e-09,7.43797e-10,9.15957e-09,
135,1.41705e-07,1.62772e-07,1.62323e-07,3.15431e-08,1.12224e-07,7.65028e-09,2.91356e-11,6.45574e-08,2.14214e-07,1.93063e-07,4.58489e-08,1.94491e-07,8.45225e-08,1.45685e-07,2.17452e-07,1.56807e-07,1.52517e-07,1.23853e-07,1.36645e-08,1.96169e-09,1.10439e-09,2.88721e-08,1.85791e-07,1.23713e-07,1.66254e-07,2.48284e-09,7.43797e-10,9.15957e-09,
136,1.41705e-07,1.62772e-07,1.62323e-07,3.15431e-08,1.12224e-07,7.65028e-09,2.91356e-11,6.45574e-08,2.14214e-07,1.93063e-07,4.58489e-08,1.94491e-07,8.45225e-08,1.45685e-07,2.17452e-07,1.56807e-07,1.52517e-07,1.23853e-07,1.36645e-08,1.96169e-09,1.10439e-09,2.88721e-08,1.85791e-07,1.23713e-07,1.66254e-07,2.48284e-09,7.43797e-10,9.15957e-09,
137,1.41705e-07,1.62772e-07,1.62323e-07,3.15431e-08,1.12224e-07,7.65028e-09,2.91356e-11,6.45574e-08,2.14214e-07,1.93063e-07,4.58489e-08,1.94491e-07,8.45225e-08,1.45685e-07,2.17452e-07,1.56807e-07,1.52517e-07,1.23853e-07,1.36645e-08,1.96169e-09,1.10439e-09,2.88721e-08,1.85791e-07,1.23713e-07,1.66254e-07,2.48284e-09,7.43797e-10,9.15957e-09,
138,1.41705e-07,1.62772e-07,1.62323e-07,3.15431e-08,1.12224e-07,7.65028e-09,2.91356e-11,6.45574e-08,2.14214e-07,1.93063e-07,4.58489e-08,1.94491e-07,8.45225e-08,1.45685e-07,2.17452e-07,1.56807e-07,1.52517e-07,1.23853e-07,1.36645e-08,1.96169e-09,1.10439e-09,2.88721e-08,1.85791e-07,1.23713e-07,1.66254e-07,2.48284e-09,7.43797e-10,9.15957e-09,
139,1.41705e-07,1.62772e-07,1.62323e-07,3.15431e-08,1.12224e-07,7.65028e-09,2.91356e-11,6.45574e-08,2.14214e-07,1.93063e-07,4.58489e-08,1.94491e-07,8.45225e-08,1.45685e-07,2.17452e-07,1.56807e-07,1.52517e-07,1.23853e-07,1.36645e-08,1.96169e-09,1.10439e-09,2.88721e-08,1.85791e-07,1.23713e-07,1.66254e-07,2.48284e-09,7.43797e-10,9.15957e-09,
140,1.41705e-07,1.62772e-07,1.62323e-07,3.15431e-08,1.12224e-07,7.65028e-09,2.91356e-11,6.45574e-08,2.14214e-07,1.93063e-07,4.58489e-08,1.94491e-07,8.45225e-08,1.45685e-07,2.17452e-07,1.56807e-07,1.52517e-07,1.23853e-07,1.36645e-08,1.96169e-09,1.10439e-09,2.88721e-08,1.85791e-07,1.23713e-07,1.66254e-07,2.48284e-09,7.43797e-10,9.15957e-09,
141,1.41705e-07,1.62772e-07,1.62323e-07,3.15431e-08,1.12224e-07,7.65028e-09,2.91356e-11,6.45574e-08,2.14214e-07,1.93063e-07,4.58489e-08,1.94491e-07,8.45225e-08,1.45685e-07,2.17452e-07,1.56807e-07,1.52517e-07,1.23853e-07,1.36645e-08,1.96169e-09,1.10439e-09,2.88721e-08,1.85791e-07,1.23713e-07,1.66254e-07,2.48284e-09,7.43797e-10,9.15957e-09,
142,1.41705e-07,1.62772e-07,1.62323e-07,3.15431e-08,1.12224e-07,7.65028e-09,2.91356e-11,6.45574e-08,2.14214e-07,1.93063e-07,4.58489e-08,1.94491e-07,8.45225e-08,1.45685e-07,2.17452e-07,1.56807e-07,1.52517e-07,1.23853e-07,1.36645e-08,1.96169e-09,1.10439e-09,2.88721e-08,1.85791e-07,1.23713e-07,1.66254e-07,2.48284e-09,7.43797e-10,9.15957e-09,
143,1.41705e-07,1.62772e-07,1.62323e-07,3.15431e-08,1.12224e-07,7.65028e-09,2.91356e-11,6.45574e-08,2.14214e-07,1.93063e-07,4.58489e-08,1.94491e-07,8.45225e-08,1.45685e-07,2.17452e-07,1.56807e-07,1.52517e-07,1.23853e-07,1.36645e-08,1.96169e-09,1.10439e-09,2.88721e-08,1.85791e-07,1.23713e-07,1.66254e-07,2.48284e-09,7.43797e-10,9.15957e-09,
144,1.41705e-07,1.62772e-07,1.62323e-07,3.15431e-08,1.12224e-07,7.65028e-09,2.91356e-11,6.45574e-08,2.14214e-07,1.93063e-07,4.58489e-08,1.94491e-07,8.45225e-08,1.45685e-07,2.17452e-07,1.56807e-07,1.52517e-07,1.23853e-07,1.36645e-08,1.96169e-09,1.10439e-09,2.88721e-08,1.85791e-07,1.23713e-07,1.66254e-07,2.48284e-09,7.43797e-10,9.15957e-09,
145,1.41705e-07,1.62772e-07,1.62323e-07,3.15431e-08,1.12224e-07,7.65028e-09,2.91356e-11,6.45574e-08,2.14214e-07,1.93063e-07,4.58489e-08,1.94491e-07,8.45225e-08,1.45685e-07,2.17452e-07,1.56807e-07,1.52517e-07,1.23853e-07,1.36645e-08,1.96169e-09,1.10439e-09,2.88721e-08,1.85791e-07,1.23713e-07,1.66254e-07,2.48284e-09,7.43797e-10,9.15957e-09,
146,1.41705e-07,1.62772e-07,1.62323e-07,3.15431e-08,1.12224e-07,7.65028e-09,2.91356e-11,6.45574e-08,2.14214e-07,1.93063e-07,4.58489e-08,1.94491e-07,8.45225e-08,1.45685e-07,2.17452e-07,1.56807e-07,1.52517e-07,1.23853e-07,1.36645e-08,1.96169e-09,1.10439e-09,2.88721e-08,1.85791e-07,1.23713e-07,1.66254e-07,2.48284e-09,7.43797e-10,9.15957e-09,
147,1.41705e-07,1.62772e-07,1.62323e-07,3.15431e-08,1.12224e-07,7.65028e-09,2.91356e-11,6.45574e-08,2.14214e-07,1.93063e-07,4.58489e-08,1.94491e-07,8.45225e-08,1.45685e-07,2.17452e-07,1.56807e-07,1.52517e-07,1.23853e-07,1.36645e-08,1.96169e-09,1.10439e-09,2.88721e-08,1.85791e-07,1.23713e-07,1.66254e-07,2.48284e-09,7.43797e-10,9.15957e-09,
148,1.41705e-07,1.62772e-07,1.62323e-07,3.15431e-08,1.12224e-07,7.65028e-09,2.91356e-11,6.45574e-08,2.14214e-07,1.93063e-07,4.58489e-08,1.94491e-07,8.45225e-08,1.45685e-07,2.17452e-07,1.56807e-07,1.52517e-07,1.23853e-07,1.36645e-08,1.96169e-09,1.10439e-09,2.88721e-08,1.85791e-07,1.23713e-07,1.66254e-07,2.48284e-09,7.43797e-10,9.15957e-09,
149,1.41705e-07,1.62772e-07,1.62323e-07,3.15431e-08,1.12224e-07,7.65028e-09,2.91356e-11,6.45574e-08,2.14214e-07,1.93063e-07,4.58489e-08,1.94491e-07,8.45225e-08,1.45685e-07,2.17452e-07,1.56807e-07,1.52517e-07,1.23853e-07,1.36645e-08,1.96169e-09,1.10439e-09,2.88721e-08,1.85791e-07,1.23713e-07,1.66254e-07,2.48284e-09,7.43797e-10,9.15957e-09,
150,1.41705e-07,1.62772e-07,1.62323e-07,3.15431e-08,1.12224e-07,7.65028e-09,2.91356e-11,6.45574e-08,2.14214e-07,1.93063e-07,4.58489e-08,1.94491e-07,8.45225e-08,1.45685e-07,2.17452e-07,1.56807e-07,1.52517e-07,1.23853e-07,1.36645e-08,1.96169e-09,1.10439e-09,2.88721e-08,1.85791e-07,1.23713e-07,1.66254e-07,2.48284e-09,7.43797e-10,9.15957e-09,
151,1.41705e-07,1.62772e-07,1.62323e-07,3.15431e-08,1.12224e-07,7.65028e-09,2.91356e-11,6.45574e-08,2.14214e-07,1.93063e-07,4.58489e-08,1.94491e-07,8.45225e-08,1.45685e-07,2.17452e-07,1.56807e-07,1.52517e-07,1.23853e-07,1.36645e-08,1.96169e-09,1.10439e-09,2.88721e-08,1.85791e-07,1.23713e-07,1.66254e-07,2.48284e-09,7.43797e-10,9.15957e-09,
152,1.41705e-07,1.62772e-07,1.62323e-07,3.15431e-08,1.12224e-07,7.65028e-09,2.91356e-11,6.45574e-08,2.14214e-07,1.93063e-07,4.58489e-08,1.94491e-07,8.45225e-08,1.45685e-07,2.17452e-07,1.56807e-07,1.52517e-07,1.23853e-07,1.36645e-08,1.96169e-09,1.10439e-09,2.88721e-08,1.85791e-07,1.23713e-07,1.66254e-07,2.48284e-09,7.43797e-10,9.15957e-09,
153,1.41705e-07,1.62772e-07,1.62323e-07,3.15431e-08,1.12224e-07,7.65028e-09,2.91356e-11,6.45574e-08,2.14214e-07,1.93063e-07,4.58489e-08,1.94491e-07,8.45225e-08,1.45685e-07,2.17452e-07,1.56807e-07,1.52517e-07,1.23853e-07,1.36645e-08,1.96169e-09,1.10439e-09,2.88721e-08,1.85791e-07,1.23713e-07,1.66254e-07,2.48284e-09,7.43797e-10,9.15957e-09,
154,1.41705e-07,1.62772e-07,1.62323e-07,3.15431e-08,1.12224e-07,7.65028e-09,2.91356e-11,6.45574e-08,2.14214e-07,1.93063e-07,4.58489e-08,1.94491e-07,8.45225e-08,1.45685e-07,2.17452e-07,1.56807e-07,1.52517e-07,1.23853e-07,1.36645e-08,1.96169e-09,1.10439e-09,2.88721e-08,1.85791e-07,1.23713e-07,1.66254e-07,2.48284e-09,7.43797e-10,9.15957e-09,
155,1.41705e-07,1.62772e-07,1.62323e-07,3.15431e-08,1.12224e-07,7.65028e-09,2.91356e-11,6.45574e-08,2.14214e-07,1.93063e-07,4.58489e-08,1.94491e-07,8.45225e-08,1.45685e-07,2.17452e-07,1.56807e-07,1.52517e-07,1.23853e-07,1.36645e-08,1.96169e-09,1.10439e-09,2.88721e-08,1.85791e-07,1.23713e-07,1.66254e-07,2.48284e-09,7.43797e-10,9.15957e-09,
156,1.41705e-07,1.62772e-07,1.62323e-07,3.15431e-08,1.12224e-07,7.65028e-09,2.91356e-11,6.45574e-08,2.14214e-07,1.93063e-07,4.58489e-08,1.94491e-07,8.45225e-08,1.45685e-07,2.17452e-07,1.56807e-07,1.52517e-07,1.23853e-07,1.36645e-08,1.96169e-09,1.10439e-09,2.88721e-08,1.85791e-07,1.23713e-07,1.66254e-07,2.48284e-09,7.43797e-10,9.15957e-09,
157,1.41705e-07,1.62772e-07,1.62323e-07,3.15431e-08,1.12224e-07,7.65028e-09,2.91356e-11,6.45574e-08,2.14214e-07,1.93063e-07,4.58489e-08,1.94491e-07,8.45225e-08,1.45685e-07,2.17452e-07,1.56807e-07,1.52517e-07,1.23853e-07,1.36645e-08,1.96169e-09,1.10439e-09,2.88721e-08,1.85791e-07,1.23713e-07,1.66254e-07,2.48284e-09,7.43797e-10,9.15957e-09,
158,1.41705e-07,1.62772e-07,1.62323e-07,3.15431e-08,1.12224e-07,7.65028e-09,2.91356e-11,6.45574e-08,2.14214e-07,1.93063e-07,4.58489e-08,1.94491e-07,8.45225e-08,1.45685e-07,2.17452e-07,1.56807e-07,1.52517e-07,1.23853e-07,1.36645e-08,1.96169e-09,1.10439e-09,2.88721e-08,1.85791e-07,1.23713e-07,1.66254e-07,2.48284e-09,7.43797e-10,9.15957e-09,
159,1.41705e-07,1.62772e-07,1.62323e-07,3.15431e-08,1.12224e-07,7.65028e-09,2.91356e-11,6.45574e-08,2.14214e-07,1.93063e-07,4.58489e-08,1.94491e-07,8.45225e-08,1.45685e-07,2.17452e-07,1.56807e-07,1.52517e-07,1.23853e-07,1.36645e-08,1.96169e-09,1.10439e-09,2.88721e-08,1.85791e-07,1.23713e-07,1.66254e-07,2.48284e-09,7.43797e-10,9.15957e-09,
160,1.41705e-07,1.62772e-07,1.62323e-07,3.15431e-08,1.12224e-07,7.65028e-09,2.91356e-11,6.45574e-08,2.14214e-07,1.93063e-07,4.58489e-08,1.94491e-07,8.45225e-08,1.45685e-07,2.17452e-07,1.56807e-07,1.52517e-07,1.23853e-07,1.36645e-08,1.96169e-09,1.10439e-09,2.88721e-08,1.85791e-07,1.23713e-07,1.66254e-07,2.48284e-09,7.43797e-10,9.15957e-09,
161,1.41705e-07,1.62772e-07,1.62323e-07,3.15431e-08,1.12224e-07,7.65028e-09,2.91356e-11,6.45574e-08,2.14214e-07,1.93063e-07,4.58489e-08,1.94491e-07,8.45225e-08,1.45685e-07,2.17452e-07,1.56807e-07,1.52517e-07,1.23853e-07,1.36645e-08,1.96169e-09,1.10439e-09,2.88721e-08,1.85791e-07,1.23713e-07,1.66254e-07,2.48284e-09,7.43797e-10,9.15957e-09,
162,1.41705e-07,1.62772e-07,1.62323e-07,3.15431e-08,1.12224e-07,7.65028e-09,2.91356e-11,6.45574e-08,2.14214e-07,1.93063e-07,4.58489e-08,1.94491e-07,8.45225e-08,1.45685e-07,2.17452e-07,1.56807e-07,1.52517e-07,1.23853e-07,1.36645e-08,1.96169e-09,1.10439e-09,2.88721e-08,1.85791e-07,1.23713e-07,1.66254e-07,2.48284e-09,7.43797e-10,9.15957e-09,
163,1.41705e-07,1.62772e-07,1.62323e-07,3.15431e-08,1.12224e-07,7.65028e-09,2.91356e-11,6.45574e-08,2.14214e-07,1.93063e-07,4.58489e-08,1.94491e-07,8.45225e-08,1.45685e-07,2.17452e-07,1.56807e-07,1.52517e-07,1.23853e-07,1.36645e-08,1.96169e-09,1.10439e-09,2.88721e-08,1.85791e-07,1.23713e-07,1.66254e-07,2.48284e-09,7.43797e-10,9.15957e-09,
164,1.41705e-07,1.62772e-07,1.62323e-07,3.15431e-08,1.12224e-07,7.65028e-09,2.91356e-11,6.45574e-08,2.14214e-07,1.93063e-07,4.58489e-08,1.94491e-07,8.45225e-08,1.45685e-07,2.17452e-07,1.56807e-07,1.52517e-07,1.23853e-07,1.36645e-08,1.96169e-09,1.10439e-09,2.88721e-08,1.85791e-07,1.23713e-07,1.66254e-07,2.48284e-09,7.43797e-10,9.15957e-09,
165,1.41705e-07,1.62772e-07,1.62323e-07,3.15431e-08,1.12224e-07,7.65028e-09,2.91356e-11,6.45574e-08,2.14214e-07,1.93063e-07,4.58489e-08,1.94491e-07,8.45225e-08,1.45685e-07,2.17452e-07,1.56807e-07,1.52517e-07,1.23853e-07,1.36645e-08,1.96169e-09,1.10439e-09,2.88721e-08,1.85791e-07,1.23713e-07,1.66254e-07,2.48284e-09,7.43797e-10,9.15957e-09,
166,1.41705e-07,1.62772e-07,1.62323e-07,3.15431e-08,1.12224e-07,7.65028e-09,2.91356e-11,6.45574e-08,2.14214e-07,1.93063e-07,4.58489e-08,1.94491e-07,8.45225e-08,1.45685e-07,2.17452e-07,1.56807e-07,1.52517e-07,1.23853e-07,1.36645e-08,1.96169e-09,1.10439e-09,2.88721e-08,1.85791e-07,1.23713e-07,1.66254e-07,2.48284e-09,7.43797e-10,9.15957e-09,
167,1.41705e-07,1.62772e-07,1.62323e-07,3.15431e-08,1.12224e-07,7.65028e-09,2.91356e-11,6.45574e-08,2.14214e-07,1.93063e-07,4.58489e-08,1.94491e-07,8.45225e-08,1.45685e-07,2.17452e-07,1.56807e-07,1.52517e-07,1.23853e-07,1.36645e-08,1.96169e-09,1.10439e-09,2.88721e-08,1.85791e-07,1.23713e-07,1.66254e-07,2.48284e-09,7.43797e-10,9.15957e-09,
168,1.41705e-07,1.62772e-07,1.62323e-07,3.15431e-08,1.12224e-07,7.65028e-09,2.91356e-11,6.45574e-08,2.14214e-07,1.93063e-07,4.58489e-08,1.94491e-07,8.45225e-08,1.45685e-07,2.17452e-07,1.56807e-07,1.52517e-07,1.23853e-07,1.36645e-08,1.96169e-09,1.10439e-09,2.88721e-08,1.85791e-07,1.23713e-07,1.66254e-07,2.48284e-09,7.43797e-10,9.15957e-09,
169,1.41705e-07,1.62772e-07,1.62323e-07,3.15431e-08,1.12224e-07,7.65028e-09,2.91356e-11,6.45574e-08,2.14214e-07,1.93063e-07,4.58489e-08,1.94491e-07,8.45225e-08,1.45685e-07,2.17452e-07,1.56807e-07,1.52517e-07,1.23853e-07,1.36645e-08,1.96169e-09,1.10439e-09,2.88721e-08,1.85791e-07,1.23713e-07,1.66254e-07,2.48284e-09,7.43797e-10,9.15957e-09,
170,1.41705e-07,1.62772e-07,1.62323e-07,3.15431e-08,1.12224e-07,7.65028e-09,2.91356e-11,6.45574e-08,2.14214e-07,1.93063e-07,4.58489e-08,1.94491e-07,8.45225e-08,1.45685e-07,2.17452e-07,1.56807e-07,1.52517e-07,1.23853e-07,1.36645e-08,1.96169e-09,1.10439e-09,2.88721e-08,1.85791e-07,1.23713e-07,1.66254e-07,2.48284e-09,7.43797e-10,9.15957e-09,
171,1.41705e-07,1.62772e-07,1.62323e-07,3.15431e-08,1.12224e-07,7.65028e-09,2.91356e-11,6.45574e-08,2.14214e-07,1.93063e-07,4.58489e-08,1.94491e-07,8.45225e-08,1.45685e-07,2.17452e-07,1.56807e-07,1.52517e-07,1.23853e-07,1.36645e-08,1.96169e-09,1.10439e-09,2.88721e-08,1.85791e-07,1.23713e-07,1.66254e-07,2.48284e-09,7.43797e-10,9.15957e-09,
172,1.41705e-07,1.62772e-07,1.62323e-07,3.15431e-08,1.12224e-07,7.65028e-09,2.91356e-11,6.45574e-08,2.14214e-07,1.93063e-07,4.58489e-08,1.94491e-07,8.45225e-08,1.45685e-07,2.17452e-07,1.56807e-07,1.52517e-07,1.23853e-07,1.36645e-08,1.96169e-09,1.10439e-09,2.88721e-08,1.85791e-07,1.23713e-07,1.66254e-07,2.48284e-09,7.43797e-10,9.15957e-09,
173,1.41705e-07,1.62772e-07,1.62323e-07,3.15431e-08,1.12224e-07,7.65028e-09,2.91356e-11,6.45574e-08,2.14214e-07,1.93063e-07,4.58489e-08,1.94491e-07,8.45225e-08,1.45685e-07,2.17452e-07,1.56807e-07,1.52517e-07,1.23853e-07,1.36645e-08,1.96169e-09,1.10439e-09,2.88721e-08,1.85791e-07,1.23713e-07,1.66254e-07,2.48284e-09,7.43797e-10,9.15957e-09,
174,1.41705e-07,1.62772e-07,1.62323e-07,3.15431e-08,1.12224e-07,7.65028e-09,2.91356e-11,6.45574e-08,2.14214e-07,1.93063e-07,4.58489e-08,1.94491e-07,8.45225e-08,1.45685e-07,2.17452e-07,1.56807e-07,1.52517e-07,1.23853e-07,1.36645e-08,1.96169e-09,1.10439e-09,2.88721e-08,1.85791e-07,1.23713e-07,1.66254e-07,2.48284e-09,7.43797e-10,9.15957e-09,
175,1.41705e-07,1.62772e-07,1.62323e-07,3.15431e-08,1.12224e-07,7.65028e-09,2.91356e-11,6.45574e-08,2.14214e-07,1.93063e-07,4.58489e-08,1.94491e-07,8.45225e-08,1.45685e-07,2.17452e-07,1.56807e-07,1.52517e-07,1.23853e-07,1.36645e-08,1.96169e-09,1.10439e-09,2.88721e-08,1.85791e-07,1.23713e-07,1.66254e-07,2.48284e-09,7.43797e-10,9.15957e-09,
176,1.41705e-07,1.62772e-07,1.62323e-07,3.15431e-08,1.12224e-07,7.65028e-09,2.91356e-11,6.45574e-08,2.14214e-07,1.93063e-07,4.58489e-08,1.94491e-07,8.45225e-08,1.45685e-07,2.17452e-07,1.56807e-07,1.52517e-07,1.23853e-07,1.36645e-08,1.96169e-09,1.10439e-09,2.88721e-08,1.85791e-07,1.23713e-07,1.66254e-07,2.48284e-09,7.43797e-10,9.15957e-09,
177,1.41705e-07,1.62772e-07,1.62323e-07,3.15431e-08,1.12224e-07,7.65028e-09,2.91356e-11,6.45574e-08,2.14214e-07,1.93063e-07,4.58489e-08,1.94491e-07,8.45225e-08,1.45685e-07,2.17452e-07,1.56807e-07,1.52517e-07,1.23853e-07,1.36645e-08,1.96169e-09,1.10439e-09,2.88721e-08,1.85791e-07,1.23713e-07,1.66254e-07,2.48284e-09,7.43797e-10,9.15957e-09,
178,1.41705e-07,1.62772e-07,1.62323e-07,3.15431e-08,1.12224e-07,7.65028e-09,2.91356e-11,6.45574e-08,2.14214e-07,1.93063e-07,4.58489e-08,1.94491e-07,8.45225e-08,1.45685e-07,2.17452e-07,1.56807e-07,1.52517e-07,1.23853e-07,1.36645e-08,1.96169e-09,1.10439e-09,2.88721e-08,1.85791e-07,1.23713e-07,1.66254e-07,2.48284e-09,7.43797e-10,9.15957e-09,
179,1.41705e-07,1.62772e-07,1.62323e-07,3.15431e-08,1.12224e-07,7.65028e-09,2.91356e-11,6.45574e-08,2.14214e-07,1.93063e-07,4.58489e-08,1.94491e-07,8.45225e-08,1.45685e-07,2.17452e-07,1.56807e-07,1.52517e-07,1.23853e-07,1.36645e-08,1.96169e-09,1.10439e-09,2.88721e-08,1.85791e-07,1.23713e-07,1.66254e-07,2.48284e-09,7.43797e-10,9.15957e-09,
180,1.41705e-07,1.62772e-07,1.62323e-07,3.15431e-08,1.12224e-07,7.65028e-09,2.91356e-11,6.45574e-08,2.14214e-07,1.93063e-07,4.58489e-08,1.94491e-07,8.45225e-08,1.45685e-07,2.17452e-07,1.56807e-07,1.52517e-07,1.23853e-07,1.36645e-08,1.96169e-09,1.10439e-09,2.88721e-08,1.85791e-07,1.23713e-07,1.66254e-07,2.48284e-09,7.43797e-10,9.15957e-09,
181,1.41705e-07,1.62772e-07,1.62323e-07,3.15431e-08,1.12224e-07,7.65028e-09,2.91356e-11,6.45574e-08,2.14214e-07,1.93063e-07,4.58489e-08,1.94491e-07,8.45225e-08,1.45685e-07,2.17452e-07,1.56807e-07,1.52517e-07,1.23853e-07,1.36645e-08,1.96169e-09,1.10439e-09,2.88721e-08,1.85791e-07,1.23713e-07,1.66254e-07,2.48284e-09,7.43797e-10,9.15957e-09,
182,1.41705e-07,1.62772e-07,1.62323e-07,3.15431e-08,1.12224e-07,7.65028e-09,2.91356e-11,6.45574e-08,2.14214e-07,1.93063e-07,4.58489e-08,1.94491e-07,8.45225e-08,1.45685e-07,2.17452e-07,1.56807e-07,1.52517e-07,1.23853e-07,1.36645e-08,1.96169e-09,1.10439e-09,2.88721e-08,1.85791e-07,1.23713e-07,1.66254e-07,2.48284e-09,7.43797e-10,9.15957e-09,
183,1.41705e-07,1.62772e-07,1.62323e-07,3.15431e-08,1.12224e-07,7.65028e-09,2.91356e-11,6.45574e-08,2.14214e-07,1.93063e-07,4.58489e-08,1.94491e-07,8.45225e-08,1.45685e-07,2.17452e-07,1.56807e-07,1.52517e-07,1.23853e-07,1.36645e-08,1.96169e-09,1.10439e-09,2.88721e-08,1.85791e-07,1.23713e-07,1.66254e-07,2.48284e-09,7.43797e-10,9.15957e-09,
184,1.41705e-07,1.62772e-07,1.62323e-07,3.15431e-08,1.12224e-07,7.65028e-09,2.91356e-11,6.45574e-08,2.14214e-07,1.93063e-07,4.58489e-08,1.94491e-07,8.45225e-08,1.45685e-07,2.17452e-07,1.56807e-07,1.52517e-07,1.23853e-07,1.36645e-08,1.96169e-09,1.10439e-09,2.88721e-08,1.85791e-07,1.23713e-07,1.66254e-07,2.48284e-09,7.43797e-10,9.15957e-09,
185,1.41705e-07,1.62772e-07,1.62323e-07,3.15431e-08,1.12224e-07,7.65028e-09,2.91356e-11,6.45574e-08,2.14214e-07,1.93063e-07,4.58489e-08,1.94491e-07,8.45225e-08,1.45685e-07,2.17452e-07,1.56807e-07,1.52517e-07,1.23853e-07,1.36645e-08,1.96169e-09,1.10439e-09,2.88721e-08,1.85791e-07,1.23713e-07,1.66254e-07,2.48284e-09,7.43797e-10,9.15957e-09,
186,1.41705e-07,1.62772e-07,1.62323e-07,3.15431e-08,1.12224e-07,7.65028e-09,2.91356e-11,6.45574e-08,2.14214e-07,1.93063e-07,4.58489e-08,1.94491e-07,8.45225e-08,1.45685e-07,2.17452e-07,1.56807e-07,1.52517e-07,1.23853e-07,1.36645e-08,1.96169e-09,1.10439e-09,2.88721e-08,1.85791e-07,1.23713e-07,1.66254e-07,2.48284e-09,7.43797e-10,9.15957e-09,
187,1.41705e-07,1.62772e-07,1.62323e-07,3.15431e-08,1.12224e-07,7.65028e-09,2.91356e-11,6.45574e-08,2.14214e-07,1.93063e-07,4.58489e-08,1.94491e-07,8.45225e-08,1.45685e-07,2.17452e-07,1.56807e-07,1.52517e-07,1.23853e-07,1.36645e-08,1.96169e-09,1.10439e-09,2.88721e-08,1.85791e-07,1.23713e-07,1.66254e-07,2.48284e-09,7.43797e-10,9.15957e-09,
188,1.41705e-07,1.62772e-07,1.62323e-07,3.15431e-08,1.12224e-07,7.65028e-09,2.91356e-11,6.45574e-08,2.14214e-07,1.93063e-07,4.58489e-08,1.94491e-07,8.45225e-08,1.45685e-07,2.17452e-07,1.56807e-07,1.52517e-07,1.23853e-07,1.36645e-08,1.96169e-09,1.10439e-09,2.88721e-08,1.85791e-07,1.23713e-07,1.66254e-07,2.48284e-09,7.43797e-10,9.15957e-09,
189,1.41705e-07,1.62772e-07,1.62323e-07,3.15431e-08,1.12224e-07,7.65028e-09,2.91356e-11,6.45574e-08,2.14214e-07,1.93063e-07,4.58489e-08,1.94491e-07,8.45225e-08,1.45685e-07,2.17452e-07,1.56807e-07,1.52517e-07,1.23853e-07,1.36645e-08,1.96169e-09,1.10439e-09,2.88721e-08,1.85791e-07,1.23713e-07,1.66254e-07,2.48284e-09,7.43797e-10,9.15957e-09,
190,1.41705e-07,1.62772e-07,1.62323e-07,3.15431e-08,1.12224e-07,7.65028e-09,2.91356e-11,6.45574e-08,2.14214e-07,1.93063e-07,4.58489e-08,1.94491e-07,8.45225e-08,1.45685e-07,2.17452e-07,1.56807e-07,1.52517e-07,1.23853e-07,1.36645e-08,1.96169e-09,1.10439e-09,2.88721e-08,1.85791e-07,1.23713e-07,1.66254e-07,2.48284e-09,7.43797e-10,9.15957e-09,
191,1.41705e-07,1.62772e-07,1.62323e-07,3.15431e-08,1.12224e-07,7.65028e-09,2.91356e-11,6.45574e-08,2.14214e-07,1.93063e-07,4.58489e-08,1.94491e-07,8.45225e-08,1.45685e-07,2.17452e-07,1.56807e-07,1.52517e-07,1.23853e-07,1.36645e-08,1.96169e-09,1.10439e-09,2.88721e-08,1.85791e-07,1.23713e-07,1.66254e-07,2.48284e-09,7.43797e-10,9.15957e-09,
192,1.41705e-07,1.62772e-07,1.62323e-07,3.15431e-08,1.12224e-07,7.65028e-09,2.91356e-11,6.45574e-08,2.14214e-07,1.93063e-07,4.58489e-08,1.94491e-07,8.45225e-08,1.45685e-07,2.17452e-07,1.56807e-07,1.52517e-07,1.23853e-07,1.36645e-08,1.96169e-09,1.10439e-09,2.88721e-08,1.85791e-07,1.23713e-07,1.66254e-07,2.48284e-09,7.43797e-10,9.15957e-09,
193,1.41705e-07,1.62772e-07,1.62323e-07,3.15431e-08,1.12224e-07,7.65028e-09,2.91356e-11,6.45574e-08,2.14214e-07,1.93063e-07,4.58489e-08,1.94491e-07,8.45225e-08,1.45685e-07,2.17452e-07,1.56807e-07,1.52517e-07,1.23853e-07,1.36645e-08,1.96169e-09,1.10439e-09,2.88721e-08,1.85791e-07,1.23713e-07,1.66254e-07,2.48284e-09,7.43797e-10,9.15957e-09,
194,1.41705e-07,1.62772e-07,1.62323e-07,3.15431e-08,1.12224e-07,7.65028e-09,2.91356e-11,6.45574e-08,2.14214e-07,1.93063e-07,4.58489e-08,1.94491e-07,8.45225e-08,1.45685e-07,2.17452e-07,1.56807e-07,1.52517e-07,1.23853e-07,1.36645e-08,1.96169e-09,1.10439e-09,2.88721e-08,1.85791e-07,1.23713e-07,1.66254e-07,2.48284e-09,7.43797e-10,9.15957e-09,
195,1.41705e-07,1.62772e-07,1.62323e-07,3.15431e-08,1.12224e-07,7.65028e-09,2.91356e-11,6.45574e-08,2.14214e-07,1.93063e-07,4.58489e-08,1.94491e-07,8.45225e-08,1.45685e-07,2.17452e-07,1.56807e-07,1.52517e-07,1.23853e-07,1.36645e-08,1.96169e-09,1.10439e-09,2.88721e-08,1.85791e-07,1.23713e-07,1.66254e-07,2.48284e-09,7.43797e-10,9.15957e-09,
196,1.41705e-07,1.62772e-07,1.62323e-07,3.15431e-08,1.12224e-07,7.65028e-09,2.91356e-11,6.45574e-08,2.14214e-07,1.93063e-07,4.58489e-08,1.94491e-07,8.45225e-08,1.45685e-07,2.17452e-07,1.56807e-07,1.52517e-07,1.23853e-07,1.36645e-08,1.96169e-09,1.10439e-09,2.88721e-08,1.85791e-07,1.23713e-07,1.66254e-07,2.48284e-09,7.43797e-10,9.15957e-09,
197,1.41705e-07,1.62772e-07,1.62323e-07,3.15431e-08,1.12224e-07,7.65028e-09,2.91356e-11,6.45574e-08,2.14214e-07,1.93063e-07,4.58489e-08,1.94491e-07,8.45225e-08,1.45685e-07,2.17452e-07,1.56807e-07,1.52517e-07,1.23853e-07,1.36645e-08,1.96169e-09,1.10439e-09,2.88721e-08,1.85791e-07,1.23713e-07,1.66254e-07,2.48284e-09,7.43797e-10,9.15957e-09,
198,1.41705e-07,1.62772e-07,1.62323e-07,3.15431e-08,1.12224e-07,7.65028e-09,2.91356e-11,6.45574e-08,2.14214e-07,1.93063e-07,4.58489e-08,1.94491e-07,8.45225e-08,1.45685e-07,2.17452e-07,1.56807e-07,1.52517e-07,1.23853e-07,1.36645e-08,1.96169e-09,1.10439e-09,2.88721e-08,1.85791e-07,1.23713e-07,1.66254e-07,2.48284e-09,7.43797e-10,9.15957e-09,
199,1.41705e-07,1.62772e-07,1.62323e-07,3.15431e-08,1.12224e-07,7.65028e-09,2.91356e-11,6.45574e-08,2.14214e-07,1.93063e-07,4.58489e-08,1.94491e-07,8.45225e-08,1.45685e-07,2.17452e-07,1.56807e-07,1.52517e-07,1.23853e-07,1.36645e-08,1.96169e-09,1.10439e-09,2.88721e-08,1.85791e-07,1.23713e-07,1.66254e-07,2.48284e-09,7.43797e-10,9.15957e-09,
200,1.41705e-07,1.62772e-07,1.62323e-07,3.15431e-08,1.12224e-07,7.65028e-09,2.91356e-11,6.45574e-08,2.14214e-07,1.93063e-07,4.58489e-08,1.94491e-07,8.45225e-08,1.45685e-07,2.17452e-07,1.56807e-07,1.52517e-07,1.23853e-07,1.36645e-08,1.96169e-09,1.10439e-09,2.88721e-08,1.85791e-07,1.23713e-07,1.66254e-07,2.48284e-09,7.43797e-10,9.15957e-09,
