time,branch0,branch1,branch2,branch3,branch4,branch5,branch6,branch7,branch8,branch9,branch10,branch11,branch12,branch13,branch14,branch15,branch16,branch17,branch18,branch19,branch20,branch21,branch22,branch23,branch24,branch25,branch26,branch27,
0,0,0,0,0,0,0,0,0,0,0,0,0,0,0,0,0,0,0,0,0,0,0,0,0,0,0,0,0,
1,0,753929,0,0,0,568579,124442,156449,170969,919437,513572,986717,291603,708910,0,0,0,0,0,158847,0,192659,0,658171,533597,256988,319281,559360,
2,0,1.53549e+06,0,0,0,1.1843e+06,262222,325588,353236,1.8546e+06,1.05215e+06,1.97643e+06,602546,1.42389e+06,0,0,0,0,0,336255,0,407341,0,1.31405e+06,1.07669e+06,541633,675552,1.1658e+06,
3,0,2.31221e+06,0,0,0,1.80071e+06,402315,497099,535987,2.78071e+06,1.59355e+06,2.95458e+06,915736,2.13161e+06,0,0,0,0,0,516536,0,625593,0,1.9632e+06,1.61639e+06,829325,1.03614e+06,1.77313e+06,
4,0,3.08316e+06,0,0,0,2.41547e+06,544175,670592,718558,3.69732e+06,2.13713e+06,3.92102e+06,1.23052e+06,2.83196e+06,0,0,0,0,0,698771,0,846360,0,2.60566e+06,2.15251e+06,1.11846e+06,1.39901e+06,2.37898e+06,
5,0,3.84827e+06,0,0,0,3.0284e+06,687789,846057,900910,4.60441e+06,2.68276e+06,4.87577e+06,1.54687e+06,3.52501e+06,0,0,0,0,0,882921,0,1.0696e+06,0,3.24148e+06,2.68504e+06,1.40897e+06,1.76407e+06,2.98319e+06,
6,0,4.60752e+06,0,0,0,3.63946e+06,833160,1.02349e+06,1.08304e+06,5.50198e+06,3.23032e+06,5.81886e+06,1.86476e+06,4.21078e+06,0,0,0,0,0,1.06898e+06,0,1.2953e+06,0,3.87073e+06,3.21399e+06,1.70087e+06,2.13127e+06,3.5857e+06,
7,0,5.36086e+06,0,0,0,4.24858e+06,980295,1.2029e+06,1.26494e+06,6.39001e+06,3.7797e+06,6.75031e+06,2.18417e+06,4.88934e+06,0,0,0,0,0,1.25696e+06,0,1.52348e+06,0,4.49346e+06,3.73936e+06,1.99417e+06,2.5006e+06,4.18646e+06,
8,0,6.10828e+06,0,0,0,4.85571e+06,1.1292e+06,1.38428e+06,1.44663e+06,7.2685e+06,4.33078e+06,7.67016e+06,2.50508e+06,5.56073e+06,0,0,0,0,0,1.44686e+06,0,1.75412e+06,0,5.10973e+06,4.26115e+06,2.28887e+06,2.87203e+06,4.78541e+06,
9,0,6.84974e+06,0,0,0,5.46078e+06,1.27987e+06,1.56762e+06,1.62808e+06,8.13745e+06,4.88343e+06,8.57844e+06,2.82748e+06,6.225e+06,0,0,0,0,0,1.63866e+06,0,1.98722e+06,0,5.71959e+06,4.77935e+06,2.585e+06,3.24553e+06,5.38248e+06,
10,0,7.58522e+06,0,0,0,6.06374e+06,1.43232e+06,1.75292e+06,1.80931e+06,8.99686e+06,5.43754e+06,9.47519e+06,3.15135e+06,6.88219e+06,0,0,0,0,0,1.83238e+06,0,2.22277e+06,0,6.32311e+06,5.29398e+06,2.88255e+06,3.62108e+06,5.97761e+06,
11,0,8.31468e+06,0,0,0,6.66453e+06,1.58655e+06,1.94019e+06,1.99031e+06,9.84672e+06,5.99298e+06,1.03604e+07,3.47665e+06,7.53237e+06,0,0,0,0,0,2.02801e+06,0,2.46078e+06,0,6.92034e+06,5.80504e+06,3.18155e+06,3.99865e+06,6.57076e+06,
12,0,9.03811e+06,0,0,0,7.26309e+06,1.74256e+06,2.12941e+06,2.17108e+06,1.0687e+07,6.54962e+06,1.12342e+07,3.80337e+06,8.17557e+06,0,0,0,0,0,2.22555e+06,0,2.70124e+06,0,7.51134e+06,6.31252e+06,3.482e+06,4.3782e+06,7.16187e+06,
13,0,9.75547e+06,0,0,0,7.85936e+06,1.90034e+06,2.32058e+06,2.35162e+06,1.15178e+07,7.10733e+06,1.20966e+07,4.13148e+06,8.81185e+06,0,0,0,0,0,2.42498e+06,0,2.94413e+06,0,8.09617e+06,6.81644e+06,3.78392e+06,4.75972e+06,7.75087e+06,
14,0,1.04667e+07,0,0,0,8.45329e+06,2.05991e+06,2.51369e+06,2.53194e+06,1.23391e+07,7.66598e+06,1.29476e+07,4.46096e+06,9.44126e+06,0,0,0,0,0,2.62632e+06,0,3.18944e+06,0,8.67487e+06,7.31679e+06,4.0873e+06,5.14315e+06,8.3377e+06,
15,0,1.11719e+07,0,0,0,9.04482e+06,2.22127e+06,2.70874e+06,2.71202e+06,1.31508e+07,8.22545e+06,1.37873e+07,4.79179e+06,1.00638e+07,0,0,0,0,0,2.82955e+06,0,3.43718e+06,0,9.24751e+06,7.81359e+06,4.39216e+06,5.52848e+06,8.92232e+06,
16,0,1.18709e+07,0,0,0,9.6339e+06,2.3844e+06,2.90572e+06,2.89186e+06,1.3953e+07,8.78559e+06,1.46157e+07,5.12393e+06,1.06797e+07,0,0,0,0,0,3.03467e+06,0,3.68732e+06,0,9.81414e+06,8.30682e+06,4.6985e+06,5.91567e+06,9.50466e+06,
17,0,1.25638e+07,0,0,0,1.02205e+07,2.54931e+06,3.10461e+06,3.07148e+06,1.47457e+07,9.34628e+06,1.54329e+07,5.45736e+06,1.12888e+07,0,0,0,0,0,3.24167e+06,0,3.93986e+06,0,1.03748e+07,8.79651e+06,5.00634e+06,6.30468e+06,1.00847e+07,
18,0,1.32505e+07,0,0,0,1.08044e+07,2.71601e+06,3.30541e+06,3.25086e+06,1.55289e+07,9.90738e+06,1.62389e+07,5.79205e+06,1.18912e+07,0,0,0,0,0,3.45055e+06,0,4.19478e+06,0,1.09296e+07,9.28266e+06,5.31566e+06,6.69548e+06,1.06623e+07,
19,0,1.3931e+07,0,0,0,1.13858e+07,2.88448e+06,3.50811e+06,3.43e+06,1.63026e+07,1.04688e+07,1.70338e+07,6.12798e+06,1.2487e+07,0,0,0,0,0,3.66128e+06,0,4.45207e+06,0,1.14785e+07,9.76527e+06,5.62649e+06,7.08802e+06,1.12375e+07,
20,0,1.46052e+07,0,0,0,1.19645e+07,3.05472e+06,3.71269e+06,3.60891e+06,1.70668e+07,1.10303e+07,1.78176e+07,6.4651e+06,1.30762e+07,0,0,0,0,0,3.87388e+06,0,4.7117e+06,0,1.20217e+07,1.02443e+07,5.93883e+06,7.48227e+06,1.18101e+07,
21,0,1.52733e+07,0,0,0,1.25404e+07,3.22673e+06,3.91915e+06,3.78758e+06,1.78216e+07,1.15918e+07,1.85904e+07,6.80339e+06,1.3659e+07,0,0,0,0,0,4.08832e+06,0,4.97368e+06,0,1.25591e+07,1.07199e+07,6.25267e+06,7.87818e+06,1.23803e+07,
22,0,1.59351e+07,0,0,0,1.31136e+07,3.40051e+06,4.12747e+06,3.96602e+06,1.8567e+07,1.21532e+07,1.93522e+07,7.14282e+06,1.42352e+07,0,0,0,0,0,4.3046e+06,0,5.23797e+06,0,1.30908e+07,1.11919e+07,6.56802e+06,8.27572e+06,1.29478e+07,
23,0,1.65906e+07,0,0,0,1.36839e+07,3.57605e+06,4.33763e+06,4.14421e+06,1.93029e+07,1.27143e+07,2.01032e+07,7.48335e+06,1.48051e+07,0,0,0,0,0,4.5227e+06,0,5.50455e+06,0,1.36169e+07,1.16605e+07,6.88489e+06,8.67484e+06,1.35126e+07,
24,0,1.72398e+07,0,0,0,1.42513e+07,3.75334e+06,4.54962e+06,4.32216e+06,2.00295e+07,1.32751e+07,2.08433e+07,7.82495e+06,1.53686e+07,0,0,0,0,0,4.74262e+06,0,5.77341e+06,0,1.41374e+07,1.21255e+07,7.20326e+06,9.0755e+06,1.40747e+07,
25,0,1.78828e+07,0,0,0,1.48158e+07,3.93237e+06,4.76343e+06,4.49987e+06,2.07467e+07,1.38352e+07,2.15727e+07,8.16759e+06,1.59258e+07,0,0,0,0,0,4.96433e+06,0,6.04453e+06,0,1.46523e+07,1.2587e+07,7.52314e+06,9.47765e+06,1.46341e+07,
26,0,1.85194e+07,0,0,0,1.53773e+07,4.11315e+06,4.97903e+06,4.67734e+06,2.14546e+07,1.43947e+07,2.22914e+07,8.51122e+06,1.64767e+07,0,0,0,0,0,5.18783e+06,0,6.31788e+06,0,1.51618e+07,1.3045e+07,7.84454e+06,9.88125e+06,1.51906e+07,
27,0,1.91497e+07,0,0,0,1.59357e+07,4.29566e+06,5.19641e+06,4.85456e+06,2.21531e+07,1.49534e+07,2.29995e+07,8.85582e+06,1.70215e+07,0,0,0,0,0,5.4131e+06,0,6.59344e+06,0,1.56659e+07,1.34996e+07,8.16744e+06,1.02862e+07,1.57443e+07,
28,0,1.97737e+07,0,0,0,1.6491e+07,4.47989e+06,5.41555e+06,5.03154e+06,2.28424e+07,1.55111e+07,2.3697e+07,9.20134e+06,1.756e+07,0,0,0,0,0,5.64013e+06,0,6.87118e+06,0,1.61646e+07,1.39507e+07,8.49185e+06,1.06926e+07,1.6295e+07,
29,0,2.03913e+07,0,0,0,1.70432e+07,4.66583e+06,5.63643e+06,5.20827e+06,2.35225e+07,1.60678e+07,2.43841e+07,9.54776e+06,1.80925e+07,0,0,0,0,0,5.8689e+06,0,7.15108e+06,0,1.6658e+07,1.43983e+07,8.81775e+06,1.11002e+07,1.68428e+07,
30,0,2.10026e+07,0,0,0,1.75921e+07,4.85347e+06,5.85903e+06,5.38476e+06,2.41933e+07,1.66232e+07,2.50607e+07,9.89502e+06,1.86189e+07,0,0,0,0,0,6.09939e+06,0,7.43311e+06,0,1.71461e+07,1.48425e+07,9.14515e+06,1.15091e+07,1.73875e+07,
31,0,2.16076e+07,0,0,0,1.81378e+07,5.04281e+06,6.08334e+06,5.56099e+06,2.48549e+07,1.71773e+07,2.57271e+07,1.02431e+07,1.91394e+07,0,0,0,0,0,6.33158e+06,0,7.71724e+06,0,1.7629e+07,1.52832e+07,9.47404e+06,1.19192e+07,1.79291e+07,
32,0,2.22062e+07,0,0,0,1.86802e+07,5.23382e+06,6.30931e+06,5.73698e+06,2.55075e+07,1.77298e+07,2.63831e+07,1.05919e+07,1.96539e+07,0,0,0,0,0,6.56546e+06,0,8.00344e+06,0,1.81067e+07,1.57205e+07,9.8044e+06,1.23304e+07,1.84676e+07,
33,0,2.27985e+07,0,0,0,1.92192e+07,5.42651e+06,6.53694e+06,5.91271e+06,2.61509e+07,1.82808e+07,2.70291e+07,1.09415e+07,2.01625e+07,0,0,0,0,0,6.80101e+06,0,8.29168e+06,0,1.85793e+07,1.61544e+07,1.01362e+07,1.27427e+07,1.90029e+07,
34,0,2.33844e+07,0,0,0,1.97549e+07,5.62084e+06,6.7662e+06,6.0882e+06,2.67853e+07,1.883e+07,2.76649e+07,1.12917e+07,2.06652e+07,0,0,0,0,0,7.0382e+06,0,8.58193e+06,0,1.90468e+07,1.65849e+07,1.04695e+07,1.3156e+07,1.9535e+07,
35,0,2.39639e+07,0,0,0,2.02871e+07,5.81682e+06,6.99707e+06,6.26342e+06,2.74107e+07,1.93773e+07,2.82907e+07,1.16426e+07,2.11622e+07,0,0,0,0,0,7.27702e+06,0,8.87415e+06,0,1.95093e+07,1.7012e+07,1.08043e+07,1.35703e+07,2.00638e+07,
36,0,2.45371e+07,0,0,0,2.08158e+07,6.01442e+06,7.22951e+06,6.4384e+06,2.80271e+07,1.99226e+07,2.89066e+07,1.19941e+07,2.16535e+07,0,0,0,0,0,7.51744e+06,0,9.16831e+06,0,1.99668e+07,1.74357e+07,1.11405e+07,1.39856e+07,2.05893e+07,
37,0,2.51039e+07,0,0,0,2.1341e+07,6.21363e+06,7.46351e+06,6.61312e+06,2.86346e+07,2.04658e+07,2.95127e+07,1.23462e+07,2.2139e+07,0,0,0,0,0,7.75945e+06,0,9.46437e+06,0,2.04194e+07,1.7856e+07,1.14781e+07,1.44016e+07,2.11115e+07,
38,0,2.56644e+07,0,0,0,2.18626e+07,6.41443e+06,7.69903e+06,6.78758e+06,2.92332e+07,2.10067e+07,3.0109e+07,1.26987e+07,2.26189e+07,0,0,0,0,0,8.00301e+06,0,9.76231e+06,0,2.08671e+07,1.82729e+07,1.18171e+07,1.48185e+07,2.16302e+07,
39,0,2.62185e+07,0,0,0,2.23806e+07,6.61681e+06,7.93606e+06,6.96178e+06,2.9823e+07,2.15452e+07,3.06957e+07,1.30518e+07,2.30933e+07,0,0,0,0,0,8.24811e+06,0,1.00621e+07,0,2.131e+07,1.86865e+07,1.21575e+07,1.52361e+07,2.21454e+07,
40,0,2.67663e+07,0,0,0,2.2895e+07,6.82074e+06,8.17455e+06,7.13572e+06,3.0404e+07,2.20812e+07,3.12728e+07,1.34052e+07,2.35621e+07,0,0,0,0,0,8.49472e+06,0,1.03636e+07,0,2.17481e+07,1.90968e+07,1.24993e+07,1.56543e+07,2.26572e+07,
41,0,2.73078e+07,0,0,0,2.34056e+07,7.02622e+06,8.41448e+06,7.30941e+06,3.09764e+07,2.26146e+07,3.18404e+07,1.37591e+07,2.40254e+07,0,0,0,0,0,8.74281e+06,0,1.06669e+07,0,2.21815e+07,1.95037e+07,1.28425e+07,1.60732e+07,2.31654e+07,
42,0,2.78429e+07,0,0,0,2.39125e+07,7.23322e+06,8.65583e+06,7.48283e+06,3.154e+07,2.31453e+07,3.23987e+07,1.41132e+07,2.44833e+07,0,0,0,0,0,8.99236e+06,0,1.09719e+07,0,2.26101e+07,1.99073e+07,1.3187e+07,1.64926e+07,2.36701e+07,
43,0,2.83717e+07,0,0,0,2.44156e+07,7.44172e+06,8.89856e+06,7.65598e+06,3.20951e+07,2.36731e+07,3.29476e+07,1.44677e+07,2.49359e+07,0,0,0,0,0,9.24334e+06,0,1.12786e+07,0,2.30341e+07,2.03076e+07,1.35328e+07,1.69125e+07,2.41711e+07,
44,0,2.88942e+07,0,0,0,2.49149e+07,7.65171e+06,9.14263e+06,7.82887e+06,3.26416e+07,2.41979e+07,3.34874e+07,1.48223e+07,2.53831e+07,0,0,0,0,0,9.49572e+06,0,1.15869e+07,0,2.34535e+07,2.07047e+07,1.38799e+07,1.73328e+07,2.46685e+07,
45,0,2.94105e+07,0,0,0,2.54104e+07,7.86315e+06,9.38803e+06,8.0015e+06,3.31797e+07,2.47197e+07,3.4018e+07,1.51772e+07,2.5825e+07,0,0,0,0,0,9.74948e+06,0,1.18968e+07,0,2.38684e+07,2.10984e+07,1.42283e+07,1.77535e+07,2.51622e+07,
46,0,2.99204e+07,0,0,0,2.5902e+07,8.07603e+06,9.6347e+06,8.17386e+06,3.37094e+07,2.52382e+07,3.45397e+07,1.55322e+07,2.62617e+07,0,0,0,0,0,1.00046e+07,0,1.22083e+07,0,2.42787e+07,2.14889e+07,1.4578e+07,1.81744e+07,2.56521e+07,
47,0,3.04241e+07,0,0,0,2.63896e+07,8.29033e+06,9.88264e+06,8.34594e+06,3.42306e+07,2.57535e+07,3.50524e+07,1.58873e+07,2.66932e+07,0,0,0,0,0,1.0261e+07,0,1.25212e+07,0,2.46846e+07,2.18762e+07,1.49289e+07,1.85955e+07,2.61382e+07,
48,0,3.09216e+07,0,0,0,2.68733e+07,8.50603e+06,1.01318e+07,8.51776e+06,3.47436e+07,2.62654e+07,3.55563e+07,1.62425e+07,2.71196e+07,0,0,0,0,0,1.05187e+07,0,1.28355e+07,0,2.50861e+07,2.22602e+07,1.52809e+07,1.90168e+07,2.66206e+07,
49,0,3.14128e+07,0,0,0,2.73531e+07,8.72309e+06,1.03821e+07,8.68931e+06,3.52484e+07,2.67738e+07,3.60515e+07,1.65976e+07,2.7541e+07,0,0,0,0,0,1.07777e+07,0,1.31513e+07,0,2.54831e+07,2.2641e+07,1.56342e+07,1.94381e+07,2.70991e+07,
50,0,3.18979e+07,0,0,0,2.78288e+07,8.94151e+06,1.06336e+07,8.86058e+06,3.5745e+07,2.72786e+07,3.65381e+07,1.69527e+07,2.79573e+07,0,0,0,0,0,1.10379e+07,0,1.34684e+07,0,2.58759e+07,2.30185e+07,1.59886e+07,1.98595e+07,2.75737e+07,
51,0,3.23768e+07,0,0,0,2.83004e+07,9.16124e+06,1.08862e+07,9.03158e+06,3.62336e+07,2.77797e+07,3.70161e+07,1.73077e+07,2.83686e+07,0,0,0,0,0,1.12993e+07,0,1.37868e+07,0,2.62643e+07,2.33929e+07,1.63441e+07,2.02808e+07,2.80445e+07,
52,0,3.28495e+07,0,0,0,2.8768e+07,9.38227e+06,1.11399e+07,9.2023e+06,3.67141e+07,2.82771e+07,3.74857e+07,1.76626e+07,2.8775e+07,0,0,0,0,0,1.15618e+07,0,1.41065e+07,0,2.66485e+07,2.37641e+07,1.67006e+07,2.07019e+07,2.85113e+07,
53,0,3.3316e+07,0,0,0,2.92315e+07,9.60458e+06,1.13946e+07,9.37275e+06,3.71867e+07,2.87706e+07,3.7947e+07,1.80172e+07,2.91766e+07,0,0,0,0,0,1.18255e+07,0,1.44274e+07,0,2.70285e+07,2.41322e+07,1.70583e+07,2.11228e+07,2.89741e+07,
54,0,3.37765e+07,0,0,0,2.96908e+07,9.82813e+06,1.16503e+07,9.54292e+06,3.76514e+07,2.92602e+07,3.84001e+07,1.83716e+07,2.95733e+07,0,0,0,0,0,1.20903e+07,0,1.47494e+07,0,2.74043e+07,2.44971e+07,1.74169e+07,2.15434e+07,2.94329e+07,
55,0,3.42309e+07,0,0,0,3.0146e+07,1.00529e+07,1.1907e+07,9.7128e+06,3.81083e+07,2.97457e+07,3.88451e+07,1.87257e+07,2.99652e+07,0,0,0,0,0,1.23561e+07,0,1.50725e+07,0,2.7776e+07,2.48589e+07,1.77765e+07,2.19637e+07,2.98877e+07,
56,0,3.46792e+07,0,0,0,3.05971e+07,1.02789e+07,1.21647e+07,9.88241e+06,3.85575e+07,3.02272e+07,3.92821e+07,1.90794e+07,3.03524e+07,0,0,0,0,0,1.26229e+07,0,1.53967e+07,0,2.81436e+07,2.52176e+07,1.8137e+07,2.23836e+07,3.03385e+07,
57,0,3.51215e+07,0,0,0,3.10439e+07,1.0506e+07,1.24232e+07,1.00517e+07,3.8999e+07,3.07045e+07,3.97111e+07,1.94328e+07,3.07349e+07,0,0,0,0,0,1.28908e+07,0,1.57218e+07,0,2.85072e+07,2.55731e+07,1.84985e+07,2.28029e+07,3.07852e+07,
58,0,3.55578e+07,0,0,0,3.14865e+07,1.07342e+07,1.26826e+07,1.02208e+07,3.94329e+07,3.11775e+07,4.01323e+07,1.97857e+07,3.11128e+07,0,0,0,0,0,1.31596e+07,0,1.60479e+07,0,2.88668e+07,2.59256e+07,1.88608e+07,2.32217e+07,3.12277e+07,
59,0,3.59881e+07,0,0,0,3.19249e+07,1.09636e+07,1.29428e+07,1.03895e+07,3.98594e+07,3.16462e+07,4.05458e+07,2.01381e+07,3.14861e+07,0,0,0,0,0,1.34293e+07,0,1.63749e+07,0,2.92224e+07,2.6275e+07,1.92239e+07,2.36398e+07,3.16662e+07,
60,0,3.64125e+07,0,0,0,3.2359e+07,1.11941e+07,1.32038e+07,1.0558e+07,4.02784e+07,3.21106e+07,4.09517e+07,2.049e+07,3.18549e+07,0,0,0,0,0,1.36999e+07,0,1.67027e+07,0,2.95741e+07,2.66214e+07,1.95878e+07,2.40572e+07,3.21005e+07,
61,0,3.6831e+07,0,0,0,3.27888e+07,1.14256e+07,1.34655e+07,1.07262e+07,4.06901e+07,3.25705e+07,4.13501e+07,2.08413e+07,3.22192e+07,0,0,0,0,0,1.39714e+07,0,1.70313e+07,0,2.99219e+07,2.69647e+07,1.99524e+07,2.44738e+07,3.25307e+07,
62,0,3.72437e+07,0,0,0,3.32144e+07,1.16581e+07,1.3728e+07,1.08941e+07,4.10945e+07,3.30259e+07,4.17411e+07,2.1192e+07,3.2579e+07,0,0,0,0,0,1.42437e+07,0,1.73606e+07,0,3.02659e+07,2.7305e+07,2.03177e+07,2.48895e+07,3.29567e+07,
63,0,3.76505e+07,0,0,0,3.36356e+07,1.18916e+07,1.39911e+07,1.10617e+07,4.14918e+07,3.34767e+07,4.21247e+07,2.15419e+07,3.29344e+07,0,0,0,0,0,1.45167e+07,0,1.76906e+07,0,3.06061e+07,2.76423e+07,2.06837e+07,2.53043e+07,3.33785e+07,
64,0,3.80515e+07,0,0,0,3.40525e+07,1.21261e+07,1.42548e+07,1.1229e+07,4.18819e+07,3.3923e+07,4.25012e+07,2.18912e+07,3.32855e+07,0,0,0,0,0,1.47905e+07,0,1.80212e+07,0,3.09425e+07,2.79766e+07,2.10502e+07,2.5718e+07,3.37961e+07,
65,0,3.84468e+07,0,0,0,3.44651e+07,1.23615e+07,1.45191e+07,1.1396e+07,4.22651e+07,3.43646e+07,4.28705e+07,2.22396e+07,3.36323e+07,0,0,0,0,0,1.5065e+07,0,1.83523e+07,0,3.12752e+07,2.83079e+07,2.14173e+07,2.61307e+07,3.42094e+07,
66,0,3.88363e+07,0,0,0,3.48734e+07,1.25978e+07,1.4784e+07,1.15627e+07,4.26413e+07,3.48015e+07,4.32329e+07,2.25873e+07,3.39748e+07,0,0,0,0,0,1.53401e+07,0,1.8684e+07,0,3.16042e+07,2.86363e+07,2.17849e+07,2.65422e+07,3.46186e+07,
67,0,3.92202e+07,0,0,0,3.52773e+07,1.28349e+07,1.50494e+07,1.17291e+07,4.30106e+07,3.52337e+07,4.35884e+07,2.2934e+07,3.43131e+07,0,0,0,0,0,1.56159e+07,0,1.90161e+07,0,3.19296e+07,2.89618e+07,2.21529e+07,2.69525e+07,3.50234e+07,
68,0,3.95984e+07,0,0,0,3.56768e+07,1.30729e+07,1.53153e+07,1.18952e+07,4.33732e+07,3.56611e+07,4.3937e+07,2.32799e+07,3.46472e+07,0,0,0,0,0,1.58922e+07,0,1.93485e+07,0,3.22513e+07,2.92843e+07,2.25213e+07,2.73615e+07,3.5424e+07,
69,0,3.9971e+07,0,0,0,3.6072e+07,1.33117e+07,1.55815e+07,1.2061e+07,4.37291e+07,3.60836e+07,4.4279e+07,2.36247e+07,3.49772e+07,0,0,0,0,0,1.61691e+07,0,1.96813e+07,0,3.25695e+07,2.96039e+07,2.28901e+07,2.7769e+07,3.58204e+07,
70,0,4.03381e+07,0,0,0,3.64628e+07,1.35513e+07,1.58482e+07,1.22265e+07,4.40784e+07,3.65014e+07,4.46143e+07,2.39686e+07,3.53031e+07,0,0,0,0,0,1.64465e+07,0,2.00144e+07,0,3.28842e+07,2.99207e+07,2.32591e+07,2.81752e+07,3.62124e+07,
71,0,4.06997e+07,0,0,0,3.68492e+07,1.37916e+07,1.61153e+07,1.23918e+07,4.44211e+07,3.69142e+07,4.49432e+07,2.43114e+07,3.5625e+07,0,0,0,0,0,1.67244e+07,0,2.03477e+07,0,3.31953e+07,3.02345e+07,2.36284e+07,2.85798e+07,3.66002e+07,
72,0,4.10558e+07,0,0,0,3.72313e+07,1.40327e+07,1.63826e+07,1.25567e+07,4.47575e+07,3.73222e+07,4.52656e+07,2.46531e+07,3.59429e+07,0,0,0,0,0,1.70027e+07,0,2.06812e+07,0,3.3503e+07,3.05455e+07,2.39978e+07,2.89828e+07,3.69836e+07,
73,0,4.14065e+07,0,0,0,3.7609e+07,1.42744e+07,1.66502e+07,1.27213e+07,4.50874e+07,3.77252e+07,4.55818e+07,2.49937e+07,3.62569e+07,0,0,0,0,0,1.72814e+07,0,2.10147e+07,0,3.38073e+07,3.08537e+07,2.43674e+07,2.93842e+07,3.73628e+07,
74,0,4.17518e+07,0,0,0,3.79823e+07,1.45167e+07,1.69181e+07,1.28856e+07,4.54112e+07,3.81233e+07,4.58917e+07,2.53331e+07,3.65669e+07,0,0,0,0,0,1.75605e+07,0,2.13483e+07,0,3.41081e+07,3.11591e+07,2.4737e+07,2.97838e+07,3.77377e+07,
75,0,4.20917e+07,0,0,0,3.83512e+07,1.47597e+07,1.71862e+07,1.30495e+07,4.57287e+07,3.85164e+07,4.61956e+07,2.56713e+07,3.68731e+07,0,0,0,0,0,1.78399e+07,0,2.16819e+07,0,3.44056e+07,3.14616e+07,2.51067e+07,3.01816e+07,3.81083e+07,
76,0,4.24264e+07,0,0,0,3.87157e+07,1.50032e+07,1.74544e+07,1.32132e+07,4.60401e+07,3.89046e+07,4.64934e+07,2.60082e+07,3.71754e+07,0,0,0,0,0,1.81195e+07,0,2.20154e+07,0,3.46998e+07,3.17614e+07,2.54762e+07,3.05776e+07,3.84745e+07,
77,0,4.27559e+07,0,0,0,3.90759e+07,1.52473e+07,1.77228e+07,1.33766e+07,4.63456e+07,3.92877e+07,4.67853e+07,2.63438e+07,3.7474e+07,0,0,0,0,0,1.83994e+07,0,2.23488e+07,0,3.49907e+07,3.20584e+07,2.58457e+07,3.09716e+07,3.88365e+07,
78,0,4.30801e+07,0,0,0,3.94317e+07,1.54919e+07,1.79912e+07,1.35396e+07,4.66451e+07,3.96659e+07,4.70714e+07,2.66781e+07,3.77689e+07,0,0,0,0,0,1.86795e+07,0,2.26821e+07,0,3.52784e+07,3.23527e+07,2.6215e+07,3.13637e+07,3.91941e+07,
79,0,4.33993e+07,0,0,0,3.97831e+07,1.5737e+07,1.82597e+07,1.37024e+07,4.69387e+07,4.00391e+07,4.73518e+07,2.70109e+07,3.806e+07,0,0,0,0,0,1.89598e+07,0,2.30151e+07,0,3.55628e+07,3.26442e+07,2.6584e+07,3.17536e+07,3.95475e+07,
80,0,4.37133e+07,0,0,0,4.01302e+07,1.59826e+07,1.85282e+07,1.38648e+07,4.72266e+07,4.04073e+07,4.76265e+07,2.73424e+07,3.83475e+07,0,0,0,0,0,1.92402e+07,0,2.33478e+07,0,3.5844e+07,3.2933e+07,2.69528e+07,3.21415e+07,3.98966e+07,
81,0,4.40223e+07,0,0,0,4.0473e+07,1.62285e+07,1.87967e+07,1.40269e+07,4.75089e+07,4.07705e+07,4.78957e+07,2.76724e+07,3.86314e+07,0,0,0,0,0,1.95207e+07,0,2.36801e+07,0,3.61221e+07,3.32192e+07,2.73212e+07,3.25271e+07,4.02414e+07,
82,0,4.43263e+07,0,0,0,4.08114e+07,1.64749e+07,1.90651e+07,1.41887e+07,4.77855e+07,4.11287e+07,4.81595e+07,2.80009e+07,3.89118e+07,0,0,0,0,0,1.98012e+07,0,2.40121e+07,0,3.63971e+07,3.35026e+07,2.76891e+07,3.29105e+07,4.05819e+07,
83,0,4.46254e+07,0,0,0,4.11455e+07,1.67216e+07,1.93334e+07,1.43501e+07,4.80566e+07,4.14819e+07,4.84179e+07,2.83279e+07,3.91886e+07,0,0,0,0,0,2.00817e+07,0,2.43436e+07,0,3.6669e+07,3.37834e+07,2.80566e+07,3.32916e+07,4.09181e+07,
84,0,4.49195e+07,0,0,0,4.14752e+07,1.69686e+07,1.96016e+07,1.45113e+07,4.83224e+07,4.18301e+07,4.86711e+07,2.86533e+07,3.94619e+07,0,0,0,0,0,2.03622e+07,0,2.46746e+07,0,3.69378e+07,3.40615e+07,2.84235e+07,3.36704e+07,4.12501e+07,
85,0,4.52089e+07,0,0,0,4.18007e+07,1.72159e+07,1.98696e+07,1.46721e+07,4.85827e+07,4.21733e+07,4.8919e+07,2.89771e+07,3.97317e+07,0,0,0,0,0,2.06427e+07,0,2.50051e+07,0,3.72037e+07,3.43371e+07,2.87899e+07,3.40467e+07,4.15778e+07,
86,0,4.54934e+07,0,0,0,4.21219e+07,1.74635e+07,2.01375e+07,1.48326e+07,4.88379e+07,4.25116e+07,4.91619e+07,2.92992e+07,3.99982e+07,0,0,0,0,0,2.0923e+07,0,2.53349e+07,0,3.74665e+07,3.461e+07,2.91555e+07,3.44205e+07,4.19013e+07,
87,0,4.57733e+07,0,0,0,4.24388e+07,1.77113e+07,2.0405e+07,1.49927e+07,4.90878e+07,4.28449e+07,4.93998e+07,2.96197e+07,4.02612e+07,0,0,0,0,0,2.12032e+07,0,2.56641e+07,0,3.77264e+07,3.48803e+07,2.95204e+07,3.47918e+07,4.22205e+07,
88,0,4.60484e+07,0,0,0,4.27515e+07,1.79592e+07,2.06723e+07,1.51526e+07,4.93327e+07,4.31733e+07,4.96328e+07,2.99386e+07,4.0521e+07,0,0,0,0,0,2.14833e+07,0,2.59926e+07,0,3.79833e+07,3.51481e+07,2.98845e+07,3.51605e+07,4.25356e+07,
89,0,4.63189e+07,0,0,0,4.30599e+07,1.82074e+07,2.09393e+07,1.53121e+07,4.95725e+07,4.34968e+07,4.9861e+07,3.02556e+07,4.07774e+07,0,0,0,0,0,2.17631e+07,0,2.63203e+07,0,3.82374e+07,3.54133e+07,3.02477e+07,3.55266e+07,4.28464e+07,
90,0,4.65848e+07,0,0,0,4.33641e+07,1.84557e+07,2.1206e+07,1.54713e+07,4.98075e+07,4.38154e+07,5.00844e+07,3.05709e+07,4.10306e+07,0,0,0,0,0,2.20427e+07,0,2.66472e+07,0,3.84886e+07,3.56759e+07,3.061e+07,3.58899e+07,4.3153e+07,
91,0,4.68463e+07,0,0,0,4.36641e+07,1.87041e+07,2.14723e+07,1.56301e+07,5.00375e+07,4.41291e+07,5.03032e+07,3.08845e+07,4.12806e+07,0,0,0,0,0,2.2322e+07,0,2.69732e+07,0,3.87369e+07,3.59361e+07,3.09713e+07,3.62505e+07,4.34555e+07,
92,0,4.71032e+07,0,0,0,4.39599e+07,1.89525e+07,2.17382e+07,1.57886e+07,5.02629e+07,4.4438e+07,5.05175e+07,3.11962e+07,4.15274e+07,0,0,0,0,0,2.2601e+07,0,2.72984e+07,0,3.89825e+07,3.61937e+07,3.13315e+07,3.66084e+07,4.37539e+07,
93,0,4.73557e+07,0,0,0,4.42516e+07,1.9201e+07,2.20036e+07,1.59468e+07,5.04835e+07,4.47421e+07,5.07272e+07,3.15061e+07,4.1771e+07,0,0,0,0,0,2.28796e+07,0,2.76226e+07,0,3.92253e+07,3.64489e+07,3.16906e+07,3.69634e+07,4.40481e+07,
94,0,4.76039e+07,0,0,0,4.45392e+07,1.94495e+07,2.22686e+07,1.61046e+07,5.06995e+07,4.50414e+07,5.09325e+07,3.18141e+07,4.20116e+07,0,0,0,0,0,2.31579e+07,0,2.79457e+07,0,3.94653e+07,3.67016e+07,3.20485e+07,3.73155e+07,4.43382e+07,
95,0,4.78478e+07,0,0,0,4.48226e+07,1.9698e+07,2.25331e+07,1.62622e+07,5.0911e+07,4.53359e+07,5.11336e+07,3.21202e+07,4.2249e+07,0,0,0,0,0,2.34357e+07,0,2.82678e+07,0,3.97026e+07,3.69519e+07,3.24051e+07,3.76647e+07,4.46242e+07,
96,0,4.80874e+07,0,0,0,4.51019e+07,1.99464e+07,2.27971e+07,1.64193e+07,5.1118e+07,4.56257e+07,5.13303e+07,3.24244e+07,4.24835e+07,0,0,0,0,0,2.37131e+07,0,2.85889e+07,0,3.99373e+07,3.71997e+07,3.27604e+07,3.80109e+07,4.49061e+07,
97,0,4.83228e+07,0,0,0,4.53772e+07,2.01947e+07,2.30605e+07,1.65762e+07,5.13207e+07,4.59108e+07,5.15229e+07,3.27266e+07,4.27149e+07,0,0,0,0,0,2.399e+07,0,2.89087e+07,0,4.01693e+07,3.74451e+07,3.31143e+07,3.83541e+07,4.5184e+07,
98,0,4.85541e+07,0,0,0,4.56484e+07,2.0443e+07,2.33233e+07,1.67326e+07,5.15191e+07,4.61912e+07,5.17115e+07,3.30269e+07,4.29434e+07,0,0,0,0,0,2.42664e+07,0,2.92274e+07,0,4.03986e+07,3.76882e+07,3.34668e+07,3.86943e+07,4.54579e+07,
99,0,4.87812e+07,0,0,0,4.59157e+07,2.0691e+07,2.35855e+07,1.68888e+07,5.17132e+07,4.64671e+07,5.1896e+07,3.33252e+07,4.31689e+07,0,0,0,0,0,2.45422e+07,0,2.95449e+07,0,4.06254e+07,3.79288e+07,3.38178e+07,3.90314e+07,4.57278e+07,
100,0,4.90044e+07,0,0,0,4.61789e+07,2.0939e+07,2.3847e+07,1.70446e+07,5.19032e+07,4.67383e+07,5.20766e+07,3.36215e+07,4.33915e+07,0,0,0,0,0,2.48174e+07,0,2.98611e+07,0,4.08496e+07,3.81671e+07,3.41672e+07,3.93654e+07,4.59937e+07,
101,0,4.92235e+07,0,0,0,4.64382e+07,2.11867e+07,2.41079e+07,1.72001e+07,5.20892e+07,4.7005e+07,5.22533e+07,3.39158e+07,4.36113e+07,0,0,0,0,0,2.50921e+07,0,3.0176e+07,0,4.10712e+07,3.84031e+07,3.4515e+07,3.96962e+07,4.62556e+07,
102,0,4.92351e+07,0,0,0,4.64613e+07,2.12102e+07,2.41268e+07,1.72118e+07,5.20957e+07,4.70175e+07,5.22567e+07,3.39354e+07,4.36155e+07,0,0,0,0,0,2.51213e+07,0,3.02087e+07,0,4.10728e+07,3.8409e+07,3.45581e+07,3.9733e+07,4.62793e+07,
103,0,4.92355e+07,0,0,0,4.64626e+07,2.12114e+07,2.41275e+07,1.72126e+07,5.20958e+07,4.70178e+07,5.22568e+07,3.39362e+07,4.36156e+07,0,0,0,0,0,2.5123e+07,0,3.02107e+07,0,4.10728e+07,3.84091e+07,3.45612e+07,3.97354e+07,4.62806e+07,
104,0,4.92355e+07,0,0,0,4.64626e+07,2.12115e+07,2.41275e+07,1.72127e+07,5.20958e+07,4.70178e+07,5.22568e+07,3.39362e+07,4.36156e+07,0,0,0,0,0,2.51231e+07,0,3.02108e+07,0,4.10728e+07,3.84091e+07,3.45614e+07,3.97355e+07,4.62806e+07,
105,0,4.92355e+07,0,0,0,4.64626e+07,2.12115e+07,2.41275e+07,1.72127e+07,5.20958e+07,4.70178e+07,5.22568e+07,3.39362e+07,4.36156e+07,0,0,0,0,0,2.51231e+07,0,3.02108e+07,0,4.10728e+07,3.84091e+07,3.45614e+07,3.97355e+07,4.62806e+07,
106,0,4.92355e+07,0,0,0,4.64626e+07,2.12115e+07,2.41275e+07,1.72127e+07,5.20958e+07,4.70178e+07,5.22568e+07,3.39362e+07,4.36156e+07,0,0,0,0,0,2.51231e+07,0,3.02108e+07,0,4.10728e+07,3.84091e+07,3.45614e+07,3.97355e+07,4.62806e+07,
107,0,4.92355e+07,0,0,0,4.64626e+07,2.12115e+07,2.41275e+07,1.72127e+07,5.20958e+07,4.70178e+07,5.22568e+07,3.39362e+07,4.36156e+07,0,0,0,0,0,2.51231e+07,0,3.02108e+07,0,4.10728e+07,3.84091e+07,3.45614e+07,3.97355e+07,4.62806e+07,
108,0,4.92355e+07,0,0,0,4.64626e+07,2.12115e+07,2.41275e+07,1.72127e+07,5.20958e+07,4.70178e+07,5.22568e+07,3.39362e+07,4.36156e+07,0,0,0,0,0,2.51231e+07,0,3.02108e+07,0,4.10728e+07,3.84091e+07,3.45614e+07,3.97355e+07,4.62806e+07,
109,0,4.92355e+07,0,0,0,4.64626e+07,2.12115e+07,2.41275e+07,1.72127e+07,5.20958e+07,4.70178e+07,5.22568e+07,3.39362e+07,4.36156e+07,0,0,0,0,0,2.51231e+07,0,3.02108e+07,0,4.10728e+07,3.84091e+07,3.45614e+07,3.97355e+07,4.62806e+07,
110,0,4.92355e+07,0,0,0,4.64626e+07,2.12115e+07,2.41275e+07,1.72127e+07,5.20958e+07,4.70178e+07,5.22568e+07,3.39362e+07,4.36156e+07,0,0,0,0,0,2.51231e+07,0,3.02108e+07,0,4.10728e+07,3.84091e+07,3.45614e+07,3.97355e+07,4.62806e+07,
111,0,4.92355e+07,0,0,0,4.64626e+07,2.12115e+07,2.41275e+07,1.72127e+07,5.20958e+07,4.70178e+07,5.22568e+07,3.39362e+07,4.36156e+07,0,0,0,0,0,2.51231e+07,0,3.02108e+07,0,4.10728e+07,3.84091e+07,3.45614e+07,3.97355e+07,4.62806e+07,
112,0,4.92355e+07,0,0,0,4.64626e+07,2.12115e+07,2.41275e+07,1.72127e+07,5.20958e+07,4.70178e+07,5.22568e+07,3.39362e+07,4.36156e+07,0,0,0,0,0,2.51231e+07,0,3.02108e+07,0,4.10728e+07,3.84091e+07,3.45614e+07,3.97355e+07,4.62806e+07,
113,0,4.92355e+07,0,0,0,4.64626e+07,2.12115e+07,2.41275e+07,1.72127e+07,5.20958e+07,4.70178e+07,5.22568e+07,3.39362e+07,4.36156e+07,0,0,0,0,0,2.51231e+07,0,3.02108e+07,0,4.10728e+07,3.84091e+07,3.45614e+07,3.97355e+07,4.62806e+07,
114,0,4.92355e+07,0,0,0,4.64626e+07,2.12115e+07,2.41275e+07,1.72127e+07,5.20958e+07,4.70178e+07,5.22568e+07,3.39362e+07,4.36156e+07,0,0,0,0,0,2.51231e+07,0,3.02108e+07,0,4.10728e+07,3.84091e+07,3.45614e+07,3.97355e+07,4.62806e+07,
115,0,4.92355e+07,0,0,0,4.64626e+07,2.12115e+07,2.41275e+07,1.72127e+07,5.20958e+07,4.70178e+07,5.22568e+07,3.39362e+07,4.36156e+07,0,0,0,0,0,2.51231e+07,0,3.02108e+07,0,4.10728e+07,3.84091e+07,3.45614e+07,3.97355e+07,4.62806e+07,
116,0,4.92355e+07,0,0,0,4.64626e+07,2.12115e+07,2.41275e+07,1.72127e+07,5.20958e+07,4.70178e+07,5.22568e+07,3.39362e+07,4.36156e+07,0,0,0,0,0,2.51231e+07,0,3.02108e+07,0,4.10728e+07,3.84091e+07,3.45614e+07,3.97355e+07,4.62806e+07,
117,0,4.92355e+07,0,0,0,4.64626e+07,2.12115e+07,2.41275e+07,1.72127e+07,5.20958e+07,4.70178e+07,5.22568e+07,3.39362e+07,4.36156e+07,0,0,0,0,0,2.51231e+07,0,3.02108e+07,0,4.10728e+07,3.84091e+07,3.45614e+07,3.97355e+07,4.62806e+07,
118,0,4.92355e+07,0,0,0,4.64626e+07,2.12115e+07,2.41275e+07,1.72127e+07,5.20958e+07,4.70178e+07,5.22568e+07,3.39362e+07,4.36156e+07,0,0,0,0,0,2.51231e+07,0,3.02108e+07,0,4.10728e+07,3.84091e+07,3.45614e+07,3.97355e+07,4.62806e+07,
119,0,4.92355e+07,0,0,0,4.64626e+07,2.12115e+07,2.41275e+07,1.72127e+07,5.20958e+07,4.70178e+07,5.22568e+07,3.39362e+07,4.36156e+07,0,0,0,0,0,2.51231e+07,0,3.02108e+07,0,4.10728e+07,3.84091e+07,3.45614e+07,3.97355e+07,4.62806e+07,
120,0,4.92355e+07,0,0,0,4.64626e+07,2.12115e+07,2.41275e+07,1.72127e+07,5.20958e+07,4.70178e+07,5.22568e+07,3.39362e+07,4.36156e+07,0,0,0,0,0,2.51231e+07,0,3.02108e+07,0,4.10728e+07,3.84091e+07,3.45614e+07,3.97355e+07,4.62806e+07,
121,0,4.92355e+07,0,0,0,4.64626e+07,2.12115e+07,2.41275e+07,1.72127e+07,5.20958e+07,4.70178e+07,5.22568e+07,3.39362e+07,4.36156e+07,0,0,0,0,0,2.51231e+07,0,3.02108e+07,0,4.10728e+07,3.84091e+07,3.45614e+07,3.97355e+07,4.62806e+07,
122,0,4.92355e+07,0,0,0,4.64626e+07,2.12115e+07,2.41275e+07,1.72127e+07,5.20958e+07,4.70178e+07,5.22568e+07,3.39362e+07,4.36156e+07,0,0,0,0,0,2.51231e+07,0,3.02108e+07,0,4.10728e+07,3.84091e+07,3.45614e+07,3.97355e+07,4.62806e+07,
123,0,4.92355e+07,0,0,0,4.64626e+07,2.12115e+07,2.41275e+07,1.72127e+07,5.20958e+07,4.70178e+07,5.22568e+07,3.39362e+07,4.36156e+07,0,0,0,0,0,2.51231e+07,0,3.02108e+07,0,4.10728e+07,3.84091e+07,3.45614e+07,3.97355e+07,4.62806e+07,
124,0,4.92355e+07,0,0,0,4.64626e+07,2.12115e+07,2.41275e+07,1.72127e+07,5.20958e+07,4.70178e+07,5.22568e+07,3.39362e+07,4.36156e+07,0,0,0,0,0,2.51231e+07,0,3.02108e+07,0,4.10728e+07,3.84091e+07,3.45614e+07,3.97355e+07,4.62806e+07,
125,0,4.92355e+07,0,0,0,4.64626e+07,2.12115e+07,2.41275e+07,1.72127e+07,5.20958e+07,4.70178e+07,5.22568e+07,3.39362e+07,4.36156e+07,0,0,0,0,0,2.51231e+07,0,3.02108e+07,0,4.10728e+07,3.84091e+07,3.45614e+07,3.97355e+07,4.62806e+07,
126,0,4.92355e+07,0,0,0,4.64626e+07,2.12115e+07,2.41275e+07,1.72127e+07,5.20958e+07,4.70178e+07,5.22568e+07,3.39362e+07,4.36156e+07,0,0,0,0,0,2.51231e+07,0,3.02108e+07,0,4.10728e+07,3.84091e+07,3.45614e+07,3.97355e+07,4.62806e+07,
127,0,4.92355e+07,0,0,0,4.64626e+07,2.12115e+07,2.41275e+07,1.72127e+07,5.20958e+07,4.70178e+07,5.22568e+07,3.39362e+07,4.36156e+07,0,0,0,0,0,2.51231e+07,0,3.02108e+07,0,4.10728e+07,3.84091e+07,3.45614e+07,3.97355e+07,4.62806e+07,
128,0,4.92355e+07,0,0,0,4.64626e+07,2.12115e+07,2.41275e+07,1.72127e+07,5.20958e+07,4.70178e+07,5.22568e+07,3.39362e+07,4.36156e+07,0,0,0,0,0,2.51231e+07,0,3.02108e+07,0,4.10728e+07,3.84091e+07,3.45614e+07,3.97355e+07,4.62806e+07,
129,0,4.92355e+07,0,0,0,4.64626e+07,2.12115e+07,2.41275e+07,1.72127e+07,5.20958e+07,4.70178e+07,5.22568e+07,3.39362e+07,4.36156e+07,0,0,0,0,0,2.51231e+07,0,3.02108e+07,0,4.10728e+07,3.84091e+07,3.45614e+07,3.97355e+07,4.62806e+07,
130,0,4.92355e+07,0,0,0,4.64626e+07,2.12115e+07,2.41275e+07,1.72127e+07,5.20958e+07,4.70178e+07,5.22568e+07,3.39362e+07,4.36156e+07,0,0,0,0,0,2.51231e+07,0,3.02108e+07,0,4.10728e+07,3.84091e+07,3.45614e+07,3.97355e+07,4.62806e+07,
131,0,4.92355e+07,0,0,0,4.64626e+07,2.12115e+07,2.41275e+07,1.72127e+07,5.20958e+07,4.70178e+07,5.22568e+07,3.39362e+07,4.36156e+07,0,0,0,0,0,2.51231e+07,0,3.02108e+07,0,4.10728e+07,3.84091e+07,3.45614e+07,3.97355e+07,4.62806e+07,
132,0,4.92355e+07,0,0,0,4.64626e+07,2.12115e+07,2.41275e+07,1.72127e+07,5.20958e+07,4.70178e+07,5.22568e+07,3.39362e+07,4.36156e+07,0,0,0,0,0,2.51231e+07,0,3.02108e+07,0,4.10728e+07,3.84091e+07,3.45614e+07,3.97355e+07,4.62806e+07,
133,0,4.92355e+07,0,0,0,4.64626e+07,2.12115e+07,2.41275e+07,1.72127e+07,5.20958e+07,4.70178e+07,5.22568e+07,3.39362e+07,4.36156e+07,0,0,0,0,0,2.51231e+07,0,3.02108e+07,0,4.10728e+07,3.84091e+07,3.45614e+07,3.97355e+07,4.62806e+07,
134,0,4.92355e+07,0,0,0,4.64626e+07,2.12115e+07,2.41275e+07,1.72127e+07,5.20958e+07,4.70178e+07,5.22568e+07,3.39362e+07,4.36156e+07,0,0,0,0,0,2.51231e+07,0,3.02108e+07,0,4.10728e+07,3.84091e+07,3.45614e+07,3.97355e+07,4.62806e+07,
135,0,4.92355e+07,0,0,0,4.64626e+07,2.12115e+07,2.41275e+07,1.72127e+07,5.20958e+07,4.70178e+07,5.22568e+07,3.39362e+07,4.36156e+07,0,0,0,0,0,2.51231e+07,0,3.02108e+07,0,4.10728e+07,3.84091e+07,3.45614e+07,3.97355e+07,4.62806e+07,
136,0,4.92355e+07,0,0,0,4.64626e+07,2.12115e+07,2.41275e+07,1.72127e+07,5.20958e+07,4.70178e+07,5.22568e+07,3.39362e+07,4.36156e+07,0,0,0,0,0,2.51231e+07,0,3.02108e+07,0,4.10728e+07,3.84091e+07,3.45614e+07,3.97355e+07,4.62806e+07,
137,0,4.92355e+07,0,0,0,4.64626e+07,2.12115e+07,2.41275e+07,1.72127e+07,5.20958e+07,4.70178e+07,5.22568e+07,3.39362e+07,4.36156e+07,0,0,0,0,0,2.51231e+07,0,3.02108e+07,0,4.10728e+07,3.84091e+07,3.45614e+07,3.97355e+07,4.62806e+07,
138,0,4.92355e+07,0,0,0,4.64626e+07,2.12115e+07,2.41275e+07,1.72127e+07,5.20958e+07,4.70178e+07,5.22568e+07,3.39362e+07,4.36156e+07,0,0,0,0,0,2.51231e+07,0,3.02108e+07,0,4.10728e+07,3.84091e+07,3.45614e+07,3.97355e+07,4.62806e+07,
139,0,4.92355e+07,0,0,0,4.64626e+07,2.12115e+07,2.41275e+07,1.72127e+07,5.20958e+07,4.70178e+07,5.22568e+07,3.39362e+07,4.36156e+07,0,0,0,0,0,2.51231e+07,0,3.02108e+07,0,4.10728e+07,3.84091e+07,3.45614e+07,3.97355e+07,4.62806e+07,
140,0,4.92355e+07,0,0,0,4.64626e+07,2.12115e+07,2.41275e+07,1.72127e+07,5.20958e+07,4.70178e+07,5.22568e+07,3.39362e+07,4.36156e+07,0,0,0,0,0,2.51231e+07,0,3.02108e+07,0,4.10728e+07,3.84091e+07,3.45614e+07,3.97355e+07,4.62806e+07,
141,0,4.92355e+07,0,0,0,4.64626e+07,2.12115e+07,2.41275e+07,1.72127e+07,5.20958e+07,4.70178e+07,5.22568e+07,3.39362e+07,4.36156e+07,0,0,0,0,0,2.51231e+07,0,3.02108e+07,0,4.10728e+07,3.84091e+07,3.45614e+07,3.97355e+07,4.62806e+07,
142,0,4.92355e+07,0,0,0,4.64626e+07,2.12115e+07,2.41275e+07,1.72127e+07,5.20958e+07,4.70178e+07,5.22568e+07,3.39362e+07,4.36156e+07,0,0,0,0,0,2.51231e+07,0,3.02108e+07,0,4.10728e+07,3.84091e+07,3.45614e+07,3.97355e+07,4.62806e+07,
143,0,4.92355e+07,0,0,0,4.64626e+07,2.12115e+07,2.41275e+07,1.72127e+07,5.20958e+07,4.70178e+07,5.22568e+07,3.39362e+07,4.36156e+07,0,0,0,0,0,2.51231e+07,0,3.02108e+07,0,4.10728e+07,3.84091e+07,3.45614e+07,3.97355e+07,4.62806e+07,
144,0,4.92355e+07,0,0,0,4.64626e+07,2.12115e+07,2.41275e+07,1.72127e+07,5.20958e+07,4.70178e+07,5.22568e+07,3.39362e+07,4.36156e+07,0,0,0,0,0,2.51231e+07,0,3.02108e+07,0,4.10728e+07,3.84091e+07,3.45614e+07,3.97355e+07,4.62806e+07,
145,0,4.92355e+07,0,0,0,4.64626e+07,2.12115e+07,2.41275e+07,1.72127e+07,5.20958e+07,4.70178e+07,5.22568e+07,3.39362e+07,4.36156e+07,0,0,0,0,0,2.51231e+07,0,3.02108e+07,0,4.10728e+07,3.84091e+07,3.45614e+07,3.97355e+07,4.62806e+07,
146,0,4.92355e+07,0,0,0,4.64626e+07,2.12115e+07,2.41275e+07,1.72127e+07,5.20958e+07,4.70178e+07,5.22568e+07,3.39362e+07,4.36156e+07,0,0,0,0,0,2.51231e+07,0,3.02108e+07,0,4.10728e+07,3.84091e+07,3.45614e+07,3.97355e+07,4.62806e+07,
147,0,4.92355e+07,0,0,0,4.64626e+07,2.12115e+07,2.41275e+07,1.72127e+07,5.20958e+07,4.70178e+07,5.22568e+07,3.39362e+07,4.36156e+07,0,0,0,0,0,2.51231e+07,0,3.02108e+07,0,4.10728e+07,3.84091e+07,3.45614e+07,3.97355e+07,4.62806e+07,
148,0,4.92355e+07,0,0,0,4.64626e+07,2.12115e+07,2.41275e+07,1.72127e+07,5.20958e+07,4.70178e+07,5.22568e+07,3.39362e+07,4.36156e+07,0,0,0,0,0,2.51231e+07,0,3.02108e+07,0,4.10728e+07,3.84091e+07,3.45614e+07,3.97355e+07,4.62806e+07,
149,0,4.92355e+07,0,0,0,4.64626e+07,2.12115e+07,2.41275e+07,1.72127e+07,5.20958e+07,4.70178e+07,5.22568e+07,3.39362e+07,4.36156e+07,0,0,0,0,0,2.51231e+07,0,3.02108e+07,0,4.10728e+07,3.84091e+07,3.45614e+07,3.97355e+07,4.62806e+07,
150,0,4.92355e+07,0,0,0,4.64626e+07,2.12115e+07,2.41275e+07,1.72127e+07,5.20958e+07,4.70178e+07,5.22568e+07,3.39362e+07,4.36156e+07,0,0,0,0,0,2.51231e+07,0,3.02108e+07,0,4.10728e+07,3.84091e+07,3.45614e+07,3.97355e+07,4.62806e+07,
151,0,4.92355e+07,0,0,0,4.64626e+07,2.12115e+07,2.41275e+07,1.72127e+07,5.20958e+07,4.70178e+07,5.22568e+07,3.39362e+07,4.36156e+07,0,0,0,0,0,2.51231e+07,0,3.02108e+07,0,4.10728e+07,3.84091e+07,3.45614e+07,3.97355e+07,4.62806e+07,
152,0,4.92355e+07,0,0,0,4.64626e+07,2.12115e+07,2.41275e+07,1.72127e+07,5.20958e+07,4.70178e+07,5.22568e+07,3.39362e+07,4.36156e+07,0,0,0,0,0,2.51231e+07,0,3.02108e+07,0,4.10728e+07,3.84091e+07,3.45614e+07,3.97355e+07,4.62806e+07,
153,0,4.92355e+07,0,0,0,4.64626e+07,2.12115e+07,2.41275e+07,1.72127e+07,5.20958e+07,4.70178e+07,5.22568e+07,3.39362e+07,4.36156e+07,0,0,0,0,0,2.51231e+07,0,3.02108e+07,0,4.10728e+07,3.84091e+07,3.45614e+07,3.97355e+07,4.62806e+07,
154,0,4.92355e+07,0,0,0,4.64626e+07,2.12115e+07,2.41275e+07,1.72127e+07,5.20958e+07,4.70178e+07,5.22568e+07,3.39362e+07,4.36156e+07,0,0,0,0,0,2.51231e+07,0,3.02108e+07,0,4.10728e+07,3.84091e+07,3.45614e+07,3.97355e+07,4.62806e+07,
155,0,4.92355e+07,0,0,0,4.64626e+07,2.12115e+07,2.41275e+07,1.72127e+07,5.20958e+07,4.70178e+07,5.22568e+07,3.39362e+07,4.36156e+07,0,0,0,0,0,2.51231e+07,0,3.02108e+07,0,4.10728e+07,3.84091e+07,3.45614e+07,3.97355e+07,4.62806e+07,
156,0,4.92355e+07,0,0,0,4.64626e+07,2.12115e+07,2.41275e+07,1.72127e+07,5.20958e+07,4.70178e+07,5.22568e+07,3.39362e+07,4.36156e+07,0,0,0,0,0,2.51231e+07,0,3.02108e+07,0,4.10728e+07,3.84091e+07,3.45614e+07,3.97355e+07,4.62806e+07,
157,0,4.92355e+07,0,0,0,4.64626e+07,2.12115e+07,2.41275e+07,1.72127e+07,5.20958e+07,4.70178e+07,5.22568e+07,3.39362e+07,4.36156e+07,0,0,0,0,0,2.51231e+07,0,3.02108e+07,0,4.10728e+07,3.84091e+07,3.45614e+07,3.97355e+07,4.62806e+07,
158,0,4.92355e+07,0,0,0,4.64626e+07,2.12115e+07,2.41275e+07,1.72127e+07,5.20958e+07,4.70178e+07,5.22568e+07,3.39362e+07,4.36156e+07,0,0,0,0,0,2.51231e+07,0,3.02108e+07,0,4.10728e+07,3.84091e+07,3.45614e+07,3.97355e+07,4.62806e+07,
159,0,4.92355e+07,0,0,0,4.64626e+07,2.12115e+07,2.41275e+07,1.72127e+07,5.20958e+07,4.70178e+07,5.22568e+07,3.39362e+07,4.36156e+07,0,0,0,0,0,2.51231e+07,0,3.02108e+07,0,4.10728e+07,3.84091e+07,3.45614e+07,3.97355e+07,4.62806e+07,
160,0,4.92355e+07,0,0,0,4.64626e+07,2.12115e+07,2.41275e+07,1.72127e+07,5.20958e+07,4.70178e+07,5.22568e+07,3.39362e+07,4.36156e+07,0,0,0,0,0,2.51231e+07,0,3.02108e+07,0,4.10728e+07,3.84091e+07,3.45614e+07,3.97355e+07,4.62806e+07,
161,0,4.92355e+07,0,0,0,4.64626e+07,2.12115e+07,2.41275e+07,1.72127e+07,5.20958e+07,4.70178e+07,5.22568e+07,3.39362e+07,4.36156e+07,0,0,0,0,0,2.51231e+07,0,3.02108e+07,0,4.10728e+07,3.84091e+07,3.45614e+07,3.97355e+07,4.62806e+07,
162,0,4.92355e+07,0,0,0,4.64626e+07,2.12115e+07,2.41275e+07,1.72127e+07,5.20958e+07,4.70178e+07,5.22568e+07,3.39362e+07,4.36156e+07,0,0,0,0,0,2.51231e+07,0,3.02108e+07,0,4.10728e+07,3.84091e+07,3.45614e+07,3.97355e+07,4.62806e+07,
163,0,4.92355e+07,0,0,0,4.64626e+07,2.12115e+07,2.41275e+07,1.72127e+07,5.20958e+07,4.70178e+07,5.22568e+07,3.39362e+07,4.36156e+07,0,0,0,0,0,2.51231e+07,0,3.02108e+07,0,4.10728e+07,3.84091e+07,3.45614e+07,3.97355e+07,4.62806e+07,
164,0,4.92355e+07,0,0,0,4.64626e+07,2.12115e+07,2.41275e+07,1.72127e+07,5.20958e+07,4.70178e+07,5.22568e+07,3.39362e+07,4.36156e+07,0,0,0,0,0,2.51231e+07,0,3.02108e+07,0,4.10728e+07,3.84091e+07,3.45614e+07,3.97355e+07,4.62806e+07,
165,0,4.92355e+07,0,0,0,4.64626e+07,2.12115e+07,2.41275e+07,1.72127e+07,5.20958e+07,4.70178e+07,5.22568e+07,3.39362e+07,4.36156e+07,0,0,0,0,0,2.51231e+07,0,3.02108e+07,0,4.10728e+07,3.84091e+07,3.45614e+07,3.97355e+07,4.62806e+07,
166,0,4.92355e+07,0,0,0,4.64626e+07,2.12115e+07,2.41275e+07,1.72127e+07,5.20958e+07,4.70178e+07,5.22568e+07,3.39362e+07,4.36156e+07,0,0,0,0,0,2.51231e+07,0,3.02108e+07,0,4.10728e+07,3.84091e+07,3.45614e+07,3.97355e+07,4.62806e+07,
167,0,4.92355e+07,0,0,0,4.64626e+07,2.12115e+07,2.41275e+07,1.72127e+07,5.20958e+07,4.70178e+07,5.22568e+07,3.39362e+07,4.36156e+07,0,0,0,0,0,2.51231e+07,0,3.02108e+07,0,4.10728e+07,3.84091e+07,3.45614e+07,3.97355e+07,4.62806e+07,
168,0,4.92355e+07,0,0,0,4.64626e+07,2.12115e+07,2.41275e+07,1.72127e+07,5.20958e+07,4.70178e+07,5.22568e+07,3.39362e+07,4.36156e+07,0,0,0,0,0,2.51231e+07,0,3.02108e+07,0,4.10728e+07,3.84091e+07,3.45614e+07,3.97355e+07,4.62806e+07,
169,0,4.92355e+07,0,0,0,4.64626e+07,2.12115e+07,2.41275e+07,1.72127e+07,5.20958e+07,4.70178e+07,5.22568e+07,3.39362e+07,4.36156e+07,0,0,0,0,0,2.51231e+07,0,3.02108e+07,0,4.10728e+07,3.84091e+07,3.45614e+07,3.97355e+07,4.62806e+07,
170,0,4.92355e+07,0,0,0,4.64626e+07,2.12115e+07,2.41275e+07,1.72127e+07,5.20958e+07,4.70178e+07,5.22568e+07,3.39362e+07,4.36156e+07,0,0,0,0,0,2.51231e+07,0,3.02108e+07,0,4.10728e+07,3.84091e+07,3.45614e+07,3.97355e+07,4.62806e+07,
171,0,4.92355e+07,0,0,0,4.64626e+07,2.12115e+07,2.41275e+07,1.72127e+07,5.20958e+07,4.70178e+07,5.22568e+07,3.39362e+07,4.36156e+07,0,0,0,0,0,2.51231e+07,0,3.02108e+07,0,4.10728e+07,3.84091e+07,3.45614e+07,3.97355e+07,4.62806e+07,
172,0,4.92355e+07,0,0,0,4.64626e+07,2.12115e+07,2.41275e+07,1.72127e+07,5.20958e+07,4.70178e+07,5.22568e+07,3.39362e+07,4.36156e+07,0,0,0,0,0,2.51231e+07,0,3.02108e+07,0,4.10728e+07,3.84091e+07,3.45614e+07,3.97355e+07,4.62806e+07,
173,0,4.92355e+07,0,0,0,4.64626e+07,2.12115e+07,2.41275e+07,1.72127e+07,5.20958e+07,4.70178e+07,5.22568e+07,3.39362e+07,4.36156e+07,0,0,0,0,0,2.51231e+07,0,3.02108e+07,0,4.10728e+07,3.84091e+07,3.45614e+07,3.97355e+07,4.62806e+07,
174,0,4.92355e+07,0,0,0,4.64626e+07,2.12115e+07,2.41275e+07,1.72127e+07,5.20958e+07,4.70178e+07,5.22568e+07,3.39362e+07,4.36156e+07,0,0,0,0,0,2.51231e+07,0,3.02108e+07,0,4.10728e+07,3.84091e+07,3.45614e+07,3.97355e+07,4.62806e+07,
175,0,4.92355e+07,0,0,0,4.64626e+07,2.12115e+07,2.41275e+07,1.72127e+07,5.20958e+07,4.70178e+07,5.22568e+07,3.39362e+07,4.36156e+07,0,0,0,0,0,2.51231e+07,0,3.02108e+07,0,4.10728e+07,3.84091e+07,3.45614e+07,3.97355e+07,4.62806e+07,
176,0,4.92355e+07,0,0,0,4.64626e+07,2.12115e+07,2.41275e+07,1.72127e+07,5.20958e+07,4.70178e+07,5.22568e+07,3.39362e+07,4.36156e+07,0,0,0,0,0,2.51231e+07,0,3.02108e+07,0,4.10728e+07,3.84091e+07,3.45614e+07,3.97355e+07,4.62806e+07,
177,0,4.92355e+07,0,0,0,4.64626e+07,2.12115e+07,2.41275e+07,1.72127e+07,5.20958e+07,4.70178e+07,5.22568e+07,3.39362e+07,4.36156e+07,0,0,0,0,0,2.51231e+07,0,3.02108e+07,0,4.10728e+07,3.84091e+07,3.45614e+07,3.97355e+07,4.62806e+07,
178,0,4.92355e+07,0,0,0,4.64626e+07,2.12115e+07,2.41275e+07,1.72127e+07,5.20958e+07,4.70178e+07,5.22568e+07,3.39362e+07,4.36156e+07,0,0,0,0,0,2.51231e+07,0,3.02108e+07,0,4.10728e+07,3.84091e+07,3.45614e+07,3.97355e+07,4.62806e+07,
179,0,4.92355e+07,0,0,0,4.64626e+07,2.12115e+07,2.41275e+07,1.72127e+07,5.20958e+07,4.70178e+07,5.22568e+07,3.39362e+07,4.36156e+07,0,0,0,0,0,2.51231e+07,0,3.02108e+07,0,4.10728e+07,3.84091e+07,3.45614e+07,3.97355e+07,4.62806e+07,
180,0,4.92355e+07,0,0,0,4.64626e+07,2.12115e+07,2.41275e+07,1.72127e+07,5.20958e+07,4.70178e+07,5.22568e+07,3.39362e+07,4.36156e+07,0,0,0,0,0,2.51231e+07,0,3.02108e+07,0,4.10728e+07,3.84091e+07,3.45614e+07,3.97355e+07,4.62806e+07,
181,0,4.92355e+07,0,0,0,4.64626e+07,2.12115e+07,2.41275e+07,1.72127e+07,5.20958e+07,4.70178e+07,5.22568e+07,3.39362e+07,4.36156e+07,0,0,0,0,0,2.51231e+07,0,3.02108e+07,0,4.10728e+07,3.84091e+07,3.45614e+07,3.97355e+07,4.62806e+07,
182,0,4.92355e+07,0,0,0,4.64626e+07,2.12115e+07,2.41275e+07,1.72127e+07,5.20958e+07,4.70178e+07,5.22568e+07,3.39362e+07,4.36156e+07,0,0,0,0,0,2.51231e+07,0,3.02108e+07,0,4.10728e+07,3.84091e+07,3.45614e+07,3.97355e+07,4.62806e+07,
183,0,4.92355e+07,0,0,0,4.64626e+07,2.12115e+07,2.41275e+07,1.72127e+07,5.20958e+07,4.70178e+07,5.22568e+07,3.39362e+07,4.36156e+07,0,0,0,0,0,2.51231e+07,0,3.02108e+07,0,4.10728e+07,3.84091e+07,3.45614e+07,3.97355e+07,4.62806e+07,
184,0,4.92355e+07,0,0,0,4.64626e+07,2.12115e+07,2.41275e+07,1.72127e+07,5.20958e+07,4.70178e+07,5.22568e+07,3.39362e+07,4.36156e+07,0,0,0,0,0,2.51231e+07,0,3.02108e+07,0,4.10728e+07,3.84091e+07,3.45614e+07,3.97355e+07,4.62806e+07,
185,0,4.92355e+07,0,0,0,4.64626e+07,2.12115e+07,2.41275e+07,1.72127e+07,5.20958e+07,4.70178e+07,5.22568e+07,3.39362e+07,4.36156e+07,0,0,0,0,0,2.51231e+07,0,3.02108e+07,0,4.10728e+07,3.84091e+07,3.45614e+07,3.97355e+07,4.62806e+07,
186,0,4.92355e+07,0,0,0,4.64626e+07,2.12115e+07,2.41275e+07,1.72127e+07,5.20958e+07,4.70178e+07,5.22568e+07,3.39362e+07,4.36156e+07,0,0,0,0,0,2.51231e+07,0,3.02108e+07,0,4.10728e+07,3.84091e+07,3.45614e+07,3.97355e+07,4.62806e+07,
187,0,4.92355e+07,0,0,0,4.64626e+07,2.12115e+07,2.41275e+07,1.72127e+07,5.20958e+07,4.70178e+07,5.22568e+07,3.39362e+07,4.36156e+07,0,0,0,0,0,2.51231e+07,0,3.02108e+07,0,4.10728e+07,3.84091e+07,3.45614e+07,3.97355e+07,4.62806e+07,
188,0,4.92355e+07,0,0,0,4.64626e+07,2.12115e+07,2.41275e+07,1.72127e+07,5.20958e+07,4.70178e+07,5.22568e+07,3.39362e+07,4.36156e+07,0,0,0,0,0,2.51231e+07,0,3.02108e+07,0,4.10728e+07,3.84091e+07,3.45614e+07,3.97355e+07,4.62806e+07,
189,0,4.92355e+07,0,0,0,4.64626e+07,2.12115e+07,2.41275e+07,1.72127e+07,5.20958e+07,4.70178e+07,5.22568e+07,3.39362e+07,4.36156e+07,0,0,0,0,0,2.51231e+07,0,3.02108e+07,0,4.10728e+07,3.84091e+07,3.45614e+07,3.97355e+07,4.62806e+07,
190,0,4.92355e+07,0,0,0,4.64626e+07,2.12115e+07,2.41275e+07,1.72127e+07,5.20958e+07,4.70178e+07,5.22568e+07,3.39362e+07,4.36156e+07,0,0,0,0,0,2.51231e+07,0,3.02108e+07,0,4.10728e+07,3.84091e+07,3.45614e+07,3.97355e+07,4.62806e+07,
191,0,4.92355e+07,0,0,0,4.64626e+07,2.12115e+07,2.41275e+07,1.72127e+07,5.20958e+07,4.70178e+07,5.22568e+07,3.39362e+07,4.36156e+07,0,0,0,0,0,2.51231e+07,0,3.02108e+07,0,4.10728e+07,3.84091e+07,3.45614e+07,3.97355e+07,4.62806e+07,
192,0,4.92355e+07,0,0,0,4.64626e+07,2.12115e+07,2.41275e+07,1.72127e+07,5.20958e+07,4.70178e+07,5.22568e+07,3.39362e+07,4.36156e+07,0,0,0,0,0,2.51231e+07,0,3.02108e+07,0,4.10728e+07,3.84091e+07,3.45614e+07,3.97355e+07,4.62806e+07,
193,0,4.92355e+07,0,0,0,4.64626e+07,2.12115e+07,2.41275e+07,1.72127e+07,5.20958e+07,4.70178e+07,5.22568e+07,3.39362e+07,4.36156e+07,0,0,0,0,0,2.51231e+07,0,3.02108e+07,0,4.10728e+07,3.84091e+07,3.45614e+07,3.97355e+07,4.62806e+07,
194,0,4.92355e+07,0,0,0,4.64626e+07,2.12115e+07,2.41275e+07,1.72127e+07,5.20958e+07,4.70178e+07,5.22568e+07,3.39362e+07,4.36156e+07,0,0,0,0,0,2.51231e+07,0,3.02108e+07,0,4.10728e+07,3.84091e+07,3.45614e+07,3.97355e+07,4.62806e+07,
195,0,4.92355e+07,0,0,0,4.64626e+07,2.12115e+07,2.41275e+07,1.72127e+07,5.20958e+07,4.70178e+07,5.22568e+07,3.39362e+07,4.36156e+07,0,0,0,0,0,2.51231e+07,0,3.02108e+07,0,4.10728e+07,3.84091e+07,3.45614e+07,3.97355e+07,4.62806e+07,
196,0,4.92355e+07,0,0,0,4.64626e+07,2.12115e+07,2.41275e+07,1.72127e+07,5.20958e+07,4.70178e+07,5.22568e+07,3.39362e+07,4.36156e+07,0,0,0,0,0,2.51231e+07,0,3.02108e+07,0,4.10728e+07,3.84091e+07,3.45614e+07,3.97355e+07,4.62806e+07,
197,0,4.92355e+07,0,0,0,4.64626e+07,2.12115e+07,2.41275e+07,1.72127e+07,5.20958e+07,4.70178e+07,5.22568e+07,3.39362e+07,4.36156e+07,0,0,0,0,0,2.51231e+07,0,3.02108e+07,0,4.10728e+07,3.84091e+07,3.45614e+07,3.97355e+07,4.62806e+07,
198,0,4.92355e+07,0,0,0,4.64626e+07,2.12115e+07,2.41275e+07,1.72127e+07,5.20958e+07,4.70178e+07,5.22568e+07,3.39362e+07,4.36156e+07,0,0,0,0,0,2.51231e+07,0,3.02108e+07,0,4.10728e+07,3.84091e+07,3.45614e+07,3.97355e+07,4.62806e+07,
199,0,4.92355e+07,0,0,0,4.64626e+07,2.12115e+07,2.41275e+07,1.72127e+07,5.20958e+07,4.70178e+07,5.22568e+07,3.39362e+07,4.36156e+07,0,0,0,0,0,2.51231e+07,0,3.02108e+07,0,4.10728e+07,3.84091e+07,3.45614e+07,3.97355e+07,4.62806e+07,
200,0,4.92355e+07,0,0,0,4.64626e+07,2.12115e+07,2.41275e+07,1.72127e+07,5.20958e+07,4.70178e+07,5.22568e+07,3.39362e+07,4.36156e+07,0,0,0,0,0,2.51231e+07,0,3.02108e+07,0,4.10728e+07,3.84091e+07,3.45614e+07,3.97355e+07,4.62806e+07,
